time,n_A+p,n_B,n_AB
1000,0.030,0.946,0.024
2000,0.030,0.937,0.033
3000,0.034,0.922,0.044
4000,0.034,0.930,0.036
5000,0.035,0.900,0.065
6000,0.041,0.902,0.057
7000,0.042,0.898,0.060
8000,0.039,0.907,0.054
9000,0.039,0.903,0.058
10000,0.035,0.914,0.051
11000,0.034,0.916,0.050
12000,0.036,0.911,0.053
13000,0.034,0.909,0.057
14000,0.033,0.912,0.055
15000,0.033,0.915,0.052
16000,0.031,0.928,0.041
17000,0.030,0.939,0.031
18000,0.031,0.931,0.038
19000,0.034,0.931,0.035
20000,0.033,0.921,0.046
21000,0.031,0.927,0.042
22000,0.033,0.923,0.044
23000,0.034,0.920,0.046
24000,0.032,0.915,0.053
25000,0.036,0.919,0.045
26000,0.033,0.917,0.050
27000,0.032,0.922,0.046
28000,0.031,0.932,0.037
29000,0.031,0.938,0.031
30000,0.030,0.943,0.027
31000,0.030,0.937,0.033
32000,0.030,0.926,0.044
33000,0.033,0.921,0.046
34000,0.033,0.926,0.041
35000,0.031,0.931,0.038
36000,0.030,0.936,0.034
37000,0.034,0.918,0.048
38000,0.037,0.904,0.059
39000,0.040,0.908,0.052
40000,0.034,0.914,0.052
41000,0.031,0.928,0.041
42000,0.033,0.919,0.048
43000,0.032,0.931,0.037
44000,0.032,0.934,0.034
45000,0.032,0.929,0.039
46000,0.030,0.923,0.047
47000,0.033,0.922,0.045
48000,0.033,0.935,0.032
49000,0.033,0.926,0.041
50000,0.034,0.924,0.042
51000,0.032,0.934,0.034
52000,0.033,0.925,0.042
53000,0.032,0.925,0.043
54000,0.036,0.926,0.038
55000,0.033,0.921,0.046
56000,0.036,0.921,0.043
57000,0.036,0.913,0.051
58000,0.033,0.918,0.049
59000,0.034,0.927,0.039
60000,0.035,0.929,0.036
61000,0.032,0.923,0.045
62000,0.033,0.916,0.051
63000,0.031,0.920,0.049
64000,0.031,0.923,0.046
65000,0.032,0.924,0.044
66000,0.034,0.907,0.059
67000,0.033,0.924,0.043
68000,0.033,0.919,0.048
69000,0.033,0.918,0.049
70000,0.034,0.915,0.051
71000,0.037,0.908,0.055
72000,0.034,0.920,0.046
73000,0.034,0.897,0.069
74000,0.034,0.917,0.049
75000,0.036,0.920,0.044
76000,0.032,0.923,0.045
77000,0.035,0.926,0.039
78000,0.034,0.925,0.041
79000,0.034,0.927,0.039
80000,0.034,0.915,0.051
81000,0.035,0.907,0.058
82000,0.039,0.903,0.058
83000,0.037,0.908,0.055
84000,0.032,0.919,0.049
85000,0.031,0.919,0.050
86000,0.033,0.932,0.035
87000,0.031,0.935,0.034
88000,0.030,0.942,0.028
89000,0.031,0.928,0.041
90000,0.032,0.925,0.043
91000,0.035,0.923,0.042
92000,0.039,0.926,0.035
93000,0.034,0.924,0.042
94000,0.032,0.926,0.042
95000,0.030,0.926,0.044
96000,0.031,0.932,0.037
97000,0.030,0.933,0.037
98000,0.032,0.938,0.030
99000,0.032,0.936,0.032
100000,0.031,0.926,0.043
101000,0.033,0.926,0.041
102000,0.033,0.917,0.050
103000,0.030,0.930,0.040
104000,0.032,0.920,0.048
105000,0.034,0.909,0.057
106000,0.034,0.920,0.046
107000,0.034,0.928,0.038
108000,0.032,0.917,0.051
109000,0.033,0.918,0.049
110000,0.033,0.931,0.036
111000,0.032,0.936,0.032
112000,0.031,0.931,0.038
113000,0.031,0.934,0.035
114000,0.032,0.930,0.038
115000,0.032,0.921,0.047
116000,0.033,0.913,0.054
117000,0.034,0.912,0.054
118000,0.037,0.919,0.044
119000,0.039,0.906,0.055
120000,0.036,0.923,0.041
121000,0.035,0.911,0.054
122000,0.034,0.914,0.052
123000,0.035,0.918,0.047
124000,0.034,0.925,0.041
125000,0.032,0.926,0.042
126000,0.031,0.934,0.035
127000,0.033,0.928,0.039
128000,0.031,0.935,0.034
129000,0.033,0.935,0.032
130000,0.034,0.930,0.036
131000,0.036,0.928,0.036
132000,0.035,0.920,0.045
133000,0.035,0.912,0.053
134000,0.031,0.915,0.054
135000,0.034,0.925,0.041
136000,0.032,0.932,0.036
137000,0.031,0.926,0.043
138000,0.034,0.920,0.046
139000,0.036,0.921,0.043
140000,0.033,0.940,0.027
141000,0.032,0.936,0.032
142000,0.032,0.933,0.035
143000,0.033,0.936,0.031
144000,0.032,0.929,0.039
145000,0.033,0.914,0.053
146000,0.032,0.909,0.059
147000,0.034,0.915,0.051
148000,0.037,0.913,0.050
149000,0.039,0.917,0.044
150000,0.036,0.923,0.041
151000,0.038,0.914,0.048
152000,0.036,0.919,0.045
153000,0.034,0.901,0.065
154000,0.037,0.919,0.044
155000,0.040,0.925,0.035
156000,0.039,0.910,0.051
157000,0.035,0.930,0.035
158000,0.034,0.915,0.051
159000,0.033,0.932,0.035
160000,0.031,0.931,0.038
161000,0.030,0.937,0.033
162000,0.030,0.934,0.036
163000,0.033,0.925,0.042
164000,0.036,0.922,0.042
165000,0.036,0.921,0.043
166000,0.035,0.932,0.033
167000,0.033,0.920,0.047
168000,0.032,0.931,0.037
169000,0.033,0.933,0.034
170000,0.033,0.922,0.045
171000,0.032,0.919,0.049
172000,0.036,0.921,0.043
173000,0.036,0.922,0.042
174000,0.034,0.914,0.052
175000,0.039,0.915,0.046
176000,0.039,0.915,0.046
177000,0.035,0.913,0.052
178000,0.033,0.927,0.040
179000,0.034,0.919,0.047
180000,0.033,0.910,0.057
181000,0.037,0.911,0.052
182000,0.034,0.899,0.067
183000,0.038,0.902,0.060
184000,0.037,0.912,0.051
185000,0.033,0.924,0.043
186000,0.033,0.911,0.056
187000,0.034,0.908,0.058
188000,0.035,0.911,0.054
189000,0.036,0.914,0.050
190000,0.036,0.909,0.055
191000,0.037,0.913,0.050
192000,0.034,0.913,0.053
193000,0.030,0.923,0.047
194000,0.033,0.934,0.033
195000,0.032,0.931,0.037
196000,0.030,0.924,0.046
197000,0.033,0.938,0.029
198000,0.032,0.934,0.034
199000,0.034,0.937,0.029
200000,0.032,0.915,0.053
201000,0.036,0.910,0.054
202000,0.034,0.909,0.057
203000,0.031,0.929,0.040
204000,0.034,0.922,0.044
205000,0.032,0.931,0.037
206000,0.031,0.926,0.043
207000,0.030,0.940,0.030
208000,0.031,0.934,0.035
209000,0.030,0.927,0.043
210000,0.036,0.918,0.046
211000,0.040,0.903,0.057
212000,0.039,0.908,0.053
213000,0.035,0.907,0.058
214000,0.030,0.921,0.049
215000,0.030,0.937,0.033
216000,0.031,0.935,0.034
217000,0.034,0.925,0.041
218000,0.032,0.918,0.050
219000,0.032,0.926,0.042
220000,0.032,0.931,0.037
221000,0.033,0.917,0.050
222000,0.037,0.903,0.060
223000,0.037,0.919,0.044
224000,0.031,0.909,0.060
225000,0.037,0.896,0.067
226000,0.038,0.896,0.066
227000,0.038,0.904,0.058
228000,0.035,0.923,0.042
229000,0.032,0.920,0.048
230000,0.034,0.912,0.054
231000,0.033,0.925,0.042
232000,0.034,0.914,0.052
233000,0.033,0.917,0.050
234000,0.032,0.927,0.041
235000,0.034,0.923,0.043
236000,0.034,0.926,0.040
237000,0.032,0.930,0.038
238000,0.033,0.930,0.037
239000,0.032,0.936,0.032
240000,0.034,0.930,0.036
241000,0.033,0.922,0.045
242000,0.032,0.944,0.024
243000,0.032,0.933,0.035
244000,0.032,0.932,0.036
245000,0.033,0.921,0.046
246000,0.033,0.925,0.042
247000,0.039,0.921,0.040
248000,0.033,0.921,0.046
249000,0.031,0.922,0.047
250000,0.033,0.908,0.059
251000,0.034,0.930,0.036
252000,0.031,0.922,0.047
253000,0.033,0.921,0.046
254000,0.034,0.904,0.062
255000,0.032,0.923,0.045
256000,0.031,0.936,0.033
257000,0.031,0.933,0.036
258000,0.032,0.933,0.035
259000,0.033,0.930,0.037
260000,0.033,0.929,0.038
261000,0.034,0.928,0.038
262000,0.031,0.926,0.043
263000,0.033,0.924,0.043
264000,0.035,0.928,0.037
265000,0.037,0.913,0.050
266000,0.035,0.929,0.036
267000,0.034,0.933,0.033
268000,0.034,0.928,0.038
269000,0.031,0.934,0.035
270000,0.032,0.921,0.047
271000,0.034,0.925,0.041
272000,0.035,0.931,0.034
273000,0.033,0.914,0.053
274000,0.033,0.926,0.041
275000,0.033,0.926,0.041
276000,0.034,0.923,0.043
277000,0.035,0.911,0.054
278000,0.037,0.916,0.047
279000,0.037,0.926,0.037
280000,0.033,0.932,0.035
281000,0.035,0.920,0.045
282000,0.030,0.936,0.034
283000,0.032,0.936,0.032
284000,0.031,0.931,0.038
285000,0.033,0.932,0.035
286000,0.035,0.936,0.029
287000,0.033,0.932,0.035
288000,0.036,0.934,0.030
289000,0.032,0.930,0.038
290000,0.035,0.926,0.039
291000,0.033,0.924,0.043
292000,0.034,0.921,0.045
293000,0.036,0.920,0.044
294000,0.034,0.909,0.057
295000,0.034,0.918,0.048
296000,0.031,0.922,0.047
297000,0.032,0.920,0.048
298000,0.034,0.928,0.038
299000,0.032,0.927,0.041
300000,0.039,0.917,0.044
301000,0.036,0.920,0.044
302000,0.037,0.920,0.043
303000,0.034,0.915,0.051
304000,0.036,0.924,0.040
305000,0.036,0.934,0.030
306000,0.035,0.923,0.042
307000,0.033,0.930,0.037
308000,0.035,0.922,0.043
309000,0.035,0.928,0.037
310000,0.035,0.917,0.048
311000,0.033,0.924,0.043
312000,0.038,0.911,0.051
313000,0.036,0.911,0.053
314000,0.033,0.920,0.047
315000,0.032,0.913,0.055
316000,0.031,0.923,0.046
317000,0.032,0.933,0.035
318000,0.036,0.929,0.035
319000,0.034,0.921,0.045
320000,0.032,0.910,0.058
321000,0.035,0.913,0.052
322000,0.034,0.906,0.060
323000,0.036,0.928,0.036
324000,0.033,0.925,0.042
325000,0.031,0.925,0.044
326000,0.034,0.918,0.048
327000,0.035,0.937,0.028
328000,0.034,0.929,0.037
329000,0.031,0.940,0.029
330000,0.038,0.932,0.030
331000,0.035,0.921,0.044
332000,0.035,0.921,0.044
333000,0.037,0.921,0.042
334000,0.034,0.924,0.042
335000,0.033,0.917,0.050
336000,0.037,0.926,0.037
337000,0.033,0.924,0.043
338000,0.032,0.930,0.038
339000,0.035,0.917,0.048
340000,0.031,0.913,0.056
341000,0.035,0.923,0.042
342000,0.034,0.934,0.032
343000,0.034,0.934,0.032
344000,0.037,0.928,0.035
345000,0.034,0.924,0.042
346000,0.032,0.914,0.054
347000,0.033,0.914,0.053
348000,0.034,0.934,0.032
349000,0.035,0.933,0.032
350000,0.036,0.929,0.035
351000,0.032,0.909,0.059
352000,0.032,0.925,0.043
353000,0.036,0.916,0.048
354000,0.034,0.917,0.049
355000,0.035,0.911,0.054
356000,0.033,0.911,0.056
357000,0.034,0.921,0.045
358000,0.037,0.916,0.047
359000,0.030,0.928,0.042
360000,0.034,0.929,0.037
361000,0.033,0.928,0.039
362000,0.031,0.925,0.044
363000,0.032,0.916,0.052
364000,0.036,0.922,0.042
365000,0.035,0.919,0.046
366000,0.033,0.917,0.050
367000,0.033,0.915,0.052
368000,0.033,0.920,0.047
369000,0.032,0.944,0.024
370000,0.032,0.933,0.035
371000,0.031,0.927,0.042
372000,0.030,0.923,0.047
373000,0.032,0.919,0.049
374000,0.032,0.926,0.042
375000,0.034,0.905,0.061
376000,0.035,0.909,0.056
377000,0.036,0.914,0.050
378000,0.037,0.906,0.057
379000,0.034,0.917,0.049
380000,0.034,0.932,0.034
381000,0.032,0.927,0.041
382000,0.034,0.917,0.049
383000,0.036,0.926,0.038
384000,0.032,0.936,0.032
385000,0.030,0.937,0.033
386000,0.031,0.925,0.044
387000,0.031,0.934,0.035
388000,0.031,0.931,0.038
389000,0.032,0.940,0.028
390000,0.032,0.935,0.033
391000,0.032,0.921,0.047
392000,0.040,0.917,0.043
393000,0.036,0.921,0.043
394000,0.032,0.924,0.044
395000,0.033,0.930,0.037
396000,0.031,0.937,0.032
397000,0.030,0.928,0.042
398000,0.032,0.908,0.060
399000,0.030,0.922,0.048
400000,0.032,0.918,0.050
401000,0.034,0.913,0.053
402000,0.036,0.916,0.048
403000,0.032,0.923,0.045
404000,0.032,0.918,0.050
405000,0.036,0.916,0.048
406000,0.033,0.921,0.046
407000,0.036,0.908,0.056
408000,0.040,0.893,0.067
409000,0.042,0.899,0.059
410000,0.036,0.908,0.056
411000,0.035,0.914,0.051
412000,0.036,0.918,0.046
413000,0.033,0.912,0.055
414000,0.032,0.914,0.054
415000,0.034,0.919,0.047
416000,0.033,0.918,0.049
417000,0.034,0.910,0.056
418000,0.032,0.922,0.046
419000,0.033,0.913,0.054
420000,0.034,0.926,0.040
421000,0.034,0.925,0.041
422000,0.032,0.926,0.042
423000,0.030,0.938,0.032
424000,0.031,0.946,0.023
425000,0.032,0.934,0.034
426000,0.032,0.931,0.037
427000,0.031,0.925,0.044
428000,0.034,0.916,0.050
429000,0.034,0.923,0.043
430000,0.035,0.918,0.047
431000,0.031,0.926,0.043
432000,0.032,0.933,0.035
433000,0.032,0.919,0.049
434000,0.034,0.913,0.053
435000,0.032,0.926,0.042
436000,0.033,0.925,0.042
437000,0.032,0.932,0.036
438000,0.032,0.929,0.039
439000,0.036,0.930,0.034
440000,0.034,0.932,0.034
441000,0.037,0.930,0.033
442000,0.035,0.918,0.047
443000,0.033,0.926,0.041
444000,0.035,0.920,0.045
445000,0.035,0.913,0.052
446000,0.033,0.911,0.056
447000,0.036,0.925,0.039
448000,0.033,0.914,0.053
449000,0.037,0.918,0.045
450000,0.035,0.910,0.055
451000,0.038,0.911,0.051
452000,0.040,0.908,0.052
453000,0.036,0.930,0.034
454000,0.032,0.927,0.041
455000,0.034,0.937,0.029
456000,0.031,0.936,0.033
457000,0.033,0.934,0.033
458000,0.032,0.923,0.045
459000,0.033,0.915,0.052
460000,0.035,0.924,0.041
461000,0.032,0.921,0.047
462000,0.032,0.935,0.033
463000,0.036,0.918,0.046
464000,0.036,0.909,0.055
465000,0.033,0.924,0.043
466000,0.033,0.928,0.039
467000,0.032,0.921,0.047
468000,0.033,0.920,0.047
469000,0.037,0.910,0.053
470000,0.035,0.911,0.054
471000,0.034,0.906,0.060
472000,0.036,0.909,0.055
473000,0.033,0.923,0.044
474000,0.032,0.933,0.035
475000,0.034,0.929,0.037
476000,0.037,0.930,0.033
477000,0.034,0.916,0.050
478000,0.032,0.941,0.027
479000,0.031,0.927,0.042
480000,0.031,0.941,0.028
481000,0.030,0.937,0.033
482000,0.030,0.935,0.035
483000,0.030,0.924,0.046
484000,0.033,0.929,0.038
485000,0.036,0.921,0.043
486000,0.031,0.934,0.035
487000,0.033,0.917,0.050
488000,0.033,0.920,0.047
489000,0.034,0.926,0.040
490000,0.032,0.940,0.028
491000,0.033,0.931,0.036
492000,0.033,0.921,0.046
493000,0.032,0.916,0.052
494000,0.038,0.912,0.050
495000,0.034,0.904,0.062
496000,0.032,0.913,0.055
497000,0.032,0.920,0.048
498000,0.035,0.929,0.036
499000,0.032,0.932,0.036
500000,0.030,0.939,0.031
501000,0.033,0.927,0.040
502000,0.033,0.934,0.033
503000,0.035,0.932,0.033
504000,0.034,0.924,0.042
505000,0.032,0.941,0.027
506000,0.033,0.934,0.033
507000,0.031,0.918,0.051
508000,0.033,0.918,0.049
509000,0.044,0.902,0.054
510000,0.040,0.903,0.057
511000,0.040,0.890,0.070
512000,0.032,0.914,0.054
513000,0.033,0.898,0.069
514000,0.035,0.917,0.048
515000,0.031,0.914,0.055
516000,0.032,0.929,0.039
517000,0.036,0.918,0.046
518000,0.034,0.926,0.040
519000,0.032,0.924,0.044
520000,0.035,0.928,0.037
521000,0.033,0.929,0.038
522000,0.033,0.924,0.043
523000,0.033,0.932,0.035
524000,0.035,0.930,0.035
525000,0.032,0.924,0.044
526000,0.032,0.934,0.034
527000,0.031,0.940,0.029
528000,0.031,0.934,0.035
529000,0.033,0.921,0.046
530000,0.034,0.922,0.044
531000,0.034,0.919,0.047
532000,0.033,0.929,0.038
533000,0.033,0.931,0.036
534000,0.030,0.940,0.030
535000,0.033,0.934,0.033
536000,0.030,0.918,0.052
537000,0.035,0.932,0.033
538000,0.034,0.924,0.042
539000,0.030,0.920,0.050
540000,0.031,0.940,0.029
541000,0.032,0.935,0.033
542000,0.032,0.933,0.035
543000,0.033,0.921,0.046
544000,0.030,0.917,0.053
545000,0.033,0.912,0.055
546000,0.037,0.905,0.058
547000,0.037,0.905,0.058
548000,0.038,0.911,0.051
549000,0.036,0.904,0.060
550000,0.034,0.914,0.052
551000,0.034,0.923,0.043
552000,0.033,0.936,0.031
553000,0.031,0.928,0.041
554000,0.031,0.926,0.043
555000,0.031,0.941,0.028
556000,0.031,0.955,0.014
557000,0.031,0.940,0.029
558000,0.032,0.938,0.030
559000,0.033,0.927,0.040
560000,0.032,0.933,0.035
561000,0.033,0.925,0.042
562000,0.034,0.926,0.040
563000,0.033,0.928,0.039
564000,0.032,0.923,0.045
565000,0.034,0.926,0.040
566000,0.033,0.924,0.043
567000,0.032,0.927,0.041
568000,0.034,0.922,0.044
569000,0.032,0.923,0.045
570000,0.032,0.922,0.046
571000,0.032,0.924,0.044
572000,0.032,0.924,0.044
573000,0.034,0.930,0.036
574000,0.036,0.923,0.041
575000,0.032,0.926,0.042
576000,0.036,0.897,0.067
577000,0.037,0.913,0.050
578000,0.035,0.915,0.050
579000,0.034,0.918,0.048
580000,0.031,0.925,0.044
581000,0.030,0.935,0.035
582000,0.032,0.934,0.034
583000,0.030,0.936,0.034
584000,0.035,0.923,0.042
585000,0.037,0.918,0.045
586000,0.036,0.912,0.052
587000,0.036,0.913,0.051
588000,0.034,0.914,0.052
589000,0.035,0.912,0.053
590000,0.033,0.927,0.040
591000,0.032,0.919,0.049
592000,0.030,0.912,0.058
593000,0.032,0.915,0.053
594000,0.030,0.917,0.053
595000,0.034,0.920,0.046
596000,0.031,0.934,0.035
597000,0.030,0.937,0.033
598000,0.030,0.944,0.026
599000,0.033,0.925,0.042
600000,0.037,0.921,0.042
601000,0.032,0.921,0.047
602000,0.032,0.924,0.044
603000,0.033,0.930,0.037
604000,0.032,0.932,0.036
605000,0.035,0.927,0.038
606000,0.035,0.915,0.050
607000,0.030,0.929,0.041
608000,0.031,0.947,0.022
609000,0.032,0.931,0.037
610000,0.035,0.925,0.040
611000,0.035,0.935,0.030
612000,0.033,0.934,0.033
613000,0.033,0.923,0.044
614000,0.031,0.923,0.046
615000,0.033,0.921,0.046
616000,0.033,0.926,0.041
617000,0.034,0.915,0.051
618000,0.036,0.919,0.045
619000,0.033,0.910,0.057
620000,0.038,0.903,0.059
621000,0.035,0.915,0.050
622000,0.034,0.936,0.030
623000,0.034,0.921,0.045
624000,0.031,0.927,0.042
625000,0.033,0.923,0.044
626000,0.035,0.914,0.051
627000,0.033,0.917,0.050
628000,0.032,0.918,0.050
629000,0.030,0.935,0.035
630000,0.030,0.941,0.029
631000,0.033,0.935,0.032
632000,0.031,0.931,0.038
633000,0.033,0.928,0.039
634000,0.031,0.926,0.043
635000,0.032,0.916,0.052
636000,0.035,0.908,0.057
637000,0.033,0.914,0.053
638000,0.036,0.912,0.052
639000,0.035,0.923,0.042
640000,0.040,0.927,0.033
641000,0.040,0.914,0.046
642000,0.036,0.913,0.051
643000,0.032,0.927,0.041
644000,0.035,0.929,0.036
645000,0.033,0.925,0.042
646000,0.031,0.924,0.045
647000,0.034,0.927,0.039
648000,0.032,0.922,0.046
649000,0.035,0.926,0.039
650000,0.038,0.926,0.036
651000,0.037,0.919,0.044
652000,0.034,0.912,0.054
653000,0.034,0.915,0.051
654000,0.033,0.915,0.052
655000,0.033,0.922,0.045
656000,0.035,0.919,0.046
657000,0.035,0.930,0.035
658000,0.034,0.929,0.037
659000,0.034,0.927,0.039
660000,0.033,0.912,0.055
661000,0.034,0.925,0.041
662000,0.032,0.930,0.038
663000,0.031,0.922,0.047
664000,0.032,0.932,0.036
665000,0.032,0.925,0.043
666000,0.036,0.916,0.048
667000,0.036,0.934,0.030
668000,0.037,0.923,0.040
669000,0.037,0.907,0.056
670000,0.034,0.913,0.053
671000,0.033,0.931,0.036
672000,0.031,0.934,0.035
673000,0.032,0.930,0.038
674000,0.037,0.926,0.037
675000,0.030,0.934,0.036
676000,0.033,0.921,0.046
677000,0.037,0.919,0.044
678000,0.035,0.926,0.039
679000,0.034,0.912,0.054
680000,0.035,0.916,0.049
681000,0.034,0.923,0.043
682000,0.034,0.906,0.060
683000,0.035,0.913,0.052
684000,0.034,0.912,0.054
685000,0.039,0.909,0.052
686000,0.038,0.904,0.058
687000,0.036,0.913,0.051
688000,0.040,0.910,0.050
689000,0.035,0.912,0.053
690000,0.036,0.919,0.045
691000,0.033,0.922,0.045
692000,0.034,0.933,0.033
693000,0.031,0.927,0.042
694000,0.030,0.930,0.040
695000,0.030,0.927,0.043
696000,0.030,0.922,0.048
697000,0.031,0.927,0.042
698000,0.030,0.935,0.035
699000,0.033,0.927,0.040
700000,0.033,0.930,0.037
701000,0.033,0.930,0.037
702000,0.032,0.931,0.037
703000,0.032,0.929,0.039
704000,0.032,0.928,0.040
705000,0.033,0.925,0.042
706000,0.038,0.922,0.040
707000,0.033,0.913,0.054
708000,0.032,0.929,0.039
709000,0.032,0.930,0.038
710000,0.032,0.936,0.032
711000,0.035,0.925,0.040
712000,0.032,0.928,0.040
713000,0.031,0.922,0.047
714000,0.037,0.915,0.048
715000,0.034,0.910,0.056
716000,0.033,0.919,0.048
717000,0.036,0.922,0.042
718000,0.034,0.918,0.048
719000,0.033,0.912,0.055
720000,0.035,0.920,0.045
721000,0.038,0.918,0.044
722000,0.033,0.923,0.044
723000,0.030,0.943,0.027
724000,0.034,0.938,0.028
725000,0.033,0.929,0.038
726000,0.035,0.927,0.038
727000,0.033,0.918,0.049
728000,0.035,0.922,0.043
729000,0.035,0.915,0.050
730000,0.035,0.901,0.064
731000,0.037,0.919,0.044
732000,0.040,0.901,0.059
733000,0.041,0.894,0.065
734000,0.036,0.906,0.058
735000,0.035,0.908,0.057
736000,0.032,0.925,0.043
737000,0.033,0.930,0.037
738000,0.033,0.930,0.037
739000,0.031,0.929,0.040
740000,0.032,0.925,0.043
741000,0.032,0.917,0.051
742000,0.032,0.934,0.034
743000,0.036,0.928,0.036
744000,0.034,0.936,0.030
745000,0.034,0.920,0.046
746000,0.038,0.922,0.040
747000,0.034,0.910,0.056
748000,0.030,0.907,0.063
749000,0.033,0.915,0.052
750000,0.040,0.914,0.046
751000,0.036,0.906,0.058
752000,0.037,0.921,0.042
753000,0.036,0.917,0.047
754000,0.033,0.933,0.034
755000,0.034,0.925,0.041
756000,0.034,0.921,0.045
757000,0.031,0.936,0.033
758000,0.031,0.926,0.043
759000,0.034,0.920,0.046
760000,0.035,0.916,0.049
761000,0.042,0.898,0.060
762000,0.039,0.895,0.066
763000,0.034,0.910,0.056
764000,0.034,0.922,0.044
765000,0.034,0.936,0.030
766000,0.033,0.933,0.034
767000,0.032,0.937,0.031
768000,0.034,0.923,0.043
769000,0.033,0.921,0.046
770000,0.033,0.926,0.041
771000,0.035,0.933,0.032
772000,0.032,0.932,0.036
773000,0.035,0.926,0.039
774000,0.033,0.937,0.030
775000,0.032,0.933,0.035
776000,0.031,0.929,0.040
777000,0.031,0.923,0.046
778000,0.032,0.934,0.034
779000,0.033,0.929,0.038
780000,0.034,0.923,0.043
781000,0.032,0.934,0.034
782000,0.033,0.935,0.032
783000,0.032,0.930,0.038
784000,0.033,0.930,0.037
785000,0.034,0.917,0.049
786000,0.030,0.933,0.037
787000,0.030,0.913,0.057
788000,0.034,0.925,0.041
789000,0.033,0.921,0.046
790000,0.034,0.928,0.038
791000,0.034,0.926,0.040
792000,0.033,0.917,0.050
793000,0.033,0.921,0.046
794000,0.034,0.930,0.036
795000,0.033,0.932,0.035
796000,0.032,0.926,0.042
797000,0.031,0.942,0.027
798000,0.035,0.938,0.027
799000,0.030,0.934,0.036
800000,0.033,0.933,0.034
801000,0.032,0.938,0.030
802000,0.032,0.929,0.039
803000,0.032,0.935,0.033
804000,0.034,0.928,0.038
805000,0.032,0.938,0.030
806000,0.032,0.930,0.038
807000,0.032,0.916,0.052
808000,0.038,0.924,0.038
809000,0.032,0.913,0.055
810000,0.037,0.922,0.041
811000,0.031,0.924,0.045
812000,0.032,0.939,0.029
813000,0.030,0.937,0.033
814000,0.033,0.924,0.043
815000,0.032,0.924,0.044
816000,0.030,0.919,0.051
817000,0.030,0.924,0.046
818000,0.033,0.931,0.036
819000,0.036,0.922,0.042
820000,0.032,0.912,0.056
821000,0.032,0.923,0.045
822000,0.031,0.927,0.042
823000,0.031,0.919,0.050
824000,0.036,0.918,0.046
825000,0.035,0.916,0.049
826000,0.033,0.913,0.054
827000,0.033,0.926,0.041
828000,0.033,0.935,0.032
829000,0.033,0.946,0.021
830000,0.032,0.945,0.023
831000,0.032,0.930,0.038
832000,0.032,0.920,0.048
833000,0.032,0.918,0.050
834000,0.032,0.923,0.045
835000,0.035,0.916,0.049
836000,0.032,0.907,0.061
837000,0.034,0.907,0.059
838000,0.033,0.922,0.045
839000,0.032,0.921,0.047
840000,0.040,0.903,0.057
841000,0.036,0.909,0.055
842000,0.032,0.913,0.055
843000,0.031,0.925,0.044
844000,0.031,0.937,0.032
845000,0.031,0.934,0.035
846000,0.032,0.933,0.035
847000,0.033,0.933,0.034
848000,0.030,0.930,0.040
849000,0.033,0.919,0.048
850000,0.033,0.930,0.037
851000,0.031,0.915,0.054
852000,0.035,0.914,0.051
853000,0.033,0.928,0.039
854000,0.030,0.934,0.036
855000,0.033,0.932,0.035
856000,0.033,0.926,0.041
857000,0.032,0.931,0.037
858000,0.037,0.930,0.033
859000,0.036,0.903,0.061
860000,0.035,0.922,0.043
861000,0.034,0.916,0.050
862000,0.034,0.924,0.042
863000,0.032,0.928,0.040
864000,0.031,0.933,0.036
865000,0.034,0.925,0.041
866000,0.032,0.927,0.041
867000,0.031,0.927,0.042
868000,0.031,0.913,0.056
869000,0.030,0.923,0.047
870000,0.030,0.942,0.028
871000,0.031,0.942,0.027
872000,0.033,0.924,0.043
873000,0.035,0.912,0.053
874000,0.034,0.903,0.063
875000,0.035,0.912,0.053
876000,0.035,0.927,0.038
877000,0.035,0.934,0.031
878000,0.034,0.915,0.051
879000,0.038,0.915,0.047
880000,0.033,0.925,0.042
881000,0.033,0.919,0.048
882000,0.034,0.916,0.050
883000,0.032,0.924,0.044
884000,0.030,0.929,0.041
885000,0.032,0.927,0.041
886000,0.038,0.916,0.046
887000,0.038,0.914,0.048
888000,0.035,0.916,0.049
889000,0.034,0.920,0.046
890000,0.033,0.923,0.044
891000,0.032,0.932,0.036
892000,0.031,0.917,0.052
893000,0.030,0.923,0.047
894000,0.030,0.928,0.042
895000,0.030,0.927,0.043
896000,0.030,0.930,0.040
897000,0.032,0.934,0.034
898000,0.036,0.921,0.043
899000,0.033,0.927,0.040
900000,0.033,0.915,0.052
901000,0.034,0.922,0.044
902000,0.036,0.925,0.039
903000,0.036,0.917,0.047
904000,0.032,0.918,0.050
905000,0.037,0.921,0.042
906000,0.039,0.913,0.048
907000,0.036,0.925,0.039
908000,0.036,0.929,0.035
909000,0.031,0.933,0.036
910000,0.032,0.926,0.042
911000,0.034,0.933,0.033
912000,0.033,0.923,0.044
913000,0.032,0.935,0.033
914000,0.032,0.922,0.046
915000,0.034,0.904,0.062
916000,0.034,0.918,0.048
917000,0.034,0.908,0.058
918000,0.032,0.923,0.045
919000,0.031,0.937,0.032
920000,0.031,0.935,0.034
921000,0.033,0.935,0.032
922000,0.031,0.938,0.031
923000,0.031,0.938,0.031
924000,0.033,0.924,0.043
925000,0.031,0.929,0.040
926000,0.030,0.919,0.051
927000,0.031,0.922,0.047
928000,0.033,0.926,0.041
929000,0.033,0.931,0.036
930000,0.033,0.935,0.032
931000,0.030,0.931,0.039
932000,0.039,0.932,0.029
933000,0.035,0.922,0.043
934000,0.035,0.919,0.046
935000,0.033,0.923,0.044
936000,0.033,0.918,0.049
937000,0.033,0.916,0.051
938000,0.036,0.911,0.053
939000,0.032,0.910,0.058
940000,0.036,0.929,0.035
941000,0.037,0.914,0.049
942000,0.033,0.923,0.044
943000,0.036,0.923,0.041
944000,0.032,0.925,0.043
945000,0.032,0.927,0.041
946000,0.031,0.923,0.046
947000,0.033,0.909,0.058
948000,0.037,0.905,0.058
949000,0.038,0.916,0.046
950000,0.035,0.936,0.029
951000,0.031,0.935,0.034
952000,0.030,0.939,0.031
953000,0.030,0.928,0.042
954000,0.033,0.928,0.039
955000,0.032,0.918,0.050
956000,0.033,0.926,0.041
957000,0.035,0.918,0.047
958000,0.032,0.923,0.045
959000,0.034,0.924,0.042
960000,0.032,0.928,0.040
961000,0.030,0.922,0.048
962000,0.030,0.937,0.033
963000,0.031,0.928,0.041
964000,0.030,0.944,0.026
965000,0.031,0.935,0.034
966000,0.030,0.939,0.031
967000,0.033,0.930,0.037
968000,0.034,0.934,0.032
969000,0.033,0.936,0.031
970000,0.034,0.926,0.040
971000,0.031,0.926,0.043
972000,0.032,0.921,0.047
973000,0.034,0.908,0.058
974000,0.036,0.920,0.044
975000,0.041,0.914,0.045
976000,0.039,0.918,0.043
977000,0.034,0.924,0.042
978000,0.030,0.909,0.061
979000,0.033,0.926,0.041
980000,0.031,0.931,0.038
981000,0.033,0.935,0.032
982000,0.031,0.930,0.039
983000,0.031,0.939,0.030
984000,0.033,0.927,0.040
985000,0.034,0.915,0.051
986000,0.034,0.925,0.041
987000,0.034,0.936,0.030
988000,0.035,0.929,0.036
989000,0.031,0.920,0.049
990000,0.035,0.932,0.033
991000,0.034,0.927,0.039
992000,0.035,0.926,0.039
993000,0.035,0.931,0.034
994000,0.030,0.922,0.048
995000,0.032,0.930,0.038
996000,0.039,0.910,0.051
997000,0.035,0.906,0.059
998000,0.033,0.922,0.045
999000,0.034,0.919,0.047
1000000,0.034,0.925,0.041
