time,n_A+p,n_B,n_AB
500,0.010,0.936,0.053
1000,0.010,0.812,0.177
1500,0.010,0.684,0.306
2000,0.010,0.615,0.375
2500,0.010,0.441,0.549
3000,0.012,0.356,0.632
3500,0.011,0.355,0.634
4000,0.011,0.341,0.649
4500,0.016,0.314,0.670
5000,0.011,0.302,0.686
5500,0.011,0.292,0.697
6000,0.010,0.289,0.701
6500,0.012,0.332,0.656
7000,0.010,0.301,0.689
7500,0.015,0.248,0.737
8000,0.018,0.279,0.703
8500,0.013,0.269,0.718
9000,0.013,0.315,0.672
9500,0.010,0.338,0.652
10000,0.010,0.317,0.673
10500,0.012,0.321,0.667
11000,0.011,0.309,0.679
11500,0.018,0.315,0.667
12000,0.022,0.284,0.694
12500,0.018,0.236,0.745
13000,0.024,0.276,0.701
13500,0.018,0.299,0.683
14000,0.011,0.285,0.704
14500,0.011,0.302,0.687
15000,0.012,0.306,0.681
15500,0.011,0.327,0.663
16000,0.015,0.342,0.643
16500,0.011,0.349,0.640
17000,0.010,0.296,0.694
17500,0.018,0.340,0.642
18000,0.012,0.352,0.635
18500,0.020,0.284,0.696
19000,0.011,0.307,0.681
19500,0.010,0.310,0.680
20000,0.012,0.371,0.617
20500,0.011,0.279,0.711
21000,0.010,0.354,0.636
21500,0.010,0.299,0.691
22000,0.010,0.322,0.668
22500,0.010,0.305,0.685
23000,0.018,0.276,0.706
23500,0.012,0.226,0.762
24000,0.012,0.256,0.732
24500,0.012,0.324,0.664
25000,0.010,0.348,0.642
25500,0.011,0.297,0.691
26000,0.012,0.291,0.697
26500,0.011,0.321,0.668
27000,0.011,0.308,0.680
27500,0.015,0.374,0.612
28000,0.011,0.350,0.639
28500,0.010,0.362,0.628
29000,0.019,0.258,0.723
29500,0.013,0.291,0.696
30000,0.012,0.262,0.726
30500,0.024,0.237,0.738
31000,0.018,0.258,0.724
31500,0.014,0.241,0.745
32000,0.011,0.278,0.712
32500,0.015,0.299,0.687
33000,0.011,0.344,0.645
33500,0.010,0.320,0.670
34000,0.010,0.362,0.628
34500,0.010,0.339,0.651
35000,0.010,0.309,0.681
35500,0.016,0.303,0.681
36000,0.014,0.332,0.654
36500,0.011,0.335,0.653
37000,0.010,0.355,0.635
37500,0.010,0.317,0.673
38000,0.019,0.288,0.693
38500,0.013,0.263,0.724
39000,0.015,0.341,0.644
39500,0.011,0.343,0.646
40000,0.010,0.333,0.657
40500,0.012,0.307,0.681
41000,0.010,0.336,0.654
41500,0.010,0.315,0.675
42000,0.015,0.331,0.654
42500,0.011,0.296,0.693
43000,0.013,0.296,0.690
43500,0.011,0.377,0.613
44000,0.011,0.287,0.702
44500,0.010,0.329,0.661
45000,0.010,0.370,0.620
45500,0.010,0.354,0.636
46000,0.010,0.354,0.636
46500,0.013,0.274,0.713
47000,0.013,0.345,0.643
47500,0.011,0.305,0.684
48000,0.010,0.292,0.698
48500,0.010,0.310,0.680
49000,0.010,0.356,0.633
49500,0.010,0.293,0.697
50000,0.011,0.305,0.684
50500,0.018,0.293,0.688
51000,0.011,0.271,0.719
51500,0.010,0.359,0.631
52000,0.010,0.312,0.678
52500,0.010,0.286,0.704
53000,0.016,0.278,0.706
53500,0.011,0.311,0.677
54000,0.017,0.252,0.732
54500,0.015,0.238,0.746
55000,0.010,0.282,0.708
55500,0.010,0.321,0.669
56000,0.015,0.293,0.692
56500,0.011,0.297,0.693
57000,0.011,0.356,0.634
57500,0.010,0.387,0.603
58000,0.010,0.337,0.653
58500,0.010,0.287,0.703
59000,0.020,0.286,0.694
59500,0.013,0.269,0.718
60000,0.015,0.330,0.655
60500,0.011,0.307,0.682
61000,0.010,0.327,0.663
61500,0.010,0.307,0.683
62000,0.010,0.324,0.666
62500,0.010,0.324,0.666
63000,0.016,0.285,0.699
63500,0.013,0.255,0.733
64000,0.010,0.345,0.645
64500,0.010,0.257,0.733
65000,0.010,0.267,0.723
65500,0.015,0.283,0.703
66000,0.011,0.373,0.615
66500,0.011,0.378,0.612
67000,0.010,0.341,0.649
67500,0.015,0.236,0.749
68000,0.011,0.264,0.726
68500,0.010,0.339,0.651
69000,0.012,0.283,0.705
69500,0.010,0.310,0.679
70000,0.010,0.364,0.625
70500,0.010,0.306,0.684
71000,0.018,0.287,0.695
71500,0.012,0.339,0.649
72000,0.011,0.318,0.671
72500,0.011,0.312,0.677
73000,0.011,0.312,0.677
73500,0.017,0.274,0.710
74000,0.011,0.319,0.669
74500,0.011,0.304,0.685
75000,0.014,0.284,0.702
75500,0.011,0.334,0.655
76000,0.011,0.311,0.678
76500,0.010,0.288,0.702
77000,0.011,0.298,0.691
77500,0.013,0.240,0.747
78000,0.013,0.289,0.698
78500,0.011,0.364,0.625
79000,0.010,0.360,0.630
79500,0.010,0.359,0.631
80000,0.010,0.332,0.658
80500,0.010,0.273,0.718
81000,0.010,0.295,0.695
81500,0.011,0.300,0.689
82000,0.011,0.365,0.624
82500,0.010,0.377,0.613
83000,0.010,0.373,0.617
83500,0.014,0.317,0.669
84000,0.011,0.298,0.690
84500,0.017,0.231,0.752
85000,0.019,0.264,0.717
85500,0.011,0.312,0.677
86000,0.010,0.270,0.720
86500,0.010,0.334,0.656
87000,0.010,0.334,0.656
87500,0.018,0.315,0.667
88000,0.010,0.352,0.637
88500,0.013,0.287,0.700
89000,0.011,0.323,0.667
89500,0.010,0.277,0.714
90000,0.010,0.324,0.666
90500,0.010,0.335,0.655
91000,0.018,0.253,0.730
91500,0.015,0.276,0.710
92000,0.011,0.342,0.647
92500,0.010,0.319,0.671
93000,0.010,0.232,0.758
93500,0.017,0.229,0.754
94000,0.016,0.270,0.714
94500,0.023,0.263,0.714
95000,0.019,0.235,0.746
95500,0.013,0.258,0.730
96000,0.011,0.297,0.693
96500,0.012,0.333,0.655
97000,0.010,0.393,0.597
97500,0.010,0.373,0.617
98000,0.012,0.280,0.708
98500,0.010,0.344,0.646
99000,0.010,0.380,0.610
99500,0.010,0.376,0.614
100000,0.011,0.343,0.645
100500,0.011,0.354,0.635
101000,0.015,0.381,0.604
101500,0.011,0.386,0.604
102000,0.010,0.365,0.625
102500,0.010,0.350,0.639
103000,0.015,0.275,0.710
103500,0.018,0.269,0.714
104000,0.013,0.298,0.690
104500,0.015,0.332,0.653
105000,0.011,0.343,0.647
105500,0.010,0.260,0.730
106000,0.025,0.251,0.724
106500,0.012,0.281,0.707
107000,0.010,0.354,0.636
107500,0.010,0.366,0.623
108000,0.010,0.355,0.635
108500,0.010,0.331,0.659
109000,0.010,0.302,0.688
109500,0.014,0.351,0.635
110000,0.010,0.308,0.682
110500,0.015,0.307,0.677
111000,0.011,0.275,0.714
111500,0.010,0.328,0.662
112000,0.011,0.329,0.659
112500,0.010,0.287,0.703
113000,0.012,0.348,0.639
113500,0.015,0.328,0.657
114000,0.011,0.388,0.601
114500,0.011,0.384,0.606
115000,0.010,0.361,0.629
115500,0.010,0.371,0.619
116000,0.010,0.346,0.644
116500,0.013,0.343,0.644
117000,0.011,0.366,0.624
117500,0.010,0.316,0.674
118000,0.010,0.332,0.658
118500,0.010,0.366,0.624
119000,0.010,0.358,0.632
119500,0.011,0.450,0.540
120000,0.015,0.385,0.600
120500,0.011,0.362,0.627
121000,0.010,0.330,0.660
121500,0.015,0.271,0.714
122000,0.010,0.322,0.668
122500,0.013,0.368,0.620
123000,0.010,0.356,0.633
123500,0.010,0.347,0.643
124000,0.010,0.389,0.601
124500,0.010,0.375,0.615
125000,0.010,0.307,0.682
125500,0.011,0.268,0.721
126000,0.013,0.411,0.575
126500,0.014,0.302,0.684
127000,0.011,0.307,0.682
127500,0.010,0.355,0.635
128000,0.010,0.301,0.689
128500,0.010,0.377,0.613
129000,0.013,0.310,0.677
129500,0.010,0.327,0.663
130000,0.011,0.296,0.693
130500,0.010,0.301,0.689
131000,0.010,0.325,0.665
131500,0.010,0.352,0.638
132000,0.014,0.335,0.651
132500,0.011,0.306,0.682
133000,0.010,0.311,0.679
133500,0.015,0.309,0.676
134000,0.017,0.307,0.675
134500,0.012,0.378,0.610
135000,0.012,0.317,0.671
135500,0.010,0.313,0.677
136000,0.016,0.288,0.696
136500,0.011,0.334,0.655
137000,0.010,0.324,0.666
137500,0.010,0.301,0.689
138000,0.010,0.327,0.663
138500,0.010,0.276,0.714
139000,0.010,0.333,0.657
139500,0.010,0.347,0.643
140000,0.010,0.291,0.699
140500,0.024,0.246,0.730
141000,0.015,0.318,0.667
141500,0.012,0.314,0.674
142000,0.014,0.285,0.701
142500,0.011,0.321,0.669
143000,0.010,0.334,0.656
143500,0.011,0.310,0.679
144000,0.011,0.366,0.623
144500,0.010,0.333,0.657
145000,0.010,0.312,0.677
145500,0.010,0.339,0.651
146000,0.010,0.354,0.636
146500,0.010,0.326,0.664
147000,0.010,0.288,0.702
147500,0.017,0.295,0.688
148000,0.011,0.290,0.700
148500,0.016,0.281,0.703
149000,0.011,0.254,0.735
149500,0.014,0.323,0.663
150000,0.011,0.333,0.656
150500,0.011,0.428,0.561
151000,0.011,0.377,0.613
151500,0.011,0.347,0.642
152000,0.017,0.271,0.713
152500,0.011,0.326,0.663
153000,0.010,0.322,0.668
153500,0.010,0.346,0.644
154000,0.010,0.298,0.692
154500,0.010,0.338,0.652
155000,0.010,0.341,0.649
155500,0.010,0.364,0.625
156000,0.010,0.352,0.637
156500,0.010,0.287,0.703
157000,0.013,0.343,0.644
157500,0.011,0.363,0.626
158000,0.010,0.389,0.601
158500,0.010,0.347,0.643
159000,0.015,0.339,0.646
159500,0.011,0.304,0.685
160000,0.011,0.281,0.709
160500,0.017,0.299,0.684
161000,0.011,0.294,0.695
161500,0.011,0.314,0.675
162000,0.011,0.303,0.686
162500,0.013,0.279,0.708
163000,0.011,0.298,0.691
163500,0.011,0.305,0.684
164000,0.011,0.316,0.674
164500,0.010,0.331,0.659
165000,0.010,0.409,0.581
165500,0.010,0.341,0.649
166000,0.010,0.336,0.654
166500,0.010,0.312,0.677
167000,0.010,0.278,0.712
167500,0.012,0.281,0.707
168000,0.010,0.294,0.696
168500,0.011,0.280,0.710
169000,0.014,0.299,0.686
169500,0.010,0.289,0.701
170000,0.010,0.283,0.707
170500,0.010,0.331,0.659
171000,0.010,0.377,0.613
171500,0.014,0.377,0.609
172000,0.011,0.316,0.673
172500,0.015,0.271,0.714
173000,0.011,0.300,0.689
173500,0.010,0.328,0.662
174000,0.015,0.335,0.651
174500,0.013,0.303,0.683
175000,0.011,0.307,0.683
175500,0.010,0.354,0.635
176000,0.013,0.333,0.654
176500,0.011,0.317,0.673
177000,0.010,0.334,0.656
177500,0.010,0.336,0.654
178000,0.010,0.289,0.701
178500,0.010,0.352,0.637
179000,0.010,0.325,0.665
179500,0.012,0.287,0.701
180000,0.015,0.309,0.675
180500,0.011,0.289,0.700
181000,0.013,0.308,0.678
181500,0.010,0.318,0.672
182000,0.010,0.343,0.647
182500,0.012,0.341,0.647
183000,0.011,0.328,0.661
183500,0.011,0.274,0.716
184000,0.015,0.309,0.675
184500,0.011,0.334,0.655
185000,0.010,0.377,0.613
185500,0.010,0.337,0.653
186000,0.010,0.304,0.686
186500,0.013,0.258,0.729
187000,0.015,0.280,0.705
187500,0.012,0.276,0.712
188000,0.011,0.365,0.625
188500,0.010,0.310,0.680
189000,0.013,0.298,0.690
189500,0.010,0.313,0.677
190000,0.010,0.332,0.658
190500,0.010,0.342,0.648
191000,0.015,0.317,0.668
191500,0.011,0.263,0.726
192000,0.014,0.316,0.670
192500,0.013,0.292,0.695
193000,0.013,0.257,0.730
193500,0.013,0.305,0.682
194000,0.011,0.298,0.692
194500,0.017,0.279,0.705
195000,0.011,0.293,0.695
195500,0.013,0.301,0.685
196000,0.011,0.349,0.641
196500,0.010,0.322,0.668
197000,0.012,0.293,0.695
197500,0.010,0.325,0.665
198000,0.012,0.292,0.696
198500,0.011,0.290,0.699
199000,0.010,0.320,0.670
199500,0.010,0.362,0.627
200000,0.011,0.351,0.637
200500,0.010,0.337,0.653
201000,0.010,0.290,0.700
201500,0.011,0.303,0.685
202000,0.013,0.314,0.674
202500,0.011,0.327,0.663
203000,0.010,0.372,0.617
203500,0.010,0.408,0.582
204000,0.010,0.426,0.564
204500,0.010,0.297,0.693
205000,0.010,0.320,0.670
205500,0.010,0.380,0.610
206000,0.010,0.362,0.627
206500,0.010,0.424,0.566
207000,0.010,0.354,0.635
207500,0.015,0.263,0.723
208000,0.018,0.285,0.697
208500,0.014,0.253,0.734
209000,0.011,0.302,0.688
209500,0.012,0.387,0.601
210000,0.010,0.394,0.596
210500,0.010,0.379,0.611
211000,0.010,0.361,0.629
211500,0.010,0.408,0.582
212000,0.010,0.413,0.577
212500,0.010,0.326,0.664
213000,0.010,0.398,0.593
213500,0.015,0.292,0.693
214000,0.011,0.363,0.626
214500,0.010,0.351,0.639
215000,0.010,0.377,0.613
215500,0.010,0.383,0.607
216000,0.010,0.422,0.568
216500,0.010,0.339,0.651
217000,0.010,0.281,0.709
217500,0.010,0.267,0.724
218000,0.016,0.320,0.664
218500,0.015,0.276,0.710
219000,0.015,0.325,0.660
219500,0.010,0.322,0.668
220000,0.010,0.332,0.658
220500,0.011,0.323,0.665
221000,0.011,0.319,0.670
221500,0.010,0.397,0.593
222000,0.010,0.336,0.654
222500,0.010,0.342,0.648
223000,0.010,0.342,0.648
223500,0.010,0.292,0.698
224000,0.018,0.320,0.662
224500,0.013,0.342,0.645
225000,0.011,0.386,0.603
225500,0.010,0.382,0.609
226000,0.010,0.347,0.643
226500,0.010,0.285,0.705
227000,0.016,0.337,0.647
227500,0.011,0.351,0.638
228000,0.017,0.288,0.695
228500,0.011,0.322,0.667
229000,0.016,0.303,0.680
229500,0.011,0.303,0.685
230000,0.010,0.291,0.699
230500,0.010,0.309,0.681
231000,0.010,0.297,0.693
231500,0.010,0.298,0.692
232000,0.015,0.286,0.700
232500,0.011,0.313,0.677
233000,0.015,0.263,0.722
233500,0.010,0.269,0.721
234000,0.015,0.334,0.651
234500,0.011,0.296,0.693
235000,0.013,0.268,0.719
235500,0.011,0.266,0.724
236000,0.012,0.281,0.707
236500,0.015,0.299,0.685
237000,0.013,0.335,0.651
237500,0.011,0.350,0.639
238000,0.011,0.352,0.638
238500,0.010,0.294,0.696
239000,0.010,0.331,0.659
239500,0.011,0.332,0.657
240000,0.011,0.311,0.679
240500,0.010,0.307,0.683
241000,0.010,0.299,0.691
241500,0.019,0.330,0.651
242000,0.011,0.331,0.657
242500,0.010,0.406,0.585
243000,0.010,0.350,0.640
243500,0.010,0.306,0.683
244000,0.010,0.376,0.614
244500,0.010,0.365,0.625
245000,0.010,0.306,0.684
245500,0.010,0.325,0.665
246000,0.010,0.329,0.661
246500,0.010,0.369,0.621
247000,0.013,0.309,0.678
247500,0.010,0.378,0.612
248000,0.010,0.381,0.609
248500,0.010,0.324,0.666
249000,0.016,0.286,0.698
249500,0.015,0.258,0.728
250000,0.011,0.372,0.617
250500,0.010,0.328,0.662
251000,0.010,0.351,0.639
251500,0.010,0.369,0.621
252000,0.012,0.322,0.666
252500,0.011,0.337,0.652
253000,0.013,0.272,0.715
253500,0.010,0.279,0.712
254000,0.015,0.272,0.713
254500,0.011,0.344,0.645
255000,0.010,0.298,0.692
255500,0.010,0.269,0.721
256000,0.022,0.279,0.700
256500,0.015,0.291,0.693
257000,0.013,0.305,0.681
257500,0.013,0.245,0.741
258000,0.018,0.254,0.728
258500,0.012,0.299,0.689
259000,0.017,0.336,0.648
259500,0.010,0.297,0.693
260000,0.010,0.235,0.755
260500,0.010,0.290,0.700
261000,0.010,0.388,0.603
261500,0.010,0.362,0.628
262000,0.013,0.313,0.675
262500,0.011,0.294,0.695
263000,0.010,0.300,0.690
263500,0.010,0.299,0.691
264000,0.010,0.317,0.673
264500,0.010,0.400,0.590
265000,0.010,0.359,0.631
265500,0.010,0.286,0.704
266000,0.013,0.319,0.668
266500,0.011,0.276,0.714
267000,0.015,0.312,0.673
267500,0.012,0.323,0.665
268000,0.011,0.307,0.681
268500,0.010,0.322,0.668
269000,0.010,0.353,0.637
269500,0.010,0.321,0.669
270000,0.010,0.330,0.660
270500,0.013,0.308,0.679
271000,0.016,0.291,0.693
271500,0.011,0.297,0.692
272000,0.011,0.392,0.598
272500,0.010,0.396,0.594
273000,0.010,0.355,0.635
273500,0.010,0.345,0.645
274000,0.010,0.337,0.653
274500,0.013,0.352,0.635
275000,0.016,0.313,0.671
275500,0.018,0.243,0.738
276000,0.011,0.347,0.642
276500,0.010,0.280,0.710
277000,0.019,0.275,0.706
277500,0.024,0.320,0.657
278000,0.013,0.258,0.729
278500,0.011,0.328,0.662
279000,0.011,0.326,0.664
279500,0.021,0.324,0.655
280000,0.011,0.314,0.675
280500,0.015,0.297,0.687
281000,0.010,0.367,0.623
281500,0.010,0.319,0.671
282000,0.010,0.338,0.652
282500,0.013,0.304,0.682
283000,0.010,0.299,0.691
283500,0.010,0.266,0.724
284000,0.010,0.277,0.713
284500,0.018,0.298,0.685
285000,0.011,0.289,0.700
285500,0.014,0.331,0.655
286000,0.013,0.280,0.708
286500,0.010,0.282,0.708
287000,0.014,0.264,0.722
287500,0.034,0.146,0.820
288000,0.034,0.179,0.788
288500,0.028,0.221,0.752
289000,0.019,0.227,0.754
289500,0.011,0.280,0.710
290000,0.010,0.288,0.702
290500,0.010,0.358,0.631
291000,0.010,0.267,0.723
291500,0.010,0.326,0.664
292000,0.010,0.334,0.656
292500,0.011,0.303,0.686
293000,0.010,0.281,0.709
293500,0.013,0.333,0.654
294000,0.011,0.351,0.638
294500,0.010,0.360,0.630
295000,0.010,0.378,0.612
295500,0.010,0.364,0.626
296000,0.010,0.378,0.613
296500,0.011,0.319,0.670
297000,0.015,0.269,0.717
297500,0.012,0.306,0.681
298000,0.010,0.336,0.654
298500,0.010,0.351,0.639
299000,0.013,0.389,0.599
299500,0.010,0.392,0.598
300000,0.010,0.289,0.701
300500,0.010,0.288,0.702
301000,0.025,0.271,0.704
301500,0.019,0.244,0.736
302000,0.010,0.288,0.702
302500,0.010,0.314,0.676
303000,0.012,0.359,0.629
303500,0.015,0.399,0.587
304000,0.010,0.366,0.624
304500,0.010,0.317,0.673
305000,0.014,0.376,0.611
305500,0.011,0.366,0.623
306000,0.016,0.310,0.673
306500,0.010,0.325,0.665
307000,0.010,0.305,0.685
307500,0.010,0.329,0.661
308000,0.015,0.276,0.710
308500,0.015,0.262,0.723
309000,0.013,0.283,0.703
309500,0.016,0.274,0.710
310000,0.011,0.281,0.709
310500,0.010,0.338,0.652
311000,0.012,0.319,0.669
311500,0.013,0.294,0.693
312000,0.013,0.310,0.677
312500,0.011,0.247,0.742
313000,0.015,0.270,0.716
313500,0.011,0.298,0.691
314000,0.010,0.282,0.708
314500,0.015,0.322,0.663
315000,0.011,0.283,0.706
315500,0.013,0.213,0.774
316000,0.021,0.195,0.784
316500,0.013,0.259,0.728
317000,0.011,0.295,0.694
317500,0.011,0.356,0.633
318000,0.010,0.380,0.610
318500,0.010,0.324,0.666
319000,0.018,0.336,0.647
319500,0.017,0.244,0.739
320000,0.015,0.296,0.690
320500,0.011,0.330,0.659
321000,0.013,0.326,0.661
321500,0.011,0.289,0.700
322000,0.011,0.308,0.681
322500,0.017,0.279,0.705
323000,0.023,0.276,0.701
323500,0.011,0.348,0.641
324000,0.010,0.304,0.686
324500,0.015,0.311,0.674
325000,0.011,0.313,0.677
325500,0.010,0.331,0.659
326000,0.015,0.302,0.683
326500,0.013,0.306,0.681
327000,0.010,0.318,0.672
327500,0.010,0.337,0.653
328000,0.016,0.293,0.691
328500,0.021,0.249,0.731
329000,0.011,0.290,0.699
329500,0.013,0.264,0.724
330000,0.010,0.321,0.669
330500,0.010,0.337,0.653
331000,0.010,0.317,0.673
331500,0.010,0.277,0.714
332000,0.010,0.347,0.643
332500,0.010,0.350,0.640
333000,0.010,0.292,0.698
333500,0.010,0.313,0.677
334000,0.015,0.347,0.638
334500,0.018,0.268,0.714
335000,0.011,0.308,0.681
335500,0.010,0.308,0.681
336000,0.010,0.329,0.661
336500,0.015,0.232,0.753
337000,0.011,0.350,0.639
337500,0.015,0.273,0.713
338000,0.018,0.280,0.703
338500,0.016,0.310,0.674
339000,0.021,0.259,0.720
339500,0.011,0.302,0.688
340000,0.018,0.265,0.718
340500,0.010,0.338,0.652
341000,0.010,0.326,0.664
341500,0.010,0.302,0.688
342000,0.012,0.278,0.710
342500,0.011,0.305,0.683
343000,0.010,0.299,0.691
343500,0.010,0.383,0.607
344000,0.013,0.354,0.633
344500,0.010,0.334,0.656
345000,0.011,0.314,0.675
345500,0.010,0.343,0.647
346000,0.010,0.342,0.648
346500,0.010,0.371,0.619
347000,0.017,0.278,0.706
347500,0.017,0.332,0.651
348000,0.010,0.343,0.647
348500,0.010,0.387,0.603
349000,0.010,0.335,0.655
349500,0.010,0.337,0.653
350000,0.010,0.335,0.655
350500,0.010,0.332,0.658
351000,0.010,0.360,0.629
351500,0.010,0.393,0.597
352000,0.014,0.332,0.654
352500,0.011,0.345,0.644
353000,0.010,0.344,0.646
353500,0.010,0.326,0.664
354000,0.010,0.383,0.607
354500,0.010,0.378,0.612
355000,0.010,0.317,0.673
355500,0.011,0.286,0.703
356000,0.012,0.335,0.653
356500,0.014,0.330,0.656
357000,0.011,0.315,0.675
357500,0.010,0.347,0.643
358000,0.010,0.333,0.657
358500,0.010,0.331,0.659
359000,0.010,0.351,0.639
359500,0.010,0.364,0.625
360000,0.011,0.294,0.696
360500,0.015,0.322,0.663
361000,0.011,0.315,0.674
361500,0.018,0.286,0.697
362000,0.014,0.272,0.714
362500,0.018,0.277,0.705
363000,0.011,0.331,0.659
363500,0.011,0.309,0.680
364000,0.010,0.307,0.683
364500,0.013,0.301,0.685
365000,0.011,0.328,0.662
365500,0.010,0.340,0.650
366000,0.010,0.321,0.669
366500,0.010,0.297,0.693
367000,0.010,0.346,0.643
367500,0.010,0.393,0.597
368000,0.010,0.404,0.587
368500,0.010,0.323,0.667
369000,0.010,0.377,0.613
369500,0.010,0.402,0.588
370000,0.010,0.368,0.622
370500,0.010,0.438,0.552
371000,0.010,0.381,0.609
371500,0.010,0.347,0.643
372000,0.010,0.399,0.591
372500,0.010,0.447,0.543
373000,0.010,0.322,0.668
373500,0.010,0.335,0.655
374000,0.014,0.269,0.718
374500,0.018,0.331,0.651
375000,0.013,0.350,0.637
375500,0.015,0.284,0.702
376000,0.010,0.311,0.679
376500,0.010,0.383,0.607
377000,0.010,0.407,0.583
377500,0.016,0.388,0.596
378000,0.017,0.291,0.692
378500,0.015,0.288,0.697
379000,0.011,0.298,0.691
379500,0.010,0.355,0.635
380000,0.010,0.304,0.686
380500,0.011,0.310,0.679
381000,0.013,0.344,0.642
381500,0.010,0.340,0.650
382000,0.010,0.322,0.668
382500,0.011,0.285,0.704
383000,0.021,0.320,0.659
383500,0.019,0.307,0.673
384000,0.013,0.247,0.740
384500,0.011,0.289,0.701
385000,0.010,0.262,0.728
385500,0.010,0.267,0.723
386000,0.011,0.300,0.689
386500,0.010,0.322,0.668
387000,0.011,0.276,0.714
387500,0.013,0.285,0.702
388000,0.011,0.335,0.654
388500,0.017,0.340,0.643
389000,0.011,0.334,0.655
389500,0.011,0.276,0.714
390000,0.011,0.365,0.624
390500,0.010,0.356,0.634
391000,0.010,0.301,0.689
391500,0.010,0.317,0.673
392000,0.011,0.296,0.693
392500,0.019,0.308,0.673
393000,0.015,0.278,0.708
393500,0.013,0.317,0.669
394000,0.011,0.303,0.686
394500,0.014,0.266,0.720
395000,0.010,0.291,0.699
395500,0.010,0.297,0.693
396000,0.013,0.364,0.623
396500,0.011,0.351,0.638
397000,0.010,0.316,0.674
397500,0.010,0.316,0.674
398000,0.010,0.341,0.649
398500,0.010,0.302,0.688
399000,0.018,0.292,0.690
399500,0.012,0.322,0.666
400000,0.013,0.318,0.669
400500,0.010,0.281,0.710
401000,0.012,0.274,0.714
401500,0.013,0.359,0.627
402000,0.010,0.320,0.670
402500,0.013,0.340,0.647
403000,0.016,0.328,0.656
403500,0.011,0.299,0.690
404000,0.017,0.338,0.645
404500,0.011,0.294,0.695
405000,0.011,0.346,0.644
405500,0.010,0.379,0.611
406000,0.011,0.380,0.610
406500,0.011,0.383,0.607
407000,0.010,0.326,0.664
407500,0.017,0.306,0.677
408000,0.011,0.296,0.693
408500,0.010,0.296,0.694
409000,0.011,0.360,0.629
409500,0.010,0.427,0.562
410000,0.010,0.356,0.634
410500,0.010,0.358,0.631
411000,0.010,0.324,0.666
411500,0.010,0.300,0.690
412000,0.011,0.301,0.687
412500,0.015,0.277,0.708
413000,0.011,0.328,0.661
413500,0.010,0.317,0.673
414000,0.010,0.311,0.678
414500,0.010,0.332,0.658
415000,0.010,0.341,0.649
415500,0.010,0.288,0.702
416000,0.010,0.333,0.657
416500,0.010,0.346,0.644
417000,0.018,0.309,0.673
417500,0.017,0.307,0.676
418000,0.011,0.372,0.617
418500,0.010,0.406,0.585
419000,0.015,0.320,0.665
419500,0.011,0.319,0.670
420000,0.011,0.327,0.663
420500,0.010,0.308,0.681
421000,0.011,0.323,0.666
421500,0.011,0.311,0.677
422000,0.010,0.306,0.684
422500,0.024,0.263,0.714
423000,0.011,0.270,0.720
423500,0.016,0.308,0.676
424000,0.015,0.281,0.705
424500,0.013,0.328,0.659
425000,0.017,0.287,0.696
425500,0.017,0.264,0.720
426000,0.011,0.304,0.685
426500,0.011,0.337,0.653
427000,0.011,0.324,0.666
427500,0.013,0.325,0.662
428000,0.011,0.339,0.650
428500,0.015,0.304,0.681
429000,0.011,0.286,0.703
429500,0.010,0.329,0.661
430000,0.010,0.319,0.671
430500,0.013,0.290,0.696
431000,0.011,0.292,0.697
431500,0.015,0.368,0.618
432000,0.011,0.322,0.667
432500,0.010,0.336,0.654
433000,0.010,0.233,0.757
433500,0.013,0.238,0.749
434000,0.011,0.219,0.770
434500,0.013,0.294,0.693
435000,0.010,0.287,0.703
435500,0.015,0.329,0.656
436000,0.011,0.337,0.653
436500,0.012,0.275,0.713
437000,0.011,0.275,0.715
437500,0.012,0.334,0.654
438000,0.011,0.370,0.620
438500,0.010,0.332,0.658
439000,0.010,0.295,0.695
439500,0.010,0.300,0.690
440000,0.010,0.352,0.638
440500,0.013,0.312,0.675
441000,0.011,0.342,0.647
441500,0.010,0.281,0.709
442000,0.010,0.304,0.685
442500,0.011,0.307,0.681
443000,0.010,0.323,0.667
443500,0.010,0.346,0.644
444000,0.010,0.379,0.611
444500,0.010,0.285,0.705
445000,0.011,0.316,0.673
445500,0.010,0.326,0.664
446000,0.017,0.295,0.688
446500,0.012,0.291,0.697
447000,0.015,0.289,0.696
447500,0.015,0.276,0.710
448000,0.023,0.266,0.712
448500,0.011,0.241,0.748
449000,0.013,0.301,0.686
449500,0.010,0.296,0.694
450000,0.021,0.246,0.733
450500,0.015,0.233,0.752
451000,0.016,0.274,0.710
451500,0.011,0.290,0.699
452000,0.010,0.307,0.682
452500,0.011,0.372,0.618
453000,0.014,0.320,0.666
453500,0.011,0.316,0.673
454000,0.010,0.335,0.655
454500,0.010,0.335,0.655
455000,0.010,0.332,0.658
455500,0.010,0.338,0.652
456000,0.010,0.220,0.770
456500,0.011,0.289,0.699
457000,0.013,0.299,0.689
457500,0.011,0.369,0.621
458000,0.010,0.378,0.613
458500,0.010,0.389,0.601
459000,0.018,0.316,0.667
459500,0.010,0.331,0.659
460000,0.013,0.357,0.630
460500,0.011,0.319,0.669
461000,0.010,0.393,0.597
461500,0.016,0.374,0.609
462000,0.011,0.369,0.620
462500,0.011,0.377,0.613
463000,0.010,0.415,0.575
463500,0.010,0.380,0.611
464000,0.010,0.390,0.601
464500,0.010,0.337,0.653
465000,0.010,0.322,0.668
465500,0.010,0.356,0.633
466000,0.013,0.340,0.647
466500,0.017,0.275,0.708
467000,0.010,0.280,0.710
467500,0.017,0.270,0.713
468000,0.015,0.289,0.696
468500,0.013,0.263,0.724
469000,0.016,0.238,0.746
469500,0.011,0.294,0.695
470000,0.010,0.327,0.663
470500,0.010,0.345,0.645
471000,0.010,0.324,0.666
471500,0.012,0.296,0.692
472000,0.011,0.360,0.630
472500,0.010,0.356,0.634
473000,0.010,0.357,0.633
473500,0.010,0.403,0.587
474000,0.010,0.318,0.672
474500,0.010,0.329,0.661
475000,0.010,0.331,0.659
475500,0.010,0.395,0.595
476000,0.010,0.406,0.584
476500,0.010,0.405,0.585
477000,0.010,0.368,0.621
477500,0.018,0.378,0.604
478000,0.011,0.349,0.640
478500,0.010,0.353,0.637
479000,0.010,0.323,0.667
479500,0.010,0.287,0.703
480000,0.010,0.290,0.700
480500,0.010,0.323,0.667
481000,0.010,0.310,0.680
481500,0.015,0.272,0.713
482000,0.016,0.306,0.677
482500,0.012,0.331,0.657
483000,0.011,0.362,0.628
483500,0.010,0.343,0.647
484000,0.010,0.364,0.626
484500,0.018,0.292,0.690
485000,0.010,0.274,0.716
485500,0.011,0.300,0.688
486000,0.015,0.290,0.695
486500,0.011,0.297,0.693
487000,0.011,0.316,0.673
487500,0.018,0.285,0.697
488000,0.019,0.241,0.740
488500,0.021,0.237,0.743
489000,0.016,0.290,0.694
489500,0.011,0.326,0.663
490000,0.013,0.346,0.641
490500,0.011,0.365,0.624
491000,0.010,0.330,0.660
491500,0.010,0.353,0.637
492000,0.010,0.323,0.667
492500,0.010,0.365,0.625
493000,0.010,0.381,0.609
493500,0.010,0.314,0.676
494000,0.016,0.267,0.717
494500,0.022,0.213,0.764
495000,0.020,0.228,0.752
495500,0.011,0.357,0.631
496000,0.010,0.327,0.663
496500,0.012,0.340,0.648
497000,0.010,0.311,0.679
497500,0.011,0.355,0.635
498000,0.010,0.377,0.613
498500,0.010,0.285,0.705
499000,0.011,0.326,0.663
499500,0.010,0.328,0.662
500000,0.010,0.348,0.641
500500,0.010,0.359,0.631
501000,0.010,0.395,0.595
501500,0.010,0.333,0.657
502000,0.010,0.288,0.702
502500,0.010,0.306,0.683
503000,0.010,0.265,0.725
503500,0.010,0.296,0.694
504000,0.016,0.264,0.720
504500,0.011,0.297,0.692
505000,0.010,0.288,0.702
505500,0.010,0.289,0.701
506000,0.010,0.344,0.646
506500,0.010,0.401,0.589
507000,0.011,0.338,0.651
507500,0.010,0.346,0.644
508000,0.010,0.340,0.650
508500,0.010,0.356,0.633
509000,0.010,0.379,0.611
509500,0.010,0.316,0.674
510000,0.010,0.345,0.645
510500,0.010,0.344,0.646
511000,0.011,0.379,0.610
511500,0.010,0.366,0.623
512000,0.010,0.360,0.630
512500,0.010,0.387,0.603
513000,0.010,0.403,0.587
513500,0.010,0.336,0.654
514000,0.010,0.345,0.645
514500,0.010,0.389,0.601
515000,0.010,0.358,0.632
515500,0.010,0.367,0.623
516000,0.010,0.335,0.655
516500,0.010,0.311,0.679
517000,0.015,0.314,0.671
517500,0.014,0.343,0.643
518000,0.010,0.330,0.660
518500,0.010,0.292,0.698
519000,0.010,0.300,0.690
519500,0.010,0.316,0.674
520000,0.015,0.342,0.644
520500,0.010,0.284,0.706
521000,0.010,0.295,0.695
521500,0.010,0.330,0.660
522000,0.010,0.319,0.671
522500,0.010,0.331,0.659
523000,0.015,0.301,0.683
523500,0.011,0.326,0.663
524000,0.010,0.264,0.726
524500,0.010,0.301,0.689
525000,0.010,0.265,0.725
525500,0.010,0.282,0.708
526000,0.010,0.291,0.699
526500,0.010,0.292,0.698
527000,0.011,0.388,0.602
527500,0.010,0.307,0.682
528000,0.019,0.264,0.718
528500,0.018,0.260,0.723
529000,0.013,0.298,0.689
529500,0.012,0.335,0.653
530000,0.016,0.335,0.649
530500,0.011,0.342,0.647
531000,0.010,0.320,0.670
531500,0.010,0.304,0.686
532000,0.015,0.305,0.681
532500,0.011,0.299,0.691
533000,0.016,0.323,0.661
533500,0.010,0.324,0.666
534000,0.013,0.316,0.671
534500,0.013,0.357,0.631
535000,0.012,0.349,0.639
535500,0.010,0.392,0.598
536000,0.011,0.396,0.593
536500,0.011,0.358,0.632
537000,0.010,0.329,0.661
537500,0.011,0.287,0.702
538000,0.010,0.292,0.698
538500,0.011,0.224,0.765
539000,0.015,0.249,0.736
539500,0.013,0.281,0.706
540000,0.011,0.254,0.736
540500,0.011,0.305,0.685
541000,0.011,0.336,0.653
541500,0.012,0.319,0.669
542000,0.017,0.358,0.625
542500,0.011,0.303,0.685
543000,0.017,0.329,0.654
543500,0.011,0.280,0.710
544000,0.010,0.352,0.637
544500,0.014,0.307,0.678
545000,0.011,0.292,0.697
545500,0.012,0.302,0.686
546000,0.017,0.273,0.711
546500,0.011,0.249,0.740
547000,0.014,0.278,0.708
547500,0.012,0.302,0.685
548000,0.015,0.281,0.704
548500,0.018,0.221,0.762
549000,0.018,0.256,0.726
549500,0.016,0.281,0.703
550000,0.015,0.290,0.695
550500,0.017,0.228,0.755
551000,0.017,0.270,0.714
551500,0.014,0.292,0.694
552000,0.018,0.279,0.703
552500,0.011,0.320,0.669
553000,0.011,0.275,0.715
553500,0.010,0.378,0.613
554000,0.010,0.342,0.648
554500,0.010,0.301,0.689
555000,0.010,0.332,0.658
555500,0.018,0.365,0.617
556000,0.013,0.354,0.633
556500,0.010,0.343,0.647
557000,0.010,0.360,0.629
557500,0.012,0.393,0.595
558000,0.011,0.324,0.666
558500,0.013,0.313,0.675
559000,0.012,0.317,0.671
559500,0.010,0.281,0.709
560000,0.010,0.318,0.672
560500,0.011,0.314,0.675
561000,0.013,0.321,0.666
561500,0.015,0.299,0.687
562000,0.011,0.264,0.725
562500,0.011,0.283,0.705
563000,0.014,0.239,0.747
563500,0.014,0.242,0.744
564000,0.011,0.237,0.751
564500,0.010,0.299,0.691
565000,0.014,0.317,0.669
565500,0.010,0.319,0.671
566000,0.010,0.268,0.722
566500,0.010,0.274,0.716
567000,0.013,0.295,0.692
567500,0.013,0.264,0.723
568000,0.022,0.296,0.681
568500,0.018,0.293,0.689
569000,0.013,0.319,0.669
569500,0.018,0.302,0.681
570000,0.011,0.294,0.695
570500,0.010,0.332,0.658
571000,0.010,0.352,0.637
571500,0.015,0.279,0.706
572000,0.015,0.293,0.692
572500,0.011,0.315,0.675
573000,0.015,0.254,0.732
573500,0.014,0.263,0.724
574000,0.033,0.195,0.772
574500,0.028,0.217,0.755
575000,0.018,0.278,0.704
575500,0.011,0.264,0.725
576000,0.013,0.306,0.681
576500,0.010,0.297,0.693
577000,0.010,0.389,0.601
577500,0.010,0.363,0.627
578000,0.010,0.419,0.571
578500,0.010,0.450,0.540
579000,0.010,0.409,0.581
579500,0.010,0.337,0.653
580000,0.010,0.333,0.657
580500,0.010,0.360,0.629
581000,0.010,0.340,0.650
581500,0.010,0.315,0.675
582000,0.013,0.269,0.719
582500,0.013,0.287,0.700
583000,0.011,0.266,0.724
583500,0.014,0.335,0.651
584000,0.017,0.307,0.675
584500,0.019,0.256,0.725
585000,0.012,0.323,0.665
585500,0.010,0.367,0.623
586000,0.010,0.298,0.692
586500,0.010,0.343,0.647
587000,0.013,0.346,0.640
587500,0.011,0.299,0.690
588000,0.012,0.329,0.659
588500,0.010,0.279,0.712
589000,0.017,0.350,0.633
589500,0.011,0.349,0.639
590000,0.010,0.394,0.597
590500,0.010,0.308,0.682
591000,0.010,0.275,0.716
591500,0.010,0.314,0.676
592000,0.011,0.285,0.704
592500,0.010,0.389,0.601
593000,0.015,0.307,0.678
593500,0.011,0.322,0.667
594000,0.011,0.311,0.678
594500,0.020,0.303,0.676
595000,0.015,0.272,0.713
595500,0.016,0.301,0.683
596000,0.020,0.309,0.670
596500,0.011,0.359,0.630
597000,0.011,0.289,0.701
597500,0.011,0.285,0.704
598000,0.010,0.355,0.635
598500,0.012,0.377,0.611
599000,0.010,0.394,0.597
599500,0.017,0.266,0.718
600000,0.019,0.279,0.702
600500,0.015,0.309,0.676
601000,0.025,0.263,0.712
601500,0.013,0.240,0.746
602000,0.010,0.257,0.733
602500,0.026,0.252,0.722
603000,0.013,0.239,0.748
603500,0.017,0.289,0.694
604000,0.021,0.302,0.677
604500,0.011,0.281,0.708
605000,0.025,0.277,0.699
605500,0.023,0.224,0.753
606000,0.018,0.271,0.711
606500,0.021,0.279,0.701
607000,0.012,0.307,0.681
607500,0.010,0.372,0.617
608000,0.010,0.358,0.631
608500,0.020,0.346,0.634
609000,0.011,0.351,0.639
609500,0.010,0.322,0.668
610000,0.010,0.346,0.644
610500,0.010,0.320,0.670
611000,0.010,0.329,0.661
611500,0.011,0.402,0.587
612000,0.012,0.391,0.597
612500,0.013,0.372,0.616
613000,0.013,0.361,0.625
613500,0.015,0.374,0.611
614000,0.010,0.329,0.661
614500,0.011,0.328,0.661
615000,0.010,0.297,0.693
615500,0.010,0.321,0.669
616000,0.010,0.278,0.712
616500,0.010,0.339,0.651
617000,0.011,0.299,0.690
617500,0.012,0.357,0.631
618000,0.011,0.341,0.649
618500,0.010,0.377,0.613
619000,0.010,0.361,0.629
619500,0.010,0.341,0.649
620000,0.019,0.322,0.659
620500,0.011,0.328,0.661
621000,0.011,0.318,0.671
621500,0.011,0.262,0.728
622000,0.021,0.307,0.673
622500,0.013,0.293,0.695
623000,0.022,0.283,0.695
623500,0.018,0.288,0.694
624000,0.012,0.296,0.692
624500,0.015,0.320,0.666
625000,0.015,0.281,0.704
625500,0.021,0.257,0.722
626000,0.011,0.280,0.709
626500,0.011,0.264,0.726
627000,0.010,0.296,0.694
627500,0.013,0.299,0.688
628000,0.013,0.391,0.596
628500,0.013,0.325,0.662
629000,0.010,0.334,0.656
629500,0.010,0.314,0.676
630000,0.010,0.349,0.641
630500,0.010,0.332,0.658
631000,0.010,0.333,0.657
631500,0.010,0.306,0.683
632000,0.015,0.286,0.699
632500,0.011,0.303,0.686
633000,0.010,0.338,0.652
633500,0.015,0.324,0.661
634000,0.011,0.310,0.679
634500,0.010,0.359,0.631
635000,0.010,0.336,0.654
635500,0.010,0.323,0.667
636000,0.010,0.309,0.681
636500,0.010,0.348,0.641
637000,0.010,0.385,0.605
637500,0.010,0.361,0.629
638000,0.010,0.326,0.664
638500,0.011,0.304,0.685
639000,0.010,0.309,0.680
639500,0.010,0.282,0.708
640000,0.010,0.310,0.679
640500,0.010,0.336,0.654
641000,0.010,0.348,0.641
641500,0.013,0.364,0.622
642000,0.010,0.398,0.592
642500,0.010,0.317,0.673
643000,0.010,0.369,0.621
643500,0.010,0.449,0.541
644000,0.010,0.439,0.551
644500,0.010,0.392,0.598
645000,0.010,0.340,0.650
645500,0.010,0.355,0.635
646000,0.011,0.334,0.655
646500,0.010,0.293,0.697
647000,0.010,0.296,0.694
647500,0.010,0.349,0.641
648000,0.010,0.325,0.665
648500,0.010,0.344,0.645
649000,0.015,0.339,0.647
649500,0.010,0.337,0.653
650000,0.010,0.307,0.682
650500,0.015,0.309,0.675
651000,0.013,0.300,0.688
651500,0.011,0.386,0.604
652000,0.010,0.365,0.625
652500,0.010,0.340,0.650
653000,0.010,0.300,0.690
653500,0.021,0.361,0.617
654000,0.011,0.358,0.630
654500,0.016,0.322,0.662
655000,0.018,0.290,0.692
655500,0.011,0.302,0.686
656000,0.010,0.293,0.697
656500,0.010,0.323,0.667
657000,0.010,0.345,0.645
657500,0.010,0.333,0.657
658000,0.010,0.286,0.704
658500,0.023,0.298,0.679
659000,0.011,0.316,0.673
659500,0.010,0.366,0.624
660000,0.010,0.362,0.628
660500,0.010,0.312,0.678
661000,0.010,0.304,0.686
661500,0.010,0.338,0.652
662000,0.010,0.326,0.664
662500,0.012,0.389,0.599
663000,0.011,0.336,0.653
663500,0.010,0.324,0.666
664000,0.010,0.347,0.643
664500,0.011,0.325,0.664
665000,0.013,0.300,0.686
665500,0.010,0.305,0.685
666000,0.010,0.348,0.641
666500,0.010,0.389,0.601
667000,0.010,0.341,0.649
667500,0.010,0.275,0.716
668000,0.010,0.356,0.633
668500,0.010,0.335,0.655
669000,0.010,0.381,0.609
669500,0.013,0.333,0.654
670000,0.021,0.282,0.697
670500,0.016,0.270,0.714
671000,0.011,0.304,0.685
671500,0.011,0.287,0.702
672000,0.018,0.313,0.669
672500,0.011,0.337,0.652
673000,0.013,0.319,0.668
673500,0.011,0.289,0.701
674000,0.021,0.240,0.738
674500,0.011,0.295,0.694
675000,0.013,0.307,0.679
675500,0.012,0.296,0.692
676000,0.010,0.340,0.650
676500,0.011,0.343,0.645
677000,0.011,0.345,0.643
677500,0.015,0.347,0.638
678000,0.011,0.359,0.630
678500,0.010,0.308,0.681
679000,0.017,0.352,0.631
679500,0.010,0.334,0.656
680000,0.010,0.333,0.657
680500,0.017,0.298,0.684
681000,0.013,0.354,0.633
681500,0.011,0.390,0.599
682000,0.010,0.366,0.624
682500,0.010,0.344,0.645
683000,0.013,0.273,0.714
683500,0.010,0.290,0.700
684000,0.020,0.296,0.683
684500,0.011,0.333,0.656
685000,0.011,0.300,0.689
685500,0.018,0.391,0.591
686000,0.011,0.355,0.634
686500,0.010,0.382,0.608
687000,0.010,0.367,0.623
687500,0.010,0.371,0.619
688000,0.010,0.394,0.597
688500,0.010,0.333,0.657
689000,0.010,0.276,0.714
689500,0.022,0.247,0.730
690000,0.011,0.289,0.699
690500,0.012,0.330,0.658
691000,0.010,0.350,0.639
691500,0.010,0.326,0.664
692000,0.010,0.282,0.708
692500,0.010,0.354,0.636
693000,0.010,0.331,0.659
693500,0.010,0.335,0.655
694000,0.010,0.351,0.639
694500,0.010,0.341,0.649
695000,0.010,0.274,0.716
695500,0.011,0.297,0.692
696000,0.017,0.214,0.769
696500,0.029,0.198,0.774
697000,0.024,0.229,0.748
697500,0.015,0.263,0.722
698000,0.018,0.275,0.708
698500,0.010,0.311,0.679
699000,0.010,0.311,0.678
699500,0.010,0.351,0.639
700000,0.014,0.330,0.656
700500,0.011,0.328,0.662
701000,0.015,0.320,0.665
701500,0.011,0.398,0.591
702000,0.010,0.381,0.609
702500,0.010,0.391,0.599
703000,0.013,0.408,0.579
703500,0.011,0.394,0.595
704000,0.011,0.323,0.667
704500,0.010,0.326,0.664
705000,0.017,0.296,0.688
705500,0.011,0.322,0.668
706000,0.010,0.305,0.684
706500,0.010,0.278,0.712
707000,0.013,0.270,0.718
707500,0.011,0.295,0.694
708000,0.010,0.328,0.662
708500,0.010,0.318,0.672
709000,0.015,0.270,0.716
709500,0.013,0.291,0.697
710000,0.021,0.265,0.715
710500,0.017,0.270,0.714
711000,0.020,0.248,0.732
711500,0.025,0.192,0.783
712000,0.026,0.220,0.754
712500,0.015,0.296,0.690
713000,0.011,0.273,0.717
713500,0.010,0.280,0.710
714000,0.010,0.307,0.683
714500,0.010,0.297,0.693
715000,0.012,0.287,0.701
715500,0.015,0.309,0.676
716000,0.011,0.305,0.685
716500,0.017,0.296,0.687
717000,0.011,0.328,0.662
717500,0.010,0.339,0.651
718000,0.011,0.367,0.623
718500,0.014,0.344,0.642
719000,0.011,0.275,0.715
719500,0.010,0.234,0.756
720000,0.010,0.283,0.707
720500,0.010,0.313,0.677
721000,0.012,0.292,0.696
721500,0.010,0.336,0.654
722000,0.016,0.331,0.653
722500,0.026,0.279,0.696
723000,0.019,0.245,0.736
723500,0.014,0.284,0.702
724000,0.021,0.276,0.704
724500,0.011,0.308,0.681
725000,0.013,0.267,0.721
725500,0.012,0.275,0.714
726000,0.011,0.310,0.678
726500,0.010,0.352,0.638
727000,0.010,0.323,0.667
727500,0.010,0.308,0.681
728000,0.011,0.344,0.645
728500,0.011,0.386,0.604
729000,0.011,0.328,0.661
729500,0.011,0.297,0.691
730000,0.013,0.327,0.660
730500,0.011,0.315,0.674
731000,0.013,0.364,0.623
731500,0.011,0.297,0.692
732000,0.010,0.321,0.669
732500,0.010,0.329,0.661
733000,0.010,0.312,0.677
733500,0.010,0.327,0.663
734000,0.010,0.360,0.629
734500,0.010,0.375,0.615
735000,0.010,0.333,0.657
735500,0.010,0.331,0.659
736000,0.010,0.394,0.597
736500,0.015,0.335,0.650
737000,0.011,0.359,0.630
737500,0.010,0.283,0.707
738000,0.011,0.260,0.730
738500,0.010,0.278,0.712
739000,0.010,0.319,0.671
739500,0.015,0.308,0.677
740000,0.011,0.338,0.651
740500,0.015,0.353,0.631
741000,0.011,0.322,0.668
741500,0.029,0.282,0.689
742000,0.013,0.289,0.698
742500,0.017,0.268,0.716
743000,0.015,0.290,0.695
743500,0.011,0.341,0.649
744000,0.016,0.336,0.648
744500,0.017,0.356,0.627
745000,0.011,0.333,0.656
745500,0.010,0.340,0.650
746000,0.010,0.277,0.713
746500,0.013,0.233,0.754
747000,0.017,0.282,0.701
747500,0.011,0.292,0.697
748000,0.011,0.312,0.677
748500,0.010,0.356,0.634
749000,0.010,0.377,0.613
749500,0.010,0.373,0.617
750000,0.010,0.302,0.688
750500,0.015,0.278,0.707
751000,0.013,0.299,0.687
751500,0.017,0.265,0.719
752000,0.012,0.243,0.745
752500,0.013,0.266,0.721
753000,0.010,0.295,0.695
753500,0.012,0.249,0.738
754000,0.010,0.385,0.605
754500,0.010,0.318,0.672
755000,0.010,0.328,0.662
755500,0.013,0.351,0.636
756000,0.010,0.323,0.667
756500,0.021,0.310,0.668
757000,0.017,0.254,0.729
757500,0.018,0.203,0.779
758000,0.018,0.276,0.706
758500,0.011,0.300,0.690
759000,0.015,0.279,0.706
759500,0.014,0.227,0.759
760000,0.022,0.253,0.725
760500,0.020,0.275,0.705
761000,0.013,0.262,0.725
761500,0.019,0.291,0.690
762000,0.012,0.295,0.693
762500,0.018,0.312,0.669
763000,0.013,0.273,0.715
763500,0.013,0.289,0.698
764000,0.011,0.353,0.636
764500,0.010,0.398,0.593
765000,0.010,0.316,0.674
765500,0.010,0.376,0.614
766000,0.010,0.415,0.575
766500,0.010,0.403,0.587
767000,0.014,0.310,0.675
767500,0.010,0.307,0.683
768000,0.010,0.301,0.689
768500,0.011,0.307,0.682
769000,0.010,0.358,0.632
769500,0.010,0.418,0.572
770000,0.010,0.389,0.601
770500,0.010,0.347,0.643
771000,0.010,0.345,0.645
771500,0.017,0.258,0.726
772000,0.014,0.282,0.704
772500,0.011,0.302,0.686
773000,0.010,0.320,0.670
773500,0.012,0.288,0.700
774000,0.014,0.314,0.672
774500,0.010,0.352,0.637
775000,0.010,0.345,0.645
775500,0.010,0.327,0.663
776000,0.010,0.356,0.634
776500,0.016,0.314,0.670
777000,0.018,0.273,0.709
777500,0.018,0.237,0.745
778000,0.024,0.265,0.712
778500,0.018,0.222,0.760
779000,0.011,0.246,0.743
779500,0.019,0.267,0.714
780000,0.013,0.217,0.769
780500,0.013,0.260,0.728
781000,0.013,0.306,0.680
781500,0.011,0.294,0.694
782000,0.012,0.283,0.705
782500,0.010,0.383,0.607
783000,0.010,0.349,0.641
783500,0.010,0.371,0.619
784000,0.010,0.319,0.671
784500,0.010,0.289,0.701
785000,0.012,0.274,0.714
785500,0.014,0.305,0.680
786000,0.018,0.259,0.723
786500,0.011,0.372,0.617
787000,0.010,0.377,0.613
787500,0.010,0.338,0.652
788000,0.010,0.375,0.615
788500,0.010,0.408,0.582
789000,0.010,0.397,0.593
789500,0.010,0.370,0.619
790000,0.012,0.337,0.651
790500,0.010,0.330,0.660
791000,0.010,0.301,0.689
791500,0.013,0.337,0.650
792000,0.011,0.352,0.638
792500,0.010,0.344,0.646
793000,0.010,0.320,0.670
793500,0.012,0.339,0.649
794000,0.017,0.331,0.653
794500,0.011,0.346,0.644
795000,0.010,0.359,0.631
795500,0.010,0.301,0.689
796000,0.010,0.372,0.617
796500,0.010,0.299,0.691
797000,0.025,0.228,0.747
797500,0.028,0.213,0.759
798000,0.022,0.213,0.764
798500,0.024,0.241,0.734
799000,0.016,0.332,0.652
799500,0.013,0.304,0.682
800000,0.011,0.299,0.690
800500,0.010,0.275,0.715
801000,0.018,0.325,0.657
801500,0.010,0.328,0.662
802000,0.010,0.316,0.674
802500,0.013,0.363,0.624
803000,0.011,0.382,0.608
803500,0.011,0.316,0.673
804000,0.010,0.368,0.621
804500,0.010,0.339,0.651
805000,0.010,0.329,0.661
805500,0.010,0.336,0.654
806000,0.010,0.424,0.566
806500,0.010,0.321,0.669
807000,0.010,0.337,0.653
807500,0.011,0.408,0.581
808000,0.010,0.391,0.599
808500,0.010,0.384,0.607
809000,0.010,0.392,0.599
809500,0.010,0.326,0.664
810000,0.010,0.364,0.626
810500,0.010,0.352,0.637
811000,0.010,0.348,0.642
811500,0.010,0.296,0.694
812000,0.010,0.362,0.628
812500,0.010,0.343,0.647
813000,0.015,0.315,0.671
813500,0.010,0.389,0.601
814000,0.010,0.344,0.645
814500,0.010,0.325,0.665
815000,0.016,0.286,0.698
815500,0.011,0.302,0.688
816000,0.011,0.318,0.672
816500,0.010,0.341,0.649
817000,0.010,0.386,0.604
817500,0.010,0.407,0.583
818000,0.010,0.386,0.605
818500,0.010,0.346,0.643
819000,0.011,0.344,0.644
819500,0.010,0.325,0.665
820000,0.010,0.324,0.666
820500,0.015,0.315,0.670
821000,0.011,0.352,0.638
821500,0.022,0.268,0.710
822000,0.028,0.262,0.711
822500,0.011,0.334,0.656
823000,0.010,0.294,0.696
823500,0.010,0.284,0.706
824000,0.010,0.267,0.723
824500,0.010,0.363,0.627
825000,0.010,0.361,0.629
825500,0.010,0.364,0.626
826000,0.010,0.338,0.652
826500,0.010,0.354,0.635
827000,0.010,0.359,0.631
827500,0.010,0.352,0.638
828000,0.011,0.329,0.660
828500,0.014,0.250,0.736
829000,0.016,0.305,0.678
829500,0.013,0.306,0.681
830000,0.010,0.368,0.622
830500,0.010,0.376,0.615
831000,0.010,0.286,0.704
831500,0.010,0.342,0.648
832000,0.013,0.308,0.678
832500,0.012,0.315,0.673
833000,0.010,0.307,0.683
833500,0.017,0.281,0.702
834000,0.012,0.322,0.666
834500,0.011,0.314,0.675
835000,0.011,0.305,0.684
835500,0.010,0.243,0.747
836000,0.011,0.249,0.740
836500,0.010,0.266,0.724
837000,0.013,0.290,0.696
837500,0.011,0.383,0.606
838000,0.010,0.377,0.613
838500,0.010,0.329,0.661
839000,0.011,0.313,0.676
839500,0.015,0.325,0.661
840000,0.011,0.332,0.657
840500,0.017,0.319,0.664
841000,0.013,0.272,0.715
841500,0.013,0.258,0.730
842000,0.018,0.259,0.724
842500,0.011,0.268,0.721
843000,0.010,0.368,0.621
843500,0.010,0.318,0.672
844000,0.015,0.264,0.721
844500,0.011,0.345,0.644
845000,0.011,0.280,0.710
845500,0.011,0.314,0.676
846000,0.011,0.327,0.663
846500,0.013,0.299,0.688
847000,0.011,0.363,0.627
847500,0.010,0.342,0.648
848000,0.010,0.318,0.672
848500,0.010,0.307,0.683
849000,0.010,0.308,0.681
849500,0.010,0.366,0.623
850000,0.014,0.343,0.643
850500,0.011,0.353,0.637
851000,0.010,0.327,0.663
851500,0.019,0.249,0.732
852000,0.011,0.298,0.691
852500,0.011,0.300,0.690
853000,0.011,0.280,0.709
853500,0.011,0.329,0.660
854000,0.011,0.325,0.665
854500,0.010,0.378,0.613
855000,0.010,0.365,0.625
855500,0.010,0.330,0.660
856000,0.012,0.393,0.595
856500,0.010,0.331,0.659
857000,0.010,0.328,0.662
857500,0.010,0.335,0.655
858000,0.011,0.292,0.697
858500,0.013,0.289,0.698
859000,0.013,0.294,0.693
859500,0.011,0.317,0.673
860000,0.011,0.370,0.619
860500,0.010,0.410,0.580
861000,0.010,0.331,0.659
861500,0.010,0.336,0.654
862000,0.010,0.366,0.624
862500,0.017,0.269,0.715
863000,0.015,0.260,0.725
863500,0.012,0.293,0.695
864000,0.013,0.315,0.672
864500,0.010,0.328,0.662
865000,0.010,0.363,0.627
865500,0.011,0.283,0.706
866000,0.010,0.317,0.673
866500,0.010,0.318,0.672
867000,0.021,0.263,0.716
867500,0.013,0.274,0.713
868000,0.016,0.274,0.710
868500,0.013,0.300,0.688
869000,0.011,0.365,0.625
869500,0.010,0.302,0.688
870000,0.012,0.306,0.682
870500,0.018,0.272,0.710
871000,0.016,0.311,0.672
871500,0.013,0.298,0.689
872000,0.015,0.337,0.649
872500,0.022,0.244,0.734
873000,0.016,0.298,0.686
873500,0.013,0.332,0.655
874000,0.012,0.304,0.683
874500,0.011,0.320,0.670
875000,0.013,0.306,0.681
875500,0.011,0.285,0.704
876000,0.010,0.299,0.691
876500,0.010,0.326,0.664
877000,0.014,0.360,0.625
877500,0.011,0.327,0.662
878000,0.011,0.290,0.700
878500,0.010,0.371,0.619
879000,0.010,0.368,0.621
879500,0.010,0.366,0.623
880000,0.010,0.385,0.605
880500,0.010,0.285,0.705
881000,0.011,0.309,0.680
881500,0.011,0.374,0.614
882000,0.014,0.321,0.665
882500,0.010,0.340,0.650
883000,0.010,0.373,0.617
883500,0.010,0.390,0.601
884000,0.010,0.322,0.668
884500,0.010,0.404,0.587
885000,0.010,0.383,0.607
885500,0.010,0.352,0.637
886000,0.010,0.311,0.679
886500,0.022,0.317,0.661
887000,0.014,0.253,0.734
887500,0.011,0.332,0.657
888000,0.011,0.362,0.627
888500,0.010,0.314,0.676
889000,0.014,0.360,0.625
889500,0.011,0.363,0.627
890000,0.010,0.298,0.692
890500,0.015,0.281,0.704
891000,0.011,0.311,0.677
891500,0.011,0.334,0.655
892000,0.010,0.369,0.621
892500,0.011,0.354,0.635
893000,0.010,0.333,0.657
893500,0.013,0.383,0.604
894000,0.011,0.329,0.661
894500,0.010,0.312,0.678
895000,0.010,0.303,0.686
895500,0.010,0.290,0.700
896000,0.011,0.364,0.625
896500,0.010,0.354,0.635
897000,0.010,0.317,0.673
897500,0.017,0.274,0.710
898000,0.012,0.325,0.663
898500,0.010,0.358,0.632
899000,0.010,0.388,0.602
899500,0.010,0.379,0.611
900000,0.010,0.415,0.575
900500,0.010,0.325,0.665
901000,0.010,0.307,0.682
901500,0.010,0.355,0.635
902000,0.010,0.340,0.650
902500,0.010,0.325,0.665
903000,0.010,0.364,0.625
903500,0.015,0.269,0.717
904000,0.016,0.271,0.714
904500,0.011,0.336,0.653
905000,0.011,0.311,0.677
905500,0.010,0.239,0.751
906000,0.010,0.296,0.694
906500,0.010,0.293,0.697
907000,0.011,0.270,0.719
907500,0.010,0.326,0.664
908000,0.010,0.315,0.675
908500,0.010,0.332,0.658
909000,0.010,0.329,0.661
909500,0.010,0.377,0.613
910000,0.010,0.381,0.609
910500,0.010,0.385,0.605
911000,0.010,0.352,0.637
911500,0.010,0.338,0.652
912000,0.010,0.314,0.676
912500,0.010,0.299,0.691
913000,0.010,0.325,0.665
913500,0.011,0.363,0.625
914000,0.011,0.380,0.610
914500,0.015,0.308,0.676
915000,0.014,0.332,0.654
915500,0.010,0.306,0.683
916000,0.010,0.325,0.665
916500,0.011,0.390,0.599
917000,0.013,0.368,0.618
917500,0.013,0.294,0.693
918000,0.010,0.310,0.680
918500,0.013,0.298,0.689
919000,0.013,0.300,0.688
919500,0.011,0.324,0.666
920000,0.013,0.334,0.653
920500,0.015,0.311,0.674
921000,0.010,0.300,0.690
921500,0.015,0.306,0.678
922000,0.011,0.280,0.710
922500,0.013,0.323,0.663
923000,0.011,0.330,0.659
923500,0.011,0.344,0.645
924000,0.011,0.380,0.609
924500,0.010,0.409,0.581
925000,0.010,0.364,0.626
925500,0.010,0.377,0.613
926000,0.010,0.357,0.633
926500,0.010,0.344,0.645
927000,0.014,0.354,0.631
927500,0.011,0.274,0.715
928000,0.011,0.293,0.696
928500,0.010,0.294,0.696
929000,0.010,0.294,0.696
929500,0.010,0.294,0.696
930000,0.010,0.380,0.610
930500,0.010,0.365,0.625
931000,0.010,0.410,0.580
931500,0.013,0.368,0.620
932000,0.011,0.446,0.544
932500,0.010,0.448,0.542
933000,0.010,0.400,0.591
933500,0.010,0.355,0.635
934000,0.013,0.298,0.689
934500,0.011,0.298,0.691
935000,0.021,0.242,0.738
935500,0.017,0.237,0.746
936000,0.013,0.338,0.649
936500,0.011,0.348,0.641
937000,0.011,0.295,0.694
937500,0.010,0.341,0.649
938000,0.010,0.268,0.722
938500,0.010,0.306,0.684
939000,0.018,0.301,0.681
939500,0.013,0.274,0.714
940000,0.015,0.307,0.678
940500,0.013,0.269,0.718
941000,0.011,0.289,0.700
941500,0.011,0.363,0.627
942000,0.011,0.296,0.694
942500,0.010,0.321,0.669
943000,0.010,0.295,0.695
943500,0.010,0.287,0.703
944000,0.010,0.227,0.763
944500,0.010,0.247,0.743
945000,0.011,0.305,0.683
945500,0.015,0.331,0.655
946000,0.011,0.301,0.688
946500,0.010,0.305,0.684
947000,0.010,0.358,0.631
947500,0.010,0.310,0.680
948000,0.010,0.339,0.651
948500,0.010,0.357,0.633
949000,0.010,0.357,0.633
949500,0.010,0.353,0.637
950000,0.010,0.312,0.678
950500,0.011,0.300,0.688
951000,0.016,0.282,0.702
951500,0.018,0.285,0.696
952000,0.013,0.309,0.679
952500,0.013,0.340,0.647
953000,0.010,0.347,0.643
953500,0.010,0.294,0.696
954000,0.015,0.320,0.666
954500,0.010,0.300,0.690
955000,0.010,0.314,0.676
955500,0.010,0.339,0.651
956000,0.010,0.310,0.680
956500,0.010,0.267,0.723
957000,0.010,0.287,0.703
957500,0.011,0.322,0.667
958000,0.010,0.310,0.680
958500,0.010,0.292,0.698
959000,0.010,0.310,0.680
959500,0.010,0.354,0.636
960000,0.010,0.358,0.632
960500,0.010,0.306,0.684
961000,0.011,0.380,0.609
961500,0.010,0.419,0.571
962000,0.010,0.390,0.601
962500,0.010,0.338,0.652
963000,0.010,0.317,0.673
963500,0.010,0.335,0.655
964000,0.010,0.360,0.630
964500,0.010,0.379,0.611
965000,0.011,0.411,0.578
965500,0.011,0.384,0.606
966000,0.010,0.338,0.652
966500,0.010,0.306,0.684
967000,0.012,0.298,0.690
967500,0.015,0.318,0.667
968000,0.011,0.291,0.698
968500,0.010,0.332,0.658
969000,0.010,0.299,0.691
969500,0.010,0.304,0.685
970000,0.010,0.294,0.696
970500,0.010,0.319,0.671
971000,0.010,0.313,0.677
971500,0.010,0.346,0.643
972000,0.010,0.390,0.600
972500,0.013,0.372,0.615
973000,0.010,0.354,0.635
973500,0.010,0.363,0.627
974000,0.010,0.323,0.667
974500,0.010,0.314,0.676
975000,0.010,0.334,0.656
975500,0.010,0.325,0.665
976000,0.010,0.367,0.623
976500,0.010,0.366,0.623
977000,0.015,0.323,0.661
977500,0.014,0.325,0.661
978000,0.014,0.320,0.666
978500,0.014,0.315,0.671
979000,0.010,0.313,0.677
979500,0.010,0.272,0.718
980000,0.010,0.307,0.683
980500,0.010,0.319,0.671
981000,0.010,0.307,0.683
981500,0.010,0.387,0.603
982000,0.015,0.355,0.629
982500,0.011,0.382,0.607
983000,0.011,0.364,0.625
983500,0.012,0.317,0.671
984000,0.011,0.294,0.695
984500,0.010,0.275,0.715
985000,0.010,0.286,0.704
985500,0.010,0.359,0.631
986000,0.010,0.272,0.718
986500,0.010,0.324,0.666
987000,0.016,0.302,0.681
987500,0.010,0.308,0.681
988000,0.017,0.269,0.715
988500,0.011,0.301,0.688
989000,0.010,0.309,0.680
989500,0.010,0.302,0.688
990000,0.013,0.315,0.672
990500,0.010,0.337,0.653
991000,0.010,0.349,0.641
991500,0.010,0.383,0.607
992000,0.010,0.312,0.677
992500,0.016,0.295,0.689
993000,0.020,0.231,0.749
993500,0.011,0.289,0.699
994000,0.011,0.331,0.659
994500,0.012,0.303,0.684
995000,0.010,0.310,0.680
995500,0.010,0.289,0.701
996000,0.010,0.288,0.702
996500,0.010,0.296,0.694
997000,0.010,0.345,0.645
997500,0.010,0.304,0.685
998000,0.010,0.262,0.728
998500,0.010,0.285,0.705
999000,0.013,0.258,0.729
999500,0.011,0.324,0.665
1000000,0.010,0.299,0.691
