time,n_A+p,n_B,n_AB
500,0.050,0.871,0.079
1000,0.050,0.722,0.228
1500,0.051,0.657,0.292
2000,0.053,0.662,0.285
2500,0.050,0.651,0.299
3000,0.054,0.684,0.262
3500,0.054,0.657,0.289
4000,0.050,0.586,0.364
4500,0.050,0.650,0.300
5000,0.050,0.662,0.288
5500,0.050,0.726,0.224
6000,0.050,0.742,0.208
6500,0.054,0.711,0.235
7000,0.050,0.714,0.236
7500,0.050,0.715,0.235
8000,0.050,0.685,0.265
8500,0.050,0.704,0.246
9000,0.050,0.679,0.271
9500,0.050,0.685,0.265
10000,0.050,0.694,0.256
10500,0.056,0.608,0.336
11000,0.050,0.571,0.379
11500,0.052,0.663,0.285
12000,0.050,0.686,0.264
12500,0.050,0.762,0.188
13000,0.050,0.723,0.227
13500,0.050,0.701,0.249
14000,0.050,0.705,0.245
14500,0.050,0.686,0.264
15000,0.050,0.699,0.251
15500,0.050,0.703,0.247
16000,0.050,0.597,0.353
16500,0.052,0.653,0.295
17000,0.051,0.655,0.294
17500,0.050,0.600,0.350
18000,0.050,0.645,0.305
18500,0.050,0.695,0.255
19000,0.050,0.638,0.312
19500,0.050,0.684,0.266
20000,0.050,0.644,0.306
20500,0.050,0.671,0.279
21000,0.050,0.656,0.294
21500,0.050,0.664,0.286
22000,0.050,0.683,0.267
22500,0.050,0.638,0.312
23000,0.050,0.664,0.286
23500,0.050,0.657,0.293
24000,0.050,0.686,0.264
24500,0.050,0.707,0.243
25000,0.050,0.686,0.264
25500,0.050,0.697,0.253
26000,0.050,0.679,0.271
26500,0.050,0.635,0.315
27000,0.050,0.667,0.283
27500,0.050,0.679,0.271
28000,0.050,0.705,0.245
28500,0.050,0.658,0.292
29000,0.051,0.634,0.315
29500,0.050,0.652,0.298
30000,0.050,0.702,0.248
30500,0.050,0.702,0.248
31000,0.050,0.720,0.230
31500,0.050,0.729,0.221
32000,0.050,0.716,0.234
32500,0.050,0.680,0.270
33000,0.050,0.665,0.285
33500,0.053,0.662,0.285
34000,0.050,0.606,0.344
34500,0.060,0.562,0.378
35000,0.058,0.573,0.369
35500,0.056,0.630,0.314
36000,0.052,0.672,0.276
36500,0.050,0.705,0.245
37000,0.050,0.656,0.294
37500,0.050,0.690,0.260
38000,0.050,0.706,0.244
38500,0.054,0.688,0.258
39000,0.050,0.741,0.209
39500,0.050,0.764,0.186
40000,0.050,0.746,0.204
40500,0.054,0.742,0.204
41000,0.051,0.689,0.260
41500,0.050,0.687,0.263
42000,0.050,0.682,0.268
42500,0.050,0.675,0.275
43000,0.050,0.714,0.236
43500,0.050,0.700,0.250
44000,0.050,0.686,0.264
44500,0.050,0.689,0.261
45000,0.050,0.700,0.250
45500,0.050,0.669,0.281
46000,0.050,0.692,0.258
46500,0.050,0.627,0.323
47000,0.050,0.642,0.308
47500,0.051,0.609,0.340
48000,0.052,0.675,0.273
48500,0.051,0.680,0.269
49000,0.050,0.670,0.280
49500,0.050,0.651,0.299
50000,0.050,0.659,0.291
50500,0.050,0.712,0.238
51000,0.050,0.729,0.221
51500,0.050,0.706,0.244
52000,0.050,0.657,0.293
52500,0.050,0.650,0.300
53000,0.050,0.630,0.320
53500,0.054,0.679,0.267
54000,0.050,0.678,0.272
54500,0.050,0.698,0.252
55000,0.050,0.722,0.228
55500,0.053,0.743,0.204
56000,0.051,0.661,0.288
56500,0.050,0.712,0.238
57000,0.051,0.633,0.316
57500,0.050,0.579,0.371
58000,0.050,0.633,0.317
58500,0.050,0.594,0.356
59000,0.050,0.671,0.279
59500,0.050,0.723,0.227
60000,0.050,0.624,0.326
60500,0.050,0.605,0.345
61000,0.050,0.614,0.336
61500,0.053,0.647,0.300
62000,0.050,0.681,0.269
62500,0.052,0.660,0.288
63000,0.050,0.658,0.292
63500,0.050,0.660,0.290
64000,0.052,0.663,0.285
64500,0.050,0.693,0.257
65000,0.050,0.657,0.293
65500,0.050,0.582,0.368
66000,0.050,0.602,0.348
66500,0.052,0.622,0.326
67000,0.050,0.658,0.292
67500,0.050,0.617,0.333
68000,0.050,0.583,0.367
68500,0.050,0.551,0.399
69000,0.050,0.628,0.322
69500,0.053,0.612,0.335
70000,0.050,0.631,0.319
70500,0.050,0.661,0.289
71000,0.050,0.728,0.222
71500,0.050,0.643,0.307
72000,0.055,0.676,0.269
72500,0.050,0.668,0.282
73000,0.050,0.688,0.262
73500,0.050,0.713,0.237
74000,0.050,0.674,0.276
74500,0.050,0.689,0.261
75000,0.051,0.659,0.290
75500,0.050,0.695,0.255
76000,0.050,0.696,0.254
76500,0.050,0.660,0.290
77000,0.055,0.716,0.229
77500,0.050,0.718,0.232
78000,0.050,0.735,0.215
78500,0.050,0.641,0.309
79000,0.050,0.664,0.286
79500,0.050,0.682,0.268
80000,0.050,0.764,0.186
80500,0.050,0.748,0.202
81000,0.050,0.734,0.216
81500,0.050,0.690,0.260
82000,0.050,0.662,0.288
82500,0.050,0.699,0.251
83000,0.050,0.598,0.352
83500,0.054,0.653,0.293
84000,0.052,0.701,0.247
84500,0.050,0.694,0.256
85000,0.050,0.673,0.277
85500,0.050,0.666,0.284
86000,0.054,0.628,0.318
86500,0.050,0.603,0.347
87000,0.052,0.600,0.348
87500,0.053,0.629,0.318
88000,0.056,0.654,0.290
88500,0.051,0.639,0.310
89000,0.052,0.585,0.363
89500,0.052,0.659,0.289
90000,0.050,0.656,0.294
90500,0.050,0.718,0.232
91000,0.050,0.699,0.251
91500,0.050,0.685,0.265
92000,0.050,0.677,0.273
92500,0.053,0.659,0.288
93000,0.050,0.662,0.288
93500,0.052,0.671,0.277
94000,0.051,0.688,0.261
94500,0.050,0.692,0.258
95000,0.050,0.673,0.277
95500,0.050,0.737,0.213
96000,0.052,0.707,0.241
96500,0.054,0.647,0.299
97000,0.051,0.629,0.320
97500,0.050,0.656,0.294
98000,0.050,0.636,0.314
98500,0.051,0.694,0.255
99000,0.050,0.674,0.276
99500,0.054,0.611,0.335
100000,0.050,0.648,0.302
100500,0.052,0.623,0.325
101000,0.050,0.693,0.257
101500,0.050,0.676,0.274
102000,0.050,0.676,0.274
102500,0.055,0.665,0.280
103000,0.054,0.627,0.319
103500,0.051,0.616,0.333
104000,0.050,0.658,0.292
104500,0.050,0.671,0.279
105000,0.050,0.735,0.215
105500,0.050,0.695,0.255
106000,0.050,0.641,0.309
106500,0.050,0.656,0.294
107000,0.051,0.634,0.315
107500,0.050,0.664,0.286
108000,0.050,0.688,0.262
108500,0.056,0.645,0.299
109000,0.050,0.624,0.326
109500,0.050,0.630,0.320
110000,0.050,0.656,0.294
110500,0.050,0.715,0.235
111000,0.050,0.681,0.269
111500,0.050,0.680,0.270
112000,0.050,0.675,0.275
112500,0.050,0.636,0.314
113000,0.050,0.670,0.280
113500,0.050,0.685,0.265
114000,0.050,0.573,0.377
114500,0.062,0.605,0.333
115000,0.051,0.635,0.314
115500,0.050,0.642,0.308
116000,0.051,0.649,0.300
116500,0.053,0.707,0.240
117000,0.053,0.661,0.286
117500,0.050,0.680,0.270
118000,0.050,0.651,0.299
118500,0.056,0.663,0.281
119000,0.059,0.579,0.362
119500,0.055,0.618,0.327
120000,0.054,0.619,0.327
120500,0.050,0.658,0.292
121000,0.050,0.625,0.325
121500,0.050,0.669,0.281
122000,0.050,0.721,0.229
122500,0.050,0.662,0.288
123000,0.050,0.693,0.257
123500,0.050,0.656,0.294
124000,0.054,0.624,0.322
124500,0.050,0.656,0.294
125000,0.050,0.632,0.318
125500,0.050,0.644,0.306
126000,0.050,0.670,0.280
126500,0.050,0.643,0.307
127000,0.050,0.645,0.305
127500,0.053,0.635,0.312
128000,0.052,0.671,0.277
128500,0.050,0.692,0.258
129000,0.050,0.696,0.254
129500,0.050,0.713,0.237
130000,0.050,0.744,0.206
130500,0.050,0.650,0.300
131000,0.050,0.667,0.283
131500,0.050,0.692,0.258
132000,0.050,0.623,0.327
132500,0.050,0.660,0.290
133000,0.050,0.639,0.311
133500,0.050,0.673,0.277
134000,0.050,0.705,0.245
134500,0.050,0.668,0.282
135000,0.050,0.673,0.277
135500,0.050,0.662,0.288
136000,0.050,0.699,0.251
136500,0.050,0.673,0.277
137000,0.050,0.645,0.305
137500,0.050,0.643,0.307
138000,0.050,0.629,0.321
138500,0.050,0.658,0.292
139000,0.052,0.712,0.236
139500,0.054,0.668,0.278
140000,0.050,0.656,0.294
140500,0.050,0.667,0.283
141000,0.050,0.731,0.219
141500,0.050,0.679,0.271
142000,0.050,0.690,0.260
142500,0.050,0.728,0.222
143000,0.050,0.661,0.289
143500,0.050,0.605,0.345
144000,0.050,0.638,0.312
144500,0.050,0.666,0.284
145000,0.050,0.689,0.261
145500,0.050,0.691,0.259
146000,0.050,0.656,0.294
146500,0.050,0.617,0.333
147000,0.050,0.602,0.348
147500,0.055,0.641,0.304
148000,0.050,0.647,0.303
148500,0.050,0.642,0.308
149000,0.050,0.624,0.326
149500,0.051,0.626,0.323
150000,0.050,0.618,0.332
150500,0.050,0.621,0.329
151000,0.050,0.673,0.277
151500,0.052,0.614,0.334
152000,0.050,0.645,0.305
152500,0.050,0.632,0.318
153000,0.050,0.633,0.317
153500,0.053,0.587,0.360
154000,0.053,0.581,0.366
154500,0.050,0.633,0.317
155000,0.050,0.590,0.360
155500,0.051,0.596,0.353
156000,0.050,0.656,0.294
156500,0.050,0.667,0.283
157000,0.050,0.724,0.226
157500,0.050,0.685,0.265
158000,0.050,0.723,0.227
158500,0.050,0.668,0.282
159000,0.052,0.653,0.295
159500,0.051,0.648,0.301
160000,0.050,0.650,0.300
160500,0.053,0.677,0.270
161000,0.050,0.643,0.307
161500,0.050,0.684,0.266
162000,0.050,0.700,0.250
162500,0.050,0.734,0.216
163000,0.050,0.735,0.215
163500,0.050,0.718,0.232
164000,0.050,0.685,0.265
164500,0.050,0.701,0.249
165000,0.050,0.712,0.238
165500,0.050,0.694,0.256
166000,0.050,0.662,0.288
166500,0.054,0.587,0.359
167000,0.056,0.586,0.358
167500,0.051,0.590,0.359
168000,0.052,0.604,0.344
168500,0.055,0.609,0.336
169000,0.053,0.673,0.274
169500,0.055,0.622,0.323
170000,0.053,0.523,0.424
170500,0.056,0.586,0.358
171000,0.050,0.635,0.315
171500,0.050,0.645,0.305
172000,0.050,0.629,0.321
172500,0.050,0.688,0.262
173000,0.050,0.652,0.298
173500,0.050,0.666,0.284
174000,0.050,0.682,0.268
174500,0.050,0.741,0.209
175000,0.050,0.706,0.244
175500,0.051,0.653,0.296
176000,0.050,0.667,0.283
176500,0.050,0.631,0.319
177000,0.050,0.664,0.286
177500,0.050,0.655,0.295
178000,0.050,0.664,0.286
178500,0.050,0.698,0.252
179000,0.050,0.719,0.231
179500,0.050,0.717,0.233
180000,0.050,0.708,0.242
180500,0.050,0.698,0.252
181000,0.050,0.692,0.258
181500,0.055,0.679,0.266
182000,0.050,0.702,0.248
182500,0.050,0.760,0.190
183000,0.050,0.700,0.250
183500,0.050,0.724,0.226
184000,0.050,0.694,0.256
184500,0.050,0.747,0.203
185000,0.050,0.692,0.258
185500,0.050,0.691,0.259
186000,0.050,0.717,0.233
186500,0.051,0.660,0.289
187000,0.050,0.626,0.324
187500,0.053,0.643,0.304
188000,0.050,0.608,0.342
188500,0.050,0.682,0.268
189000,0.050,0.636,0.314
189500,0.050,0.677,0.273
190000,0.050,0.681,0.269
190500,0.050,0.749,0.201
191000,0.050,0.781,0.169
191500,0.050,0.682,0.268
192000,0.050,0.688,0.262
192500,0.050,0.677,0.273
193000,0.050,0.663,0.287
193500,0.050,0.697,0.253
194000,0.050,0.655,0.295
194500,0.050,0.680,0.270
195000,0.050,0.674,0.276
195500,0.052,0.705,0.243
196000,0.050,0.682,0.268
196500,0.050,0.640,0.310
197000,0.050,0.622,0.328
197500,0.050,0.659,0.291
198000,0.050,0.709,0.241
198500,0.050,0.707,0.243
199000,0.050,0.678,0.272
199500,0.050,0.695,0.255
200000,0.050,0.714,0.236
200500,0.052,0.727,0.221
201000,0.050,0.677,0.273
201500,0.050,0.589,0.361
202000,0.050,0.649,0.301
202500,0.050,0.611,0.339
203000,0.052,0.625,0.323
203500,0.051,0.637,0.312
204000,0.051,0.646,0.303
204500,0.056,0.628,0.316
205000,0.050,0.639,0.311
205500,0.050,0.676,0.274
206000,0.050,0.688,0.262
206500,0.050,0.687,0.263
207000,0.050,0.711,0.239
207500,0.050,0.675,0.275
208000,0.055,0.669,0.276
208500,0.050,0.708,0.242
209000,0.050,0.682,0.268
209500,0.050,0.730,0.220
210000,0.050,0.691,0.259
210500,0.050,0.661,0.289
211000,0.050,0.671,0.279
211500,0.050,0.643,0.307
212000,0.050,0.630,0.320
212500,0.050,0.588,0.362
213000,0.050,0.611,0.339
213500,0.052,0.595,0.353
214000,0.053,0.626,0.321
214500,0.050,0.698,0.252
215000,0.050,0.715,0.235
215500,0.050,0.617,0.333
216000,0.050,0.619,0.331
216500,0.050,0.638,0.312
217000,0.052,0.617,0.331
217500,0.051,0.624,0.325
218000,0.050,0.607,0.343
218500,0.050,0.644,0.306
219000,0.050,0.624,0.326
219500,0.051,0.664,0.285
220000,0.050,0.707,0.243
220500,0.055,0.733,0.212
221000,0.050,0.749,0.201
221500,0.050,0.695,0.255
222000,0.050,0.688,0.262
222500,0.052,0.647,0.301
223000,0.050,0.654,0.296
223500,0.050,0.662,0.288
224000,0.050,0.643,0.307
224500,0.050,0.653,0.297
225000,0.050,0.612,0.338
225500,0.050,0.699,0.251
226000,0.050,0.705,0.245
226500,0.050,0.660,0.290
227000,0.050,0.665,0.285
227500,0.054,0.707,0.239
228000,0.051,0.704,0.245
228500,0.050,0.683,0.267
229000,0.050,0.677,0.273
229500,0.052,0.662,0.286
230000,0.050,0.672,0.278
230500,0.051,0.654,0.295
231000,0.050,0.634,0.316
231500,0.050,0.714,0.236
232000,0.050,0.706,0.244
232500,0.050,0.663,0.287
233000,0.050,0.617,0.333
233500,0.050,0.653,0.297
234000,0.051,0.664,0.285
234500,0.050,0.660,0.290
235000,0.052,0.641,0.307
235500,0.050,0.627,0.323
236000,0.053,0.659,0.288
236500,0.051,0.707,0.242
237000,0.050,0.681,0.269
237500,0.055,0.629,0.316
238000,0.051,0.554,0.395
238500,0.050,0.668,0.282
239000,0.050,0.656,0.294
239500,0.054,0.645,0.301
240000,0.050,0.636,0.314
240500,0.050,0.707,0.243
241000,0.050,0.653,0.297
241500,0.050,0.615,0.335
242000,0.050,0.694,0.256
242500,0.050,0.710,0.240
243000,0.050,0.688,0.262
243500,0.050,0.652,0.298
244000,0.052,0.571,0.377
244500,0.050,0.636,0.314
245000,0.050,0.630,0.320
245500,0.052,0.563,0.385
246000,0.054,0.579,0.367
246500,0.050,0.586,0.364
247000,0.050,0.606,0.344
247500,0.050,0.647,0.303
248000,0.050,0.726,0.224
248500,0.050,0.684,0.266
249000,0.050,0.692,0.258
249500,0.050,0.657,0.293
250000,0.050,0.650,0.300
250500,0.055,0.583,0.362
251000,0.051,0.609,0.340
251500,0.050,0.606,0.344
252000,0.053,0.583,0.364
252500,0.051,0.633,0.316
253000,0.051,0.736,0.213
253500,0.050,0.686,0.264
254000,0.050,0.642,0.308
254500,0.050,0.623,0.327
255000,0.050,0.677,0.273
255500,0.052,0.687,0.261
256000,0.054,0.713,0.233
256500,0.052,0.737,0.211
257000,0.050,0.638,0.312
257500,0.050,0.673,0.277
258000,0.050,0.684,0.266
258500,0.050,0.701,0.249
259000,0.050,0.700,0.250
259500,0.052,0.744,0.204
260000,0.050,0.744,0.206
260500,0.051,0.707,0.242
261000,0.051,0.647,0.302
261500,0.053,0.685,0.262
262000,0.050,0.660,0.290
262500,0.057,0.592,0.351
263000,0.051,0.581,0.368
263500,0.050,0.600,0.350
264000,0.050,0.633,0.317
264500,0.050,0.713,0.237
265000,0.050,0.675,0.275
265500,0.050,0.645,0.305
266000,0.050,0.673,0.277
266500,0.050,0.635,0.315
267000,0.050,0.681,0.269
267500,0.053,0.683,0.264
268000,0.050,0.667,0.283
268500,0.050,0.693,0.257
269000,0.050,0.673,0.277
269500,0.050,0.703,0.247
270000,0.050,0.660,0.290
270500,0.054,0.683,0.263
271000,0.053,0.699,0.248
271500,0.052,0.696,0.252
272000,0.050,0.669,0.281
272500,0.052,0.680,0.268
273000,0.050,0.676,0.274
273500,0.050,0.705,0.245
274000,0.050,0.732,0.218
274500,0.050,0.751,0.199
275000,0.050,0.719,0.231
275500,0.050,0.667,0.283
276000,0.050,0.685,0.265
276500,0.050,0.714,0.236
277000,0.050,0.685,0.265
277500,0.050,0.689,0.261
278000,0.050,0.655,0.295
278500,0.050,0.695,0.255
279000,0.052,0.650,0.298
279500,0.050,0.670,0.280
280000,0.050,0.656,0.294
280500,0.050,0.659,0.291
281000,0.050,0.678,0.272
281500,0.050,0.619,0.331
282000,0.050,0.640,0.310
282500,0.050,0.704,0.246
283000,0.050,0.712,0.238
283500,0.050,0.727,0.223
284000,0.050,0.687,0.263
284500,0.050,0.709,0.241
285000,0.050,0.647,0.303
285500,0.050,0.665,0.285
286000,0.050,0.656,0.294
286500,0.050,0.655,0.295
287000,0.050,0.587,0.363
287500,0.051,0.564,0.385
288000,0.051,0.663,0.286
288500,0.051,0.644,0.305
289000,0.050,0.717,0.233
289500,0.050,0.707,0.243
290000,0.050,0.679,0.271
290500,0.053,0.627,0.320
291000,0.056,0.578,0.366
291500,0.058,0.620,0.322
292000,0.051,0.618,0.331
292500,0.050,0.615,0.335
293000,0.051,0.684,0.265
293500,0.052,0.704,0.244
294000,0.050,0.687,0.263
294500,0.050,0.698,0.252
295000,0.050,0.688,0.262
295500,0.050,0.733,0.217
296000,0.050,0.717,0.233
296500,0.050,0.738,0.212
297000,0.050,0.659,0.291
297500,0.050,0.658,0.292
298000,0.050,0.635,0.315
298500,0.052,0.642,0.306
299000,0.050,0.733,0.217
299500,0.050,0.746,0.204
300000,0.050,0.754,0.196
300500,0.050,0.757,0.193
301000,0.050,0.715,0.235
301500,0.050,0.740,0.210
302000,0.050,0.689,0.261
302500,0.050,0.641,0.309
303000,0.050,0.639,0.311
303500,0.053,0.594,0.353
304000,0.051,0.642,0.307
304500,0.050,0.685,0.265
305000,0.050,0.677,0.273
305500,0.050,0.654,0.296
306000,0.056,0.654,0.290
306500,0.052,0.683,0.265
307000,0.050,0.729,0.221
307500,0.050,0.699,0.251
308000,0.050,0.660,0.290
308500,0.050,0.663,0.287
309000,0.054,0.699,0.247
309500,0.052,0.679,0.269
310000,0.050,0.685,0.265
310500,0.050,0.712,0.238
311000,0.050,0.725,0.225
311500,0.050,0.730,0.220
312000,0.050,0.686,0.264
312500,0.050,0.713,0.237
313000,0.050,0.779,0.171
313500,0.050,0.718,0.232
314000,0.050,0.689,0.261
314500,0.050,0.666,0.284
315000,0.052,0.683,0.265
315500,0.050,0.669,0.281
316000,0.050,0.667,0.283
316500,0.050,0.636,0.314
317000,0.050,0.677,0.273
317500,0.050,0.663,0.287
318000,0.050,0.640,0.310
318500,0.050,0.664,0.286
319000,0.051,0.692,0.257
319500,0.050,0.690,0.260
320000,0.051,0.711,0.238
320500,0.053,0.700,0.247
321000,0.051,0.642,0.307
321500,0.051,0.695,0.254
322000,0.050,0.702,0.248
322500,0.050,0.676,0.274
323000,0.050,0.677,0.273
323500,0.053,0.681,0.266
324000,0.050,0.680,0.270
324500,0.050,0.653,0.297
325000,0.050,0.682,0.268
325500,0.050,0.686,0.264
326000,0.050,0.715,0.235
326500,0.050,0.707,0.243
327000,0.050,0.690,0.260
327500,0.058,0.630,0.312
328000,0.054,0.650,0.296
328500,0.050,0.565,0.385
329000,0.052,0.549,0.399
329500,0.052,0.606,0.342
330000,0.052,0.657,0.291
330500,0.050,0.720,0.230
331000,0.050,0.713,0.237
331500,0.050,0.697,0.253
332000,0.050,0.727,0.223
332500,0.050,0.694,0.256
333000,0.050,0.661,0.289
333500,0.050,0.685,0.265
334000,0.050,0.666,0.284
334500,0.050,0.693,0.257
335000,0.050,0.679,0.271
335500,0.050,0.692,0.258
336000,0.050,0.633,0.317
336500,0.050,0.551,0.399
337000,0.055,0.583,0.362
337500,0.050,0.688,0.262
338000,0.050,0.660,0.290
338500,0.050,0.670,0.280
339000,0.050,0.686,0.264
339500,0.050,0.667,0.283
340000,0.050,0.702,0.248
340500,0.050,0.697,0.253
341000,0.050,0.760,0.190
341500,0.050,0.719,0.231
342000,0.050,0.690,0.260
342500,0.050,0.703,0.247
343000,0.050,0.661,0.289
343500,0.050,0.635,0.315
344000,0.050,0.643,0.307
344500,0.050,0.620,0.330
345000,0.050,0.717,0.233
345500,0.053,0.702,0.245
346000,0.052,0.721,0.227
346500,0.050,0.697,0.253
347000,0.050,0.703,0.247
347500,0.050,0.726,0.224
348000,0.052,0.704,0.244
348500,0.050,0.703,0.247
349000,0.050,0.631,0.319
349500,0.050,0.669,0.281
350000,0.050,0.677,0.273
350500,0.050,0.772,0.178
351000,0.050,0.779,0.171
351500,0.050,0.778,0.172
352000,0.050,0.758,0.192
352500,0.050,0.752,0.198
353000,0.050,0.715,0.235
353500,0.050,0.712,0.238
354000,0.050,0.693,0.257
354500,0.053,0.616,0.331
355000,0.051,0.622,0.327
355500,0.055,0.633,0.312
356000,0.059,0.564,0.377
356500,0.052,0.573,0.375
357000,0.052,0.616,0.332
357500,0.050,0.635,0.315
358000,0.050,0.610,0.340
358500,0.050,0.703,0.247
359000,0.054,0.674,0.272
359500,0.050,0.656,0.294
360000,0.050,0.610,0.340
360500,0.054,0.628,0.318
361000,0.050,0.595,0.355
361500,0.053,0.576,0.371
362000,0.053,0.525,0.422
362500,0.058,0.534,0.408
363000,0.056,0.595,0.349
363500,0.051,0.699,0.250
364000,0.051,0.715,0.234
364500,0.050,0.690,0.260
365000,0.050,0.677,0.273
365500,0.050,0.633,0.317
366000,0.050,0.630,0.320
366500,0.053,0.641,0.306
367000,0.050,0.649,0.301
367500,0.050,0.697,0.253
368000,0.050,0.700,0.250
368500,0.050,0.633,0.317
369000,0.050,0.630,0.320
369500,0.052,0.661,0.287
370000,0.050,0.643,0.307
370500,0.050,0.663,0.287
371000,0.050,0.702,0.248
371500,0.050,0.716,0.234
372000,0.054,0.704,0.242
372500,0.052,0.659,0.289
373000,0.050,0.688,0.262
373500,0.053,0.678,0.269
374000,0.050,0.692,0.258
374500,0.054,0.715,0.231
375000,0.052,0.669,0.279
375500,0.051,0.672,0.277
376000,0.050,0.684,0.266
376500,0.050,0.723,0.227
377000,0.050,0.698,0.252
377500,0.050,0.665,0.285
378000,0.050,0.703,0.247
378500,0.050,0.715,0.235
379000,0.050,0.714,0.236
379500,0.052,0.660,0.288
380000,0.050,0.681,0.269
380500,0.050,0.691,0.259
381000,0.050,0.700,0.250
381500,0.050,0.659,0.291
382000,0.052,0.694,0.254
382500,0.050,0.684,0.266
383000,0.050,0.698,0.252
383500,0.050,0.698,0.252
384000,0.050,0.683,0.267
384500,0.050,0.651,0.299
385000,0.051,0.614,0.335
385500,0.050,0.651,0.299
386000,0.054,0.594,0.352
386500,0.050,0.661,0.289
387000,0.050,0.676,0.274
387500,0.050,0.670,0.280
388000,0.050,0.636,0.314
388500,0.050,0.653,0.297
389000,0.057,0.669,0.274
389500,0.051,0.737,0.212
390000,0.050,0.714,0.236
390500,0.050,0.742,0.208
391000,0.050,0.704,0.246
391500,0.050,0.722,0.228
392000,0.050,0.753,0.197
392500,0.050,0.734,0.216
393000,0.050,0.718,0.232
393500,0.050,0.709,0.241
394000,0.050,0.708,0.242
394500,0.050,0.685,0.265
395000,0.050,0.664,0.286
395500,0.051,0.656,0.293
396000,0.053,0.690,0.257
396500,0.051,0.667,0.282
397000,0.051,0.678,0.271
397500,0.050,0.679,0.271
398000,0.050,0.646,0.304
398500,0.051,0.629,0.320
399000,0.050,0.661,0.289
399500,0.050,0.671,0.279
400000,0.050,0.621,0.329
400500,0.050,0.600,0.350
401000,0.052,0.608,0.340
401500,0.050,0.648,0.302
402000,0.050,0.620,0.330
402500,0.050,0.626,0.324
403000,0.050,0.605,0.345
403500,0.050,0.649,0.301
404000,0.050,0.658,0.292
404500,0.052,0.625,0.323
405000,0.050,0.650,0.300
405500,0.050,0.746,0.204
406000,0.050,0.726,0.224
406500,0.051,0.640,0.309
407000,0.050,0.675,0.275
407500,0.052,0.655,0.293
408000,0.051,0.652,0.297
408500,0.050,0.618,0.332
409000,0.050,0.630,0.320
409500,0.050,0.606,0.344
410000,0.050,0.609,0.341
410500,0.054,0.620,0.326
411000,0.052,0.599,0.349
411500,0.050,0.660,0.290
412000,0.050,0.676,0.274
412500,0.050,0.639,0.311
413000,0.050,0.728,0.222
413500,0.050,0.785,0.165
414000,0.050,0.761,0.189
414500,0.050,0.736,0.214
415000,0.050,0.710,0.240
415500,0.050,0.750,0.200
416000,0.050,0.734,0.216
416500,0.050,0.737,0.213
417000,0.050,0.710,0.240
417500,0.050,0.665,0.285
418000,0.050,0.614,0.336
418500,0.055,0.615,0.330
419000,0.051,0.652,0.297
419500,0.054,0.641,0.305
420000,0.051,0.641,0.308
420500,0.050,0.632,0.318
421000,0.050,0.653,0.297
421500,0.052,0.721,0.227
422000,0.050,0.689,0.261
422500,0.050,0.632,0.318
423000,0.050,0.586,0.364
423500,0.053,0.637,0.310
424000,0.050,0.668,0.282
424500,0.050,0.629,0.321
425000,0.050,0.674,0.276
425500,0.050,0.681,0.269
426000,0.053,0.663,0.284
426500,0.050,0.630,0.320
427000,0.050,0.579,0.371
427500,0.053,0.593,0.354
428000,0.057,0.654,0.289
428500,0.053,0.663,0.284
429000,0.053,0.664,0.283
429500,0.050,0.709,0.241
430000,0.050,0.685,0.265
430500,0.050,0.690,0.260
431000,0.050,0.667,0.283
431500,0.050,0.668,0.282
432000,0.050,0.629,0.321
432500,0.050,0.651,0.299
433000,0.050,0.609,0.341
433500,0.050,0.662,0.288
434000,0.050,0.723,0.227
434500,0.050,0.747,0.203
435000,0.055,0.722,0.223
435500,0.051,0.699,0.250
436000,0.050,0.656,0.294
436500,0.050,0.669,0.281
437000,0.050,0.712,0.238
437500,0.050,0.701,0.249
438000,0.050,0.715,0.235
438500,0.050,0.695,0.255
439000,0.050,0.654,0.296
439500,0.050,0.678,0.272
440000,0.050,0.700,0.250
440500,0.050,0.678,0.272
441000,0.050,0.676,0.274
441500,0.050,0.709,0.241
442000,0.050,0.658,0.292
442500,0.055,0.612,0.333
443000,0.053,0.623,0.324
443500,0.050,0.659,0.291
444000,0.050,0.702,0.248
444500,0.050,0.706,0.244
445000,0.050,0.696,0.254
445500,0.050,0.670,0.280
446000,0.051,0.677,0.272
446500,0.050,0.611,0.339
447000,0.050,0.643,0.307
447500,0.050,0.705,0.245
448000,0.050,0.756,0.194
448500,0.050,0.730,0.220
449000,0.050,0.724,0.226
449500,0.050,0.685,0.265
450000,0.050,0.676,0.274
450500,0.055,0.577,0.368
451000,0.054,0.588,0.358
451500,0.051,0.621,0.328
452000,0.051,0.619,0.330
452500,0.050,0.723,0.227
453000,0.054,0.683,0.263
453500,0.055,0.678,0.267
454000,0.052,0.658,0.290
454500,0.050,0.644,0.306
455000,0.052,0.640,0.308
455500,0.050,0.639,0.311
456000,0.054,0.628,0.318
456500,0.050,0.601,0.349
457000,0.050,0.616,0.334
457500,0.050,0.631,0.319
458000,0.050,0.695,0.255
458500,0.052,0.679,0.269
459000,0.052,0.687,0.261
459500,0.050,0.679,0.271
460000,0.050,0.674,0.276
460500,0.051,0.630,0.319
461000,0.051,0.699,0.250
461500,0.053,0.684,0.263
462000,0.051,0.679,0.270
462500,0.052,0.722,0.226
463000,0.050,0.775,0.175
463500,0.050,0.713,0.237
464000,0.050,0.669,0.281
464500,0.050,0.648,0.302
465000,0.056,0.637,0.307
465500,0.052,0.609,0.339
466000,0.051,0.629,0.320
466500,0.050,0.648,0.302
467000,0.050,0.622,0.328
467500,0.050,0.632,0.318
468000,0.055,0.595,0.350
468500,0.050,0.602,0.348
469000,0.050,0.672,0.278
469500,0.050,0.638,0.312
470000,0.052,0.654,0.294
470500,0.050,0.684,0.266
471000,0.050,0.681,0.269
471500,0.050,0.654,0.296
472000,0.056,0.690,0.254
472500,0.055,0.588,0.357
473000,0.051,0.601,0.348
473500,0.050,0.627,0.323
474000,0.050,0.663,0.287
474500,0.050,0.685,0.265
475000,0.050,0.681,0.269
475500,0.050,0.681,0.269
476000,0.050,0.681,0.269
476500,0.053,0.643,0.304
477000,0.050,0.620,0.330
477500,0.050,0.608,0.342
478000,0.053,0.619,0.328
478500,0.054,0.637,0.309
479000,0.051,0.666,0.283
479500,0.050,0.646,0.304
480000,0.053,0.663,0.284
480500,0.050,0.653,0.297
481000,0.050,0.677,0.273
481500,0.050,0.609,0.341
482000,0.050,0.674,0.276
482500,0.050,0.707,0.243
483000,0.050,0.688,0.262
483500,0.050,0.682,0.268
484000,0.050,0.730,0.220
484500,0.050,0.704,0.246
485000,0.050,0.695,0.255
485500,0.050,0.715,0.235
486000,0.050,0.718,0.232
486500,0.050,0.653,0.297
487000,0.050,0.660,0.290
487500,0.052,0.686,0.262
488000,0.050,0.696,0.254
488500,0.050,0.702,0.248
489000,0.050,0.673,0.277
489500,0.050,0.618,0.332
490000,0.050,0.639,0.311
490500,0.050,0.595,0.355
491000,0.050,0.648,0.302
491500,0.051,0.660,0.289
492000,0.050,0.630,0.320
492500,0.050,0.658,0.292
493000,0.050,0.668,0.282
493500,0.050,0.652,0.298
494000,0.050,0.670,0.280
494500,0.050,0.667,0.283
495000,0.050,0.693,0.257
495500,0.050,0.640,0.310
496000,0.050,0.591,0.359
496500,0.050,0.615,0.335
497000,0.050,0.647,0.303
497500,0.050,0.719,0.231
498000,0.050,0.715,0.235
498500,0.050,0.702,0.248
499000,0.050,0.688,0.262
499500,0.050,0.720,0.230
500000,0.050,0.693,0.257
500500,0.052,0.683,0.265
501000,0.054,0.631,0.315
501500,0.051,0.592,0.357
502000,0.050,0.616,0.334
502500,0.050,0.666,0.284
503000,0.050,0.662,0.288
503500,0.054,0.730,0.216
504000,0.050,0.691,0.259
504500,0.050,0.693,0.257
505000,0.050,0.701,0.249
505500,0.050,0.698,0.252
506000,0.051,0.645,0.304
506500,0.050,0.643,0.307
507000,0.050,0.622,0.328
507500,0.052,0.615,0.333
508000,0.055,0.669,0.276
508500,0.054,0.676,0.270
509000,0.062,0.666,0.272
509500,0.054,0.615,0.331
510000,0.052,0.641,0.307
510500,0.051,0.635,0.314
511000,0.050,0.641,0.309
511500,0.053,0.622,0.325
512000,0.051,0.671,0.278
512500,0.050,0.715,0.235
513000,0.050,0.680,0.270
513500,0.050,0.663,0.287
514000,0.050,0.625,0.325
514500,0.052,0.614,0.334
515000,0.055,0.571,0.374
515500,0.051,0.673,0.276
516000,0.050,0.638,0.312
516500,0.051,0.665,0.284
517000,0.050,0.699,0.251
517500,0.052,0.646,0.302
518000,0.050,0.707,0.243
518500,0.050,0.702,0.248
519000,0.050,0.751,0.199
519500,0.050,0.732,0.218
520000,0.050,0.698,0.252
520500,0.050,0.707,0.243
521000,0.050,0.645,0.305
521500,0.050,0.697,0.253
522000,0.050,0.616,0.334
522500,0.050,0.607,0.343
523000,0.050,0.616,0.334
523500,0.057,0.581,0.362
524000,0.051,0.663,0.286
524500,0.050,0.687,0.263
525000,0.050,0.637,0.313
525500,0.051,0.643,0.306
526000,0.050,0.593,0.357
526500,0.051,0.606,0.343
527000,0.051,0.672,0.277
527500,0.050,0.649,0.301
528000,0.050,0.598,0.352
528500,0.050,0.667,0.283
529000,0.050,0.672,0.278
529500,0.050,0.685,0.265
530000,0.050,0.696,0.254
530500,0.050,0.680,0.270
531000,0.050,0.664,0.286
531500,0.052,0.645,0.303
532000,0.050,0.623,0.327
532500,0.050,0.620,0.330
533000,0.050,0.648,0.302
533500,0.050,0.658,0.292
534000,0.052,0.594,0.354
534500,0.052,0.638,0.310
535000,0.050,0.663,0.287
535500,0.050,0.717,0.233
536000,0.050,0.712,0.238
536500,0.050,0.692,0.258
537000,0.054,0.721,0.225
537500,0.050,0.701,0.249
538000,0.050,0.669,0.281
538500,0.050,0.663,0.287
539000,0.050,0.631,0.319
539500,0.050,0.688,0.262
540000,0.050,0.689,0.261
540500,0.050,0.623,0.327
541000,0.055,0.611,0.334
541500,0.057,0.563,0.380
542000,0.059,0.580,0.361
542500,0.053,0.653,0.294
543000,0.050,0.660,0.290
543500,0.050,0.680,0.270
544000,0.055,0.639,0.306
544500,0.050,0.664,0.286
545000,0.054,0.676,0.270
545500,0.054,0.637,0.309
546000,0.052,0.641,0.307
546500,0.050,0.689,0.261
547000,0.050,0.655,0.295
547500,0.053,0.668,0.279
548000,0.051,0.651,0.298
548500,0.050,0.632,0.318
549000,0.050,0.703,0.247
549500,0.050,0.683,0.267
550000,0.053,0.596,0.351
550500,0.054,0.678,0.268
551000,0.050,0.639,0.311
551500,0.050,0.653,0.297
552000,0.050,0.643,0.307
552500,0.056,0.632,0.312
553000,0.051,0.601,0.348
553500,0.050,0.644,0.306
554000,0.059,0.630,0.311
554500,0.051,0.623,0.326
555000,0.050,0.611,0.339
555500,0.051,0.649,0.300
556000,0.050,0.659,0.291
556500,0.050,0.707,0.243
557000,0.050,0.674,0.276
557500,0.050,0.696,0.254
558000,0.050,0.680,0.270
558500,0.050,0.700,0.250
559000,0.050,0.621,0.329
559500,0.060,0.569,0.371
560000,0.053,0.576,0.371
560500,0.056,0.576,0.368
561000,0.051,0.586,0.363
561500,0.056,0.597,0.347
562000,0.051,0.612,0.337
562500,0.050,0.612,0.338
563000,0.054,0.620,0.326
563500,0.050,0.642,0.308
564000,0.050,0.637,0.313
564500,0.050,0.642,0.308
565000,0.053,0.660,0.287
565500,0.050,0.629,0.321
566000,0.051,0.640,0.309
566500,0.050,0.652,0.298
567000,0.050,0.699,0.251
567500,0.050,0.651,0.299
568000,0.050,0.638,0.312
568500,0.050,0.655,0.295
569000,0.052,0.685,0.263
569500,0.051,0.627,0.322
570000,0.050,0.650,0.300
570500,0.050,0.625,0.325
571000,0.050,0.632,0.318
571500,0.050,0.663,0.287
572000,0.050,0.632,0.318
572500,0.051,0.591,0.358
573000,0.050,0.570,0.380
573500,0.050,0.607,0.343
574000,0.053,0.657,0.290
574500,0.054,0.592,0.354
575000,0.052,0.610,0.338
575500,0.050,0.582,0.368
576000,0.052,0.658,0.290
576500,0.050,0.703,0.247
577000,0.052,0.658,0.290
577500,0.050,0.667,0.283
578000,0.050,0.658,0.292
578500,0.050,0.708,0.242
579000,0.050,0.697,0.253
579500,0.054,0.595,0.351
580000,0.051,0.643,0.306
580500,0.051,0.610,0.339
581000,0.050,0.573,0.377
581500,0.050,0.644,0.306
582000,0.050,0.624,0.326
582500,0.050,0.679,0.271
583000,0.050,0.712,0.238
583500,0.050,0.667,0.283
584000,0.050,0.675,0.275
584500,0.050,0.642,0.308
585000,0.050,0.579,0.371
585500,0.052,0.636,0.312
586000,0.050,0.656,0.294
586500,0.054,0.618,0.328
587000,0.052,0.615,0.333
587500,0.052,0.642,0.306
588000,0.050,0.679,0.271
588500,0.056,0.652,0.292
589000,0.051,0.728,0.221
589500,0.050,0.747,0.203
590000,0.050,0.734,0.216
590500,0.050,0.691,0.259
591000,0.050,0.703,0.247
591500,0.050,0.676,0.274
592000,0.054,0.636,0.310
592500,0.050,0.646,0.304
593000,0.054,0.636,0.310
593500,0.055,0.624,0.321
594000,0.050,0.633,0.317
594500,0.050,0.616,0.334
595000,0.050,0.667,0.283
595500,0.050,0.678,0.272
596000,0.050,0.699,0.251
596500,0.051,0.673,0.276
597000,0.050,0.682,0.268
597500,0.053,0.662,0.285
598000,0.050,0.710,0.240
598500,0.050,0.744,0.206
599000,0.050,0.693,0.257
599500,0.050,0.663,0.287
600000,0.050,0.685,0.265
600500,0.050,0.706,0.244
601000,0.053,0.696,0.251
601500,0.051,0.736,0.213
602000,0.050,0.771,0.179
602500,0.050,0.747,0.203
603000,0.053,0.688,0.259
603500,0.050,0.664,0.286
604000,0.050,0.688,0.262
604500,0.053,0.698,0.249
605000,0.051,0.693,0.256
605500,0.050,0.715,0.235
606000,0.050,0.702,0.248
606500,0.050,0.674,0.276
607000,0.050,0.608,0.342
607500,0.050,0.648,0.302
608000,0.050,0.645,0.305
608500,0.054,0.661,0.285
609000,0.052,0.615,0.333
609500,0.050,0.647,0.303
610000,0.050,0.662,0.288
610500,0.050,0.715,0.235
611000,0.050,0.702,0.248
611500,0.050,0.708,0.242
612000,0.050,0.756,0.194
612500,0.050,0.706,0.244
613000,0.050,0.687,0.263
613500,0.050,0.650,0.300
614000,0.054,0.696,0.250
614500,0.050,0.707,0.243
615000,0.050,0.693,0.257
615500,0.054,0.678,0.268
616000,0.051,0.572,0.377
616500,0.050,0.700,0.250
617000,0.050,0.674,0.276
617500,0.050,0.643,0.307
618000,0.050,0.581,0.369
618500,0.061,0.549,0.390
619000,0.053,0.624,0.323
619500,0.050,0.604,0.346
620000,0.050,0.699,0.251
620500,0.050,0.681,0.269
621000,0.050,0.710,0.240
621500,0.050,0.740,0.210
622000,0.050,0.713,0.237
622500,0.050,0.747,0.203
623000,0.050,0.725,0.225
623500,0.050,0.675,0.275
624000,0.050,0.666,0.284
624500,0.050,0.665,0.285
625000,0.050,0.721,0.229
625500,0.050,0.604,0.346
626000,0.050,0.603,0.347
626500,0.051,0.626,0.323
627000,0.050,0.659,0.291
627500,0.050,0.651,0.299
628000,0.053,0.617,0.330
628500,0.050,0.687,0.263
629000,0.050,0.676,0.274
629500,0.050,0.637,0.313
630000,0.054,0.647,0.299
630500,0.055,0.646,0.299
631000,0.050,0.716,0.234
631500,0.050,0.644,0.306
632000,0.050,0.632,0.318
632500,0.050,0.675,0.275
633000,0.050,0.682,0.268
633500,0.050,0.678,0.272
634000,0.050,0.650,0.300
634500,0.050,0.678,0.272
635000,0.054,0.647,0.299
635500,0.050,0.602,0.348
636000,0.050,0.673,0.277
636500,0.057,0.675,0.268
637000,0.051,0.601,0.348
637500,0.050,0.592,0.358
638000,0.050,0.646,0.304
638500,0.052,0.673,0.275
639000,0.051,0.633,0.316
639500,0.051,0.659,0.290
640000,0.056,0.675,0.269
640500,0.051,0.630,0.319
641000,0.050,0.681,0.269
641500,0.050,0.677,0.273
642000,0.050,0.719,0.231
642500,0.050,0.701,0.249
643000,0.050,0.710,0.240
643500,0.050,0.732,0.218
644000,0.050,0.680,0.270
644500,0.050,0.679,0.271
645000,0.050,0.649,0.301
645500,0.050,0.705,0.245
646000,0.050,0.692,0.258
646500,0.050,0.701,0.249
647000,0.050,0.679,0.271
647500,0.050,0.711,0.239
648000,0.050,0.665,0.285
648500,0.050,0.679,0.271
649000,0.052,0.696,0.252
649500,0.050,0.661,0.289
650000,0.050,0.668,0.282
650500,0.051,0.703,0.246
651000,0.050,0.695,0.255
651500,0.050,0.664,0.286
652000,0.050,0.666,0.284
652500,0.051,0.666,0.283
653000,0.050,0.714,0.236
653500,0.050,0.674,0.276
654000,0.050,0.696,0.254
654500,0.050,0.726,0.224
655000,0.051,0.649,0.300
655500,0.055,0.702,0.243
656000,0.050,0.665,0.285
656500,0.050,0.664,0.286
657000,0.050,0.683,0.267
657500,0.050,0.723,0.227
658000,0.050,0.663,0.287
658500,0.050,0.640,0.310
659000,0.050,0.649,0.301
659500,0.055,0.628,0.317
660000,0.053,0.560,0.387
660500,0.050,0.661,0.289
661000,0.050,0.697,0.253
661500,0.050,0.755,0.195
662000,0.050,0.707,0.243
662500,0.050,0.711,0.239
663000,0.050,0.677,0.273
663500,0.050,0.671,0.279
664000,0.053,0.670,0.277
664500,0.050,0.639,0.311
665000,0.050,0.566,0.384
665500,0.056,0.593,0.351
666000,0.052,0.656,0.292
666500,0.050,0.692,0.258
667000,0.058,0.634,0.308
667500,0.059,0.655,0.286
668000,0.051,0.641,0.308
668500,0.050,0.668,0.282
669000,0.050,0.650,0.300
669500,0.050,0.607,0.343
670000,0.050,0.692,0.258
670500,0.051,0.722,0.227
671000,0.050,0.712,0.238
671500,0.050,0.685,0.265
672000,0.050,0.667,0.283
672500,0.054,0.665,0.281
673000,0.050,0.644,0.306
673500,0.050,0.633,0.317
674000,0.050,0.620,0.330
674500,0.051,0.668,0.281
675000,0.050,0.608,0.342
675500,0.050,0.644,0.306
676000,0.050,0.601,0.349
676500,0.050,0.623,0.327
677000,0.050,0.630,0.320
677500,0.050,0.668,0.282
678000,0.054,0.702,0.244
678500,0.050,0.741,0.209
679000,0.050,0.653,0.297
679500,0.050,0.643,0.307
680000,0.052,0.661,0.287
680500,0.051,0.624,0.325
681000,0.050,0.616,0.334
681500,0.053,0.668,0.279
682000,0.050,0.625,0.325
682500,0.054,0.665,0.281
683000,0.050,0.584,0.366
683500,0.051,0.640,0.309
684000,0.051,0.618,0.331
684500,0.052,0.641,0.307
685000,0.054,0.660,0.286
685500,0.051,0.653,0.296
686000,0.051,0.617,0.332
686500,0.059,0.633,0.308
687000,0.059,0.615,0.326
687500,0.052,0.562,0.386
688000,0.050,0.658,0.292
688500,0.052,0.690,0.258
689000,0.051,0.724,0.225
689500,0.050,0.677,0.273
690000,0.050,0.676,0.274
690500,0.050,0.671,0.279
691000,0.050,0.714,0.236
691500,0.050,0.697,0.253
692000,0.050,0.698,0.252
692500,0.050,0.695,0.255
693000,0.050,0.677,0.273
693500,0.050,0.617,0.333
694000,0.050,0.630,0.320
694500,0.050,0.657,0.293
695000,0.050,0.687,0.263
695500,0.053,0.647,0.300
696000,0.054,0.645,0.301
696500,0.053,0.631,0.316
697000,0.050,0.655,0.295
697500,0.050,0.670,0.280
698000,0.050,0.672,0.278
698500,0.050,0.707,0.243
699000,0.052,0.643,0.305
699500,0.051,0.700,0.249
700000,0.050,0.656,0.294
700500,0.050,0.574,0.376
701000,0.051,0.626,0.323
701500,0.057,0.616,0.327
702000,0.052,0.688,0.260
702500,0.051,0.694,0.255
703000,0.051,0.628,0.321
703500,0.050,0.613,0.337
704000,0.050,0.578,0.372
704500,0.050,0.675,0.275
705000,0.050,0.633,0.317
705500,0.050,0.596,0.354
706000,0.050,0.662,0.288
706500,0.050,0.646,0.304
707000,0.050,0.685,0.265
707500,0.050,0.641,0.309
708000,0.051,0.650,0.299
708500,0.050,0.630,0.320
709000,0.050,0.568,0.382
709500,0.050,0.601,0.349
710000,0.050,0.608,0.342
710500,0.050,0.619,0.331
711000,0.050,0.664,0.286
711500,0.050,0.691,0.259
712000,0.050,0.648,0.302
712500,0.051,0.624,0.325
713000,0.050,0.597,0.353
713500,0.050,0.622,0.328
714000,0.050,0.623,0.327
714500,0.053,0.624,0.323
715000,0.050,0.593,0.357
715500,0.050,0.623,0.327
716000,0.050,0.661,0.289
716500,0.050,0.624,0.326
717000,0.050,0.675,0.275
717500,0.050,0.693,0.257
718000,0.050,0.694,0.256
718500,0.050,0.683,0.267
719000,0.050,0.681,0.269
719500,0.050,0.612,0.338
720000,0.051,0.654,0.295
720500,0.050,0.727,0.223
721000,0.053,0.681,0.266
721500,0.050,0.675,0.275
722000,0.050,0.681,0.269
722500,0.050,0.734,0.216
723000,0.050,0.725,0.225
723500,0.050,0.672,0.278
724000,0.050,0.626,0.324
724500,0.050,0.614,0.336
725000,0.051,0.656,0.293
725500,0.050,0.638,0.312
726000,0.050,0.622,0.328
726500,0.050,0.614,0.336
727000,0.050,0.605,0.345
727500,0.050,0.594,0.356
728000,0.051,0.646,0.303
728500,0.050,0.657,0.293
729000,0.050,0.635,0.315
729500,0.051,0.649,0.300
730000,0.051,0.648,0.301
730500,0.050,0.574,0.376
731000,0.050,0.597,0.353
731500,0.053,0.682,0.265
732000,0.051,0.696,0.253
732500,0.050,0.661,0.289
733000,0.050,0.652,0.298
733500,0.053,0.660,0.287
734000,0.051,0.621,0.328
734500,0.051,0.635,0.314
735000,0.050,0.695,0.255
735500,0.050,0.695,0.255
736000,0.050,0.612,0.338
736500,0.050,0.640,0.310
737000,0.051,0.634,0.315
737500,0.050,0.653,0.297
738000,0.050,0.658,0.292
738500,0.054,0.625,0.321
739000,0.052,0.641,0.307
739500,0.050,0.665,0.285
740000,0.052,0.658,0.290
740500,0.052,0.715,0.233
741000,0.050,0.689,0.261
741500,0.050,0.708,0.242
742000,0.050,0.737,0.213
742500,0.050,0.659,0.291
743000,0.050,0.687,0.263
743500,0.050,0.647,0.303
744000,0.050,0.631,0.319
744500,0.050,0.676,0.274
745000,0.050,0.661,0.289
745500,0.057,0.581,0.362
746000,0.053,0.596,0.351
746500,0.053,0.592,0.355
747000,0.054,0.624,0.322
747500,0.053,0.643,0.304
748000,0.050,0.635,0.315
748500,0.050,0.669,0.281
749000,0.053,0.626,0.321
749500,0.050,0.614,0.336
750000,0.065,0.631,0.304
750500,0.052,0.664,0.284
751000,0.050,0.669,0.281
751500,0.050,0.644,0.306
752000,0.050,0.680,0.270
752500,0.050,0.624,0.326
753000,0.052,0.570,0.378
753500,0.062,0.591,0.347
754000,0.055,0.625,0.320
754500,0.056,0.601,0.343
755000,0.052,0.637,0.311
755500,0.050,0.620,0.330
756000,0.050,0.639,0.311
756500,0.056,0.644,0.300
757000,0.050,0.688,0.262
757500,0.050,0.700,0.250
758000,0.050,0.661,0.289
758500,0.052,0.597,0.351
759000,0.050,0.607,0.343
759500,0.050,0.634,0.316
760000,0.056,0.562,0.382
760500,0.052,0.674,0.274
761000,0.051,0.653,0.296
761500,0.052,0.687,0.261
762000,0.050,0.666,0.284
762500,0.050,0.694,0.256
763000,0.050,0.648,0.302
763500,0.050,0.642,0.308
764000,0.050,0.626,0.324
764500,0.050,0.671,0.279
765000,0.052,0.638,0.310
765500,0.051,0.663,0.286
766000,0.050,0.654,0.296
766500,0.050,0.660,0.290
767000,0.050,0.635,0.315
767500,0.050,0.672,0.278
768000,0.050,0.691,0.259
768500,0.050,0.709,0.241
769000,0.050,0.710,0.240
769500,0.050,0.702,0.248
770000,0.050,0.721,0.229
770500,0.050,0.733,0.217
771000,0.050,0.714,0.236
771500,0.050,0.678,0.272
772000,0.055,0.646,0.299
772500,0.051,0.681,0.268
773000,0.050,0.670,0.280
773500,0.050,0.714,0.236
774000,0.050,0.685,0.265
774500,0.050,0.717,0.233
775000,0.050,0.721,0.229
775500,0.050,0.651,0.299
776000,0.050,0.659,0.291
776500,0.053,0.651,0.296
777000,0.050,0.666,0.284
777500,0.050,0.628,0.322
778000,0.050,0.623,0.327
778500,0.050,0.607,0.343
779000,0.054,0.626,0.320
779500,0.050,0.649,0.301
780000,0.050,0.617,0.333
780500,0.053,0.650,0.297
781000,0.050,0.678,0.272
781500,0.050,0.690,0.260
782000,0.050,0.673,0.277
782500,0.050,0.661,0.289
783000,0.050,0.667,0.283
783500,0.050,0.684,0.266
784000,0.050,0.721,0.229
784500,0.050,0.714,0.236
785000,0.050,0.713,0.237
785500,0.054,0.684,0.262
786000,0.051,0.634,0.315
786500,0.050,0.666,0.284
787000,0.050,0.624,0.326
787500,0.050,0.649,0.301
788000,0.050,0.629,0.321
788500,0.050,0.567,0.383
789000,0.050,0.600,0.350
789500,0.054,0.631,0.315
790000,0.050,0.656,0.294
790500,0.050,0.673,0.277
791000,0.050,0.711,0.239
791500,0.050,0.675,0.275
792000,0.050,0.651,0.299
792500,0.050,0.621,0.329
793000,0.051,0.692,0.257
793500,0.050,0.679,0.271
794000,0.055,0.628,0.317
794500,0.050,0.675,0.275
795000,0.050,0.662,0.288
795500,0.055,0.645,0.300
796000,0.051,0.715,0.234
796500,0.050,0.672,0.278
797000,0.050,0.687,0.263
797500,0.050,0.698,0.252
798000,0.050,0.694,0.256
798500,0.050,0.718,0.232
799000,0.050,0.577,0.373
799500,0.050,0.616,0.334
800000,0.050,0.668,0.282
800500,0.050,0.663,0.287
801000,0.050,0.669,0.281
801500,0.050,0.642,0.308
802000,0.053,0.640,0.307
802500,0.054,0.629,0.317
803000,0.052,0.593,0.355
803500,0.050,0.686,0.264
804000,0.050,0.634,0.316
804500,0.050,0.653,0.297
805000,0.050,0.633,0.317
805500,0.050,0.631,0.319
806000,0.050,0.671,0.279
806500,0.050,0.657,0.293
807000,0.054,0.650,0.296
807500,0.050,0.587,0.363
808000,0.050,0.584,0.366
808500,0.050,0.621,0.329
809000,0.050,0.633,0.317
809500,0.050,0.652,0.298
810000,0.051,0.668,0.281
810500,0.050,0.665,0.285
811000,0.050,0.649,0.301
811500,0.055,0.633,0.312
812000,0.050,0.622,0.328
812500,0.050,0.600,0.350
813000,0.050,0.644,0.306
813500,0.050,0.667,0.283
814000,0.050,0.670,0.280
814500,0.050,0.655,0.295
815000,0.050,0.669,0.281
815500,0.051,0.700,0.249
816000,0.050,0.675,0.275
816500,0.050,0.687,0.263
817000,0.050,0.658,0.292
817500,0.050,0.632,0.318
818000,0.050,0.696,0.254
818500,0.050,0.673,0.277
819000,0.050,0.705,0.245
819500,0.050,0.726,0.224
820000,0.054,0.657,0.289
820500,0.051,0.651,0.298
821000,0.052,0.670,0.278
821500,0.051,0.678,0.271
822000,0.050,0.609,0.341
822500,0.052,0.645,0.303
823000,0.050,0.632,0.318
823500,0.050,0.656,0.294
824000,0.050,0.631,0.319
824500,0.050,0.598,0.352
825000,0.054,0.629,0.317
825500,0.050,0.607,0.343
826000,0.052,0.656,0.292
826500,0.050,0.708,0.242
827000,0.050,0.688,0.262
827500,0.050,0.736,0.214
828000,0.050,0.743,0.207
828500,0.050,0.700,0.250
829000,0.050,0.703,0.247
829500,0.050,0.706,0.244
830000,0.050,0.686,0.264
830500,0.050,0.650,0.300
831000,0.050,0.642,0.308
831500,0.050,0.622,0.328
832000,0.050,0.548,0.402
832500,0.051,0.569,0.380
833000,0.050,0.680,0.270
833500,0.050,0.692,0.258
834000,0.050,0.676,0.274
834500,0.050,0.638,0.312
835000,0.050,0.636,0.314
835500,0.050,0.610,0.340
836000,0.054,0.617,0.329
836500,0.053,0.628,0.319
837000,0.050,0.626,0.324
837500,0.052,0.650,0.298
838000,0.051,0.683,0.266
838500,0.050,0.646,0.304
839000,0.051,0.643,0.306
839500,0.051,0.635,0.314
840000,0.056,0.589,0.355
840500,0.052,0.654,0.294
841000,0.053,0.674,0.273
841500,0.051,0.683,0.266
842000,0.050,0.640,0.310
842500,0.050,0.670,0.280
843000,0.050,0.643,0.307
843500,0.050,0.689,0.261
844000,0.050,0.704,0.246
844500,0.050,0.690,0.260
845000,0.050,0.696,0.254
845500,0.050,0.680,0.270
846000,0.051,0.663,0.286
846500,0.056,0.618,0.326
847000,0.056,0.639,0.305
847500,0.053,0.666,0.281
848000,0.050,0.676,0.274
848500,0.050,0.666,0.284
849000,0.050,0.627,0.323
849500,0.050,0.675,0.275
850000,0.050,0.625,0.325
850500,0.050,0.631,0.319
851000,0.050,0.618,0.332
851500,0.057,0.575,0.368
852000,0.051,0.628,0.321
852500,0.050,0.669,0.281
853000,0.053,0.672,0.275
853500,0.050,0.640,0.310
854000,0.050,0.635,0.315
854500,0.050,0.625,0.325
855000,0.051,0.629,0.320
855500,0.050,0.652,0.298
856000,0.050,0.625,0.325
856500,0.053,0.601,0.346
857000,0.056,0.588,0.356
857500,0.052,0.549,0.399
858000,0.050,0.624,0.326
858500,0.054,0.659,0.287
859000,0.051,0.578,0.371
859500,0.050,0.694,0.256
860000,0.050,0.663,0.287
860500,0.050,0.644,0.306
861000,0.050,0.705,0.245
861500,0.054,0.666,0.280
862000,0.050,0.660,0.290
862500,0.053,0.611,0.336
863000,0.054,0.636,0.310
863500,0.051,0.621,0.328
864000,0.053,0.663,0.284
864500,0.050,0.690,0.260
865000,0.050,0.695,0.255
865500,0.050,0.613,0.337
866000,0.050,0.668,0.282
866500,0.050,0.721,0.229
867000,0.053,0.721,0.226
867500,0.052,0.688,0.260
868000,0.053,0.707,0.240
868500,0.053,0.642,0.305
869000,0.050,0.640,0.310
869500,0.050,0.625,0.325
870000,0.053,0.677,0.270
870500,0.050,0.644,0.306
871000,0.050,0.673,0.277
871500,0.050,0.685,0.265
872000,0.050,0.640,0.310
872500,0.050,0.690,0.260
873000,0.050,0.663,0.287
873500,0.054,0.619,0.327
874000,0.056,0.574,0.370
874500,0.051,0.631,0.318
875000,0.053,0.639,0.308
875500,0.051,0.593,0.356
876000,0.054,0.584,0.362
876500,0.058,0.599,0.343
877000,0.052,0.660,0.288
877500,0.053,0.657,0.290
878000,0.051,0.605,0.344
878500,0.058,0.611,0.331
879000,0.050,0.641,0.309
879500,0.050,0.617,0.333
880000,0.053,0.597,0.350
880500,0.056,0.582,0.362
881000,0.051,0.547,0.402
881500,0.053,0.602,0.345
882000,0.054,0.610,0.336
882500,0.050,0.647,0.303
883000,0.050,0.666,0.284
883500,0.050,0.636,0.314
884000,0.050,0.707,0.243
884500,0.050,0.737,0.213
885000,0.050,0.663,0.287
885500,0.050,0.577,0.373
886000,0.054,0.616,0.330
886500,0.054,0.648,0.298
887000,0.051,0.701,0.248
887500,0.050,0.690,0.260
888000,0.050,0.689,0.261
888500,0.050,0.675,0.275
889000,0.050,0.765,0.185
889500,0.050,0.731,0.219
890000,0.051,0.695,0.254
890500,0.054,0.667,0.279
891000,0.052,0.660,0.288
891500,0.050,0.595,0.355
892000,0.050,0.633,0.317
892500,0.053,0.641,0.306
893000,0.053,0.630,0.317
893500,0.050,0.657,0.293
894000,0.050,0.708,0.242
894500,0.050,0.709,0.241
895000,0.050,0.720,0.230
895500,0.050,0.741,0.209
896000,0.050,0.692,0.258
896500,0.050,0.772,0.178
897000,0.050,0.715,0.235
897500,0.050,0.698,0.252
898000,0.050,0.663,0.287
898500,0.051,0.581,0.368
899000,0.050,0.611,0.339
899500,0.052,0.637,0.311
900000,0.050,0.664,0.286
900500,0.052,0.728,0.220
901000,0.052,0.689,0.259
901500,0.050,0.683,0.267
902000,0.051,0.644,0.305
902500,0.050,0.706,0.244
903000,0.050,0.639,0.311
903500,0.050,0.665,0.285
904000,0.050,0.646,0.304
904500,0.050,0.699,0.251
905000,0.050,0.693,0.257
905500,0.050,0.696,0.254
906000,0.050,0.724,0.226
906500,0.050,0.616,0.334
907000,0.050,0.652,0.298
907500,0.050,0.633,0.317
908000,0.051,0.581,0.368
908500,0.055,0.663,0.282
909000,0.052,0.676,0.272
909500,0.050,0.631,0.319
910000,0.050,0.601,0.349
910500,0.051,0.611,0.338
911000,0.052,0.584,0.364
911500,0.055,0.599,0.346
912000,0.057,0.612,0.331
912500,0.055,0.611,0.334
913000,0.050,0.651,0.299
913500,0.050,0.681,0.269
914000,0.051,0.608,0.341
914500,0.050,0.628,0.322
915000,0.057,0.667,0.276
915500,0.050,0.653,0.297
916000,0.050,0.680,0.270
916500,0.050,0.680,0.270
917000,0.053,0.643,0.304
917500,0.050,0.620,0.330
918000,0.050,0.622,0.328
918500,0.050,0.633,0.317
919000,0.050,0.618,0.332
919500,0.055,0.644,0.301
920000,0.053,0.619,0.328
920500,0.050,0.672,0.278
921000,0.050,0.695,0.255
921500,0.050,0.688,0.262
922000,0.052,0.684,0.264
922500,0.050,0.598,0.352
923000,0.050,0.662,0.288
923500,0.051,0.663,0.286
924000,0.052,0.695,0.253
924500,0.050,0.651,0.299
925000,0.050,0.738,0.212
925500,0.050,0.653,0.297
926000,0.050,0.677,0.273
926500,0.050,0.682,0.268
927000,0.050,0.625,0.325
927500,0.050,0.613,0.337
928000,0.055,0.568,0.377
928500,0.050,0.594,0.356
929000,0.050,0.602,0.348
929500,0.050,0.666,0.284
930000,0.065,0.620,0.315
930500,0.054,0.593,0.353
931000,0.051,0.647,0.302
931500,0.050,0.643,0.307
932000,0.051,0.649,0.300
932500,0.054,0.605,0.341
933000,0.050,0.655,0.295
933500,0.050,0.685,0.265
934000,0.050,0.706,0.244
934500,0.050,0.659,0.291
935000,0.050,0.692,0.258
935500,0.050,0.664,0.286
936000,0.050,0.654,0.296
936500,0.055,0.670,0.275
937000,0.051,0.677,0.272
937500,0.050,0.678,0.272
938000,0.050,0.678,0.272
938500,0.050,0.682,0.268
939000,0.050,0.638,0.312
939500,0.052,0.651,0.297
940000,0.050,0.644,0.306
940500,0.053,0.644,0.303
941000,0.054,0.598,0.348
941500,0.053,0.564,0.383
942000,0.050,0.646,0.304
942500,0.050,0.721,0.229
943000,0.050,0.686,0.264
943500,0.050,0.666,0.284
944000,0.050,0.640,0.310
944500,0.050,0.600,0.350
945000,0.050,0.656,0.294
945500,0.051,0.698,0.251
946000,0.050,0.729,0.221
946500,0.050,0.685,0.265
947000,0.050,0.684,0.266
947500,0.050,0.632,0.318
948000,0.050,0.660,0.290
948500,0.050,0.733,0.217
949000,0.055,0.758,0.187
949500,0.052,0.667,0.281
950000,0.050,0.618,0.332
950500,0.050,0.614,0.336
951000,0.050,0.623,0.327
951500,0.050,0.636,0.314
952000,0.051,0.586,0.363
952500,0.051,0.610,0.339
953000,0.050,0.711,0.239
953500,0.050,0.679,0.271
954000,0.050,0.713,0.237
954500,0.050,0.701,0.249
955000,0.050,0.695,0.255
955500,0.050,0.646,0.304
956000,0.050,0.662,0.288
956500,0.050,0.715,0.235
957000,0.050,0.674,0.276
957500,0.050,0.697,0.253
958000,0.050,0.697,0.253
958500,0.050,0.675,0.275
959000,0.050,0.622,0.328
959500,0.050,0.637,0.313
960000,0.050,0.723,0.227
960500,0.050,0.735,0.215
961000,0.050,0.751,0.199
961500,0.050,0.797,0.153
962000,0.050,0.754,0.196
962500,0.050,0.700,0.250
963000,0.050,0.723,0.227
963500,0.050,0.713,0.237
964000,0.050,0.717,0.233
964500,0.050,0.654,0.296
965000,0.050,0.692,0.258
965500,0.050,0.666,0.284
966000,0.050,0.701,0.249
966500,0.050,0.683,0.267
967000,0.050,0.668,0.282
967500,0.050,0.627,0.323
968000,0.050,0.679,0.271
968500,0.050,0.643,0.307
969000,0.050,0.677,0.273
969500,0.051,0.692,0.257
970000,0.050,0.699,0.251
970500,0.050,0.701,0.249
971000,0.050,0.714,0.236
971500,0.052,0.689,0.259
972000,0.050,0.698,0.252
972500,0.050,0.747,0.203
973000,0.050,0.714,0.236
973500,0.050,0.658,0.292
974000,0.050,0.711,0.239
974500,0.050,0.650,0.300
975000,0.050,0.639,0.311
975500,0.050,0.653,0.297
976000,0.050,0.659,0.291
976500,0.052,0.616,0.332
977000,0.055,0.636,0.309
977500,0.052,0.648,0.300
978000,0.050,0.648,0.302
978500,0.050,0.581,0.369
979000,0.050,0.668,0.282
979500,0.050,0.655,0.295
980000,0.055,0.621,0.324
980500,0.059,0.578,0.363
981000,0.052,0.646,0.302
981500,0.051,0.592,0.357
982000,0.051,0.659,0.290
982500,0.050,0.720,0.230
983000,0.050,0.660,0.290
983500,0.050,0.661,0.289
984000,0.050,0.664,0.286
984500,0.050,0.711,0.239
985000,0.050,0.690,0.260
985500,0.050,0.665,0.285
986000,0.050,0.673,0.277
986500,0.052,0.647,0.301
987000,0.050,0.635,0.315
987500,0.055,0.612,0.333
988000,0.055,0.603,0.342
988500,0.052,0.669,0.279
989000,0.050,0.718,0.232
989500,0.050,0.726,0.224
990000,0.050,0.728,0.222
990500,0.050,0.752,0.198
991000,0.050,0.670,0.280
991500,0.050,0.698,0.252
992000,0.050,0.650,0.300
992500,0.050,0.651,0.299
993000,0.053,0.642,0.305
993500,0.050,0.652,0.298
994000,0.050,0.691,0.259
994500,0.050,0.717,0.233
995000,0.050,0.746,0.204
995500,0.050,0.729,0.221
996000,0.050,0.707,0.243
996500,0.050,0.666,0.284
997000,0.050,0.647,0.303
997500,0.054,0.641,0.305
998000,0.050,0.661,0.289
998500,0.050,0.691,0.259
999000,0.050,0.624,0.326
999500,0.050,0.652,0.298
1000000,0.052,0.677,0.271
