time,n_A+p,n_B,n_AB
500,0.010,0.678,0.312
1000,0.010,0.577,0.413
1500,0.010,0.688,0.302
2000,0.010,0.784,0.206
2500,0.010,0.568,0.422
3000,0.010,0.557,0.433
3500,0.010,0.397,0.593
4000,0.010,0.473,0.517
4500,0.010,0.401,0.589
5000,0.010,0.548,0.442
5500,0.010,0.357,0.633
6000,0.010,0.360,0.630
6500,0.010,0.684,0.306
7000,0.010,0.456,0.534
7500,0.010,0.630,0.360
8000,0.010,0.656,0.334
8500,0.010,0.609,0.381
9000,0.010,0.604,0.386
9500,0.010,0.664,0.326
10000,0.010,0.598,0.392
10500,0.010,0.543,0.447
11000,0.010,0.445,0.545
11500,0.010,0.716,0.274
12000,0.010,0.522,0.468
12500,0.010,0.590,0.400
13000,0.010,0.547,0.443
13500,0.010,0.483,0.507
14000,0.010,0.472,0.518
14500,0.010,0.686,0.304
15000,0.010,0.505,0.485
15500,0.010,0.493,0.497
16000,0.010,0.546,0.444
16500,0.010,0.560,0.430
17000,0.010,0.567,0.423
17500,0.010,0.756,0.234
18000,0.010,0.668,0.322
18500,0.010,0.580,0.410
19000,0.010,0.641,0.349
19500,0.010,0.665,0.325
20000,0.010,0.490,0.500
20500,0.010,0.502,0.488
21000,0.010,0.750,0.240
21500,0.010,0.805,0.185
22000,0.010,0.515,0.475
22500,0.010,0.756,0.234
23000,0.010,0.569,0.421
23500,0.010,0.498,0.492
24000,0.010,0.601,0.389
24500,0.010,0.549,0.441
25000,0.010,0.599,0.391
25500,0.010,0.800,0.190
26000,0.010,0.545,0.445
26500,0.010,0.712,0.278
27000,0.010,0.597,0.393
27500,0.010,0.658,0.332
28000,0.010,0.578,0.412
28500,0.010,0.746,0.244
29000,0.010,0.563,0.427
29500,0.010,0.586,0.404
30000,0.010,0.768,0.222
30500,0.010,0.637,0.353
31000,0.010,0.441,0.549
31500,0.010,0.411,0.579
32000,0.010,0.747,0.243
32500,0.010,0.496,0.494
33000,0.010,0.522,0.468
33500,0.010,0.582,0.408
34000,0.010,0.544,0.446
34500,0.010,0.563,0.427
35000,0.010,0.371,0.619
35500,0.010,0.696,0.294
36000,0.010,0.680,0.310
36500,0.010,0.525,0.465
37000,0.010,0.626,0.364
37500,0.010,0.665,0.325
38000,0.010,0.684,0.306
38500,0.010,0.560,0.430
39000,0.010,0.442,0.548
39500,0.010,0.647,0.343
40000,0.010,0.609,0.381
40500,0.010,0.573,0.417
41000,0.010,0.332,0.658
41500,0.010,0.538,0.452
42000,0.010,0.656,0.334
42500,0.010,0.653,0.337
43000,0.010,0.734,0.256
43500,0.010,0.287,0.703
44000,0.010,0.328,0.662
44500,0.010,0.524,0.466
45000,0.010,0.509,0.481
45500,0.010,0.596,0.394
46000,0.010,0.552,0.438
46500,0.010,0.824,0.166
47000,0.010,0.584,0.406
47500,0.010,0.466,0.524
48000,0.010,0.573,0.417
48500,0.010,0.709,0.281
49000,0.010,0.402,0.588
49500,0.010,0.570,0.420
50000,0.010,0.480,0.510
50500,0.010,0.536,0.454
51000,0.010,0.409,0.581
51500,0.010,0.454,0.536
52000,0.010,0.440,0.550
52500,0.010,0.458,0.532
53000,0.010,0.429,0.561
53500,0.010,0.507,0.483
54000,0.010,0.711,0.279
54500,0.010,0.537,0.453
55000,0.010,0.481,0.509
55500,0.010,0.873,0.117
56000,0.010,0.826,0.164
56500,0.010,0.607,0.383
57000,0.010,0.509,0.481
57500,0.010,0.474,0.516
58000,0.010,0.591,0.399
58500,0.010,0.513,0.477
59000,0.010,0.767,0.223
59500,0.010,0.558,0.432
60000,0.010,0.705,0.285
60500,0.010,0.660,0.330
61000,0.010,0.629,0.361
61500,0.010,0.717,0.273
62000,0.010,0.418,0.572
62500,0.010,0.332,0.658
63000,0.010,0.659,0.331
63500,0.010,0.493,0.497
64000,0.010,0.510,0.480
64500,0.010,0.889,0.101
65000,0.010,0.301,0.689
65500,0.010,0.506,0.484
66000,0.010,0.801,0.189
66500,0.010,0.670,0.320
67000,0.010,0.485,0.505
67500,0.010,0.348,0.642
68000,0.010,0.655,0.335
68500,0.010,0.499,0.491
69000,0.010,0.496,0.494
69500,0.010,0.352,0.638
70000,0.010,0.654,0.336
70500,0.010,0.502,0.488
71000,0.010,0.553,0.437
71500,0.010,0.646,0.344
72000,0.010,0.708,0.282
72500,0.010,0.504,0.486
73000,0.010,0.497,0.493
73500,0.010,0.527,0.463
74000,0.010,0.463,0.527
74500,0.010,0.715,0.275
75000,0.010,0.735,0.255
75500,0.010,0.404,0.586
76000,0.010,0.934,0.056
76500,0.010,0.512,0.478
77000,0.010,0.590,0.400
77500,0.010,0.490,0.500
78000,0.010,0.480,0.510
78500,0.010,0.688,0.302
79000,0.010,0.806,0.184
79500,0.010,0.421,0.569
80000,0.010,0.430,0.560
80500,0.010,0.609,0.381
81000,0.010,0.585,0.405
81500,0.010,0.511,0.479
82000,0.010,0.523,0.467
82500,0.010,0.613,0.377
83000,0.010,0.586,0.404
83500,0.010,0.794,0.196
84000,0.010,0.573,0.417
84500,0.010,0.680,0.310
85000,0.010,0.529,0.461
85500,0.010,0.701,0.289
86000,0.010,0.449,0.541
86500,0.010,0.440,0.550
87000,0.010,0.514,0.476
87500,0.010,0.694,0.296
88000,0.010,0.882,0.108
88500,0.010,0.685,0.305
89000,0.010,0.505,0.485
89500,0.010,0.612,0.378
90000,0.010,0.721,0.269
90500,0.010,0.605,0.385
91000,0.010,0.726,0.264
91500,0.010,0.561,0.429
92000,0.010,0.497,0.493
92500,0.010,0.545,0.445
93000,0.010,0.483,0.507
93500,0.010,0.494,0.496
94000,0.010,0.727,0.263
94500,0.010,0.735,0.255
95000,0.010,0.434,0.556
95500,0.010,0.741,0.249
96000,0.010,0.599,0.391
96500,0.010,0.880,0.110
97000,0.010,0.568,0.422
97500,0.010,0.779,0.211
98000,0.010,0.596,0.394
98500,0.010,0.534,0.456
99000,0.010,0.503,0.487
99500,0.010,0.660,0.330
100000,0.010,0.655,0.335
100500,0.010,0.700,0.290
101000,0.010,0.585,0.405
101500,0.010,0.596,0.394
102000,0.010,0.563,0.427
102500,0.010,0.343,0.647
103000,0.010,0.454,0.536
103500,0.010,0.552,0.438
104000,0.010,0.498,0.492
104500,0.010,0.690,0.300
105000,0.010,0.336,0.654
105500,0.010,0.747,0.243
106000,0.010,0.646,0.344
106500,0.010,0.751,0.239
107000,0.010,0.745,0.245
107500,0.010,0.467,0.523
108000,0.010,0.696,0.294
108500,0.010,0.690,0.300
109000,0.010,0.521,0.469
109500,0.010,0.523,0.467
110000,0.010,0.303,0.687
110500,0.010,0.494,0.496
111000,0.010,0.757,0.233
111500,0.010,0.360,0.630
112000,0.010,0.511,0.479
112500,0.010,0.406,0.584
113000,0.010,0.428,0.562
113500,0.010,0.533,0.457
114000,0.010,0.404,0.586
114500,0.010,0.528,0.462
115000,0.010,0.577,0.413
115500,0.010,0.771,0.219
116000,0.010,0.498,0.492
116500,0.010,0.410,0.580
117000,0.010,0.511,0.479
117500,0.010,0.413,0.577
118000,0.010,0.619,0.371
118500,0.010,0.513,0.477
119000,0.010,0.308,0.682
119500,0.010,0.631,0.359
120000,0.010,0.532,0.458
120500,0.010,0.506,0.484
121000,0.010,0.444,0.546
121500,0.010,0.619,0.371
122000,0.010,0.731,0.259
122500,0.010,0.479,0.511
123000,0.010,0.527,0.463
123500,0.010,0.618,0.372
124000,0.010,0.544,0.446
124500,0.010,0.779,0.211
125000,0.010,0.433,0.557
125500,0.010,0.402,0.588
126000,0.010,0.547,0.443
126500,0.010,0.317,0.673
127000,0.010,0.541,0.449
127500,0.010,0.643,0.347
128000,0.010,0.504,0.486
128500,0.010,0.530,0.460
129000,0.010,0.404,0.586
129500,0.010,0.348,0.642
130000,0.010,0.431,0.559
130500,0.010,0.725,0.265
131000,0.010,0.543,0.447
131500,0.010,0.431,0.559
132000,0.010,0.573,0.417
132500,0.010,0.469,0.521
133000,0.010,0.434,0.556
133500,0.010,0.620,0.370
134000,0.010,0.288,0.702
134500,0.010,0.732,0.258
135000,0.010,0.379,0.611
135500,0.010,0.648,0.342
136000,0.010,0.555,0.435
136500,0.010,0.314,0.676
137000,0.010,0.603,0.387
137500,0.010,0.328,0.662
138000,0.010,0.516,0.474
138500,0.010,0.567,0.423
139000,0.010,0.540,0.450
139500,0.010,0.279,0.711
140000,0.010,0.619,0.371
140500,0.010,0.405,0.585
141000,0.010,0.447,0.543
141500,0.010,0.744,0.246
142000,0.010,0.542,0.448
142500,0.010,0.420,0.570
143000,0.010,0.435,0.555
143500,0.010,0.610,0.380
144000,0.010,0.485,0.505
144500,0.010,0.577,0.413
145000,0.010,0.497,0.493
145500,0.010,0.415,0.575
146000,0.010,0.509,0.481
146500,0.010,0.568,0.422
147000,0.010,0.504,0.486
147500,0.010,0.617,0.373
148000,0.010,0.509,0.481
148500,0.010,0.524,0.466
149000,0.010,0.408,0.582
149500,0.010,0.523,0.467
150000,0.010,0.292,0.698
150500,0.010,0.439,0.551
151000,0.010,0.576,0.414
151500,0.010,0.581,0.409
152000,0.010,0.576,0.414
152500,0.010,0.907,0.083
153000,0.010,0.587,0.403
153500,0.010,0.743,0.247
154000,0.010,0.705,0.285
154500,0.010,0.791,0.199
155000,0.010,0.838,0.152
155500,0.010,0.605,0.385
156000,0.010,0.579,0.411
156500,0.010,0.768,0.222
157000,0.010,0.377,0.613
157500,0.010,0.742,0.248
158000,0.010,0.456,0.534
158500,0.010,0.681,0.309
159000,0.010,0.751,0.239
159500,0.010,0.736,0.254
160000,0.010,0.522,0.468
160500,0.010,0.448,0.542
161000,0.010,0.519,0.471
161500,0.010,0.533,0.457
162000,0.010,0.832,0.158
162500,0.010,0.786,0.204
163000,0.010,0.476,0.514
163500,0.010,0.636,0.354
164000,0.010,0.363,0.627
164500,0.010,0.619,0.371
165000,0.010,0.560,0.430
165500,0.010,0.402,0.588
166000,0.010,0.512,0.478
166500,0.010,0.485,0.505
167000,0.010,0.431,0.559
167500,0.010,0.527,0.463
168000,0.010,0.478,0.512
168500,0.010,0.416,0.574
169000,0.010,0.720,0.270
169500,0.010,0.417,0.573
170000,0.010,0.517,0.473
170500,0.010,0.565,0.425
171000,0.010,0.467,0.523
171500,0.010,0.912,0.078
172000,0.010,0.765,0.225
172500,0.010,0.582,0.408
173000,0.010,0.562,0.428
173500,0.010,0.615,0.375
174000,0.010,0.693,0.297
174500,0.010,0.635,0.355
175000,0.010,0.513,0.477
175500,0.010,0.674,0.316
176000,0.010,0.735,0.255
176500,0.010,0.588,0.402
177000,0.010,0.855,0.135
177500,0.010,0.635,0.355
178000,0.010,0.631,0.359
178500,0.010,0.406,0.584
179000,0.010,0.371,0.619
179500,0.010,0.484,0.506
180000,0.010,0.281,0.709
180500,0.010,0.538,0.452
181000,0.010,0.404,0.586
181500,0.010,0.606,0.384
182000,0.010,0.663,0.327
182500,0.010,0.506,0.484
183000,0.010,0.373,0.617
183500,0.010,0.690,0.300
184000,0.010,0.667,0.323
184500,0.045,0.221,0.734
185000,0.010,0.374,0.616
185500,0.010,0.688,0.302
186000,0.010,0.392,0.598
186500,0.010,0.645,0.345
187000,0.010,0.555,0.435
187500,0.010,0.573,0.417
188000,0.010,0.467,0.523
188500,0.010,0.679,0.311
189000,0.010,0.354,0.636
189500,0.010,0.439,0.551
190000,0.010,0.802,0.188
190500,0.010,0.743,0.247
191000,0.010,0.510,0.480
191500,0.010,0.442,0.548
192000,0.010,0.392,0.598
192500,0.010,0.602,0.388
193000,0.010,0.359,0.631
193500,0.010,0.550,0.440
194000,0.010,0.412,0.578
194500,0.010,0.517,0.473
195000,0.010,0.479,0.511
195500,0.010,0.407,0.583
196000,0.010,0.549,0.441
196500,0.010,0.557,0.433
197000,0.010,0.502,0.488
197500,0.010,0.620,0.370
198000,0.010,0.453,0.537
198500,0.010,0.428,0.562
199000,0.010,0.464,0.526
199500,0.010,0.570,0.420
200000,0.010,0.479,0.511
200500,0.010,0.607,0.383
201000,0.010,0.526,0.464
201500,0.010,0.567,0.423
202000,0.010,0.419,0.571
202500,0.010,0.388,0.602
203000,0.010,0.541,0.449
203500,0.010,0.640,0.350
204000,0.010,0.207,0.783
204500,0.010,0.470,0.520
205000,0.010,0.700,0.290
205500,0.010,0.456,0.534
206000,0.010,0.526,0.464
206500,0.010,0.486,0.504
207000,0.010,0.483,0.507
207500,0.010,0.507,0.483
208000,0.010,0.507,0.483
208500,0.010,0.699,0.291
209000,0.010,0.422,0.568
209500,0.010,0.803,0.187
210000,0.010,0.571,0.419
210500,0.010,0.325,0.665
211000,0.010,0.602,0.388
211500,0.010,0.416,0.574
212000,0.010,0.587,0.403
212500,0.010,0.596,0.394
213000,0.010,0.619,0.371
213500,0.010,0.796,0.194
214000,0.010,0.560,0.430
214500,0.010,0.522,0.468
215000,0.010,0.381,0.609
215500,0.010,0.604,0.386
216000,0.010,0.536,0.454
216500,0.010,0.543,0.447
217000,0.010,0.606,0.384
217500,0.010,0.593,0.397
218000,0.010,0.569,0.421
218500,0.010,0.530,0.460
219000,0.010,0.655,0.335
219500,0.010,0.377,0.613
220000,0.010,0.666,0.324
220500,0.010,0.644,0.346
221000,0.010,0.482,0.508
221500,0.010,0.548,0.442
222000,0.010,0.790,0.200
222500,0.010,0.562,0.428
223000,0.010,0.476,0.514
223500,0.010,0.554,0.436
224000,0.010,0.557,0.433
224500,0.010,0.760,0.230
225000,0.010,0.485,0.505
225500,0.010,0.661,0.329
226000,0.010,0.371,0.619
226500,0.010,0.299,0.691
227000,0.010,0.645,0.345
227500,0.010,0.673,0.317
228000,0.010,0.774,0.216
228500,0.010,0.572,0.418
229000,0.010,0.551,0.439
229500,0.010,0.767,0.223
230000,0.010,0.775,0.215
230500,0.010,0.411,0.579
231000,0.010,0.383,0.607
231500,0.010,0.442,0.548
232000,0.010,0.452,0.538
232500,0.010,0.754,0.236
233000,0.010,0.722,0.268
233500,0.010,0.463,0.527
234000,0.010,0.567,0.423
234500,0.010,0.493,0.497
235000,0.010,0.599,0.391
235500,0.010,0.586,0.404
236000,0.010,0.498,0.492
236500,0.010,0.435,0.555
237000,0.010,0.462,0.528
237500,0.010,0.508,0.482
238000,0.010,0.702,0.288
238500,0.010,0.608,0.382
239000,0.010,0.618,0.372
239500,0.010,0.491,0.499
240000,0.010,0.561,0.429
240500,0.010,0.509,0.481
241000,0.010,0.505,0.485
241500,0.010,0.372,0.618
242000,0.010,0.504,0.486
242500,0.010,0.620,0.370
243000,0.010,0.429,0.561
243500,0.010,0.701,0.289
244000,0.010,0.511,0.479
244500,0.010,0.529,0.461
245000,0.010,0.539,0.451
245500,0.010,0.465,0.525
246000,0.010,0.726,0.264
246500,0.010,0.698,0.292
247000,0.010,0.636,0.354
247500,0.010,0.495,0.495
248000,0.010,0.602,0.388
248500,0.010,0.696,0.294
249000,0.010,0.406,0.584
249500,0.010,0.553,0.437
250000,0.010,0.633,0.357
250500,0.010,0.514,0.476
251000,0.010,0.550,0.440
251500,0.010,0.592,0.398
252000,0.010,0.770,0.220
252500,0.010,0.639,0.351
253000,0.010,0.424,0.566
253500,0.010,0.472,0.518
254000,0.010,0.662,0.328
254500,0.010,0.654,0.336
255000,0.010,0.470,0.520
255500,0.010,0.592,0.398
256000,0.010,0.657,0.333
256500,0.010,0.639,0.351
257000,0.010,0.423,0.567
257500,0.010,0.523,0.467
258000,0.010,0.396,0.594
258500,0.010,0.573,0.417
259000,0.010,0.561,0.429
259500,0.010,0.679,0.311
260000,0.010,0.571,0.419
260500,0.010,0.833,0.157
261000,0.010,0.512,0.478
261500,0.010,0.478,0.512
262000,0.010,0.562,0.428
262500,0.010,0.596,0.394
263000,0.010,0.459,0.531
263500,0.010,0.499,0.491
264000,0.010,0.490,0.500
264500,0.010,0.471,0.519
265000,0.010,0.477,0.513
265500,0.010,0.567,0.423
266000,0.010,0.614,0.376
266500,0.010,0.383,0.607
267000,0.010,0.574,0.416
267500,0.010,0.924,0.066
268000,0.010,0.796,0.194
268500,0.010,0.592,0.398
269000,0.010,0.617,0.373
269500,0.010,0.677,0.313
270000,0.010,0.737,0.253
270500,0.010,0.413,0.577
271000,0.010,0.576,0.414
271500,0.010,0.531,0.459
272000,0.010,0.715,0.275
272500,0.010,0.755,0.235
273000,0.010,0.727,0.263
273500,0.010,0.493,0.497
274000,0.010,0.572,0.418
274500,0.010,0.652,0.338
275000,0.010,0.421,0.569
275500,0.010,0.426,0.564
276000,0.010,0.507,0.483
276500,0.010,0.526,0.464
277000,0.010,0.478,0.512
277500,0.010,0.856,0.134
278000,0.010,0.562,0.428
278500,0.010,0.632,0.358
279000,0.010,0.981,0.009
279500,0.010,0.562,0.428
280000,0.010,0.426,0.564
280500,0.010,0.369,0.621
281000,0.010,0.506,0.484
281500,0.010,0.576,0.414
282000,0.010,0.531,0.459
282500,0.010,0.598,0.392
283000,0.010,0.380,0.610
283500,0.010,0.709,0.281
284000,0.010,0.471,0.519
284500,0.010,0.603,0.387
285000,0.010,0.670,0.320
285500,0.010,0.446,0.544
286000,0.010,0.508,0.482
286500,0.010,0.558,0.432
287000,0.010,0.477,0.513
287500,0.010,0.408,0.582
288000,0.010,0.479,0.511
288500,0.010,0.723,0.267
289000,0.010,0.625,0.365
289500,0.010,0.666,0.324
290000,0.010,0.440,0.550
290500,0.010,0.615,0.375
291000,0.010,0.577,0.413
291500,0.010,0.431,0.559
292000,0.010,0.564,0.426
292500,0.010,0.654,0.336
293000,0.010,0.475,0.515
293500,0.010,0.479,0.511
294000,0.010,0.557,0.433
294500,0.010,0.555,0.435
295000,0.010,0.553,0.437
295500,0.010,0.711,0.279
296000,0.010,0.666,0.324
296500,0.010,0.517,0.473
297000,0.010,0.344,0.646
297500,0.010,0.549,0.441
298000,0.010,0.686,0.304
298500,0.010,0.386,0.604
299000,0.010,0.389,0.601
299500,0.010,0.261,0.729
300000,0.010,0.554,0.436
300500,0.010,0.310,0.680
301000,0.010,0.521,0.469
301500,0.010,0.674,0.316
302000,0.010,0.610,0.380
302500,0.010,0.671,0.319
303000,0.010,0.899,0.091
303500,0.010,0.609,0.381
304000,0.010,0.454,0.536
304500,0.010,0.434,0.556
305000,0.010,0.607,0.383
305500,0.010,0.455,0.535
306000,0.010,0.516,0.474
306500,0.010,0.483,0.507
307000,0.010,0.614,0.376
307500,0.010,0.581,0.409
308000,0.010,0.448,0.542
308500,0.010,0.408,0.582
309000,0.010,0.501,0.489
309500,0.010,0.528,0.462
310000,0.010,0.351,0.639
310500,0.010,0.456,0.534
311000,0.010,0.601,0.389
311500,0.010,0.521,0.469
312000,0.010,0.552,0.438
312500,0.010,0.641,0.349
313000,0.010,0.656,0.334
313500,0.010,0.808,0.182
314000,0.010,0.483,0.507
314500,0.010,0.509,0.481
315000,0.010,0.613,0.377
315500,0.010,0.381,0.609
316000,0.010,0.580,0.410
316500,0.010,0.544,0.446
317000,0.010,0.659,0.331
317500,0.010,0.564,0.426
318000,0.010,0.513,0.477
318500,0.010,0.556,0.434
319000,0.010,0.323,0.667
319500,0.010,0.467,0.523
320000,0.010,0.462,0.528
320500,0.010,0.487,0.503
321000,0.010,0.464,0.526
321500,0.010,0.513,0.477
322000,0.010,0.693,0.297
322500,0.010,0.712,0.278
323000,0.010,0.517,0.473
323500,0.010,0.508,0.482
324000,0.010,0.607,0.383
324500,0.010,0.823,0.167
325000,0.010,0.796,0.194
325500,0.010,0.667,0.323
326000,0.010,0.357,0.633
326500,0.010,0.540,0.450
327000,0.010,0.569,0.421
327500,0.010,0.500,0.490
328000,0.010,0.497,0.493
328500,0.010,0.513,0.477
329000,0.010,0.494,0.496
329500,0.010,0.649,0.341
330000,0.010,0.701,0.289
330500,0.010,0.536,0.454
331000,0.010,0.511,0.479
331500,0.010,0.584,0.406
332000,0.010,0.533,0.457
332500,0.010,0.470,0.520
333000,0.010,0.524,0.466
333500,0.010,0.545,0.445
334000,0.010,0.575,0.415
334500,0.010,0.570,0.420
335000,0.010,0.450,0.540
335500,0.010,0.746,0.244
336000,0.010,0.504,0.486
336500,0.010,0.815,0.175
337000,0.010,0.604,0.386
337500,0.010,0.706,0.284
338000,0.010,0.346,0.644
338500,0.010,0.360,0.630
339000,0.010,0.544,0.446
339500,0.010,0.434,0.556
340000,0.010,0.665,0.325
340500,0.010,0.400,0.590
341000,0.010,0.387,0.603
341500,0.010,0.352,0.638
342000,0.010,0.552,0.438
342500,0.010,0.544,0.446
343000,0.010,0.684,0.306
343500,0.010,0.497,0.493
344000,0.010,0.322,0.668
344500,0.010,0.536,0.454
345000,0.010,0.562,0.428
345500,0.010,0.789,0.201
346000,0.010,0.494,0.496
346500,0.010,0.522,0.468
347000,0.010,0.336,0.654
347500,0.010,0.514,0.476
348000,0.010,0.573,0.417
348500,0.010,0.679,0.311
349000,0.010,0.413,0.577
349500,0.010,0.420,0.570
350000,0.010,0.554,0.436
350500,0.010,0.305,0.685
351000,0.010,0.588,0.402
351500,0.010,0.367,0.623
352000,0.010,0.580,0.410
352500,0.010,0.462,0.528
353000,0.010,0.409,0.581
353500,0.010,0.687,0.303
354000,0.010,0.420,0.570
354500,0.010,0.559,0.431
355000,0.010,0.383,0.607
355500,0.010,0.676,0.314
356000,0.010,0.477,0.513
356500,0.010,0.594,0.396
357000,0.010,0.515,0.475
357500,0.010,0.538,0.452
358000,0.010,0.429,0.561
358500,0.010,0.275,0.715
359000,0.010,0.550,0.440
359500,0.010,0.551,0.439
360000,0.010,0.522,0.468
360500,0.010,0.520,0.470
361000,0.010,0.427,0.563
361500,0.010,0.616,0.374
362000,0.010,0.692,0.298
362500,0.010,0.602,0.388
363000,0.010,0.564,0.426
363500,0.010,0.618,0.372
364000,0.010,0.591,0.399
364500,0.010,0.832,0.158
365000,0.010,0.743,0.247
365500,0.010,0.424,0.566
366000,0.010,0.520,0.470
366500,0.010,0.722,0.268
367000,0.010,0.603,0.387
367500,0.010,0.465,0.525
368000,0.010,0.535,0.455
368500,0.010,0.614,0.376
369000,0.010,0.688,0.302
369500,0.010,0.615,0.375
370000,0.010,0.724,0.266
370500,0.010,0.653,0.337
371000,0.010,0.428,0.562
371500,0.010,0.453,0.537
372000,0.010,0.432,0.558
372500,0.010,0.477,0.513
373000,0.010,0.558,0.432
373500,0.010,0.346,0.644
374000,0.010,0.554,0.436
374500,0.010,0.542,0.448
375000,0.010,0.580,0.410
375500,0.010,0.652,0.338
376000,0.010,0.525,0.465
376500,0.010,0.440,0.550
377000,0.010,0.629,0.361
377500,0.010,0.464,0.526
378000,0.010,0.665,0.325
378500,0.010,0.709,0.281
379000,0.010,0.540,0.450
379500,0.010,0.426,0.564
380000,0.010,0.483,0.507
380500,0.010,0.547,0.443
381000,0.010,0.504,0.486
381500,0.010,0.372,0.618
382000,0.010,0.574,0.416
382500,0.010,0.459,0.531
383000,0.010,0.635,0.355
383500,0.010,0.727,0.263
384000,0.010,0.593,0.397
384500,0.010,0.505,0.485
385000,0.010,0.551,0.439
385500,0.010,0.658,0.332
386000,0.010,0.591,0.399
386500,0.010,0.589,0.401
387000,0.010,0.574,0.416
387500,0.010,0.602,0.388
388000,0.010,0.489,0.501
388500,0.010,0.631,0.359
389000,0.010,0.583,0.407
389500,0.010,0.386,0.604
390000,0.010,0.583,0.407
390500,0.010,0.390,0.600
391000,0.010,0.489,0.501
391500,0.010,0.338,0.652
392000,0.010,0.582,0.408
392500,0.010,0.467,0.523
393000,0.010,0.560,0.430
393500,0.010,0.357,0.633
394000,0.010,0.530,0.460
394500,0.010,0.448,0.542
395000,0.010,0.722,0.268
395500,0.010,0.408,0.582
396000,0.010,0.447,0.543
396500,0.010,0.567,0.423
397000,0.010,0.480,0.510
397500,0.010,0.320,0.670
398000,0.010,0.393,0.597
398500,0.010,0.576,0.414
399000,0.010,0.528,0.462
399500,0.010,0.411,0.579
400000,0.010,0.450,0.540
400500,0.010,0.439,0.551
401000,0.010,0.637,0.353
401500,0.010,0.421,0.569
402000,0.010,0.533,0.457
402500,0.010,0.623,0.367
403000,0.010,0.393,0.597
403500,0.010,0.733,0.257
404000,0.010,0.737,0.253
404500,0.010,0.706,0.284
405000,0.010,0.654,0.336
405500,0.010,0.484,0.506
406000,0.010,0.849,0.141
406500,0.010,0.628,0.362
407000,0.010,0.424,0.566
407500,0.010,0.543,0.447
408000,0.010,0.594,0.396
408500,0.010,0.572,0.418
409000,0.010,0.368,0.622
409500,0.010,0.486,0.504
410000,0.010,0.642,0.348
410500,0.010,0.416,0.574
411000,0.010,0.695,0.295
411500,0.010,0.477,0.513
412000,0.010,0.685,0.305
412500,0.010,0.678,0.312
413000,0.010,0.598,0.392
413500,0.010,0.682,0.308
414000,0.010,0.603,0.387
414500,0.010,0.571,0.419
415000,0.010,0.360,0.630
415500,0.010,0.467,0.523
416000,0.010,0.456,0.534
416500,0.010,0.694,0.296
417000,0.010,0.497,0.493
417500,0.010,0.528,0.462
418000,0.010,0.457,0.533
418500,0.010,0.613,0.377
419000,0.010,0.492,0.498
419500,0.010,0.511,0.479
420000,0.010,0.634,0.356
420500,0.010,0.652,0.338
421000,0.010,0.584,0.406
421500,0.010,0.511,0.479
422000,0.010,0.609,0.381
422500,0.010,0.488,0.502
423000,0.010,0.428,0.562
423500,0.010,0.294,0.696
424000,0.010,0.481,0.509
424500,0.010,0.716,0.274
425000,0.010,0.624,0.366
425500,0.010,0.664,0.326
426000,0.010,0.323,0.667
426500,0.010,0.498,0.492
427000,0.010,0.341,0.649
427500,0.010,0.384,0.606
428000,0.010,0.479,0.511
428500,0.010,0.509,0.481
429000,0.010,0.565,0.425
429500,0.010,0.382,0.608
430000,0.010,0.422,0.568
430500,0.010,0.692,0.298
431000,0.010,0.710,0.280
431500,0.010,0.790,0.200
432000,0.010,0.272,0.718
432500,0.010,0.667,0.323
433000,0.010,0.635,0.355
433500,0.010,0.699,0.291
434000,0.010,0.553,0.437
434500,0.010,0.604,0.386
435000,0.010,0.718,0.272
435500,0.010,0.421,0.569
436000,0.010,0.594,0.396
436500,0.010,0.549,0.441
437000,0.010,0.625,0.365
437500,0.010,0.500,0.490
438000,0.010,0.685,0.305
438500,0.010,0.587,0.403
439000,0.010,0.216,0.774
439500,0.010,0.711,0.279
440000,0.010,0.492,0.498
440500,0.010,0.328,0.662
441000,0.010,0.485,0.505
441500,0.010,0.670,0.320
442000,0.010,0.500,0.490
442500,0.010,0.647,0.343
443000,0.010,0.412,0.578
443500,0.010,0.510,0.480
444000,0.010,0.701,0.289
444500,0.010,0.307,0.683
445000,0.010,0.460,0.530
445500,0.010,0.534,0.456
446000,0.010,0.545,0.445
446500,0.010,0.468,0.522
447000,0.010,0.562,0.428
447500,0.010,0.589,0.401
448000,0.010,0.526,0.464
448500,0.010,0.513,0.477
449000,0.010,0.307,0.683
449500,0.010,0.481,0.509
450000,0.010,0.589,0.401
450500,0.010,0.234,0.756
451000,0.010,0.461,0.529
451500,0.010,0.517,0.473
452000,0.010,0.360,0.630
452500,0.010,0.565,0.425
453000,0.010,0.618,0.372
453500,0.010,0.913,0.077
454000,0.010,0.434,0.556
454500,0.010,0.441,0.549
455000,0.010,0.476,0.514
455500,0.010,0.577,0.413
456000,0.010,0.622,0.368
456500,0.010,0.398,0.592
457000,0.010,0.447,0.543
457500,0.010,0.892,0.098
458000,0.010,0.619,0.371
458500,0.010,0.734,0.256
459000,0.010,0.694,0.296
459500,0.010,0.627,0.363
460000,0.010,0.537,0.453
460500,0.010,0.466,0.524
461000,0.010,0.379,0.611
461500,0.010,0.667,0.323
462000,0.010,0.494,0.496
462500,0.010,0.478,0.512
463000,0.010,0.379,0.611
463500,0.010,0.304,0.686
464000,0.010,0.388,0.602
464500,0.010,0.351,0.639
465000,0.010,0.592,0.398
465500,0.010,0.308,0.682
466000,0.010,0.278,0.712
466500,0.010,0.513,0.477
467000,0.010,0.491,0.499
467500,0.010,0.731,0.259
468000,0.010,0.768,0.222
468500,0.010,0.381,0.609
469000,0.010,0.592,0.398
469500,0.010,0.707,0.283
470000,0.010,0.796,0.194
470500,0.010,0.281,0.709
471000,0.010,0.438,0.552
471500,0.010,0.564,0.426
472000,0.010,0.496,0.494
472500,0.010,0.570,0.420
473000,0.010,0.525,0.465
473500,0.010,0.646,0.344
474000,0.010,0.542,0.448
474500,0.010,0.403,0.587
475000,0.010,0.462,0.528
475500,0.010,0.718,0.272
476000,0.010,0.823,0.167
476500,0.010,0.606,0.384
477000,0.010,0.599,0.391
477500,0.010,0.641,0.349
478000,0.010,0.504,0.486
478500,0.010,0.404,0.586
479000,0.010,0.377,0.613
479500,0.010,0.729,0.261
480000,0.010,0.771,0.219
480500,0.010,0.381,0.609
481000,0.010,0.501,0.489
481500,0.010,0.549,0.441
482000,0.010,0.641,0.349
482500,0.010,0.524,0.466
483000,0.010,0.633,0.357
483500,0.010,0.455,0.535
484000,0.010,0.571,0.419
484500,0.010,0.534,0.456
485000,0.010,0.534,0.456
485500,0.010,0.477,0.513
486000,0.010,0.670,0.320
486500,0.010,0.544,0.446
487000,0.010,0.545,0.445
487500,0.010,0.606,0.384
488000,0.010,0.476,0.514
488500,0.010,0.414,0.576
489000,0.010,0.550,0.440
489500,0.010,0.683,0.307
490000,0.010,0.689,0.301
490500,0.010,0.701,0.289
491000,0.010,0.578,0.412
491500,0.010,0.839,0.151
492000,0.010,0.436,0.554
492500,0.010,0.452,0.538
493000,0.010,0.459,0.531
493500,0.010,0.623,0.367
494000,0.010,0.381,0.609
494500,0.010,0.507,0.483
495000,0.010,0.473,0.517
495500,0.010,0.658,0.332
496000,0.010,0.838,0.152
496500,0.010,0.557,0.433
497000,0.010,0.548,0.442
497500,0.010,0.603,0.387
498000,0.010,0.452,0.538
498500,0.010,0.564,0.426
499000,0.010,0.516,0.474
499500,0.010,0.617,0.373
500000,0.010,0.620,0.370
500500,0.010,0.443,0.547
501000,0.010,0.672,0.318
501500,0.010,0.715,0.275
502000,0.010,0.484,0.506
502500,0.010,0.423,0.567
503000,0.010,0.644,0.346
503500,0.010,0.616,0.374
504000,0.010,0.480,0.510
504500,0.010,0.448,0.542
505000,0.010,0.676,0.314
505500,0.010,0.590,0.400
506000,0.010,0.678,0.312
506500,0.010,0.777,0.213
507000,0.010,0.556,0.434
507500,0.010,0.587,0.403
508000,0.010,0.498,0.492
508500,0.010,0.657,0.333
509000,0.010,0.501,0.489
509500,0.010,0.640,0.350
510000,0.010,0.525,0.465
510500,0.010,0.598,0.392
511000,0.010,0.556,0.434
511500,0.010,0.395,0.595
512000,0.010,0.533,0.457
512500,0.010,0.896,0.094
513000,0.010,0.619,0.371
513500,0.010,0.407,0.583
514000,0.010,0.620,0.370
514500,0.010,0.546,0.444
515000,0.010,0.370,0.620
515500,0.010,0.593,0.397
516000,0.010,0.626,0.364
516500,0.010,0.573,0.417
517000,0.010,0.373,0.617
517500,0.010,0.314,0.676
518000,0.010,0.757,0.233
518500,0.010,0.721,0.269
519000,0.010,0.677,0.313
519500,0.010,0.562,0.428
520000,0.010,0.530,0.460
520500,0.010,0.573,0.417
521000,0.010,0.588,0.402
521500,0.010,0.493,0.497
522000,0.010,0.507,0.483
522500,0.010,0.817,0.173
523000,0.010,0.747,0.243
523500,0.010,0.819,0.171
524000,0.010,0.619,0.371
524500,0.010,0.682,0.308
525000,0.010,0.630,0.360
525500,0.010,0.686,0.304
526000,0.010,0.631,0.359
526500,0.010,0.620,0.370
527000,0.010,0.719,0.271
527500,0.010,0.669,0.321
528000,0.010,0.557,0.433
528500,0.010,0.628,0.362
529000,0.010,0.686,0.304
529500,0.010,0.590,0.400
530000,0.010,0.459,0.531
530500,0.010,0.486,0.504
531000,0.010,0.509,0.481
531500,0.010,0.338,0.652
532000,0.010,0.549,0.441
532500,0.010,0.382,0.608
533000,0.010,0.525,0.465
533500,0.010,0.583,0.407
534000,0.010,0.546,0.444
534500,0.010,0.635,0.355
535000,0.010,0.715,0.275
535500,0.010,0.553,0.437
536000,0.010,0.647,0.343
536500,0.010,0.489,0.501
537000,0.010,0.438,0.552
537500,0.010,0.830,0.160
538000,0.010,0.475,0.515
538500,0.010,0.553,0.437
539000,0.010,0.377,0.613
539500,0.010,0.552,0.438
540000,0.010,0.508,0.482
540500,0.010,0.712,0.278
541000,0.010,0.610,0.380
541500,0.010,0.681,0.309
542000,0.010,0.571,0.419
542500,0.010,0.477,0.513
543000,0.010,0.640,0.350
543500,0.010,0.467,0.523
544000,0.010,0.528,0.462
544500,0.010,0.620,0.370
545000,0.010,0.357,0.633
545500,0.010,0.624,0.366
546000,0.010,0.595,0.395
546500,0.010,0.644,0.346
547000,0.010,0.672,0.318
547500,0.010,0.678,0.312
548000,0.010,0.346,0.644
548500,0.010,0.838,0.152
549000,0.010,0.315,0.675
549500,0.010,0.594,0.396
550000,0.010,0.470,0.520
550500,0.010,0.345,0.645
551000,0.010,0.582,0.408
551500,0.010,0.522,0.468
552000,0.010,0.469,0.521
552500,0.010,0.390,0.600
553000,0.010,0.548,0.442
553500,0.010,0.392,0.598
554000,0.010,0.608,0.382
554500,0.010,0.378,0.612
555000,0.010,0.467,0.523
555500,0.010,0.543,0.447
556000,0.010,0.658,0.332
556500,0.010,0.665,0.325
557000,0.010,0.628,0.362
557500,0.010,0.548,0.442
558000,0.010,0.657,0.333
558500,0.010,0.657,0.333
559000,0.010,0.596,0.394
559500,0.010,0.373,0.617
560000,0.010,0.651,0.339
560500,0.010,0.665,0.325
561000,0.010,0.525,0.465
561500,0.010,0.500,0.490
562000,0.010,0.375,0.615
562500,0.010,0.604,0.386
563000,0.010,0.795,0.195
563500,0.010,0.599,0.391
564000,0.010,0.485,0.505
564500,0.010,0.479,0.511
565000,0.010,0.533,0.457
565500,0.010,0.626,0.364
566000,0.010,0.723,0.267
566500,0.010,0.728,0.262
567000,0.010,0.584,0.406
567500,0.010,0.398,0.592
568000,0.010,0.440,0.550
568500,0.010,0.475,0.515
569000,0.010,0.931,0.059
569500,0.010,0.547,0.443
570000,0.010,0.666,0.324
570500,0.010,0.646,0.344
571000,0.010,0.547,0.443
571500,0.010,0.436,0.554
572000,0.010,0.587,0.403
572500,0.010,0.467,0.523
573000,0.010,0.591,0.399
573500,0.010,0.410,0.580
574000,0.010,0.673,0.317
574500,0.010,0.828,0.162
575000,0.010,0.380,0.610
575500,0.010,0.551,0.439
576000,0.010,0.647,0.343
576500,0.010,0.539,0.451
577000,0.010,0.593,0.397
577500,0.010,0.673,0.317
578000,0.010,0.768,0.222
578500,0.010,0.678,0.312
579000,0.010,0.552,0.438
579500,0.010,0.440,0.550
580000,0.010,0.515,0.475
580500,0.010,0.379,0.611
581000,0.010,0.660,0.330
581500,0.010,0.499,0.491
582000,0.010,0.526,0.464
582500,0.010,0.419,0.571
583000,0.010,0.521,0.469
583500,0.010,0.284,0.706
584000,0.010,0.406,0.584
584500,0.010,0.396,0.594
585000,0.010,0.546,0.444
585500,0.010,0.367,0.623
586000,0.010,0.508,0.482
586500,0.010,0.550,0.440
587000,0.010,0.536,0.454
587500,0.010,0.469,0.521
588000,0.010,0.445,0.545
588500,0.010,0.506,0.484
589000,0.010,0.648,0.342
589500,0.010,0.611,0.379
590000,0.010,0.517,0.473
590500,0.010,0.561,0.429
591000,0.010,0.491,0.499
591500,0.010,0.559,0.431
592000,0.010,0.361,0.629
592500,0.010,0.517,0.473
593000,0.010,0.619,0.371
593500,0.010,0.769,0.221
594000,0.010,0.741,0.249
594500,0.010,0.847,0.143
595000,0.010,0.683,0.307
595500,0.010,0.359,0.631
596000,0.010,0.608,0.382
596500,0.010,0.469,0.521
597000,0.010,0.406,0.584
597500,0.010,0.627,0.363
598000,0.010,0.436,0.554
598500,0.010,0.580,0.410
599000,0.010,0.638,0.352
599500,0.010,0.826,0.164
600000,0.010,0.644,0.346
600500,0.010,0.505,0.485
601000,0.010,0.624,0.366
601500,0.010,0.427,0.563
602000,0.010,0.442,0.548
602500,0.010,0.558,0.432
603000,0.010,0.422,0.568
603500,0.010,0.420,0.570
604000,0.010,0.457,0.533
604500,0.010,0.551,0.439
605000,0.010,0.446,0.544
605500,0.010,0.471,0.519
606000,0.010,0.766,0.224
606500,0.010,0.612,0.378
607000,0.010,0.676,0.314
607500,0.010,0.548,0.442
608000,0.010,0.701,0.289
608500,0.010,0.654,0.336
609000,0.010,0.671,0.319
609500,0.010,0.403,0.587
610000,0.010,0.688,0.302
610500,0.010,0.572,0.418
611000,0.010,0.514,0.476
611500,0.010,0.701,0.289
612000,0.010,0.799,0.191
612500,0.010,0.404,0.586
613000,0.010,0.651,0.339
613500,0.010,0.720,0.270
614000,0.010,0.657,0.333
614500,0.010,0.640,0.350
615000,0.010,0.595,0.395
615500,0.010,0.629,0.361
616000,0.010,0.510,0.480
616500,0.010,0.473,0.517
617000,0.010,0.535,0.455
617500,0.010,0.517,0.473
618000,0.010,0.611,0.379
618500,0.010,0.727,0.263
619000,0.010,0.580,0.410
619500,0.010,0.812,0.178
620000,0.010,0.645,0.345
620500,0.010,0.483,0.507
621000,0.010,0.692,0.298
621500,0.010,0.533,0.457
622000,0.010,0.707,0.283
622500,0.010,0.592,0.398
623000,0.010,0.656,0.334
623500,0.010,0.403,0.587
624000,0.010,0.463,0.527
624500,0.010,0.329,0.661
625000,0.010,0.461,0.529
625500,0.010,0.321,0.669
626000,0.010,0.505,0.485
626500,0.010,0.418,0.572
627000,0.010,0.536,0.454
627500,0.010,0.381,0.609
628000,0.010,0.428,0.562
628500,0.010,0.545,0.445
629000,0.010,0.763,0.227
629500,0.010,0.633,0.357
630000,0.010,0.469,0.521
630500,0.010,0.437,0.553
631000,0.010,0.454,0.536
631500,0.010,0.633,0.357
632000,0.010,0.771,0.219
632500,0.010,0.557,0.433
633000,0.010,0.692,0.298
633500,0.010,0.598,0.392
634000,0.010,0.387,0.603
634500,0.010,0.526,0.464
635000,0.010,0.542,0.448
635500,0.010,0.489,0.501
636000,0.010,0.490,0.500
636500,0.010,0.589,0.401
637000,0.010,0.615,0.375
637500,0.010,0.392,0.598
638000,0.010,0.453,0.537
638500,0.010,0.591,0.399
639000,0.010,0.712,0.278
639500,0.010,0.396,0.594
640000,0.010,0.412,0.578
640500,0.010,0.554,0.436
641000,0.010,0.535,0.455
641500,0.010,0.659,0.331
642000,0.010,0.469,0.521
642500,0.010,0.384,0.606
643000,0.010,0.481,0.509
643500,0.010,0.911,0.079
644000,0.010,0.400,0.590
644500,0.010,0.529,0.461
645000,0.010,0.546,0.444
645500,0.010,0.949,0.041
646000,0.010,0.614,0.376
646500,0.010,0.507,0.483
647000,0.010,0.601,0.389
647500,0.010,0.553,0.437
648000,0.010,0.486,0.504
648500,0.010,0.626,0.364
649000,0.010,0.351,0.639
649500,0.010,0.308,0.682
650000,0.010,0.295,0.695
650500,0.010,0.346,0.644
651000,0.010,0.567,0.423
651500,0.010,0.673,0.317
652000,0.010,0.548,0.442
652500,0.010,0.635,0.355
653000,0.010,0.505,0.485
653500,0.010,0.385,0.605
654000,0.010,0.607,0.383
654500,0.010,0.506,0.484
655000,0.010,0.471,0.519
655500,0.010,0.448,0.542
656000,0.010,0.618,0.372
656500,0.010,0.679,0.311
657000,0.010,0.579,0.411
657500,0.010,0.622,0.368
658000,0.010,0.599,0.391
658500,0.010,0.515,0.475
659000,0.010,0.400,0.590
659500,0.010,0.494,0.496
660000,0.010,0.485,0.505
660500,0.010,0.493,0.497
661000,0.010,0.555,0.435
661500,0.010,0.679,0.311
662000,0.010,0.606,0.384
662500,0.010,0.449,0.541
663000,0.010,0.623,0.367
663500,0.010,0.497,0.493
664000,0.010,0.491,0.499
664500,0.010,0.349,0.641
665000,0.010,0.488,0.502
665500,0.010,0.433,0.557
666000,0.010,0.488,0.502
666500,0.010,0.461,0.529
667000,0.010,0.322,0.668
667500,0.010,0.528,0.462
668000,0.010,0.638,0.352
668500,0.010,0.509,0.481
669000,0.010,0.514,0.476
669500,0.010,0.623,0.367
670000,0.010,0.277,0.713
670500,0.010,0.671,0.319
671000,0.010,0.454,0.536
671500,0.010,0.609,0.381
672000,0.010,0.519,0.471
672500,0.010,0.454,0.536
673000,0.010,0.521,0.469
673500,0.010,0.688,0.302
674000,0.010,0.659,0.331
674500,0.010,0.647,0.343
675000,0.010,0.545,0.445
675500,0.010,0.425,0.565
676000,0.010,0.608,0.382
676500,0.010,0.540,0.450
677000,0.010,0.510,0.480
677500,0.010,0.768,0.222
678000,0.010,0.687,0.303
678500,0.010,0.547,0.443
679000,0.010,0.591,0.399
679500,0.010,0.744,0.246
680000,0.010,0.534,0.456
680500,0.010,0.427,0.563
681000,0.010,0.503,0.487
681500,0.010,0.372,0.618
682000,0.010,0.420,0.570
682500,0.010,0.435,0.555
683000,0.010,0.449,0.541
683500,0.010,0.794,0.196
684000,0.010,0.936,0.054
684500,0.010,0.367,0.623
685000,0.010,0.628,0.362
685500,0.010,0.618,0.372
686000,0.010,0.476,0.514
686500,0.010,0.485,0.505
687000,0.010,0.730,0.260
687500,0.010,0.538,0.452
688000,0.010,0.454,0.536
688500,0.010,0.606,0.384
689000,0.010,0.546,0.444
689500,0.010,0.461,0.529
690000,0.010,0.457,0.533
690500,0.010,0.288,0.702
691000,0.010,0.620,0.370
691500,0.010,0.467,0.523
692000,0.010,0.480,0.510
692500,0.010,0.652,0.338
693000,0.010,0.666,0.324
693500,0.010,0.649,0.341
694000,0.010,0.296,0.694
694500,0.010,0.436,0.554
695000,0.010,0.574,0.416
695500,0.010,0.422,0.568
696000,0.010,0.412,0.578
696500,0.010,0.453,0.537
697000,0.010,0.393,0.597
697500,0.010,0.792,0.198
698000,0.010,0.340,0.650
698500,0.010,0.563,0.427
699000,0.010,0.569,0.421
699500,0.010,0.506,0.484
700000,0.010,0.652,0.338
700500,0.010,0.445,0.545
701000,0.010,0.662,0.328
701500,0.010,0.647,0.343
702000,0.010,0.617,0.373
702500,0.010,0.408,0.582
703000,0.010,0.629,0.361
703500,0.010,0.438,0.552
704000,0.010,0.716,0.274
704500,0.010,0.527,0.463
705000,0.010,0.554,0.436
705500,0.010,0.531,0.459
706000,0.010,0.546,0.444
706500,0.010,0.462,0.528
707000,0.010,0.597,0.393
707500,0.010,0.506,0.484
708000,0.010,0.377,0.613
708500,0.010,0.590,0.400
709000,0.010,0.676,0.314
709500,0.010,0.492,0.498
710000,0.010,0.380,0.610
710500,0.010,0.729,0.261
711000,0.010,0.316,0.674
711500,0.010,0.460,0.530
712000,0.010,0.435,0.555
712500,0.010,0.724,0.266
713000,0.010,0.398,0.592
713500,0.010,0.557,0.433
714000,0.010,0.532,0.458
714500,0.010,0.364,0.626
715000,0.010,0.420,0.570
715500,0.010,0.843,0.147
716000,0.010,0.659,0.331
716500,0.010,0.788,0.202
717000,0.010,0.566,0.424
717500,0.010,0.505,0.485
718000,0.010,0.738,0.252
718500,0.010,0.468,0.522
719000,0.010,0.335,0.655
719500,0.010,0.508,0.482
720000,0.010,0.641,0.349
720500,0.010,0.782,0.208
721000,0.010,0.381,0.609
721500,0.010,0.578,0.412
722000,0.010,0.613,0.377
722500,0.010,0.923,0.067
723000,0.010,0.610,0.380
723500,0.010,0.742,0.248
724000,0.010,0.613,0.377
724500,0.010,0.501,0.489
725000,0.010,0.686,0.304
725500,0.010,0.742,0.248
726000,0.010,0.457,0.533
726500,0.010,0.283,0.707
727000,0.010,0.619,0.371
727500,0.010,0.487,0.503
728000,0.010,0.498,0.492
728500,0.010,0.440,0.550
729000,0.010,0.426,0.564
729500,0.010,0.292,0.698
730000,0.010,0.626,0.364
730500,0.010,0.475,0.515
731000,0.010,0.423,0.567
731500,0.010,0.496,0.494
732000,0.010,0.605,0.385
732500,0.010,0.466,0.524
733000,0.010,0.439,0.551
733500,0.010,0.558,0.432
734000,0.010,0.360,0.630
734500,0.010,0.752,0.238
735000,0.010,0.564,0.426
735500,0.010,0.638,0.352
736000,0.010,0.629,0.361
736500,0.010,0.629,0.361
737000,0.010,0.470,0.520
737500,0.010,0.503,0.487
738000,0.010,0.580,0.410
738500,0.010,0.625,0.365
739000,0.010,0.488,0.502
739500,0.010,0.397,0.593
740000,0.010,0.552,0.438
740500,0.010,0.313,0.677
741000,0.010,0.615,0.375
741500,0.010,0.682,0.308
742000,0.010,0.415,0.575
742500,0.010,0.701,0.289
743000,0.010,0.513,0.477
743500,0.010,0.659,0.331
744000,0.010,0.547,0.443
744500,0.010,0.692,0.298
745000,0.010,0.582,0.408
745500,0.010,0.665,0.325
746000,0.010,0.617,0.373
746500,0.010,0.556,0.434
747000,0.010,0.354,0.636
747500,0.010,0.545,0.445
748000,0.010,0.476,0.514
748500,0.010,0.577,0.413
749000,0.010,0.488,0.502
749500,0.010,0.437,0.553
750000,0.010,0.605,0.385
750500,0.010,0.458,0.532
751000,0.010,0.600,0.390
751500,0.010,0.629,0.361
752000,0.010,0.450,0.540
752500,0.010,0.685,0.305
753000,0.010,0.731,0.259
753500,0.010,0.619,0.371
754000,0.010,0.484,0.506
754500,0.010,0.556,0.434
755000,0.010,0.510,0.480
755500,0.010,0.515,0.475
756000,0.010,0.630,0.360
756500,0.010,0.282,0.708
757000,0.010,0.497,0.493
757500,0.010,0.354,0.636
758000,0.010,0.558,0.432
758500,0.010,0.501,0.489
759000,0.010,0.702,0.288
759500,0.010,0.639,0.351
760000,0.010,0.473,0.517
760500,0.010,0.691,0.299
761000,0.010,0.362,0.628
761500,0.010,0.382,0.608
762000,0.010,0.607,0.383
762500,0.010,0.548,0.442
763000,0.010,0.479,0.511
763500,0.010,0.393,0.597
764000,0.010,0.401,0.589
764500,0.010,0.423,0.567
765000,0.010,0.744,0.246
765500,0.010,0.433,0.557
766000,0.010,0.603,0.387
766500,0.010,0.467,0.523
767000,0.010,0.575,0.415
767500,0.010,0.446,0.544
768000,0.010,0.603,0.387
768500,0.010,0.609,0.381
769000,0.010,0.687,0.303
769500,0.010,0.543,0.447
770000,0.010,0.391,0.599
770500,0.010,0.550,0.440
771000,0.010,0.399,0.591
771500,0.010,0.550,0.440
772000,0.010,0.527,0.463
772500,0.010,0.585,0.405
773000,0.010,0.648,0.342
773500,0.010,0.635,0.355
774000,0.010,0.575,0.415
774500,0.010,0.787,0.203
775000,0.010,0.525,0.465
775500,0.010,0.419,0.571
776000,0.010,0.643,0.347
776500,0.010,0.632,0.358
777000,0.010,0.685,0.305
777500,0.010,0.403,0.587
778000,0.010,0.544,0.446
778500,0.010,0.467,0.523
779000,0.010,0.577,0.413
779500,0.010,0.632,0.358
780000,0.010,0.475,0.515
780500,0.010,0.329,0.661
781000,0.010,0.605,0.385
781500,0.010,0.837,0.153
782000,0.010,0.589,0.401
782500,0.010,0.408,0.582
783000,0.010,0.720,0.270
783500,0.010,0.624,0.366
784000,0.010,0.323,0.667
784500,0.010,0.291,0.699
785000,0.010,0.628,0.362
785500,0.010,0.695,0.295
786000,0.010,0.596,0.394
786500,0.010,0.784,0.206
787000,0.010,0.647,0.343
787500,0.010,0.806,0.184
788000,0.010,0.523,0.467
788500,0.010,0.498,0.492
789000,0.010,0.519,0.471
789500,0.010,0.493,0.497
790000,0.010,0.523,0.467
790500,0.010,0.433,0.557
791000,0.010,0.532,0.458
791500,0.010,0.714,0.276
792000,0.010,0.480,0.510
792500,0.010,0.705,0.285
793000,0.010,0.760,0.230
793500,0.010,0.765,0.225
794000,0.010,0.409,0.581
794500,0.010,0.314,0.676
795000,0.010,0.579,0.411
795500,0.010,0.519,0.471
796000,0.010,0.500,0.490
796500,0.010,0.556,0.434
797000,0.010,0.636,0.354
797500,0.010,0.746,0.244
798000,0.010,0.422,0.568
798500,0.010,0.611,0.379
799000,0.010,0.424,0.566
799500,0.010,0.454,0.536
800000,0.010,0.311,0.679
800500,0.010,0.466,0.524
801000,0.010,0.717,0.273
801500,0.010,0.576,0.414
802000,0.010,0.441,0.549
802500,0.010,0.626,0.364
803000,0.010,0.640,0.350
803500,0.010,0.713,0.277
804000,0.010,0.590,0.400
804500,0.010,0.619,0.371
805000,0.010,0.533,0.457
805500,0.010,0.751,0.239
806000,0.010,0.534,0.456
806500,0.010,0.648,0.342
807000,0.010,0.474,0.516
807500,0.010,0.781,0.209
808000,0.010,0.413,0.577
808500,0.010,0.462,0.528
809000,0.010,0.438,0.552
809500,0.010,0.824,0.166
810000,0.010,0.504,0.486
810500,0.010,0.675,0.315
811000,0.010,0.524,0.466
811500,0.010,0.443,0.547
812000,0.010,0.511,0.479
812500,0.010,0.572,0.418
813000,0.010,0.421,0.569
813500,0.010,0.498,0.492
814000,0.010,0.395,0.595
814500,0.010,0.471,0.519
815000,0.010,0.546,0.444
815500,0.010,0.575,0.415
816000,0.010,0.795,0.195
816500,0.010,0.724,0.266
817000,0.010,0.459,0.531
817500,0.010,0.423,0.567
818000,0.010,0.611,0.379
818500,0.010,0.763,0.227
819000,0.010,0.517,0.473
819500,0.010,0.799,0.191
820000,0.010,0.536,0.454
820500,0.010,0.816,0.174
821000,0.010,0.422,0.568
821500,0.010,0.457,0.533
822000,0.010,0.576,0.414
822500,0.010,0.471,0.519
823000,0.010,0.469,0.521
823500,0.010,0.751,0.239
824000,0.010,0.564,0.426
824500,0.010,0.481,0.509
825000,0.010,0.463,0.527
825500,0.010,0.491,0.499
826000,0.010,0.815,0.175
826500,0.010,0.743,0.247
827000,0.010,0.645,0.345
827500,0.010,0.649,0.341
828000,0.010,0.255,0.735
828500,0.010,0.485,0.505
829000,0.010,0.544,0.446
829500,0.010,0.576,0.414
830000,0.010,0.517,0.473
830500,0.010,0.460,0.530
831000,0.010,0.508,0.482
831500,0.010,0.678,0.312
832000,0.010,0.653,0.337
832500,0.010,0.446,0.544
833000,0.010,0.548,0.442
833500,0.010,0.359,0.631
834000,0.010,0.664,0.326
834500,0.010,0.719,0.271
835000,0.010,0.369,0.621
835500,0.010,0.534,0.456
836000,0.010,0.900,0.090
836500,0.010,0.389,0.601
837000,0.010,0.630,0.360
837500,0.010,0.403,0.587
838000,0.010,0.648,0.342
838500,0.010,0.594,0.396
839000,0.010,0.415,0.575
839500,0.010,0.525,0.465
840000,0.010,0.635,0.355
840500,0.010,0.650,0.340
841000,0.010,0.353,0.637
841500,0.010,0.691,0.299
842000,0.010,0.556,0.434
842500,0.010,0.583,0.407
843000,0.010,0.557,0.433
843500,0.010,0.456,0.534
844000,0.010,0.550,0.440
844500,0.010,0.572,0.418
845000,0.010,0.410,0.580
845500,0.010,0.439,0.551
846000,0.010,0.449,0.541
846500,0.010,0.521,0.469
847000,0.010,0.551,0.439
847500,0.010,0.517,0.473
848000,0.010,0.557,0.433
848500,0.010,0.457,0.533
849000,0.010,0.537,0.453
849500,0.010,0.593,0.397
850000,0.010,0.590,0.400
850500,0.010,0.520,0.470
851000,0.010,0.449,0.541
851500,0.010,0.575,0.415
852000,0.010,0.530,0.460
852500,0.010,0.402,0.588
853000,0.010,0.424,0.566
853500,0.010,0.466,0.524
854000,0.010,0.397,0.593
854500,0.010,0.557,0.433
855000,0.010,0.344,0.646
855500,0.010,0.645,0.345
856000,0.010,0.538,0.452
856500,0.010,0.757,0.233
857000,0.010,0.761,0.229
857500,0.010,0.576,0.414
858000,0.010,0.628,0.362
858500,0.010,0.817,0.173
859000,0.010,0.494,0.496
859500,0.010,0.526,0.464
860000,0.010,0.418,0.572
860500,0.010,0.419,0.571
861000,0.010,0.411,0.579
861500,0.010,0.468,0.522
862000,0.010,0.552,0.438
862500,0.010,0.580,0.410
863000,0.010,0.396,0.594
863500,0.010,0.481,0.509
864000,0.010,0.489,0.501
864500,0.010,0.579,0.411
865000,0.010,0.650,0.340
865500,0.010,0.623,0.367
866000,0.010,0.719,0.271
866500,0.010,0.594,0.396
867000,0.010,0.492,0.498
867500,0.010,0.830,0.160
868000,0.010,0.727,0.263
868500,0.010,0.565,0.425
869000,0.010,0.581,0.409
869500,0.010,0.526,0.464
870000,0.010,0.500,0.490
870500,0.010,0.449,0.541
871000,0.010,0.919,0.071
871500,0.010,0.608,0.382
872000,0.010,0.640,0.350
872500,0.010,0.505,0.485
873000,0.010,0.353,0.637
873500,0.010,0.564,0.426
874000,0.010,0.566,0.424
874500,0.010,0.530,0.460
875000,0.010,0.591,0.399
875500,0.010,0.586,0.404
876000,0.010,0.551,0.439
876500,0.010,0.608,0.382
877000,0.010,0.645,0.345
877500,0.010,0.579,0.411
878000,0.010,0.313,0.677
878500,0.010,0.558,0.432
879000,0.010,0.471,0.519
879500,0.010,0.390,0.600
880000,0.010,0.374,0.616
880500,0.010,0.458,0.532
881000,0.010,0.322,0.668
881500,0.010,0.634,0.356
882000,0.010,0.612,0.378
882500,0.010,0.561,0.429
883000,0.010,0.695,0.295
883500,0.010,0.736,0.254
884000,0.010,0.553,0.437
884500,0.010,0.599,0.391
885000,0.010,0.455,0.535
885500,0.010,0.558,0.432
886000,0.010,0.623,0.367
886500,0.010,0.453,0.537
887000,0.010,0.786,0.204
887500,0.010,0.702,0.288
888000,0.010,0.573,0.417
888500,0.010,0.285,0.705
889000,0.010,0.558,0.432
889500,0.010,0.533,0.457
890000,0.010,0.522,0.468
890500,0.010,0.480,0.510
891000,0.010,0.517,0.473
891500,0.010,0.613,0.377
892000,0.010,0.587,0.403
892500,0.010,0.567,0.423
893000,0.010,0.373,0.617
893500,0.010,0.557,0.433
894000,0.010,0.709,0.281
894500,0.010,0.636,0.354
895000,0.010,0.809,0.181
895500,0.010,0.559,0.431
896000,0.010,0.475,0.515
896500,0.010,0.688,0.302
897000,0.010,0.356,0.634
897500,0.010,0.801,0.189
898000,0.010,0.641,0.349
898500,0.010,0.294,0.696
899000,0.010,0.622,0.368
899500,0.010,0.544,0.446
900000,0.010,0.673,0.317
900500,0.010,0.606,0.384
901000,0.010,0.471,0.519
901500,0.010,0.401,0.589
902000,0.010,0.420,0.570
902500,0.010,0.282,0.708
903000,0.010,0.648,0.342
903500,0.010,0.558,0.432
904000,0.010,0.557,0.433
904500,0.010,0.479,0.511
905000,0.010,0.383,0.607
905500,0.010,0.327,0.663
906000,0.010,0.507,0.483
906500,0.010,0.630,0.360
907000,0.010,0.727,0.263
907500,0.010,0.431,0.559
908000,0.010,0.536,0.454
908500,0.010,0.531,0.459
909000,0.010,0.591,0.399
909500,0.010,0.399,0.591
910000,0.010,0.394,0.596
910500,0.010,0.406,0.584
911000,0.010,0.605,0.385
911500,0.010,0.706,0.284
912000,0.010,0.585,0.405
912500,0.010,0.288,0.702
913000,0.010,0.378,0.612
913500,0.010,0.502,0.488
914000,0.010,0.440,0.550
914500,0.010,0.573,0.417
915000,0.010,0.417,0.573
915500,0.010,0.579,0.411
916000,0.010,0.545,0.445
916500,0.010,0.354,0.636
917000,0.010,0.604,0.386
917500,0.010,0.363,0.627
918000,0.010,0.534,0.456
918500,0.010,0.477,0.513
919000,0.010,0.635,0.355
919500,0.010,0.420,0.570
920000,0.010,0.665,0.325
920500,0.010,0.722,0.268
921000,0.010,0.616,0.374
921500,0.010,0.521,0.469
922000,0.010,0.405,0.585
922500,0.010,0.530,0.460
923000,0.010,0.653,0.337
923500,0.010,0.361,0.629
924000,0.010,0.741,0.249
924500,0.010,0.848,0.142
925000,0.010,0.489,0.501
925500,0.010,0.499,0.491
926000,0.010,0.477,0.513
926500,0.010,0.402,0.588
927000,0.010,0.668,0.322
927500,0.010,0.662,0.328
928000,0.010,0.833,0.157
928500,0.010,0.607,0.383
929000,0.010,0.752,0.238
929500,0.010,0.519,0.471
930000,0.010,0.585,0.405
930500,0.010,0.482,0.508
931000,0.010,0.640,0.350
931500,0.010,0.595,0.395
932000,0.010,0.638,0.352
932500,0.010,0.711,0.279
933000,0.010,0.587,0.403
933500,0.010,0.329,0.661
934000,0.010,0.507,0.483
934500,0.010,0.631,0.359
935000,0.010,0.585,0.405
935500,0.010,0.783,0.207
936000,0.010,0.839,0.151
936500,0.010,0.710,0.280
937000,0.010,0.470,0.520
937500,0.010,0.624,0.366
938000,0.010,0.513,0.477
938500,0.010,0.460,0.530
939000,0.010,0.333,0.657
939500,0.010,0.426,0.564
940000,0.010,0.808,0.182
940500,0.010,0.574,0.416
941000,0.010,0.526,0.464
941500,0.010,0.618,0.372
942000,0.010,0.664,0.326
942500,0.010,0.664,0.326
943000,0.010,0.840,0.150
943500,0.010,0.557,0.433
944000,0.010,0.377,0.613
944500,0.010,0.501,0.489
945000,0.010,0.669,0.321
945500,0.010,0.395,0.595
946000,0.010,0.501,0.489
946500,0.010,0.610,0.380
947000,0.010,0.642,0.348
947500,0.010,0.570,0.420
948000,0.010,0.693,0.297
948500,0.010,0.565,0.425
949000,0.010,0.562,0.428
949500,0.010,0.422,0.568
950000,0.010,0.393,0.597
950500,0.010,0.663,0.327
951000,0.010,0.821,0.169
951500,0.010,0.775,0.215
952000,0.010,0.509,0.481
952500,0.010,0.335,0.655
953000,0.010,0.450,0.540
953500,0.010,0.555,0.435
954000,0.010,0.630,0.360
954500,0.010,0.798,0.192
955000,0.010,0.265,0.725
955500,0.010,0.496,0.494
956000,0.010,0.785,0.205
956500,0.010,0.525,0.465
957000,0.010,0.793,0.197
957500,0.010,0.643,0.347
958000,0.010,0.627,0.363
958500,0.010,0.641,0.349
959000,0.010,0.552,0.438
959500,0.010,0.688,0.302
960000,0.010,0.683,0.307
960500,0.010,0.668,0.322
961000,0.010,0.520,0.470
961500,0.010,0.457,0.533
962000,0.010,0.511,0.479
962500,0.010,0.619,0.371
963000,0.010,0.698,0.292
963500,0.010,0.599,0.391
964000,0.010,0.380,0.610
964500,0.010,0.604,0.386
965000,0.010,0.622,0.368
965500,0.010,0.725,0.265
966000,0.010,0.440,0.550
966500,0.010,0.654,0.336
967000,0.010,0.471,0.519
967500,0.010,0.757,0.233
968000,0.010,0.757,0.233
968500,0.010,0.537,0.453
969000,0.010,0.710,0.280
969500,0.010,0.576,0.414
970000,0.010,0.590,0.400
970500,0.010,0.588,0.402
971000,0.010,0.501,0.489
971500,0.010,0.281,0.709
972000,0.010,0.728,0.262
972500,0.010,0.448,0.542
973000,0.010,0.563,0.427
973500,0.010,0.628,0.362
974000,0.010,0.455,0.535
974500,0.010,0.536,0.454
975000,0.010,0.644,0.346
975500,0.010,0.357,0.633
976000,0.010,0.431,0.559
976500,0.010,0.577,0.413
977000,0.010,0.758,0.232
977500,0.010,0.513,0.477
978000,0.010,0.606,0.384
978500,0.010,0.527,0.463
979000,0.010,0.455,0.535
979500,0.010,0.396,0.594
980000,0.010,0.314,0.676
980500,0.010,0.725,0.265
981000,0.010,0.441,0.549
981500,0.010,0.524,0.466
982000,0.010,0.709,0.281
982500,0.010,0.492,0.498
983000,0.010,0.287,0.703
983500,0.010,0.711,0.279
984000,0.010,0.700,0.290
984500,0.010,0.546,0.444
985000,0.010,0.521,0.469
985500,0.010,0.534,0.456
986000,0.010,0.653,0.337
986500,0.010,0.474,0.516
987000,0.010,0.457,0.533
987500,0.010,0.783,0.207
988000,0.010,0.635,0.355
988500,0.010,0.525,0.465
989000,0.010,0.407,0.583
989500,0.010,0.441,0.549
990000,0.010,0.568,0.422
990500,0.010,0.775,0.215
991000,0.010,0.428,0.562
991500,0.010,0.595,0.395
992000,0.010,0.666,0.324
992500,0.010,0.427,0.563
993000,0.010,0.553,0.437
993500,0.010,0.626,0.364
994000,0.010,0.610,0.380
994500,0.010,0.417,0.573
995000,0.010,0.734,0.256
995500,0.010,0.645,0.345
996000,0.010,0.528,0.462
996500,0.010,0.635,0.355
997000,0.010,0.545,0.445
997500,0.010,0.416,0.574
998000,0.010,0.699,0.291
998500,0.010,0.491,0.499
999000,0.010,0.573,0.417
999500,0.010,0.453,0.537
1000000,0.010,0.874,0.116
