time,n_A+p,n_B,n_AB
500,0.010,0.278,0.712
1000,0.010,0.310,0.680
1500,0.010,0.206,0.784
2000,0.011,0.203,0.786
2500,0.010,0.138,0.852
3000,0.010,0.260,0.730
3500,0.046,0.171,0.783
4000,0.010,0.163,0.827
4500,0.010,0.193,0.797
5000,0.010,0.201,0.789
5500,0.010,0.081,0.909
6000,0.270,0.000,0.730
6500,0.381,0.000,0.619
7000,0.345,0.000,0.655
7500,0.169,0.000,0.831
8000,0.321,0.000,0.679
8500,0.303,0.000,0.697
9000,0.316,0.000,0.684
9500,0.206,0.000,0.794
10000,0.339,0.000,0.661
10500,0.548,0.000,0.452
11000,0.314,0.000,0.686
11500,0.401,0.000,0.599
12000,0.245,0.000,0.755
12500,0.305,0.000,0.695
13000,0.383,0.000,0.617
13500,0.270,0.000,0.730
14000,0.230,0.000,0.770
14500,0.281,0.000,0.719
15000,0.386,0.000,0.614
15500,0.363,0.000,0.637
16000,0.308,0.000,0.692
16500,0.201,0.000,0.799
17000,0.167,0.000,0.833
17500,0.341,0.000,0.659
18000,0.483,0.000,0.517
18500,0.250,0.000,0.750
19000,0.225,0.000,0.775
19500,0.456,0.000,0.544
20000,0.188,0.000,0.812
20500,0.382,0.000,0.618
21000,0.331,0.000,0.669
21500,0.270,0.000,0.730
22000,0.234,0.000,0.766
22500,0.203,0.000,0.797
23000,0.239,0.000,0.761
23500,0.344,0.000,0.656
24000,0.337,0.000,0.663
24500,0.273,0.000,0.727
25000,0.397,0.000,0.603
25500,0.322,0.000,0.678
26000,0.325,0.000,0.675
26500,0.124,0.000,0.876
27000,0.181,0.000,0.819
27500,0.274,0.000,0.726
28000,0.426,0.000,0.574
28500,0.289,0.000,0.711
29000,0.172,0.000,0.828
29500,0.213,0.000,0.787
30000,0.217,0.000,0.783
30500,0.405,0.000,0.595
31000,0.435,0.000,0.565
31500,0.359,0.000,0.641
32000,0.302,0.000,0.698
32500,0.360,0.000,0.640
33000,0.209,0.000,0.791
33500,0.265,0.000,0.735
34000,0.445,0.000,0.555
34500,0.485,0.000,0.515
35000,0.265,0.000,0.735
35500,0.400,0.000,0.600
36000,0.424,0.000,0.576
36500,0.312,0.000,0.688
37000,0.292,0.000,0.708
37500,0.306,0.000,0.694
38000,0.364,0.000,0.636
38500,0.396,0.000,0.604
39000,0.312,0.000,0.688
39500,0.327,0.000,0.673
40000,0.183,0.000,0.817
40500,0.412,0.000,0.588
41000,0.247,0.000,0.753
41500,0.273,0.000,0.727
42000,0.262,0.000,0.738
42500,0.362,0.000,0.638
43000,0.224,0.000,0.776
43500,0.105,0.000,0.895
44000,0.331,0.000,0.669
44500,0.290,0.000,0.710
45000,0.378,0.000,0.622
45500,0.269,0.000,0.731
46000,0.203,0.000,0.797
46500,0.209,0.000,0.791
47000,0.283,0.000,0.717
47500,0.414,0.000,0.586
48000,0.290,0.000,0.710
48500,0.258,0.000,0.742
49000,0.333,0.000,0.667
49500,0.236,0.000,0.764
50000,0.432,0.000,0.568
50500,0.352,0.000,0.648
51000,0.327,0.000,0.673
51500,0.385,0.000,0.615
52000,0.229,0.000,0.771
52500,0.196,0.000,0.804
53000,0.366,0.000,0.634
53500,0.351,0.000,0.649
54000,0.311,0.000,0.689
54500,0.212,0.000,0.788
55000,0.176,0.000,0.824
55500,0.197,0.000,0.803
56000,0.281,0.000,0.719
56500,0.268,0.000,0.732
57000,0.290,0.000,0.710
57500,0.298,0.000,0.702
58000,0.405,0.000,0.595
58500,0.333,0.000,0.667
59000,0.314,0.000,0.686
59500,0.294,0.000,0.706
60000,0.195,0.000,0.805
60500,0.230,0.000,0.770
61000,0.275,0.000,0.725
61500,0.400,0.000,0.600
62000,0.290,0.000,0.710
62500,0.227,0.000,0.773
63000,0.214,0.000,0.786
63500,0.340,0.000,0.660
64000,0.629,0.000,0.371
64500,0.257,0.000,0.743
65000,0.266,0.000,0.734
65500,0.385,0.000,0.615
66000,0.324,0.000,0.676
66500,0.351,0.000,0.649
67000,0.225,0.000,0.775
67500,0.374,0.000,0.626
68000,0.347,0.000,0.653
68500,0.293,0.000,0.707
69000,0.301,0.000,0.699
69500,0.291,0.000,0.709
70000,0.506,0.000,0.494
70500,0.548,0.000,0.452
71000,0.225,0.000,0.775
71500,0.418,0.000,0.582
72000,0.222,0.000,0.778
72500,0.358,0.000,0.642
73000,0.287,0.000,0.713
73500,0.368,0.000,0.632
74000,0.404,0.000,0.596
74500,0.237,0.000,0.763
75000,0.393,0.000,0.607
75500,0.155,0.000,0.845
76000,0.232,0.000,0.768
76500,0.344,0.000,0.656
77000,0.297,0.000,0.703
77500,0.281,0.000,0.719
78000,0.330,0.000,0.670
78500,0.360,0.000,0.640
79000,0.364,0.000,0.636
79500,0.260,0.000,0.740
80000,0.247,0.000,0.753
80500,0.261,0.000,0.739
81000,0.170,0.000,0.830
81500,0.360,0.000,0.640
82000,0.383,0.000,0.617
82500,0.385,0.000,0.615
83000,0.459,0.000,0.541
83500,0.403,0.000,0.597
84000,0.219,0.000,0.781
84500,0.297,0.000,0.703
85000,0.392,0.000,0.608
85500,0.159,0.000,0.841
86000,0.160,0.000,0.840
86500,0.315,0.000,0.685
87000,0.205,0.000,0.795
87500,0.475,0.000,0.525
88000,0.392,0.000,0.608
88500,0.318,0.000,0.682
89000,0.119,0.028,0.853
89500,0.363,0.000,0.637
90000,0.254,0.000,0.746
90500,0.289,0.000,0.711
91000,0.393,0.000,0.607
91500,0.170,0.000,0.830
92000,0.130,0.000,0.870
92500,0.506,0.000,0.494
93000,0.368,0.000,0.632
93500,0.378,0.000,0.622
94000,0.222,0.000,0.778
94500,0.322,0.000,0.678
95000,0.329,0.000,0.671
95500,0.266,0.000,0.734
96000,0.111,0.000,0.889
96500,0.340,0.000,0.660
97000,0.195,0.000,0.805
97500,0.185,0.000,0.815
98000,0.489,0.000,0.511
98500,0.357,0.000,0.643
99000,0.493,0.000,0.507
99500,0.230,0.000,0.770
100000,0.392,0.000,0.608
100500,0.419,0.000,0.581
101000,0.195,0.000,0.805
101500,0.315,0.000,0.685
102000,0.254,0.000,0.746
102500,0.256,0.000,0.744
103000,0.223,0.000,0.777
103500,0.468,0.000,0.532
104000,0.304,0.000,0.696
104500,0.307,0.000,0.693
105000,0.263,0.000,0.737
105500,0.226,0.000,0.774
106000,0.241,0.000,0.759
106500,0.163,0.006,0.831
107000,0.245,0.000,0.755
107500,0.369,0.000,0.631
108000,0.312,0.000,0.688
108500,0.290,0.000,0.710
109000,0.383,0.000,0.617
109500,0.268,0.000,0.732
110000,0.310,0.000,0.690
110500,0.292,0.000,0.708
111000,0.205,0.000,0.795
111500,0.296,0.000,0.704
112000,0.341,0.000,0.659
112500,0.337,0.000,0.663
113000,0.461,0.000,0.539
113500,0.186,0.000,0.814
114000,0.207,0.000,0.793
114500,0.056,0.000,0.944
115000,0.303,0.000,0.697
115500,0.303,0.000,0.697
116000,0.185,0.000,0.815
116500,0.298,0.000,0.702
117000,0.389,0.000,0.611
117500,0.244,0.000,0.756
118000,0.397,0.000,0.603
118500,0.171,0.000,0.829
119000,0.415,0.000,0.585
119500,0.339,0.000,0.661
120000,0.584,0.000,0.416
120500,0.411,0.000,0.589
121000,0.482,0.000,0.518
121500,0.313,0.000,0.687
122000,0.375,0.000,0.625
122500,0.383,0.000,0.617
123000,0.360,0.000,0.640
123500,0.217,0.000,0.783
124000,0.250,0.000,0.750
124500,0.341,0.000,0.659
125000,0.264,0.000,0.736
125500,0.328,0.000,0.672
126000,0.291,0.000,0.709
126500,0.277,0.000,0.723
127000,0.237,0.000,0.763
127500,0.140,0.000,0.860
128000,0.331,0.000,0.669
128500,0.278,0.000,0.722
129000,0.435,0.000,0.565
129500,0.463,0.000,0.537
130000,0.437,0.000,0.563
130500,0.259,0.000,0.741
131000,0.399,0.000,0.601
131500,0.393,0.000,0.607
132000,0.281,0.000,0.719
132500,0.392,0.000,0.608
133000,0.353,0.000,0.647
133500,0.421,0.000,0.579
134000,0.184,0.000,0.816
134500,0.295,0.000,0.705
135000,0.268,0.000,0.732
135500,0.338,0.000,0.662
136000,0.220,0.000,0.780
136500,0.399,0.000,0.601
137000,0.308,0.000,0.692
137500,0.289,0.000,0.711
138000,0.364,0.000,0.636
138500,0.501,0.000,0.499
139000,0.267,0.000,0.733
139500,0.360,0.000,0.640
140000,0.314,0.000,0.686
140500,0.291,0.000,0.709
141000,0.295,0.000,0.705
141500,0.268,0.000,0.732
142000,0.202,0.000,0.798
142500,0.361,0.000,0.639
143000,0.200,0.000,0.800
143500,0.367,0.000,0.633
144000,0.438,0.000,0.562
144500,0.287,0.000,0.713
145000,0.175,0.000,0.825
145500,0.226,0.000,0.774
146000,0.353,0.000,0.647
146500,0.255,0.000,0.745
147000,0.279,0.000,0.721
147500,0.294,0.000,0.706
148000,0.180,0.000,0.820
148500,0.331,0.000,0.669
149000,0.364,0.000,0.636
149500,0.186,0.000,0.814
150000,0.449,0.000,0.551
150500,0.397,0.000,0.603
151000,0.363,0.000,0.637
151500,0.299,0.000,0.701
152000,0.329,0.000,0.671
152500,0.377,0.000,0.623
153000,0.484,0.000,0.516
153500,0.272,0.000,0.728
154000,0.244,0.000,0.756
154500,0.271,0.000,0.729
155000,0.260,0.000,0.740
155500,0.297,0.000,0.703
156000,0.153,0.000,0.847
156500,0.358,0.000,0.642
157000,0.247,0.000,0.753
157500,0.350,0.000,0.650
158000,0.348,0.000,0.652
158500,0.365,0.000,0.635
159000,0.294,0.000,0.706
159500,0.490,0.000,0.510
160000,0.366,0.000,0.634
160500,0.209,0.000,0.791
161000,0.248,0.000,0.752
161500,0.285,0.000,0.715
162000,0.172,0.000,0.828
162500,0.339,0.000,0.661
163000,0.468,0.000,0.532
163500,0.195,0.000,0.805
164000,0.325,0.000,0.675
164500,0.396,0.000,0.604
165000,0.365,0.000,0.635
165500,0.311,0.000,0.689
166000,0.355,0.000,0.645
166500,0.267,0.000,0.733
167000,0.309,0.000,0.691
167500,0.323,0.000,0.677
168000,0.487,0.000,0.513
168500,0.221,0.000,0.779
169000,0.281,0.000,0.719
169500,0.307,0.000,0.693
170000,0.241,0.000,0.759
170500,0.335,0.000,0.665
171000,0.405,0.000,0.595
171500,0.428,0.000,0.572
172000,0.412,0.000,0.588
172500,0.292,0.000,0.708
173000,0.124,0.000,0.876
173500,0.248,0.000,0.752
174000,0.344,0.000,0.656
174500,0.193,0.000,0.807
175000,0.262,0.000,0.738
175500,0.209,0.000,0.791
176000,0.164,0.000,0.836
176500,0.394,0.000,0.606
177000,0.328,0.000,0.672
177500,0.166,0.000,0.834
178000,0.379,0.000,0.621
178500,0.338,0.000,0.662
179000,0.235,0.000,0.765
179500,0.295,0.000,0.705
180000,0.411,0.000,0.589
180500,0.327,0.000,0.673
181000,0.358,0.000,0.642
181500,0.302,0.000,0.698
182000,0.344,0.000,0.656
182500,0.323,0.000,0.677
183000,0.416,0.000,0.584
183500,0.286,0.000,0.714
184000,0.402,0.000,0.598
184500,0.227,0.000,0.773
185000,0.292,0.000,0.708
185500,0.293,0.000,0.707
186000,0.219,0.000,0.781
186500,0.379,0.000,0.621
187000,0.367,0.000,0.633
187500,0.261,0.000,0.739
188000,0.153,0.000,0.847
188500,0.387,0.000,0.613
189000,0.307,0.000,0.693
189500,0.406,0.000,0.594
190000,0.357,0.000,0.643
190500,0.226,0.000,0.774
191000,0.214,0.000,0.786
191500,0.319,0.000,0.681
192000,0.313,0.000,0.687
192500,0.393,0.000,0.607
193000,0.350,0.000,0.650
193500,0.317,0.000,0.683
194000,0.418,0.000,0.582
194500,0.316,0.000,0.684
195000,0.265,0.000,0.735
195500,0.578,0.000,0.422
196000,0.226,0.000,0.774
196500,0.265,0.000,0.735
197000,0.196,0.000,0.804
197500,0.352,0.000,0.648
198000,0.364,0.000,0.636
198500,0.281,0.000,0.719
199000,0.185,0.000,0.815
199500,0.260,0.000,0.740
200000,0.379,0.000,0.621
200500,0.485,0.000,0.515
201000,0.279,0.000,0.721
201500,0.496,0.000,0.504
202000,0.271,0.000,0.729
202500,0.427,0.002,0.571
203000,0.226,0.000,0.774
203500,0.243,0.000,0.757
204000,0.331,0.000,0.669
204500,0.424,0.000,0.576
205000,0.418,0.000,0.582
205500,0.309,0.000,0.691
206000,0.342,0.000,0.658
206500,0.272,0.000,0.728
207000,0.258,0.000,0.742
207500,0.329,0.000,0.671
208000,0.227,0.000,0.773
208500,0.508,0.000,0.492
209000,0.248,0.000,0.752
209500,0.331,0.000,0.669
210000,0.410,0.000,0.590
210500,0.476,0.000,0.524
211000,0.272,0.000,0.728
211500,0.313,0.000,0.687
212000,0.404,0.000,0.596
212500,0.379,0.000,0.621
213000,0.335,0.000,0.665
213500,0.271,0.000,0.729
214000,0.299,0.000,0.701
214500,0.344,0.000,0.656
215000,0.187,0.000,0.813
215500,0.170,0.000,0.830
216000,0.369,0.000,0.631
216500,0.360,0.000,0.640
217000,0.451,0.000,0.549
217500,0.450,0.000,0.550
218000,0.224,0.000,0.776
218500,0.270,0.000,0.730
219000,0.288,0.000,0.712
219500,0.325,0.000,0.675
220000,0.393,0.000,0.607
220500,0.355,0.000,0.645
221000,0.420,0.000,0.580
221500,0.280,0.000,0.720
222000,0.208,0.000,0.792
222500,0.270,0.000,0.730
223000,0.304,0.000,0.696
223500,0.343,0.000,0.657
224000,0.383,0.000,0.617
224500,0.165,0.000,0.835
225000,0.319,0.000,0.681
225500,0.247,0.000,0.753
226000,0.252,0.000,0.748
226500,0.287,0.000,0.713
227000,0.336,0.000,0.664
227500,0.340,0.000,0.660
228000,0.506,0.000,0.494
228500,0.248,0.000,0.752
229000,0.305,0.000,0.695
229500,0.292,0.000,0.708
230000,0.298,0.001,0.701
230500,0.330,0.000,0.670
231000,0.472,0.000,0.528
231500,0.307,0.000,0.693
232000,0.372,0.000,0.628
232500,0.231,0.000,0.769
233000,0.247,0.000,0.753
233500,0.433,0.000,0.567
234000,0.374,0.000,0.626
234500,0.405,0.000,0.595
235000,0.296,0.000,0.704
235500,0.340,0.000,0.660
236000,0.223,0.000,0.777
236500,0.202,0.000,0.798
237000,0.211,0.000,0.789
237500,0.268,0.000,0.732
238000,0.368,0.000,0.632
238500,0.312,0.000,0.688
239000,0.339,0.000,0.661
239500,0.207,0.000,0.793
240000,0.172,0.000,0.828
240500,0.431,0.000,0.569
241000,0.243,0.000,0.757
241500,0.311,0.000,0.689
242000,0.332,0.000,0.668
242500,0.372,0.000,0.628
243000,0.272,0.000,0.728
243500,0.442,0.000,0.558
244000,0.636,0.000,0.364
244500,0.405,0.000,0.595
245000,0.315,0.000,0.685
245500,0.391,0.000,0.609
246000,0.385,0.000,0.615
246500,0.293,0.000,0.707
247000,0.251,0.000,0.749
247500,0.283,0.000,0.717
248000,0.457,0.000,0.543
248500,0.385,0.000,0.615
249000,0.262,0.000,0.738
249500,0.158,0.000,0.842
250000,0.245,0.000,0.755
250500,0.404,0.000,0.596
251000,0.496,0.000,0.504
251500,0.329,0.000,0.671
252000,0.326,0.000,0.674
252500,0.336,0.000,0.664
253000,0.209,0.000,0.791
253500,0.237,0.000,0.763
254000,0.343,0.000,0.657
254500,0.215,0.000,0.785
255000,0.401,0.000,0.599
255500,0.335,0.000,0.665
256000,0.478,0.000,0.522
256500,0.367,0.000,0.633
257000,0.276,0.000,0.724
257500,0.194,0.000,0.806
258000,0.270,0.000,0.730
258500,0.430,0.000,0.570
259000,0.310,0.000,0.690
259500,0.308,0.000,0.692
260000,0.252,0.000,0.748
260500,0.280,0.000,0.720
261000,0.192,0.000,0.808
261500,0.244,0.000,0.756
262000,0.236,0.000,0.764
262500,0.369,0.000,0.631
263000,0.303,0.000,0.697
263500,0.151,0.000,0.849
264000,0.213,0.000,0.787
264500,0.336,0.000,0.664
265000,0.255,0.000,0.745
265500,0.157,0.000,0.843
266000,0.252,0.000,0.748
266500,0.480,0.000,0.520
267000,0.422,0.000,0.578
267500,0.325,0.000,0.675
268000,0.372,0.000,0.628
268500,0.126,0.000,0.874
269000,0.325,0.000,0.675
269500,0.443,0.000,0.557
270000,0.262,0.000,0.738
270500,0.256,0.000,0.744
271000,0.151,0.000,0.849
271500,0.343,0.000,0.657
272000,0.287,0.000,0.713
272500,0.524,0.000,0.476
273000,0.382,0.000,0.618
273500,0.225,0.000,0.775
274000,0.234,0.000,0.766
274500,0.362,0.000,0.638
275000,0.357,0.000,0.643
275500,0.221,0.000,0.779
276000,0.390,0.000,0.610
276500,0.403,0.000,0.597
277000,0.274,0.000,0.726
277500,0.467,0.000,0.533
278000,0.276,0.000,0.724
278500,0.432,0.000,0.568
279000,0.302,0.000,0.698
279500,0.224,0.000,0.776
280000,0.275,0.000,0.725
280500,0.526,0.000,0.474
281000,0.244,0.000,0.756
281500,0.181,0.000,0.819
282000,0.251,0.000,0.749
282500,0.316,0.000,0.684
283000,0.395,0.000,0.605
283500,0.426,0.000,0.574
284000,0.186,0.000,0.814
284500,0.204,0.000,0.796
285000,0.377,0.000,0.623
285500,0.169,0.000,0.831
286000,0.315,0.000,0.685
286500,0.270,0.000,0.730
287000,0.451,0.000,0.549
287500,0.362,0.000,0.638
288000,0.569,0.000,0.431
288500,0.571,0.000,0.429
289000,0.271,0.000,0.729
289500,0.222,0.000,0.778
290000,0.301,0.000,0.699
290500,0.347,0.000,0.653
291000,0.320,0.000,0.680
291500,0.302,0.000,0.698
292000,0.463,0.000,0.537
292500,0.198,0.000,0.802
293000,0.338,0.000,0.662
293500,0.431,0.000,0.569
294000,0.330,0.000,0.670
294500,0.187,0.000,0.813
295000,0.287,0.000,0.713
295500,0.464,0.000,0.536
296000,0.324,0.000,0.676
296500,0.296,0.000,0.704
297000,0.476,0.000,0.524
297500,0.352,0.000,0.648
298000,0.154,0.000,0.846
298500,0.446,0.000,0.554
299000,0.269,0.000,0.731
299500,0.327,0.000,0.673
300000,0.218,0.000,0.782
300500,0.286,0.000,0.714
301000,0.334,0.000,0.666
301500,0.309,0.000,0.691
302000,0.450,0.000,0.550
302500,0.407,0.000,0.593
303000,0.233,0.000,0.767
303500,0.228,0.000,0.772
304000,0.390,0.000,0.610
304500,0.297,0.000,0.703
305000,0.483,0.000,0.517
305500,0.412,0.000,0.588
306000,0.302,0.000,0.698
306500,0.325,0.000,0.675
307000,0.357,0.000,0.643
307500,0.223,0.000,0.777
308000,0.373,0.000,0.627
308500,0.093,0.000,0.907
309000,0.394,0.000,0.606
309500,0.411,0.000,0.589
310000,0.286,0.000,0.714
310500,0.275,0.000,0.725
311000,0.292,0.000,0.708
311500,0.388,0.000,0.612
312000,0.324,0.000,0.676
312500,0.292,0.000,0.708
313000,0.278,0.000,0.722
313500,0.313,0.000,0.687
314000,0.389,0.000,0.611
314500,0.322,0.000,0.678
315000,0.376,0.000,0.624
315500,0.406,0.000,0.594
316000,0.437,0.000,0.563
316500,0.295,0.000,0.705
317000,0.282,0.000,0.718
317500,0.402,0.000,0.598
318000,0.325,0.000,0.675
318500,0.469,0.000,0.531
319000,0.410,0.000,0.590
319500,0.231,0.000,0.769
320000,0.270,0.000,0.730
320500,0.397,0.000,0.603
321000,0.217,0.000,0.783
321500,0.358,0.000,0.642
322000,0.381,0.000,0.619
322500,0.433,0.000,0.567
323000,0.436,0.000,0.564
323500,0.251,0.000,0.749
324000,0.457,0.000,0.543
324500,0.283,0.000,0.717
325000,0.295,0.000,0.705
325500,0.363,0.000,0.637
326000,0.321,0.000,0.679
326500,0.301,0.000,0.699
327000,0.351,0.000,0.649
327500,0.354,0.000,0.646
328000,0.338,0.000,0.662
328500,0.365,0.000,0.635
329000,0.291,0.000,0.709
329500,0.287,0.000,0.713
330000,0.314,0.000,0.686
330500,0.366,0.000,0.634
331000,0.125,0.000,0.875
331500,0.355,0.000,0.645
332000,0.263,0.000,0.737
332500,0.304,0.000,0.696
333000,0.292,0.000,0.708
333500,0.342,0.000,0.658
334000,0.326,0.000,0.674
334500,0.270,0.000,0.730
335000,0.266,0.000,0.734
335500,0.190,0.000,0.810
336000,0.170,0.000,0.830
336500,0.314,0.000,0.686
337000,0.458,0.000,0.542
337500,0.407,0.000,0.593
338000,0.264,0.000,0.736
338500,0.202,0.000,0.798
339000,0.180,0.000,0.820
339500,0.382,0.000,0.618
340000,0.274,0.000,0.726
340500,0.240,0.000,0.760
341000,0.229,0.000,0.771
341500,0.332,0.000,0.668
342000,0.456,0.000,0.544
342500,0.215,0.000,0.785
343000,0.323,0.000,0.677
343500,0.171,0.000,0.829
344000,0.277,0.000,0.723
344500,0.392,0.000,0.608
345000,0.492,0.000,0.508
345500,0.512,0.000,0.488
346000,0.241,0.000,0.759
346500,0.451,0.000,0.549
347000,0.391,0.000,0.609
347500,0.330,0.000,0.670
348000,0.274,0.000,0.726
348500,0.270,0.000,0.730
349000,0.277,0.000,0.723
349500,0.214,0.000,0.786
350000,0.292,0.000,0.708
350500,0.205,0.000,0.795
351000,0.191,0.000,0.809
351500,0.474,0.000,0.526
352000,0.255,0.000,0.745
352500,0.476,0.000,0.524
353000,0.253,0.000,0.747
353500,0.296,0.000,0.704
354000,0.262,0.000,0.738
354500,0.361,0.000,0.639
355000,0.260,0.000,0.740
355500,0.221,0.000,0.779
356000,0.184,0.000,0.816
356500,0.367,0.000,0.633
357000,0.553,0.000,0.447
357500,0.464,0.000,0.536
358000,0.377,0.000,0.623
358500,0.362,0.000,0.638
359000,0.286,0.000,0.714
359500,0.365,0.000,0.635
360000,0.314,0.000,0.686
360500,0.425,0.000,0.575
361000,0.371,0.000,0.629
361500,0.373,0.000,0.627
362000,0.358,0.000,0.642
362500,0.131,0.000,0.869
363000,0.414,0.000,0.586
363500,0.286,0.000,0.714
364000,0.342,0.000,0.658
364500,0.234,0.000,0.766
365000,0.334,0.000,0.666
365500,0.255,0.000,0.745
366000,0.200,0.000,0.800
366500,0.514,0.000,0.486
367000,0.289,0.000,0.711
367500,0.133,0.000,0.867
368000,0.341,0.000,0.659
368500,0.280,0.000,0.720
369000,0.236,0.000,0.764
369500,0.239,0.001,0.760
370000,0.369,0.000,0.631
370500,0.196,0.000,0.804
371000,0.247,0.000,0.753
371500,0.254,0.000,0.746
372000,0.297,0.000,0.703
372500,0.502,0.000,0.498
373000,0.423,0.000,0.577
373500,0.354,0.000,0.646
374000,0.342,0.000,0.658
374500,0.207,0.000,0.793
375000,0.517,0.000,0.483
375500,0.223,0.000,0.777
376000,0.245,0.000,0.755
376500,0.247,0.000,0.753
377000,0.143,0.000,0.857
377500,0.322,0.000,0.678
378000,0.272,0.000,0.728
378500,0.405,0.000,0.595
379000,0.399,0.000,0.601
379500,0.183,0.000,0.817
380000,0.170,0.000,0.830
380500,0.300,0.000,0.700
381000,0.296,0.000,0.704
381500,0.227,0.000,0.773
382000,0.336,0.000,0.664
382500,0.303,0.000,0.697
383000,0.156,0.000,0.844
383500,0.372,0.000,0.628
384000,0.345,0.000,0.655
384500,0.255,0.000,0.745
385000,0.189,0.000,0.811
385500,0.206,0.000,0.794
386000,0.183,0.000,0.817
386500,0.311,0.000,0.689
387000,0.271,0.000,0.729
387500,0.455,0.000,0.545
388000,0.278,0.000,0.722
388500,0.298,0.000,0.702
389000,0.241,0.000,0.759
389500,0.477,0.000,0.523
390000,0.268,0.000,0.732
390500,0.334,0.000,0.666
391000,0.329,0.000,0.671
391500,0.382,0.000,0.618
392000,0.286,0.000,0.714
392500,0.425,0.000,0.575
393000,0.297,0.000,0.703
393500,0.249,0.000,0.751
394000,0.191,0.000,0.809
394500,0.291,0.000,0.709
395000,0.398,0.000,0.602
395500,0.332,0.000,0.668
396000,0.282,0.000,0.718
396500,0.217,0.000,0.783
397000,0.170,0.000,0.830
397500,0.423,0.000,0.577
398000,0.286,0.000,0.714
398500,0.250,0.000,0.750
399000,0.300,0.000,0.700
399500,0.217,0.000,0.783
400000,0.215,0.000,0.785
400500,0.396,0.000,0.604
401000,0.172,0.000,0.828
401500,0.321,0.000,0.679
402000,0.183,0.000,0.817
402500,0.469,0.000,0.531
403000,0.459,0.000,0.541
403500,0.309,0.000,0.691
404000,0.621,0.000,0.379
404500,0.388,0.000,0.612
405000,0.445,0.000,0.555
405500,0.254,0.000,0.746
406000,0.308,0.000,0.692
406500,0.316,0.000,0.684
407000,0.321,0.000,0.679
407500,0.374,0.000,0.626
408000,0.379,0.000,0.621
408500,0.307,0.000,0.693
409000,0.470,0.000,0.530
409500,0.370,0.000,0.630
410000,0.290,0.000,0.710
410500,0.543,0.000,0.457
411000,0.195,0.000,0.805
411500,0.295,0.000,0.705
412000,0.465,0.000,0.535
412500,0.352,0.000,0.648
413000,0.345,0.000,0.655
413500,0.245,0.000,0.755
414000,0.343,0.000,0.657
414500,0.429,0.000,0.571
415000,0.281,0.000,0.719
415500,0.328,0.000,0.672
416000,0.085,0.015,0.900
416500,0.184,0.000,0.816
417000,0.279,0.000,0.721
417500,0.096,0.008,0.896
418000,0.311,0.000,0.689
418500,0.433,0.000,0.567
419000,0.290,0.000,0.710
419500,0.517,0.000,0.483
420000,0.170,0.000,0.830
420500,0.226,0.000,0.774
421000,0.244,0.000,0.756
421500,0.208,0.000,0.792
422000,0.118,0.000,0.882
422500,0.144,0.000,0.856
423000,0.259,0.000,0.741
423500,0.253,0.000,0.747
424000,0.529,0.000,0.471
424500,0.258,0.000,0.742
425000,0.440,0.000,0.560
425500,0.294,0.000,0.706
426000,0.274,0.000,0.726
426500,0.274,0.000,0.726
427000,0.301,0.000,0.699
427500,0.365,0.000,0.635
428000,0.279,0.000,0.721
428500,0.453,0.000,0.547
429000,0.469,0.000,0.531
429500,0.288,0.000,0.712
430000,0.339,0.000,0.661
430500,0.197,0.000,0.803
431000,0.377,0.000,0.623
431500,0.340,0.000,0.660
432000,0.256,0.000,0.744
432500,0.238,0.000,0.762
433000,0.388,0.000,0.612
433500,0.287,0.000,0.713
434000,0.352,0.000,0.648
434500,0.392,0.000,0.608
435000,0.264,0.000,0.736
435500,0.208,0.000,0.792
436000,0.323,0.000,0.677
436500,0.203,0.000,0.797
437000,0.252,0.000,0.748
437500,0.374,0.000,0.626
438000,0.374,0.000,0.626
438500,0.333,0.000,0.667
439000,0.259,0.000,0.741
439500,0.236,0.000,0.764
440000,0.391,0.000,0.609
440500,0.357,0.000,0.643
441000,0.315,0.000,0.685
441500,0.305,0.000,0.695
442000,0.278,0.000,0.722
442500,0.350,0.000,0.650
443000,0.264,0.000,0.736
443500,0.379,0.000,0.621
444000,0.393,0.000,0.607
444500,0.406,0.000,0.594
445000,0.479,0.000,0.521
445500,0.286,0.000,0.714
446000,0.233,0.000,0.767
446500,0.331,0.000,0.669
447000,0.335,0.000,0.665
447500,0.518,0.000,0.482
448000,0.293,0.000,0.707
448500,0.341,0.000,0.659
449000,0.479,0.000,0.521
449500,0.303,0.000,0.697
450000,0.460,0.000,0.540
450500,0.246,0.000,0.754
451000,0.322,0.000,0.678
451500,0.332,0.000,0.668
452000,0.347,0.000,0.653
452500,0.451,0.000,0.549
453000,0.224,0.000,0.776
453500,0.599,0.000,0.401
454000,0.282,0.000,0.718
454500,0.360,0.000,0.640
455000,0.305,0.000,0.695
455500,0.356,0.000,0.644
456000,0.360,0.000,0.640
456500,0.366,0.000,0.634
457000,0.340,0.000,0.660
457500,0.341,0.000,0.659
458000,0.259,0.000,0.741
458500,0.389,0.000,0.611
459000,0.295,0.000,0.705
459500,0.254,0.000,0.746
460000,0.205,0.000,0.795
460500,0.270,0.000,0.730
461000,0.362,0.000,0.638
461500,0.358,0.000,0.642
462000,0.357,0.000,0.643
462500,0.373,0.000,0.627
463000,0.227,0.000,0.773
463500,0.323,0.000,0.677
464000,0.432,0.000,0.568
464500,0.224,0.000,0.776
465000,0.261,0.000,0.739
465500,0.345,0.000,0.655
466000,0.332,0.000,0.668
466500,0.189,0.000,0.811
467000,0.437,0.000,0.563
467500,0.324,0.000,0.676
468000,0.368,0.000,0.632
468500,0.351,0.000,0.649
469000,0.205,0.000,0.795
469500,0.293,0.000,0.707
470000,0.301,0.000,0.699
470500,0.294,0.000,0.706
471000,0.237,0.000,0.763
471500,0.272,0.000,0.728
472000,0.362,0.000,0.638
472500,0.227,0.000,0.773
473000,0.356,0.000,0.644
473500,0.276,0.000,0.724
474000,0.314,0.000,0.686
474500,0.244,0.000,0.756
475000,0.240,0.000,0.760
475500,0.318,0.000,0.682
476000,0.243,0.000,0.757
476500,0.208,0.000,0.792
477000,0.294,0.000,0.706
477500,0.356,0.000,0.644
478000,0.346,0.000,0.654
478500,0.323,0.000,0.677
479000,0.366,0.000,0.634
479500,0.426,0.000,0.574
480000,0.229,0.000,0.771
480500,0.129,0.000,0.871
481000,0.287,0.000,0.713
481500,0.201,0.000,0.799
482000,0.288,0.000,0.712
482500,0.265,0.000,0.735
483000,0.389,0.000,0.611
483500,0.368,0.000,0.632
484000,0.308,0.000,0.692
484500,0.287,0.000,0.713
485000,0.353,0.000,0.647
485500,0.371,0.000,0.629
486000,0.191,0.000,0.809
486500,0.228,0.000,0.772
487000,0.390,0.000,0.610
487500,0.315,0.000,0.685
488000,0.334,0.000,0.666
488500,0.274,0.000,0.726
489000,0.515,0.000,0.485
489500,0.260,0.000,0.740
490000,0.140,0.000,0.860
490500,0.114,0.000,0.886
491000,0.323,0.000,0.677
491500,0.479,0.000,0.521
492000,0.248,0.000,0.752
492500,0.209,0.000,0.791
493000,0.165,0.000,0.835
493500,0.134,0.000,0.866
494000,0.487,0.000,0.513
494500,0.345,0.000,0.655
495000,0.503,0.000,0.497
495500,0.443,0.000,0.557
496000,0.195,0.000,0.805
496500,0.451,0.000,0.549
497000,0.389,0.000,0.611
497500,0.298,0.000,0.702
498000,0.493,0.000,0.507
498500,0.381,0.000,0.619
499000,0.372,0.000,0.628
499500,0.133,0.000,0.867
500000,0.368,0.000,0.632
500500,0.339,0.000,0.661
501000,0.407,0.000,0.593
501500,0.223,0.000,0.777
502000,0.365,0.000,0.635
502500,0.149,0.000,0.851
503000,0.260,0.000,0.740
503500,0.371,0.000,0.629
504000,0.269,0.000,0.731
504500,0.222,0.000,0.778
505000,0.493,0.000,0.507
505500,0.348,0.000,0.652
506000,0.316,0.000,0.684
506500,0.377,0.000,0.623
507000,0.259,0.000,0.741
507500,0.401,0.000,0.599
508000,0.393,0.000,0.607
508500,0.333,0.000,0.667
509000,0.243,0.000,0.757
509500,0.348,0.000,0.652
510000,0.225,0.000,0.775
510500,0.159,0.000,0.841
511000,0.301,0.000,0.699
511500,0.309,0.000,0.691
512000,0.294,0.000,0.706
512500,0.343,0.000,0.657
513000,0.271,0.000,0.729
513500,0.381,0.000,0.619
514000,0.404,0.000,0.596
514500,0.344,0.000,0.656
515000,0.309,0.000,0.691
515500,0.294,0.000,0.706
516000,0.313,0.000,0.687
516500,0.429,0.000,0.571
517000,0.324,0.000,0.676
517500,0.209,0.000,0.791
518000,0.372,0.000,0.628
518500,0.280,0.000,0.720
519000,0.287,0.000,0.713
519500,0.342,0.000,0.658
520000,0.255,0.000,0.745
520500,0.285,0.000,0.715
521000,0.333,0.000,0.667
521500,0.366,0.000,0.634
522000,0.388,0.000,0.612
522500,0.415,0.000,0.585
523000,0.258,0.000,0.742
523500,0.193,0.000,0.807
524000,0.275,0.000,0.725
524500,0.198,0.000,0.802
525000,0.416,0.000,0.584
525500,0.064,0.074,0.862
526000,0.621,0.000,0.379
526500,0.457,0.000,0.543
527000,0.203,0.000,0.797
527500,0.148,0.000,0.852
528000,0.306,0.000,0.694
528500,0.281,0.000,0.719
529000,0.258,0.000,0.742
529500,0.309,0.000,0.691
530000,0.339,0.000,0.661
530500,0.232,0.000,0.768
531000,0.326,0.000,0.674
531500,0.330,0.000,0.670
532000,0.334,0.000,0.666
532500,0.320,0.000,0.680
533000,0.400,0.000,0.600
533500,0.320,0.000,0.680
534000,0.307,0.000,0.693
534500,0.421,0.000,0.579
535000,0.219,0.000,0.781
535500,0.199,0.000,0.801
536000,0.165,0.000,0.835
536500,0.257,0.000,0.743
537000,0.323,0.000,0.677
537500,0.268,0.000,0.732
538000,0.251,0.000,0.749
538500,0.261,0.000,0.739
539000,0.122,0.000,0.878
539500,0.453,0.000,0.547
540000,0.281,0.000,0.719
540500,0.264,0.000,0.736
541000,0.472,0.000,0.528
541500,0.523,0.000,0.477
542000,0.400,0.000,0.600
542500,0.347,0.000,0.653
543000,0.359,0.000,0.641
543500,0.297,0.000,0.703
544000,0.368,0.000,0.632
544500,0.459,0.000,0.541
545000,0.297,0.000,0.703
545500,0.274,0.000,0.726
546000,0.279,0.000,0.721
546500,0.504,0.000,0.496
547000,0.243,0.000,0.757
547500,0.240,0.000,0.760
548000,0.236,0.000,0.764
548500,0.284,0.000,0.716
549000,0.307,0.000,0.693
549500,0.212,0.000,0.788
550000,0.105,0.000,0.895
550500,0.183,0.000,0.817
551000,0.332,0.000,0.668
551500,0.250,0.000,0.750
552000,0.411,0.000,0.589
552500,0.368,0.000,0.632
553000,0.221,0.000,0.779
553500,0.267,0.000,0.733
554000,0.371,0.000,0.629
554500,0.299,0.000,0.701
555000,0.231,0.000,0.769
555500,0.241,0.000,0.759
556000,0.428,0.000,0.572
556500,0.304,0.000,0.696
557000,0.298,0.000,0.702
557500,0.223,0.000,0.777
558000,0.272,0.000,0.728
558500,0.384,0.000,0.616
559000,0.392,0.000,0.608
559500,0.268,0.000,0.732
560000,0.380,0.000,0.620
560500,0.235,0.000,0.765
561000,0.241,0.000,0.759
561500,0.494,0.000,0.506
562000,0.307,0.000,0.693
562500,0.232,0.000,0.768
563000,0.321,0.000,0.679
563500,0.234,0.000,0.766
564000,0.338,0.000,0.662
564500,0.374,0.000,0.626
565000,0.250,0.000,0.750
565500,0.317,0.000,0.683
566000,0.411,0.000,0.589
566500,0.417,0.000,0.583
567000,0.260,0.000,0.740
567500,0.475,0.000,0.525
568000,0.300,0.000,0.700
568500,0.352,0.000,0.648
569000,0.347,0.000,0.653
569500,0.344,0.000,0.656
570000,0.330,0.000,0.670
570500,0.336,0.000,0.664
571000,0.519,0.000,0.481
571500,0.358,0.000,0.642
572000,0.532,0.000,0.468
572500,0.326,0.000,0.674
573000,0.251,0.000,0.749
573500,0.325,0.000,0.675
574000,0.498,0.000,0.502
574500,0.308,0.000,0.692
575000,0.382,0.000,0.618
575500,0.273,0.000,0.727
576000,0.221,0.000,0.779
576500,0.358,0.000,0.642
577000,0.324,0.000,0.676
577500,0.324,0.000,0.676
578000,0.313,0.000,0.687
578500,0.189,0.000,0.811
579000,0.372,0.000,0.628
579500,0.401,0.000,0.599
580000,0.288,0.000,0.712
580500,0.208,0.000,0.792
581000,0.372,0.000,0.628
581500,0.333,0.000,0.667
582000,0.267,0.000,0.733
582500,0.198,0.000,0.802
583000,0.160,0.000,0.840
583500,0.455,0.000,0.545
584000,0.266,0.000,0.734
584500,0.311,0.000,0.689
585000,0.422,0.000,0.578
585500,0.341,0.000,0.659
586000,0.450,0.000,0.550
586500,0.312,0.000,0.688
587000,0.280,0.000,0.720
587500,0.460,0.000,0.540
588000,0.232,0.000,0.768
588500,0.266,0.000,0.734
589000,0.283,0.000,0.717
589500,0.248,0.000,0.752
590000,0.292,0.000,0.708
590500,0.318,0.000,0.682
591000,0.310,0.000,0.690
591500,0.321,0.000,0.679
592000,0.316,0.000,0.684
592500,0.294,0.000,0.706
593000,0.274,0.000,0.726
593500,0.338,0.000,0.662
594000,0.187,0.000,0.813
594500,0.322,0.000,0.678
595000,0.296,0.000,0.704
595500,0.256,0.000,0.744
596000,0.257,0.000,0.743
596500,0.167,0.000,0.833
597000,0.204,0.000,0.796
597500,0.238,0.000,0.762
598000,0.167,0.000,0.833
598500,0.111,0.000,0.889
599000,0.446,0.000,0.554
599500,0.262,0.000,0.738
600000,0.433,0.000,0.567
600500,0.279,0.000,0.721
601000,0.405,0.000,0.595
601500,0.156,0.000,0.844
602000,0.365,0.000,0.635
602500,0.294,0.000,0.706
603000,0.255,0.000,0.745
603500,0.389,0.000,0.611
604000,0.361,0.000,0.639
604500,0.264,0.000,0.736
605000,0.379,0.000,0.621
605500,0.463,0.000,0.537
606000,0.175,0.000,0.825
606500,0.414,0.000,0.586
607000,0.346,0.000,0.654
607500,0.212,0.000,0.788
608000,0.454,0.000,0.546
608500,0.437,0.000,0.563
609000,0.245,0.000,0.755
609500,0.141,0.000,0.859
610000,0.358,0.000,0.642
610500,0.339,0.000,0.661
611000,0.311,0.000,0.689
611500,0.341,0.000,0.659
612000,0.427,0.000,0.573
612500,0.369,0.000,0.631
613000,0.418,0.000,0.582
613500,0.342,0.000,0.658
614000,0.296,0.000,0.704
614500,0.272,0.000,0.728
615000,0.229,0.000,0.771
615500,0.331,0.000,0.669
616000,0.401,0.000,0.599
616500,0.225,0.000,0.775
617000,0.400,0.000,0.600
617500,0.257,0.000,0.743
618000,0.357,0.000,0.643
618500,0.341,0.000,0.659
619000,0.478,0.000,0.522
619500,0.301,0.000,0.699
620000,0.285,0.000,0.715
620500,0.384,0.000,0.616
621000,0.262,0.000,0.738
621500,0.235,0.000,0.765
622000,0.383,0.000,0.617
622500,0.321,0.000,0.679
623000,0.562,0.000,0.438
623500,0.372,0.000,0.628
624000,0.242,0.000,0.758
624500,0.405,0.000,0.595
625000,0.205,0.000,0.795
625500,0.437,0.000,0.563
626000,0.318,0.000,0.682
626500,0.286,0.000,0.714
627000,0.428,0.000,0.572
627500,0.370,0.000,0.630
628000,0.259,0.000,0.741
628500,0.383,0.000,0.617
629000,0.205,0.000,0.795
629500,0.238,0.000,0.762
630000,0.257,0.000,0.743
630500,0.189,0.000,0.811
631000,0.332,0.000,0.668
631500,0.264,0.000,0.736
632000,0.368,0.000,0.632
632500,0.372,0.000,0.628
633000,0.412,0.000,0.588
633500,0.299,0.000,0.701
634000,0.346,0.000,0.654
634500,0.198,0.000,0.802
635000,0.398,0.000,0.602
635500,0.250,0.000,0.750
636000,0.400,0.000,0.600
636500,0.300,0.000,0.700
637000,0.288,0.000,0.712
637500,0.412,0.000,0.588
638000,0.304,0.000,0.696
638500,0.276,0.000,0.724
639000,0.216,0.000,0.784
639500,0.264,0.000,0.736
640000,0.313,0.000,0.687
640500,0.352,0.000,0.648
641000,0.293,0.000,0.707
641500,0.391,0.000,0.609
642000,0.288,0.000,0.712
642500,0.240,0.000,0.760
643000,0.464,0.000,0.536
643500,0.393,0.000,0.607
644000,0.348,0.000,0.652
644500,0.459,0.000,0.541
645000,0.298,0.000,0.702
645500,0.176,0.000,0.824
646000,0.326,0.000,0.674
646500,0.294,0.000,0.706
647000,0.298,0.000,0.702
647500,0.335,0.000,0.665
648000,0.258,0.000,0.742
648500,0.316,0.000,0.684
649000,0.421,0.000,0.579
649500,0.582,0.000,0.418
650000,0.346,0.000,0.654
650500,0.220,0.000,0.780
651000,0.267,0.000,0.733
651500,0.163,0.000,0.837
652000,0.268,0.000,0.732
652500,0.274,0.000,0.726
653000,0.431,0.000,0.569
653500,0.331,0.000,0.669
654000,0.328,0.000,0.672
654500,0.377,0.000,0.623
655000,0.289,0.000,0.711
655500,0.307,0.000,0.693
656000,0.351,0.000,0.649
656500,0.266,0.000,0.734
657000,0.419,0.000,0.581
657500,0.328,0.000,0.672
658000,0.292,0.000,0.708
658500,0.309,0.000,0.691
659000,0.548,0.000,0.452
659500,0.294,0.000,0.706
660000,0.207,0.000,0.793
660500,0.349,0.000,0.651
661000,0.296,0.000,0.704
661500,0.182,0.000,0.818
662000,0.358,0.000,0.642
662500,0.280,0.000,0.720
663000,0.343,0.000,0.657
663500,0.306,0.000,0.694
664000,0.325,0.000,0.675
664500,0.254,0.000,0.746
665000,0.332,0.000,0.668
665500,0.301,0.000,0.699
666000,0.266,0.000,0.734
666500,0.327,0.000,0.673
667000,0.233,0.000,0.767
667500,0.229,0.000,0.771
668000,0.321,0.000,0.679
668500,0.298,0.000,0.702
669000,0.225,0.000,0.775
669500,0.393,0.000,0.607
670000,0.307,0.000,0.693
670500,0.189,0.000,0.811
671000,0.247,0.000,0.753
671500,0.382,0.000,0.618
672000,0.217,0.000,0.783
672500,0.237,0.000,0.763
673000,0.294,0.000,0.706
673500,0.303,0.000,0.697
674000,0.276,0.000,0.724
674500,0.226,0.000,0.774
675000,0.268,0.000,0.732
675500,0.260,0.000,0.740
676000,0.245,0.000,0.755
676500,0.291,0.000,0.709
677000,0.584,0.000,0.416
677500,0.484,0.000,0.516
678000,0.477,0.000,0.523
678500,0.280,0.000,0.720
679000,0.277,0.000,0.723
679500,0.320,0.000,0.680
680000,0.252,0.000,0.748
680500,0.170,0.000,0.830
681000,0.372,0.000,0.628
681500,0.239,0.000,0.761
682000,0.185,0.000,0.815
682500,0.335,0.000,0.665
683000,0.416,0.000,0.584
683500,0.273,0.000,0.727
684000,0.158,0.000,0.842
684500,0.362,0.000,0.638
685000,0.322,0.000,0.678
685500,0.374,0.000,0.626
686000,0.279,0.000,0.721
686500,0.199,0.000,0.801
687000,0.287,0.000,0.713
687500,0.298,0.000,0.702
688000,0.379,0.000,0.621
688500,0.366,0.000,0.634
689000,0.257,0.000,0.743
689500,0.247,0.000,0.753
690000,0.389,0.000,0.611
690500,0.227,0.000,0.773
691000,0.138,0.000,0.862
691500,0.463,0.000,0.537
692000,0.379,0.000,0.621
692500,0.436,0.000,0.564
693000,0.235,0.000,0.765
693500,0.069,0.006,0.925
694000,0.240,0.000,0.760
694500,0.318,0.000,0.682
695000,0.254,0.000,0.746
695500,0.268,0.000,0.732
696000,0.257,0.000,0.743
696500,0.274,0.000,0.726
697000,0.337,0.000,0.663
697500,0.449,0.000,0.551
698000,0.151,0.000,0.849
698500,0.286,0.000,0.714
699000,0.336,0.000,0.664
699500,0.469,0.000,0.531
700000,0.468,0.000,0.532
700500,0.579,0.000,0.421
701000,0.340,0.000,0.660
701500,0.260,0.000,0.740
702000,0.182,0.000,0.818
702500,0.282,0.000,0.718
703000,0.351,0.000,0.649
703500,0.349,0.000,0.651
704000,0.243,0.000,0.757
704500,0.394,0.000,0.606
705000,0.288,0.000,0.712
705500,0.264,0.000,0.736
706000,0.227,0.000,0.773
706500,0.177,0.000,0.823
707000,0.289,0.000,0.711
707500,0.281,0.000,0.719
708000,0.311,0.000,0.689
708500,0.419,0.000,0.581
709000,0.225,0.000,0.775
709500,0.366,0.000,0.634
710000,0.347,0.000,0.653
710500,0.419,0.000,0.581
711000,0.290,0.000,0.710
711500,0.192,0.000,0.808
712000,0.293,0.000,0.707
712500,0.285,0.000,0.715
713000,0.325,0.000,0.675
713500,0.270,0.000,0.730
714000,0.313,0.000,0.687
714500,0.360,0.000,0.640
715000,0.244,0.000,0.756
715500,0.188,0.000,0.812
716000,0.189,0.000,0.811
716500,0.231,0.000,0.769
717000,0.319,0.000,0.681
717500,0.354,0.000,0.646
718000,0.290,0.000,0.710
718500,0.313,0.000,0.687
719000,0.423,0.000,0.577
719500,0.157,0.000,0.843
720000,0.286,0.000,0.714
720500,0.292,0.000,0.708
721000,0.343,0.000,0.657
721500,0.336,0.000,0.664
722000,0.313,0.000,0.687
722500,0.384,0.000,0.616
723000,0.325,0.000,0.675
723500,0.365,0.000,0.635
724000,0.222,0.000,0.778
724500,0.357,0.000,0.643
725000,0.412,0.000,0.588
725500,0.322,0.000,0.678
726000,0.586,0.000,0.414
726500,0.436,0.000,0.564
727000,0.377,0.000,0.623
727500,0.315,0.000,0.685
728000,0.190,0.000,0.810
728500,0.285,0.000,0.715
729000,0.318,0.000,0.682
729500,0.396,0.000,0.604
730000,0.216,0.000,0.784
730500,0.265,0.000,0.735
731000,0.260,0.000,0.740
731500,0.232,0.000,0.768
732000,0.231,0.000,0.769
732500,0.194,0.000,0.806
733000,0.146,0.000,0.854
733500,0.362,0.000,0.638
734000,0.462,0.000,0.538
734500,0.176,0.000,0.824
735000,0.225,0.000,0.775
735500,0.339,0.000,0.661
736000,0.118,0.000,0.882
736500,0.354,0.000,0.646
737000,0.340,0.000,0.660
737500,0.264,0.000,0.736
738000,0.298,0.000,0.702
738500,0.474,0.000,0.526
739000,0.293,0.000,0.707
739500,0.263,0.000,0.737
740000,0.377,0.000,0.623
740500,0.339,0.000,0.661
741000,0.374,0.000,0.626
741500,0.246,0.000,0.754
742000,0.220,0.000,0.780
742500,0.375,0.000,0.625
743000,0.328,0.000,0.672
743500,0.346,0.000,0.654
744000,0.340,0.000,0.660
744500,0.254,0.000,0.746
745000,0.223,0.000,0.777
745500,0.240,0.000,0.760
746000,0.286,0.000,0.714
746500,0.314,0.000,0.686
747000,0.303,0.000,0.697
747500,0.286,0.000,0.714
748000,0.176,0.000,0.824
748500,0.254,0.000,0.746
749000,0.320,0.000,0.680
749500,0.252,0.000,0.748
750000,0.307,0.000,0.693
750500,0.320,0.000,0.680
751000,0.261,0.000,0.739
751500,0.378,0.000,0.622
752000,0.391,0.000,0.609
752500,0.421,0.000,0.579
753000,0.381,0.000,0.619
753500,0.336,0.000,0.664
754000,0.640,0.000,0.360
754500,0.186,0.000,0.814
755000,0.299,0.000,0.701
755500,0.218,0.000,0.782
756000,0.358,0.000,0.642
756500,0.332,0.000,0.668
757000,0.250,0.000,0.750
757500,0.310,0.000,0.690
758000,0.291,0.000,0.709
758500,0.330,0.000,0.670
759000,0.368,0.000,0.632
759500,0.304,0.000,0.696
760000,0.387,0.000,0.613
760500,0.159,0.000,0.841
761000,0.314,0.000,0.686
761500,0.382,0.000,0.618
762000,0.333,0.000,0.667
762500,0.168,0.000,0.832
763000,0.216,0.000,0.784
763500,0.353,0.000,0.647
764000,0.334,0.000,0.666
764500,0.293,0.000,0.707
765000,0.212,0.000,0.788
765500,0.412,0.000,0.588
766000,0.355,0.000,0.645
766500,0.214,0.000,0.786
767000,0.222,0.000,0.778
767500,0.256,0.000,0.744
768000,0.450,0.000,0.550
768500,0.334,0.000,0.666
769000,0.429,0.000,0.571
769500,0.338,0.000,0.662
770000,0.228,0.000,0.772
770500,0.266,0.000,0.734
771000,0.225,0.000,0.775
771500,0.308,0.000,0.692
772000,0.302,0.000,0.698
772500,0.348,0.000,0.652
773000,0.158,0.000,0.842
773500,0.287,0.000,0.713
774000,0.670,0.000,0.330
774500,0.350,0.000,0.650
775000,0.290,0.000,0.710
775500,0.342,0.000,0.658
776000,0.267,0.000,0.733
776500,0.354,0.000,0.646
777000,0.248,0.000,0.752
777500,0.235,0.000,0.765
778000,0.383,0.000,0.617
778500,0.270,0.000,0.730
779000,0.268,0.000,0.732
779500,0.227,0.000,0.773
780000,0.324,0.000,0.676
780500,0.325,0.000,0.675
781000,0.255,0.000,0.745
781500,0.427,0.000,0.573
782000,0.221,0.000,0.779
782500,0.373,0.000,0.627
783000,0.322,0.000,0.678
783500,0.376,0.000,0.624
784000,0.353,0.000,0.647
784500,0.141,0.000,0.859
785000,0.449,0.000,0.551
785500,0.360,0.000,0.640
786000,0.443,0.000,0.557
786500,0.295,0.000,0.705
787000,0.318,0.000,0.682
787500,0.392,0.000,0.608
788000,0.259,0.000,0.741
788500,0.628,0.000,0.372
789000,0.471,0.000,0.529
789500,0.339,0.000,0.661
790000,0.508,0.000,0.492
790500,0.292,0.000,0.708
791000,0.317,0.000,0.683
791500,0.177,0.000,0.823
792000,0.173,0.000,0.827
792500,0.290,0.000,0.710
793000,0.342,0.000,0.658
793500,0.311,0.000,0.689
794000,0.232,0.000,0.768
794500,0.505,0.000,0.495
795000,0.384,0.000,0.616
795500,0.250,0.000,0.750
796000,0.185,0.000,0.815
796500,0.320,0.000,0.680
797000,0.230,0.000,0.770
797500,0.229,0.000,0.771
798000,0.400,0.000,0.600
798500,0.410,0.000,0.590
799000,0.277,0.000,0.723
799500,0.346,0.000,0.654
800000,0.429,0.000,0.571
800500,0.434,0.000,0.566
801000,0.273,0.000,0.727
801500,0.412,0.000,0.588
802000,0.163,0.000,0.837
802500,0.429,0.000,0.571
803000,0.352,0.000,0.648
803500,0.221,0.000,0.779
804000,0.318,0.000,0.682
804500,0.292,0.000,0.708
805000,0.221,0.000,0.779
805500,0.209,0.000,0.791
806000,0.383,0.000,0.617
806500,0.156,0.000,0.844
807000,0.259,0.000,0.741
807500,0.237,0.000,0.763
808000,0.617,0.000,0.383
808500,0.351,0.000,0.649
809000,0.287,0.000,0.713
809500,0.371,0.000,0.629
810000,0.447,0.000,0.553
810500,0.412,0.000,0.588
811000,0.308,0.000,0.692
811500,0.449,0.000,0.551
812000,0.436,0.000,0.564
812500,0.259,0.000,0.741
813000,0.202,0.000,0.798
813500,0.366,0.000,0.634
814000,0.549,0.000,0.451
814500,0.355,0.000,0.645
815000,0.423,0.000,0.577
815500,0.452,0.000,0.548
816000,0.420,0.000,0.580
816500,0.422,0.000,0.578
817000,0.491,0.000,0.509
817500,0.189,0.000,0.811
818000,0.247,0.000,0.753
818500,0.360,0.000,0.640
819000,0.395,0.000,0.605
819500,0.300,0.000,0.700
820000,0.294,0.000,0.706
820500,0.266,0.000,0.734
821000,0.387,0.000,0.613
821500,0.429,0.000,0.571
822000,0.329,0.000,0.671
822500,0.296,0.000,0.704
823000,0.251,0.000,0.749
823500,0.149,0.000,0.851
824000,0.463,0.000,0.537
824500,0.314,0.000,0.686
825000,0.255,0.000,0.745
825500,0.352,0.000,0.648
826000,0.505,0.000,0.495
826500,0.359,0.000,0.641
827000,0.482,0.000,0.518
827500,0.461,0.000,0.539
828000,0.356,0.000,0.644
828500,0.277,0.000,0.723
829000,0.429,0.000,0.571
829500,0.448,0.000,0.552
830000,0.161,0.000,0.839
830500,0.240,0.000,0.760
831000,0.240,0.000,0.760
831500,0.267,0.000,0.733
832000,0.454,0.000,0.546
832500,0.201,0.000,0.799
833000,0.284,0.000,0.716
833500,0.237,0.000,0.763
834000,0.358,0.000,0.642
834500,0.286,0.000,0.714
835000,0.403,0.000,0.597
835500,0.373,0.000,0.627
836000,0.363,0.000,0.637
836500,0.325,0.000,0.675
837000,0.119,0.000,0.881
837500,0.256,0.000,0.744
838000,0.363,0.000,0.637
838500,0.315,0.000,0.685
839000,0.280,0.000,0.720
839500,0.181,0.000,0.819
840000,0.427,0.000,0.573
840500,0.243,0.000,0.757
841000,0.420,0.000,0.580
841500,0.369,0.000,0.631
842000,0.305,0.000,0.695
842500,0.486,0.000,0.514
843000,0.238,0.000,0.762
843500,0.203,0.000,0.797
844000,0.300,0.000,0.700
844500,0.288,0.000,0.712
845000,0.234,0.000,0.766
845500,0.378,0.000,0.622
846000,0.339,0.000,0.661
846500,0.375,0.000,0.625
847000,0.231,0.000,0.769
847500,0.307,0.000,0.693
848000,0.431,0.000,0.569
848500,0.324,0.000,0.676
849000,0.236,0.000,0.764
849500,0.376,0.000,0.624
850000,0.373,0.000,0.627
850500,0.193,0.000,0.807
851000,0.277,0.000,0.723
851500,0.279,0.000,0.721
852000,0.203,0.000,0.797
852500,0.174,0.000,0.826
853000,0.283,0.000,0.717
853500,0.452,0.000,0.548
854000,0.298,0.000,0.702
854500,0.380,0.000,0.620
855000,0.295,0.000,0.705
855500,0.308,0.000,0.692
856000,0.154,0.000,0.846
856500,0.333,0.000,0.667
857000,0.387,0.000,0.613
857500,0.289,0.000,0.711
858000,0.235,0.000,0.765
858500,0.299,0.000,0.701
859000,0.222,0.000,0.778
859500,0.255,0.000,0.745
860000,0.383,0.000,0.617
860500,0.254,0.000,0.746
861000,0.246,0.000,0.754
861500,0.276,0.000,0.724
862000,0.441,0.000,0.559
862500,0.427,0.000,0.573
863000,0.341,0.000,0.659
863500,0.297,0.000,0.703
864000,0.232,0.000,0.768
864500,0.419,0.000,0.581
865000,0.303,0.000,0.697
865500,0.247,0.000,0.753
866000,0.424,0.000,0.576
866500,0.127,0.000,0.873
867000,0.308,0.000,0.692
867500,0.281,0.000,0.719
868000,0.346,0.000,0.654
868500,0.368,0.000,0.632
869000,0.162,0.000,0.838
869500,0.188,0.000,0.812
870000,0.404,0.000,0.596
870500,0.374,0.000,0.626
871000,0.292,0.000,0.708
871500,0.328,0.000,0.672
872000,0.403,0.000,0.597
872500,0.363,0.000,0.637
873000,0.309,0.000,0.691
873500,0.321,0.000,0.679
874000,0.369,0.000,0.631
874500,0.337,0.000,0.663
875000,0.262,0.000,0.738
875500,0.282,0.000,0.718
876000,0.305,0.000,0.695
876500,0.389,0.000,0.611
877000,0.258,0.000,0.742
877500,0.313,0.000,0.687
878000,0.473,0.000,0.527
878500,0.241,0.000,0.759
879000,0.200,0.000,0.800
879500,0.434,0.000,0.566
880000,0.376,0.000,0.624
880500,0.469,0.000,0.531
881000,0.525,0.000,0.475
881500,0.489,0.000,0.511
882000,0.361,0.000,0.639
882500,0.331,0.000,0.669
883000,0.299,0.000,0.701
883500,0.366,0.000,0.634
884000,0.483,0.000,0.517
884500,0.319,0.000,0.681
885000,0.275,0.000,0.725
885500,0.309,0.000,0.691
886000,0.384,0.000,0.616
886500,0.198,0.000,0.802
887000,0.342,0.000,0.658
887500,0.292,0.000,0.708
888000,0.439,0.000,0.561
888500,0.368,0.000,0.632
889000,0.266,0.000,0.734
889500,0.372,0.000,0.628
890000,0.393,0.000,0.607
890500,0.322,0.000,0.678
891000,0.374,0.000,0.626
891500,0.415,0.000,0.585
892000,0.333,0.000,0.667
892500,0.249,0.000,0.751
893000,0.380,0.000,0.620
893500,0.370,0.000,0.630
894000,0.207,0.000,0.793
894500,0.462,0.000,0.538
895000,0.321,0.000,0.679
895500,0.200,0.000,0.800
896000,0.314,0.000,0.686
896500,0.324,0.000,0.676
897000,0.213,0.000,0.787
897500,0.152,0.000,0.848
898000,0.171,0.000,0.829
898500,0.129,0.000,0.871
899000,0.443,0.000,0.557
899500,0.219,0.000,0.781
900000,0.439,0.000,0.561
900500,0.221,0.000,0.779
901000,0.319,0.000,0.681
901500,0.351,0.000,0.649
902000,0.385,0.000,0.615
902500,0.295,0.000,0.705
903000,0.224,0.000,0.776
903500,0.416,0.000,0.584
904000,0.353,0.000,0.647
904500,0.195,0.000,0.805
905000,0.172,0.000,0.828
905500,0.423,0.000,0.577
906000,0.274,0.000,0.726
906500,0.390,0.000,0.610
907000,0.281,0.000,0.719
907500,0.328,0.000,0.672
908000,0.336,0.000,0.664
908500,0.430,0.000,0.570
909000,0.263,0.000,0.737
909500,0.316,0.000,0.684
910000,0.230,0.000,0.770
910500,0.420,0.000,0.580
911000,0.412,0.000,0.588
911500,0.415,0.000,0.585
912000,0.159,0.000,0.841
912500,0.356,0.000,0.644
913000,0.418,0.000,0.582
913500,0.303,0.000,0.697
914000,0.342,0.000,0.658
914500,0.198,0.000,0.802
915000,0.405,0.000,0.595
915500,0.200,0.000,0.800
916000,0.286,0.000,0.714
916500,0.295,0.000,0.705
917000,0.456,0.000,0.544
917500,0.263,0.000,0.737
918000,0.196,0.000,0.804
918500,0.386,0.000,0.614
919000,0.448,0.000,0.552
919500,0.320,0.000,0.680
920000,0.197,0.000,0.803
920500,0.292,0.000,0.708
921000,0.263,0.000,0.737
921500,0.334,0.000,0.666
922000,0.292,0.000,0.708
922500,0.478,0.000,0.522
923000,0.414,0.000,0.586
923500,0.348,0.000,0.652
924000,0.445,0.000,0.555
924500,0.300,0.000,0.700
925000,0.424,0.000,0.576
925500,0.374,0.000,0.626
926000,0.316,0.000,0.684
926500,0.448,0.000,0.552
927000,0.279,0.000,0.721
927500,0.299,0.000,0.701
928000,0.316,0.000,0.684
928500,0.296,0.000,0.704
929000,0.327,0.000,0.673
929500,0.455,0.000,0.545
930000,0.273,0.000,0.727
930500,0.374,0.000,0.626
931000,0.187,0.000,0.813
931500,0.176,0.000,0.824
932000,0.229,0.000,0.771
932500,0.296,0.000,0.704
933000,0.155,0.000,0.845
933500,0.314,0.000,0.686
934000,0.291,0.000,0.709
934500,0.329,0.000,0.671
935000,0.282,0.000,0.718
935500,0.324,0.000,0.676
936000,0.309,0.000,0.691
936500,0.428,0.000,0.572
937000,0.278,0.000,0.722
937500,0.343,0.000,0.657
938000,0.217,0.000,0.783
938500,0.353,0.000,0.647
939000,0.196,0.000,0.804
939500,0.273,0.000,0.727
940000,0.429,0.000,0.571
940500,0.352,0.000,0.648
941000,0.288,0.000,0.712
941500,0.341,0.000,0.659
942000,0.362,0.000,0.638
942500,0.446,0.000,0.554
943000,0.343,0.000,0.657
943500,0.348,0.000,0.652
944000,0.247,0.000,0.753
944500,0.343,0.000,0.657
945000,0.275,0.000,0.725
945500,0.315,0.000,0.685
946000,0.323,0.000,0.677
946500,0.312,0.000,0.688
947000,0.439,0.000,0.561
947500,0.257,0.000,0.743
948000,0.341,0.000,0.659
948500,0.159,0.000,0.841
949000,0.296,0.000,0.704
949500,0.270,0.000,0.730
950000,0.322,0.000,0.678
950500,0.153,0.000,0.847
951000,0.370,0.000,0.630
951500,0.146,0.000,0.854
952000,0.327,0.000,0.673
952500,0.187,0.000,0.813
953000,0.393,0.000,0.607
953500,0.303,0.000,0.697
954000,0.320,0.000,0.680
954500,0.234,0.000,0.766
955000,0.377,0.000,0.623
955500,0.369,0.000,0.631
956000,0.300,0.000,0.700
956500,0.475,0.000,0.525
957000,0.181,0.000,0.819
957500,0.343,0.000,0.657
958000,0.242,0.000,0.758
958500,0.344,0.000,0.656
959000,0.291,0.000,0.709
959500,0.313,0.000,0.687
960000,0.477,0.000,0.523
960500,0.414,0.000,0.586
961000,0.228,0.000,0.772
961500,0.273,0.000,0.727
962000,0.366,0.000,0.634
962500,0.383,0.000,0.617
963000,0.312,0.000,0.688
963500,0.105,0.016,0.879
964000,0.425,0.000,0.575
964500,0.473,0.000,0.527
965000,0.417,0.000,0.583
965500,0.321,0.000,0.679
966000,0.254,0.000,0.746
966500,0.273,0.000,0.727
967000,0.229,0.000,0.771
967500,0.210,0.000,0.790
968000,0.423,0.000,0.577
968500,0.323,0.000,0.677
969000,0.250,0.000,0.750
969500,0.406,0.000,0.594
970000,0.306,0.000,0.694
970500,0.275,0.000,0.725
971000,0.352,0.000,0.648
971500,0.330,0.000,0.670
972000,0.346,0.000,0.654
972500,0.381,0.000,0.619
973000,0.316,0.000,0.684
973500,0.191,0.000,0.809
974000,0.309,0.000,0.691
974500,0.352,0.000,0.648
975000,0.288,0.000,0.712
975500,0.303,0.000,0.697
976000,0.219,0.000,0.781
976500,0.228,0.000,0.772
977000,0.214,0.000,0.786
977500,0.236,0.000,0.764
978000,0.275,0.000,0.725
978500,0.283,0.000,0.717
979000,0.261,0.000,0.739
979500,0.473,0.000,0.527
980000,0.390,0.000,0.610
980500,0.381,0.000,0.619
981000,0.285,0.000,0.715
981500,0.174,0.000,0.826
982000,0.325,0.000,0.675
982500,0.365,0.000,0.635
983000,0.437,0.000,0.563
983500,0.267,0.000,0.733
984000,0.305,0.000,0.695
984500,0.376,0.000,0.624
985000,0.294,0.000,0.706
985500,0.174,0.000,0.826
986000,0.297,0.000,0.703
986500,0.357,0.000,0.643
987000,0.452,0.000,0.548
987500,0.461,0.000,0.539
988000,0.284,0.000,0.716
988500,0.457,0.000,0.543
989000,0.219,0.000,0.781
989500,0.318,0.000,0.682
990000,0.303,0.000,0.697
990500,0.223,0.000,0.777
991000,0.260,0.000,0.740
991500,0.453,0.000,0.547
992000,0.282,0.000,0.718
992500,0.313,0.000,0.687
993000,0.414,0.000,0.586
993500,0.324,0.000,0.676
994000,0.348,0.000,0.652
994500,0.254,0.000,0.746
995000,0.399,0.000,0.601
995500,0.283,0.000,0.717
996000,0.262,0.000,0.738
996500,0.529,0.000,0.471
997000,0.325,0.000,0.675
997500,0.280,0.000,0.720
998000,0.267,0.000,0.733
998500,0.229,0.000,0.771
999000,0.247,0.000,0.753
999500,0.352,0.000,0.648
1000000,0.303,0.000,0.697
