time,n_A+p,n_B,n_AB
500,0.030,0.864,0.106
1000,0.030,0.724,0.246
1500,0.030,0.457,0.513
2000,0.035,0.262,0.704
2500,0.036,0.139,0.825
3000,0.041,0.080,0.880
3500,0.053,0.059,0.888
4000,0.065,0.047,0.888
4500,0.085,0.025,0.890
5000,0.099,0.027,0.874
5500,0.073,0.041,0.885
6000,0.084,0.030,0.886
6500,0.084,0.025,0.891
7000,0.081,0.028,0.892
7500,0.089,0.024,0.888
8000,0.075,0.025,0.899
8500,0.089,0.017,0.893
9000,0.089,0.019,0.892
9500,0.091,0.036,0.872
10000,0.080,0.026,0.894
10500,0.095,0.023,0.882
11000,0.086,0.042,0.873
11500,0.082,0.029,0.889
12000,0.090,0.022,0.887
12500,0.087,0.029,0.884
13000,0.077,0.028,0.895
13500,0.126,0.017,0.858
14000,0.114,0.027,0.859
14500,0.100,0.023,0.877
15000,0.100,0.013,0.888
15500,0.091,0.013,0.896
16000,0.092,0.021,0.888
16500,0.115,0.032,0.854
17000,0.103,0.033,0.864
17500,0.106,0.033,0.862
18000,0.101,0.025,0.874
18500,0.086,0.037,0.877
19000,0.087,0.041,0.873
19500,0.091,0.023,0.886
20000,0.092,0.034,0.875
20500,0.083,0.035,0.883
21000,0.094,0.034,0.873
21500,0.065,0.054,0.881
22000,0.054,0.028,0.918
22500,0.086,0.018,0.896
23000,0.074,0.036,0.890
23500,0.066,0.049,0.885
24000,0.063,0.049,0.889
24500,0.084,0.025,0.891
25000,0.099,0.040,0.862
25500,0.066,0.025,0.909
26000,0.079,0.034,0.888
26500,0.086,0.037,0.877
27000,0.078,0.041,0.882
27500,0.088,0.042,0.870
28000,0.067,0.033,0.901
28500,0.072,0.043,0.884
29000,0.092,0.030,0.878
29500,0.114,0.019,0.867
30000,0.103,0.012,0.884
30500,0.115,0.012,0.873
31000,0.093,0.021,0.885
31500,0.086,0.021,0.893
32000,0.084,0.042,0.874
32500,0.075,0.039,0.886
33000,0.068,0.041,0.891
33500,0.061,0.033,0.906
34000,0.081,0.036,0.883
34500,0.076,0.026,0.898
35000,0.086,0.045,0.868
35500,0.084,0.034,0.882
36000,0.075,0.030,0.894
36500,0.075,0.044,0.881
37000,0.076,0.036,0.888
37500,0.069,0.028,0.903
38000,0.086,0.022,0.892
38500,0.104,0.025,0.870
39000,0.089,0.040,0.871
39500,0.084,0.034,0.883
40000,0.052,0.032,0.915
40500,0.082,0.015,0.903
41000,0.088,0.011,0.901
41500,0.112,0.015,0.873
42000,0.096,0.026,0.878
42500,0.116,0.021,0.863
43000,0.102,0.019,0.878
43500,0.110,0.025,0.865
44000,0.079,0.028,0.893
44500,0.068,0.051,0.881
45000,0.072,0.049,0.878
45500,0.070,0.042,0.888
46000,0.084,0.029,0.887
46500,0.070,0.035,0.895
47000,0.077,0.034,0.889
47500,0.082,0.026,0.892
48000,0.096,0.044,0.860
48500,0.089,0.034,0.878
49000,0.120,0.017,0.863
49500,0.106,0.017,0.877
50000,0.116,0.017,0.867
50500,0.118,0.026,0.855
51000,0.113,0.011,0.876
51500,0.098,0.028,0.874
52000,0.090,0.025,0.885
52500,0.103,0.033,0.864
53000,0.082,0.034,0.885
53500,0.094,0.019,0.887
54000,0.094,0.021,0.886
54500,0.078,0.025,0.898
55000,0.095,0.019,0.886
55500,0.093,0.030,0.877
56000,0.097,0.024,0.879
56500,0.119,0.016,0.865
57000,0.081,0.012,0.907
57500,0.095,0.021,0.885
58000,0.097,0.032,0.872
58500,0.091,0.025,0.884
59000,0.107,0.012,0.881
59500,0.086,0.028,0.887
60000,0.087,0.029,0.883
60500,0.086,0.021,0.894
61000,0.079,0.028,0.894
61500,0.099,0.030,0.871
62000,0.097,0.021,0.883
62500,0.086,0.019,0.894
63000,0.096,0.017,0.887
63500,0.098,0.024,0.879
64000,0.086,0.022,0.891
64500,0.081,0.022,0.897
65000,0.082,0.046,0.872
65500,0.064,0.035,0.902
66000,0.091,0.024,0.885
66500,0.086,0.041,0.872
67000,0.083,0.035,0.882
67500,0.086,0.019,0.895
68000,0.078,0.035,0.887
68500,0.093,0.044,0.862
69000,0.084,0.020,0.896
69500,0.099,0.024,0.877
70000,0.108,0.021,0.871
70500,0.079,0.015,0.906
71000,0.075,0.019,0.905
71500,0.070,0.024,0.906
72000,0.065,0.043,0.892
72500,0.091,0.035,0.874
73000,0.083,0.033,0.885
73500,0.083,0.032,0.886
74000,0.079,0.021,0.900
74500,0.080,0.032,0.888
75000,0.102,0.025,0.872
75500,0.069,0.030,0.901
76000,0.069,0.052,0.879
76500,0.061,0.057,0.882
77000,0.068,0.054,0.878
77500,0.071,0.045,0.883
78000,0.083,0.054,0.863
78500,0.079,0.043,0.878
79000,0.083,0.044,0.873
79500,0.072,0.035,0.893
80000,0.102,0.026,0.872
80500,0.113,0.026,0.861
81000,0.109,0.025,0.866
81500,0.104,0.044,0.851
82000,0.095,0.035,0.870
82500,0.090,0.039,0.870
83000,0.069,0.037,0.894
83500,0.079,0.025,0.896
84000,0.086,0.016,0.898
84500,0.101,0.017,0.882
85000,0.103,0.032,0.865
85500,0.097,0.019,0.884
86000,0.089,0.018,0.893
86500,0.094,0.021,0.886
87000,0.089,0.043,0.868
87500,0.101,0.040,0.860
88000,0.094,0.028,0.878
88500,0.089,0.018,0.892
89000,0.086,0.021,0.893
89500,0.092,0.026,0.881
90000,0.085,0.032,0.883
90500,0.121,0.025,0.853
91000,0.099,0.018,0.883
91500,0.095,0.034,0.872
92000,0.109,0.015,0.876
92500,0.090,0.025,0.885
93000,0.095,0.009,0.896
93500,0.107,0.019,0.874
94000,0.102,0.023,0.875
94500,0.090,0.024,0.885
95000,0.099,0.027,0.874
95500,0.088,0.014,0.897
96000,0.067,0.039,0.894
96500,0.078,0.029,0.894
97000,0.085,0.022,0.893
97500,0.074,0.026,0.900
98000,0.069,0.027,0.904
98500,0.083,0.040,0.877
99000,0.083,0.042,0.875
99500,0.067,0.043,0.891
100000,0.071,0.039,0.890
100500,0.074,0.033,0.893
101000,0.110,0.028,0.863
101500,0.098,0.030,0.872
102000,0.115,0.033,0.853
102500,0.112,0.035,0.853
103000,0.117,0.017,0.866
103500,0.100,0.019,0.881
104000,0.084,0.028,0.889
104500,0.099,0.016,0.885
105000,0.098,0.020,0.882
105500,0.097,0.029,0.874
106000,0.105,0.015,0.880
106500,0.106,0.029,0.864
107000,0.088,0.024,0.888
107500,0.071,0.021,0.908
108000,0.080,0.033,0.887
108500,0.092,0.028,0.879
109000,0.082,0.031,0.887
109500,0.090,0.022,0.888
110000,0.105,0.020,0.875
110500,0.098,0.025,0.877
111000,0.091,0.018,0.890
111500,0.099,0.021,0.881
112000,0.076,0.016,0.908
112500,0.089,0.026,0.885
113000,0.088,0.025,0.887
113500,0.081,0.029,0.891
114000,0.075,0.018,0.906
114500,0.075,0.041,0.884
115000,0.111,0.022,0.867
115500,0.112,0.021,0.867
116000,0.090,0.030,0.880
116500,0.097,0.044,0.859
117000,0.085,0.037,0.878
117500,0.082,0.013,0.905
118000,0.081,0.029,0.890
118500,0.083,0.036,0.881
119000,0.097,0.026,0.877
119500,0.103,0.022,0.874
120000,0.092,0.015,0.893
120500,0.083,0.029,0.888
121000,0.076,0.030,0.893
121500,0.064,0.041,0.896
122000,0.075,0.042,0.883
122500,0.083,0.025,0.892
123000,0.073,0.028,0.900
123500,0.079,0.042,0.880
124000,0.068,0.026,0.906
124500,0.086,0.048,0.865
125000,0.073,0.042,0.885
125500,0.075,0.018,0.907
126000,0.088,0.022,0.889
126500,0.080,0.019,0.901
127000,0.087,0.029,0.884
127500,0.093,0.018,0.889
128000,0.102,0.023,0.875
128500,0.108,0.018,0.874
129000,0.075,0.020,0.904
129500,0.073,0.025,0.901
130000,0.084,0.036,0.880
130500,0.070,0.034,0.895
131000,0.060,0.052,0.888
131500,0.096,0.025,0.879
132000,0.081,0.030,0.889
132500,0.072,0.039,0.889
133000,0.083,0.033,0.884
133500,0.073,0.045,0.882
134000,0.076,0.033,0.891
134500,0.101,0.029,0.870
135000,0.084,0.029,0.888
135500,0.091,0.022,0.887
136000,0.103,0.021,0.875
136500,0.088,0.018,0.895
137000,0.095,0.019,0.886
137500,0.091,0.018,0.891
138000,0.093,0.038,0.868
138500,0.124,0.033,0.842
139000,0.125,0.018,0.858
139500,0.119,0.021,0.860
140000,0.108,0.011,0.882
140500,0.100,0.021,0.879
141000,0.084,0.024,0.892
141500,0.084,0.032,0.885
142000,0.074,0.050,0.876
142500,0.090,0.035,0.875
143000,0.117,0.026,0.857
143500,0.083,0.031,0.886
144000,0.075,0.053,0.872
144500,0.082,0.048,0.870
145000,0.073,0.050,0.876
145500,0.076,0.051,0.873
146000,0.060,0.037,0.903
146500,0.073,0.034,0.893
147000,0.080,0.018,0.902
147500,0.082,0.024,0.894
148000,0.097,0.030,0.873
148500,0.101,0.025,0.874
149000,0.072,0.050,0.878
149500,0.081,0.037,0.882
150000,0.086,0.037,0.877
150500,0.116,0.018,0.866
151000,0.108,0.029,0.864
151500,0.111,0.031,0.858
152000,0.101,0.046,0.853
152500,0.076,0.046,0.877
153000,0.085,0.016,0.899
153500,0.083,0.025,0.893
154000,0.111,0.020,0.869
154500,0.107,0.013,0.881
155000,0.114,0.024,0.863
155500,0.121,0.025,0.854
156000,0.102,0.028,0.869
156500,0.074,0.021,0.905
157000,0.074,0.026,0.899
157500,0.095,0.019,0.886
158000,0.102,0.015,0.882
158500,0.082,0.035,0.884
159000,0.085,0.032,0.883
159500,0.082,0.029,0.890
160000,0.071,0.041,0.888
160500,0.073,0.019,0.907
161000,0.096,0.042,0.863
161500,0.070,0.042,0.888
162000,0.077,0.062,0.861
162500,0.073,0.046,0.881
163000,0.070,0.027,0.902
163500,0.077,0.049,0.874
164000,0.062,0.036,0.902
164500,0.077,0.026,0.897
165000,0.084,0.040,0.877
165500,0.067,0.019,0.914
166000,0.071,0.030,0.898
166500,0.075,0.038,0.886
167000,0.075,0.043,0.882
167500,0.069,0.049,0.882
168000,0.075,0.037,0.888
168500,0.072,0.036,0.891
169000,0.082,0.025,0.893
169500,0.092,0.025,0.883
170000,0.087,0.017,0.896
170500,0.093,0.030,0.877
171000,0.095,0.038,0.867
171500,0.086,0.043,0.871
172000,0.088,0.039,0.873
172500,0.096,0.025,0.879
173000,0.081,0.032,0.887
173500,0.092,0.027,0.881
174000,0.110,0.012,0.878
174500,0.110,0.021,0.869
175000,0.141,0.022,0.837
175500,0.101,0.024,0.876
176000,0.099,0.021,0.880
176500,0.074,0.024,0.902
177000,0.074,0.037,0.888
177500,0.081,0.038,0.881
178000,0.084,0.041,0.876
178500,0.105,0.034,0.862
179000,0.077,0.025,0.899
179500,0.108,0.033,0.858
180000,0.090,0.026,0.883
180500,0.079,0.029,0.892
181000,0.077,0.029,0.894
181500,0.120,0.021,0.858
182000,0.091,0.032,0.877
182500,0.089,0.038,0.873
183000,0.077,0.024,0.899
183500,0.079,0.028,0.893
184000,0.070,0.026,0.903
184500,0.080,0.028,0.893
185000,0.076,0.049,0.876
185500,0.068,0.073,0.859
186000,0.085,0.050,0.866
186500,0.093,0.029,0.877
187000,0.093,0.018,0.890
187500,0.088,0.015,0.897
188000,0.108,0.027,0.865
188500,0.102,0.013,0.884
189000,0.102,0.007,0.891
189500,0.122,0.011,0.866
190000,0.119,0.024,0.857
190500,0.135,0.009,0.856
191000,0.115,0.017,0.869
191500,0.089,0.015,0.895
192000,0.088,0.012,0.900
192500,0.090,0.024,0.885
193000,0.099,0.024,0.878
193500,0.098,0.027,0.875
194000,0.099,0.035,0.866
194500,0.104,0.024,0.873
195000,0.102,0.041,0.856
195500,0.080,0.035,0.886
196000,0.080,0.029,0.891
196500,0.103,0.036,0.861
197000,0.073,0.035,0.891
197500,0.095,0.042,0.864
198000,0.099,0.040,0.861
198500,0.100,0.031,0.869
199000,0.101,0.034,0.866
199500,0.091,0.032,0.876
200000,0.103,0.033,0.863
200500,0.102,0.020,0.878
201000,0.100,0.022,0.878
201500,0.099,0.013,0.888
202000,0.113,0.018,0.870
202500,0.097,0.006,0.897
203000,0.102,0.009,0.889
203500,0.111,0.023,0.866
204000,0.086,0.025,0.890
204500,0.079,0.034,0.887
205000,0.092,0.025,0.883
205500,0.090,0.031,0.879
206000,0.086,0.019,0.894
206500,0.102,0.017,0.882
207000,0.096,0.022,0.882
207500,0.103,0.030,0.866
208000,0.099,0.018,0.884
208500,0.098,0.025,0.878
209000,0.089,0.042,0.869
209500,0.077,0.028,0.896
210000,0.083,0.035,0.882
210500,0.089,0.019,0.892
211000,0.088,0.017,0.894
211500,0.093,0.015,0.892
212000,0.092,0.030,0.878
212500,0.097,0.032,0.872
213000,0.092,0.038,0.869
213500,0.091,0.024,0.885
214000,0.086,0.027,0.886
214500,0.081,0.046,0.873
215000,0.073,0.029,0.898
215500,0.083,0.042,0.876
216000,0.085,0.032,0.884
216500,0.082,0.045,0.873
217000,0.059,0.042,0.900
217500,0.079,0.035,0.887
218000,0.101,0.029,0.870
218500,0.096,0.040,0.864
219000,0.084,0.036,0.880
219500,0.084,0.043,0.873
220000,0.086,0.037,0.877
220500,0.070,0.029,0.901
221000,0.090,0.038,0.872
221500,0.079,0.035,0.887
222000,0.090,0.029,0.881
222500,0.083,0.025,0.892
223000,0.096,0.026,0.878
223500,0.091,0.013,0.896
224000,0.084,0.028,0.888
224500,0.100,0.026,0.874
225000,0.107,0.021,0.871
225500,0.068,0.018,0.914
226000,0.067,0.027,0.906
226500,0.082,0.041,0.877
227000,0.090,0.026,0.883
227500,0.102,0.022,0.875
228000,0.121,0.013,0.865
228500,0.124,0.013,0.864
229000,0.110,0.021,0.869
229500,0.110,0.015,0.875
230000,0.102,0.011,0.886
230500,0.073,0.026,0.900
231000,0.101,0.017,0.882
231500,0.083,0.013,0.904
232000,0.087,0.019,0.893
232500,0.073,0.029,0.898
233000,0.080,0.026,0.894
233500,0.084,0.025,0.892
234000,0.074,0.040,0.885
234500,0.081,0.027,0.892
235000,0.082,0.034,0.884
235500,0.059,0.041,0.899
236000,0.071,0.032,0.897
236500,0.070,0.026,0.904
237000,0.081,0.016,0.903
237500,0.072,0.023,0.905
238000,0.086,0.023,0.891
238500,0.084,0.022,0.894
239000,0.082,0.034,0.884
239500,0.084,0.034,0.882
240000,0.077,0.034,0.890
240500,0.093,0.026,0.881
241000,0.080,0.025,0.895
241500,0.080,0.021,0.899
242000,0.110,0.024,0.866
242500,0.082,0.021,0.897
243000,0.092,0.032,0.877
243500,0.111,0.021,0.868
244000,0.086,0.021,0.893
244500,0.076,0.025,0.900
245000,0.076,0.031,0.892
245500,0.080,0.028,0.892
246000,0.084,0.025,0.891
246500,0.098,0.035,0.867
247000,0.070,0.034,0.897
247500,0.065,0.051,0.885
248000,0.080,0.042,0.878
248500,0.093,0.038,0.869
249000,0.077,0.024,0.898
249500,0.103,0.029,0.868
250000,0.093,0.027,0.879
250500,0.112,0.027,0.861
251000,0.086,0.025,0.888
251500,0.075,0.034,0.890
252000,0.108,0.023,0.868
252500,0.104,0.021,0.875
253000,0.068,0.021,0.911
253500,0.088,0.038,0.873
254000,0.073,0.032,0.895
254500,0.098,0.033,0.870
255000,0.092,0.025,0.882
255500,0.092,0.019,0.889
256000,0.122,0.014,0.863
256500,0.110,0.011,0.879
257000,0.116,0.017,0.867
257500,0.108,0.025,0.867
258000,0.116,0.017,0.867
258500,0.082,0.024,0.895
259000,0.086,0.013,0.900
259500,0.097,0.012,0.891
260000,0.100,0.024,0.876
260500,0.092,0.035,0.873
261000,0.089,0.022,0.888
261500,0.073,0.034,0.893
262000,0.062,0.028,0.909
262500,0.070,0.029,0.900
263000,0.067,0.030,0.903
263500,0.090,0.029,0.880
264000,0.081,0.032,0.887
264500,0.082,0.044,0.874
265000,0.072,0.028,0.899
265500,0.087,0.026,0.887
266000,0.057,0.026,0.917
266500,0.077,0.028,0.895
267000,0.087,0.040,0.873
267500,0.079,0.043,0.878
268000,0.079,0.052,0.869
268500,0.074,0.035,0.891
269000,0.069,0.040,0.891
269500,0.087,0.045,0.868
270000,0.061,0.038,0.900
270500,0.087,0.035,0.878
271000,0.088,0.037,0.874
271500,0.071,0.036,0.893
272000,0.099,0.015,0.886
272500,0.095,0.015,0.890
273000,0.075,0.027,0.897
273500,0.072,0.054,0.873
274000,0.070,0.054,0.876
274500,0.074,0.049,0.876
275000,0.095,0.041,0.865
275500,0.098,0.034,0.868
276000,0.108,0.028,0.864
276500,0.096,0.025,0.879
277000,0.086,0.025,0.888
277500,0.087,0.044,0.869
278000,0.088,0.024,0.887
278500,0.085,0.020,0.895
279000,0.094,0.024,0.882
279500,0.083,0.026,0.891
280000,0.110,0.036,0.854
280500,0.093,0.027,0.879
281000,0.094,0.027,0.879
281500,0.087,0.024,0.888
282000,0.085,0.024,0.891
282500,0.070,0.033,0.896
283000,0.105,0.022,0.873
283500,0.107,0.015,0.877
284000,0.087,0.009,0.904
284500,0.100,0.018,0.882
285000,0.093,0.022,0.884
285500,0.077,0.010,0.913
286000,0.075,0.038,0.887
286500,0.085,0.031,0.884
287000,0.065,0.038,0.897
287500,0.088,0.023,0.889
288000,0.096,0.019,0.885
288500,0.099,0.019,0.882
289000,0.097,0.015,0.888
289500,0.079,0.013,0.908
290000,0.071,0.038,0.890
290500,0.083,0.043,0.874
291000,0.071,0.039,0.889
291500,0.060,0.041,0.898
292000,0.067,0.038,0.895
292500,0.076,0.035,0.888
293000,0.096,0.030,0.874
293500,0.098,0.015,0.887
294000,0.069,0.030,0.901
294500,0.096,0.026,0.878
295000,0.072,0.030,0.898
295500,0.089,0.021,0.889
296000,0.113,0.037,0.850
296500,0.086,0.047,0.867
297000,0.080,0.033,0.887
297500,0.092,0.029,0.879
298000,0.085,0.036,0.879
298500,0.072,0.048,0.880
299000,0.071,0.045,0.884
299500,0.070,0.034,0.897
300000,0.068,0.036,0.895
300500,0.093,0.035,0.872
301000,0.083,0.027,0.890
301500,0.079,0.020,0.901
302000,0.093,0.011,0.896
302500,0.103,0.037,0.859
303000,0.101,0.029,0.870
303500,0.086,0.029,0.884
304000,0.084,0.024,0.892
304500,0.079,0.033,0.888
305000,0.117,0.025,0.858
305500,0.093,0.010,0.897
306000,0.089,0.017,0.894
306500,0.099,0.032,0.870
307000,0.107,0.025,0.867
307500,0.111,0.015,0.874
308000,0.082,0.026,0.892
308500,0.090,0.048,0.861
309000,0.094,0.041,0.865
309500,0.086,0.030,0.884
310000,0.090,0.023,0.887
310500,0.077,0.035,0.888
311000,0.074,0.033,0.892
311500,0.088,0.051,0.860
312000,0.055,0.043,0.902
312500,0.092,0.029,0.879
313000,0.086,0.034,0.880
313500,0.090,0.030,0.879
314000,0.112,0.021,0.867
314500,0.108,0.026,0.865
315000,0.098,0.019,0.883
315500,0.099,0.021,0.880
316000,0.099,0.019,0.882
316500,0.089,0.015,0.895
317000,0.077,0.029,0.895
317500,0.082,0.025,0.893
318000,0.073,0.021,0.906
318500,0.068,0.029,0.903
319000,0.070,0.035,0.895
319500,0.080,0.028,0.892
320000,0.096,0.019,0.885
320500,0.109,0.026,0.865
321000,0.110,0.018,0.872
321500,0.107,0.019,0.873
322000,0.082,0.020,0.898
322500,0.092,0.035,0.873
323000,0.085,0.028,0.887
323500,0.092,0.026,0.882
324000,0.086,0.035,0.880
324500,0.088,0.036,0.875
325000,0.071,0.031,0.897
325500,0.076,0.025,0.899
326000,0.076,0.028,0.895
326500,0.088,0.019,0.893
327000,0.081,0.029,0.891
327500,0.071,0.033,0.895
328000,0.082,0.024,0.894
328500,0.077,0.019,0.903
329000,0.097,0.038,0.865
329500,0.093,0.030,0.877
330000,0.095,0.022,0.883
330500,0.086,0.027,0.886
331000,0.091,0.021,0.888
331500,0.088,0.018,0.893
332000,0.096,0.027,0.877
332500,0.092,0.026,0.882
333000,0.082,0.030,0.888
333500,0.070,0.034,0.896
334000,0.072,0.017,0.911
334500,0.098,0.021,0.881
335000,0.099,0.029,0.873
335500,0.097,0.024,0.880
336000,0.115,0.015,0.870
336500,0.110,0.017,0.874
337000,0.110,0.034,0.856
337500,0.096,0.028,0.877
338000,0.099,0.015,0.886
338500,0.095,0.029,0.876
339000,0.082,0.026,0.892
339500,0.101,0.036,0.863
340000,0.105,0.019,0.875
340500,0.075,0.021,0.904
341000,0.093,0.027,0.880
341500,0.084,0.018,0.899
342000,0.067,0.032,0.902
342500,0.083,0.045,0.872
343000,0.093,0.031,0.876
343500,0.105,0.026,0.869
344000,0.079,0.024,0.898
344500,0.098,0.031,0.871
345000,0.087,0.035,0.878
345500,0.069,0.037,0.894
346000,0.074,0.048,0.878
346500,0.098,0.026,0.876
347000,0.087,0.029,0.884
347500,0.107,0.028,0.865
348000,0.070,0.044,0.886
348500,0.083,0.035,0.883
349000,0.075,0.035,0.890
349500,0.087,0.045,0.868
350000,0.069,0.044,0.887
350500,0.069,0.036,0.895
351000,0.052,0.028,0.920
351500,0.070,0.029,0.900
352000,0.070,0.039,0.891
352500,0.082,0.041,0.877
353000,0.088,0.021,0.890
353500,0.086,0.028,0.885
354000,0.076,0.035,0.889
354500,0.092,0.038,0.870
355000,0.084,0.035,0.881
355500,0.066,0.034,0.900
356000,0.071,0.038,0.891
356500,0.087,0.021,0.892
357000,0.092,0.019,0.888
357500,0.084,0.032,0.885
358000,0.111,0.035,0.854
358500,0.090,0.032,0.878
359000,0.069,0.030,0.901
359500,0.073,0.050,0.876
360000,0.083,0.028,0.889
360500,0.077,0.036,0.886
361000,0.070,0.011,0.918
361500,0.097,0.032,0.871
362000,0.092,0.029,0.879
362500,0.075,0.040,0.884
363000,0.064,0.024,0.912
363500,0.070,0.042,0.888
364000,0.084,0.048,0.869
364500,0.085,0.029,0.886
365000,0.089,0.027,0.884
365500,0.090,0.045,0.864
366000,0.093,0.035,0.872
366500,0.096,0.021,0.883
367000,0.105,0.022,0.873
367500,0.107,0.014,0.879
368000,0.119,0.009,0.872
368500,0.118,0.013,0.868
369000,0.102,0.029,0.869
369500,0.082,0.026,0.892
370000,0.086,0.024,0.890
370500,0.107,0.037,0.856
371000,0.106,0.034,0.860
371500,0.108,0.018,0.874
372000,0.108,0.025,0.866
372500,0.078,0.015,0.908
373000,0.120,0.021,0.859
373500,0.093,0.040,0.867
374000,0.091,0.029,0.879
374500,0.067,0.040,0.894
375000,0.098,0.015,0.888
375500,0.085,0.022,0.893
376000,0.093,0.021,0.885
376500,0.088,0.018,0.894
377000,0.074,0.024,0.901
377500,0.102,0.024,0.874
378000,0.110,0.024,0.867
378500,0.093,0.024,0.882
379000,0.089,0.023,0.888
379500,0.088,0.029,0.882
380000,0.080,0.040,0.880
380500,0.073,0.051,0.877
381000,0.061,0.051,0.887
381500,0.080,0.022,0.898
382000,0.095,0.019,0.886
382500,0.086,0.028,0.887
383000,0.096,0.013,0.891
383500,0.097,0.004,0.899
384000,0.097,0.011,0.893
384500,0.068,0.030,0.901
385000,0.083,0.030,0.887
385500,0.080,0.035,0.885
386000,0.070,0.026,0.904
386500,0.082,0.013,0.905
387000,0.087,0.009,0.904
387500,0.097,0.035,0.869
388000,0.088,0.024,0.887
388500,0.074,0.021,0.905
389000,0.088,0.023,0.889
389500,0.089,0.040,0.871
390000,0.075,0.022,0.903
390500,0.099,0.024,0.877
391000,0.100,0.029,0.871
391500,0.102,0.025,0.874
392000,0.099,0.042,0.859
392500,0.100,0.029,0.871
393000,0.104,0.022,0.873
393500,0.089,0.015,0.895
394000,0.086,0.024,0.889
394500,0.103,0.017,0.880
395000,0.102,0.026,0.871
395500,0.093,0.035,0.873
396000,0.098,0.027,0.875
396500,0.082,0.040,0.879
397000,0.072,0.029,0.899
397500,0.081,0.032,0.887
398000,0.078,0.039,0.883
398500,0.098,0.039,0.863
399000,0.075,0.051,0.874
399500,0.073,0.029,0.899
400000,0.062,0.035,0.903
400500,0.090,0.044,0.865
401000,0.095,0.025,0.880
401500,0.114,0.017,0.869
402000,0.089,0.022,0.888
402500,0.104,0.025,0.871
403000,0.098,0.018,0.885
403500,0.091,0.023,0.885
404000,0.110,0.014,0.876
404500,0.122,0.010,0.868
405000,0.089,0.018,0.892
405500,0.108,0.018,0.874
406000,0.082,0.040,0.878
406500,0.079,0.040,0.881
407000,0.068,0.036,0.896
407500,0.081,0.018,0.901
408000,0.089,0.026,0.885
408500,0.103,0.021,0.876
409000,0.100,0.029,0.872
409500,0.084,0.031,0.885
410000,0.082,0.040,0.878
410500,0.076,0.026,0.897
411000,0.084,0.041,0.876
411500,0.076,0.028,0.897
412000,0.089,0.028,0.883
412500,0.103,0.015,0.882
413000,0.089,0.028,0.882
413500,0.071,0.025,0.904
414000,0.082,0.032,0.887
414500,0.078,0.038,0.884
415000,0.084,0.034,0.882
415500,0.113,0.025,0.862
416000,0.106,0.021,0.873
416500,0.101,0.011,0.888
417000,0.079,0.024,0.897
417500,0.074,0.032,0.894
418000,0.068,0.044,0.888
418500,0.088,0.018,0.895
419000,0.079,0.031,0.890
419500,0.085,0.027,0.888
420000,0.086,0.018,0.896
420500,0.076,0.025,0.898
421000,0.092,0.036,0.871
421500,0.087,0.025,0.889
422000,0.082,0.035,0.884
422500,0.092,0.021,0.887
423000,0.067,0.028,0.905
423500,0.095,0.020,0.885
424000,0.104,0.011,0.885
424500,0.102,0.017,0.881
425000,0.082,0.019,0.899
425500,0.094,0.019,0.887
426000,0.114,0.018,0.868
426500,0.113,0.013,0.874
427000,0.117,0.018,0.865
427500,0.115,0.011,0.874
428000,0.131,0.011,0.858
428500,0.110,0.017,0.874
429000,0.115,0.018,0.868
429500,0.095,0.019,0.886
430000,0.086,0.024,0.889
430500,0.088,0.017,0.896
431000,0.130,0.013,0.858
431500,0.087,0.033,0.879
432000,0.098,0.032,0.870
432500,0.104,0.019,0.877
433000,0.098,0.030,0.872
433500,0.091,0.026,0.882
434000,0.089,0.029,0.882
434500,0.113,0.017,0.871
435000,0.076,0.019,0.905
435500,0.097,0.031,0.872
436000,0.073,0.032,0.896
436500,0.091,0.025,0.883
437000,0.086,0.032,0.882
437500,0.095,0.029,0.877
438000,0.070,0.051,0.879
438500,0.076,0.038,0.886
439000,0.087,0.035,0.878
439500,0.105,0.033,0.862
440000,0.118,0.015,0.867
440500,0.092,0.025,0.883
441000,0.058,0.036,0.906
441500,0.078,0.024,0.899
442000,0.076,0.014,0.909
442500,0.091,0.024,0.884
443000,0.077,0.022,0.900
443500,0.106,0.028,0.866
444000,0.109,0.021,0.870
444500,0.117,0.024,0.859
445000,0.091,0.017,0.892
445500,0.074,0.028,0.899
446000,0.091,0.024,0.885
446500,0.077,0.038,0.884
447000,0.089,0.021,0.889
447500,0.080,0.022,0.898
448000,0.080,0.031,0.889
448500,0.089,0.039,0.872
449000,0.097,0.025,0.878
449500,0.088,0.021,0.890
450000,0.107,0.012,0.880
450500,0.104,0.021,0.876
451000,0.104,0.015,0.881
451500,0.108,0.034,0.857
452000,0.111,0.015,0.874
452500,0.119,0.018,0.864
453000,0.104,0.032,0.865
453500,0.093,0.043,0.864
454000,0.106,0.021,0.874
454500,0.098,0.019,0.883
455000,0.080,0.030,0.890
455500,0.076,0.033,0.891
456000,0.086,0.015,0.899
456500,0.083,0.028,0.890
457000,0.072,0.033,0.895
457500,0.077,0.028,0.896
458000,0.086,0.028,0.886
458500,0.070,0.046,0.883
459000,0.099,0.024,0.877
459500,0.097,0.042,0.861
460000,0.087,0.020,0.893
460500,0.104,0.014,0.882
461000,0.120,0.028,0.852
461500,0.091,0.020,0.889
462000,0.098,0.018,0.885
462500,0.098,0.015,0.888
463000,0.102,0.017,0.881
463500,0.093,0.037,0.870
464000,0.099,0.033,0.868
464500,0.090,0.022,0.887
465000,0.095,0.022,0.883
465500,0.095,0.035,0.870
466000,0.087,0.026,0.886
466500,0.086,0.020,0.894
467000,0.081,0.025,0.895
467500,0.086,0.024,0.890
468000,0.075,0.015,0.910
468500,0.060,0.035,0.905
469000,0.077,0.034,0.890
469500,0.090,0.049,0.862
470000,0.075,0.049,0.876
470500,0.081,0.030,0.889
471000,0.085,0.029,0.886
471500,0.097,0.032,0.872
472000,0.074,0.059,0.868
472500,0.088,0.042,0.871
473000,0.108,0.039,0.852
473500,0.104,0.033,0.864
474000,0.071,0.037,0.891
474500,0.075,0.043,0.882
475000,0.097,0.025,0.878
475500,0.111,0.019,0.870
476000,0.090,0.046,0.864
476500,0.085,0.065,0.851
477000,0.058,0.058,0.884
477500,0.075,0.045,0.880
478000,0.079,0.033,0.888
478500,0.080,0.035,0.886
479000,0.073,0.029,0.898
479500,0.076,0.029,0.895
480000,0.090,0.046,0.863
480500,0.086,0.033,0.882
481000,0.091,0.030,0.878
481500,0.092,0.024,0.884
482000,0.088,0.017,0.895
482500,0.082,0.013,0.906
483000,0.077,0.043,0.880
483500,0.070,0.044,0.885
484000,0.081,0.028,0.892
484500,0.075,0.026,0.898
485000,0.091,0.021,0.888
485500,0.085,0.021,0.895
486000,0.079,0.024,0.897
486500,0.083,0.021,0.897
487000,0.091,0.028,0.880
487500,0.091,0.025,0.883
488000,0.083,0.021,0.896
488500,0.111,0.029,0.860
489000,0.092,0.055,0.852
489500,0.067,0.029,0.904
490000,0.080,0.028,0.893
490500,0.099,0.018,0.883
491000,0.106,0.017,0.877
491500,0.097,0.042,0.862
492000,0.086,0.040,0.873
492500,0.077,0.043,0.881
493000,0.070,0.033,0.896
493500,0.082,0.035,0.884
494000,0.088,0.033,0.879
494500,0.094,0.027,0.879
495000,0.102,0.021,0.877
495500,0.090,0.024,0.886
496000,0.079,0.035,0.887
496500,0.083,0.033,0.884
497000,0.079,0.028,0.894
497500,0.081,0.034,0.886
498000,0.073,0.029,0.898
498500,0.083,0.030,0.887
499000,0.081,0.026,0.893
499500,0.087,0.026,0.886
500000,0.086,0.029,0.885
500500,0.096,0.020,0.884
501000,0.092,0.030,0.877
501500,0.106,0.024,0.869
502000,0.108,0.024,0.869
502500,0.119,0.013,0.868
503000,0.118,0.011,0.870
503500,0.102,0.013,0.884
504000,0.111,0.009,0.880
504500,0.100,0.015,0.885
505000,0.088,0.030,0.881
505500,0.095,0.034,0.872
506000,0.094,0.025,0.881
506500,0.079,0.050,0.871
507000,0.074,0.035,0.891
507500,0.081,0.029,0.890
508000,0.087,0.019,0.894
508500,0.085,0.054,0.861
509000,0.083,0.045,0.872
509500,0.089,0.027,0.883
510000,0.076,0.028,0.896
510500,0.093,0.015,0.891
511000,0.109,0.025,0.866
511500,0.102,0.051,0.848
512000,0.084,0.054,0.862
512500,0.083,0.032,0.886
513000,0.079,0.044,0.877
513500,0.086,0.040,0.874
514000,0.086,0.038,0.875
514500,0.084,0.015,0.902
515000,0.069,0.019,0.912
515500,0.064,0.036,0.900
516000,0.066,0.065,0.869
516500,0.067,0.057,0.876
517000,0.082,0.042,0.876
517500,0.077,0.033,0.891
518000,0.099,0.013,0.888
518500,0.089,0.023,0.887
519000,0.074,0.035,0.890
519500,0.072,0.019,0.908
520000,0.115,0.011,0.874
520500,0.105,0.017,0.879
521000,0.082,0.030,0.888
521500,0.096,0.030,0.874
522000,0.076,0.025,0.898
522500,0.089,0.025,0.886
523000,0.088,0.019,0.892
523500,0.114,0.024,0.862
524000,0.087,0.015,0.897
524500,0.068,0.045,0.887
525000,0.059,0.065,0.877
525500,0.085,0.042,0.874
526000,0.090,0.042,0.868
526500,0.086,0.030,0.884
527000,0.097,0.017,0.886
527500,0.110,0.012,0.878
528000,0.088,0.023,0.888
528500,0.064,0.034,0.902
529000,0.070,0.041,0.889
529500,0.074,0.034,0.893
530000,0.098,0.027,0.875
530500,0.070,0.016,0.914
531000,0.088,0.016,0.896
531500,0.105,0.011,0.883
532000,0.100,0.015,0.885
532500,0.080,0.020,0.900
533000,0.098,0.021,0.882
533500,0.096,0.017,0.887
534000,0.099,0.008,0.893
534500,0.085,0.021,0.895
535000,0.091,0.013,0.896
535500,0.097,0.035,0.869
536000,0.085,0.029,0.886
536500,0.069,0.029,0.902
537000,0.080,0.029,0.892
537500,0.102,0.029,0.870
538000,0.082,0.025,0.893
538500,0.085,0.031,0.884
539000,0.081,0.023,0.896
539500,0.087,0.015,0.898
540000,0.081,0.024,0.896
540500,0.106,0.019,0.874
541000,0.095,0.026,0.879
541500,0.085,0.021,0.895
542000,0.091,0.029,0.880
542500,0.068,0.035,0.897
543000,0.093,0.031,0.876
543500,0.105,0.018,0.877
544000,0.096,0.021,0.884
544500,0.100,0.018,0.883
545000,0.106,0.018,0.875
545500,0.092,0.011,0.896
546000,0.090,0.018,0.893
546500,0.088,0.031,0.880
547000,0.081,0.022,0.897
547500,0.078,0.017,0.905
548000,0.097,0.022,0.881
548500,0.082,0.019,0.899
549000,0.090,0.029,0.882
549500,0.070,0.030,0.900
550000,0.076,0.034,0.889
550500,0.074,0.029,0.896
551000,0.101,0.035,0.864
551500,0.072,0.050,0.877
552000,0.087,0.041,0.872
552500,0.083,0.036,0.881
553000,0.081,0.034,0.886
553500,0.071,0.030,0.899
554000,0.070,0.035,0.894
554500,0.079,0.029,0.892
555000,0.103,0.029,0.868
555500,0.108,0.017,0.875
556000,0.117,0.019,0.864
556500,0.089,0.021,0.890
557000,0.098,0.013,0.889
557500,0.101,0.009,0.890
558000,0.084,0.024,0.893
558500,0.059,0.032,0.908
559000,0.076,0.021,0.903
559500,0.075,0.023,0.902
560000,0.084,0.024,0.893
560500,0.079,0.025,0.897
561000,0.082,0.028,0.890
561500,0.077,0.033,0.890
562000,0.079,0.034,0.888
562500,0.108,0.025,0.867
563000,0.102,0.032,0.867
563500,0.122,0.010,0.868
564000,0.120,0.012,0.868
564500,0.108,0.020,0.871
565000,0.111,0.005,0.884
565500,0.091,0.022,0.886
566000,0.085,0.021,0.894
566500,0.090,0.028,0.883
567000,0.085,0.026,0.889
567500,0.082,0.021,0.898
568000,0.108,0.026,0.866
568500,0.095,0.019,0.886
569000,0.082,0.031,0.887
569500,0.107,0.028,0.866
570000,0.086,0.022,0.891
570500,0.096,0.021,0.884
571000,0.088,0.032,0.880
571500,0.072,0.036,0.891
572000,0.071,0.036,0.893
572500,0.090,0.029,0.881
573000,0.079,0.016,0.905
573500,0.095,0.027,0.878
574000,0.086,0.032,0.883
574500,0.098,0.021,0.882
575000,0.112,0.018,0.870
575500,0.106,0.020,0.874
576000,0.098,0.021,0.881
576500,0.090,0.019,0.891
577000,0.094,0.020,0.886
577500,0.090,0.044,0.866
578000,0.088,0.031,0.880
578500,0.082,0.051,0.867
579000,0.087,0.039,0.873
579500,0.072,0.035,0.893
580000,0.068,0.049,0.883
580500,0.076,0.034,0.890
581000,0.090,0.025,0.885
581500,0.104,0.020,0.876
582000,0.111,0.012,0.877
582500,0.096,0.021,0.883
583000,0.119,0.013,0.867
583500,0.119,0.017,0.864
584000,0.091,0.018,0.891
584500,0.076,0.038,0.886
585000,0.097,0.032,0.872
585500,0.090,0.033,0.877
586000,0.076,0.032,0.893
586500,0.103,0.032,0.864
587000,0.104,0.030,0.865
587500,0.100,0.026,0.874
588000,0.096,0.022,0.882
588500,0.086,0.030,0.883
589000,0.070,0.024,0.906
589500,0.100,0.021,0.879
590000,0.091,0.025,0.884
590500,0.104,0.032,0.863
591000,0.105,0.021,0.874
591500,0.093,0.040,0.866
592000,0.111,0.027,0.862
592500,0.122,0.024,0.854
593000,0.086,0.026,0.888
593500,0.087,0.037,0.876
594000,0.093,0.035,0.871
594500,0.110,0.034,0.857
595000,0.088,0.024,0.888
595500,0.069,0.033,0.899
596000,0.075,0.041,0.883
596500,0.101,0.027,0.872
597000,0.100,0.020,0.880
597500,0.081,0.012,0.907
598000,0.083,0.051,0.867
598500,0.092,0.021,0.887
599000,0.122,0.016,0.861
599500,0.082,0.028,0.890
600000,0.067,0.019,0.914
600500,0.077,0.017,0.906
601000,0.072,0.035,0.893
601500,0.100,0.016,0.884
602000,0.105,0.015,0.879
602500,0.097,0.014,0.889
603000,0.089,0.018,0.892
603500,0.086,0.019,0.894
604000,0.090,0.038,0.872
604500,0.076,0.024,0.900
605000,0.092,0.029,0.879
605500,0.111,0.021,0.868
606000,0.086,0.018,0.896
606500,0.120,0.006,0.873
607000,0.101,0.015,0.884
607500,0.116,0.019,0.865
608000,0.117,0.018,0.865
608500,0.107,0.018,0.874
609000,0.117,0.010,0.873
609500,0.090,0.019,0.890
610000,0.088,0.027,0.885
610500,0.091,0.040,0.870
611000,0.092,0.031,0.876
611500,0.072,0.047,0.880
612000,0.064,0.030,0.906
612500,0.066,0.043,0.890
613000,0.070,0.046,0.883
613500,0.058,0.052,0.890
614000,0.068,0.046,0.885
614500,0.077,0.028,0.895
615000,0.096,0.043,0.861
615500,0.111,0.024,0.866
616000,0.070,0.035,0.895
616500,0.067,0.049,0.885
617000,0.097,0.037,0.866
617500,0.094,0.037,0.869
618000,0.071,0.051,0.879
618500,0.079,0.050,0.872
619000,0.082,0.038,0.880
619500,0.078,0.035,0.887
620000,0.071,0.043,0.886
620500,0.068,0.033,0.900
621000,0.081,0.035,0.885
621500,0.073,0.048,0.880
622000,0.088,0.028,0.884
622500,0.086,0.049,0.865
623000,0.062,0.046,0.891
623500,0.063,0.050,0.888
624000,0.082,0.028,0.890
624500,0.098,0.021,0.881
625000,0.085,0.016,0.899
625500,0.089,0.013,0.898
626000,0.086,0.024,0.890
626500,0.071,0.040,0.888
627000,0.070,0.033,0.898
627500,0.076,0.032,0.891
628000,0.088,0.029,0.883
628500,0.097,0.033,0.871
629000,0.086,0.028,0.886
629500,0.082,0.043,0.875
630000,0.074,0.035,0.891
630500,0.077,0.034,0.890
631000,0.087,0.037,0.875
631500,0.086,0.031,0.883
632000,0.073,0.026,0.901
632500,0.073,0.033,0.893
633000,0.086,0.022,0.892
633500,0.065,0.030,0.905
634000,0.075,0.021,0.904
634500,0.087,0.023,0.890
635000,0.105,0.018,0.876
635500,0.097,0.007,0.896
636000,0.102,0.019,0.879
636500,0.068,0.020,0.912
637000,0.109,0.025,0.866
637500,0.107,0.025,0.868
638000,0.092,0.028,0.880
638500,0.085,0.021,0.894
639000,0.097,0.024,0.880
639500,0.075,0.019,0.906
640000,0.065,0.029,0.906
640500,0.088,0.033,0.879
641000,0.087,0.045,0.868
641500,0.099,0.040,0.862
642000,0.102,0.025,0.872
642500,0.087,0.019,0.893
643000,0.099,0.011,0.890
643500,0.093,0.017,0.890
644000,0.097,0.020,0.883
644500,0.093,0.032,0.875
645000,0.094,0.017,0.889
645500,0.100,0.022,0.878
646000,0.082,0.035,0.883
646500,0.108,0.030,0.861
647000,0.100,0.018,0.882
647500,0.086,0.024,0.891
648000,0.081,0.042,0.877
648500,0.082,0.026,0.892
649000,0.086,0.017,0.896
649500,0.082,0.021,0.897
650000,0.086,0.036,0.877
650500,0.091,0.029,0.879
651000,0.115,0.017,0.868
651500,0.094,0.031,0.875
652000,0.109,0.019,0.872
652500,0.102,0.013,0.884
653000,0.088,0.013,0.900
653500,0.089,0.026,0.885
654000,0.100,0.014,0.886
654500,0.094,0.018,0.888
655000,0.087,0.018,0.895
655500,0.101,0.031,0.868
656000,0.102,0.035,0.864
656500,0.104,0.034,0.862
657000,0.086,0.038,0.876
657500,0.086,0.032,0.883
658000,0.078,0.021,0.902
658500,0.084,0.035,0.882
659000,0.094,0.034,0.873
659500,0.070,0.034,0.896
660000,0.082,0.060,0.858
660500,0.082,0.050,0.869
661000,0.101,0.018,0.882
661500,0.090,0.016,0.894
662000,0.091,0.025,0.883
662500,0.094,0.035,0.871
663000,0.068,0.026,0.905
663500,0.073,0.030,0.896
664000,0.071,0.032,0.897
664500,0.096,0.033,0.871
665000,0.077,0.035,0.889
665500,0.112,0.026,0.862
666000,0.090,0.022,0.888
666500,0.095,0.021,0.884
667000,0.102,0.028,0.869
667500,0.102,0.016,0.882
668000,0.085,0.025,0.890
668500,0.087,0.024,0.889
669000,0.082,0.029,0.889
669500,0.081,0.039,0.880
670000,0.088,0.022,0.890
670500,0.075,0.020,0.905
671000,0.116,0.019,0.865
671500,0.089,0.017,0.894
672000,0.108,0.021,0.871
672500,0.112,0.014,0.874
673000,0.110,0.026,0.864
673500,0.104,0.019,0.876
674000,0.078,0.026,0.896
674500,0.076,0.025,0.899
675000,0.099,0.025,0.876
675500,0.087,0.032,0.882
676000,0.095,0.033,0.872
676500,0.092,0.036,0.871
677000,0.066,0.040,0.894
677500,0.079,0.025,0.896
678000,0.079,0.026,0.895
678500,0.073,0.030,0.896
679000,0.110,0.023,0.867
679500,0.084,0.025,0.892
680000,0.067,0.025,0.908
680500,0.083,0.032,0.886
681000,0.090,0.029,0.880
681500,0.091,0.024,0.886
682000,0.088,0.013,0.899
682500,0.091,0.033,0.875
683000,0.105,0.011,0.884
683500,0.113,0.034,0.854
684000,0.095,0.021,0.884
684500,0.096,0.022,0.882
685000,0.103,0.035,0.862
685500,0.093,0.026,0.881
686000,0.075,0.047,0.878
686500,0.064,0.052,0.884
687000,0.057,0.065,0.878
687500,0.084,0.049,0.868
688000,0.112,0.035,0.853
688500,0.096,0.017,0.887
689000,0.103,0.012,0.885
689500,0.084,0.021,0.896
690000,0.077,0.019,0.904
690500,0.085,0.026,0.889
691000,0.090,0.035,0.876
691500,0.088,0.013,0.899
692000,0.075,0.020,0.905
692500,0.093,0.028,0.879
693000,0.086,0.015,0.899
693500,0.105,0.034,0.862
694000,0.091,0.042,0.867
694500,0.080,0.017,0.904
695000,0.072,0.026,0.901
695500,0.098,0.051,0.851
696000,0.089,0.040,0.870
696500,0.093,0.043,0.863
697000,0.099,0.035,0.866
697500,0.070,0.035,0.896
698000,0.079,0.058,0.863
698500,0.086,0.041,0.873
699000,0.099,0.042,0.859
699500,0.092,0.025,0.883
700000,0.083,0.040,0.878
700500,0.066,0.030,0.904
701000,0.103,0.013,0.884
701500,0.116,0.022,0.862
702000,0.102,0.023,0.875
702500,0.093,0.018,0.888
703000,0.080,0.021,0.899
703500,0.080,0.038,0.882
704000,0.079,0.026,0.895
704500,0.094,0.026,0.880
705000,0.105,0.034,0.861
705500,0.078,0.043,0.880
706000,0.061,0.025,0.913
706500,0.079,0.025,0.896
707000,0.072,0.033,0.896
707500,0.071,0.025,0.904
708000,0.093,0.021,0.886
708500,0.116,0.018,0.866
709000,0.093,0.015,0.891
709500,0.063,0.038,0.899
710000,0.091,0.031,0.877
710500,0.076,0.049,0.874
711000,0.072,0.037,0.890
711500,0.099,0.043,0.859
712000,0.096,0.029,0.875
712500,0.067,0.033,0.900
713000,0.069,0.039,0.892
713500,0.083,0.034,0.883
714000,0.071,0.040,0.888
714500,0.085,0.030,0.885
715000,0.087,0.039,0.874
715500,0.075,0.020,0.905
716000,0.092,0.020,0.888
716500,0.070,0.031,0.898
717000,0.082,0.042,0.876
717500,0.091,0.029,0.879
718000,0.112,0.026,0.862
718500,0.111,0.027,0.862
719000,0.107,0.022,0.871
719500,0.084,0.025,0.892
720000,0.080,0.024,0.896
720500,0.093,0.018,0.888
721000,0.099,0.023,0.878
721500,0.082,0.022,0.896
722000,0.103,0.013,0.884
722500,0.126,0.004,0.870
723000,0.119,0.017,0.864
723500,0.093,0.034,0.874
724000,0.103,0.037,0.860
724500,0.098,0.017,0.886
725000,0.096,0.025,0.880
725500,0.089,0.032,0.880
726000,0.092,0.021,0.886
726500,0.088,0.032,0.881
727000,0.100,0.014,0.886
727500,0.092,0.039,0.869
728000,0.099,0.019,0.882
728500,0.113,0.026,0.861
729000,0.082,0.021,0.897
729500,0.114,0.013,0.874
730000,0.109,0.022,0.869
730500,0.109,0.028,0.864
731000,0.084,0.033,0.884
731500,0.099,0.027,0.874
732000,0.104,0.016,0.879
732500,0.087,0.018,0.896
733000,0.060,0.040,0.899
733500,0.065,0.051,0.885
734000,0.067,0.044,0.889
734500,0.059,0.043,0.899
735000,0.055,0.054,0.890
735500,0.070,0.038,0.891
736000,0.077,0.025,0.899
736500,0.086,0.022,0.891
737000,0.093,0.035,0.872
737500,0.073,0.053,0.874
738000,0.083,0.038,0.879
738500,0.097,0.044,0.859
739000,0.098,0.033,0.870
739500,0.110,0.033,0.858
740000,0.093,0.028,0.878
740500,0.083,0.033,0.885
741000,0.090,0.022,0.887
741500,0.093,0.021,0.885
742000,0.088,0.026,0.886
742500,0.086,0.022,0.892
743000,0.100,0.015,0.886
743500,0.100,0.027,0.873
744000,0.107,0.022,0.870
744500,0.091,0.024,0.885
745000,0.105,0.035,0.861
745500,0.114,0.016,0.870
746000,0.125,0.005,0.870
746500,0.121,0.013,0.866
747000,0.098,0.015,0.887
747500,0.090,0.020,0.889
748000,0.090,0.021,0.888
748500,0.093,0.023,0.884
749000,0.092,0.017,0.891
749500,0.102,0.033,0.865
750000,0.070,0.044,0.885
750500,0.057,0.035,0.908
751000,0.082,0.026,0.892
751500,0.086,0.021,0.893
752000,0.086,0.020,0.893
752500,0.080,0.034,0.887
753000,0.111,0.052,0.837
753500,0.101,0.026,0.873
754000,0.093,0.020,0.887
754500,0.080,0.040,0.880
755000,0.094,0.029,0.877
755500,0.089,0.030,0.880
756000,0.097,0.039,0.864
756500,0.090,0.043,0.867
757000,0.080,0.025,0.895
757500,0.069,0.018,0.913
758000,0.083,0.032,0.885
758500,0.086,0.031,0.883
759000,0.089,0.033,0.879
759500,0.092,0.028,0.879
760000,0.107,0.035,0.859
760500,0.101,0.022,0.877
761000,0.089,0.011,0.900
761500,0.113,0.018,0.869
762000,0.078,0.024,0.898
762500,0.090,0.011,0.898
763000,0.082,0.033,0.885
763500,0.100,0.029,0.871
764000,0.091,0.018,0.892
764500,0.118,0.029,0.852
765000,0.120,0.025,0.856
765500,0.082,0.022,0.896
766000,0.062,0.021,0.916
766500,0.080,0.035,0.885
767000,0.112,0.011,0.877
767500,0.104,0.011,0.884
768000,0.087,0.025,0.888
768500,0.102,0.015,0.883
769000,0.081,0.040,0.880
769500,0.086,0.035,0.879
770000,0.083,0.024,0.893
770500,0.085,0.024,0.892
771000,0.088,0.022,0.889
771500,0.106,0.013,0.880
772000,0.095,0.030,0.875
772500,0.080,0.031,0.889
773000,0.096,0.048,0.856
773500,0.095,0.030,0.875
774000,0.109,0.011,0.880
774500,0.102,0.021,0.877
775000,0.099,0.019,0.882
775500,0.112,0.014,0.874
776000,0.107,0.029,0.865
776500,0.092,0.032,0.876
777000,0.090,0.029,0.881
777500,0.140,0.013,0.847
778000,0.115,0.002,0.883
778500,0.090,0.015,0.896
779000,0.075,0.025,0.900
779500,0.072,0.035,0.892
780000,0.087,0.043,0.869
780500,0.085,0.038,0.877
781000,0.084,0.037,0.879
781500,0.096,0.031,0.873
782000,0.095,0.036,0.869
782500,0.082,0.036,0.882
783000,0.110,0.029,0.862
783500,0.097,0.036,0.867
784000,0.103,0.040,0.856
784500,0.080,0.049,0.871
785000,0.090,0.021,0.889
785500,0.108,0.028,0.864
786000,0.084,0.034,0.882
786500,0.071,0.059,0.870
787000,0.066,0.049,0.886
787500,0.068,0.043,0.889
788000,0.073,0.035,0.891
788500,0.074,0.037,0.889
789000,0.073,0.044,0.883
789500,0.065,0.043,0.892
790000,0.077,0.045,0.877
790500,0.102,0.029,0.870
791000,0.092,0.025,0.883
791500,0.090,0.026,0.884
792000,0.085,0.025,0.890
792500,0.096,0.025,0.880
793000,0.084,0.015,0.901
793500,0.089,0.025,0.885
794000,0.085,0.012,0.903
794500,0.084,0.030,0.886
795000,0.081,0.033,0.887
795500,0.057,0.042,0.901
796000,0.081,0.037,0.882
796500,0.090,0.028,0.882
797000,0.117,0.031,0.852
797500,0.139,0.015,0.846
798000,0.147,0.007,0.846
798500,0.115,0.019,0.866
799000,0.095,0.034,0.871
799500,0.096,0.021,0.883
800000,0.073,0.021,0.905
800500,0.080,0.022,0.898
801000,0.078,0.024,0.898
801500,0.063,0.027,0.910
802000,0.062,0.029,0.908
802500,0.075,0.024,0.901
803000,0.083,0.037,0.880
803500,0.070,0.038,0.892
804000,0.070,0.019,0.910
804500,0.083,0.025,0.892
805000,0.107,0.020,0.873
805500,0.079,0.032,0.889
806000,0.088,0.021,0.890
806500,0.089,0.032,0.879
807000,0.104,0.015,0.881
807500,0.111,0.025,0.864
808000,0.105,0.017,0.878
808500,0.097,0.030,0.873
809000,0.087,0.028,0.886
809500,0.074,0.045,0.880
810000,0.083,0.045,0.872
810500,0.093,0.025,0.882
811000,0.078,0.022,0.900
811500,0.071,0.028,0.902
812000,0.104,0.030,0.865
812500,0.089,0.027,0.884
813000,0.090,0.014,0.896
813500,0.096,0.028,0.876
814000,0.104,0.028,0.867
814500,0.102,0.017,0.882
815000,0.096,0.024,0.880
815500,0.087,0.025,0.888
816000,0.070,0.038,0.892
816500,0.094,0.033,0.874
817000,0.086,0.026,0.888
817500,0.081,0.028,0.891
818000,0.107,0.015,0.878
818500,0.093,0.023,0.883
819000,0.090,0.034,0.876
819500,0.068,0.038,0.894
820000,0.105,0.032,0.863
820500,0.083,0.031,0.886
821000,0.088,0.034,0.879
821500,0.087,0.036,0.877
822000,0.073,0.030,0.897
822500,0.104,0.032,0.864
823000,0.097,0.034,0.869
823500,0.101,0.029,0.870
824000,0.082,0.039,0.879
824500,0.081,0.042,0.878
825000,0.082,0.036,0.882
825500,0.106,0.016,0.878
826000,0.111,0.034,0.855
826500,0.136,0.025,0.840
827000,0.118,0.019,0.862
827500,0.092,0.041,0.867
828000,0.091,0.058,0.852
828500,0.075,0.028,0.897
829000,0.082,0.035,0.884
829500,0.073,0.041,0.885
830000,0.066,0.040,0.894
830500,0.069,0.033,0.899
831000,0.067,0.030,0.903
831500,0.092,0.031,0.876
832000,0.074,0.049,0.877
832500,0.068,0.043,0.889
833000,0.093,0.045,0.861
833500,0.106,0.028,0.867
834000,0.085,0.040,0.876
834500,0.071,0.035,0.893
835000,0.072,0.035,0.893
835500,0.085,0.038,0.877
836000,0.066,0.032,0.902
836500,0.067,0.022,0.911
837000,0.057,0.029,0.914
837500,0.082,0.036,0.882
838000,0.081,0.026,0.893
838500,0.077,0.034,0.889
839000,0.076,0.038,0.886
839500,0.082,0.029,0.889
840000,0.084,0.015,0.901
840500,0.072,0.026,0.902
841000,0.113,0.026,0.861
841500,0.106,0.015,0.879
842000,0.106,0.022,0.872
842500,0.089,0.025,0.886
843000,0.086,0.019,0.894
843500,0.088,0.021,0.891
844000,0.090,0.025,0.885
844500,0.114,0.028,0.858
845000,0.089,0.026,0.884
845500,0.070,0.035,0.894
846000,0.090,0.030,0.880
846500,0.103,0.025,0.872
847000,0.094,0.037,0.869
847500,0.104,0.041,0.855
848000,0.128,0.025,0.847
848500,0.129,0.022,0.849
849000,0.094,0.022,0.884
849500,0.075,0.025,0.900
850000,0.092,0.044,0.863
850500,0.101,0.033,0.866
851000,0.102,0.039,0.859
851500,0.099,0.022,0.879
852000,0.120,0.028,0.853
852500,0.092,0.016,0.891
853000,0.088,0.011,0.901
853500,0.083,0.022,0.895
854000,0.075,0.050,0.875
854500,0.089,0.025,0.886
855000,0.070,0.025,0.904
855500,0.098,0.027,0.875
856000,0.101,0.018,0.882
856500,0.079,0.035,0.887
857000,0.081,0.027,0.892
857500,0.080,0.041,0.880
858000,0.077,0.045,0.877
858500,0.073,0.042,0.884
859000,0.066,0.042,0.892
859500,0.089,0.034,0.876
860000,0.071,0.030,0.899
860500,0.092,0.035,0.872
861000,0.072,0.020,0.907
861500,0.079,0.038,0.883
862000,0.076,0.029,0.895
862500,0.123,0.033,0.844
863000,0.103,0.030,0.866
863500,0.114,0.021,0.865
864000,0.097,0.019,0.884
864500,0.090,0.013,0.897
865000,0.093,0.034,0.874
865500,0.077,0.025,0.898
866000,0.079,0.011,0.910
866500,0.099,0.018,0.883
867000,0.093,0.028,0.879
867500,0.104,0.029,0.867
868000,0.116,0.027,0.857
868500,0.102,0.018,0.881
869000,0.088,0.028,0.884
869500,0.092,0.025,0.883
870000,0.090,0.031,0.878
870500,0.084,0.021,0.895
871000,0.076,0.032,0.891
871500,0.094,0.033,0.874
872000,0.072,0.027,0.900
872500,0.070,0.034,0.896
873000,0.079,0.022,0.899
873500,0.064,0.030,0.906
874000,0.092,0.025,0.884
874500,0.096,0.028,0.876
875000,0.122,0.021,0.857
875500,0.117,0.025,0.858
876000,0.105,0.035,0.860
876500,0.093,0.025,0.882
877000,0.099,0.021,0.880
877500,0.095,0.025,0.880
878000,0.099,0.021,0.881
878500,0.092,0.019,0.888
879000,0.117,0.025,0.858
879500,0.108,0.025,0.867
880000,0.116,0.037,0.847
880500,0.092,0.027,0.881
881000,0.076,0.020,0.903
881500,0.100,0.016,0.884
882000,0.108,0.032,0.860
882500,0.092,0.030,0.878
883000,0.107,0.022,0.871
883500,0.107,0.018,0.874
884000,0.074,0.041,0.886
884500,0.064,0.040,0.896
885000,0.091,0.021,0.888
885500,0.073,0.035,0.893
886000,0.076,0.037,0.887
886500,0.090,0.035,0.876
887000,0.082,0.054,0.864
887500,0.076,0.024,0.900
888000,0.087,0.019,0.894
888500,0.078,0.023,0.899
889000,0.097,0.019,0.884
889500,0.104,0.018,0.878
890000,0.099,0.021,0.881
890500,0.084,0.015,0.902
891000,0.082,0.036,0.882
891500,0.074,0.048,0.879
892000,0.072,0.040,0.888
892500,0.083,0.030,0.887
893000,0.099,0.018,0.884
893500,0.092,0.022,0.886
894000,0.084,0.031,0.885
894500,0.086,0.032,0.882
895000,0.082,0.034,0.884
895500,0.093,0.043,0.865
896000,0.104,0.034,0.863
896500,0.087,0.032,0.881
897000,0.097,0.028,0.876
897500,0.098,0.032,0.871
898000,0.097,0.030,0.873
898500,0.082,0.024,0.895
899000,0.089,0.033,0.878
899500,0.086,0.017,0.897
900000,0.087,0.043,0.870
900500,0.086,0.024,0.889
901000,0.099,0.013,0.889
901500,0.102,0.017,0.882
902000,0.105,0.022,0.873
902500,0.101,0.021,0.879
903000,0.090,0.021,0.889
903500,0.092,0.010,0.898
904000,0.072,0.028,0.901
904500,0.095,0.015,0.891
905000,0.090,0.031,0.878
905500,0.099,0.024,0.878
906000,0.076,0.011,0.914
906500,0.079,0.024,0.897
907000,0.093,0.034,0.874
907500,0.089,0.029,0.882
908000,0.075,0.014,0.910
908500,0.091,0.019,0.890
909000,0.069,0.029,0.902
909500,0.072,0.032,0.897
910000,0.100,0.032,0.869
910500,0.102,0.015,0.883
911000,0.103,0.019,0.877
911500,0.082,0.027,0.891
912000,0.089,0.025,0.886
912500,0.093,0.031,0.875
913000,0.073,0.038,0.889
913500,0.063,0.046,0.891
914000,0.057,0.024,0.919
914500,0.086,0.031,0.883
915000,0.087,0.035,0.878
915500,0.095,0.037,0.868
916000,0.112,0.022,0.866
916500,0.096,0.029,0.875
917000,0.108,0.020,0.872
917500,0.092,0.020,0.887
918000,0.103,0.040,0.856
918500,0.094,0.030,0.876
919000,0.082,0.028,0.891
919500,0.063,0.022,0.915
920000,0.077,0.021,0.901
920500,0.088,0.030,0.882
921000,0.096,0.035,0.869
921500,0.114,0.025,0.861
922000,0.096,0.033,0.871
922500,0.108,0.026,0.865
923000,0.099,0.025,0.876
923500,0.064,0.037,0.899
924000,0.086,0.040,0.874
924500,0.085,0.032,0.883
925000,0.093,0.032,0.876
925500,0.082,0.034,0.884
926000,0.083,0.020,0.897
926500,0.091,0.015,0.895
927000,0.111,0.018,0.871
927500,0.107,0.019,0.873
928000,0.087,0.020,0.892
928500,0.087,0.017,0.897
929000,0.082,0.013,0.905
929500,0.075,0.029,0.896
930000,0.092,0.016,0.891
930500,0.114,0.024,0.863
931000,0.104,0.018,0.879
931500,0.105,0.020,0.874
932000,0.095,0.030,0.875
932500,0.092,0.025,0.884
933000,0.079,0.036,0.885
933500,0.077,0.009,0.914
934000,0.082,0.026,0.892
934500,0.082,0.026,0.892
935000,0.077,0.019,0.904
935500,0.076,0.040,0.885
936000,0.080,0.038,0.882
936500,0.089,0.029,0.882
937000,0.110,0.016,0.874
937500,0.103,0.029,0.869
938000,0.078,0.020,0.902
938500,0.084,0.011,0.906
939000,0.106,0.025,0.868
939500,0.135,0.018,0.847
940000,0.146,0.011,0.842
940500,0.113,0.019,0.868
941000,0.102,0.016,0.881
941500,0.102,0.025,0.872
942000,0.083,0.022,0.895
942500,0.096,0.020,0.884
943000,0.072,0.036,0.891
943500,0.107,0.029,0.864
944000,0.093,0.021,0.886
944500,0.079,0.025,0.896
945000,0.080,0.025,0.896
945500,0.093,0.028,0.879
946000,0.081,0.035,0.885
946500,0.079,0.039,0.882
947000,0.070,0.049,0.881
947500,0.077,0.038,0.884
948000,0.111,0.021,0.868
948500,0.108,0.035,0.857
949000,0.077,0.027,0.895
949500,0.084,0.030,0.886
950000,0.069,0.048,0.884
950500,0.106,0.032,0.862
951000,0.111,0.021,0.868
951500,0.089,0.019,0.891
952000,0.088,0.014,0.897
952500,0.110,0.032,0.859
953000,0.090,0.044,0.866
953500,0.090,0.030,0.879
954000,0.101,0.028,0.871
954500,0.095,0.044,0.861
955000,0.072,0.037,0.890
955500,0.083,0.032,0.886
956000,0.087,0.032,0.882
956500,0.120,0.021,0.858
957000,0.132,0.020,0.848
957500,0.107,0.015,0.879
958000,0.092,0.034,0.875
958500,0.088,0.041,0.872
959000,0.086,0.050,0.863
959500,0.090,0.036,0.873
960000,0.084,0.043,0.873
960500,0.082,0.043,0.875
961000,0.090,0.029,0.880
961500,0.076,0.030,0.894
962000,0.097,0.024,0.879
962500,0.083,0.037,0.880
963000,0.084,0.046,0.870
963500,0.081,0.035,0.885
964000,0.066,0.043,0.891
964500,0.081,0.034,0.886
965000,0.073,0.025,0.901
965500,0.074,0.031,0.894
966000,0.086,0.037,0.876
966500,0.067,0.041,0.892
967000,0.075,0.042,0.883
967500,0.096,0.035,0.869
968000,0.084,0.025,0.891
968500,0.090,0.035,0.874
969000,0.087,0.025,0.888
969500,0.086,0.037,0.876
970000,0.078,0.033,0.889
970500,0.081,0.024,0.895
971000,0.091,0.022,0.886
971500,0.097,0.022,0.881
972000,0.079,0.025,0.896
972500,0.079,0.040,0.882
973000,0.087,0.033,0.879
973500,0.093,0.011,0.896
974000,0.108,0.022,0.869
974500,0.113,0.018,0.870
975000,0.125,0.015,0.860
975500,0.126,0.025,0.849
976000,0.087,0.024,0.889
976500,0.098,0.017,0.886
977000,0.114,0.021,0.866
977500,0.095,0.016,0.889
978000,0.096,0.028,0.877
978500,0.103,0.024,0.874
979000,0.102,0.020,0.878
979500,0.089,0.026,0.884
980000,0.091,0.025,0.884
980500,0.093,0.039,0.867
981000,0.081,0.021,0.898
981500,0.104,0.036,0.860
982000,0.087,0.030,0.882
982500,0.070,0.029,0.901
983000,0.071,0.025,0.903
983500,0.117,0.026,0.857
984000,0.103,0.015,0.882
984500,0.105,0.017,0.878
985000,0.092,0.022,0.886
985500,0.101,0.028,0.871
986000,0.086,0.049,0.865
986500,0.087,0.043,0.870
987000,0.104,0.015,0.881
987500,0.098,0.017,0.886
988000,0.117,0.034,0.849
988500,0.105,0.019,0.876
989000,0.113,0.019,0.868
989500,0.105,0.023,0.872
990000,0.089,0.035,0.875
990500,0.077,0.027,0.896
991000,0.082,0.033,0.886
991500,0.086,0.043,0.872
992000,0.085,0.041,0.874
992500,0.085,0.015,0.901
993000,0.094,0.016,0.890
993500,0.075,0.005,0.920
994000,0.073,0.029,0.898
994500,0.081,0.038,0.881
995000,0.085,0.023,0.892
995500,0.072,0.032,0.895
996000,0.104,0.028,0.868
996500,0.111,0.025,0.865
997000,0.102,0.036,0.862
997500,0.075,0.032,0.894
998000,0.087,0.033,0.880
998500,0.059,0.023,0.918
999000,0.063,0.059,0.878
999500,0.065,0.043,0.892
1000000,0.086,0.025,0.889
