time,n_A+p,n_B,n_AB
500,0.050,0.780,0.170
1000,0.050,0.533,0.416
1500,0.050,0.405,0.545
2000,0.050,0.315,0.635
2500,0.065,0.250,0.685
3000,0.057,0.294,0.649
3500,0.070,0.277,0.653
4000,0.067,0.230,0.704
4500,0.062,0.202,0.736
5000,0.064,0.197,0.739
5500,0.092,0.159,0.749
6000,0.139,0.081,0.780
6500,0.196,0.051,0.753
7000,0.308,0.021,0.671
7500,0.427,0.004,0.569
8000,0.510,0.001,0.489
8500,0.597,0.000,0.403
9000,0.562,0.000,0.438
9500,0.572,0.000,0.428
10000,0.597,0.000,0.403
10500,0.641,0.000,0.359
11000,0.670,0.000,0.330
11500,0.658,0.000,0.342
12000,0.627,0.000,0.373
12500,0.678,0.000,0.322
13000,0.698,0.000,0.302
13500,0.678,0.000,0.322
14000,0.656,0.000,0.344
14500,0.606,0.000,0.394
15000,0.659,0.000,0.341
15500,0.650,0.000,0.350
16000,0.712,0.000,0.288
16500,0.717,0.000,0.283
17000,0.748,0.000,0.252
17500,0.750,0.000,0.250
18000,0.728,0.000,0.272
18500,0.682,0.000,0.318
19000,0.750,0.000,0.250
19500,0.751,0.000,0.249
20000,0.709,0.000,0.291
20500,0.709,0.000,0.291
21000,0.698,0.000,0.302
21500,0.724,0.000,0.276
22000,0.723,0.000,0.277
22500,0.728,0.000,0.272
23000,0.699,0.000,0.301
23500,0.648,0.000,0.352
24000,0.632,0.000,0.368
24500,0.706,0.000,0.294
25000,0.744,0.000,0.256
25500,0.755,0.000,0.245
26000,0.749,0.000,0.251
26500,0.761,0.000,0.239
27000,0.749,0.000,0.251
27500,0.763,0.000,0.237
28000,0.740,0.000,0.260
28500,0.693,0.000,0.307
29000,0.633,0.000,0.367
29500,0.671,0.000,0.329
30000,0.696,0.000,0.304
30500,0.650,0.000,0.350
31000,0.597,0.000,0.403
31500,0.673,0.000,0.327
32000,0.666,0.000,0.334
32500,0.679,0.000,0.321
33000,0.707,0.000,0.293
33500,0.758,0.000,0.242
34000,0.750,0.000,0.250
34500,0.690,0.000,0.310
35000,0.706,0.000,0.294
35500,0.684,0.000,0.316
36000,0.677,0.000,0.323
36500,0.658,0.000,0.342
37000,0.658,0.000,0.342
37500,0.689,0.000,0.311
38000,0.703,0.000,0.297
38500,0.689,0.000,0.311
39000,0.696,0.000,0.304
39500,0.638,0.000,0.362
40000,0.613,0.000,0.387
40500,0.639,0.000,0.361
41000,0.599,0.000,0.401
41500,0.631,0.000,0.369
42000,0.658,0.000,0.342
42500,0.673,0.000,0.327
43000,0.711,0.000,0.289
43500,0.719,0.000,0.281
44000,0.727,0.000,0.273
44500,0.778,0.000,0.222
45000,0.746,0.000,0.254
45500,0.735,0.000,0.265
46000,0.708,0.000,0.292
46500,0.696,0.000,0.304
47000,0.721,0.000,0.279
47500,0.752,0.000,0.248
48000,0.661,0.000,0.339
48500,0.641,0.000,0.359
49000,0.657,0.000,0.343
49500,0.672,0.000,0.328
50000,0.643,0.000,0.357
50500,0.657,0.000,0.343
51000,0.703,0.000,0.297
51500,0.699,0.000,0.301
52000,0.706,0.000,0.294
52500,0.764,0.000,0.236
53000,0.660,0.000,0.340
53500,0.684,0.000,0.316
54000,0.661,0.000,0.339
54500,0.724,0.000,0.276
55000,0.683,0.000,0.317
55500,0.756,0.000,0.244
56000,0.731,0.000,0.269
56500,0.703,0.000,0.297
57000,0.706,0.000,0.294
57500,0.652,0.000,0.348
58000,0.721,0.000,0.279
58500,0.772,0.000,0.228
59000,0.740,0.000,0.260
59500,0.761,0.000,0.239
60000,0.794,0.000,0.206
60500,0.795,0.000,0.205
61000,0.733,0.000,0.267
61500,0.738,0.000,0.262
62000,0.754,0.000,0.246
62500,0.726,0.000,0.274
63000,0.688,0.000,0.312
63500,0.738,0.000,0.262
64000,0.738,0.000,0.262
64500,0.785,0.000,0.215
65000,0.751,0.000,0.249
65500,0.760,0.000,0.240
66000,0.718,0.000,0.282
66500,0.739,0.000,0.261
67000,0.717,0.000,0.283
67500,0.673,0.000,0.327
68000,0.727,0.000,0.273
68500,0.699,0.000,0.301
69000,0.740,0.000,0.260
69500,0.757,0.000,0.243
70000,0.732,0.000,0.268
70500,0.664,0.000,0.336
71000,0.696,0.000,0.304
71500,0.664,0.000,0.336
72000,0.679,0.000,0.321
72500,0.632,0.000,0.368
73000,0.646,0.000,0.354
73500,0.691,0.000,0.309
74000,0.706,0.000,0.294
74500,0.684,0.000,0.316
75000,0.717,0.000,0.283
75500,0.657,0.000,0.343
76000,0.667,0.000,0.333
76500,0.683,0.000,0.317
77000,0.712,0.000,0.288
77500,0.763,0.000,0.237
78000,0.728,0.000,0.272
78500,0.738,0.000,0.262
79000,0.758,0.000,0.242
79500,0.746,0.000,0.254
80000,0.718,0.000,0.282
80500,0.757,0.000,0.243
81000,0.771,0.000,0.229
81500,0.734,0.000,0.266
82000,0.697,0.000,0.303
82500,0.698,0.000,0.302
83000,0.709,0.000,0.291
83500,0.756,0.000,0.244
84000,0.747,0.000,0.253
84500,0.734,0.000,0.266
85000,0.723,0.000,0.277
85500,0.748,0.000,0.252
86000,0.751,0.000,0.249
86500,0.711,0.000,0.289
87000,0.763,0.000,0.237
87500,0.685,0.000,0.315
88000,0.699,0.000,0.301
88500,0.675,0.000,0.325
89000,0.725,0.000,0.275
89500,0.684,0.000,0.316
90000,0.741,0.000,0.259
90500,0.725,0.000,0.275
91000,0.656,0.000,0.344
91500,0.705,0.000,0.295
92000,0.646,0.000,0.354
92500,0.619,0.000,0.381
93000,0.698,0.000,0.302
93500,0.670,0.000,0.330
94000,0.692,0.000,0.308
94500,0.649,0.000,0.351
95000,0.703,0.000,0.297
95500,0.709,0.000,0.291
96000,0.705,0.000,0.295
96500,0.661,0.000,0.339
97000,0.634,0.000,0.366
97500,0.632,0.000,0.368
98000,0.592,0.000,0.408
98500,0.668,0.000,0.332
99000,0.670,0.000,0.330
99500,0.683,0.000,0.317
100000,0.679,0.000,0.321
100500,0.729,0.000,0.271
101000,0.794,0.000,0.206
101500,0.794,0.000,0.206
102000,0.811,0.000,0.189
102500,0.731,0.000,0.269
103000,0.671,0.000,0.329
103500,0.717,0.000,0.283
104000,0.711,0.000,0.289
104500,0.686,0.000,0.314
105000,0.666,0.000,0.334
105500,0.615,0.000,0.385
106000,0.618,0.000,0.382
106500,0.661,0.000,0.339
107000,0.730,0.000,0.270
107500,0.708,0.000,0.292
108000,0.717,0.000,0.283
108500,0.746,0.000,0.254
109000,0.691,0.000,0.309
109500,0.769,0.000,0.231
110000,0.777,0.000,0.223
110500,0.765,0.000,0.235
111000,0.730,0.000,0.270
111500,0.705,0.000,0.295
112000,0.731,0.000,0.269
112500,0.750,0.000,0.250
113000,0.750,0.000,0.250
113500,0.710,0.000,0.290
114000,0.676,0.000,0.324
114500,0.719,0.000,0.281
115000,0.727,0.000,0.273
115500,0.716,0.000,0.284
116000,0.712,0.000,0.288
116500,0.745,0.000,0.255
117000,0.646,0.000,0.354
117500,0.709,0.000,0.291
118000,0.656,0.000,0.344
118500,0.668,0.000,0.332
119000,0.640,0.000,0.360
119500,0.629,0.000,0.371
120000,0.659,0.000,0.341
120500,0.742,0.000,0.258
121000,0.706,0.000,0.294
121500,0.666,0.000,0.334
122000,0.674,0.000,0.326
122500,0.717,0.000,0.283
123000,0.709,0.000,0.291
123500,0.663,0.000,0.337
124000,0.732,0.000,0.268
124500,0.683,0.000,0.317
125000,0.690,0.000,0.310
125500,0.710,0.000,0.290
126000,0.680,0.000,0.320
126500,0.623,0.000,0.377
127000,0.616,0.000,0.384
127500,0.657,0.000,0.343
128000,0.659,0.000,0.341
128500,0.670,0.000,0.330
129000,0.676,0.000,0.324
129500,0.731,0.000,0.269
130000,0.693,0.000,0.307
130500,0.689,0.000,0.311
131000,0.610,0.000,0.390
131500,0.635,0.000,0.365
132000,0.641,0.000,0.359
132500,0.653,0.000,0.347
133000,0.697,0.000,0.303
133500,0.705,0.000,0.295
134000,0.699,0.000,0.301
134500,0.682,0.000,0.318
135000,0.721,0.000,0.279
135500,0.724,0.000,0.276
136000,0.705,0.000,0.295
136500,0.704,0.000,0.296
137000,0.669,0.000,0.331
137500,0.660,0.000,0.340
138000,0.643,0.000,0.357
138500,0.630,0.000,0.370
139000,0.645,0.000,0.355
139500,0.734,0.000,0.266
140000,0.776,0.000,0.224
140500,0.736,0.000,0.264
141000,0.745,0.000,0.255
141500,0.717,0.000,0.283
142000,0.705,0.000,0.295
142500,0.663,0.000,0.337
143000,0.667,0.000,0.333
143500,0.712,0.000,0.288
144000,0.730,0.000,0.270
144500,0.725,0.000,0.275
145000,0.726,0.000,0.274
145500,0.668,0.000,0.332
146000,0.672,0.000,0.328
146500,0.681,0.000,0.319
147000,0.712,0.000,0.288
147500,0.749,0.000,0.251
148000,0.689,0.000,0.311
148500,0.677,0.000,0.323
149000,0.670,0.000,0.330
149500,0.661,0.000,0.339
150000,0.619,0.000,0.381
150500,0.568,0.000,0.432
151000,0.632,0.000,0.368
151500,0.672,0.000,0.328
152000,0.682,0.000,0.318
152500,0.699,0.000,0.301
153000,0.735,0.000,0.265
153500,0.744,0.000,0.256
154000,0.763,0.000,0.237
154500,0.671,0.000,0.329
155000,0.699,0.000,0.301
155500,0.700,0.000,0.300
156000,0.651,0.000,0.349
156500,0.690,0.000,0.310
157000,0.759,0.000,0.241
157500,0.749,0.000,0.251
158000,0.715,0.000,0.285
158500,0.725,0.000,0.275
159000,0.717,0.000,0.283
159500,0.736,0.000,0.264
160000,0.734,0.000,0.266
160500,0.736,0.000,0.264
161000,0.720,0.000,0.280
161500,0.673,0.000,0.327
162000,0.657,0.000,0.343
162500,0.680,0.000,0.320
163000,0.652,0.000,0.348
163500,0.576,0.000,0.424
164000,0.593,0.000,0.407
164500,0.609,0.000,0.391
165000,0.698,0.000,0.302
165500,0.668,0.000,0.332
166000,0.692,0.000,0.308
166500,0.697,0.000,0.303
167000,0.655,0.000,0.345
167500,0.683,0.000,0.317
168000,0.744,0.000,0.256
168500,0.728,0.000,0.272
169000,0.701,0.000,0.299
169500,0.718,0.000,0.282
170000,0.686,0.000,0.314
170500,0.702,0.000,0.298
171000,0.695,0.000,0.305
171500,0.680,0.000,0.320
172000,0.679,0.000,0.321
172500,0.665,0.000,0.335
173000,0.648,0.000,0.352
173500,0.672,0.000,0.328
174000,0.704,0.000,0.296
174500,0.687,0.000,0.313
175000,0.640,0.000,0.360
175500,0.596,0.000,0.404
176000,0.672,0.000,0.328
176500,0.613,0.000,0.387
177000,0.562,0.000,0.438
177500,0.590,0.000,0.410
178000,0.573,0.000,0.427
178500,0.565,0.000,0.435
179000,0.651,0.000,0.349
179500,0.671,0.000,0.329
180000,0.705,0.000,0.295
180500,0.668,0.000,0.332
181000,0.667,0.000,0.333
181500,0.680,0.000,0.320
182000,0.727,0.000,0.273
182500,0.747,0.000,0.253
183000,0.686,0.000,0.314
183500,0.674,0.000,0.326
184000,0.630,0.000,0.370
184500,0.689,0.000,0.311
185000,0.740,0.000,0.260
185500,0.773,0.000,0.227
186000,0.718,0.000,0.282
186500,0.710,0.000,0.290
187000,0.726,0.000,0.274
187500,0.755,0.000,0.245
188000,0.758,0.000,0.242
188500,0.773,0.000,0.227
189000,0.792,0.000,0.208
189500,0.820,0.000,0.180
190000,0.781,0.000,0.219
190500,0.745,0.000,0.255
191000,0.731,0.000,0.269
191500,0.720,0.000,0.280
192000,0.678,0.000,0.322
192500,0.676,0.000,0.324
193000,0.661,0.000,0.339
193500,0.626,0.000,0.374
194000,0.638,0.000,0.362
194500,0.629,0.000,0.371
195000,0.629,0.000,0.371
195500,0.655,0.000,0.345
196000,0.594,0.000,0.406
196500,0.587,0.000,0.413
197000,0.558,0.000,0.442
197500,0.574,0.000,0.426
198000,0.627,0.000,0.373
198500,0.639,0.000,0.361
199000,0.620,0.000,0.380
199500,0.627,0.000,0.373
200000,0.721,0.000,0.279
200500,0.700,0.000,0.300
201000,0.733,0.000,0.267
201500,0.708,0.000,0.292
202000,0.652,0.000,0.348
202500,0.676,0.000,0.324
203000,0.632,0.000,0.368
203500,0.616,0.000,0.384
204000,0.647,0.000,0.353
204500,0.711,0.000,0.289
205000,0.668,0.000,0.332
205500,0.693,0.000,0.307
206000,0.738,0.000,0.262
206500,0.709,0.000,0.291
207000,0.727,0.000,0.273
207500,0.698,0.000,0.302
208000,0.654,0.000,0.346
208500,0.728,0.000,0.272
209000,0.719,0.000,0.281
209500,0.700,0.000,0.300
210000,0.675,0.000,0.325
210500,0.705,0.000,0.295
211000,0.693,0.000,0.307
211500,0.689,0.000,0.311
212000,0.710,0.000,0.290
212500,0.671,0.000,0.329
213000,0.715,0.000,0.285
213500,0.721,0.000,0.279
214000,0.694,0.000,0.306
214500,0.678,0.000,0.322
215000,0.640,0.000,0.360
215500,0.643,0.000,0.357
216000,0.696,0.000,0.304
216500,0.706,0.000,0.294
217000,0.731,0.000,0.269
217500,0.740,0.000,0.260
218000,0.784,0.000,0.216
218500,0.824,0.000,0.176
219000,0.814,0.000,0.186
219500,0.760,0.000,0.240
220000,0.756,0.000,0.244
220500,0.753,0.000,0.247
221000,0.713,0.000,0.287
221500,0.683,0.000,0.317
222000,0.743,0.000,0.257
222500,0.764,0.000,0.236
223000,0.704,0.000,0.296
223500,0.694,0.000,0.306
224000,0.690,0.000,0.310
224500,0.725,0.000,0.275
225000,0.733,0.000,0.267
225500,0.758,0.000,0.242
226000,0.750,0.000,0.250
226500,0.784,0.000,0.216
227000,0.796,0.000,0.204
227500,0.724,0.000,0.276
228000,0.723,0.000,0.277
228500,0.719,0.000,0.281
229000,0.719,0.000,0.281
229500,0.630,0.000,0.370
230000,0.712,0.000,0.288
230500,0.685,0.000,0.315
231000,0.711,0.000,0.289
231500,0.706,0.000,0.294
232000,0.722,0.000,0.278
232500,0.680,0.000,0.320
233000,0.701,0.000,0.299
233500,0.663,0.000,0.337
234000,0.687,0.000,0.313
234500,0.720,0.000,0.280
235000,0.670,0.000,0.330
235500,0.611,0.000,0.389
236000,0.615,0.000,0.385
236500,0.592,0.000,0.408
237000,0.577,0.000,0.423
237500,0.630,0.000,0.370
238000,0.637,0.000,0.363
238500,0.641,0.000,0.359
239000,0.622,0.000,0.378
239500,0.704,0.000,0.296
240000,0.713,0.000,0.287
240500,0.665,0.000,0.335
241000,0.644,0.000,0.356
241500,0.667,0.000,0.333
242000,0.712,0.000,0.288
242500,0.667,0.000,0.333
243000,0.703,0.000,0.297
243500,0.704,0.000,0.296
244000,0.755,0.000,0.245
244500,0.724,0.000,0.276
245000,0.735,0.000,0.265
245500,0.685,0.000,0.315
246000,0.630,0.000,0.370
246500,0.638,0.000,0.362
247000,0.696,0.000,0.304
247500,0.731,0.000,0.269
248000,0.686,0.000,0.314
248500,0.599,0.000,0.401
249000,0.678,0.000,0.322
249500,0.715,0.000,0.285
250000,0.748,0.000,0.252
250500,0.703,0.000,0.297
251000,0.676,0.000,0.324
251500,0.650,0.000,0.350
252000,0.632,0.000,0.368
252500,0.647,0.000,0.353
253000,0.676,0.000,0.324
253500,0.676,0.000,0.324
254000,0.659,0.000,0.341
254500,0.604,0.000,0.396
255000,0.640,0.000,0.360
255500,0.687,0.000,0.313
256000,0.720,0.000,0.280
256500,0.665,0.000,0.335
257000,0.635,0.000,0.365
257500,0.617,0.000,0.383
258000,0.581,0.000,0.419
258500,0.655,0.000,0.345
259000,0.681,0.000,0.319
259500,0.669,0.000,0.331
260000,0.684,0.000,0.316
260500,0.715,0.000,0.285
261000,0.702,0.000,0.298
261500,0.581,0.000,0.419
262000,0.548,0.000,0.452
262500,0.574,0.000,0.426
263000,0.626,0.000,0.374
263500,0.625,0.000,0.375
264000,0.708,0.000,0.292
264500,0.696,0.000,0.304
265000,0.740,0.000,0.260
265500,0.724,0.000,0.276
266000,0.718,0.000,0.282
266500,0.713,0.000,0.287
267000,0.739,0.000,0.261
267500,0.676,0.000,0.324
268000,0.658,0.000,0.342
268500,0.669,0.000,0.331
269000,0.669,0.000,0.331
269500,0.651,0.000,0.349
270000,0.639,0.000,0.361
270500,0.637,0.000,0.363
271000,0.691,0.000,0.309
271500,0.633,0.000,0.367
272000,0.682,0.000,0.318
272500,0.600,0.000,0.400
273000,0.688,0.000,0.312
273500,0.684,0.000,0.316
274000,0.657,0.000,0.343
274500,0.666,0.000,0.334
275000,0.618,0.000,0.382
275500,0.647,0.000,0.353
276000,0.712,0.000,0.288
276500,0.664,0.000,0.336
277000,0.633,0.000,0.367
277500,0.643,0.000,0.357
278000,0.594,0.000,0.406
278500,0.642,0.000,0.358
279000,0.698,0.000,0.302
279500,0.635,0.000,0.365
280000,0.711,0.000,0.289
280500,0.736,0.000,0.264
281000,0.708,0.000,0.292
281500,0.699,0.000,0.301
282000,0.676,0.000,0.324
282500,0.626,0.000,0.374
283000,0.571,0.000,0.429
283500,0.625,0.000,0.375
284000,0.649,0.000,0.351
284500,0.647,0.000,0.353
285000,0.653,0.000,0.347
285500,0.667,0.000,0.333
286000,0.690,0.000,0.310
286500,0.708,0.000,0.292
287000,0.682,0.000,0.318
287500,0.658,0.000,0.342
288000,0.651,0.000,0.349
288500,0.664,0.000,0.336
289000,0.645,0.000,0.355
289500,0.607,0.000,0.393
290000,0.641,0.000,0.359
290500,0.685,0.000,0.315
291000,0.685,0.000,0.315
291500,0.707,0.000,0.293
292000,0.663,0.000,0.337
292500,0.603,0.000,0.397
293000,0.600,0.000,0.400
293500,0.656,0.000,0.344
294000,0.670,0.000,0.330
294500,0.671,0.000,0.329
295000,0.631,0.000,0.369
295500,0.714,0.000,0.286
296000,0.646,0.000,0.354
296500,0.672,0.000,0.328
297000,0.686,0.000,0.314
297500,0.743,0.000,0.257
298000,0.767,0.000,0.233
298500,0.751,0.000,0.249
299000,0.747,0.000,0.253
299500,0.739,0.000,0.261
300000,0.724,0.000,0.276
300500,0.788,0.000,0.212
301000,0.737,0.000,0.263
301500,0.719,0.000,0.281
302000,0.680,0.000,0.320
302500,0.648,0.000,0.352
303000,0.704,0.000,0.296
303500,0.671,0.000,0.329
304000,0.680,0.000,0.320
304500,0.696,0.000,0.304
305000,0.717,0.000,0.283
305500,0.750,0.000,0.250
306000,0.751,0.000,0.249
306500,0.710,0.000,0.290
307000,0.647,0.000,0.353
307500,0.656,0.000,0.344
308000,0.607,0.000,0.393
308500,0.691,0.000,0.309
309000,0.756,0.000,0.244
309500,0.722,0.000,0.278
310000,0.696,0.000,0.304
310500,0.722,0.000,0.278
311000,0.719,0.000,0.281
311500,0.686,0.000,0.314
312000,0.644,0.000,0.356
312500,0.608,0.000,0.392
313000,0.632,0.000,0.368
313500,0.619,0.000,0.381
314000,0.657,0.000,0.343
314500,0.600,0.000,0.400
315000,0.557,0.000,0.443
315500,0.617,0.000,0.383
316000,0.576,0.000,0.424
316500,0.597,0.000,0.403
317000,0.651,0.000,0.349
317500,0.669,0.000,0.331
318000,0.716,0.000,0.284
318500,0.713,0.000,0.287
319000,0.721,0.000,0.279
319500,0.722,0.000,0.278
320000,0.724,0.000,0.276
320500,0.707,0.000,0.293
321000,0.723,0.000,0.277
321500,0.624,0.000,0.376
322000,0.559,0.000,0.441
322500,0.570,0.000,0.430
323000,0.567,0.000,0.433
323500,0.562,0.000,0.438
324000,0.606,0.000,0.394
324500,0.577,0.000,0.423
325000,0.645,0.000,0.355
325500,0.645,0.000,0.355
326000,0.662,0.000,0.338
326500,0.642,0.000,0.358
327000,0.674,0.000,0.326
327500,0.745,0.000,0.255
328000,0.695,0.000,0.305
328500,0.688,0.000,0.312
329000,0.670,0.000,0.330
329500,0.650,0.000,0.350
330000,0.673,0.000,0.327
330500,0.668,0.000,0.332
331000,0.700,0.000,0.300
331500,0.705,0.000,0.295
332000,0.699,0.000,0.301
332500,0.695,0.000,0.305
333000,0.714,0.000,0.286
333500,0.698,0.000,0.302
334000,0.657,0.000,0.343
334500,0.642,0.000,0.358
335000,0.650,0.000,0.350
335500,0.711,0.000,0.289
336000,0.682,0.000,0.318
336500,0.668,0.000,0.332
337000,0.714,0.000,0.286
337500,0.696,0.000,0.304
338000,0.622,0.000,0.378
338500,0.644,0.000,0.356
339000,0.621,0.000,0.379
339500,0.667,0.000,0.333
340000,0.675,0.000,0.325
340500,0.654,0.000,0.346
341000,0.668,0.000,0.332
341500,0.602,0.000,0.398
342000,0.618,0.000,0.382
342500,0.652,0.000,0.348
343000,0.686,0.000,0.314
343500,0.716,0.000,0.284
344000,0.743,0.000,0.257
344500,0.764,0.000,0.236
345000,0.710,0.000,0.290
345500,0.716,0.000,0.284
346000,0.693,0.000,0.307
346500,0.684,0.000,0.316
347000,0.707,0.000,0.293
347500,0.630,0.000,0.370
348000,0.560,0.000,0.440
348500,0.640,0.000,0.360
349000,0.646,0.000,0.354
349500,0.709,0.000,0.291
350000,0.667,0.000,0.333
350500,0.626,0.000,0.374
351000,0.667,0.000,0.333
351500,0.742,0.000,0.258
352000,0.719,0.000,0.281
352500,0.725,0.000,0.275
353000,0.760,0.000,0.240
353500,0.728,0.000,0.272
354000,0.693,0.000,0.307
354500,0.694,0.000,0.306
355000,0.727,0.000,0.273
355500,0.758,0.000,0.242
356000,0.806,0.000,0.194
356500,0.742,0.000,0.258
357000,0.767,0.000,0.233
357500,0.646,0.000,0.354
358000,0.639,0.000,0.361
358500,0.616,0.000,0.384
359000,0.638,0.000,0.362
359500,0.604,0.000,0.396
360000,0.598,0.000,0.402
360500,0.597,0.000,0.403
361000,0.634,0.000,0.366
361500,0.649,0.000,0.351
362000,0.692,0.000,0.308
362500,0.645,0.000,0.355
363000,0.622,0.000,0.378
363500,0.692,0.000,0.308
364000,0.701,0.000,0.299
364500,0.668,0.000,0.332
365000,0.654,0.000,0.346
365500,0.621,0.000,0.379
366000,0.637,0.000,0.363
366500,0.705,0.000,0.295
367000,0.724,0.000,0.276
367500,0.735,0.000,0.265
368000,0.814,0.000,0.186
368500,0.830,0.000,0.170
369000,0.801,0.000,0.199
369500,0.730,0.000,0.270
370000,0.720,0.000,0.280
370500,0.717,0.000,0.283
371000,0.676,0.000,0.324
371500,0.680,0.000,0.320
372000,0.621,0.000,0.379
372500,0.642,0.000,0.358
373000,0.674,0.000,0.326
373500,0.684,0.000,0.316
374000,0.694,0.000,0.306
374500,0.750,0.000,0.250
375000,0.675,0.000,0.325
375500,0.716,0.000,0.284
376000,0.680,0.000,0.320
376500,0.659,0.000,0.341
377000,0.692,0.000,0.308
377500,0.728,0.000,0.272
378000,0.705,0.000,0.295
378500,0.727,0.000,0.273
379000,0.705,0.000,0.295
379500,0.682,0.000,0.318
380000,0.638,0.000,0.362
380500,0.628,0.000,0.372
381000,0.659,0.000,0.341
381500,0.630,0.000,0.370
382000,0.622,0.000,0.378
382500,0.673,0.000,0.327
383000,0.679,0.000,0.321
383500,0.715,0.000,0.285
384000,0.728,0.000,0.272
384500,0.777,0.000,0.223
385000,0.739,0.000,0.261
385500,0.698,0.000,0.302
386000,0.666,0.000,0.334
386500,0.648,0.000,0.352
387000,0.695,0.000,0.305
387500,0.758,0.000,0.242
388000,0.711,0.000,0.289
388500,0.726,0.000,0.274
389000,0.729,0.000,0.271
389500,0.726,0.000,0.274
390000,0.736,0.000,0.264
390500,0.689,0.000,0.311
391000,0.667,0.000,0.333
391500,0.648,0.000,0.352
392000,0.601,0.000,0.399
392500,0.631,0.000,0.369
393000,0.683,0.000,0.317
393500,0.672,0.000,0.328
394000,0.651,0.000,0.349
394500,0.651,0.000,0.349
395000,0.708,0.000,0.292
395500,0.699,0.000,0.301
396000,0.681,0.000,0.319
396500,0.659,0.000,0.341
397000,0.641,0.000,0.359
397500,0.650,0.000,0.350
398000,0.667,0.000,0.333
398500,0.737,0.000,0.263
399000,0.765,0.000,0.235
399500,0.781,0.000,0.219
400000,0.787,0.000,0.213
400500,0.789,0.000,0.211
401000,0.820,0.000,0.180
401500,0.696,0.000,0.304
402000,0.664,0.000,0.336
402500,0.677,0.000,0.323
403000,0.717,0.000,0.283
403500,0.695,0.000,0.305
404000,0.755,0.000,0.245
404500,0.789,0.000,0.211
405000,0.766,0.000,0.234
405500,0.754,0.000,0.246
406000,0.730,0.000,0.270
406500,0.667,0.000,0.333
407000,0.674,0.000,0.326
407500,0.691,0.000,0.309
408000,0.719,0.000,0.281
408500,0.708,0.000,0.292
409000,0.684,0.000,0.316
409500,0.682,0.000,0.318
410000,0.712,0.000,0.288
410500,0.732,0.000,0.268
411000,0.738,0.000,0.262
411500,0.735,0.000,0.265
412000,0.713,0.000,0.287
412500,0.669,0.000,0.331
413000,0.643,0.000,0.357
413500,0.644,0.000,0.356
414000,0.615,0.000,0.385
414500,0.614,0.000,0.386
415000,0.580,0.000,0.420
415500,0.631,0.000,0.369
416000,0.618,0.000,0.382
416500,0.714,0.000,0.286
417000,0.719,0.000,0.281
417500,0.684,0.000,0.316
418000,0.708,0.000,0.292
418500,0.671,0.000,0.329
419000,0.680,0.000,0.320
419500,0.657,0.000,0.343
420000,0.645,0.000,0.355
420500,0.649,0.000,0.351
421000,0.685,0.000,0.315
421500,0.718,0.000,0.282
422000,0.700,0.000,0.300
422500,0.728,0.000,0.272
423000,0.693,0.000,0.307
423500,0.760,0.000,0.240
424000,0.822,0.000,0.178
424500,0.772,0.000,0.228
425000,0.730,0.000,0.270
425500,0.737,0.000,0.263
426000,0.701,0.000,0.299
426500,0.666,0.000,0.334
427000,0.704,0.000,0.296
427500,0.710,0.000,0.290
428000,0.628,0.000,0.372
428500,0.659,0.000,0.341
429000,0.649,0.000,0.351
429500,0.678,0.000,0.322
430000,0.736,0.000,0.264
430500,0.748,0.000,0.252
431000,0.722,0.000,0.278
431500,0.679,0.000,0.321
432000,0.653,0.000,0.347
432500,0.585,0.000,0.415
433000,0.664,0.000,0.336
433500,0.626,0.000,0.374
434000,0.698,0.000,0.302
434500,0.708,0.000,0.292
435000,0.679,0.000,0.321
435500,0.688,0.000,0.312
436000,0.670,0.000,0.330
436500,0.662,0.000,0.338
437000,0.679,0.000,0.321
437500,0.623,0.000,0.377
438000,0.645,0.000,0.355
438500,0.653,0.000,0.347
439000,0.709,0.000,0.291
439500,0.753,0.000,0.247
440000,0.764,0.000,0.236
440500,0.750,0.000,0.250
441000,0.778,0.000,0.222
441500,0.811,0.000,0.189
442000,0.786,0.000,0.214
442500,0.789,0.000,0.211
443000,0.783,0.000,0.217
443500,0.776,0.000,0.224
444000,0.754,0.000,0.246
444500,0.700,0.000,0.300
445000,0.694,0.000,0.306
445500,0.677,0.000,0.323
446000,0.585,0.000,0.415
446500,0.560,0.000,0.440
447000,0.612,0.000,0.388
447500,0.590,0.000,0.410
448000,0.540,0.000,0.460
448500,0.574,0.000,0.426
449000,0.588,0.000,0.412
449500,0.710,0.000,0.290
450000,0.696,0.000,0.304
450500,0.697,0.000,0.303
451000,0.664,0.000,0.336
451500,0.610,0.000,0.390
452000,0.604,0.000,0.396
452500,0.603,0.000,0.397
453000,0.632,0.000,0.368
453500,0.600,0.000,0.400
454000,0.651,0.000,0.349
454500,0.686,0.000,0.314
455000,0.738,0.000,0.262
455500,0.709,0.000,0.291
456000,0.714,0.000,0.286
456500,0.697,0.000,0.303
457000,0.646,0.000,0.354
457500,0.679,0.000,0.321
458000,0.689,0.000,0.311
458500,0.628,0.000,0.372
459000,0.622,0.000,0.378
459500,0.634,0.000,0.366
460000,0.602,0.000,0.398
460500,0.676,0.000,0.324
461000,0.631,0.000,0.369
461500,0.642,0.000,0.358
462000,0.656,0.000,0.344
462500,0.627,0.000,0.373
463000,0.592,0.000,0.408
463500,0.591,0.000,0.409
464000,0.604,0.000,0.396
464500,0.681,0.000,0.319
465000,0.598,0.000,0.402
465500,0.650,0.000,0.350
466000,0.634,0.000,0.366
466500,0.600,0.000,0.400
467000,0.558,0.000,0.442
467500,0.515,0.000,0.485
468000,0.543,0.000,0.457
468500,0.590,0.000,0.410
469000,0.559,0.000,0.441
469500,0.584,0.000,0.416
470000,0.572,0.000,0.428
470500,0.603,0.000,0.397
471000,0.647,0.000,0.353
471500,0.624,0.000,0.376
472000,0.624,0.000,0.376
472500,0.586,0.000,0.414
473000,0.609,0.000,0.391
473500,0.673,0.000,0.327
474000,0.681,0.000,0.319
474500,0.693,0.000,0.307
475000,0.666,0.000,0.334
475500,0.635,0.000,0.365
476000,0.580,0.000,0.420
476500,0.580,0.000,0.420
477000,0.646,0.000,0.354
477500,0.601,0.000,0.399
478000,0.623,0.000,0.377
478500,0.650,0.000,0.350
479000,0.651,0.000,0.349
479500,0.674,0.000,0.326
480000,0.712,0.000,0.288
480500,0.723,0.000,0.277
481000,0.664,0.000,0.336
481500,0.681,0.000,0.319
482000,0.632,0.000,0.368
482500,0.666,0.000,0.334
483000,0.630,0.000,0.370
483500,0.626,0.000,0.374
484000,0.579,0.000,0.421
484500,0.611,0.000,0.389
485000,0.527,0.000,0.473
485500,0.601,0.000,0.399
486000,0.617,0.000,0.383
486500,0.625,0.000,0.375
487000,0.627,0.000,0.373
487500,0.687,0.000,0.313
488000,0.703,0.000,0.297
488500,0.681,0.000,0.319
489000,0.672,0.000,0.328
489500,0.650,0.000,0.350
490000,0.688,0.000,0.312
490500,0.702,0.000,0.298
491000,0.683,0.000,0.317
491500,0.681,0.000,0.319
492000,0.731,0.000,0.269
492500,0.701,0.000,0.299
493000,0.652,0.000,0.348
493500,0.694,0.000,0.306
494000,0.741,0.000,0.259
494500,0.730,0.000,0.270
495000,0.679,0.000,0.321
495500,0.642,0.000,0.358
496000,0.674,0.000,0.326
496500,0.647,0.000,0.353
497000,0.615,0.000,0.385
497500,0.639,0.000,0.361
498000,0.593,0.000,0.407
498500,0.597,0.000,0.403
499000,0.659,0.000,0.341
499500,0.652,0.000,0.348
500000,0.642,0.000,0.358
500500,0.662,0.000,0.338
501000,0.640,0.000,0.360
501500,0.631,0.000,0.369
502000,0.643,0.000,0.357
502500,0.725,0.000,0.275
503000,0.729,0.000,0.271
503500,0.770,0.000,0.230
504000,0.734,0.000,0.266
504500,0.648,0.000,0.352
505000,0.639,0.000,0.361
505500,0.678,0.000,0.322
506000,0.690,0.000,0.310
506500,0.699,0.000,0.301
507000,0.698,0.000,0.302
507500,0.710,0.000,0.290
508000,0.714,0.000,0.286
508500,0.791,0.000,0.209
509000,0.766,0.000,0.234
509500,0.771,0.000,0.229
510000,0.727,0.000,0.273
510500,0.692,0.000,0.308
511000,0.646,0.000,0.354
511500,0.629,0.000,0.371
512000,0.593,0.000,0.407
512500,0.591,0.000,0.409
513000,0.546,0.000,0.454
513500,0.562,0.000,0.438
514000,0.603,0.000,0.397
514500,0.646,0.000,0.354
515000,0.680,0.000,0.320
515500,0.595,0.000,0.405
516000,0.601,0.000,0.399
516500,0.619,0.000,0.381
517000,0.653,0.000,0.347
517500,0.648,0.000,0.352
518000,0.678,0.000,0.322
518500,0.716,0.000,0.284
519000,0.732,0.000,0.268
519500,0.729,0.000,0.271
520000,0.730,0.000,0.270
520500,0.688,0.000,0.312
521000,0.639,0.000,0.361
521500,0.653,0.000,0.347
522000,0.615,0.000,0.385
522500,0.655,0.000,0.345
523000,0.679,0.000,0.321
523500,0.756,0.000,0.244
524000,0.680,0.000,0.320
524500,0.672,0.000,0.328
525000,0.637,0.000,0.363
525500,0.624,0.000,0.376
526000,0.630,0.000,0.370
526500,0.628,0.000,0.372
527000,0.694,0.000,0.306
527500,0.660,0.000,0.340
528000,0.684,0.000,0.316
528500,0.663,0.000,0.337
529000,0.660,0.000,0.340
529500,0.614,0.000,0.386
530000,0.646,0.000,0.354
530500,0.694,0.000,0.306
531000,0.720,0.000,0.280
531500,0.753,0.000,0.247
532000,0.721,0.000,0.279
532500,0.708,0.000,0.292
533000,0.737,0.000,0.263
533500,0.725,0.000,0.275
534000,0.739,0.000,0.261
534500,0.691,0.000,0.309
535000,0.744,0.000,0.256
535500,0.781,0.000,0.219
536000,0.748,0.000,0.252
536500,0.670,0.000,0.330
537000,0.674,0.000,0.326
537500,0.655,0.000,0.345
538000,0.699,0.000,0.301
538500,0.685,0.000,0.315
539000,0.766,0.000,0.234
539500,0.690,0.000,0.310
540000,0.692,0.000,0.308
540500,0.671,0.000,0.329
541000,0.686,0.000,0.314
541500,0.694,0.000,0.306
542000,0.707,0.000,0.293
542500,0.719,0.000,0.281
543000,0.650,0.000,0.350
543500,0.705,0.000,0.295
544000,0.641,0.000,0.359
544500,0.670,0.000,0.330
545000,0.634,0.000,0.366
545500,0.639,0.000,0.361
546000,0.630,0.000,0.370
546500,0.634,0.000,0.366
547000,0.669,0.000,0.331
547500,0.703,0.000,0.297
548000,0.679,0.000,0.321
548500,0.640,0.000,0.360
549000,0.714,0.000,0.286
549500,0.618,0.000,0.382
550000,0.597,0.000,0.403
550500,0.613,0.000,0.387
551000,0.622,0.000,0.378
551500,0.609,0.000,0.391
552000,0.642,0.000,0.358
552500,0.619,0.000,0.381
553000,0.635,0.000,0.365
553500,0.662,0.000,0.338
554000,0.690,0.000,0.310
554500,0.719,0.000,0.281
555000,0.740,0.000,0.260
555500,0.755,0.000,0.245
556000,0.766,0.000,0.234
556500,0.761,0.000,0.239
557000,0.758,0.000,0.242
557500,0.747,0.000,0.253
558000,0.747,0.000,0.253
558500,0.775,0.000,0.225
559000,0.740,0.000,0.260
559500,0.714,0.000,0.286
560000,0.718,0.000,0.282
560500,0.709,0.000,0.291
561000,0.667,0.000,0.333
561500,0.684,0.000,0.316
562000,0.720,0.000,0.280
562500,0.636,0.000,0.364
563000,0.634,0.000,0.366
563500,0.594,0.000,0.406
564000,0.651,0.000,0.349
564500,0.651,0.000,0.349
565000,0.680,0.000,0.320
565500,0.702,0.000,0.298
566000,0.693,0.000,0.307
566500,0.671,0.000,0.329
567000,0.688,0.000,0.312
567500,0.699,0.000,0.301
568000,0.725,0.000,0.275
568500,0.665,0.000,0.335
569000,0.637,0.000,0.363
569500,0.730,0.000,0.270
570000,0.763,0.000,0.237
570500,0.706,0.000,0.294
571000,0.710,0.000,0.290
571500,0.717,0.000,0.283
572000,0.734,0.000,0.266
572500,0.714,0.000,0.286
573000,0.695,0.000,0.305
573500,0.725,0.000,0.275
574000,0.704,0.000,0.296
574500,0.674,0.000,0.326
575000,0.662,0.000,0.338
575500,0.719,0.000,0.281
576000,0.751,0.000,0.249
576500,0.692,0.000,0.308
577000,0.670,0.000,0.330
577500,0.687,0.000,0.313
578000,0.689,0.000,0.311
578500,0.662,0.000,0.338
579000,0.660,0.000,0.340
579500,0.680,0.000,0.320
580000,0.631,0.000,0.369
580500,0.624,0.000,0.376
581000,0.641,0.000,0.359
581500,0.582,0.000,0.418
582000,0.611,0.000,0.389
582500,0.707,0.000,0.293
583000,0.700,0.000,0.300
583500,0.738,0.000,0.262
584000,0.750,0.000,0.250
584500,0.745,0.000,0.255
585000,0.757,0.000,0.243
585500,0.688,0.000,0.312
586000,0.718,0.000,0.282
586500,0.722,0.000,0.278
587000,0.764,0.000,0.236
587500,0.749,0.000,0.251
588000,0.724,0.000,0.276
588500,0.744,0.000,0.256
589000,0.722,0.000,0.278
589500,0.764,0.000,0.236
590000,0.786,0.000,0.214
590500,0.753,0.000,0.247
591000,0.707,0.000,0.293
591500,0.732,0.000,0.268
592000,0.789,0.000,0.211
592500,0.786,0.000,0.214
593000,0.750,0.000,0.250
593500,0.714,0.000,0.286
594000,0.754,0.000,0.246
594500,0.767,0.000,0.233
595000,0.766,0.000,0.234
595500,0.726,0.000,0.274
596000,0.678,0.000,0.322
596500,0.701,0.000,0.299
597000,0.674,0.000,0.326
597500,0.704,0.000,0.296
598000,0.735,0.000,0.265
598500,0.717,0.000,0.283
599000,0.697,0.000,0.303
599500,0.685,0.000,0.315
600000,0.661,0.000,0.339
600500,0.691,0.000,0.309
601000,0.683,0.000,0.317
601500,0.712,0.000,0.288
602000,0.736,0.000,0.264
602500,0.703,0.000,0.297
603000,0.701,0.000,0.299
603500,0.722,0.000,0.278
604000,0.686,0.000,0.314
604500,0.673,0.000,0.327
605000,0.638,0.000,0.362
605500,0.684,0.000,0.316
606000,0.688,0.000,0.312
606500,0.741,0.000,0.259
607000,0.735,0.000,0.265
607500,0.662,0.000,0.338
608000,0.776,0.000,0.224
608500,0.774,0.000,0.226
609000,0.778,0.000,0.222
609500,0.760,0.000,0.240
610000,0.791,0.000,0.209
610500,0.731,0.000,0.269
611000,0.752,0.000,0.248
611500,0.726,0.000,0.274
612000,0.691,0.000,0.309
612500,0.723,0.000,0.277
613000,0.723,0.000,0.277
613500,0.740,0.000,0.260
614000,0.726,0.000,0.274
614500,0.757,0.000,0.243
615000,0.724,0.000,0.276
615500,0.675,0.000,0.325
616000,0.633,0.000,0.367
616500,0.637,0.000,0.363
617000,0.606,0.000,0.394
617500,0.582,0.000,0.418
618000,0.624,0.000,0.376
618500,0.563,0.000,0.437
619000,0.631,0.000,0.369
619500,0.606,0.000,0.394
620000,0.630,0.000,0.370
620500,0.572,0.000,0.428
621000,0.611,0.000,0.389
621500,0.677,0.000,0.323
622000,0.650,0.000,0.350
622500,0.637,0.000,0.363
623000,0.654,0.000,0.346
623500,0.687,0.000,0.313
624000,0.739,0.000,0.261
624500,0.689,0.000,0.311
625000,0.718,0.000,0.282
625500,0.699,0.000,0.301
626000,0.710,0.000,0.290
626500,0.686,0.000,0.314
627000,0.688,0.000,0.312
627500,0.625,0.000,0.375
628000,0.707,0.000,0.293
628500,0.641,0.000,0.359
629000,0.606,0.000,0.394
629500,0.676,0.000,0.324
630000,0.668,0.000,0.332
630500,0.654,0.000,0.346
631000,0.645,0.000,0.355
631500,0.605,0.000,0.395
632000,0.695,0.000,0.305
632500,0.709,0.000,0.291
633000,0.730,0.000,0.270
633500,0.762,0.000,0.238
634000,0.758,0.000,0.242
634500,0.818,0.000,0.182
635000,0.810,0.000,0.190
635500,0.790,0.000,0.210
636000,0.778,0.000,0.222
636500,0.723,0.000,0.277
637000,0.704,0.000,0.296
637500,0.677,0.000,0.323
638000,0.624,0.000,0.376
638500,0.581,0.000,0.419
639000,0.640,0.000,0.360
639500,0.674,0.000,0.326
640000,0.651,0.000,0.349
640500,0.656,0.000,0.344
641000,0.638,0.000,0.362
641500,0.606,0.000,0.394
642000,0.616,0.000,0.384
642500,0.662,0.000,0.338
643000,0.664,0.000,0.336
643500,0.748,0.000,0.252
644000,0.812,0.000,0.188
644500,0.822,0.000,0.178
645000,0.817,0.000,0.183
645500,0.801,0.000,0.199
646000,0.841,0.000,0.159
646500,0.822,0.000,0.178
647000,0.830,0.000,0.170
647500,0.748,0.000,0.252
648000,0.711,0.000,0.289
648500,0.731,0.000,0.269
649000,0.703,0.000,0.297
649500,0.690,0.000,0.310
650000,0.680,0.000,0.320
650500,0.698,0.000,0.302
651000,0.658,0.000,0.342
651500,0.699,0.000,0.301
652000,0.734,0.000,0.266
652500,0.805,0.000,0.195
653000,0.833,0.000,0.167
653500,0.832,0.000,0.168
654000,0.896,0.000,0.104
654500,0.884,0.000,0.116
655000,0.848,0.000,0.152
655500,0.864,0.000,0.136
656000,0.825,0.000,0.175
656500,0.787,0.000,0.213
657000,0.746,0.000,0.254
657500,0.757,0.000,0.243
658000,0.742,0.000,0.258
658500,0.700,0.000,0.300
659000,0.718,0.000,0.282
659500,0.715,0.000,0.285
660000,0.738,0.000,0.262
660500,0.696,0.000,0.304
661000,0.702,0.000,0.298
661500,0.701,0.000,0.299
662000,0.691,0.000,0.309
662500,0.653,0.000,0.347
663000,0.690,0.000,0.310
663500,0.694,0.000,0.306
664000,0.698,0.000,0.302
664500,0.726,0.000,0.274
665000,0.712,0.000,0.288
665500,0.711,0.000,0.289
666000,0.751,0.000,0.249
666500,0.788,0.000,0.212
667000,0.807,0.000,0.193
667500,0.776,0.000,0.224
668000,0.833,0.000,0.167
668500,0.858,0.000,0.142
669000,0.819,0.000,0.181
669500,0.828,0.000,0.172
670000,0.780,0.000,0.220
670500,0.749,0.000,0.251
671000,0.715,0.000,0.285
671500,0.763,0.000,0.237
672000,0.808,0.000,0.192
672500,0.843,0.000,0.157
673000,0.783,0.000,0.217
673500,0.785,0.000,0.215
674000,0.784,0.000,0.216
674500,0.829,0.000,0.171
675000,0.779,0.000,0.221
675500,0.759,0.000,0.241
676000,0.791,0.000,0.209
676500,0.808,0.000,0.192
677000,0.797,0.000,0.203
677500,0.786,0.000,0.214
678000,0.769,0.000,0.231
678500,0.758,0.000,0.242
679000,0.748,0.000,0.252
679500,0.742,0.000,0.258
680000,0.757,0.000,0.243
680500,0.727,0.000,0.273
681000,0.629,0.000,0.371
681500,0.703,0.000,0.297
682000,0.605,0.000,0.395
682500,0.619,0.000,0.381
683000,0.628,0.003,0.369
683500,0.641,0.000,0.359
684000,0.605,0.000,0.395
684500,0.659,0.000,0.341
685000,0.638,0.000,0.362
685500,0.667,0.000,0.333
686000,0.628,0.000,0.372
686500,0.630,0.000,0.370
687000,0.673,0.000,0.327
687500,0.660,0.000,0.340
688000,0.761,0.000,0.239
688500,0.708,0.000,0.292
689000,0.690,0.000,0.310
689500,0.719,0.000,0.281
690000,0.697,0.000,0.303
690500,0.795,0.000,0.205
691000,0.757,0.000,0.243
691500,0.749,0.000,0.251
692000,0.690,0.000,0.310
692500,0.701,0.000,0.299
693000,0.676,0.000,0.324
693500,0.697,0.000,0.303
694000,0.725,0.000,0.275
694500,0.705,0.000,0.295
695000,0.735,0.000,0.265
695500,0.673,0.000,0.327
696000,0.698,0.000,0.302
696500,0.698,0.000,0.302
697000,0.656,0.000,0.344
697500,0.661,0.000,0.339
698000,0.688,0.000,0.312
698500,0.708,0.000,0.292
699000,0.725,0.000,0.275
699500,0.732,0.000,0.268
700000,0.645,0.000,0.355
700500,0.615,0.000,0.385
701000,0.668,0.000,0.332
701500,0.599,0.000,0.401
702000,0.613,0.000,0.387
702500,0.670,0.000,0.330
703000,0.744,0.000,0.256
703500,0.678,0.000,0.322
704000,0.642,0.000,0.358
704500,0.636,0.000,0.364
705000,0.628,0.000,0.372
705500,0.623,0.000,0.377
706000,0.670,0.000,0.330
706500,0.698,0.000,0.302
707000,0.678,0.000,0.322
707500,0.681,0.000,0.319
708000,0.683,0.000,0.317
708500,0.651,0.000,0.349
709000,0.660,0.000,0.340
709500,0.653,0.000,0.347
710000,0.665,0.000,0.335
710500,0.688,0.000,0.312
711000,0.695,0.000,0.305
711500,0.714,0.000,0.286
712000,0.686,0.000,0.314
712500,0.677,0.000,0.323
713000,0.725,0.000,0.275
713500,0.737,0.000,0.263
714000,0.733,0.000,0.267
714500,0.705,0.000,0.295
715000,0.733,0.000,0.267
715500,0.667,0.000,0.333
716000,0.722,0.000,0.278
716500,0.708,0.000,0.292
717000,0.660,0.000,0.340
717500,0.707,0.000,0.293
718000,0.708,0.000,0.292
718500,0.745,0.000,0.255
719000,0.719,0.000,0.281
719500,0.661,0.000,0.339
720000,0.647,0.000,0.353
720500,0.732,0.000,0.268
721000,0.763,0.000,0.237
721500,0.701,0.000,0.299
722000,0.672,0.000,0.328
722500,0.628,0.000,0.372
723000,0.630,0.000,0.370
723500,0.643,0.000,0.357
724000,0.657,0.000,0.343
724500,0.639,0.000,0.361
725000,0.646,0.000,0.354
725500,0.663,0.000,0.337
726000,0.713,0.000,0.287
726500,0.721,0.000,0.279
727000,0.658,0.000,0.342
727500,0.609,0.000,0.391
728000,0.622,0.000,0.378
728500,0.633,0.000,0.367
729000,0.703,0.000,0.297
729500,0.681,0.000,0.319
730000,0.673,0.000,0.327
730500,0.664,0.000,0.336
731000,0.646,0.000,0.354
731500,0.659,0.000,0.341
732000,0.655,0.000,0.345
732500,0.739,0.000,0.261
733000,0.742,0.000,0.258
733500,0.704,0.000,0.296
734000,0.760,0.000,0.240
734500,0.817,0.000,0.183
735000,0.777,0.000,0.223
735500,0.699,0.000,0.301
736000,0.737,0.000,0.263
736500,0.735,0.000,0.265
737000,0.753,0.000,0.247
737500,0.755,0.000,0.245
738000,0.717,0.000,0.283
738500,0.720,0.000,0.280
739000,0.771,0.000,0.229
739500,0.818,0.000,0.182
740000,0.779,0.000,0.221
740500,0.753,0.000,0.247
741000,0.684,0.000,0.316
741500,0.657,0.000,0.343
742000,0.680,0.000,0.320
742500,0.648,0.000,0.352
743000,0.656,0.000,0.344
743500,0.653,0.000,0.347
744000,0.669,0.000,0.331
744500,0.688,0.000,0.312
745000,0.715,0.000,0.285
745500,0.713,0.000,0.287
746000,0.679,0.000,0.321
746500,0.627,0.000,0.373
747000,0.624,0.000,0.376
747500,0.677,0.000,0.323
748000,0.658,0.000,0.342
748500,0.589,0.000,0.411
749000,0.597,0.000,0.403
749500,0.619,0.000,0.381
750000,0.624,0.000,0.376
750500,0.557,0.000,0.443
751000,0.614,0.000,0.386
751500,0.702,0.000,0.298
752000,0.684,0.000,0.316
752500,0.714,0.000,0.286
753000,0.736,0.000,0.264
753500,0.754,0.000,0.246
754000,0.787,0.000,0.213
754500,0.751,0.000,0.249
755000,0.782,0.000,0.218
755500,0.785,0.000,0.215
756000,0.757,0.000,0.243
756500,0.707,0.000,0.293
757000,0.661,0.000,0.339
757500,0.721,0.000,0.279
758000,0.689,0.000,0.311
758500,0.734,0.000,0.266
759000,0.713,0.000,0.287
759500,0.709,0.000,0.291
760000,0.773,0.000,0.227
760500,0.742,0.000,0.258
761000,0.672,0.000,0.328
761500,0.675,0.000,0.325
762000,0.752,0.000,0.248
762500,0.724,0.000,0.276
763000,0.675,0.000,0.325
763500,0.660,0.000,0.340
764000,0.652,0.000,0.348
764500,0.623,0.000,0.377
765000,0.640,0.000,0.360
765500,0.661,0.000,0.339
766000,0.706,0.000,0.294
766500,0.723,0.000,0.277
767000,0.697,0.000,0.303
767500,0.659,0.000,0.341
768000,0.645,0.000,0.355
768500,0.611,0.000,0.389
769000,0.678,0.000,0.322
769500,0.667,0.000,0.333
770000,0.640,0.000,0.360
770500,0.594,0.000,0.406
771000,0.681,0.000,0.319
771500,0.641,0.005,0.354
772000,0.652,0.001,0.347
772500,0.606,0.000,0.394
773000,0.640,0.000,0.360
773500,0.601,0.000,0.399
774000,0.695,0.000,0.305
774500,0.704,0.000,0.296
775000,0.748,0.000,0.252
775500,0.698,0.000,0.302
776000,0.718,0.000,0.282
776500,0.700,0.000,0.300
777000,0.661,0.000,0.339
777500,0.667,0.000,0.333
778000,0.683,0.000,0.317
778500,0.727,0.000,0.273
779000,0.680,0.000,0.320
779500,0.680,0.000,0.320
780000,0.705,0.000,0.295
780500,0.692,0.000,0.308
781000,0.722,0.000,0.278
781500,0.741,0.000,0.259
782000,0.724,0.000,0.276
782500,0.644,0.000,0.356
783000,0.672,0.000,0.328
783500,0.687,0.000,0.313
784000,0.684,0.000,0.316
784500,0.700,0.000,0.300
785000,0.730,0.000,0.270
785500,0.715,0.000,0.285
786000,0.683,0.000,0.317
786500,0.676,0.000,0.324
787000,0.652,0.000,0.348
787500,0.709,0.000,0.291
788000,0.679,0.000,0.321
788500,0.634,0.000,0.366
789000,0.682,0.000,0.318
789500,0.662,0.000,0.338
790000,0.689,0.000,0.311
790500,0.730,0.000,0.270
791000,0.693,0.000,0.307
791500,0.667,0.000,0.333
792000,0.704,0.000,0.296
792500,0.714,0.000,0.286
793000,0.628,0.000,0.372
793500,0.618,0.000,0.382
794000,0.625,0.000,0.375
794500,0.607,0.000,0.393
795000,0.643,0.000,0.357
795500,0.657,0.000,0.343
796000,0.682,0.000,0.318
796500,0.701,0.000,0.299
797000,0.709,0.000,0.291
797500,0.730,0.000,0.270
798000,0.732,0.000,0.268
798500,0.738,0.000,0.262
799000,0.733,0.000,0.267
799500,0.716,0.000,0.284
800000,0.716,0.000,0.284
800500,0.661,0.000,0.339
801000,0.706,0.000,0.294
801500,0.726,0.000,0.274
802000,0.736,0.000,0.264
802500,0.762,0.000,0.238
803000,0.730,0.000,0.270
803500,0.743,0.000,0.257
804000,0.739,0.000,0.261
804500,0.776,0.000,0.224
805000,0.771,0.000,0.229
805500,0.700,0.000,0.300
806000,0.670,0.000,0.330
806500,0.644,0.000,0.356
807000,0.672,0.000,0.328
807500,0.725,0.000,0.275
808000,0.680,0.000,0.320
808500,0.602,0.000,0.398
809000,0.612,0.000,0.388
809500,0.631,0.000,0.369
810000,0.670,0.000,0.330
810500,0.712,0.000,0.288
811000,0.720,0.000,0.280
811500,0.741,0.000,0.259
812000,0.773,0.000,0.227
812500,0.781,0.000,0.219
813000,0.716,0.000,0.284
813500,0.705,0.000,0.295
814000,0.719,0.000,0.281
814500,0.714,0.000,0.286
815000,0.706,0.000,0.294
815500,0.725,0.000,0.275
816000,0.699,0.000,0.301
816500,0.667,0.000,0.333
817000,0.603,0.000,0.397
817500,0.614,0.000,0.386
818000,0.593,0.000,0.407
818500,0.642,0.000,0.358
819000,0.674,0.000,0.326
819500,0.711,0.000,0.289
820000,0.640,0.000,0.360
820500,0.669,0.000,0.331
821000,0.717,0.000,0.283
821500,0.687,0.000,0.313
822000,0.735,0.000,0.265
822500,0.750,0.000,0.250
823000,0.759,0.000,0.241
823500,0.745,0.000,0.255
824000,0.752,0.000,0.248
824500,0.679,0.000,0.321
825000,0.683,0.000,0.317
825500,0.694,0.000,0.306
826000,0.643,0.000,0.357
826500,0.619,0.000,0.381
827000,0.642,0.000,0.358
827500,0.707,0.000,0.293
828000,0.669,0.000,0.331
828500,0.693,0.000,0.307
829000,0.707,0.000,0.293
829500,0.663,0.000,0.337
830000,0.664,0.000,0.336
830500,0.656,0.000,0.344
831000,0.714,0.000,0.286
831500,0.715,0.000,0.285
832000,0.758,0.000,0.242
832500,0.718,0.000,0.282
833000,0.695,0.000,0.305
833500,0.729,0.000,0.271
834000,0.697,0.000,0.303
834500,0.739,0.000,0.261
835000,0.758,0.000,0.242
835500,0.740,0.000,0.260
836000,0.738,0.000,0.262
836500,0.659,0.000,0.341
837000,0.622,0.000,0.378
837500,0.642,0.000,0.358
838000,0.660,0.000,0.340
838500,0.627,0.000,0.373
839000,0.679,0.000,0.321
839500,0.668,0.000,0.332
840000,0.589,0.000,0.411
840500,0.587,0.000,0.413
841000,0.596,0.000,0.404
841500,0.580,0.000,0.420
842000,0.667,0.000,0.333
842500,0.710,0.000,0.290
843000,0.700,0.000,0.300
843500,0.698,0.000,0.302
844000,0.677,0.000,0.323
844500,0.685,0.000,0.315
845000,0.670,0.000,0.330
845500,0.667,0.000,0.333
846000,0.636,0.000,0.364
846500,0.707,0.000,0.293
847000,0.700,0.000,0.300
847500,0.697,0.000,0.303
848000,0.754,0.000,0.246
848500,0.799,0.000,0.201
849000,0.765,0.000,0.235
849500,0.756,0.000,0.244
850000,0.744,0.000,0.256
850500,0.671,0.000,0.329
851000,0.639,0.000,0.361
851500,0.739,0.000,0.261
852000,0.728,0.000,0.272
852500,0.705,0.000,0.295
853000,0.670,0.000,0.330
853500,0.667,0.000,0.333
854000,0.641,0.000,0.359
854500,0.694,0.000,0.306
855000,0.704,0.000,0.296
855500,0.673,0.000,0.327
856000,0.690,0.000,0.310
856500,0.686,0.000,0.314
857000,0.644,0.000,0.356
857500,0.710,0.000,0.290
858000,0.741,0.000,0.259
858500,0.759,0.000,0.241
859000,0.721,0.000,0.279
859500,0.748,0.000,0.252
860000,0.762,0.000,0.238
860500,0.715,0.000,0.285
861000,0.732,0.000,0.268
861500,0.750,0.000,0.250
862000,0.761,0.000,0.239
862500,0.748,0.000,0.252
863000,0.718,0.000,0.282
863500,0.727,0.000,0.273
864000,0.693,0.000,0.307
864500,0.692,0.000,0.308
865000,0.614,0.000,0.386
865500,0.657,0.000,0.343
866000,0.673,0.000,0.327
866500,0.716,0.000,0.284
867000,0.660,0.000,0.340
867500,0.677,0.000,0.323
868000,0.632,0.000,0.368
868500,0.591,0.000,0.409
869000,0.581,0.000,0.419
869500,0.576,0.000,0.424
870000,0.599,0.000,0.401
870500,0.612,0.000,0.388
871000,0.639,0.000,0.361
871500,0.656,0.000,0.344
872000,0.571,0.000,0.429
872500,0.581,0.000,0.419
873000,0.592,0.000,0.408
873500,0.619,0.000,0.381
874000,0.655,0.000,0.345
874500,0.611,0.000,0.389
875000,0.615,0.000,0.385
875500,0.616,0.000,0.384
876000,0.668,0.000,0.332
876500,0.683,0.000,0.317
877000,0.635,0.000,0.365
877500,0.682,0.000,0.318
878000,0.733,0.000,0.267
878500,0.648,0.000,0.352
879000,0.577,0.000,0.423
879500,0.622,0.000,0.378
880000,0.653,0.000,0.347
880500,0.740,0.000,0.260
881000,0.746,0.000,0.254
881500,0.738,0.000,0.262
882000,0.676,0.000,0.324
882500,0.672,0.000,0.328
883000,0.699,0.000,0.301
883500,0.722,0.000,0.278
884000,0.727,0.000,0.273
884500,0.660,0.000,0.340
885000,0.692,0.000,0.308
885500,0.688,0.000,0.312
886000,0.690,0.000,0.310
886500,0.710,0.000,0.290
887000,0.704,0.000,0.296
887500,0.697,0.000,0.303
888000,0.700,0.000,0.300
888500,0.701,0.000,0.299
889000,0.728,0.000,0.272
889500,0.701,0.000,0.299
890000,0.750,0.000,0.250
890500,0.729,0.000,0.271
891000,0.711,0.000,0.289
891500,0.734,0.000,0.266
892000,0.724,0.000,0.276
892500,0.678,0.000,0.322
893000,0.708,0.000,0.292
893500,0.697,0.000,0.303
894000,0.724,0.000,0.276
894500,0.705,0.000,0.295
895000,0.715,0.000,0.285
895500,0.711,0.000,0.289
896000,0.685,0.000,0.315
896500,0.742,0.000,0.258
897000,0.806,0.000,0.194
897500,0.779,0.000,0.221
898000,0.804,0.000,0.196
898500,0.787,0.000,0.213
899000,0.737,0.000,0.263
899500,0.727,0.000,0.273
900000,0.713,0.000,0.287
900500,0.721,0.000,0.279
901000,0.736,0.000,0.264
901500,0.783,0.000,0.217
902000,0.739,0.000,0.261
902500,0.732,0.000,0.268
903000,0.710,0.000,0.290
903500,0.702,0.000,0.298
904000,0.673,0.000,0.327
904500,0.732,0.000,0.268
905000,0.718,0.000,0.282
905500,0.738,0.000,0.262
906000,0.728,0.000,0.272
906500,0.724,0.000,0.276
907000,0.720,0.000,0.280
907500,0.766,0.000,0.234
908000,0.748,0.000,0.252
908500,0.759,0.000,0.241
909000,0.741,0.000,0.259
909500,0.652,0.000,0.348
910000,0.628,0.000,0.372
910500,0.642,0.000,0.358
911000,0.656,0.000,0.344
911500,0.649,0.000,0.351
912000,0.701,0.000,0.299
912500,0.705,0.000,0.295
913000,0.738,0.000,0.262
913500,0.667,0.000,0.333
914000,0.630,0.000,0.370
914500,0.621,0.000,0.379
915000,0.666,0.000,0.334
915500,0.711,0.000,0.289
916000,0.671,0.000,0.329
916500,0.687,0.000,0.313
917000,0.692,0.000,0.308
917500,0.664,0.000,0.336
918000,0.644,0.000,0.356
918500,0.685,0.000,0.315
919000,0.709,0.000,0.291
919500,0.713,0.000,0.287
920000,0.685,0.000,0.315
920500,0.645,0.000,0.355
921000,0.616,0.000,0.384
921500,0.570,0.000,0.430
922000,0.666,0.000,0.334
922500,0.663,0.000,0.337
923000,0.658,0.000,0.342
923500,0.720,0.000,0.280
924000,0.657,0.000,0.343
924500,0.684,0.000,0.316
925000,0.654,0.000,0.346
925500,0.634,0.000,0.366
926000,0.564,0.000,0.436
926500,0.637,0.000,0.363
927000,0.681,0.000,0.319
927500,0.715,0.000,0.285
928000,0.618,0.000,0.382
928500,0.618,0.000,0.382
929000,0.615,0.000,0.385
929500,0.612,0.000,0.388
930000,0.666,0.000,0.334
930500,0.692,0.000,0.308
931000,0.726,0.000,0.274
931500,0.707,0.000,0.293
932000,0.730,0.000,0.270
932500,0.740,0.000,0.260
933000,0.731,0.000,0.269
933500,0.735,0.000,0.265
934000,0.725,0.000,0.275
934500,0.754,0.000,0.246
935000,0.703,0.000,0.297
935500,0.721,0.000,0.279
936000,0.698,0.000,0.302
936500,0.712,0.000,0.288
937000,0.642,0.000,0.358
937500,0.669,0.000,0.331
938000,0.630,0.000,0.370
938500,0.633,0.000,0.367
939000,0.597,0.000,0.403
939500,0.675,0.000,0.325
940000,0.701,0.000,0.299
940500,0.691,0.000,0.309
941000,0.700,0.000,0.300
941500,0.703,0.000,0.297
942000,0.720,0.000,0.280
942500,0.734,0.000,0.266
943000,0.731,0.000,0.269
943500,0.775,0.000,0.225
944000,0.769,0.000,0.231
944500,0.745,0.000,0.255
945000,0.792,0.000,0.208
945500,0.827,0.000,0.173
946000,0.808,0.000,0.192
946500,0.743,0.000,0.257
947000,0.774,0.000,0.226
947500,0.771,0.000,0.229
948000,0.746,0.000,0.254
948500,0.708,0.000,0.292
949000,0.711,0.000,0.289
949500,0.807,0.000,0.193
950000,0.739,0.000,0.261
950500,0.694,0.000,0.306
951000,0.654,0.000,0.346
951500,0.760,0.000,0.240
952000,0.713,0.000,0.287
952500,0.677,0.000,0.323
953000,0.686,0.000,0.314
953500,0.718,0.000,0.282
954000,0.714,0.000,0.286
954500,0.667,0.000,0.333
955000,0.619,0.000,0.381
955500,0.632,0.000,0.368
956000,0.633,0.000,0.367
956500,0.671,0.000,0.329
957000,0.709,0.000,0.291
957500,0.666,0.000,0.334
958000,0.571,0.000,0.429
958500,0.639,0.000,0.361
959000,0.655,0.000,0.345
959500,0.636,0.000,0.364
960000,0.659,0.000,0.341
960500,0.703,0.000,0.297
961000,0.754,0.000,0.246
961500,0.752,0.000,0.248
962000,0.703,0.000,0.297
962500,0.705,0.000,0.295
963000,0.715,0.000,0.285
963500,0.676,0.000,0.324
964000,0.720,0.000,0.280
964500,0.727,0.000,0.273
965000,0.693,0.000,0.307
965500,0.706,0.000,0.294
966000,0.750,0.000,0.250
966500,0.729,0.000,0.271
967000,0.758,0.000,0.242
967500,0.696,0.000,0.304
968000,0.637,0.000,0.363
968500,0.664,0.000,0.336
969000,0.668,0.000,0.332
969500,0.727,0.000,0.273
970000,0.739,0.000,0.261
970500,0.699,0.000,0.301
971000,0.664,0.000,0.336
971500,0.701,0.000,0.299
972000,0.756,0.000,0.244
972500,0.766,0.000,0.234
973000,0.735,0.000,0.265
973500,0.782,0.000,0.218
974000,0.775,0.000,0.225
974500,0.769,0.000,0.231
975000,0.730,0.000,0.270
975500,0.699,0.000,0.301
976000,0.738,0.000,0.262
976500,0.781,0.000,0.219
977000,0.821,0.000,0.179
977500,0.804,0.000,0.196
978000,0.753,0.000,0.247
978500,0.750,0.000,0.250
979000,0.652,0.000,0.348
979500,0.647,0.000,0.353
980000,0.593,0.000,0.407
980500,0.574,0.000,0.426
981000,0.661,0.000,0.339
981500,0.692,0.000,0.308
982000,0.720,0.000,0.280
982500,0.706,0.000,0.294
983000,0.717,0.000,0.283
983500,0.675,0.000,0.325
984000,0.683,0.000,0.317
984500,0.715,0.000,0.285
985000,0.714,0.000,0.286
985500,0.739,0.000,0.261
986000,0.717,0.000,0.283
986500,0.702,0.000,0.298
987000,0.689,0.000,0.311
987500,0.698,0.000,0.302
988000,0.659,0.000,0.341
988500,0.693,0.000,0.307
989000,0.657,0.000,0.343
989500,0.658,0.000,0.342
990000,0.685,0.000,0.315
990500,0.734,0.000,0.266
991000,0.705,0.000,0.295
991500,0.718,0.000,0.282
992000,0.734,0.000,0.266
992500,0.712,0.000,0.288
993000,0.638,0.000,0.362
993500,0.590,0.000,0.410
994000,0.574,0.000,0.426
994500,0.571,0.000,0.429
995000,0.538,0.000,0.462
995500,0.552,0.000,0.448
996000,0.551,0.000,0.449
996500,0.581,0.000,0.419
997000,0.627,0.000,0.373
997500,0.627,0.000,0.373
998000,0.642,0.000,0.358
998500,0.625,0.000,0.375
999000,0.674,0.000,0.326
999500,0.640,0.000,0.360
1000000,0.639,0.000,0.361
