time,n_A+p,n_B,n_AB
500,0.010,0.986,0.004
1000,0.010,0.979,0.011
1500,0.010,0.970,0.020
2000,0.010,0.965,0.025
2500,0.010,0.957,0.033
3000,0.010,0.954,0.036
3500,0.010,0.943,0.047
4000,0.010,0.944,0.046
4500,0.010,0.935,0.055
5000,0.010,0.926,0.064
5500,0.010,0.917,0.073
6000,0.010,0.916,0.074
6500,0.010,0.911,0.079
7000,0.010,0.896,0.094
7500,0.010,0.901,0.089
8000,0.010,0.893,0.097
8500,0.010,0.879,0.111
9000,0.010,0.882,0.108
9500,0.010,0.884,0.106
10000,0.010,0.883,0.107
10500,0.010,0.874,0.116
11000,0.012,0.863,0.125
11500,0.011,0.870,0.119
12000,0.011,0.870,0.119
12500,0.010,0.866,0.124
13000,0.011,0.842,0.148
13500,0.011,0.855,0.135
14000,0.011,0.855,0.134
14500,0.012,0.863,0.125
15000,0.012,0.863,0.125
15500,0.011,0.854,0.135
16000,0.011,0.833,0.156
16500,0.011,0.819,0.170
17000,0.011,0.834,0.156
17500,0.011,0.822,0.168
18000,0.010,0.821,0.169
18500,0.011,0.831,0.158
19000,0.011,0.817,0.173
19500,0.011,0.811,0.178
20000,0.011,0.833,0.157
20500,0.011,0.842,0.148
21000,0.010,0.833,0.157
21500,0.010,0.826,0.164
22000,0.010,0.836,0.154
22500,0.010,0.836,0.154
23000,0.010,0.830,0.160
23500,0.010,0.834,0.156
24000,0.010,0.833,0.157
24500,0.010,0.813,0.177
25000,0.011,0.790,0.199
25500,0.010,0.811,0.178
26000,0.010,0.812,0.177
26500,0.011,0.807,0.182
27000,0.010,0.820,0.170
27500,0.010,0.812,0.178
28000,0.010,0.813,0.177
28500,0.010,0.824,0.166
29000,0.010,0.822,0.168
29500,0.010,0.819,0.171
30000,0.010,0.798,0.192
30500,0.010,0.798,0.192
31000,0.010,0.779,0.211
31500,0.013,0.766,0.221
32000,0.011,0.788,0.201
32500,0.011,0.754,0.235
33000,0.012,0.745,0.243
33500,0.011,0.737,0.252
34000,0.011,0.745,0.244
34500,0.013,0.747,0.240
35000,0.015,0.734,0.251
35500,0.014,0.710,0.276
36000,0.013,0.699,0.289
36500,0.012,0.700,0.288
37000,0.012,0.678,0.310
37500,0.011,0.686,0.303
38000,0.012,0.699,0.289
38500,0.012,0.702,0.286
39000,0.013,0.712,0.275
39500,0.012,0.719,0.269
40000,0.014,0.710,0.276
40500,0.013,0.736,0.252
41000,0.012,0.738,0.250
41500,0.013,0.726,0.262
42000,0.012,0.719,0.269
42500,0.011,0.741,0.248
43000,0.011,0.758,0.231
43500,0.011,0.774,0.215
44000,0.011,0.775,0.215
44500,0.011,0.775,0.214
45000,0.012,0.760,0.228
45500,0.011,0.775,0.215
46000,0.011,0.761,0.228
46500,0.011,0.765,0.225
47000,0.010,0.781,0.209
47500,0.011,0.761,0.228
48000,0.010,0.762,0.228
48500,0.010,0.761,0.229
49000,0.010,0.783,0.207
49500,0.010,0.784,0.206
50000,0.010,0.810,0.180
50500,0.010,0.805,0.184
51000,0.010,0.804,0.186
51500,0.011,0.817,0.172
52000,0.012,0.808,0.180
52500,0.011,0.799,0.190
53000,0.011,0.800,0.189
53500,0.010,0.776,0.214
54000,0.010,0.780,0.210
54500,0.010,0.791,0.199
55000,0.010,0.780,0.210
55500,0.010,0.766,0.224
56000,0.010,0.783,0.207
56500,0.010,0.799,0.191
57000,0.010,0.790,0.200
57500,0.010,0.766,0.224
58000,0.011,0.762,0.227
58500,0.012,0.747,0.241
59000,0.011,0.750,0.239
59500,0.012,0.741,0.247
60000,0.011,0.742,0.247
60500,0.010,0.761,0.229
61000,0.010,0.750,0.240
61500,0.010,0.743,0.247
62000,0.010,0.725,0.265
62500,0.013,0.713,0.275
63000,0.012,0.720,0.268
63500,0.012,0.724,0.264
64000,0.012,0.740,0.248
64500,0.013,0.748,0.240
65000,0.013,0.750,0.238
65500,0.013,0.755,0.232
66000,0.011,0.765,0.224
66500,0.011,0.745,0.245
67000,0.015,0.758,0.227
67500,0.014,0.757,0.229
68000,0.011,0.756,0.232
68500,0.014,0.754,0.232
69000,0.014,0.724,0.262
69500,0.011,0.723,0.266
70000,0.011,0.724,0.265
70500,0.011,0.734,0.256
71000,0.010,0.751,0.239
71500,0.010,0.746,0.244
72000,0.011,0.762,0.228
72500,0.010,0.767,0.223
73000,0.010,0.766,0.224
73500,0.010,0.758,0.232
74000,0.010,0.776,0.214
74500,0.010,0.770,0.220
75000,0.010,0.783,0.207
75500,0.010,0.778,0.212
76000,0.010,0.787,0.203
76500,0.012,0.799,0.189
77000,0.011,0.790,0.198
77500,0.011,0.796,0.193
78000,0.010,0.786,0.204
78500,0.010,0.787,0.203
79000,0.012,0.787,0.201
79500,0.013,0.777,0.210
80000,0.011,0.785,0.204
80500,0.011,0.778,0.211
81000,0.012,0.771,0.217
81500,0.013,0.774,0.213
82000,0.011,0.794,0.196
82500,0.011,0.771,0.218
83000,0.013,0.763,0.225
83500,0.011,0.735,0.254
84000,0.012,0.710,0.278
84500,0.011,0.726,0.263
85000,0.013,0.736,0.251
85500,0.011,0.736,0.253
86000,0.011,0.729,0.261
86500,0.011,0.758,0.231
87000,0.011,0.773,0.216
87500,0.011,0.793,0.197
88000,0.010,0.780,0.210
88500,0.010,0.790,0.200
89000,0.010,0.786,0.204
89500,0.010,0.786,0.204
90000,0.011,0.784,0.204
90500,0.011,0.762,0.227
91000,0.011,0.777,0.212
91500,0.011,0.755,0.234
92000,0.011,0.766,0.224
92500,0.010,0.757,0.233
93000,0.010,0.792,0.198
93500,0.010,0.789,0.201
94000,0.010,0.805,0.184
94500,0.010,0.796,0.194
95000,0.010,0.795,0.195
95500,0.010,0.797,0.193
96000,0.010,0.799,0.191
96500,0.010,0.802,0.188
97000,0.010,0.809,0.181
97500,0.010,0.817,0.173
98000,0.010,0.807,0.182
98500,0.012,0.812,0.175
99000,0.011,0.831,0.158
99500,0.011,0.823,0.166
100000,0.011,0.832,0.158
100500,0.013,0.840,0.148
101000,0.011,0.834,0.156
101500,0.011,0.820,0.170
102000,0.011,0.826,0.164
102500,0.011,0.816,0.174
103000,0.011,0.832,0.158
103500,0.010,0.818,0.172
104000,0.010,0.813,0.177
104500,0.010,0.806,0.183
105000,0.010,0.801,0.189
105500,0.010,0.793,0.197
106000,0.010,0.812,0.178
106500,0.011,0.799,0.190
107000,0.011,0.806,0.183
107500,0.010,0.815,0.175
108000,0.010,0.833,0.157
108500,0.010,0.847,0.143
109000,0.010,0.822,0.168
109500,0.010,0.824,0.166
110000,0.010,0.816,0.174
110500,0.010,0.820,0.170
111000,0.010,0.822,0.168
111500,0.010,0.829,0.161
112000,0.010,0.832,0.158
112500,0.010,0.848,0.142
113000,0.010,0.856,0.134
113500,0.010,0.847,0.143
114000,0.011,0.844,0.145
114500,0.011,0.828,0.161
115000,0.011,0.829,0.161
115500,0.011,0.824,0.166
116000,0.010,0.824,0.166
116500,0.010,0.833,0.157
117000,0.010,0.844,0.146
117500,0.011,0.834,0.156
118000,0.011,0.818,0.172
118500,0.011,0.832,0.158
119000,0.011,0.832,0.157
119500,0.011,0.837,0.152
120000,0.011,0.831,0.158
120500,0.011,0.844,0.146
121000,0.010,0.833,0.157
121500,0.011,0.817,0.172
122000,0.011,0.814,0.176
122500,0.010,0.804,0.186
123000,0.010,0.802,0.188
123500,0.010,0.824,0.166
124000,0.010,0.819,0.171
124500,0.010,0.807,0.182
125000,0.010,0.813,0.177
125500,0.012,0.807,0.180
126000,0.013,0.806,0.181
126500,0.011,0.803,0.185
127000,0.012,0.801,0.187
127500,0.011,0.798,0.191
128000,0.011,0.805,0.184
128500,0.011,0.793,0.196
129000,0.011,0.793,0.196
129500,0.011,0.803,0.186
130000,0.010,0.803,0.187
130500,0.010,0.796,0.194
131000,0.010,0.795,0.195
131500,0.010,0.795,0.195
132000,0.010,0.782,0.208
132500,0.010,0.788,0.202
133000,0.010,0.790,0.200
133500,0.010,0.796,0.194
134000,0.010,0.813,0.177
134500,0.010,0.814,0.176
135000,0.010,0.795,0.195
135500,0.010,0.787,0.203
136000,0.010,0.816,0.174
136500,0.011,0.815,0.174
137000,0.010,0.813,0.177
137500,0.010,0.817,0.173
138000,0.010,0.810,0.179
138500,0.010,0.810,0.179
139000,0.010,0.814,0.176
139500,0.010,0.808,0.181
140000,0.010,0.803,0.186
140500,0.010,0.794,0.196
141000,0.010,0.773,0.217
141500,0.010,0.797,0.193
142000,0.010,0.803,0.187
142500,0.010,0.798,0.192
143000,0.012,0.788,0.200
143500,0.011,0.777,0.212
144000,0.011,0.788,0.202
144500,0.011,0.795,0.193
145000,0.010,0.805,0.184
145500,0.010,0.818,0.172
146000,0.010,0.831,0.159
146500,0.010,0.836,0.154
147000,0.010,0.820,0.170
147500,0.010,0.829,0.161
148000,0.010,0.819,0.171
148500,0.010,0.813,0.177
149000,0.010,0.820,0.170
149500,0.010,0.833,0.157
150000,0.010,0.847,0.143
150500,0.010,0.851,0.139
151000,0.010,0.830,0.160
151500,0.010,0.815,0.175
152000,0.010,0.799,0.191
152500,0.010,0.797,0.193
153000,0.010,0.800,0.190
153500,0.010,0.819,0.171
154000,0.010,0.834,0.156
154500,0.010,0.828,0.162
155000,0.010,0.816,0.174
155500,0.010,0.796,0.194
156000,0.010,0.802,0.188
156500,0.010,0.794,0.196
157000,0.011,0.797,0.192
157500,0.011,0.804,0.184
158000,0.011,0.780,0.209
158500,0.011,0.781,0.208
159000,0.010,0.769,0.221
159500,0.010,0.773,0.217
160000,0.010,0.767,0.223
160500,0.010,0.757,0.233
161000,0.010,0.784,0.206
161500,0.010,0.800,0.190
162000,0.010,0.810,0.179
162500,0.010,0.819,0.171
163000,0.010,0.822,0.168
163500,0.010,0.812,0.178
164000,0.010,0.824,0.166
164500,0.010,0.824,0.166
165000,0.010,0.827,0.163
165500,0.010,0.832,0.158
166000,0.010,0.832,0.158
166500,0.010,0.851,0.139
167000,0.010,0.852,0.138
167500,0.010,0.852,0.138
168000,0.010,0.856,0.134
168500,0.010,0.844,0.146
169000,0.010,0.839,0.151
169500,0.013,0.826,0.161
170000,0.011,0.821,0.168
170500,0.012,0.808,0.180
171000,0.011,0.816,0.173
171500,0.010,0.800,0.190
172000,0.011,0.791,0.198
172500,0.012,0.779,0.209
173000,0.010,0.778,0.212
173500,0.010,0.777,0.213
174000,0.010,0.783,0.207
174500,0.010,0.800,0.190
175000,0.010,0.782,0.208
175500,0.010,0.798,0.192
176000,0.010,0.789,0.201
176500,0.010,0.784,0.206
177000,0.011,0.766,0.223
177500,0.010,0.737,0.253
178000,0.010,0.742,0.248
178500,0.014,0.734,0.252
179000,0.011,0.719,0.270
179500,0.011,0.740,0.249
180000,0.011,0.747,0.243
180500,0.011,0.750,0.239
181000,0.011,0.744,0.245
181500,0.011,0.772,0.217
182000,0.011,0.756,0.233
182500,0.010,0.758,0.232
183000,0.010,0.768,0.222
183500,0.010,0.795,0.195
184000,0.010,0.799,0.191
184500,0.010,0.802,0.188
185000,0.010,0.810,0.179
185500,0.010,0.812,0.178
186000,0.010,0.833,0.157
186500,0.010,0.834,0.156
187000,0.010,0.812,0.178
187500,0.010,0.805,0.184
188000,0.010,0.806,0.183
188500,0.010,0.817,0.173
189000,0.010,0.825,0.165
189500,0.010,0.814,0.176
190000,0.010,0.819,0.171
190500,0.010,0.815,0.175
191000,0.010,0.810,0.179
191500,0.010,0.793,0.197
192000,0.010,0.789,0.201
192500,0.011,0.774,0.214
193000,0.010,0.784,0.206
193500,0.010,0.793,0.197
194000,0.010,0.804,0.185
194500,0.010,0.809,0.181
195000,0.010,0.824,0.166
195500,0.010,0.827,0.163
196000,0.010,0.832,0.158
196500,0.010,0.832,0.158
197000,0.010,0.822,0.168
197500,0.010,0.816,0.174
198000,0.010,0.831,0.159
198500,0.010,0.830,0.160
199000,0.011,0.833,0.156
199500,0.011,0.830,0.159
200000,0.011,0.823,0.167
200500,0.011,0.828,0.162
201000,0.011,0.817,0.173
201500,0.011,0.820,0.170
202000,0.011,0.816,0.174
202500,0.010,0.824,0.166
203000,0.010,0.816,0.174
203500,0.011,0.822,0.167
204000,0.011,0.807,0.182
204500,0.013,0.801,0.186
205000,0.012,0.807,0.181
205500,0.012,0.805,0.182
206000,0.011,0.802,0.187
206500,0.010,0.795,0.195
207000,0.010,0.801,0.189
207500,0.010,0.799,0.191
208000,0.010,0.810,0.179
208500,0.010,0.807,0.183
209000,0.010,0.816,0.174
209500,0.010,0.796,0.194
210000,0.010,0.780,0.210
210500,0.012,0.781,0.207
211000,0.011,0.757,0.231
211500,0.011,0.743,0.246
212000,0.011,0.750,0.239
212500,0.012,0.767,0.221
213000,0.011,0.786,0.203
213500,0.010,0.790,0.200
214000,0.010,0.794,0.196
214500,0.010,0.782,0.208
215000,0.010,0.801,0.189
215500,0.010,0.799,0.191
216000,0.010,0.785,0.205
216500,0.010,0.768,0.222
217000,0.010,0.786,0.204
217500,0.010,0.799,0.191
218000,0.011,0.791,0.198
218500,0.011,0.795,0.195
219000,0.010,0.781,0.209
219500,0.010,0.783,0.207
220000,0.010,0.790,0.200
220500,0.010,0.787,0.203
221000,0.010,0.790,0.200
221500,0.010,0.791,0.199
222000,0.010,0.806,0.184
222500,0.010,0.805,0.185
223000,0.010,0.789,0.201
223500,0.011,0.787,0.202
224000,0.011,0.782,0.207
224500,0.011,0.768,0.221
225000,0.013,0.784,0.204
225500,0.011,0.797,0.192
226000,0.011,0.799,0.190
226500,0.010,0.791,0.199
227000,0.010,0.810,0.179
227500,0.010,0.823,0.167
228000,0.010,0.832,0.158
228500,0.010,0.817,0.173
229000,0.010,0.792,0.198
229500,0.011,0.797,0.192
230000,0.010,0.803,0.187
230500,0.011,0.786,0.203
231000,0.012,0.797,0.191
231500,0.011,0.789,0.199
232000,0.011,0.791,0.198
232500,0.011,0.787,0.202
233000,0.011,0.794,0.195
233500,0.011,0.811,0.178
234000,0.012,0.805,0.182
234500,0.011,0.800,0.189
235000,0.011,0.788,0.201
235500,0.013,0.781,0.206
236000,0.011,0.790,0.199
236500,0.011,0.797,0.193
237000,0.011,0.798,0.192
237500,0.010,0.789,0.201
238000,0.010,0.765,0.225
238500,0.011,0.764,0.224
239000,0.011,0.773,0.215
239500,0.013,0.783,0.204
240000,0.012,0.792,0.196
240500,0.012,0.806,0.182
241000,0.011,0.820,0.169
241500,0.011,0.811,0.178
242000,0.012,0.814,0.174
242500,0.011,0.798,0.191
243000,0.011,0.803,0.186
243500,0.010,0.808,0.181
244000,0.010,0.832,0.158
244500,0.011,0.832,0.157
245000,0.011,0.825,0.165
245500,0.011,0.835,0.155
246000,0.011,0.830,0.160
246500,0.010,0.847,0.143
247000,0.010,0.843,0.147
247500,0.010,0.823,0.167
248000,0.010,0.823,0.167
248500,0.010,0.810,0.180
249000,0.010,0.798,0.192
249500,0.010,0.792,0.198
250000,0.010,0.804,0.186
250500,0.010,0.809,0.181
251000,0.010,0.794,0.196
251500,0.010,0.817,0.173
252000,0.010,0.834,0.156
252500,0.010,0.839,0.151
253000,0.010,0.820,0.170
253500,0.010,0.807,0.183
254000,0.010,0.802,0.188
254500,0.010,0.784,0.206
255000,0.012,0.774,0.214
255500,0.013,0.768,0.219
256000,0.011,0.782,0.206
256500,0.011,0.783,0.206
257000,0.011,0.802,0.187
257500,0.010,0.795,0.195
258000,0.010,0.805,0.185
258500,0.010,0.798,0.192
259000,0.010,0.810,0.180
259500,0.010,0.796,0.194
260000,0.012,0.783,0.205
260500,0.012,0.778,0.210
261000,0.013,0.756,0.231
261500,0.011,0.751,0.238
262000,0.011,0.730,0.259
262500,0.011,0.767,0.223
263000,0.013,0.779,0.208
263500,0.012,0.787,0.201
264000,0.011,0.798,0.191
264500,0.010,0.793,0.197
265000,0.010,0.811,0.179
265500,0.010,0.812,0.177
266000,0.010,0.814,0.176
266500,0.010,0.806,0.184
267000,0.010,0.796,0.194
267500,0.010,0.784,0.206
268000,0.010,0.777,0.213
268500,0.011,0.783,0.206
269000,0.012,0.782,0.206
269500,0.011,0.781,0.208
270000,0.011,0.783,0.206
270500,0.010,0.785,0.205
271000,0.010,0.792,0.198
271500,0.010,0.782,0.208
272000,0.010,0.789,0.201
272500,0.010,0.788,0.202
273000,0.010,0.806,0.184
273500,0.010,0.801,0.189
274000,0.011,0.775,0.213
274500,0.011,0.775,0.214
275000,0.013,0.765,0.222
275500,0.011,0.751,0.238
276000,0.011,0.766,0.223
276500,0.011,0.777,0.212
277000,0.011,0.761,0.228
277500,0.011,0.760,0.230
278000,0.011,0.762,0.227
278500,0.013,0.756,0.232
279000,0.011,0.776,0.213
279500,0.011,0.780,0.209
280000,0.013,0.790,0.198
280500,0.012,0.789,0.199
281000,0.011,0.773,0.215
281500,0.013,0.778,0.209
282000,0.014,0.770,0.216
282500,0.013,0.773,0.214
283000,0.011,0.784,0.206
283500,0.011,0.781,0.209
284000,0.011,0.778,0.211
284500,0.010,0.765,0.225
285000,0.010,0.762,0.228
285500,0.010,0.750,0.240
286000,0.010,0.755,0.235
286500,0.010,0.769,0.221
287000,0.012,0.753,0.235
287500,0.015,0.759,0.226
288000,0.011,0.758,0.231
288500,0.010,0.752,0.238
289000,0.011,0.741,0.248
289500,0.011,0.752,0.237
290000,0.011,0.773,0.216
290500,0.011,0.768,0.221
291000,0.012,0.746,0.242
291500,0.011,0.754,0.235
292000,0.011,0.763,0.226
292500,0.011,0.772,0.217
293000,0.011,0.753,0.236
293500,0.011,0.760,0.229
294000,0.010,0.752,0.238
294500,0.010,0.746,0.244
295000,0.010,0.746,0.244
295500,0.010,0.751,0.239
296000,0.010,0.754,0.236
296500,0.016,0.744,0.240
297000,0.013,0.770,0.218
297500,0.012,0.761,0.227
298000,0.011,0.779,0.210
298500,0.011,0.765,0.224
299000,0.011,0.755,0.235
299500,0.011,0.755,0.234
300000,0.011,0.753,0.237
300500,0.011,0.762,0.228
301000,0.011,0.759,0.230
301500,0.010,0.767,0.223
302000,0.010,0.740,0.250
302500,0.014,0.741,0.245
303000,0.012,0.745,0.243
303500,0.013,0.747,0.240
304000,0.013,0.742,0.246
304500,0.013,0.732,0.255
305000,0.011,0.740,0.249
305500,0.013,0.733,0.255
306000,0.011,0.737,0.253
306500,0.010,0.728,0.262
307000,0.012,0.748,0.240
307500,0.011,0.750,0.239
308000,0.011,0.760,0.230
308500,0.012,0.764,0.224
309000,0.011,0.770,0.219
309500,0.012,0.763,0.225
310000,0.011,0.756,0.233
310500,0.013,0.757,0.231
311000,0.011,0.759,0.229
311500,0.011,0.751,0.238
312000,0.011,0.753,0.237
312500,0.011,0.757,0.232
313000,0.012,0.767,0.221
313500,0.011,0.765,0.224
314000,0.011,0.781,0.208
314500,0.013,0.759,0.229
315000,0.013,0.774,0.213
315500,0.012,0.777,0.211
316000,0.011,0.786,0.202
316500,0.011,0.792,0.198
317000,0.011,0.796,0.193
317500,0.010,0.802,0.188
318000,0.010,0.814,0.176
318500,0.010,0.819,0.171
319000,0.010,0.815,0.175
319500,0.010,0.814,0.176
320000,0.010,0.835,0.155
320500,0.010,0.813,0.177
321000,0.010,0.799,0.191
321500,0.010,0.796,0.194
322000,0.010,0.806,0.184
322500,0.010,0.790,0.200
323000,0.010,0.786,0.204
323500,0.010,0.789,0.201
324000,0.010,0.777,0.213
324500,0.010,0.790,0.200
325000,0.011,0.796,0.193
325500,0.011,0.783,0.206
326000,0.011,0.798,0.191
326500,0.011,0.806,0.183
327000,0.010,0.792,0.198
327500,0.010,0.811,0.178
328000,0.010,0.817,0.173
328500,0.010,0.827,0.163
329000,0.010,0.818,0.172
329500,0.010,0.824,0.166
330000,0.010,0.819,0.171
330500,0.010,0.828,0.162
331000,0.010,0.850,0.140
331500,0.010,0.842,0.148
332000,0.010,0.846,0.144
332500,0.011,0.844,0.145
333000,0.011,0.847,0.142
333500,0.011,0.845,0.144
334000,0.010,0.842,0.148
334500,0.010,0.822,0.168
335000,0.010,0.823,0.167
335500,0.010,0.838,0.152
336000,0.010,0.823,0.167
336500,0.010,0.835,0.155
337000,0.010,0.827,0.163
337500,0.010,0.816,0.174
338000,0.010,0.811,0.179
338500,0.010,0.813,0.177
339000,0.010,0.811,0.178
339500,0.010,0.813,0.177
340000,0.010,0.807,0.183
340500,0.010,0.819,0.171
341000,0.010,0.831,0.159
341500,0.010,0.832,0.158
342000,0.010,0.834,0.156
342500,0.010,0.837,0.153
343000,0.010,0.839,0.151
343500,0.010,0.847,0.143
344000,0.010,0.861,0.129
344500,0.010,0.862,0.128
345000,0.010,0.853,0.137
345500,0.010,0.844,0.146
346000,0.010,0.840,0.150
346500,0.010,0.822,0.168
347000,0.010,0.818,0.172
347500,0.010,0.805,0.185
348000,0.010,0.816,0.174
348500,0.010,0.813,0.177
349000,0.010,0.833,0.157
349500,0.010,0.833,0.157
350000,0.010,0.849,0.141
350500,0.010,0.840,0.150
351000,0.010,0.847,0.143
351500,0.010,0.855,0.135
352000,0.010,0.851,0.139
352500,0.010,0.860,0.130
353000,0.010,0.876,0.114
353500,0.010,0.880,0.110
354000,0.010,0.871,0.119
354500,0.010,0.873,0.117
355000,0.010,0.875,0.115
355500,0.010,0.873,0.117
356000,0.012,0.880,0.108
356500,0.011,0.869,0.120
357000,0.011,0.859,0.131
357500,0.010,0.878,0.112
358000,0.010,0.885,0.105
358500,0.010,0.873,0.117
359000,0.010,0.880,0.110
359500,0.010,0.876,0.114
360000,0.010,0.870,0.120
360500,0.010,0.862,0.128
361000,0.010,0.845,0.145
361500,0.010,0.848,0.142
362000,0.010,0.839,0.151
362500,0.010,0.848,0.142
363000,0.010,0.840,0.150
363500,0.010,0.856,0.134
364000,0.010,0.857,0.133
364500,0.010,0.853,0.137
365000,0.010,0.839,0.151
365500,0.010,0.842,0.148
366000,0.010,0.856,0.134
366500,0.010,0.844,0.146
367000,0.010,0.849,0.141
367500,0.010,0.858,0.132
368000,0.010,0.857,0.133
368500,0.010,0.846,0.144
369000,0.010,0.832,0.158
369500,0.011,0.833,0.156
370000,0.012,0.836,0.152
370500,0.011,0.831,0.158
371000,0.011,0.823,0.167
371500,0.011,0.800,0.189
372000,0.011,0.803,0.186
372500,0.013,0.802,0.185
373000,0.011,0.789,0.200
373500,0.011,0.762,0.227
374000,0.011,0.757,0.232
374500,0.010,0.766,0.224
375000,0.010,0.755,0.235
375500,0.010,0.750,0.240
376000,0.010,0.767,0.223
376500,0.011,0.769,0.220
377000,0.011,0.774,0.215
377500,0.011,0.772,0.217
378000,0.011,0.780,0.209
378500,0.010,0.778,0.212
379000,0.010,0.770,0.220
379500,0.011,0.764,0.225
380000,0.011,0.759,0.230
380500,0.011,0.787,0.202
381000,0.010,0.807,0.183
381500,0.010,0.805,0.184
382000,0.011,0.807,0.181
382500,0.011,0.800,0.189
383000,0.010,0.800,0.190
383500,0.010,0.797,0.193
384000,0.010,0.793,0.197
384500,0.010,0.777,0.213
385000,0.010,0.778,0.212
385500,0.010,0.756,0.234
386000,0.010,0.747,0.243
386500,0.010,0.764,0.226
387000,0.010,0.768,0.222
387500,0.010,0.776,0.214
388000,0.010,0.780,0.210
388500,0.010,0.781,0.209
389000,0.011,0.791,0.198
389500,0.010,0.793,0.197
390000,0.011,0.779,0.210
390500,0.012,0.774,0.214
391000,0.013,0.758,0.229
391500,0.011,0.759,0.230
392000,0.011,0.769,0.220
392500,0.011,0.782,0.207
393000,0.011,0.754,0.235
393500,0.011,0.759,0.231
394000,0.013,0.779,0.208
394500,0.011,0.766,0.223
395000,0.011,0.742,0.247
395500,0.011,0.751,0.238
396000,0.014,0.749,0.237
396500,0.015,0.734,0.251
397000,0.013,0.720,0.267
397500,0.013,0.728,0.260
398000,0.011,0.739,0.250
398500,0.011,0.750,0.239
399000,0.010,0.741,0.249
399500,0.010,0.754,0.236
400000,0.010,0.759,0.231
400500,0.012,0.766,0.222
401000,0.011,0.760,0.228
401500,0.012,0.756,0.232
402000,0.011,0.766,0.222
402500,0.011,0.762,0.227
403000,0.011,0.746,0.244
403500,0.011,0.749,0.241
404000,0.015,0.767,0.218
404500,0.013,0.776,0.212
405000,0.011,0.762,0.227
405500,0.011,0.766,0.223
406000,0.011,0.807,0.182
406500,0.011,0.813,0.177
407000,0.011,0.815,0.175
407500,0.010,0.843,0.147
408000,0.011,0.841,0.148
408500,0.011,0.821,0.168
409000,0.011,0.810,0.179
409500,0.011,0.799,0.190
410000,0.010,0.800,0.190
410500,0.010,0.795,0.195
411000,0.013,0.804,0.183
411500,0.011,0.784,0.205
412000,0.011,0.793,0.196
412500,0.011,0.786,0.204
413000,0.011,0.784,0.206
413500,0.011,0.779,0.209
414000,0.013,0.792,0.195
414500,0.011,0.795,0.194
415000,0.012,0.794,0.194
415500,0.013,0.785,0.202
416000,0.011,0.807,0.181
416500,0.011,0.812,0.177
417000,0.011,0.824,0.166
417500,0.011,0.823,0.167
418000,0.011,0.811,0.178
418500,0.011,0.828,0.162
419000,0.011,0.835,0.155
419500,0.011,0.820,0.170
420000,0.011,0.803,0.185
420500,0.011,0.805,0.184
421000,0.011,0.792,0.198
421500,0.010,0.782,0.208
422000,0.011,0.786,0.203
422500,0.011,0.778,0.211
423000,0.011,0.792,0.197
423500,0.011,0.768,0.221
424000,0.011,0.763,0.226
424500,0.011,0.773,0.216
425000,0.011,0.771,0.218
425500,0.011,0.776,0.212
426000,0.011,0.793,0.196
426500,0.011,0.772,0.217
427000,0.011,0.763,0.226
427500,0.012,0.768,0.220
428000,0.011,0.756,0.233
428500,0.011,0.757,0.232
429000,0.012,0.779,0.209
429500,0.010,0.777,0.213
430000,0.010,0.771,0.219
430500,0.012,0.771,0.217
431000,0.011,0.788,0.201
431500,0.011,0.783,0.206
432000,0.010,0.777,0.213
432500,0.010,0.773,0.217
433000,0.010,0.798,0.192
433500,0.010,0.803,0.187
434000,0.010,0.792,0.198
434500,0.010,0.782,0.208
435000,0.010,0.786,0.204
435500,0.010,0.790,0.200
436000,0.010,0.808,0.181
436500,0.010,0.808,0.182
437000,0.010,0.815,0.175
437500,0.010,0.818,0.172
438000,0.010,0.801,0.189
438500,0.011,0.798,0.190
439000,0.011,0.793,0.195
439500,0.011,0.811,0.177
440000,0.011,0.832,0.157
440500,0.011,0.835,0.155
441000,0.011,0.824,0.166
441500,0.011,0.808,0.181
442000,0.011,0.805,0.183
442500,0.010,0.807,0.183
443000,0.010,0.815,0.175
443500,0.010,0.808,0.181
444000,0.010,0.800,0.190
444500,0.010,0.798,0.192
445000,0.010,0.799,0.191
445500,0.010,0.812,0.178
446000,0.010,0.823,0.167
446500,0.010,0.817,0.173
447000,0.011,0.829,0.160
447500,0.011,0.842,0.148
448000,0.010,0.829,0.161
448500,0.010,0.846,0.144
449000,0.010,0.842,0.148
449500,0.010,0.851,0.139
450000,0.010,0.823,0.167
450500,0.010,0.822,0.168
451000,0.010,0.819,0.171
451500,0.011,0.811,0.177
452000,0.013,0.802,0.185
452500,0.011,0.817,0.172
453000,0.010,0.831,0.159
453500,0.010,0.826,0.164
454000,0.010,0.823,0.167
454500,0.010,0.810,0.179
455000,0.010,0.806,0.183
455500,0.010,0.799,0.191
456000,0.010,0.799,0.191
456500,0.010,0.807,0.183
457000,0.010,0.808,0.181
457500,0.010,0.808,0.181
458000,0.010,0.803,0.186
458500,0.010,0.804,0.186
459000,0.010,0.797,0.193
459500,0.010,0.787,0.203
460000,0.010,0.790,0.200
460500,0.010,0.821,0.169
461000,0.011,0.817,0.172
461500,0.011,0.812,0.177
462000,0.010,0.814,0.176
462500,0.010,0.827,0.163
463000,0.010,0.811,0.179
463500,0.010,0.807,0.182
464000,0.010,0.802,0.188
464500,0.011,0.787,0.202
465000,0.010,0.774,0.216
465500,0.011,0.771,0.218
466000,0.011,0.782,0.207
466500,0.011,0.757,0.233
467000,0.014,0.744,0.242
467500,0.012,0.746,0.242
468000,0.011,0.761,0.228
468500,0.011,0.773,0.217
469000,0.011,0.791,0.199
469500,0.011,0.782,0.208
470000,0.011,0.781,0.208
470500,0.011,0.772,0.218
471000,0.013,0.779,0.208
471500,0.011,0.777,0.211
472000,0.011,0.786,0.203
472500,0.010,0.760,0.230
473000,0.011,0.783,0.206
473500,0.011,0.791,0.198
474000,0.011,0.785,0.205
474500,0.011,0.799,0.191
475000,0.010,0.799,0.191
475500,0.010,0.809,0.181
476000,0.010,0.801,0.189
476500,0.010,0.797,0.193
477000,0.010,0.804,0.185
477500,0.011,0.803,0.185
478000,0.011,0.778,0.212
478500,0.011,0.771,0.219
479000,0.010,0.779,0.211
479500,0.010,0.776,0.214
480000,0.011,0.771,0.217
480500,0.011,0.784,0.206
481000,0.010,0.788,0.202
481500,0.011,0.791,0.197
482000,0.011,0.788,0.201
482500,0.011,0.799,0.190
483000,0.011,0.799,0.190
483500,0.012,0.777,0.211
484000,0.011,0.779,0.210
484500,0.010,0.784,0.206
485000,0.010,0.791,0.199
485500,0.011,0.786,0.203
486000,0.011,0.773,0.216
486500,0.010,0.767,0.223
487000,0.010,0.757,0.233
487500,0.010,0.771,0.219
488000,0.010,0.762,0.228
488500,0.010,0.759,0.231
489000,0.010,0.775,0.215
489500,0.010,0.769,0.221
490000,0.011,0.778,0.211
490500,0.011,0.772,0.217
491000,0.011,0.772,0.218
491500,0.011,0.769,0.220
492000,0.010,0.786,0.204
492500,0.010,0.803,0.186
493000,0.010,0.789,0.201
493500,0.010,0.798,0.192
494000,0.010,0.786,0.204
494500,0.010,0.778,0.212
495000,0.010,0.797,0.193
495500,0.010,0.801,0.189
496000,0.010,0.778,0.212
496500,0.010,0.768,0.222
497000,0.010,0.773,0.217
497500,0.010,0.772,0.218
498000,0.010,0.768,0.222
498500,0.012,0.773,0.215
499000,0.011,0.767,0.222
499500,0.011,0.766,0.223
500000,0.010,0.761,0.229
500500,0.010,0.752,0.238
501000,0.010,0.769,0.221
501500,0.010,0.768,0.222
502000,0.010,0.776,0.214
502500,0.010,0.768,0.222
503000,0.010,0.782,0.208
503500,0.010,0.796,0.194
504000,0.010,0.795,0.195
504500,0.010,0.795,0.195
505000,0.010,0.832,0.158
505500,0.010,0.821,0.169
506000,0.010,0.823,0.167
506500,0.010,0.817,0.173
507000,0.012,0.808,0.180
507500,0.011,0.803,0.186
508000,0.011,0.802,0.188
508500,0.010,0.803,0.186
509000,0.010,0.806,0.184
509500,0.010,0.818,0.172
510000,0.010,0.807,0.182
510500,0.010,0.793,0.197
511000,0.010,0.804,0.186
511500,0.010,0.794,0.196
512000,0.010,0.791,0.199
512500,0.012,0.783,0.205
513000,0.011,0.771,0.218
513500,0.010,0.774,0.216
514000,0.010,0.774,0.216
514500,0.010,0.805,0.185
515000,0.010,0.806,0.183
515500,0.011,0.803,0.186
516000,0.011,0.805,0.184
516500,0.011,0.804,0.185
517000,0.010,0.820,0.170
517500,0.010,0.826,0.164
518000,0.010,0.809,0.181
518500,0.010,0.812,0.177
519000,0.010,0.810,0.179
519500,0.010,0.811,0.179
520000,0.011,0.814,0.175
520500,0.010,0.812,0.178
521000,0.010,0.820,0.170
521500,0.010,0.829,0.161
522000,0.010,0.835,0.155
522500,0.011,0.827,0.162
523000,0.011,0.825,0.165
523500,0.011,0.812,0.177
524000,0.010,0.815,0.175
524500,0.010,0.802,0.188
525000,0.010,0.815,0.175
525500,0.010,0.833,0.157
526000,0.010,0.848,0.142
526500,0.010,0.873,0.117
527000,0.010,0.870,0.120
527500,0.010,0.865,0.125
528000,0.010,0.868,0.122
528500,0.010,0.869,0.121
529000,0.010,0.862,0.128
529500,0.010,0.841,0.149
530000,0.010,0.835,0.155
530500,0.010,0.824,0.166
531000,0.010,0.823,0.167
531500,0.010,0.825,0.165
532000,0.010,0.819,0.171
532500,0.010,0.822,0.168
533000,0.010,0.822,0.168
533500,0.010,0.835,0.155
534000,0.010,0.843,0.147
534500,0.010,0.823,0.167
535000,0.011,0.837,0.152
535500,0.011,0.849,0.141
536000,0.011,0.843,0.147
536500,0.011,0.843,0.147
537000,0.010,0.829,0.161
537500,0.010,0.819,0.171
538000,0.010,0.799,0.191
538500,0.011,0.800,0.189
539000,0.013,0.793,0.194
539500,0.011,0.796,0.193
540000,0.011,0.799,0.191
540500,0.010,0.789,0.201
541000,0.011,0.794,0.196
541500,0.010,0.795,0.195
542000,0.010,0.774,0.216
542500,0.010,0.785,0.205
543000,0.010,0.810,0.179
543500,0.010,0.801,0.189
544000,0.010,0.807,0.183
544500,0.010,0.807,0.183
545000,0.011,0.793,0.195
545500,0.011,0.801,0.188
546000,0.012,0.779,0.209
546500,0.011,0.798,0.192
547000,0.010,0.803,0.187
547500,0.011,0.798,0.191
548000,0.011,0.791,0.198
548500,0.013,0.779,0.207
549000,0.012,0.773,0.215
549500,0.011,0.770,0.219
550000,0.010,0.773,0.217
550500,0.010,0.778,0.212
551000,0.010,0.764,0.226
551500,0.010,0.752,0.238
552000,0.010,0.776,0.214
552500,0.010,0.779,0.211
553000,0.010,0.776,0.214
553500,0.010,0.746,0.244
554000,0.010,0.747,0.243
554500,0.010,0.742,0.248
555000,0.010,0.742,0.248
555500,0.010,0.765,0.225
556000,0.010,0.758,0.232
556500,0.011,0.751,0.238
557000,0.011,0.773,0.217
557500,0.012,0.764,0.224
558000,0.011,0.775,0.214
558500,0.011,0.764,0.225
559000,0.011,0.763,0.227
559500,0.011,0.742,0.248
560000,0.012,0.749,0.239
560500,0.011,0.770,0.219
561000,0.011,0.790,0.199
561500,0.010,0.808,0.182
562000,0.010,0.812,0.177
562500,0.010,0.799,0.191
563000,0.010,0.795,0.195
563500,0.010,0.818,0.172
564000,0.010,0.832,0.158
564500,0.012,0.832,0.156
565000,0.011,0.837,0.152
565500,0.011,0.836,0.154
566000,0.011,0.844,0.146
566500,0.011,0.826,0.164
567000,0.011,0.807,0.182
567500,0.011,0.802,0.188
568000,0.010,0.826,0.164
568500,0.010,0.807,0.183
569000,0.010,0.795,0.195
569500,0.010,0.799,0.191
570000,0.010,0.779,0.211
570500,0.011,0.790,0.199
571000,0.011,0.788,0.201
571500,0.011,0.768,0.220
572000,0.011,0.757,0.231
572500,0.011,0.770,0.219
573000,0.010,0.775,0.215
573500,0.011,0.784,0.204
574000,0.013,0.765,0.221
574500,0.013,0.764,0.223
575000,0.011,0.751,0.238
575500,0.011,0.753,0.236
576000,0.011,0.725,0.265
576500,0.011,0.728,0.262
577000,0.010,0.738,0.252
577500,0.010,0.740,0.250
578000,0.010,0.716,0.274
578500,0.012,0.734,0.254
579000,0.013,0.752,0.235
579500,0.011,0.763,0.226
580000,0.011,0.765,0.224
580500,0.011,0.769,0.221
581000,0.010,0.771,0.219
581500,0.011,0.782,0.207
582000,0.013,0.775,0.212
582500,0.012,0.792,0.196
583000,0.012,0.792,0.196
583500,0.011,0.809,0.179
584000,0.011,0.811,0.178
584500,0.011,0.810,0.178
585000,0.010,0.792,0.198
585500,0.010,0.789,0.201
586000,0.012,0.789,0.199
586500,0.013,0.787,0.200
587000,0.011,0.781,0.207
587500,0.011,0.765,0.224
588000,0.011,0.765,0.224
588500,0.011,0.760,0.229
589000,0.011,0.757,0.232
589500,0.012,0.759,0.229
590000,0.012,0.737,0.251
590500,0.011,0.748,0.241
591000,0.013,0.748,0.240
591500,0.012,0.734,0.254
592000,0.012,0.737,0.251
592500,0.013,0.737,0.250
593000,0.014,0.726,0.260
593500,0.012,0.728,0.260
594000,0.013,0.704,0.283
594500,0.011,0.717,0.272
595000,0.013,0.730,0.257
595500,0.013,0.728,0.259
596000,0.011,0.743,0.246
596500,0.010,0.767,0.223
597000,0.010,0.770,0.220
597500,0.010,0.778,0.212
598000,0.010,0.784,0.206
598500,0.010,0.784,0.206
599000,0.010,0.760,0.230
599500,0.013,0.751,0.235
600000,0.011,0.747,0.242
600500,0.013,0.762,0.225
601000,0.011,0.756,0.234
601500,0.010,0.763,0.227
602000,0.010,0.757,0.233
602500,0.010,0.750,0.240
603000,0.010,0.782,0.208
603500,0.010,0.780,0.210
604000,0.010,0.768,0.222
604500,0.010,0.772,0.218
605000,0.010,0.786,0.204
605500,0.010,0.789,0.201
606000,0.010,0.779,0.211
606500,0.011,0.788,0.201
607000,0.011,0.800,0.190
607500,0.011,0.786,0.203
608000,0.010,0.779,0.211
608500,0.010,0.792,0.198
609000,0.010,0.784,0.206
609500,0.010,0.790,0.200
610000,0.011,0.792,0.196
610500,0.013,0.787,0.200
611000,0.011,0.796,0.193
611500,0.010,0.797,0.193
612000,0.010,0.784,0.206
612500,0.010,0.772,0.218
613000,0.010,0.782,0.208
613500,0.010,0.771,0.219
614000,0.011,0.777,0.212
614500,0.013,0.770,0.216
615000,0.012,0.752,0.236
615500,0.012,0.756,0.232
616000,0.012,0.733,0.255
616500,0.010,0.734,0.256
617000,0.010,0.727,0.263
617500,0.010,0.720,0.270
618000,0.010,0.738,0.252
618500,0.011,0.731,0.258
619000,0.011,0.750,0.239
619500,0.013,0.744,0.244
620000,0.011,0.759,0.230
620500,0.010,0.772,0.218
621000,0.010,0.783,0.207
621500,0.010,0.778,0.212
622000,0.010,0.783,0.207
622500,0.010,0.801,0.189
623000,0.010,0.818,0.172
623500,0.010,0.822,0.168
624000,0.011,0.838,0.151
624500,0.010,0.843,0.147
625000,0.010,0.834,0.156
625500,0.010,0.839,0.151
626000,0.010,0.844,0.146
626500,0.010,0.847,0.143
627000,0.010,0.836,0.154
627500,0.010,0.826,0.164
628000,0.010,0.831,0.159
628500,0.010,0.806,0.184
629000,0.010,0.820,0.170
629500,0.010,0.829,0.161
630000,0.010,0.813,0.177
630500,0.010,0.807,0.183
631000,0.011,0.807,0.181
631500,0.011,0.790,0.199
632000,0.011,0.793,0.196
632500,0.010,0.780,0.210
633000,0.010,0.775,0.215
633500,0.011,0.749,0.240
634000,0.010,0.756,0.234
634500,0.012,0.759,0.229
635000,0.011,0.761,0.229
635500,0.011,0.760,0.230
636000,0.010,0.762,0.228
636500,0.010,0.772,0.218
637000,0.010,0.766,0.224
637500,0.010,0.760,0.230
638000,0.011,0.757,0.232
638500,0.011,0.764,0.225
639000,0.010,0.772,0.218
639500,0.010,0.774,0.216
640000,0.010,0.773,0.217
640500,0.010,0.787,0.203
641000,0.010,0.791,0.199
641500,0.010,0.778,0.212
642000,0.010,0.769,0.221
642500,0.010,0.762,0.228
643000,0.010,0.778,0.212
643500,0.010,0.778,0.212
644000,0.010,0.762,0.228
644500,0.010,0.769,0.221
645000,0.010,0.753,0.237
645500,0.010,0.770,0.220
646000,0.010,0.787,0.203
646500,0.010,0.771,0.219
647000,0.010,0.768,0.222
647500,0.010,0.784,0.206
648000,0.010,0.783,0.207
648500,0.010,0.793,0.197
649000,0.010,0.787,0.203
649500,0.010,0.769,0.221
650000,0.011,0.773,0.216
650500,0.011,0.781,0.209
651000,0.011,0.787,0.201
651500,0.011,0.786,0.203
652000,0.011,0.763,0.226
652500,0.010,0.755,0.235
653000,0.011,0.760,0.229
653500,0.011,0.754,0.235
654000,0.011,0.758,0.232
654500,0.011,0.749,0.241
655000,0.010,0.755,0.235
655500,0.010,0.752,0.238
656000,0.012,0.752,0.236
656500,0.011,0.755,0.234
657000,0.010,0.746,0.244
657500,0.011,0.751,0.239
658000,0.011,0.747,0.242
658500,0.013,0.758,0.229
659000,0.013,0.765,0.221
659500,0.012,0.786,0.202
660000,0.011,0.788,0.200
660500,0.011,0.777,0.213
661000,0.010,0.780,0.210
661500,0.010,0.799,0.191
662000,0.010,0.812,0.177
662500,0.010,0.805,0.184
663000,0.010,0.818,0.172
663500,0.011,0.809,0.179
664000,0.010,0.823,0.167
664500,0.010,0.812,0.178
665000,0.010,0.816,0.174
665500,0.010,0.800,0.190
666000,0.012,0.816,0.172
666500,0.011,0.819,0.170
667000,0.011,0.804,0.185
667500,0.010,0.794,0.196
668000,0.010,0.789,0.201
668500,0.011,0.794,0.195
669000,0.011,0.800,0.189
669500,0.011,0.793,0.196
670000,0.010,0.784,0.206
670500,0.010,0.790,0.200
671000,0.011,0.780,0.208
671500,0.010,0.787,0.203
672000,0.010,0.772,0.218
672500,0.013,0.771,0.215
673000,0.011,0.790,0.199
673500,0.012,0.790,0.198
674000,0.011,0.798,0.191
674500,0.010,0.805,0.184
675000,0.010,0.808,0.181
675500,0.010,0.810,0.180
676000,0.010,0.807,0.182
676500,0.010,0.800,0.190
677000,0.010,0.810,0.180
677500,0.013,0.810,0.176
678000,0.011,0.817,0.172
678500,0.011,0.818,0.172
679000,0.010,0.836,0.154
679500,0.010,0.850,0.140
680000,0.010,0.858,0.132
680500,0.010,0.852,0.138
681000,0.010,0.852,0.138
681500,0.010,0.843,0.147
682000,0.010,0.842,0.148
682500,0.011,0.845,0.144
683000,0.011,0.842,0.147
683500,0.011,0.833,0.157
684000,0.010,0.828,0.162
684500,0.010,0.808,0.181
685000,0.010,0.804,0.186
685500,0.010,0.803,0.187
686000,0.010,0.815,0.175
686500,0.010,0.836,0.154
687000,0.010,0.823,0.167
687500,0.010,0.818,0.172
688000,0.010,0.821,0.169
688500,0.011,0.809,0.180
689000,0.010,0.814,0.176
689500,0.010,0.818,0.172
690000,0.010,0.805,0.185
690500,0.010,0.826,0.164
691000,0.010,0.817,0.173
691500,0.010,0.812,0.177
692000,0.010,0.820,0.170
692500,0.010,0.820,0.170
693000,0.010,0.815,0.175
693500,0.010,0.828,0.162
694000,0.010,0.842,0.148
694500,0.010,0.850,0.140
695000,0.010,0.846,0.144
695500,0.010,0.838,0.152
696000,0.010,0.841,0.149
696500,0.010,0.841,0.149
697000,0.010,0.835,0.155
697500,0.010,0.829,0.161
698000,0.010,0.813,0.177
698500,0.010,0.801,0.189
699000,0.010,0.796,0.194
699500,0.010,0.796,0.194
700000,0.010,0.793,0.197
700500,0.010,0.793,0.197
701000,0.010,0.802,0.188
701500,0.010,0.810,0.179
702000,0.012,0.794,0.194
702500,0.011,0.791,0.198
703000,0.012,0.782,0.206
703500,0.011,0.799,0.190
704000,0.011,0.796,0.194
704500,0.010,0.807,0.182
705000,0.010,0.810,0.179
705500,0.010,0.823,0.167
706000,0.010,0.835,0.155
706500,0.010,0.821,0.169
707000,0.010,0.818,0.172
707500,0.010,0.834,0.156
708000,0.010,0.817,0.173
708500,0.012,0.804,0.183
709000,0.012,0.799,0.189
709500,0.011,0.785,0.204
710000,0.011,0.772,0.218
710500,0.011,0.746,0.243
711000,0.013,0.731,0.257
711500,0.011,0.719,0.270
712000,0.011,0.745,0.245
712500,0.011,0.753,0.236
713000,0.012,0.752,0.236
713500,0.014,0.756,0.230
714000,0.013,0.767,0.219
714500,0.013,0.757,0.231
715000,0.011,0.748,0.241
715500,0.010,0.747,0.243
716000,0.010,0.749,0.241
716500,0.013,0.737,0.250
717000,0.013,0.733,0.254
717500,0.011,0.747,0.242
718000,0.011,0.757,0.232
718500,0.011,0.760,0.230
719000,0.010,0.780,0.210
719500,0.010,0.784,0.206
720000,0.010,0.786,0.204
720500,0.010,0.778,0.212
721000,0.012,0.769,0.219
721500,0.011,0.773,0.216
722000,0.011,0.757,0.232
722500,0.011,0.780,0.209
723000,0.011,0.790,0.199
723500,0.011,0.801,0.189
724000,0.011,0.790,0.200
724500,0.010,0.789,0.201
725000,0.011,0.799,0.190
725500,0.011,0.789,0.200
726000,0.010,0.790,0.200
726500,0.010,0.805,0.185
727000,0.010,0.783,0.207
727500,0.010,0.795,0.195
728000,0.010,0.787,0.203
728500,0.010,0.773,0.217
729000,0.010,0.760,0.230
729500,0.010,0.760,0.230
730000,0.010,0.764,0.226
730500,0.011,0.762,0.227
731000,0.011,0.766,0.223
731500,0.010,0.767,0.223
732000,0.011,0.765,0.224
732500,0.011,0.767,0.222
733000,0.011,0.797,0.192
733500,0.010,0.792,0.198
734000,0.011,0.790,0.199
734500,0.011,0.776,0.213
735000,0.010,0.787,0.203
735500,0.010,0.794,0.196
736000,0.010,0.796,0.194
736500,0.010,0.797,0.193
737000,0.010,0.785,0.205
737500,0.010,0.764,0.226
738000,0.011,0.744,0.245
738500,0.011,0.738,0.251
739000,0.011,0.743,0.247
739500,0.011,0.743,0.247
740000,0.011,0.753,0.237
740500,0.011,0.785,0.204
741000,0.010,0.761,0.229
741500,0.010,0.773,0.217
742000,0.010,0.773,0.217
742500,0.010,0.783,0.207
743000,0.010,0.782,0.208
743500,0.010,0.783,0.207
744000,0.010,0.784,0.206
744500,0.010,0.777,0.213
745000,0.010,0.788,0.202
745500,0.010,0.786,0.204
746000,0.010,0.817,0.173
746500,0.010,0.811,0.179
747000,0.010,0.811,0.179
747500,0.010,0.819,0.171
748000,0.010,0.832,0.158
748500,0.010,0.819,0.171
749000,0.010,0.824,0.166
749500,0.011,0.837,0.152
750000,0.011,0.844,0.145
750500,0.012,0.859,0.129
751000,0.011,0.842,0.147
751500,0.011,0.820,0.170
752000,0.010,0.826,0.164
752500,0.010,0.804,0.186
753000,0.010,0.784,0.206
753500,0.010,0.771,0.219
754000,0.012,0.777,0.211
754500,0.011,0.762,0.226
755000,0.011,0.760,0.228
755500,0.011,0.757,0.232
756000,0.011,0.760,0.229
756500,0.011,0.777,0.213
757000,0.011,0.761,0.228
757500,0.011,0.755,0.234
758000,0.010,0.756,0.234
758500,0.013,0.746,0.241
759000,0.011,0.766,0.222
759500,0.011,0.757,0.232
760000,0.013,0.738,0.249
760500,0.013,0.726,0.261
761000,0.013,0.747,0.240
761500,0.011,0.760,0.229
762000,0.011,0.753,0.236
762500,0.011,0.773,0.216
763000,0.011,0.765,0.224
763500,0.011,0.764,0.225
764000,0.011,0.758,0.231
764500,0.011,0.759,0.230
765000,0.013,0.757,0.230
765500,0.014,0.763,0.223
766000,0.015,0.751,0.234
766500,0.013,0.768,0.219
767000,0.011,0.757,0.232
767500,0.012,0.768,0.220
768000,0.012,0.765,0.223
768500,0.010,0.759,0.231
769000,0.011,0.752,0.237
769500,0.012,0.758,0.230
770000,0.013,0.760,0.227
770500,0.012,0.760,0.228
771000,0.011,0.768,0.220
771500,0.011,0.790,0.199
772000,0.011,0.794,0.195
772500,0.011,0.813,0.177
773000,0.011,0.827,0.163
773500,0.010,0.828,0.162
774000,0.010,0.834,0.156
774500,0.010,0.842,0.148
775000,0.010,0.846,0.144
775500,0.010,0.843,0.147
776000,0.010,0.834,0.156
776500,0.010,0.838,0.152
777000,0.010,0.842,0.148
777500,0.010,0.842,0.148
778000,0.010,0.838,0.152
778500,0.010,0.833,0.157
779000,0.010,0.825,0.165
779500,0.010,0.820,0.170
780000,0.011,0.808,0.181
780500,0.011,0.796,0.193
781000,0.010,0.794,0.196
781500,0.010,0.779,0.211
782000,0.010,0.791,0.199
782500,0.010,0.791,0.199
783000,0.010,0.788,0.202
783500,0.010,0.794,0.196
784000,0.010,0.803,0.186
784500,0.010,0.815,0.175
785000,0.011,0.818,0.171
785500,0.010,0.822,0.168
786000,0.010,0.822,0.168
786500,0.010,0.830,0.160
787000,0.010,0.818,0.172
787500,0.010,0.798,0.192
788000,0.010,0.799,0.191
788500,0.010,0.817,0.173
789000,0.010,0.807,0.182
789500,0.011,0.805,0.183
790000,0.011,0.794,0.196
790500,0.011,0.792,0.197
791000,0.010,0.790,0.200
791500,0.010,0.793,0.197
792000,0.010,0.791,0.199
792500,0.010,0.806,0.184
793000,0.011,0.786,0.203
793500,0.011,0.775,0.214
794000,0.011,0.783,0.205
794500,0.011,0.788,0.201
795000,0.013,0.787,0.201
795500,0.011,0.796,0.192
796000,0.011,0.770,0.219
796500,0.011,0.785,0.204
797000,0.010,0.796,0.194
797500,0.010,0.787,0.203
798000,0.011,0.797,0.193
798500,0.011,0.791,0.198
799000,0.011,0.805,0.184
799500,0.010,0.805,0.185
800000,0.010,0.800,0.190
800500,0.010,0.797,0.193
801000,0.011,0.792,0.197
801500,0.011,0.784,0.205
802000,0.010,0.784,0.206
802500,0.011,0.762,0.227
803000,0.011,0.752,0.237
803500,0.012,0.750,0.238
804000,0.011,0.755,0.235
804500,0.010,0.757,0.233
805000,0.010,0.772,0.218
805500,0.010,0.789,0.201
806000,0.011,0.797,0.192
806500,0.011,0.801,0.189
807000,0.011,0.802,0.186
807500,0.011,0.774,0.216
808000,0.013,0.773,0.214
808500,0.011,0.769,0.219
809000,0.011,0.762,0.227
809500,0.014,0.760,0.226
810000,0.013,0.756,0.231
810500,0.010,0.773,0.217
811000,0.010,0.767,0.223
811500,0.010,0.752,0.238
812000,0.010,0.762,0.228
812500,0.010,0.773,0.217
813000,0.010,0.787,0.203
813500,0.010,0.798,0.192
814000,0.010,0.780,0.210
814500,0.010,0.790,0.200
815000,0.010,0.792,0.198
815500,0.010,0.810,0.180
816000,0.010,0.810,0.179
816500,0.010,0.799,0.191
817000,0.010,0.803,0.187
817500,0.010,0.810,0.179
818000,0.010,0.812,0.178
818500,0.010,0.824,0.166
819000,0.010,0.811,0.178
819500,0.010,0.802,0.188
820000,0.010,0.815,0.175
820500,0.010,0.834,0.156
821000,0.010,0.847,0.143
821500,0.010,0.839,0.151
822000,0.010,0.829,0.161
822500,0.010,0.811,0.178
823000,0.010,0.798,0.192
823500,0.011,0.813,0.176
824000,0.011,0.798,0.192
824500,0.010,0.799,0.191
825000,0.010,0.822,0.168
825500,0.010,0.819,0.171
826000,0.010,0.837,0.153
826500,0.010,0.838,0.152
827000,0.010,0.828,0.162
827500,0.010,0.824,0.166
828000,0.010,0.813,0.177
828500,0.010,0.810,0.179
829000,0.010,0.817,0.173
829500,0.010,0.821,0.169
830000,0.010,0.817,0.173
830500,0.010,0.812,0.177
831000,0.010,0.807,0.183
831500,0.010,0.782,0.208
832000,0.011,0.775,0.214
832500,0.017,0.776,0.208
833000,0.014,0.777,0.209
833500,0.013,0.765,0.222
834000,0.013,0.753,0.234
834500,0.011,0.772,0.216
835000,0.011,0.767,0.223
835500,0.011,0.770,0.219
836000,0.012,0.769,0.219
836500,0.015,0.779,0.206
837000,0.015,0.780,0.205
837500,0.013,0.780,0.208
838000,0.013,0.798,0.190
838500,0.011,0.788,0.201
839000,0.011,0.816,0.173
839500,0.011,0.812,0.177
840000,0.010,0.819,0.171
840500,0.010,0.808,0.181
841000,0.010,0.806,0.183
841500,0.010,0.794,0.196
842000,0.010,0.792,0.198
842500,0.010,0.805,0.184
843000,0.010,0.813,0.177
843500,0.010,0.813,0.177
844000,0.010,0.806,0.184
844500,0.010,0.799,0.191
845000,0.010,0.804,0.186
845500,0.010,0.801,0.189
846000,0.010,0.815,0.175
846500,0.010,0.823,0.167
847000,0.010,0.826,0.164
847500,0.010,0.815,0.175
848000,0.011,0.812,0.176
848500,0.011,0.794,0.196
849000,0.010,0.778,0.212
849500,0.010,0.789,0.201
850000,0.010,0.795,0.195
850500,0.010,0.809,0.180
851000,0.010,0.796,0.194
851500,0.011,0.767,0.222
852000,0.013,0.764,0.223
852500,0.013,0.788,0.199
853000,0.012,0.780,0.208
853500,0.011,0.771,0.217
854000,0.011,0.784,0.205
854500,0.011,0.804,0.185
855000,0.011,0.821,0.169
855500,0.010,0.824,0.166
856000,0.010,0.843,0.147
856500,0.010,0.844,0.146
857000,0.010,0.839,0.151
857500,0.010,0.832,0.158
858000,0.010,0.821,0.169
858500,0.010,0.828,0.162
859000,0.010,0.823,0.167
859500,0.010,0.840,0.150
860000,0.010,0.819,0.171
860500,0.010,0.812,0.178
861000,0.010,0.814,0.176
861500,0.010,0.807,0.182
862000,0.010,0.805,0.185
862500,0.010,0.781,0.209
863000,0.011,0.764,0.225
863500,0.011,0.753,0.235
864000,0.010,0.761,0.229
864500,0.011,0.764,0.225
865000,0.010,0.744,0.246
865500,0.010,0.738,0.252
866000,0.010,0.747,0.243
866500,0.010,0.759,0.231
867000,0.010,0.758,0.232
867500,0.012,0.766,0.222
868000,0.011,0.783,0.206
868500,0.012,0.795,0.193
869000,0.013,0.784,0.204
869500,0.011,0.774,0.215
870000,0.012,0.773,0.215
870500,0.011,0.765,0.224
871000,0.011,0.757,0.233
871500,0.011,0.732,0.258
872000,0.010,0.749,0.241
872500,0.011,0.746,0.243
873000,0.014,0.763,0.223
873500,0.011,0.750,0.239
874000,0.011,0.741,0.249
874500,0.010,0.736,0.254
875000,0.013,0.736,0.251
875500,0.013,0.759,0.228
876000,0.014,0.762,0.224
876500,0.012,0.772,0.216
877000,0.011,0.781,0.208
877500,0.011,0.775,0.215
878000,0.010,0.774,0.216
878500,0.010,0.777,0.213
879000,0.010,0.772,0.218
879500,0.010,0.781,0.209
880000,0.010,0.786,0.204
880500,0.010,0.794,0.196
881000,0.010,0.785,0.205
881500,0.010,0.798,0.192
882000,0.010,0.794,0.196
882500,0.010,0.785,0.205
883000,0.010,0.788,0.202
883500,0.010,0.767,0.223
884000,0.010,0.779,0.211
884500,0.010,0.785,0.205
885000,0.010,0.791,0.199
885500,0.010,0.789,0.201
886000,0.010,0.800,0.190
886500,0.010,0.805,0.184
887000,0.013,0.793,0.193
887500,0.012,0.794,0.194
888000,0.011,0.803,0.185
888500,0.013,0.805,0.182
889000,0.011,0.800,0.189
889500,0.011,0.797,0.193
890000,0.011,0.797,0.192
890500,0.010,0.804,0.186
891000,0.010,0.799,0.191
891500,0.010,0.801,0.189
892000,0.011,0.811,0.178
892500,0.010,0.819,0.171
893000,0.010,0.802,0.188
893500,0.010,0.805,0.185
894000,0.010,0.800,0.190
894500,0.010,0.816,0.174
895000,0.010,0.806,0.184
895500,0.010,0.788,0.202
896000,0.012,0.790,0.198
896500,0.012,0.792,0.196
897000,0.011,0.797,0.192
897500,0.011,0.802,0.187
898000,0.011,0.797,0.193
898500,0.010,0.788,0.202
899000,0.011,0.780,0.209
899500,0.012,0.780,0.208
900000,0.011,0.772,0.216
900500,0.011,0.781,0.207
901000,0.011,0.783,0.206
901500,0.011,0.781,0.208
902000,0.011,0.780,0.209
902500,0.011,0.782,0.208
903000,0.012,0.780,0.208
903500,0.011,0.759,0.229
904000,0.011,0.764,0.225
904500,0.013,0.754,0.233
905000,0.011,0.768,0.221
905500,0.011,0.784,0.205
906000,0.012,0.787,0.201
906500,0.012,0.778,0.210
907000,0.011,0.773,0.216
907500,0.011,0.752,0.238
908000,0.010,0.756,0.234
908500,0.012,0.744,0.244
909000,0.011,0.740,0.249
909500,0.011,0.747,0.242
910000,0.013,0.750,0.238
910500,0.012,0.748,0.240
911000,0.010,0.744,0.246
911500,0.012,0.750,0.238
912000,0.014,0.740,0.246
912500,0.011,0.759,0.229
913000,0.011,0.764,0.225
913500,0.013,0.770,0.218
914000,0.012,0.783,0.205
914500,0.011,0.768,0.220
915000,0.011,0.777,0.213
915500,0.012,0.759,0.229
916000,0.011,0.766,0.223
916500,0.011,0.780,0.209
917000,0.010,0.792,0.198
917500,0.010,0.772,0.218
918000,0.010,0.786,0.204
918500,0.010,0.789,0.201
919000,0.010,0.801,0.189
919500,0.011,0.783,0.205
920000,0.011,0.773,0.216
920500,0.011,0.755,0.234
921000,0.011,0.759,0.230
921500,0.013,0.766,0.221
922000,0.013,0.777,0.210
922500,0.011,0.770,0.219
923000,0.011,0.782,0.207
923500,0.011,0.783,0.206
924000,0.011,0.767,0.223
924500,0.011,0.780,0.210
925000,0.011,0.765,0.224
925500,0.011,0.770,0.219
926000,0.012,0.787,0.201
926500,0.011,0.784,0.205
927000,0.011,0.788,0.201
927500,0.010,0.769,0.221
928000,0.010,0.777,0.213
928500,0.011,0.773,0.215
929000,0.011,0.788,0.201
929500,0.011,0.787,0.203
930000,0.013,0.799,0.189
930500,0.011,0.804,0.185
931000,0.010,0.801,0.189
931500,0.010,0.790,0.200
932000,0.010,0.805,0.184
932500,0.010,0.813,0.177
933000,0.010,0.821,0.169
933500,0.010,0.808,0.181
934000,0.010,0.812,0.177
934500,0.010,0.819,0.171
935000,0.010,0.817,0.173
935500,0.010,0.827,0.163
936000,0.011,0.818,0.172
936500,0.010,0.788,0.202
937000,0.010,0.809,0.181
937500,0.010,0.822,0.168
938000,0.010,0.819,0.171
938500,0.010,0.813,0.177
939000,0.011,0.781,0.209
939500,0.011,0.794,0.196
940000,0.011,0.795,0.195
940500,0.010,0.792,0.198
941000,0.010,0.793,0.197
941500,0.010,0.776,0.214
942000,0.011,0.783,0.206
942500,0.010,0.763,0.227
943000,0.010,0.758,0.232
943500,0.010,0.767,0.223
944000,0.010,0.763,0.227
944500,0.010,0.757,0.233
945000,0.010,0.766,0.224
945500,0.010,0.779,0.211
946000,0.010,0.786,0.204
946500,0.010,0.787,0.203
947000,0.010,0.781,0.209
947500,0.010,0.771,0.219
948000,0.011,0.784,0.205
948500,0.011,0.791,0.198
949000,0.010,0.785,0.205
949500,0.010,0.808,0.181
950000,0.010,0.813,0.177
950500,0.010,0.814,0.176
951000,0.010,0.791,0.199
951500,0.010,0.782,0.208
952000,0.010,0.797,0.193
952500,0.011,0.790,0.199
953000,0.011,0.795,0.193
953500,0.011,0.802,0.186
954000,0.011,0.789,0.200
954500,0.013,0.798,0.190
955000,0.011,0.797,0.191
955500,0.011,0.815,0.175
956000,0.010,0.790,0.200
956500,0.010,0.815,0.175
957000,0.010,0.821,0.169
957500,0.010,0.831,0.159
958000,0.010,0.831,0.159
958500,0.010,0.810,0.180
959000,0.010,0.803,0.186
959500,0.010,0.818,0.172
960000,0.010,0.827,0.163
960500,0.010,0.803,0.186
961000,0.010,0.801,0.189
961500,0.010,0.791,0.199
962000,0.013,0.792,0.195
962500,0.012,0.808,0.179
963000,0.012,0.825,0.163
963500,0.011,0.819,0.170
964000,0.011,0.822,0.167
964500,0.011,0.826,0.164
965000,0.011,0.825,0.165
965500,0.011,0.822,0.168
966000,0.011,0.822,0.168
966500,0.011,0.832,0.158
967000,0.010,0.835,0.155
967500,0.010,0.837,0.153
968000,0.010,0.825,0.165
968500,0.010,0.829,0.161
969000,0.010,0.823,0.167
969500,0.010,0.827,0.163
970000,0.010,0.829,0.161
970500,0.010,0.817,0.173
971000,0.010,0.810,0.179
971500,0.010,0.807,0.183
972000,0.010,0.819,0.171
972500,0.010,0.796,0.194
973000,0.012,0.802,0.185
973500,0.011,0.788,0.201
974000,0.011,0.781,0.209
974500,0.011,0.784,0.205
975000,0.011,0.772,0.217
975500,0.011,0.797,0.193
976000,0.011,0.799,0.190
976500,0.011,0.787,0.202
977000,0.011,0.787,0.203
977500,0.010,0.786,0.204
978000,0.010,0.777,0.213
978500,0.010,0.752,0.238
979000,0.010,0.748,0.242
979500,0.010,0.750,0.240
980000,0.011,0.763,0.225
980500,0.011,0.768,0.221
981000,0.011,0.789,0.201
981500,0.010,0.778,0.212
982000,0.010,0.780,0.210
982500,0.011,0.772,0.217
983000,0.011,0.784,0.206
983500,0.010,0.784,0.206
984000,0.010,0.775,0.215
984500,0.010,0.770,0.220
985000,0.010,0.780,0.210
985500,0.010,0.766,0.224
986000,0.010,0.773,0.217
986500,0.010,0.780,0.210
987000,0.010,0.794,0.196
987500,0.010,0.788,0.202
988000,0.011,0.789,0.200
988500,0.010,0.793,0.197
989000,0.010,0.774,0.216
989500,0.010,0.751,0.239
990000,0.010,0.754,0.236
990500,0.010,0.754,0.236
991000,0.010,0.764,0.226
991500,0.010,0.747,0.243
992000,0.010,0.754,0.236
992500,0.010,0.770,0.220
993000,0.011,0.769,0.219
993500,0.013,0.760,0.228
994000,0.013,0.774,0.213
994500,0.011,0.788,0.202
995000,0.010,0.795,0.195
995500,0.010,0.797,0.193
996000,0.010,0.789,0.201
996500,0.013,0.793,0.194
997000,0.011,0.812,0.176
997500,0.011,0.808,0.181
998000,0.012,0.804,0.184
998500,0.013,0.790,0.197
999000,0.011,0.784,0.205
999500,0.011,0.787,0.203
1000000,0.011,0.808,0.181
