time,n_A+p,n_B,n_AB
500,0.010,0.982,0.008
1000,0.010,0.972,0.018
1500,0.010,0.963,0.027
2000,0.010,0.960,0.030
2500,0.010,0.954,0.036
3000,0.010,0.949,0.041
3500,0.010,0.941,0.049
4000,0.010,0.936,0.053
4500,0.010,0.929,0.061
5000,0.010,0.912,0.078
5500,0.010,0.926,0.064
6000,0.010,0.938,0.052
6500,0.010,0.942,0.048
7000,0.010,0.955,0.035
7500,0.010,0.950,0.040
8000,0.010,0.949,0.041
8500,0.010,0.954,0.036
9000,0.010,0.958,0.032
9500,0.010,0.964,0.026
10000,0.010,0.954,0.036
10500,0.010,0.964,0.026
11000,0.010,0.963,0.027
11500,0.010,0.958,0.032
12000,0.010,0.955,0.035
12500,0.010,0.952,0.038
13000,0.010,0.936,0.054
13500,0.010,0.927,0.062
14000,0.010,0.926,0.064
14500,0.010,0.934,0.056
15000,0.010,0.933,0.057
15500,0.010,0.930,0.059
16000,0.010,0.934,0.056
16500,0.010,0.917,0.073
17000,0.010,0.924,0.066
17500,0.010,0.930,0.060
18000,0.010,0.938,0.052
18500,0.010,0.937,0.053
19000,0.010,0.940,0.050
19500,0.010,0.931,0.059
20000,0.010,0.940,0.050
20500,0.010,0.918,0.072
21000,0.010,0.917,0.073
21500,0.010,0.926,0.064
22000,0.010,0.923,0.067
22500,0.010,0.917,0.073
23000,0.010,0.931,0.059
23500,0.010,0.943,0.047
24000,0.010,0.950,0.040
24500,0.010,0.951,0.039
25000,0.010,0.942,0.048
25500,0.010,0.936,0.053
26000,0.010,0.943,0.047
26500,0.010,0.942,0.048
27000,0.010,0.947,0.043
27500,0.010,0.935,0.054
28000,0.010,0.936,0.054
28500,0.010,0.948,0.042
29000,0.010,0.957,0.033
29500,0.010,0.959,0.031
30000,0.010,0.964,0.026
30500,0.010,0.972,0.018
31000,0.010,0.977,0.013
31500,0.010,0.965,0.025
32000,0.010,0.964,0.026
32500,0.010,0.953,0.037
33000,0.010,0.954,0.036
33500,0.010,0.957,0.033
34000,0.010,0.955,0.035
34500,0.010,0.956,0.034
35000,0.010,0.939,0.051
35500,0.010,0.943,0.047
36000,0.010,0.937,0.053
36500,0.010,0.930,0.059
37000,0.010,0.923,0.067
37500,0.010,0.935,0.055
38000,0.010,0.930,0.059
38500,0.010,0.941,0.049
39000,0.010,0.942,0.048
39500,0.010,0.934,0.055
40000,0.010,0.926,0.064
40500,0.010,0.926,0.064
41000,0.010,0.928,0.061
41500,0.010,0.917,0.073
42000,0.010,0.940,0.050
42500,0.010,0.949,0.041
43000,0.010,0.938,0.052
43500,0.010,0.950,0.040
44000,0.010,0.956,0.034
44500,0.010,0.958,0.032
45000,0.010,0.941,0.049
45500,0.010,0.948,0.042
46000,0.010,0.941,0.049
46500,0.010,0.952,0.038
47000,0.010,0.951,0.039
47500,0.010,0.960,0.030
48000,0.010,0.956,0.034
48500,0.010,0.958,0.032
49000,0.010,0.948,0.042
49500,0.010,0.942,0.048
50000,0.010,0.940,0.050
50500,0.010,0.933,0.056
51000,0.010,0.940,0.050
51500,0.010,0.931,0.059
52000,0.010,0.946,0.044
52500,0.010,0.943,0.047
53000,0.010,0.949,0.041
53500,0.010,0.940,0.050
54000,0.010,0.952,0.038
54500,0.010,0.941,0.049
55000,0.010,0.947,0.043
55500,0.010,0.947,0.043
56000,0.010,0.943,0.047
56500,0.010,0.944,0.046
57000,0.010,0.947,0.043
57500,0.010,0.947,0.043
58000,0.010,0.943,0.047
58500,0.010,0.944,0.046
59000,0.010,0.943,0.047
59500,0.010,0.949,0.041
60000,0.010,0.941,0.049
60500,0.010,0.932,0.058
61000,0.010,0.943,0.047
61500,0.010,0.945,0.045
62000,0.010,0.942,0.048
62500,0.010,0.944,0.046
63000,0.010,0.955,0.035
63500,0.010,0.936,0.053
64000,0.010,0.950,0.040
64500,0.010,0.938,0.052
65000,0.010,0.937,0.053
65500,0.010,0.947,0.043
66000,0.010,0.917,0.073
66500,0.010,0.917,0.073
67000,0.010,0.911,0.079
67500,0.010,0.912,0.078
68000,0.010,0.926,0.064
68500,0.010,0.936,0.054
69000,0.010,0.952,0.038
69500,0.010,0.948,0.042
70000,0.010,0.956,0.034
70500,0.010,0.958,0.032
71000,0.010,0.946,0.044
71500,0.010,0.942,0.048
72000,0.010,0.945,0.045
72500,0.010,0.952,0.038
73000,0.010,0.947,0.043
73500,0.010,0.951,0.039
74000,0.010,0.945,0.045
74500,0.010,0.942,0.048
75000,0.010,0.926,0.064
75500,0.010,0.930,0.059
76000,0.010,0.938,0.052
76500,0.010,0.941,0.049
77000,0.010,0.939,0.051
77500,0.010,0.937,0.053
78000,0.010,0.933,0.056
78500,0.010,0.936,0.054
79000,0.010,0.936,0.054
79500,0.010,0.933,0.056
80000,0.010,0.933,0.057
80500,0.010,0.938,0.052
81000,0.010,0.924,0.066
81500,0.010,0.947,0.043
82000,0.010,0.951,0.039
82500,0.010,0.939,0.051
83000,0.010,0.944,0.046
83500,0.010,0.951,0.039
84000,0.010,0.951,0.039
84500,0.010,0.943,0.047
85000,0.010,0.945,0.045
85500,0.010,0.940,0.050
86000,0.010,0.945,0.045
86500,0.010,0.949,0.041
87000,0.010,0.943,0.047
87500,0.010,0.949,0.041
88000,0.010,0.936,0.054
88500,0.010,0.950,0.040
89000,0.010,0.957,0.033
89500,0.010,0.959,0.031
90000,0.010,0.960,0.030
90500,0.010,0.972,0.018
91000,0.010,0.970,0.020
91500,0.010,0.967,0.023
92000,0.010,0.952,0.038
92500,0.010,0.955,0.035
93000,0.010,0.967,0.023
93500,0.010,0.960,0.030
94000,0.010,0.967,0.023
94500,0.010,0.955,0.035
95000,0.010,0.954,0.036
95500,0.010,0.941,0.049
96000,0.010,0.947,0.043
96500,0.010,0.950,0.040
97000,0.010,0.952,0.038
97500,0.010,0.961,0.029
98000,0.010,0.958,0.032
98500,0.010,0.963,0.027
99000,0.010,0.964,0.026
99500,0.010,0.973,0.017
100000,0.010,0.973,0.017
100500,0.010,0.957,0.033
101000,0.010,0.964,0.026
101500,0.010,0.961,0.029
102000,0.010,0.966,0.024
102500,0.010,0.946,0.044
103000,0.010,0.954,0.036
103500,0.010,0.962,0.028
104000,0.010,0.955,0.035
104500,0.010,0.964,0.026
105000,0.010,0.960,0.030
105500,0.010,0.957,0.033
106000,0.010,0.953,0.037
106500,0.010,0.948,0.042
107000,0.010,0.951,0.039
107500,0.010,0.946,0.044
108000,0.010,0.945,0.045
108500,0.010,0.943,0.047
109000,0.010,0.948,0.042
109500,0.010,0.935,0.054
110000,0.010,0.916,0.074
110500,0.010,0.933,0.057
111000,0.010,0.935,0.055
111500,0.010,0.929,0.061
112000,0.010,0.941,0.049
112500,0.010,0.945,0.045
113000,0.010,0.956,0.034
113500,0.010,0.966,0.024
114000,0.010,0.968,0.022
114500,0.010,0.958,0.032
115000,0.010,0.938,0.052
115500,0.010,0.948,0.042
116000,0.010,0.955,0.035
116500,0.010,0.943,0.047
117000,0.010,0.949,0.041
117500,0.010,0.935,0.054
118000,0.010,0.938,0.052
118500,0.010,0.945,0.045
119000,0.010,0.932,0.057
119500,0.010,0.933,0.057
120000,0.010,0.934,0.056
120500,0.010,0.935,0.054
121000,0.010,0.930,0.060
121500,0.010,0.943,0.047
122000,0.010,0.943,0.047
122500,0.010,0.948,0.042
123000,0.010,0.938,0.052
123500,0.010,0.943,0.047
124000,0.010,0.945,0.045
124500,0.010,0.953,0.037
125000,0.010,0.942,0.048
125500,0.010,0.963,0.027
126000,0.010,0.951,0.039
126500,0.010,0.947,0.043
127000,0.010,0.948,0.042
127500,0.010,0.957,0.033
128000,0.010,0.961,0.029
128500,0.010,0.950,0.040
129000,0.010,0.945,0.045
129500,0.010,0.939,0.051
130000,0.010,0.938,0.052
130500,0.010,0.944,0.046
131000,0.010,0.936,0.053
131500,0.010,0.929,0.060
132000,0.010,0.930,0.060
132500,0.010,0.929,0.061
133000,0.010,0.924,0.066
133500,0.010,0.922,0.068
134000,0.010,0.920,0.070
134500,0.010,0.939,0.051
135000,0.010,0.943,0.047
135500,0.010,0.947,0.043
136000,0.010,0.946,0.044
136500,0.010,0.933,0.057
137000,0.010,0.939,0.051
137500,0.010,0.940,0.050
138000,0.010,0.937,0.053
138500,0.010,0.931,0.059
139000,0.010,0.936,0.054
139500,0.010,0.957,0.033
140000,0.010,0.962,0.028
140500,0.010,0.952,0.038
141000,0.010,0.947,0.043
141500,0.010,0.952,0.038
142000,0.010,0.961,0.029
142500,0.010,0.963,0.027
143000,0.010,0.946,0.044
143500,0.010,0.946,0.044
144000,0.010,0.949,0.041
144500,0.010,0.934,0.055
145000,0.010,0.933,0.057
145500,0.010,0.931,0.058
146000,0.010,0.937,0.053
146500,0.010,0.937,0.053
147000,0.010,0.950,0.040
147500,0.010,0.961,0.029
148000,0.010,0.960,0.030
148500,0.010,0.946,0.044
149000,0.010,0.935,0.055
149500,0.010,0.942,0.048
150000,0.010,0.925,0.065
150500,0.010,0.938,0.052
151000,0.010,0.934,0.055
151500,0.010,0.934,0.055
152000,0.010,0.937,0.053
152500,0.010,0.938,0.052
153000,0.010,0.945,0.045
153500,0.010,0.948,0.042
154000,0.010,0.933,0.057
154500,0.010,0.947,0.043
155000,0.010,0.945,0.045
155500,0.010,0.936,0.054
156000,0.010,0.936,0.054
156500,0.010,0.933,0.056
157000,0.010,0.929,0.061
157500,0.010,0.934,0.056
158000,0.010,0.930,0.059
158500,0.010,0.934,0.055
159000,0.010,0.944,0.046
159500,0.010,0.941,0.049
160000,0.010,0.936,0.054
160500,0.010,0.952,0.038
161000,0.010,0.961,0.029
161500,0.010,0.952,0.038
162000,0.010,0.938,0.052
162500,0.010,0.943,0.047
163000,0.010,0.940,0.050
163500,0.010,0.928,0.062
164000,0.010,0.920,0.070
164500,0.010,0.914,0.076
165000,0.010,0.931,0.059
165500,0.010,0.935,0.054
166000,0.010,0.934,0.056
166500,0.010,0.942,0.048
167000,0.010,0.942,0.048
167500,0.010,0.950,0.040
168000,0.010,0.955,0.035
168500,0.010,0.958,0.032
169000,0.010,0.958,0.032
169500,0.010,0.954,0.036
170000,0.010,0.954,0.036
170500,0.010,0.959,0.031
171000,0.010,0.960,0.030
171500,0.010,0.954,0.036
172000,0.010,0.943,0.047
172500,0.010,0.917,0.073
173000,0.010,0.914,0.076
173500,0.010,0.930,0.059
174000,0.010,0.934,0.056
174500,0.010,0.940,0.050
175000,0.010,0.931,0.059
175500,0.010,0.934,0.056
176000,0.010,0.932,0.057
176500,0.010,0.941,0.049
177000,0.010,0.943,0.047
177500,0.010,0.930,0.060
178000,0.010,0.934,0.056
178500,0.010,0.931,0.059
179000,0.010,0.942,0.048
179500,0.010,0.937,0.053
180000,0.010,0.944,0.046
180500,0.010,0.957,0.033
181000,0.010,0.949,0.041
181500,0.010,0.938,0.052
182000,0.010,0.951,0.039
182500,0.010,0.961,0.029
183000,0.010,0.961,0.029
183500,0.010,0.965,0.025
184000,0.010,0.957,0.033
184500,0.010,0.934,0.055
185000,0.010,0.934,0.056
185500,0.010,0.940,0.050
186000,0.010,0.946,0.044
186500,0.010,0.940,0.050
187000,0.010,0.939,0.051
187500,0.010,0.938,0.052
188000,0.010,0.936,0.053
188500,0.010,0.939,0.051
189000,0.010,0.940,0.050
189500,0.010,0.945,0.045
190000,0.010,0.953,0.037
190500,0.010,0.944,0.046
191000,0.010,0.951,0.039
191500,0.010,0.957,0.033
192000,0.010,0.957,0.033
192500,0.010,0.947,0.043
193000,0.010,0.946,0.044
193500,0.010,0.936,0.053
194000,0.010,0.947,0.043
194500,0.010,0.933,0.057
195000,0.010,0.942,0.048
195500,0.010,0.941,0.049
196000,0.010,0.938,0.052
196500,0.010,0.936,0.053
197000,0.010,0.943,0.047
197500,0.010,0.947,0.043
198000,0.010,0.955,0.035
198500,0.010,0.954,0.036
199000,0.010,0.949,0.041
199500,0.010,0.947,0.043
200000,0.010,0.955,0.035
200500,0.010,0.958,0.032
201000,0.010,0.964,0.026
201500,0.010,0.964,0.026
202000,0.010,0.961,0.029
202500,0.010,0.963,0.027
203000,0.010,0.957,0.033
203500,0.010,0.951,0.039
204000,0.010,0.933,0.057
204500,0.010,0.941,0.049
205000,0.010,0.955,0.035
205500,0.010,0.948,0.042
206000,0.010,0.962,0.028
206500,0.010,0.962,0.028
207000,0.010,0.961,0.029
207500,0.010,0.963,0.027
208000,0.010,0.961,0.029
208500,0.010,0.966,0.024
209000,0.010,0.960,0.030
209500,0.010,0.958,0.032
210000,0.010,0.950,0.040
210500,0.010,0.939,0.051
211000,0.010,0.941,0.049
211500,0.010,0.950,0.040
212000,0.010,0.941,0.049
212500,0.010,0.952,0.038
213000,0.010,0.954,0.036
213500,0.010,0.940,0.050
214000,0.010,0.947,0.043
214500,0.010,0.961,0.029
215000,0.010,0.952,0.038
215500,0.010,0.944,0.046
216000,0.010,0.934,0.056
216500,0.010,0.936,0.053
217000,0.010,0.941,0.049
217500,0.010,0.933,0.056
218000,0.010,0.931,0.058
218500,0.010,0.935,0.055
219000,0.010,0.941,0.049
219500,0.010,0.944,0.046
220000,0.010,0.938,0.052
220500,0.010,0.949,0.041
221000,0.010,0.959,0.031
221500,0.010,0.950,0.040
222000,0.010,0.954,0.036
222500,0.010,0.958,0.032
223000,0.010,0.957,0.033
223500,0.010,0.964,0.026
224000,0.010,0.958,0.032
224500,0.010,0.954,0.036
225000,0.010,0.944,0.046
225500,0.010,0.939,0.051
226000,0.010,0.942,0.048
226500,0.010,0.938,0.052
227000,0.010,0.932,0.057
227500,0.010,0.946,0.044
228000,0.010,0.952,0.038
228500,0.010,0.957,0.033
229000,0.010,0.962,0.028
229500,0.010,0.951,0.039
230000,0.010,0.948,0.042
230500,0.010,0.953,0.037
231000,0.010,0.947,0.043
231500,0.010,0.959,0.031
232000,0.010,0.962,0.028
232500,0.010,0.958,0.032
233000,0.010,0.953,0.037
233500,0.010,0.938,0.052
234000,0.010,0.932,0.058
234500,0.010,0.929,0.060
235000,0.010,0.939,0.051
235500,0.010,0.936,0.054
236000,0.010,0.946,0.044
236500,0.010,0.936,0.053
237000,0.010,0.935,0.055
237500,0.010,0.946,0.044
238000,0.010,0.952,0.038
238500,0.010,0.941,0.049
239000,0.010,0.911,0.079
239500,0.010,0.910,0.080
240000,0.010,0.910,0.080
240500,0.010,0.915,0.075
241000,0.010,0.923,0.067
241500,0.010,0.933,0.056
242000,0.010,0.943,0.047
242500,0.010,0.951,0.039
243000,0.010,0.942,0.048
243500,0.010,0.935,0.054
244000,0.010,0.938,0.052
244500,0.010,0.942,0.048
245000,0.010,0.946,0.044
245500,0.010,0.945,0.045
246000,0.010,0.943,0.047
246500,0.010,0.941,0.049
247000,0.010,0.940,0.050
247500,0.010,0.942,0.048
248000,0.010,0.940,0.050
248500,0.010,0.924,0.066
249000,0.010,0.934,0.056
249500,0.010,0.949,0.041
250000,0.010,0.955,0.035
250500,0.010,0.949,0.041
251000,0.010,0.960,0.030
251500,0.010,0.963,0.027
252000,0.010,0.968,0.022
252500,0.010,0.962,0.028
253000,0.010,0.970,0.020
253500,0.010,0.969,0.021
254000,0.010,0.966,0.024
254500,0.010,0.957,0.033
255000,0.010,0.963,0.027
255500,0.010,0.931,0.058
256000,0.010,0.942,0.048
256500,0.010,0.946,0.044
257000,0.010,0.942,0.048
257500,0.010,0.935,0.055
258000,0.010,0.943,0.047
258500,0.010,0.949,0.041
259000,0.010,0.956,0.034
259500,0.010,0.965,0.025
260000,0.010,0.959,0.031
260500,0.010,0.951,0.039
261000,0.010,0.949,0.041
261500,0.010,0.956,0.034
262000,0.010,0.958,0.032
262500,0.010,0.942,0.048
263000,0.010,0.942,0.048
263500,0.010,0.936,0.053
264000,0.010,0.955,0.035
264500,0.010,0.940,0.050
265000,0.010,0.930,0.060
265500,0.010,0.933,0.056
266000,0.010,0.933,0.056
266500,0.010,0.950,0.040
267000,0.010,0.949,0.041
267500,0.010,0.944,0.046
268000,0.010,0.950,0.040
268500,0.010,0.940,0.050
269000,0.010,0.931,0.058
269500,0.010,0.941,0.049
270000,0.010,0.934,0.056
270500,0.010,0.945,0.045
271000,0.010,0.951,0.039
271500,0.010,0.962,0.028
272000,0.010,0.943,0.047
272500,0.010,0.947,0.043
273000,0.010,0.954,0.036
273500,0.010,0.956,0.034
274000,0.010,0.961,0.029
274500,0.010,0.956,0.034
275000,0.010,0.952,0.038
275500,0.010,0.957,0.033
276000,0.010,0.947,0.043
276500,0.010,0.939,0.051
277000,0.010,0.921,0.069
277500,0.010,0.921,0.069
278000,0.010,0.936,0.053
278500,0.010,0.933,0.057
279000,0.010,0.929,0.060
279500,0.010,0.922,0.068
280000,0.010,0.932,0.058
280500,0.010,0.948,0.042
281000,0.010,0.948,0.042
281500,0.010,0.956,0.034
282000,0.010,0.948,0.042
282500,0.010,0.934,0.055
283000,0.010,0.933,0.056
283500,0.010,0.943,0.047
284000,0.010,0.931,0.058
284500,0.010,0.938,0.052
285000,0.010,0.934,0.055
285500,0.010,0.925,0.065
286000,0.010,0.920,0.070
286500,0.010,0.932,0.057
287000,0.010,0.934,0.055
287500,0.010,0.947,0.043
288000,0.010,0.955,0.035
288500,0.010,0.954,0.036
289000,0.010,0.937,0.053
289500,0.010,0.948,0.042
290000,0.010,0.956,0.034
290500,0.010,0.940,0.050
291000,0.010,0.938,0.052
291500,0.010,0.932,0.057
292000,0.010,0.934,0.056
292500,0.010,0.938,0.052
293000,0.010,0.941,0.049
293500,0.010,0.944,0.046
294000,0.010,0.950,0.040
294500,0.010,0.949,0.041
295000,0.010,0.941,0.049
295500,0.010,0.942,0.048
296000,0.010,0.932,0.058
296500,0.010,0.927,0.062
297000,0.010,0.940,0.050
297500,0.010,0.950,0.040
298000,0.010,0.944,0.046
298500,0.010,0.939,0.051
299000,0.010,0.947,0.043
299500,0.010,0.952,0.038
300000,0.010,0.949,0.041
300500,0.010,0.948,0.042
301000,0.010,0.942,0.048
301500,0.010,0.954,0.036
302000,0.010,0.955,0.035
302500,0.010,0.953,0.037
303000,0.010,0.954,0.036
303500,0.010,0.955,0.035
304000,0.010,0.941,0.049
304500,0.010,0.933,0.057
305000,0.010,0.930,0.060
305500,0.010,0.944,0.046
306000,0.010,0.953,0.037
306500,0.010,0.950,0.040
307000,0.010,0.959,0.031
307500,0.010,0.951,0.039
308000,0.010,0.950,0.040
308500,0.010,0.955,0.035
309000,0.010,0.948,0.042
309500,0.010,0.945,0.045
310000,0.010,0.947,0.043
310500,0.010,0.949,0.041
311000,0.010,0.937,0.053
311500,0.010,0.942,0.048
312000,0.010,0.946,0.044
312500,0.010,0.943,0.047
313000,0.010,0.942,0.048
313500,0.010,0.930,0.060
314000,0.010,0.927,0.063
314500,0.010,0.925,0.065
315000,0.010,0.925,0.065
315500,0.010,0.943,0.047
316000,0.010,0.938,0.052
316500,0.010,0.936,0.054
317000,0.010,0.926,0.064
317500,0.010,0.923,0.067
318000,0.010,0.915,0.075
318500,0.010,0.907,0.083
319000,0.010,0.928,0.062
319500,0.010,0.933,0.056
320000,0.010,0.945,0.045
320500,0.010,0.943,0.047
321000,0.010,0.941,0.049
321500,0.010,0.923,0.067
322000,0.010,0.929,0.060
322500,0.010,0.906,0.084
323000,0.010,0.916,0.074
323500,0.010,0.922,0.068
324000,0.010,0.914,0.076
324500,0.010,0.918,0.072
325000,0.010,0.924,0.066
325500,0.010,0.932,0.058
326000,0.010,0.922,0.068
326500,0.010,0.919,0.071
327000,0.010,0.910,0.080
327500,0.010,0.917,0.073
328000,0.010,0.919,0.071
328500,0.010,0.916,0.074
329000,0.010,0.928,0.062
329500,0.010,0.938,0.052
330000,0.010,0.935,0.054
330500,0.010,0.951,0.039
331000,0.010,0.955,0.035
331500,0.010,0.968,0.022
332000,0.010,0.951,0.039
332500,0.010,0.959,0.031
333000,0.010,0.962,0.028
333500,0.010,0.961,0.029
334000,0.010,0.966,0.024
334500,0.010,0.959,0.031
335000,0.010,0.943,0.047
335500,0.010,0.945,0.045
336000,0.010,0.941,0.049
336500,0.010,0.932,0.057
337000,0.010,0.943,0.047
337500,0.010,0.932,0.058
338000,0.010,0.930,0.060
338500,0.010,0.934,0.055
339000,0.010,0.917,0.073
339500,0.010,0.935,0.055
340000,0.010,0.938,0.052
340500,0.010,0.942,0.048
341000,0.010,0.933,0.056
341500,0.010,0.927,0.062
342000,0.010,0.929,0.060
342500,0.010,0.931,0.058
343000,0.010,0.942,0.048
343500,0.010,0.948,0.042
344000,0.010,0.950,0.040
344500,0.010,0.943,0.047
345000,0.010,0.937,0.053
345500,0.010,0.921,0.069
346000,0.010,0.909,0.081
346500,0.010,0.926,0.064
347000,0.010,0.934,0.055
347500,0.010,0.930,0.060
348000,0.010,0.929,0.060
348500,0.010,0.949,0.041
349000,0.010,0.948,0.042
349500,0.010,0.950,0.040
350000,0.010,0.947,0.043
350500,0.010,0.957,0.033
351000,0.010,0.957,0.033
351500,0.010,0.951,0.039
352000,0.010,0.957,0.033
352500,0.010,0.965,0.025
353000,0.010,0.962,0.028
353500,0.010,0.967,0.023
354000,0.010,0.964,0.026
354500,0.010,0.956,0.034
355000,0.010,0.960,0.030
355500,0.010,0.968,0.022
356000,0.010,0.965,0.025
356500,0.010,0.964,0.026
357000,0.010,0.958,0.032
357500,0.010,0.957,0.033
358000,0.010,0.950,0.040
358500,0.010,0.938,0.052
359000,0.010,0.942,0.048
359500,0.010,0.947,0.043
360000,0.010,0.953,0.037
360500,0.010,0.957,0.033
361000,0.010,0.961,0.029
361500,0.010,0.961,0.029
362000,0.010,0.931,0.058
362500,0.010,0.927,0.063
363000,0.010,0.926,0.064
363500,0.010,0.921,0.069
364000,0.010,0.927,0.063
364500,0.010,0.923,0.067
365000,0.010,0.923,0.067
365500,0.010,0.933,0.056
366000,0.010,0.935,0.055
366500,0.010,0.936,0.054
367000,0.010,0.931,0.059
367500,0.010,0.943,0.047
368000,0.010,0.946,0.044
368500,0.010,0.943,0.047
369000,0.010,0.927,0.062
369500,0.010,0.935,0.055
370000,0.010,0.940,0.050
370500,0.010,0.941,0.049
371000,0.010,0.929,0.060
371500,0.010,0.942,0.048
372000,0.010,0.947,0.043
372500,0.010,0.938,0.052
373000,0.010,0.954,0.036
373500,0.010,0.955,0.035
374000,0.010,0.960,0.030
374500,0.010,0.969,0.021
375000,0.010,0.961,0.029
375500,0.010,0.962,0.028
376000,0.010,0.963,0.027
376500,0.010,0.971,0.019
377000,0.010,0.972,0.018
377500,0.010,0.966,0.024
378000,0.010,0.972,0.018
378500,0.010,0.972,0.018
379000,0.010,0.971,0.019
379500,0.010,0.967,0.023
380000,0.010,0.969,0.021
380500,0.010,0.970,0.020
381000,0.010,0.967,0.023
381500,0.010,0.952,0.038
382000,0.010,0.951,0.039
382500,0.010,0.966,0.024
383000,0.010,0.975,0.015
383500,0.010,0.967,0.023
384000,0.010,0.960,0.030
384500,0.010,0.948,0.042
385000,0.010,0.957,0.033
385500,0.010,0.947,0.043
386000,0.010,0.947,0.043
386500,0.010,0.952,0.038
387000,0.010,0.949,0.041
387500,0.010,0.961,0.029
388000,0.010,0.963,0.027
388500,0.010,0.952,0.038
389000,0.010,0.950,0.040
389500,0.010,0.946,0.044
390000,0.010,0.927,0.062
390500,0.010,0.935,0.055
391000,0.010,0.939,0.051
391500,0.010,0.946,0.044
392000,0.010,0.936,0.053
392500,0.010,0.932,0.058
393000,0.010,0.946,0.044
393500,0.010,0.949,0.041
394000,0.010,0.936,0.053
394500,0.010,0.932,0.057
395000,0.010,0.930,0.059
395500,0.010,0.936,0.053
396000,0.010,0.931,0.059
396500,0.010,0.931,0.058
397000,0.010,0.934,0.055
397500,0.010,0.928,0.062
398000,0.010,0.937,0.053
398500,0.010,0.939,0.051
399000,0.010,0.939,0.051
399500,0.010,0.946,0.044
400000,0.010,0.936,0.053
400500,0.010,0.934,0.055
401000,0.010,0.933,0.057
401500,0.010,0.933,0.056
402000,0.010,0.917,0.073
402500,0.010,0.902,0.088
403000,0.010,0.917,0.073
403500,0.010,0.931,0.058
404000,0.010,0.927,0.062
404500,0.010,0.941,0.049
405000,0.010,0.941,0.049
405500,0.010,0.929,0.060
406000,0.010,0.948,0.042
406500,0.010,0.955,0.035
407000,0.010,0.947,0.043
407500,0.010,0.946,0.044
408000,0.010,0.956,0.034
408500,0.010,0.951,0.039
409000,0.010,0.947,0.043
409500,0.010,0.961,0.029
410000,0.010,0.969,0.021
410500,0.010,0.968,0.022
411000,0.010,0.959,0.031
411500,0.010,0.957,0.033
412000,0.010,0.957,0.033
412500,0.010,0.962,0.028
413000,0.010,0.956,0.034
413500,0.010,0.951,0.039
414000,0.010,0.949,0.041
414500,0.010,0.944,0.046
415000,0.010,0.942,0.048
415500,0.010,0.940,0.050
416000,0.010,0.938,0.052
416500,0.010,0.940,0.050
417000,0.010,0.955,0.035
417500,0.010,0.940,0.050
418000,0.010,0.922,0.068
418500,0.010,0.922,0.068
419000,0.010,0.936,0.053
419500,0.010,0.953,0.037
420000,0.010,0.958,0.032
420500,0.010,0.959,0.031
421000,0.010,0.960,0.030
421500,0.010,0.950,0.040
422000,0.010,0.951,0.039
422500,0.010,0.928,0.062
423000,0.010,0.922,0.068
423500,0.010,0.933,0.057
424000,0.010,0.915,0.075
424500,0.010,0.920,0.070
425000,0.010,0.914,0.076
425500,0.010,0.930,0.060
426000,0.010,0.933,0.056
426500,0.010,0.937,0.053
427000,0.010,0.940,0.050
427500,0.010,0.934,0.055
428000,0.010,0.944,0.046
428500,0.010,0.945,0.045
429000,0.010,0.947,0.043
429500,0.010,0.953,0.037
430000,0.010,0.940,0.050
430500,0.010,0.933,0.057
431000,0.010,0.935,0.054
431500,0.010,0.925,0.065
432000,0.010,0.917,0.073
432500,0.010,0.911,0.079
433000,0.010,0.916,0.074
433500,0.010,0.914,0.076
434000,0.010,0.915,0.075
434500,0.010,0.923,0.067
435000,0.010,0.941,0.049
435500,0.010,0.928,0.062
436000,0.010,0.910,0.080
436500,0.010,0.934,0.056
437000,0.010,0.932,0.058
437500,0.010,0.915,0.075
438000,0.010,0.912,0.078
438500,0.010,0.906,0.084
439000,0.010,0.914,0.076
439500,0.010,0.921,0.069
440000,0.010,0.938,0.052
440500,0.010,0.953,0.037
441000,0.010,0.959,0.031
441500,0.010,0.938,0.052
442000,0.010,0.939,0.051
442500,0.010,0.942,0.048
443000,0.010,0.944,0.046
443500,0.010,0.952,0.038
444000,0.010,0.944,0.046
444500,0.010,0.941,0.049
445000,0.010,0.937,0.053
445500,0.010,0.949,0.041
446000,0.010,0.934,0.055
446500,0.010,0.942,0.048
447000,0.010,0.940,0.050
447500,0.010,0.946,0.044
448000,0.010,0.954,0.036
448500,0.010,0.946,0.044
449000,0.010,0.943,0.047
449500,0.010,0.958,0.032
450000,0.010,0.957,0.033
450500,0.010,0.959,0.031
451000,0.010,0.956,0.034
451500,0.010,0.942,0.048
452000,0.010,0.932,0.058
452500,0.010,0.933,0.056
453000,0.010,0.920,0.070
453500,0.010,0.923,0.067
454000,0.010,0.931,0.058
454500,0.010,0.929,0.061
455000,0.010,0.933,0.057
455500,0.010,0.928,0.061
456000,0.010,0.939,0.051
456500,0.010,0.955,0.035
457000,0.010,0.955,0.035
457500,0.010,0.946,0.044
458000,0.010,0.928,0.062
458500,0.010,0.940,0.050
459000,0.010,0.924,0.066
459500,0.010,0.927,0.062
460000,0.010,0.926,0.064
460500,0.010,0.931,0.059
461000,0.010,0.934,0.055
461500,0.010,0.944,0.046
462000,0.010,0.934,0.055
462500,0.010,0.942,0.048
463000,0.010,0.947,0.043
463500,0.010,0.942,0.048
464000,0.010,0.948,0.042
464500,0.010,0.946,0.044
465000,0.010,0.950,0.040
465500,0.010,0.958,0.032
466000,0.010,0.956,0.034
466500,0.010,0.954,0.036
467000,0.010,0.948,0.042
467500,0.010,0.942,0.048
468000,0.010,0.928,0.062
468500,0.010,0.931,0.058
469000,0.010,0.939,0.051
469500,0.010,0.922,0.068
470000,0.010,0.918,0.072
470500,0.010,0.932,0.058
471000,0.010,0.949,0.041
471500,0.010,0.946,0.044
472000,0.010,0.920,0.070
472500,0.010,0.921,0.069
473000,0.010,0.924,0.066
473500,0.010,0.916,0.074
474000,0.010,0.930,0.060
474500,0.010,0.939,0.051
475000,0.010,0.941,0.049
475500,0.010,0.941,0.049
476000,0.010,0.930,0.059
476500,0.010,0.952,0.038
477000,0.010,0.948,0.042
477500,0.010,0.946,0.044
478000,0.010,0.942,0.048
478500,0.010,0.945,0.045
479000,0.010,0.939,0.051
479500,0.010,0.947,0.043
480000,0.010,0.941,0.049
480500,0.010,0.949,0.041
481000,0.010,0.944,0.046
481500,0.010,0.946,0.044
482000,0.010,0.926,0.064
482500,0.010,0.937,0.053
483000,0.010,0.930,0.059
483500,0.010,0.921,0.069
484000,0.010,0.928,0.061
484500,0.010,0.927,0.063
485000,0.010,0.935,0.054
485500,0.010,0.933,0.056
486000,0.010,0.947,0.043
486500,0.010,0.938,0.052
487000,0.010,0.937,0.053
487500,0.010,0.945,0.045
488000,0.010,0.953,0.037
488500,0.010,0.943,0.047
489000,0.010,0.962,0.028
489500,0.010,0.959,0.031
490000,0.010,0.959,0.031
490500,0.010,0.961,0.029
491000,0.010,0.969,0.021
491500,0.010,0.967,0.023
492000,0.010,0.963,0.027
492500,0.010,0.964,0.026
493000,0.010,0.956,0.034
493500,0.010,0.945,0.045
494000,0.010,0.949,0.041
494500,0.010,0.935,0.055
495000,0.010,0.941,0.049
495500,0.010,0.949,0.041
496000,0.010,0.950,0.040
496500,0.010,0.946,0.044
497000,0.010,0.928,0.061
497500,0.010,0.916,0.074
498000,0.010,0.919,0.071
498500,0.010,0.907,0.083
499000,0.010,0.921,0.069
499500,0.010,0.928,0.062
500000,0.010,0.935,0.055
500500,0.010,0.927,0.063
501000,0.010,0.943,0.047
501500,0.010,0.938,0.052
502000,0.010,0.946,0.044
502500,0.010,0.933,0.056
503000,0.010,0.912,0.078
503500,0.010,0.907,0.083
504000,0.010,0.907,0.083
504500,0.010,0.907,0.083
505000,0.010,0.922,0.068
505500,0.010,0.924,0.066
506000,0.010,0.931,0.058
506500,0.010,0.926,0.064
507000,0.010,0.927,0.063
507500,0.010,0.932,0.057
508000,0.010,0.936,0.054
508500,0.010,0.928,0.062
509000,0.010,0.916,0.074
509500,0.010,0.916,0.074
510000,0.010,0.927,0.062
510500,0.010,0.927,0.063
511000,0.010,0.917,0.073
511500,0.010,0.929,0.060
512000,0.010,0.934,0.055
512500,0.010,0.937,0.053
513000,0.010,0.947,0.043
513500,0.010,0.956,0.034
514000,0.010,0.955,0.035
514500,0.010,0.945,0.045
515000,0.010,0.941,0.049
515500,0.010,0.925,0.065
516000,0.010,0.933,0.057
516500,0.010,0.932,0.058
517000,0.010,0.944,0.046
517500,0.010,0.951,0.039
518000,0.010,0.950,0.040
518500,0.010,0.940,0.050
519000,0.010,0.936,0.053
519500,0.010,0.940,0.050
520000,0.010,0.938,0.052
520500,0.010,0.942,0.048
521000,0.010,0.942,0.048
521500,0.010,0.951,0.039
522000,0.010,0.955,0.035
522500,0.010,0.950,0.040
523000,0.010,0.949,0.041
523500,0.010,0.949,0.041
524000,0.010,0.952,0.038
524500,0.010,0.949,0.041
525000,0.010,0.942,0.048
525500,0.010,0.949,0.041
526000,0.010,0.956,0.034
526500,0.010,0.923,0.067
527000,0.010,0.903,0.087
527500,0.010,0.922,0.068
528000,0.010,0.921,0.069
528500,0.010,0.934,0.056
529000,0.010,0.935,0.054
529500,0.010,0.941,0.049
530000,0.010,0.933,0.057
530500,0.010,0.939,0.051
531000,0.010,0.948,0.042
531500,0.010,0.954,0.036
532000,0.010,0.961,0.029
532500,0.010,0.952,0.038
533000,0.010,0.958,0.032
533500,0.010,0.958,0.032
534000,0.010,0.965,0.025
534500,0.010,0.950,0.040
535000,0.010,0.946,0.044
535500,0.010,0.943,0.047
536000,0.010,0.951,0.039
536500,0.010,0.947,0.043
537000,0.010,0.954,0.036
537500,0.010,0.959,0.031
538000,0.010,0.959,0.031
538500,0.010,0.953,0.037
539000,0.010,0.952,0.038
539500,0.010,0.930,0.059
540000,0.010,0.915,0.075
540500,0.010,0.910,0.080
541000,0.010,0.924,0.066
541500,0.010,0.928,0.062
542000,0.010,0.929,0.061
542500,0.010,0.925,0.065
543000,0.010,0.921,0.069
543500,0.010,0.926,0.064
544000,0.010,0.930,0.060
544500,0.010,0.934,0.056
545000,0.010,0.933,0.056
545500,0.010,0.949,0.041
546000,0.010,0.936,0.054
546500,0.010,0.922,0.068
547000,0.010,0.917,0.073
547500,0.010,0.918,0.072
548000,0.010,0.919,0.071
548500,0.010,0.917,0.073
549000,0.010,0.910,0.080
549500,0.010,0.910,0.080
550000,0.010,0.917,0.073
550500,0.010,0.926,0.064
551000,0.010,0.929,0.060
551500,0.010,0.938,0.052
552000,0.010,0.928,0.061
552500,0.010,0.928,0.062
553000,0.010,0.938,0.052
553500,0.010,0.926,0.064
554000,0.010,0.933,0.056
554500,0.010,0.941,0.049
555000,0.010,0.942,0.048
555500,0.010,0.954,0.036
556000,0.010,0.940,0.050
556500,0.010,0.944,0.046
557000,0.010,0.942,0.048
557500,0.010,0.932,0.057
558000,0.010,0.936,0.053
558500,0.010,0.933,0.057
559000,0.010,0.928,0.061
559500,0.010,0.910,0.080
560000,0.010,0.924,0.066
560500,0.010,0.935,0.054
561000,0.010,0.924,0.066
561500,0.010,0.944,0.046
562000,0.010,0.941,0.049
562500,0.010,0.925,0.065
563000,0.010,0.917,0.073
563500,0.010,0.921,0.069
564000,0.010,0.912,0.078
564500,0.010,0.926,0.064
565000,0.010,0.920,0.070
565500,0.010,0.932,0.058
566000,0.010,0.939,0.051
566500,0.010,0.940,0.050
567000,0.010,0.947,0.043
567500,0.010,0.935,0.055
568000,0.010,0.943,0.047
568500,0.010,0.930,0.059
569000,0.010,0.929,0.061
569500,0.010,0.932,0.058
570000,0.010,0.936,0.054
570500,0.010,0.934,0.056
571000,0.010,0.944,0.046
571500,0.010,0.945,0.045
572000,0.010,0.932,0.058
572500,0.010,0.932,0.058
573000,0.010,0.921,0.069
573500,0.010,0.933,0.057
574000,0.010,0.938,0.052
574500,0.010,0.937,0.053
575000,0.010,0.952,0.038
575500,0.010,0.964,0.026
576000,0.010,0.957,0.033
576500,0.010,0.958,0.032
577000,0.010,0.966,0.024
577500,0.010,0.963,0.027
578000,0.010,0.946,0.044
578500,0.010,0.949,0.041
579000,0.010,0.938,0.052
579500,0.010,0.948,0.042
580000,0.010,0.948,0.042
580500,0.010,0.948,0.042
581000,0.010,0.956,0.034
581500,0.010,0.961,0.029
582000,0.010,0.958,0.032
582500,0.010,0.958,0.032
583000,0.010,0.956,0.034
583500,0.010,0.947,0.043
584000,0.010,0.952,0.038
584500,0.010,0.945,0.045
585000,0.010,0.956,0.034
585500,0.010,0.953,0.037
586000,0.010,0.963,0.027
586500,0.010,0.956,0.034
587000,0.010,0.956,0.034
587500,0.010,0.956,0.034
588000,0.010,0.950,0.040
588500,0.010,0.947,0.043
589000,0.010,0.947,0.043
589500,0.010,0.943,0.047
590000,0.010,0.942,0.048
590500,0.010,0.922,0.068
591000,0.010,0.932,0.058
591500,0.010,0.938,0.052
592000,0.010,0.947,0.043
592500,0.010,0.961,0.029
593000,0.010,0.963,0.027
593500,0.010,0.957,0.033
594000,0.010,0.952,0.038
594500,0.010,0.962,0.028
595000,0.010,0.967,0.023
595500,0.010,0.951,0.039
596000,0.010,0.954,0.036
596500,0.010,0.942,0.048
597000,0.010,0.959,0.031
597500,0.010,0.957,0.033
598000,0.010,0.958,0.032
598500,0.010,0.965,0.025
599000,0.010,0.959,0.031
599500,0.010,0.958,0.032
600000,0.010,0.951,0.039
600500,0.010,0.942,0.048
601000,0.010,0.936,0.054
601500,0.010,0.948,0.042
602000,0.010,0.936,0.054
602500,0.010,0.938,0.052
603000,0.010,0.941,0.049
603500,0.010,0.945,0.045
604000,0.010,0.946,0.044
604500,0.010,0.941,0.049
605000,0.010,0.946,0.044
605500,0.010,0.947,0.043
606000,0.010,0.956,0.034
606500,0.010,0.958,0.032
607000,0.010,0.948,0.042
607500,0.010,0.944,0.046
608000,0.010,0.933,0.057
608500,0.010,0.940,0.050
609000,0.010,0.934,0.055
609500,0.010,0.948,0.042
610000,0.010,0.947,0.043
610500,0.010,0.942,0.048
611000,0.010,0.942,0.048
611500,0.010,0.933,0.057
612000,0.010,0.925,0.065
612500,0.010,0.931,0.059
613000,0.010,0.926,0.064
613500,0.010,0.934,0.056
614000,0.010,0.934,0.055
614500,0.010,0.930,0.059
615000,0.010,0.930,0.059
615500,0.010,0.923,0.067
616000,0.010,0.920,0.070
616500,0.010,0.925,0.065
617000,0.010,0.936,0.054
617500,0.010,0.925,0.065
618000,0.010,0.939,0.051
618500,0.010,0.932,0.058
619000,0.010,0.945,0.045
619500,0.010,0.940,0.050
620000,0.010,0.948,0.042
620500,0.010,0.953,0.037
621000,0.010,0.949,0.041
621500,0.010,0.957,0.033
622000,0.010,0.958,0.032
622500,0.010,0.957,0.033
623000,0.010,0.953,0.037
623500,0.010,0.944,0.046
624000,0.010,0.949,0.041
624500,0.010,0.931,0.059
625000,0.010,0.930,0.060
625500,0.010,0.938,0.052
626000,0.010,0.947,0.043
626500,0.010,0.946,0.044
627000,0.010,0.946,0.044
627500,0.010,0.946,0.044
628000,0.010,0.948,0.042
628500,0.010,0.931,0.058
629000,0.010,0.944,0.046
629500,0.010,0.948,0.042
630000,0.010,0.951,0.039
630500,0.010,0.952,0.038
631000,0.010,0.953,0.037
631500,0.010,0.944,0.046
632000,0.010,0.947,0.043
632500,0.010,0.947,0.043
633000,0.010,0.945,0.045
633500,0.010,0.929,0.060
634000,0.010,0.921,0.069
634500,0.010,0.942,0.048
635000,0.010,0.934,0.056
635500,0.010,0.924,0.066
636000,0.010,0.931,0.059
636500,0.010,0.939,0.051
637000,0.010,0.931,0.058
637500,0.010,0.931,0.059
638000,0.010,0.932,0.057
638500,0.010,0.931,0.058
639000,0.010,0.942,0.048
639500,0.010,0.954,0.036
640000,0.010,0.945,0.045
640500,0.010,0.942,0.048
641000,0.010,0.936,0.053
641500,0.010,0.942,0.048
642000,0.010,0.951,0.039
642500,0.010,0.949,0.041
643000,0.010,0.953,0.037
643500,0.010,0.956,0.034
644000,0.010,0.960,0.030
644500,0.010,0.959,0.031
645000,0.010,0.957,0.033
645500,0.010,0.955,0.035
646000,0.010,0.937,0.053
646500,0.010,0.951,0.039
647000,0.010,0.940,0.050
647500,0.010,0.935,0.054
648000,0.010,0.923,0.067
648500,0.010,0.920,0.070
649000,0.010,0.933,0.057
649500,0.010,0.943,0.047
650000,0.010,0.946,0.044
650500,0.010,0.950,0.040
651000,0.010,0.951,0.039
651500,0.010,0.947,0.043
652000,0.010,0.940,0.050
652500,0.010,0.942,0.048
653000,0.010,0.944,0.046
653500,0.010,0.940,0.050
654000,0.010,0.929,0.060
654500,0.010,0.922,0.068
655000,0.010,0.920,0.070
655500,0.010,0.924,0.066
656000,0.010,0.935,0.055
656500,0.010,0.933,0.057
657000,0.010,0.936,0.053
657500,0.010,0.950,0.040
658000,0.010,0.952,0.038
658500,0.010,0.949,0.041
659000,0.010,0.945,0.045
659500,0.010,0.943,0.047
660000,0.010,0.927,0.062
660500,0.010,0.925,0.065
661000,0.010,0.935,0.055
661500,0.010,0.939,0.051
662000,0.010,0.928,0.061
662500,0.010,0.911,0.079
663000,0.010,0.929,0.061
663500,0.010,0.936,0.054
664000,0.010,0.932,0.057
664500,0.010,0.940,0.050
665000,0.010,0.924,0.066
665500,0.010,0.945,0.045
666000,0.010,0.957,0.033
666500,0.010,0.949,0.041
667000,0.010,0.953,0.037
667500,0.010,0.928,0.061
668000,0.010,0.931,0.058
668500,0.010,0.936,0.053
669000,0.010,0.942,0.048
669500,0.010,0.942,0.048
670000,0.010,0.947,0.043
670500,0.010,0.951,0.039
671000,0.010,0.961,0.029
671500,0.010,0.958,0.032
672000,0.010,0.951,0.039
672500,0.010,0.950,0.040
673000,0.010,0.951,0.039
673500,0.010,0.951,0.039
674000,0.010,0.965,0.025
674500,0.010,0.959,0.031
675000,0.010,0.971,0.019
675500,0.010,0.969,0.021
676000,0.010,0.968,0.022
676500,0.010,0.956,0.034
677000,0.010,0.951,0.039
677500,0.010,0.954,0.036
678000,0.010,0.946,0.044
678500,0.010,0.940,0.050
679000,0.010,0.946,0.044
679500,0.010,0.941,0.049
680000,0.010,0.943,0.047
680500,0.010,0.946,0.044
681000,0.010,0.951,0.039
681500,0.010,0.952,0.038
682000,0.010,0.943,0.047
682500,0.010,0.944,0.046
683000,0.010,0.939,0.051
683500,0.010,0.945,0.045
684000,0.010,0.936,0.053
684500,0.010,0.948,0.042
685000,0.010,0.942,0.048
685500,0.010,0.940,0.050
686000,0.010,0.952,0.038
686500,0.010,0.947,0.043
687000,0.010,0.938,0.052
687500,0.010,0.939,0.051
688000,0.010,0.936,0.053
688500,0.010,0.940,0.050
689000,0.010,0.934,0.056
689500,0.010,0.946,0.044
690000,0.010,0.936,0.054
690500,0.010,0.931,0.059
691000,0.010,0.940,0.050
691500,0.010,0.947,0.043
692000,0.010,0.951,0.039
692500,0.010,0.951,0.039
693000,0.010,0.949,0.041
693500,0.010,0.945,0.045
694000,0.010,0.941,0.049
694500,0.010,0.940,0.050
695000,0.010,0.938,0.052
695500,0.010,0.929,0.061
696000,0.010,0.915,0.075
696500,0.010,0.921,0.069
697000,0.010,0.928,0.061
697500,0.010,0.938,0.052
698000,0.010,0.949,0.041
698500,0.010,0.948,0.042
699000,0.010,0.945,0.045
699500,0.010,0.955,0.035
700000,0.010,0.948,0.042
700500,0.010,0.943,0.047
701000,0.010,0.948,0.042
701500,0.010,0.935,0.054
702000,0.010,0.950,0.040
702500,0.010,0.950,0.040
703000,0.010,0.927,0.063
703500,0.010,0.933,0.057
704000,0.010,0.924,0.066
704500,0.010,0.930,0.060
705000,0.010,0.933,0.056
705500,0.010,0.941,0.049
706000,0.010,0.941,0.049
706500,0.010,0.938,0.052
707000,0.010,0.941,0.049
707500,0.010,0.937,0.053
708000,0.010,0.930,0.059
708500,0.010,0.941,0.049
709000,0.010,0.939,0.051
709500,0.010,0.945,0.045
710000,0.010,0.947,0.043
710500,0.010,0.939,0.051
711000,0.010,0.935,0.054
711500,0.010,0.896,0.094
712000,0.010,0.900,0.090
712500,0.010,0.905,0.085
713000,0.010,0.919,0.071
713500,0.010,0.925,0.065
714000,0.010,0.933,0.056
714500,0.010,0.936,0.054
715000,0.010,0.921,0.069
715500,0.010,0.933,0.057
716000,0.010,0.926,0.064
716500,0.010,0.931,0.059
717000,0.010,0.936,0.053
717500,0.010,0.936,0.053
718000,0.010,0.952,0.038
718500,0.010,0.947,0.043
719000,0.010,0.950,0.040
719500,0.010,0.951,0.039
720000,0.010,0.958,0.032
720500,0.010,0.970,0.020
721000,0.010,0.950,0.040
721500,0.010,0.947,0.043
722000,0.010,0.959,0.031
722500,0.010,0.965,0.025
723000,0.010,0.955,0.035
723500,0.010,0.957,0.033
724000,0.010,0.955,0.035
724500,0.010,0.955,0.035
725000,0.010,0.958,0.032
725500,0.010,0.954,0.036
726000,0.010,0.951,0.039
726500,0.010,0.941,0.049
727000,0.010,0.932,0.057
727500,0.010,0.953,0.037
728000,0.010,0.952,0.038
728500,0.010,0.939,0.051
729000,0.010,0.945,0.045
729500,0.010,0.930,0.060
730000,0.010,0.928,0.061
730500,0.010,0.940,0.050
731000,0.010,0.935,0.055
731500,0.010,0.943,0.047
732000,0.010,0.956,0.034
732500,0.010,0.960,0.030
733000,0.010,0.969,0.021
733500,0.010,0.977,0.013
734000,0.010,0.966,0.024
734500,0.010,0.947,0.043
735000,0.010,0.925,0.065
735500,0.010,0.943,0.047
736000,0.010,0.953,0.037
736500,0.010,0.954,0.036
737000,0.010,0.963,0.027
737500,0.010,0.951,0.039
738000,0.010,0.948,0.042
738500,0.010,0.942,0.048
739000,0.010,0.946,0.044
739500,0.010,0.951,0.039
740000,0.010,0.954,0.036
740500,0.010,0.958,0.032
741000,0.010,0.970,0.020
741500,0.010,0.964,0.026
742000,0.010,0.964,0.026
742500,0.010,0.959,0.031
743000,0.010,0.953,0.037
743500,0.010,0.965,0.025
744000,0.010,0.957,0.033
744500,0.010,0.963,0.027
745000,0.010,0.967,0.023
745500,0.010,0.970,0.020
746000,0.010,0.969,0.021
746500,0.010,0.963,0.027
747000,0.010,0.944,0.046
747500,0.010,0.942,0.048
748000,0.010,0.953,0.037
748500,0.010,0.961,0.029
749000,0.010,0.963,0.027
749500,0.010,0.957,0.033
750000,0.010,0.964,0.026
750500,0.010,0.963,0.027
751000,0.010,0.969,0.021
751500,0.010,0.973,0.017
752000,0.010,0.970,0.020
752500,0.010,0.965,0.025
753000,0.010,0.966,0.024
753500,0.010,0.955,0.035
754000,0.010,0.952,0.038
754500,0.010,0.954,0.036
755000,0.010,0.954,0.036
755500,0.010,0.955,0.035
756000,0.010,0.964,0.026
756500,0.010,0.962,0.028
757000,0.010,0.960,0.030
757500,0.010,0.953,0.037
758000,0.010,0.955,0.035
758500,0.010,0.944,0.046
759000,0.010,0.945,0.045
759500,0.010,0.939,0.051
760000,0.010,0.940,0.050
760500,0.010,0.947,0.043
761000,0.010,0.946,0.044
761500,0.010,0.946,0.044
762000,0.010,0.947,0.043
762500,0.010,0.947,0.043
763000,0.010,0.942,0.048
763500,0.010,0.940,0.050
764000,0.010,0.947,0.043
764500,0.010,0.948,0.042
765000,0.010,0.950,0.040
765500,0.010,0.944,0.046
766000,0.010,0.939,0.051
766500,0.010,0.927,0.062
767000,0.010,0.944,0.046
767500,0.010,0.951,0.039
768000,0.010,0.959,0.031
768500,0.010,0.946,0.044
769000,0.010,0.940,0.050
769500,0.010,0.947,0.043
770000,0.010,0.942,0.048
770500,0.010,0.940,0.050
771000,0.010,0.940,0.050
771500,0.010,0.943,0.047
772000,0.010,0.950,0.040
772500,0.010,0.956,0.034
773000,0.010,0.961,0.029
773500,0.010,0.954,0.036
774000,0.010,0.944,0.046
774500,0.010,0.931,0.059
775000,0.010,0.919,0.071
775500,0.010,0.913,0.077
776000,0.010,0.914,0.076
776500,0.010,0.912,0.078
777000,0.010,0.921,0.069
777500,0.010,0.922,0.068
778000,0.010,0.931,0.058
778500,0.010,0.946,0.044
779000,0.010,0.950,0.040
779500,0.010,0.946,0.044
780000,0.010,0.936,0.054
780500,0.010,0.951,0.039
781000,0.010,0.955,0.035
781500,0.010,0.951,0.039
782000,0.010,0.936,0.053
782500,0.010,0.944,0.046
783000,0.010,0.934,0.056
783500,0.010,0.930,0.059
784000,0.010,0.930,0.060
784500,0.010,0.906,0.084
785000,0.010,0.918,0.072
785500,0.010,0.923,0.067
786000,0.010,0.944,0.046
786500,0.010,0.934,0.056
787000,0.010,0.929,0.060
787500,0.010,0.937,0.053
788000,0.010,0.954,0.036
788500,0.010,0.946,0.044
789000,0.010,0.946,0.044
789500,0.010,0.943,0.047
790000,0.010,0.948,0.042
790500,0.010,0.932,0.058
791000,0.010,0.940,0.050
791500,0.010,0.941,0.049
792000,0.010,0.941,0.049
792500,0.010,0.930,0.059
793000,0.010,0.927,0.063
793500,0.010,0.923,0.067
794000,0.010,0.912,0.078
794500,0.010,0.914,0.076
795000,0.010,0.924,0.066
795500,0.010,0.930,0.060
796000,0.010,0.936,0.053
796500,0.010,0.939,0.051
797000,0.010,0.932,0.057
797500,0.010,0.927,0.063
798000,0.010,0.939,0.051
798500,0.010,0.947,0.043
799000,0.010,0.945,0.045
799500,0.010,0.942,0.048
800000,0.010,0.941,0.049
800500,0.010,0.930,0.059
801000,0.010,0.924,0.066
801500,0.010,0.912,0.078
802000,0.010,0.918,0.072
802500,0.010,0.924,0.066
803000,0.010,0.927,0.062
803500,0.010,0.939,0.051
804000,0.010,0.942,0.048
804500,0.010,0.937,0.053
805000,0.010,0.946,0.044
805500,0.010,0.959,0.031
806000,0.010,0.944,0.046
806500,0.010,0.932,0.058
807000,0.010,0.933,0.056
807500,0.010,0.922,0.068
808000,0.010,0.917,0.073
808500,0.010,0.927,0.062
809000,0.010,0.942,0.048
809500,0.010,0.943,0.047
810000,0.010,0.950,0.040
810500,0.010,0.958,0.032
811000,0.010,0.965,0.025
811500,0.010,0.962,0.028
812000,0.010,0.964,0.026
812500,0.010,0.954,0.036
813000,0.010,0.950,0.040
813500,0.010,0.927,0.062
814000,0.010,0.934,0.055
814500,0.010,0.936,0.054
815000,0.010,0.946,0.044
815500,0.010,0.940,0.050
816000,0.010,0.946,0.044
816500,0.010,0.944,0.046
817000,0.010,0.947,0.043
817500,0.010,0.958,0.032
818000,0.010,0.953,0.037
818500,0.010,0.958,0.032
819000,0.010,0.942,0.048
819500,0.010,0.945,0.045
820000,0.010,0.936,0.053
820500,0.010,0.925,0.065
821000,0.010,0.923,0.067
821500,0.010,0.930,0.060
822000,0.010,0.939,0.051
822500,0.010,0.944,0.046
823000,0.010,0.930,0.059
823500,0.010,0.940,0.050
824000,0.010,0.929,0.061
824500,0.010,0.919,0.071
825000,0.010,0.918,0.072
825500,0.010,0.914,0.076
826000,0.010,0.912,0.078
826500,0.010,0.929,0.061
827000,0.010,0.942,0.048
827500,0.010,0.940,0.050
828000,0.010,0.939,0.051
828500,0.010,0.936,0.053
829000,0.010,0.934,0.056
829500,0.010,0.947,0.043
830000,0.010,0.946,0.044
830500,0.010,0.951,0.039
831000,0.010,0.952,0.038
831500,0.010,0.954,0.036
832000,0.010,0.942,0.048
832500,0.010,0.942,0.048
833000,0.010,0.926,0.064
833500,0.010,0.933,0.056
834000,0.010,0.937,0.053
834500,0.010,0.934,0.056
835000,0.010,0.936,0.054
835500,0.010,0.954,0.036
836000,0.010,0.951,0.039
836500,0.010,0.957,0.033
837000,0.010,0.959,0.031
837500,0.010,0.954,0.036
838000,0.010,0.953,0.037
838500,0.010,0.946,0.044
839000,0.010,0.959,0.031
839500,0.010,0.956,0.034
840000,0.010,0.952,0.038
840500,0.010,0.949,0.041
841000,0.010,0.957,0.033
841500,0.010,0.964,0.026
842000,0.010,0.952,0.038
842500,0.010,0.965,0.025
843000,0.010,0.968,0.022
843500,0.010,0.961,0.029
844000,0.010,0.956,0.034
844500,0.010,0.974,0.016
845000,0.010,0.972,0.018
845500,0.010,0.969,0.021
846000,0.010,0.972,0.018
846500,0.010,0.961,0.029
847000,0.010,0.961,0.029
847500,0.010,0.963,0.027
848000,0.010,0.953,0.037
848500,0.010,0.942,0.048
849000,0.010,0.941,0.049
849500,0.010,0.944,0.046
850000,0.010,0.933,0.056
850500,0.010,0.950,0.040
851000,0.010,0.952,0.038
851500,0.010,0.943,0.047
852000,0.010,0.939,0.051
852500,0.010,0.929,0.060
853000,0.010,0.933,0.056
853500,0.010,0.921,0.069
854000,0.010,0.934,0.055
854500,0.010,0.939,0.051
855000,0.010,0.940,0.050
855500,0.010,0.933,0.057
856000,0.010,0.924,0.066
856500,0.010,0.919,0.071
857000,0.010,0.922,0.068
857500,0.010,0.924,0.066
858000,0.010,0.926,0.064
858500,0.010,0.942,0.048
859000,0.010,0.932,0.058
859500,0.010,0.937,0.053
860000,0.010,0.925,0.065
860500,0.010,0.928,0.061
861000,0.010,0.934,0.055
861500,0.010,0.927,0.062
862000,0.010,0.935,0.055
862500,0.010,0.932,0.058
863000,0.010,0.945,0.045
863500,0.010,0.956,0.034
864000,0.010,0.942,0.048
864500,0.010,0.943,0.047
865000,0.010,0.953,0.037
865500,0.010,0.950,0.040
866000,0.010,0.951,0.039
866500,0.010,0.940,0.050
867000,0.010,0.941,0.049
867500,0.010,0.923,0.067
868000,0.010,0.924,0.066
868500,0.010,0.930,0.060
869000,0.010,0.933,0.056
869500,0.010,0.921,0.069
870000,0.010,0.908,0.082
870500,0.010,0.925,0.065
871000,0.010,0.927,0.062
871500,0.010,0.935,0.054
872000,0.010,0.943,0.047
872500,0.010,0.946,0.044
873000,0.010,0.938,0.052
873500,0.010,0.954,0.036
874000,0.010,0.957,0.033
874500,0.010,0.954,0.036
875000,0.010,0.959,0.031
875500,0.010,0.955,0.035
876000,0.010,0.958,0.032
876500,0.010,0.947,0.043
877000,0.010,0.955,0.035
877500,0.010,0.952,0.038
878000,0.010,0.946,0.044
878500,0.010,0.948,0.042
879000,0.010,0.948,0.042
879500,0.010,0.948,0.042
880000,0.010,0.948,0.042
880500,0.010,0.953,0.037
881000,0.010,0.947,0.043
881500,0.010,0.957,0.033
882000,0.010,0.956,0.034
882500,0.010,0.965,0.025
883000,0.010,0.955,0.035
883500,0.010,0.952,0.038
884000,0.010,0.960,0.030
884500,0.010,0.961,0.029
885000,0.010,0.960,0.030
885500,0.010,0.968,0.022
886000,0.010,0.974,0.016
886500,0.010,0.968,0.022
887000,0.010,0.969,0.021
887500,0.010,0.961,0.029
888000,0.010,0.961,0.029
888500,0.010,0.952,0.038
889000,0.010,0.940,0.050
889500,0.010,0.936,0.053
890000,0.010,0.946,0.044
890500,0.010,0.929,0.060
891000,0.010,0.936,0.054
891500,0.010,0.931,0.059
892000,0.010,0.930,0.059
892500,0.010,0.938,0.052
893000,0.010,0.940,0.050
893500,0.010,0.935,0.055
894000,0.010,0.945,0.045
894500,0.010,0.957,0.033
895000,0.010,0.952,0.038
895500,0.010,0.951,0.039
896000,0.010,0.953,0.037
896500,0.010,0.944,0.046
897000,0.010,0.944,0.046
897500,0.010,0.949,0.041
898000,0.010,0.962,0.028
898500,0.010,0.954,0.036
899000,0.010,0.941,0.049
899500,0.010,0.941,0.049
900000,0.010,0.958,0.032
900500,0.010,0.946,0.044
901000,0.010,0.942,0.048
901500,0.010,0.942,0.048
902000,0.010,0.935,0.055
902500,0.010,0.935,0.054
903000,0.010,0.909,0.081
903500,0.010,0.923,0.067
904000,0.010,0.920,0.070
904500,0.010,0.900,0.090
905000,0.010,0.913,0.077
905500,0.010,0.907,0.083
906000,0.010,0.915,0.075
906500,0.010,0.933,0.057
907000,0.010,0.944,0.046
907500,0.010,0.948,0.042
908000,0.010,0.951,0.039
908500,0.010,0.962,0.028
909000,0.010,0.963,0.027
909500,0.010,0.954,0.036
910000,0.010,0.939,0.051
910500,0.010,0.946,0.044
911000,0.010,0.946,0.044
911500,0.010,0.961,0.029
912000,0.010,0.961,0.029
912500,0.010,0.951,0.039
913000,0.010,0.953,0.037
913500,0.010,0.949,0.041
914000,0.010,0.943,0.047
914500,0.010,0.945,0.045
915000,0.010,0.931,0.059
915500,0.010,0.935,0.054
916000,0.010,0.945,0.045
916500,0.010,0.945,0.045
917000,0.010,0.949,0.041
917500,0.010,0.954,0.036
918000,0.010,0.953,0.037
918500,0.010,0.959,0.031
919000,0.010,0.962,0.028
919500,0.010,0.957,0.033
920000,0.010,0.933,0.057
920500,0.010,0.936,0.053
921000,0.010,0.928,0.061
921500,0.010,0.912,0.078
922000,0.010,0.919,0.071
922500,0.010,0.922,0.068
923000,0.010,0.927,0.062
923500,0.010,0.918,0.072
924000,0.010,0.932,0.058
924500,0.010,0.927,0.063
925000,0.010,0.946,0.044
925500,0.010,0.940,0.050
926000,0.010,0.942,0.048
926500,0.010,0.932,0.057
927000,0.010,0.935,0.054
927500,0.010,0.947,0.043
928000,0.010,0.939,0.051
928500,0.010,0.929,0.061
929000,0.010,0.936,0.054
929500,0.010,0.943,0.047
930000,0.010,0.958,0.032
930500,0.010,0.946,0.044
931000,0.010,0.950,0.040
931500,0.010,0.948,0.042
932000,0.010,0.962,0.028
932500,0.010,0.959,0.031
933000,0.010,0.954,0.036
933500,0.010,0.942,0.048
934000,0.010,0.936,0.054
934500,0.010,0.938,0.052
935000,0.010,0.936,0.053
935500,0.010,0.942,0.048
936000,0.010,0.950,0.040
936500,0.010,0.953,0.037
937000,0.010,0.955,0.035
937500,0.010,0.962,0.028
938000,0.010,0.955,0.035
938500,0.010,0.946,0.044
939000,0.010,0.951,0.039
939500,0.010,0.952,0.038
940000,0.010,0.961,0.029
940500,0.010,0.951,0.039
941000,0.010,0.942,0.048
941500,0.010,0.941,0.049
942000,0.010,0.954,0.036
942500,0.010,0.940,0.050
943000,0.010,0.953,0.037
943500,0.010,0.947,0.043
944000,0.010,0.938,0.052
944500,0.010,0.925,0.065
945000,0.010,0.927,0.062
945500,0.010,0.921,0.069
946000,0.010,0.912,0.078
946500,0.010,0.909,0.081
947000,0.010,0.936,0.053
947500,0.010,0.940,0.050
948000,0.010,0.932,0.058
948500,0.010,0.933,0.057
949000,0.010,0.941,0.049
949500,0.010,0.934,0.055
950000,0.010,0.935,0.055
950500,0.010,0.934,0.056
951000,0.010,0.938,0.052
951500,0.010,0.928,0.062
952000,0.010,0.941,0.049
952500,0.010,0.948,0.042
953000,0.010,0.962,0.028
953500,0.010,0.955,0.035
954000,0.010,0.957,0.033
954500,0.010,0.927,0.063
955000,0.010,0.936,0.053
955500,0.010,0.949,0.041
956000,0.010,0.934,0.055
956500,0.010,0.947,0.043
957000,0.010,0.954,0.036
957500,0.010,0.960,0.030
958000,0.010,0.964,0.026
958500,0.010,0.953,0.037
959000,0.010,0.939,0.051
959500,0.010,0.935,0.055
960000,0.010,0.925,0.065
960500,0.010,0.931,0.058
961000,0.010,0.934,0.056
961500,0.010,0.940,0.050
962000,0.010,0.927,0.062
962500,0.010,0.922,0.068
963000,0.010,0.928,0.061
963500,0.010,0.919,0.071
964000,0.010,0.927,0.063
964500,0.010,0.944,0.046
965000,0.010,0.945,0.045
965500,0.010,0.959,0.031
966000,0.010,0.967,0.023
966500,0.010,0.966,0.024
967000,0.010,0.960,0.030
967500,0.010,0.962,0.028
968000,0.010,0.958,0.032
968500,0.010,0.946,0.044
969000,0.010,0.935,0.054
969500,0.010,0.946,0.044
970000,0.010,0.954,0.036
970500,0.010,0.947,0.043
971000,0.010,0.943,0.047
971500,0.010,0.945,0.045
972000,0.010,0.910,0.080
972500,0.010,0.917,0.073
973000,0.010,0.914,0.076
973500,0.010,0.916,0.074
974000,0.010,0.914,0.076
974500,0.010,0.908,0.082
975000,0.010,0.907,0.083
975500,0.010,0.914,0.076
976000,0.010,0.916,0.074
976500,0.010,0.921,0.069
977000,0.010,0.933,0.057
977500,0.010,0.928,0.062
978000,0.010,0.935,0.054
978500,0.010,0.923,0.067
979000,0.010,0.929,0.061
979500,0.010,0.924,0.066
980000,0.010,0.923,0.067
980500,0.010,0.926,0.064
981000,0.010,0.917,0.073
981500,0.010,0.920,0.070
982000,0.010,0.920,0.070
982500,0.010,0.932,0.058
983000,0.010,0.933,0.056
983500,0.010,0.949,0.041
984000,0.010,0.947,0.043
984500,0.010,0.955,0.035
985000,0.010,0.950,0.040
985500,0.010,0.950,0.040
986000,0.010,0.949,0.041
986500,0.010,0.938,0.052
987000,0.010,0.926,0.064
987500,0.010,0.921,0.069
988000,0.010,0.925,0.065
988500,0.010,0.939,0.051
989000,0.010,0.936,0.054
989500,0.010,0.955,0.035
990000,0.010,0.962,0.028
990500,0.010,0.969,0.021
991000,0.010,0.958,0.032
991500,0.010,0.947,0.043
992000,0.010,0.938,0.052
992500,0.010,0.921,0.069
993000,0.010,0.928,0.062
993500,0.010,0.935,0.054
994000,0.010,0.940,0.050
994500,0.010,0.947,0.043
995000,0.010,0.932,0.058
995500,0.010,0.924,0.066
996000,0.010,0.919,0.071
996500,0.010,0.903,0.087
997000,0.010,0.906,0.084
997500,0.010,0.919,0.071
998000,0.010,0.922,0.068
998500,0.010,0.921,0.069
999000,0.010,0.922,0.068
999500,0.010,0.920,0.070
1000000,0.010,0.927,0.062
