time,n_A+p,n_B,n_AB
100,0.250,0.500,0.250
200,0.261,0.511,0.228
300,0.228,0.478,0.293
400,0.239,0.543,0.217
500,0.207,0.500,0.293
600,0.152,0.652,0.196
700,0.120,0.739,0.141
800,0.130,0.630,0.239
900,0.120,0.641,0.239
1000,0.120,0.707,0.174
1100,0.141,0.674,0.185
1200,0.163,0.685,0.152
1300,0.098,0.783,0.120
1400,0.076,0.783,0.141
1500,0.065,0.761,0.174
1600,0.076,0.761,0.163
1700,0.065,0.761,0.174
1800,0.065,0.804,0.130
1900,0.054,0.837,0.109
2000,0.022,0.870,0.109
2100,0.054,0.870,0.076
2200,0.033,0.859,0.109
2300,0.022,0.935,0.043
2400,0.022,0.902,0.076
2500,0.022,0.967,0.011
2600,0.022,0.935,0.043
2700,0.022,0.913,0.065
2800,0.022,0.880,0.098
2900,0.033,0.924,0.043
3000,0.022,0.924,0.054
3100,0.022,0.946,0.033
3200,0.022,0.946,0.033
3300,0.022,0.924,0.054
3400,0.022,0.924,0.054
3500,0.022,0.978,0.000
3600,0.022,0.946,0.033
3700,0.022,0.935,0.043
3800,0.022,0.913,0.065
3900,0.022,0.924,0.054
4000,0.022,0.946,0.033
4100,0.022,0.935,0.043
4200,0.022,0.935,0.043
4300,0.033,0.891,0.076
4400,0.043,0.891,0.065
4500,0.033,0.891,0.076
4600,0.022,0.946,0.033
4700,0.022,0.891,0.087
4800,0.033,0.924,0.043
4900,0.065,0.891,0.043
5000,0.033,0.870,0.098
5100,0.022,0.880,0.098
5200,0.022,0.957,0.022
5300,0.022,0.967,0.011
5400,0.022,0.946,0.033
5500,0.022,0.891,0.087
5600,0.022,0.902,0.076
5700,0.033,0.902,0.065
5800,0.022,0.913,0.065
5900,0.033,0.859,0.109
6000,0.043,0.880,0.076
6100,0.033,0.880,0.087
6200,0.022,0.913,0.065
6300,0.022,0.946,0.033
6400,0.022,0.891,0.087
6500,0.022,0.913,0.065
6600,0.033,0.924,0.043
6700,0.033,0.935,0.033
6800,0.022,0.935,0.043
6900,0.022,0.946,0.033
7000,0.022,0.913,0.065
7100,0.022,0.935,0.043
7200,0.033,0.913,0.054
7300,0.033,0.891,0.076
7400,0.033,0.826,0.141
7500,0.043,0.815,0.141
7600,0.076,0.804,0.120
7700,0.120,0.783,0.098
7800,0.098,0.772,0.130
7900,0.109,0.750,0.141
8000,0.098,0.761,0.141
8100,0.054,0.793,0.152
8200,0.065,0.793,0.141
8300,0.065,0.815,0.120
8400,0.065,0.859,0.076
8500,0.033,0.870,0.098
8600,0.022,0.902,0.076
8700,0.022,0.902,0.076
8800,0.022,0.946,0.033
8900,0.022,0.957,0.022
9000,0.022,0.935,0.043
9100,0.022,0.957,0.022
9200,0.022,0.935,0.043
9300,0.022,0.957,0.022
9400,0.022,0.967,0.011
9500,0.022,0.978,0.000
9600,0.022,0.978,0.000
9700,0.022,0.957,0.022
9800,0.022,0.957,0.022
9900,0.033,0.891,0.076
10000,0.022,0.891,0.087
10100,0.043,0.880,0.076
10200,0.022,0.891,0.087
10300,0.043,0.935,0.022
10400,0.033,0.902,0.065
10500,0.022,0.859,0.120
10600,0.054,0.870,0.076
10700,0.033,0.913,0.054
10800,0.033,0.935,0.033
10900,0.033,0.859,0.109
11000,0.054,0.891,0.054
11100,0.033,0.913,0.054
11200,0.022,0.957,0.022
11300,0.022,0.902,0.076
11400,0.022,0.935,0.043
11500,0.022,0.891,0.087
11600,0.022,0.957,0.022
11700,0.033,0.957,0.011
11800,0.033,0.924,0.043
11900,0.022,0.924,0.054
12000,0.022,0.826,0.152
12100,0.022,0.891,0.087
12200,0.022,0.870,0.109
12300,0.043,0.913,0.043
12400,0.043,0.924,0.033
12500,0.043,0.913,0.043
12600,0.054,0.826,0.120
12700,0.033,0.924,0.043
12800,0.022,0.924,0.054
12900,0.022,0.815,0.163
13000,0.022,0.891,0.087
13100,0.033,0.837,0.130
13200,0.065,0.859,0.076
13300,0.054,0.859,0.087
13400,0.043,0.870,0.087
13500,0.022,0.880,0.098
13600,0.033,0.880,0.087
13700,0.022,0.859,0.120
13800,0.076,0.891,0.033
13900,0.065,0.859,0.076
14000,0.043,0.880,0.076
14100,0.022,0.859,0.120
14200,0.022,0.793,0.185
14300,0.022,0.848,0.130
14400,0.022,0.902,0.076
14500,0.022,0.957,0.022
14600,0.022,0.957,0.022
14700,0.022,0.946,0.033
14800,0.022,0.967,0.011
14900,0.022,0.891,0.087
15000,0.022,0.946,0.033
15100,0.022,0.935,0.043
15200,0.022,0.957,0.022
15300,0.022,0.967,0.011
15400,0.022,0.935,0.043
15500,0.033,0.946,0.022
15600,0.033,0.913,0.054
15700,0.043,0.848,0.109
15800,0.033,0.902,0.065
15900,0.033,0.902,0.065
16000,0.022,0.913,0.065
16100,0.043,0.946,0.011
16200,0.054,0.935,0.011
16300,0.043,0.902,0.054
16400,0.043,0.913,0.043
16500,0.022,0.924,0.054
16600,0.033,0.935,0.033
16700,0.022,0.924,0.054
16800,0.120,0.837,0.043
16900,0.120,0.815,0.065
17000,0.054,0.880,0.065
17100,0.043,0.891,0.065
17200,0.043,0.859,0.098
17300,0.043,0.902,0.054
17400,0.043,0.880,0.076
17500,0.022,0.913,0.065
17600,0.022,0.935,0.043
17700,0.022,0.935,0.043
17800,0.022,0.859,0.120
17900,0.022,0.902,0.076
18000,0.022,0.902,0.076
18100,0.022,0.935,0.043
18200,0.022,0.978,0.000
18300,0.022,0.913,0.065
18400,0.022,0.946,0.033
18500,0.022,0.967,0.011
18600,0.033,0.946,0.022
18700,0.022,0.978,0.000
18800,0.022,0.957,0.022
18900,0.022,0.946,0.033
19000,0.022,0.935,0.043
19100,0.022,0.946,0.033
19200,0.022,0.935,0.043
19300,0.022,0.967,0.011
19400,0.022,0.946,0.033
19500,0.022,0.967,0.011
19600,0.022,0.967,0.011
19700,0.022,0.978,0.000
19800,0.022,0.946,0.033
19900,0.022,0.957,0.022
20000,0.022,0.946,0.033
20100,0.022,0.957,0.022
20200,0.022,0.957,0.022
20300,0.022,0.957,0.022
20400,0.022,0.967,0.011
20500,0.022,0.967,0.011
20600,0.022,0.967,0.011
20700,0.022,0.978,0.000
20800,0.022,0.967,0.011
20900,0.022,0.957,0.022
21000,0.022,0.946,0.033
21100,0.022,0.902,0.076
21200,0.043,0.859,0.098
21300,0.022,0.815,0.163
21400,0.033,0.848,0.120
21500,0.033,0.837,0.130
21600,0.054,0.761,0.185
21700,0.022,0.793,0.185
21800,0.033,0.793,0.174
21900,0.054,0.815,0.130
22000,0.065,0.837,0.098
22100,0.043,0.891,0.065
22200,0.033,0.913,0.054
22300,0.033,0.891,0.076
22400,0.033,0.957,0.011
22500,0.022,0.978,0.000
22600,0.022,0.913,0.065
22700,0.043,0.891,0.065
22800,0.043,0.913,0.043
22900,0.076,0.870,0.054
23000,0.033,0.870,0.098
23100,0.033,0.870,0.098
23200,0.054,0.870,0.076
23300,0.043,0.804,0.152
23400,0.033,0.837,0.130
23500,0.065,0.793,0.141
23600,0.054,0.826,0.120
23700,0.054,0.804,0.141
23800,0.043,0.880,0.076
23900,0.043,0.880,0.076
24000,0.033,0.935,0.033
24100,0.022,0.967,0.011
24200,0.022,0.967,0.011
24300,0.022,0.946,0.033
24400,0.022,0.935,0.043
24500,0.022,0.957,0.022
24600,0.043,0.935,0.022
24700,0.033,0.946,0.022
24800,0.033,0.924,0.043
24900,0.022,0.967,0.011
25000,0.022,0.957,0.022
25100,0.022,0.978,0.000
25200,0.022,0.967,0.011
25300,0.022,0.957,0.022
25400,0.022,0.924,0.054
25500,0.022,0.902,0.076
25600,0.022,0.946,0.033
25700,0.022,0.935,0.043
25800,0.043,0.935,0.022
25900,0.033,0.946,0.022
26000,0.033,0.924,0.043
26100,0.022,0.935,0.043
26200,0.022,0.913,0.065
26300,0.022,0.967,0.011
26400,0.022,0.957,0.022
26500,0.022,0.957,0.022
26600,0.022,0.946,0.033
26700,0.033,0.902,0.065
26800,0.033,0.924,0.043
26900,0.022,0.924,0.054
27000,0.022,0.946,0.033
27100,0.022,0.913,0.065
27200,0.022,0.957,0.022
27300,0.022,0.967,0.011
27400,0.022,0.957,0.022
27500,0.022,0.978,0.000
27600,0.022,0.978,0.000
27700,0.022,0.957,0.022
27800,0.022,0.935,0.043
27900,0.022,0.967,0.011
28000,0.022,0.935,0.043
28100,0.043,0.891,0.065
28200,0.022,0.891,0.087
28300,0.022,0.957,0.022
28400,0.022,0.913,0.065
28500,0.022,0.957,0.022
28600,0.022,0.880,0.098
28700,0.022,0.913,0.065
28800,0.022,0.891,0.087
28900,0.022,0.902,0.076
29000,0.022,0.913,0.065
29100,0.033,0.891,0.076
29200,0.033,0.913,0.054
29300,0.022,0.946,0.033
29400,0.043,0.913,0.043
29500,0.022,0.891,0.087
29600,0.022,0.891,0.087
29700,0.043,0.891,0.065
29800,0.043,0.848,0.109
29900,0.043,0.870,0.087
30000,0.033,0.880,0.087
30100,0.022,0.902,0.076
30200,0.022,0.946,0.033
30300,0.022,0.935,0.043
30400,0.022,0.935,0.043
30500,0.022,0.935,0.043
30600,0.033,0.880,0.087
30700,0.033,0.913,0.054
30800,0.022,0.935,0.043
30900,0.022,0.946,0.033
31000,0.043,0.924,0.033
31100,0.076,0.902,0.022
31200,0.033,0.935,0.033
31300,0.033,0.957,0.011
31400,0.033,0.946,0.022
31500,0.033,0.913,0.054
31600,0.033,0.924,0.043
31700,0.022,0.957,0.022
31800,0.033,0.913,0.054
31900,0.022,0.880,0.098
32000,0.022,0.859,0.120
32100,0.022,0.935,0.043
32200,0.022,0.924,0.054
32300,0.022,0.913,0.065
32400,0.043,0.935,0.022
32500,0.054,0.902,0.043
32600,0.033,0.880,0.087
32700,0.033,0.902,0.065
32800,0.033,0.924,0.043
32900,0.022,0.967,0.011
33000,0.022,0.978,0.000
33100,0.022,0.978,0.000
33200,0.022,0.957,0.022
33300,0.022,0.935,0.043
33400,0.033,0.891,0.076
33500,0.043,0.848,0.109
33600,0.033,0.891,0.076
33700,0.022,0.902,0.076
33800,0.022,0.946,0.033
33900,0.043,0.946,0.011
34000,0.033,0.935,0.033
34100,0.022,0.935,0.043
34200,0.022,0.946,0.033
34300,0.022,0.946,0.033
34400,0.022,0.957,0.022
34500,0.022,0.924,0.054
34600,0.043,0.902,0.054
34700,0.033,0.957,0.011
34800,0.033,0.891,0.076
34900,0.022,0.924,0.054
35000,0.022,0.957,0.022
35100,0.022,0.946,0.033
35200,0.022,0.946,0.033
35300,0.022,0.946,0.033
35400,0.022,0.924,0.054
35500,0.022,0.967,0.011
35600,0.022,0.967,0.011
35700,0.022,0.935,0.043
35800,0.033,0.946,0.022
35900,0.033,0.946,0.022
36000,0.022,0.935,0.043
36100,0.033,0.935,0.033
36200,0.033,0.891,0.076
36300,0.022,0.957,0.022
36400,0.022,0.946,0.033
36500,0.022,0.946,0.033
36600,0.022,0.946,0.033
36700,0.022,0.946,0.033
36800,0.022,0.978,0.000
36900,0.022,0.967,0.011
37000,0.022,0.902,0.076
37100,0.022,0.935,0.043
37200,0.022,0.913,0.065
37300,0.033,0.957,0.011
37400,0.022,0.967,0.011
37500,0.022,0.946,0.033
37600,0.022,0.935,0.043
37700,0.022,0.891,0.087
37800,0.022,0.880,0.098
37900,0.022,0.946,0.033
38000,0.043,0.880,0.076
38100,0.043,0.913,0.043
38200,0.043,0.913,0.043
38300,0.022,0.913,0.065
38400,0.022,0.946,0.033
38500,0.022,0.935,0.043
38600,0.022,0.946,0.033
38700,0.022,0.924,0.054
38800,0.022,0.902,0.076
38900,0.033,0.848,0.120
39000,0.022,0.859,0.120
39100,0.022,0.891,0.087
39200,0.022,0.946,0.033
39300,0.022,0.978,0.000
39400,0.022,0.924,0.054
39500,0.022,0.935,0.043
39600,0.022,0.891,0.087
39700,0.022,0.967,0.011
39800,0.022,0.957,0.022
39900,0.022,0.935,0.043
40000,0.033,0.935,0.033
40100,0.033,0.935,0.033
40200,0.022,0.946,0.033
40300,0.022,0.957,0.022
40400,0.022,0.967,0.011
40500,0.033,0.946,0.022
40600,0.043,0.902,0.054
40700,0.033,0.957,0.011
40800,0.033,0.935,0.033
40900,0.033,0.957,0.011
41000,0.022,0.913,0.065
41100,0.043,0.859,0.098
41200,0.043,0.891,0.065
41300,0.022,0.913,0.065
41400,0.022,0.924,0.054
41500,0.022,0.935,0.043
41600,0.022,0.913,0.065
41700,0.054,0.891,0.054
41800,0.054,0.891,0.054
41900,0.033,0.859,0.109
42000,0.033,0.891,0.076
42100,0.054,0.848,0.098
42200,0.076,0.826,0.098
42300,0.054,0.891,0.054
42400,0.054,0.837,0.109
42500,0.043,0.891,0.065
42600,0.043,0.793,0.163
42700,0.033,0.880,0.087
42800,0.033,0.891,0.076
42900,0.022,0.935,0.043
43000,0.022,0.880,0.098
43100,0.022,0.902,0.076
43200,0.022,0.946,0.033
43300,0.033,0.924,0.043
43400,0.043,0.870,0.087
43500,0.054,0.891,0.054
43600,0.043,0.837,0.120
43700,0.022,0.891,0.087
43800,0.022,0.946,0.033
43900,0.022,0.924,0.054
44000,0.022,0.957,0.022
44100,0.022,0.978,0.000
44200,0.022,0.957,0.022
44300,0.022,0.935,0.043
44400,0.022,0.913,0.065
44500,0.022,0.924,0.054
44600,0.022,0.902,0.076
44700,0.022,0.880,0.098
44800,0.022,0.946,0.033
44900,0.022,0.946,0.033
45000,0.022,0.946,0.033
45100,0.022,0.946,0.033
45200,0.022,0.967,0.011
45300,0.033,0.935,0.033
45400,0.022,0.891,0.087
45500,0.033,0.902,0.065
45600,0.033,0.935,0.033
45700,0.022,0.957,0.022
45800,0.033,0.924,0.043
45900,0.022,0.913,0.065
46000,0.022,0.935,0.043
46100,0.022,0.957,0.022
46200,0.033,0.967,0.000
46300,0.022,0.946,0.033
46400,0.022,0.880,0.098
46500,0.033,0.935,0.033
46600,0.022,0.924,0.054
46700,0.022,0.957,0.022
46800,0.022,0.902,0.076
46900,0.022,0.891,0.087
47000,0.022,0.924,0.054
47100,0.022,0.946,0.033
47200,0.022,0.967,0.011
47300,0.022,0.935,0.043
47400,0.022,0.902,0.076
47500,0.022,0.957,0.022
47600,0.022,0.935,0.043
47700,0.022,0.935,0.043
47800,0.022,0.913,0.065
47900,0.022,0.946,0.033
48000,0.022,0.880,0.098
48100,0.043,0.870,0.087
48200,0.022,0.935,0.043
48300,0.022,0.957,0.022
48400,0.022,0.957,0.022
48500,0.022,0.902,0.076
48600,0.022,0.957,0.022
48700,0.022,0.957,0.022
48800,0.022,0.902,0.076
48900,0.022,0.891,0.087
49000,0.022,0.913,0.065
49100,0.043,0.880,0.076
49200,0.043,0.924,0.033
49300,0.033,0.924,0.043
49400,0.022,0.946,0.033
49500,0.043,0.837,0.120
49600,0.054,0.891,0.054
49700,0.043,0.891,0.065
49800,0.076,0.826,0.098
49900,0.043,0.870,0.087
50000,0.043,0.848,0.109
50100,0.033,0.880,0.087
50200,0.054,0.837,0.109
50300,0.033,0.848,0.120
50400,0.033,0.924,0.043
50500,0.033,0.935,0.033
50600,0.022,0.924,0.054
50700,0.022,0.913,0.065
50800,0.022,0.848,0.130
50900,0.022,0.880,0.098
51000,0.065,0.859,0.076
51100,0.043,0.913,0.043
51200,0.065,0.870,0.065
51300,0.033,0.848,0.120
51400,0.043,0.793,0.163
51500,0.065,0.859,0.076
51600,0.043,0.891,0.065
51700,0.022,0.935,0.043
51800,0.033,0.913,0.054
51900,0.033,0.902,0.065
52000,0.033,0.946,0.022
52100,0.033,0.913,0.054
52200,0.033,0.902,0.065
52300,0.022,0.957,0.022
52400,0.022,0.967,0.011
52500,0.022,0.957,0.022
52600,0.022,0.957,0.022
52700,0.022,0.957,0.022
52800,0.022,0.924,0.054
52900,0.043,0.902,0.054
53000,0.033,0.935,0.033
53100,0.033,0.935,0.033
53200,0.033,0.924,0.043
53300,0.033,0.913,0.054
53400,0.022,0.935,0.043
53500,0.033,0.946,0.022
53600,0.022,0.946,0.033
53700,0.022,0.967,0.011
53800,0.022,0.924,0.054
53900,0.022,0.924,0.054
54000,0.022,0.957,0.022
54100,0.043,0.935,0.022
54200,0.033,0.935,0.033
54300,0.022,0.935,0.043
54400,0.022,0.924,0.054
54500,0.022,0.870,0.109
54600,0.043,0.859,0.098
54700,0.033,0.859,0.109
54800,0.033,0.870,0.098
54900,0.043,0.891,0.065
55000,0.033,0.902,0.065
55100,0.033,0.891,0.076
55200,0.033,0.913,0.054
55300,0.043,0.891,0.065
55400,0.033,0.902,0.065
55500,0.022,0.946,0.033
55600,0.022,0.957,0.022
55700,0.022,0.957,0.022
55800,0.022,0.946,0.033
55900,0.022,0.967,0.011
56000,0.022,0.913,0.065
56100,0.022,0.967,0.011
56200,0.022,0.967,0.011
56300,0.022,0.967,0.011
56400,0.022,0.978,0.000
56500,0.033,0.957,0.011
56600,0.033,0.935,0.033
56700,0.022,0.924,0.054
56800,0.033,0.935,0.033
56900,0.033,0.902,0.065
57000,0.043,0.880,0.076
57100,0.033,0.935,0.033
57200,0.022,0.978,0.000
57300,0.022,0.978,0.000
57400,0.022,0.946,0.033
57500,0.022,0.967,0.011
57600,0.022,0.967,0.011
57700,0.022,0.924,0.054
57800,0.022,0.913,0.065
57900,0.022,0.935,0.043
58000,0.022,0.946,0.033
58100,0.022,0.957,0.022
58200,0.022,0.957,0.022
58300,0.043,0.870,0.087
58400,0.043,0.891,0.065
58500,0.033,0.913,0.054
58600,0.022,0.935,0.043
58700,0.022,0.913,0.065
58800,0.033,0.924,0.043
58900,0.022,0.957,0.022
59000,0.022,0.957,0.022
59100,0.022,0.957,0.022
59200,0.022,0.967,0.011
59300,0.022,0.946,0.033
59400,0.022,0.913,0.065
59500,0.022,0.913,0.065
59600,0.022,0.913,0.065
59700,0.043,0.935,0.022
59800,0.033,0.957,0.011
59900,0.043,0.946,0.011
60000,0.043,0.935,0.022
60100,0.043,0.891,0.065
60200,0.022,0.880,0.098
60300,0.022,0.924,0.054
60400,0.022,0.967,0.011
60500,0.022,0.935,0.043
60600,0.022,0.935,0.043
60700,0.043,0.913,0.043
60800,0.043,0.913,0.043
60900,0.022,0.946,0.033
61000,0.022,0.913,0.065
61100,0.022,0.935,0.043
61200,0.022,0.967,0.011
61300,0.022,0.957,0.022
61400,0.022,0.957,0.022
61500,0.022,0.946,0.033
61600,0.033,0.924,0.043
61700,0.022,0.935,0.043
61800,0.022,0.946,0.033
61900,0.022,0.946,0.033
62000,0.033,0.967,0.000
62100,0.033,0.924,0.043
62200,0.043,0.946,0.011
62300,0.043,0.946,0.011
62400,0.033,0.880,0.087
62500,0.043,0.880,0.076
62600,0.033,0.902,0.065
62700,0.022,0.924,0.054
62800,0.022,0.957,0.022
62900,0.022,0.967,0.011
63000,0.022,0.946,0.033
63100,0.022,0.957,0.022
63200,0.022,0.967,0.011
63300,0.022,0.935,0.043
63400,0.033,0.946,0.022
63500,0.033,0.913,0.054
63600,0.043,0.913,0.043
63700,0.043,0.913,0.043
63800,0.033,0.902,0.065
63900,0.022,0.946,0.033
64000,0.022,0.946,0.033
64100,0.022,0.924,0.054
64200,0.022,0.935,0.043
64300,0.022,0.891,0.087
64400,0.022,0.957,0.022
64500,0.022,0.967,0.011
64600,0.022,0.957,0.022
64700,0.022,0.978,0.000
64800,0.022,0.946,0.033
64900,0.022,0.902,0.076
65000,0.033,0.891,0.076
65100,0.033,0.913,0.054
65200,0.022,0.913,0.065
65300,0.022,0.946,0.033
65400,0.022,0.924,0.054
65500,0.022,0.946,0.033
65600,0.022,0.913,0.065
65700,0.022,0.946,0.033
65800,0.022,0.902,0.076
65900,0.022,0.913,0.065
66000,0.043,0.870,0.087
66100,0.033,0.902,0.065
66200,0.033,0.902,0.065
66300,0.033,0.880,0.087
66400,0.022,0.891,0.087
66500,0.022,0.913,0.065
66600,0.033,0.946,0.022
66700,0.033,0.946,0.022
66800,0.022,0.946,0.033
66900,0.022,0.946,0.033
67000,0.022,0.935,0.043
67100,0.022,0.946,0.033
67200,0.022,0.891,0.087
67300,0.022,0.902,0.076
67400,0.022,0.880,0.098
67500,0.022,0.859,0.120
67600,0.022,0.859,0.120
67700,0.033,0.902,0.065
67800,0.022,0.935,0.043
67900,0.022,0.924,0.054
68000,0.033,0.924,0.043
68100,0.054,0.902,0.043
68200,0.054,0.935,0.011
68300,0.043,0.913,0.043
68400,0.043,0.837,0.120
68500,0.033,0.891,0.076
68600,0.022,0.946,0.033
68700,0.022,0.957,0.022
68800,0.022,0.902,0.076
68900,0.022,0.957,0.022
69000,0.022,0.978,0.000
69100,0.022,0.935,0.043
69200,0.022,0.913,0.065
69300,0.022,0.870,0.109
69400,0.022,0.880,0.098
69500,0.022,0.935,0.043
69600,0.022,0.946,0.033
69700,0.022,0.967,0.011
69800,0.022,0.957,0.022
69900,0.022,0.924,0.054
70000,0.022,0.935,0.043
70100,0.022,0.935,0.043
70200,0.033,0.967,0.000
70300,0.022,0.957,0.022
70400,0.022,0.924,0.054
70500,0.022,0.946,0.033
70600,0.022,0.935,0.043
70700,0.022,0.946,0.033
70800,0.022,0.880,0.098
70900,0.022,0.924,0.054
71000,0.022,0.924,0.054
71100,0.022,0.924,0.054
71200,0.022,0.946,0.033
71300,0.022,0.957,0.022
71400,0.022,0.957,0.022
71500,0.022,0.957,0.022
71600,0.022,0.913,0.065
71700,0.033,0.913,0.054
71800,0.022,0.957,0.022
71900,0.033,0.924,0.043
72000,0.022,0.967,0.011
72100,0.022,0.946,0.033
72200,0.022,0.978,0.000
72300,0.022,0.967,0.011
72400,0.022,0.967,0.011
72500,0.022,0.935,0.043
72600,0.022,0.913,0.065
72700,0.022,0.946,0.033
72800,0.022,0.924,0.054
72900,0.033,0.913,0.054
73000,0.022,0.924,0.054
73100,0.022,0.935,0.043
73200,0.022,0.946,0.033
73300,0.022,0.967,0.011
73400,0.022,0.978,0.000
73500,0.022,0.978,0.000
73600,0.022,0.978,0.000
73700,0.022,0.967,0.011
73800,0.022,0.946,0.033
73900,0.022,0.957,0.022
74000,0.022,0.946,0.033
74100,0.022,0.913,0.065
74200,0.022,0.935,0.043
74300,0.033,0.913,0.054
74400,0.043,0.902,0.054
74500,0.022,0.870,0.109
74600,0.033,0.935,0.033
74700,0.033,0.924,0.043
74800,0.022,0.880,0.098
74900,0.022,0.870,0.109
75000,0.043,0.902,0.054
75100,0.043,0.902,0.054
75200,0.033,0.880,0.087
75300,0.033,0.935,0.033
75400,0.033,0.924,0.043
75500,0.022,0.935,0.043
75600,0.022,0.913,0.065
75700,0.033,0.924,0.043
75800,0.022,0.924,0.054
75900,0.033,0.891,0.076
76000,0.033,0.891,0.076
76100,0.043,0.880,0.076
76200,0.054,0.913,0.033
76300,0.054,0.891,0.054
76400,0.054,0.870,0.076
76500,0.087,0.837,0.076
76600,0.054,0.891,0.054
76700,0.043,0.848,0.109
76800,0.033,0.902,0.065
76900,0.022,0.891,0.087
77000,0.033,0.891,0.076
77100,0.054,0.902,0.043
77200,0.043,0.891,0.065
77300,0.033,0.870,0.098
77400,0.043,0.902,0.054
77500,0.054,0.891,0.054
77600,0.033,0.924,0.043
77700,0.033,0.913,0.054
77800,0.033,0.913,0.054
77900,0.033,0.913,0.054
78000,0.043,0.924,0.033
78100,0.043,0.935,0.022
78200,0.033,0.935,0.033
78300,0.022,0.957,0.022
78400,0.043,0.913,0.043
78500,0.043,0.913,0.043
78600,0.022,0.924,0.054
78700,0.022,0.946,0.033
78800,0.022,0.967,0.011
78900,0.022,0.978,0.000
79000,0.022,0.978,0.000
79100,0.022,0.967,0.011
79200,0.022,0.946,0.033
79300,0.022,0.935,0.043
79400,0.022,0.935,0.043
79500,0.033,0.935,0.033
79600,0.043,0.902,0.054
79700,0.033,0.902,0.065
79800,0.054,0.837,0.109
79900,0.033,0.804,0.163
80000,0.043,0.793,0.163
80100,0.033,0.837,0.130
80200,0.054,0.793,0.152
80300,0.065,0.793,0.141
80400,0.065,0.848,0.087
80500,0.054,0.848,0.098
80600,0.054,0.837,0.109
80700,0.043,0.924,0.033
80800,0.054,0.891,0.054
80900,0.033,0.902,0.065
81000,0.033,0.902,0.065
81100,0.054,0.902,0.043
81200,0.043,0.924,0.033
81300,0.022,0.924,0.054
81400,0.022,0.891,0.087
81500,0.033,0.870,0.098
81600,0.043,0.913,0.043
81700,0.033,0.880,0.087
81800,0.043,0.924,0.033
81900,0.043,0.870,0.087
82000,0.054,0.870,0.076
82100,0.043,0.880,0.076
82200,0.033,0.935,0.033
82300,0.033,0.924,0.043
82400,0.033,0.946,0.022
82500,0.033,0.935,0.033
82600,0.022,0.957,0.022
82700,0.022,0.957,0.022
82800,0.033,0.946,0.022
82900,0.022,0.891,0.087
83000,0.022,0.902,0.076
83100,0.022,0.935,0.043
83200,0.022,0.957,0.022
83300,0.022,0.946,0.033
83400,0.022,0.967,0.011
83500,0.022,0.967,0.011
83600,0.022,0.957,0.022
83700,0.022,0.946,0.033
83800,0.022,0.946,0.033
83900,0.022,0.957,0.022
84000,0.022,0.870,0.109
84100,0.033,0.935,0.033
84200,0.033,0.902,0.065
84300,0.022,0.924,0.054
84400,0.033,0.924,0.043
84500,0.033,0.946,0.022
84600,0.022,0.967,0.011
84700,0.022,0.957,0.022
84800,0.022,0.978,0.000
84900,0.022,0.967,0.011
85000,0.022,0.978,0.000
85100,0.022,0.957,0.022
85200,0.022,0.957,0.022
85300,0.022,0.913,0.065
85400,0.033,0.891,0.076
85500,0.033,0.793,0.174
85600,0.022,0.848,0.130
85700,0.033,0.924,0.043
85800,0.033,0.935,0.033
85900,0.033,0.924,0.043
86000,0.022,0.924,0.054
86100,0.022,0.935,0.043
86200,0.022,0.902,0.076
86300,0.022,0.946,0.033
86400,0.033,0.946,0.022
86500,0.033,0.924,0.043
86600,0.043,0.826,0.130
86700,0.043,0.815,0.141
86800,0.087,0.761,0.152
86900,0.043,0.772,0.185
87000,0.033,0.913,0.054
87100,0.033,0.891,0.076
87200,0.022,0.902,0.076
87300,0.022,0.957,0.022
87400,0.022,0.978,0.000
87500,0.022,0.978,0.000
87600,0.022,0.946,0.033
87700,0.022,0.957,0.022
87800,0.022,0.967,0.011
87900,0.022,0.957,0.022
88000,0.022,0.957,0.022
88100,0.022,0.935,0.043
88200,0.022,0.924,0.054
88300,0.043,0.891,0.065
88400,0.043,0.935,0.022
88500,0.022,0.880,0.098
88600,0.022,0.924,0.054
88700,0.022,0.902,0.076
88800,0.022,0.935,0.043
88900,0.022,0.935,0.043
89000,0.022,0.967,0.011
89100,0.022,0.967,0.011
89200,0.022,0.946,0.033
89300,0.022,0.957,0.022
89400,0.043,0.924,0.033
89500,0.033,0.902,0.065
89600,0.033,0.902,0.065
89700,0.022,0.924,0.054
89800,0.022,0.935,0.043
89900,0.022,0.924,0.054
90000,0.022,0.924,0.054
90100,0.022,0.902,0.076
90200,0.054,0.891,0.054
90300,0.043,0.837,0.120
90400,0.054,0.837,0.109
90500,0.043,0.913,0.043
90600,0.043,0.880,0.076
90700,0.022,0.870,0.109
90800,0.022,0.902,0.076
90900,0.033,0.913,0.054
91000,0.022,0.891,0.087
91100,0.022,0.848,0.130
91200,0.022,0.924,0.054
91300,0.033,0.935,0.033
91400,0.022,0.891,0.087
91500,0.033,0.891,0.076
91600,0.043,0.848,0.109
91700,0.043,0.859,0.098
91800,0.054,0.826,0.120
91900,0.087,0.837,0.076
92000,0.043,0.848,0.109
92100,0.022,0.870,0.109
92200,0.033,0.880,0.087
92300,0.043,0.902,0.054
92400,0.033,0.848,0.120
92500,0.065,0.804,0.130
92600,0.043,0.804,0.152
92700,0.022,0.880,0.098
92800,0.022,0.924,0.054
92900,0.022,0.913,0.065
93000,0.022,0.957,0.022
93100,0.022,0.957,0.022
93200,0.054,0.837,0.109
93300,0.043,0.826,0.130
93400,0.043,0.783,0.174
93500,0.087,0.815,0.098
93600,0.033,0.880,0.087
93700,0.033,0.859,0.109
93800,0.033,0.859,0.109
93900,0.054,0.880,0.065
94000,0.054,0.902,0.043
94100,0.033,0.924,0.043
94200,0.033,0.891,0.076
94300,0.033,0.913,0.054
94400,0.033,0.891,0.076
94500,0.043,0.880,0.076
94600,0.043,0.880,0.076
94700,0.033,0.913,0.054
94800,0.033,0.924,0.043
94900,0.033,0.891,0.076
95000,0.043,0.837,0.120
95100,0.054,0.837,0.109
95200,0.054,0.870,0.076
95300,0.065,0.826,0.109
95400,0.054,0.848,0.098
95500,0.033,0.891,0.076
95600,0.033,0.891,0.076
95700,0.022,0.946,0.033
95800,0.033,0.913,0.054
95900,0.022,0.913,0.065
96000,0.022,0.880,0.098
96100,0.022,0.891,0.087
96200,0.022,0.924,0.054
96300,0.022,0.924,0.054
96400,0.033,0.870,0.098
96500,0.022,0.913,0.065
96600,0.022,0.913,0.065
96700,0.033,0.880,0.087
96800,0.065,0.848,0.087
96900,0.054,0.848,0.098
97000,0.033,0.924,0.043
97100,0.022,0.935,0.043
97200,0.022,0.935,0.043
97300,0.022,0.902,0.076
97400,0.054,0.891,0.054
97500,0.043,0.783,0.174
97600,0.054,0.848,0.098
97700,0.043,0.859,0.098
97800,0.043,0.880,0.076
97900,0.022,0.913,0.065
98000,0.022,0.946,0.033
98100,0.022,0.967,0.011
98200,0.022,0.957,0.022
98300,0.022,0.967,0.011
98400,0.022,0.946,0.033
98500,0.033,0.957,0.011
98600,0.033,0.935,0.033
98700,0.033,0.935,0.033
98800,0.022,0.946,0.033
98900,0.022,0.957,0.022
99000,0.022,0.946,0.033
99100,0.022,0.924,0.054
99200,0.022,0.913,0.065
99300,0.022,0.924,0.054
99400,0.022,0.935,0.043
99500,0.022,0.978,0.000
99600,0.022,0.978,0.000
99700,0.022,0.957,0.022
99800,0.022,0.946,0.033
99900,0.043,0.935,0.022
100000,0.065,0.902,0.033
