time,n_A+p,n_B,n_AB
500,0.010,0.738,0.252
1000,0.010,0.899,0.091
1500,0.010,0.554,0.436
2000,0.010,0.829,0.161
2500,0.010,0.605,0.385
3000,0.010,0.591,0.399
3500,0.010,0.414,0.576
4000,0.010,0.500,0.490
4500,0.010,0.628,0.362
5000,0.010,0.634,0.356
5500,0.010,0.445,0.545
6000,0.010,0.673,0.317
6500,0.010,0.704,0.286
7000,0.010,0.648,0.342
7500,0.010,0.691,0.299
8000,0.010,0.618,0.372
8500,0.010,0.471,0.519
9000,0.010,0.721,0.269
9500,0.010,0.915,0.075
10000,0.010,0.641,0.349
10500,0.010,0.801,0.189
11000,0.010,0.405,0.585
11500,0.010,0.560,0.430
12000,0.010,0.587,0.403
12500,0.010,0.490,0.500
13000,0.010,0.491,0.499
13500,0.010,0.723,0.267
14000,0.010,0.726,0.264
14500,0.010,0.702,0.288
15000,0.010,0.802,0.188
15500,0.010,0.584,0.406
16000,0.010,0.775,0.215
16500,0.010,0.591,0.399
17000,0.010,0.785,0.205
17500,0.010,0.606,0.384
18000,0.010,0.566,0.424
18500,0.010,0.654,0.336
19000,0.010,0.467,0.523
19500,0.010,0.577,0.413
20000,0.010,0.658,0.332
20500,0.010,0.845,0.145
21000,0.010,0.892,0.098
21500,0.010,0.990,0.000
22000,0.010,0.700,0.290
22500,0.010,0.669,0.321
23000,0.010,0.767,0.223
23500,0.010,0.649,0.341
24000,0.010,0.425,0.565
24500,0.010,0.815,0.175
25000,0.010,0.557,0.433
25500,0.010,0.628,0.362
26000,0.010,0.608,0.382
26500,0.010,0.761,0.229
27000,0.010,0.659,0.331
27500,0.010,0.693,0.297
28000,0.010,0.565,0.425
28500,0.010,0.635,0.355
29000,0.010,0.837,0.153
29500,0.010,0.864,0.126
30000,0.010,0.661,0.329
30500,0.010,0.527,0.463
31000,0.010,0.770,0.220
31500,0.010,0.563,0.427
32000,0.010,0.529,0.461
32500,0.010,0.490,0.500
33000,0.010,0.562,0.428
33500,0.010,0.692,0.298
34000,0.010,0.521,0.469
34500,0.010,0.584,0.406
35000,0.010,0.796,0.194
35500,0.010,0.787,0.203
36000,0.010,0.669,0.321
36500,0.010,0.625,0.365
37000,0.010,0.901,0.089
37500,0.010,0.520,0.470
38000,0.010,0.795,0.195
38500,0.010,0.708,0.282
39000,0.010,0.725,0.265
39500,0.010,0.643,0.347
40000,0.010,0.559,0.431
40500,0.010,0.614,0.376
41000,0.010,0.671,0.319
41500,0.010,0.711,0.279
42000,0.010,0.700,0.290
42500,0.010,0.818,0.172
43000,0.010,0.882,0.108
43500,0.010,0.683,0.307
44000,0.010,0.562,0.428
44500,0.010,0.796,0.194
45000,0.010,0.504,0.486
45500,0.010,0.674,0.316
46000,0.010,0.555,0.435
46500,0.010,0.626,0.364
47000,0.010,0.251,0.739
47500,0.010,0.901,0.089
48000,0.010,0.810,0.180
48500,0.010,0.651,0.339
49000,0.010,0.576,0.414
49500,0.010,0.536,0.454
50000,0.010,0.682,0.308
50500,0.010,0.585,0.405
51000,0.010,0.629,0.361
51500,0.010,0.581,0.409
52000,0.010,0.678,0.312
52500,0.010,0.736,0.254
53000,0.010,0.565,0.425
53500,0.010,0.596,0.394
54000,0.010,0.553,0.437
54500,0.010,0.659,0.331
55000,0.010,0.662,0.328
55500,0.010,0.756,0.234
56000,0.010,0.879,0.111
56500,0.010,0.771,0.219
57000,0.010,0.905,0.085
57500,0.010,0.924,0.066
58000,0.010,0.688,0.302
58500,0.010,0.580,0.410
59000,0.010,0.663,0.327
59500,0.010,0.723,0.267
60000,0.010,0.617,0.373
60500,0.010,0.531,0.459
61000,0.010,0.683,0.307
61500,0.010,0.738,0.252
62000,0.010,0.651,0.339
62500,0.010,0.642,0.348
63000,0.010,0.828,0.162
63500,0.010,0.779,0.211
64000,0.010,0.526,0.464
64500,0.010,0.758,0.232
65000,0.010,0.619,0.371
65500,0.010,0.664,0.326
66000,0.010,0.438,0.552
66500,0.010,0.634,0.356
67000,0.010,0.601,0.389
67500,0.010,0.544,0.446
68000,0.010,0.533,0.457
68500,0.010,0.594,0.396
69000,0.010,0.698,0.292
69500,0.010,0.472,0.518
70000,0.010,0.571,0.419
70500,0.010,0.698,0.292
71000,0.010,0.654,0.336
71500,0.010,0.803,0.187
72000,0.010,0.453,0.537
72500,0.010,0.726,0.264
73000,0.010,0.561,0.429
73500,0.010,0.562,0.428
74000,0.010,0.686,0.304
74500,0.010,0.484,0.506
75000,0.010,0.684,0.306
75500,0.010,0.736,0.254
76000,0.010,0.458,0.532
76500,0.010,0.645,0.345
77000,0.010,0.543,0.447
77500,0.010,0.705,0.285
78000,0.010,0.919,0.071
78500,0.010,0.800,0.190
79000,0.010,0.688,0.302
79500,0.010,0.791,0.199
80000,0.010,0.751,0.239
80500,0.010,0.515,0.475
81000,0.010,0.711,0.279
81500,0.010,0.659,0.331
82000,0.010,0.566,0.424
82500,0.010,0.657,0.333
83000,0.010,0.674,0.316
83500,0.010,0.648,0.342
84000,0.010,0.467,0.523
84500,0.010,0.661,0.329
85000,0.010,0.561,0.429
85500,0.010,0.362,0.628
86000,0.010,0.211,0.779
86500,0.010,0.812,0.178
87000,0.010,0.526,0.464
87500,0.010,0.760,0.230
88000,0.010,0.697,0.293
88500,0.010,0.484,0.506
89000,0.010,0.468,0.522
89500,0.010,0.889,0.101
90000,0.010,0.877,0.113
90500,0.010,0.682,0.308
91000,0.010,0.473,0.517
91500,0.010,0.524,0.466
92000,0.010,0.589,0.401
92500,0.010,0.867,0.123
93000,0.010,0.724,0.266
93500,0.010,0.690,0.300
94000,0.010,0.559,0.431
94500,0.010,0.882,0.108
95000,0.010,0.409,0.581
95500,0.010,0.578,0.412
96000,0.010,0.659,0.331
96500,0.010,0.526,0.464
97000,0.010,0.671,0.319
97500,0.010,0.522,0.468
98000,0.010,0.517,0.473
98500,0.010,0.633,0.357
99000,0.010,0.614,0.376
99500,0.010,0.621,0.369
100000,0.010,0.647,0.343
100500,0.010,0.708,0.282
101000,0.010,0.731,0.259
101500,0.010,0.655,0.335
102000,0.010,0.505,0.485
102500,0.010,0.582,0.408
103000,0.010,0.764,0.226
103500,0.010,0.593,0.397
104000,0.010,0.602,0.388
104500,0.010,0.771,0.219
105000,0.010,0.557,0.433
105500,0.010,0.691,0.299
106000,0.010,0.744,0.246
106500,0.010,0.832,0.158
107000,0.010,0.513,0.477
107500,0.010,0.759,0.231
108000,0.010,0.484,0.506
108500,0.010,0.590,0.400
109000,0.010,0.460,0.530
109500,0.010,0.632,0.358
110000,0.010,0.672,0.318
110500,0.010,0.651,0.339
111000,0.010,0.587,0.403
111500,0.010,0.520,0.470
112000,0.010,0.540,0.450
112500,0.010,0.552,0.438
113000,0.010,0.733,0.257
113500,0.010,0.724,0.266
114000,0.010,0.442,0.548
114500,0.010,0.572,0.418
115000,0.010,0.540,0.450
115500,0.010,0.630,0.360
116000,0.010,0.775,0.215
116500,0.010,0.633,0.357
117000,0.010,0.725,0.265
117500,0.010,0.612,0.378
118000,0.010,0.745,0.245
118500,0.010,0.749,0.241
119000,0.010,0.697,0.293
119500,0.010,0.633,0.357
120000,0.010,0.805,0.185
120500,0.010,0.475,0.515
121000,0.010,0.709,0.281
121500,0.010,0.534,0.456
122000,0.010,0.789,0.201
122500,0.010,0.671,0.319
123000,0.010,0.807,0.183
123500,0.010,0.621,0.369
124000,0.010,0.676,0.314
124500,0.010,0.656,0.334
125000,0.010,0.579,0.411
125500,0.010,0.464,0.526
126000,0.010,0.806,0.184
126500,0.010,0.394,0.596
127000,0.010,0.698,0.292
127500,0.010,0.583,0.407
128000,0.010,0.510,0.480
128500,0.010,0.627,0.363
129000,0.010,0.415,0.575
129500,0.010,0.465,0.525
130000,0.010,0.534,0.456
130500,0.010,0.619,0.371
131000,0.010,0.667,0.323
131500,0.010,0.604,0.386
132000,0.010,0.943,0.047
132500,0.010,0.755,0.235
133000,0.010,0.647,0.343
133500,0.010,0.831,0.159
134000,0.010,0.569,0.421
134500,0.010,0.741,0.249
135000,0.010,0.465,0.525
135500,0.010,0.394,0.596
136000,0.010,0.641,0.349
136500,0.010,0.770,0.220
137000,0.010,0.765,0.225
137500,0.010,0.523,0.467
138000,0.010,0.540,0.450
138500,0.010,0.560,0.430
139000,0.010,0.726,0.264
139500,0.010,0.695,0.295
140000,0.010,0.510,0.480
140500,0.010,0.602,0.388
141000,0.010,0.670,0.320
141500,0.010,0.678,0.312
142000,0.010,0.823,0.167
142500,0.010,0.632,0.358
143000,0.010,0.496,0.494
143500,0.010,0.460,0.530
144000,0.010,0.686,0.304
144500,0.010,0.598,0.392
145000,0.010,0.770,0.220
145500,0.010,0.580,0.410
146000,0.010,0.776,0.214
146500,0.010,0.518,0.472
147000,0.010,0.695,0.295
147500,0.010,0.747,0.243
148000,0.010,0.577,0.413
148500,0.010,0.587,0.403
149000,0.010,0.457,0.533
149500,0.010,0.583,0.407
150000,0.010,0.597,0.393
150500,0.010,0.535,0.455
151000,0.010,0.691,0.299
151500,0.010,0.811,0.179
152000,0.010,0.914,0.076
152500,0.010,0.659,0.331
153000,0.010,0.667,0.323
153500,0.010,0.597,0.393
154000,0.010,0.570,0.420
154500,0.010,0.707,0.283
155000,0.010,0.610,0.380
155500,0.010,0.586,0.404
156000,0.010,0.564,0.426
156500,0.010,0.624,0.366
157000,0.010,0.508,0.482
157500,0.010,0.356,0.634
158000,0.010,0.338,0.652
158500,0.010,0.431,0.559
159000,0.010,0.523,0.467
159500,0.010,0.463,0.527
160000,0.010,0.839,0.151
160500,0.010,0.527,0.463
161000,0.010,0.755,0.235
161500,0.010,0.433,0.557
162000,0.010,0.820,0.170
162500,0.010,0.813,0.177
163000,0.010,0.693,0.297
163500,0.010,0.358,0.632
164000,0.010,0.586,0.404
164500,0.010,0.706,0.284
165000,0.010,0.508,0.482
165500,0.010,0.697,0.293
166000,0.010,0.511,0.479
166500,0.010,0.637,0.353
167000,0.010,0.709,0.281
167500,0.010,0.453,0.537
168000,0.010,0.480,0.510
168500,0.010,0.738,0.252
169000,0.010,0.602,0.388
169500,0.010,0.785,0.205
170000,0.010,0.528,0.462
170500,0.010,0.439,0.551
171000,0.010,0.556,0.434
171500,0.010,0.545,0.445
172000,0.010,0.563,0.427
172500,0.010,0.706,0.284
173000,0.010,0.773,0.217
173500,0.010,0.532,0.458
174000,0.010,0.915,0.075
174500,0.010,0.683,0.307
175000,0.010,0.584,0.406
175500,0.010,0.498,0.492
176000,0.010,0.707,0.283
176500,0.010,0.493,0.497
177000,0.010,0.398,0.592
177500,0.010,0.578,0.412
178000,0.010,0.644,0.346
178500,0.010,0.553,0.437
179000,0.010,0.738,0.252
179500,0.010,0.765,0.225
180000,0.010,0.693,0.297
180500,0.010,0.508,0.482
181000,0.010,0.700,0.290
181500,0.010,0.595,0.395
182000,0.010,0.457,0.533
182500,0.010,0.545,0.445
183000,0.010,0.538,0.452
183500,0.010,0.572,0.418
184000,0.010,0.602,0.388
184500,0.010,0.587,0.403
185000,0.010,0.569,0.421
185500,0.010,0.577,0.413
186000,0.010,0.854,0.136
186500,0.010,0.765,0.225
187000,0.010,0.693,0.297
187500,0.010,0.660,0.330
188000,0.010,0.864,0.126
188500,0.010,0.789,0.201
189000,0.010,0.625,0.365
189500,0.010,0.507,0.483
190000,0.010,0.525,0.465
190500,0.010,0.899,0.091
191000,0.010,0.954,0.036
191500,0.010,0.873,0.117
192000,0.010,0.751,0.239
192500,0.010,0.449,0.541
193000,0.010,0.417,0.573
193500,0.010,0.638,0.352
194000,0.010,0.741,0.249
194500,0.010,0.585,0.405
195000,0.010,0.534,0.456
195500,0.010,0.395,0.595
196000,0.010,0.582,0.408
196500,0.010,0.511,0.479
197000,0.010,0.657,0.333
197500,0.010,0.899,0.091
198000,0.010,0.744,0.246
198500,0.010,0.745,0.245
199000,0.010,0.664,0.326
199500,0.010,0.439,0.551
200000,0.010,0.512,0.478
200500,0.010,0.524,0.466
201000,0.010,0.458,0.532
201500,0.010,0.632,0.358
202000,0.010,0.723,0.267
202500,0.010,0.716,0.274
203000,0.010,0.681,0.309
203500,0.010,0.736,0.254
204000,0.010,0.502,0.488
204500,0.010,0.653,0.337
205000,0.010,0.343,0.647
205500,0.010,0.721,0.269
206000,0.010,0.398,0.592
206500,0.010,0.662,0.328
207000,0.010,0.559,0.431
207500,0.010,0.723,0.267
208000,0.010,0.761,0.229
208500,0.010,0.677,0.313
209000,0.010,0.419,0.571
209500,0.010,0.340,0.650
210000,0.010,0.589,0.401
210500,0.010,0.731,0.259
211000,0.010,0.859,0.131
211500,0.010,0.496,0.494
212000,0.010,0.459,0.531
212500,0.010,0.461,0.529
213000,0.010,0.784,0.206
213500,0.010,0.559,0.431
214000,0.010,0.510,0.480
214500,0.010,0.558,0.432
215000,0.010,0.734,0.256
215500,0.010,0.742,0.248
216000,0.010,0.677,0.313
216500,0.010,0.444,0.546
217000,0.010,0.339,0.651
217500,0.010,0.607,0.383
218000,0.010,0.746,0.244
218500,0.010,0.596,0.394
219000,0.010,0.652,0.338
219500,0.010,0.676,0.314
220000,0.010,0.526,0.464
220500,0.010,0.569,0.421
221000,0.010,0.556,0.434
221500,0.010,0.762,0.228
222000,0.010,0.721,0.269
222500,0.010,0.412,0.578
223000,0.010,0.644,0.346
223500,0.010,0.590,0.400
224000,0.010,0.850,0.140
224500,0.010,0.901,0.089
225000,0.010,0.694,0.296
225500,0.010,0.550,0.440
226000,0.010,0.727,0.263
226500,0.010,0.641,0.349
227000,0.010,0.798,0.192
227500,0.010,0.725,0.265
228000,0.010,0.901,0.089
228500,0.010,0.541,0.449
229000,0.010,0.466,0.524
229500,0.010,0.649,0.341
230000,0.010,0.542,0.448
230500,0.010,0.550,0.440
231000,0.010,0.453,0.537
231500,0.010,0.529,0.461
232000,0.010,0.778,0.212
232500,0.010,0.868,0.122
233000,0.010,0.676,0.314
233500,0.010,0.573,0.417
234000,0.010,0.540,0.450
234500,0.010,0.600,0.390
235000,0.010,0.648,0.342
235500,0.010,0.449,0.541
236000,0.010,0.576,0.414
236500,0.010,0.306,0.684
237000,0.010,0.780,0.210
237500,0.010,0.840,0.150
238000,0.010,0.626,0.364
238500,0.010,0.464,0.526
239000,0.010,0.319,0.671
239500,0.010,0.755,0.235
240000,0.010,0.538,0.452
240500,0.010,0.638,0.352
241000,0.010,0.852,0.138
241500,0.010,0.689,0.301
242000,0.010,0.825,0.165
242500,0.010,0.886,0.104
243000,0.010,0.637,0.353
243500,0.010,0.767,0.223
244000,0.010,0.746,0.244
244500,0.010,0.657,0.333
245000,0.010,0.560,0.430
245500,0.010,0.735,0.255
246000,0.010,0.820,0.170
246500,0.010,0.506,0.484
247000,0.010,0.748,0.242
247500,0.010,0.661,0.329
248000,0.010,0.856,0.134
248500,0.010,0.703,0.287
249000,0.010,0.749,0.241
249500,0.010,0.735,0.255
250000,0.010,0.768,0.222
250500,0.010,0.520,0.470
251000,0.010,0.595,0.395
251500,0.010,0.583,0.407
252000,0.010,0.607,0.383
252500,0.010,0.505,0.485
253000,0.010,0.707,0.283
253500,0.010,0.457,0.533
254000,0.010,0.714,0.276
254500,0.010,0.665,0.325
255000,0.010,0.849,0.141
255500,0.010,0.948,0.042
256000,0.010,0.719,0.271
256500,0.010,0.648,0.342
257000,0.010,0.493,0.497
257500,0.010,0.656,0.334
258000,0.010,0.882,0.108
258500,0.010,0.723,0.267
259000,0.010,0.528,0.462
259500,0.010,0.421,0.569
260000,0.010,0.530,0.460
260500,0.010,0.606,0.384
261000,0.010,0.631,0.359
261500,0.010,0.593,0.397
262000,0.010,0.702,0.288
262500,0.010,0.487,0.503
263000,0.010,0.517,0.473
263500,0.010,0.635,0.355
264000,0.010,0.434,0.556
264500,0.010,0.775,0.215
265000,0.010,0.670,0.320
265500,0.010,0.704,0.286
266000,0.010,0.742,0.248
266500,0.010,0.569,0.421
267000,0.010,0.351,0.639
267500,0.010,0.420,0.570
268000,0.010,0.484,0.506
268500,0.010,0.574,0.416
269000,0.010,0.593,0.397
269500,0.010,0.643,0.347
270000,0.010,0.501,0.489
270500,0.010,0.581,0.409
271000,0.010,0.472,0.518
271500,0.010,0.473,0.517
272000,0.010,0.791,0.199
272500,0.010,0.788,0.202
273000,0.010,0.577,0.413
273500,0.010,0.484,0.506
274000,0.010,0.473,0.517
274500,0.010,0.865,0.125
275000,0.010,0.515,0.475
275500,0.010,0.511,0.479
276000,0.010,0.543,0.447
276500,0.010,0.535,0.455
277000,0.010,0.541,0.449
277500,0.010,0.475,0.515
278000,0.010,0.560,0.430
278500,0.010,0.483,0.507
279000,0.010,0.490,0.500
279500,0.010,0.721,0.269
280000,0.010,0.732,0.258
280500,0.010,0.586,0.404
281000,0.010,0.659,0.331
281500,0.010,0.603,0.387
282000,0.010,0.578,0.412
282500,0.010,0.583,0.407
283000,0.010,0.565,0.425
283500,0.010,0.493,0.497
284000,0.010,0.570,0.420
284500,0.010,0.723,0.267
285000,0.010,0.435,0.555
285500,0.010,0.921,0.069
286000,0.010,0.772,0.218
286500,0.010,0.739,0.251
287000,0.010,0.629,0.361
287500,0.010,0.707,0.283
288000,0.010,0.716,0.274
288500,0.010,0.614,0.376
289000,0.010,0.569,0.421
289500,0.010,0.872,0.118
290000,0.010,0.806,0.184
290500,0.010,0.905,0.085
291000,0.010,0.523,0.467
291500,0.010,0.678,0.312
292000,0.010,0.594,0.396
292500,0.010,0.488,0.502
293000,0.010,0.531,0.459
293500,0.010,0.651,0.339
294000,0.010,0.809,0.181
294500,0.010,0.878,0.112
295000,0.010,0.769,0.221
295500,0.010,0.797,0.193
296000,0.010,0.789,0.201
296500,0.010,0.730,0.260
297000,0.010,0.609,0.381
297500,0.010,0.419,0.571
298000,0.010,0.695,0.295
298500,0.010,0.633,0.357
299000,0.010,0.781,0.209
299500,0.010,0.703,0.287
300000,0.010,0.908,0.082
300500,0.010,0.926,0.064
301000,0.010,0.413,0.577
301500,0.010,0.548,0.442
302000,0.010,0.681,0.309
302500,0.010,0.724,0.266
303000,0.010,0.611,0.379
303500,0.010,0.432,0.558
304000,0.010,0.722,0.268
304500,0.010,0.667,0.323
305000,0.010,0.594,0.396
305500,0.010,0.438,0.552
306000,0.010,0.600,0.390
306500,0.010,0.764,0.226
307000,0.010,0.720,0.270
307500,0.010,0.695,0.295
308000,0.010,0.642,0.348
308500,0.010,0.615,0.375
309000,0.010,0.750,0.240
309500,0.010,0.755,0.235
310000,0.010,0.613,0.377
310500,0.010,0.610,0.380
311000,0.010,0.443,0.547
311500,0.010,0.424,0.566
312000,0.010,0.829,0.161
312500,0.010,0.845,0.145
313000,0.010,0.817,0.173
313500,0.010,0.755,0.235
314000,0.010,0.744,0.246
314500,0.010,0.908,0.082
315000,0.010,0.524,0.466
315500,0.010,0.568,0.422
316000,0.010,0.626,0.364
316500,0.010,0.761,0.229
317000,0.010,0.786,0.204
317500,0.010,0.413,0.577
318000,0.010,0.598,0.392
318500,0.010,0.835,0.155
319000,0.010,0.758,0.232
319500,0.010,0.690,0.300
320000,0.010,0.876,0.114
320500,0.010,0.809,0.181
321000,0.010,0.482,0.508
321500,0.010,0.712,0.278
322000,0.010,0.678,0.312
322500,0.010,0.667,0.323
323000,0.010,0.761,0.229
323500,0.010,0.572,0.418
324000,0.010,0.550,0.440
324500,0.010,0.743,0.247
325000,0.010,0.693,0.297
325500,0.010,0.689,0.301
326000,0.010,0.489,0.501
326500,0.010,0.688,0.302
327000,0.010,0.666,0.324
327500,0.010,0.739,0.251
328000,0.010,0.542,0.448
328500,0.010,0.858,0.132
329000,0.010,0.559,0.431
329500,0.010,0.790,0.200
330000,0.010,0.696,0.294
330500,0.010,0.330,0.660
331000,0.010,0.650,0.340
331500,0.010,0.743,0.247
332000,0.010,0.755,0.235
332500,0.010,0.578,0.412
333000,0.010,0.613,0.377
333500,0.010,0.482,0.508
334000,0.010,0.454,0.536
334500,0.010,0.668,0.322
335000,0.010,0.591,0.399
335500,0.010,0.692,0.298
336000,0.010,0.692,0.298
336500,0.010,0.746,0.244
337000,0.010,0.519,0.471
337500,0.010,0.419,0.571
338000,0.010,0.686,0.304
338500,0.010,0.608,0.382
339000,0.010,0.714,0.276
339500,0.010,0.540,0.450
340000,0.010,0.795,0.195
340500,0.010,0.679,0.311
341000,0.010,0.714,0.276
341500,0.010,0.452,0.538
342000,0.010,0.565,0.425
342500,0.010,0.567,0.423
343000,0.010,0.593,0.397
343500,0.010,0.412,0.578
344000,0.010,0.628,0.362
344500,0.010,0.540,0.450
345000,0.010,0.905,0.085
345500,0.010,0.821,0.169
346000,0.010,0.578,0.412
346500,0.010,0.502,0.488
347000,0.010,0.746,0.244
347500,0.010,0.650,0.340
348000,0.010,0.642,0.348
348500,0.010,0.813,0.177
349000,0.010,0.384,0.606
349500,0.010,0.523,0.467
350000,0.010,0.809,0.181
350500,0.010,0.483,0.507
351000,0.010,0.566,0.424
351500,0.010,0.529,0.461
352000,0.010,0.458,0.532
352500,0.010,0.532,0.458
353000,0.010,0.556,0.434
353500,0.010,0.463,0.527
354000,0.010,0.659,0.331
354500,0.010,0.617,0.373
355000,0.010,0.598,0.392
355500,0.010,0.681,0.309
356000,0.010,0.564,0.426
356500,0.010,0.756,0.234
357000,0.010,0.604,0.386
357500,0.010,0.592,0.398
358000,0.010,0.567,0.423
358500,0.010,0.604,0.386
359000,0.010,0.579,0.411
359500,0.010,0.705,0.285
360000,0.010,0.609,0.381
360500,0.010,0.500,0.490
361000,0.010,0.389,0.601
361500,0.010,0.667,0.323
362000,0.010,0.671,0.319
362500,0.010,0.767,0.223
363000,0.010,0.433,0.557
363500,0.010,0.500,0.490
364000,0.010,0.623,0.367
364500,0.010,0.562,0.428
365000,0.010,0.636,0.354
365500,0.010,0.504,0.486
366000,0.010,0.847,0.143
366500,0.010,0.694,0.296
367000,0.010,0.879,0.111
367500,0.010,0.784,0.206
368000,0.010,0.693,0.297
368500,0.010,0.475,0.515
369000,0.010,0.633,0.357
369500,0.010,0.495,0.495
370000,0.010,0.710,0.280
370500,0.010,0.597,0.393
371000,0.010,0.765,0.225
371500,0.010,0.440,0.550
372000,0.010,0.922,0.068
372500,0.010,0.733,0.257
373000,0.010,0.593,0.397
373500,0.010,0.773,0.217
374000,0.010,0.310,0.680
374500,0.010,0.491,0.499
375000,0.010,0.551,0.439
375500,0.010,0.670,0.320
376000,0.010,0.677,0.313
376500,0.010,0.576,0.414
377000,0.010,0.376,0.614
377500,0.010,0.917,0.073
378000,0.010,0.662,0.328
378500,0.010,0.619,0.371
379000,0.010,0.826,0.164
379500,0.010,0.819,0.171
380000,0.010,0.574,0.416
380500,0.010,0.785,0.205
381000,0.010,0.754,0.236
381500,0.010,0.810,0.180
382000,0.010,0.403,0.587
382500,0.010,0.825,0.165
383000,0.010,0.897,0.093
383500,0.010,0.643,0.347
384000,0.010,0.452,0.538
384500,0.010,0.584,0.406
385000,0.010,0.695,0.295
385500,0.010,0.460,0.530
386000,0.010,0.751,0.239
386500,0.010,0.765,0.225
387000,0.010,0.611,0.379
387500,0.010,0.578,0.412
388000,0.010,0.535,0.455
388500,0.010,0.574,0.416
389000,0.010,0.716,0.274
389500,0.010,0.914,0.076
390000,0.010,0.646,0.344
390500,0.010,0.784,0.206
391000,0.010,0.459,0.531
391500,0.010,0.531,0.459
392000,0.010,0.682,0.308
392500,0.010,0.751,0.239
393000,0.010,0.781,0.209
393500,0.010,0.665,0.325
394000,0.010,0.659,0.331
394500,0.010,0.571,0.419
395000,0.010,0.489,0.501
395500,0.010,0.486,0.504
396000,0.010,0.730,0.260
396500,0.010,0.685,0.305
397000,0.010,0.497,0.493
397500,0.010,0.543,0.447
398000,0.010,0.671,0.319
398500,0.010,0.452,0.538
399000,0.010,0.461,0.529
399500,0.010,0.562,0.428
400000,0.010,0.737,0.253
400500,0.010,0.619,0.371
401000,0.010,0.643,0.347
401500,0.010,0.720,0.270
402000,0.010,0.821,0.169
402500,0.010,0.764,0.226
403000,0.010,0.413,0.577
403500,0.010,0.754,0.236
404000,0.010,0.716,0.274
404500,0.010,0.554,0.436
405000,0.010,0.532,0.458
405500,0.010,0.460,0.530
406000,0.010,0.618,0.372
406500,0.010,0.611,0.379
407000,0.010,0.598,0.392
407500,0.010,0.768,0.222
408000,0.010,0.688,0.302
408500,0.010,0.709,0.281
409000,0.010,0.667,0.323
409500,0.010,0.637,0.353
410000,0.010,0.647,0.343
410500,0.010,0.600,0.390
411000,0.010,0.714,0.276
411500,0.010,0.592,0.398
412000,0.010,0.522,0.468
412500,0.010,0.730,0.260
413000,0.010,0.391,0.599
413500,0.010,0.500,0.490
414000,0.010,0.743,0.247
414500,0.010,0.771,0.219
415000,0.010,0.793,0.197
415500,0.010,0.657,0.333
416000,0.010,0.503,0.487
416500,0.010,0.651,0.339
417000,0.010,0.732,0.258
417500,0.010,0.609,0.381
418000,0.010,0.617,0.373
418500,0.010,0.604,0.386
419000,0.010,0.543,0.447
419500,0.010,0.366,0.624
420000,0.010,0.647,0.343
420500,0.010,0.748,0.242
421000,0.010,0.684,0.306
421500,0.010,0.564,0.426
422000,0.010,0.711,0.279
422500,0.010,0.532,0.458
423000,0.010,0.617,0.373
423500,0.010,0.683,0.307
424000,0.010,0.744,0.246
424500,0.010,0.585,0.405
425000,0.010,0.920,0.070
425500,0.010,0.652,0.338
426000,0.010,0.755,0.235
426500,0.010,0.695,0.295
427000,0.010,0.693,0.297
427500,0.010,0.746,0.244
428000,0.010,0.835,0.155
428500,0.010,0.481,0.509
429000,0.010,0.623,0.367
429500,0.010,0.495,0.495
430000,0.010,0.602,0.388
430500,0.010,0.444,0.546
431000,0.010,0.372,0.618
431500,0.010,0.584,0.406
432000,0.010,0.452,0.538
432500,0.010,0.642,0.348
433000,0.010,0.527,0.463
433500,0.010,0.625,0.365
434000,0.010,0.651,0.339
434500,0.010,0.663,0.327
435000,0.010,0.771,0.219
435500,0.010,0.968,0.022
436000,0.010,0.734,0.256
436500,0.010,0.687,0.303
437000,0.010,0.480,0.510
437500,0.010,0.615,0.375
438000,0.010,0.685,0.305
438500,0.010,0.546,0.444
439000,0.010,0.466,0.524
439500,0.010,0.671,0.319
440000,0.010,0.896,0.094
440500,0.010,0.532,0.458
441000,0.010,0.695,0.295
441500,0.010,0.535,0.455
442000,0.010,0.471,0.519
442500,0.010,0.583,0.407
443000,0.010,0.573,0.417
443500,0.010,0.514,0.476
444000,0.010,0.530,0.460
444500,0.010,0.768,0.222
445000,0.010,0.606,0.384
445500,0.010,0.367,0.623
446000,0.010,0.789,0.201
446500,0.010,0.699,0.291
447000,0.010,0.406,0.584
447500,0.010,0.488,0.502
448000,0.010,0.639,0.351
448500,0.010,0.816,0.174
449000,0.010,0.726,0.264
449500,0.010,0.393,0.597
450000,0.010,0.512,0.478
450500,0.010,0.983,0.007
451000,0.010,0.702,0.288
451500,0.010,0.583,0.407
452000,0.010,0.724,0.266
452500,0.010,0.704,0.286
453000,0.010,0.553,0.437
453500,0.010,0.470,0.520
454000,0.010,0.623,0.367
454500,0.010,0.838,0.152
455000,0.010,0.580,0.410
455500,0.010,0.596,0.394
456000,0.010,0.653,0.337
456500,0.010,0.726,0.264
457000,0.010,0.545,0.445
457500,0.010,0.670,0.320
458000,0.010,0.804,0.186
458500,0.010,0.712,0.278
459000,0.010,0.654,0.336
459500,0.010,0.413,0.577
460000,0.010,0.778,0.212
460500,0.010,0.724,0.266
461000,0.010,0.909,0.081
461500,0.010,0.762,0.228
462000,0.010,0.665,0.325
462500,0.010,0.806,0.184
463000,0.010,0.782,0.208
463500,0.010,0.704,0.286
464000,0.010,0.526,0.464
464500,0.010,0.596,0.394
465000,0.010,0.550,0.440
465500,0.010,0.554,0.436
466000,0.010,0.678,0.312
466500,0.010,0.350,0.640
467000,0.010,0.536,0.454
467500,0.010,0.555,0.435
468000,0.010,0.697,0.293
468500,0.010,0.795,0.195
469000,0.010,0.597,0.393
469500,0.010,0.523,0.467
470000,0.010,0.651,0.339
470500,0.010,0.481,0.509
471000,0.010,0.602,0.388
471500,0.010,0.482,0.508
472000,0.010,0.670,0.320
472500,0.010,0.480,0.510
473000,0.010,0.562,0.428
473500,0.010,0.765,0.225
474000,0.010,0.585,0.405
474500,0.010,0.541,0.449
475000,0.010,0.634,0.356
475500,0.010,0.639,0.351
476000,0.010,0.579,0.411
476500,0.010,0.674,0.316
477000,0.010,0.736,0.254
477500,0.010,0.638,0.352
478000,0.010,0.546,0.444
478500,0.010,0.581,0.409
479000,0.010,0.649,0.341
479500,0.010,0.730,0.260
480000,0.010,0.797,0.193
480500,0.010,0.804,0.186
481000,0.010,0.786,0.204
481500,0.010,0.618,0.372
482000,0.010,0.707,0.283
482500,0.010,0.541,0.449
483000,0.010,0.501,0.489
483500,0.010,0.587,0.403
484000,0.010,0.662,0.328
484500,0.010,0.842,0.148
485000,0.010,0.855,0.135
485500,0.010,0.887,0.103
486000,0.010,0.938,0.052
486500,0.010,0.784,0.206
487000,0.010,0.412,0.578
487500,0.010,0.541,0.449
488000,0.010,0.433,0.557
488500,0.010,0.597,0.393
489000,0.010,0.501,0.489
489500,0.010,0.782,0.208
490000,0.010,0.535,0.455
490500,0.010,0.765,0.225
491000,0.010,0.660,0.330
491500,0.010,0.404,0.586
492000,0.010,0.650,0.340
492500,0.010,0.557,0.433
493000,0.010,0.588,0.402
493500,0.010,0.796,0.194
494000,0.010,0.604,0.386
494500,0.010,0.785,0.205
495000,0.010,0.729,0.261
495500,0.010,0.594,0.396
496000,0.010,0.461,0.529
496500,0.010,0.718,0.272
497000,0.010,0.398,0.592
497500,0.010,0.698,0.292
498000,0.010,0.500,0.490
498500,0.010,0.901,0.089
499000,0.010,0.173,0.817
499500,0.010,0.876,0.114
500000,0.010,0.844,0.146
500500,0.010,0.680,0.310
501000,0.010,0.599,0.391
501500,0.010,0.706,0.284
502000,0.010,0.720,0.270
502500,0.010,0.558,0.432
503000,0.010,0.518,0.472
503500,0.010,0.772,0.218
504000,0.010,0.629,0.361
504500,0.010,0.474,0.516
505000,0.010,0.783,0.207
505500,0.010,0.525,0.465
506000,0.010,0.708,0.282
506500,0.010,0.782,0.208
507000,0.010,0.736,0.254
507500,0.010,0.704,0.286
508000,0.010,0.339,0.651
508500,0.010,0.633,0.357
509000,0.010,0.710,0.280
509500,0.010,0.744,0.246
510000,0.010,0.648,0.342
510500,0.010,0.740,0.250
511000,0.010,0.745,0.245
511500,0.010,0.843,0.147
512000,0.010,0.528,0.462
512500,0.010,0.688,0.302
513000,0.010,0.571,0.419
513500,0.010,0.615,0.375
514000,0.010,0.730,0.260
514500,0.010,0.609,0.381
515000,0.010,0.604,0.386
515500,0.010,0.452,0.538
516000,0.010,0.735,0.255
516500,0.010,0.434,0.556
517000,0.010,0.414,0.576
517500,0.010,0.451,0.539
518000,0.010,0.932,0.058
518500,0.010,0.563,0.427
519000,0.010,0.681,0.309
519500,0.010,0.502,0.488
520000,0.010,0.577,0.413
520500,0.010,0.786,0.204
521000,0.010,0.436,0.554
521500,0.010,0.657,0.333
522000,0.010,0.624,0.366
522500,0.010,0.452,0.538
523000,0.010,0.656,0.334
523500,0.010,0.922,0.068
524000,0.010,0.728,0.262
524500,0.010,0.779,0.211
525000,0.010,0.972,0.018
525500,0.010,0.746,0.244
526000,0.010,0.766,0.224
526500,0.010,0.548,0.442
527000,0.010,0.626,0.364
527500,0.010,0.711,0.279
528000,0.010,0.420,0.570
528500,0.010,0.836,0.154
529000,0.010,0.758,0.232
529500,0.010,0.662,0.328
530000,0.010,0.619,0.371
530500,0.010,0.718,0.272
531000,0.010,0.624,0.366
531500,0.010,0.465,0.525
532000,0.010,0.661,0.329
532500,0.010,0.740,0.250
533000,0.010,0.791,0.199
533500,0.010,0.884,0.106
534000,0.010,0.559,0.431
534500,0.010,0.484,0.506
535000,0.010,0.644,0.346
535500,0.010,0.450,0.540
536000,0.010,0.649,0.341
536500,0.010,0.521,0.469
537000,0.010,0.656,0.334
537500,0.010,0.623,0.367
538000,0.010,0.690,0.300
538500,0.010,0.433,0.557
539000,0.010,0.593,0.397
539500,0.010,0.478,0.512
540000,0.010,0.567,0.423
540500,0.010,0.485,0.505
541000,0.010,0.541,0.449
541500,0.010,0.424,0.566
542000,0.010,0.811,0.179
542500,0.010,0.772,0.218
543000,0.010,0.839,0.151
543500,0.010,0.808,0.182
544000,0.010,0.974,0.016
544500,0.010,0.846,0.144
545000,0.010,0.418,0.572
545500,0.010,0.578,0.412
546000,0.010,0.591,0.399
546500,0.010,0.596,0.394
547000,0.010,0.398,0.592
547500,0.010,0.418,0.572
548000,0.010,0.581,0.409
548500,0.010,0.447,0.543
549000,0.010,0.577,0.413
549500,0.010,0.669,0.321
550000,0.010,0.705,0.285
550500,0.010,0.537,0.453
551000,0.010,0.670,0.320
551500,0.010,0.743,0.247
552000,0.010,0.683,0.307
552500,0.010,0.857,0.133
553000,0.010,0.426,0.564
553500,0.010,0.410,0.580
554000,0.010,0.766,0.224
554500,0.010,0.814,0.176
555000,0.010,0.891,0.099
555500,0.010,0.468,0.522
556000,0.010,0.545,0.445
556500,0.010,0.505,0.485
557000,0.010,0.693,0.297
557500,0.010,0.698,0.292
558000,0.010,0.661,0.329
558500,0.010,0.590,0.400
559000,0.010,0.693,0.297
559500,0.010,0.385,0.605
560000,0.010,0.652,0.338
560500,0.010,0.723,0.267
561000,0.010,0.729,0.261
561500,0.010,0.683,0.307
562000,0.010,0.572,0.418
562500,0.010,0.623,0.367
563000,0.010,0.593,0.397
563500,0.010,0.487,0.503
564000,0.010,0.667,0.323
564500,0.010,0.520,0.470
565000,0.010,0.533,0.457
565500,0.010,0.471,0.519
566000,0.010,0.663,0.327
566500,0.010,0.809,0.181
567000,0.010,0.639,0.351
567500,0.010,0.673,0.317
568000,0.010,0.607,0.383
568500,0.010,0.504,0.486
569000,0.010,0.592,0.398
569500,0.010,0.892,0.098
570000,0.010,0.715,0.275
570500,0.010,0.482,0.508
571000,0.010,0.589,0.401
571500,0.010,0.579,0.411
572000,0.010,0.460,0.530
572500,0.010,0.534,0.456
573000,0.010,0.560,0.430
573500,0.010,0.773,0.217
574000,0.010,0.618,0.372
574500,0.010,0.591,0.399
575000,0.010,0.789,0.201
575500,0.010,0.830,0.160
576000,0.010,0.695,0.295
576500,0.010,0.408,0.582
577000,0.010,0.531,0.459
577500,0.010,0.477,0.513
578000,0.010,0.587,0.403
578500,0.010,0.636,0.354
579000,0.010,0.481,0.509
579500,0.010,0.498,0.492
580000,0.010,0.677,0.313
580500,0.010,0.540,0.450
581000,0.010,0.762,0.228
581500,0.010,0.814,0.176
582000,0.010,0.696,0.294
582500,0.010,0.750,0.240
583000,0.010,0.571,0.419
583500,0.010,0.720,0.270
584000,0.010,0.673,0.317
584500,0.010,0.583,0.407
585000,0.010,0.557,0.433
585500,0.010,0.548,0.442
586000,0.010,0.755,0.235
586500,0.010,0.686,0.304
587000,0.010,0.432,0.558
587500,0.010,0.796,0.194
588000,0.010,0.556,0.434
588500,0.010,0.327,0.663
589000,0.010,0.536,0.454
589500,0.010,0.593,0.397
590000,0.010,0.622,0.368
590500,0.010,0.581,0.409
591000,0.010,0.367,0.623
591500,0.010,0.724,0.266
592000,0.010,0.761,0.229
592500,0.010,0.685,0.305
593000,0.010,0.342,0.648
593500,0.010,0.692,0.298
594000,0.010,0.581,0.409
594500,0.010,0.621,0.369
595000,0.010,0.801,0.189
595500,0.010,0.758,0.232
596000,0.010,0.416,0.574
596500,0.010,0.587,0.403
597000,0.010,0.382,0.608
597500,0.010,0.473,0.517
598000,0.010,0.554,0.436
598500,0.010,0.717,0.273
599000,0.010,0.753,0.237
599500,0.010,0.779,0.211
600000,0.010,0.646,0.344
600500,0.010,0.603,0.387
601000,0.010,0.437,0.553
601500,0.010,0.586,0.404
602000,0.010,0.457,0.533
602500,0.010,0.752,0.238
603000,0.010,0.842,0.148
603500,0.010,0.731,0.259
604000,0.010,0.358,0.632
604500,0.010,0.663,0.327
605000,0.010,0.660,0.330
605500,0.010,0.497,0.493
606000,0.010,0.608,0.382
606500,0.010,0.745,0.245
607000,0.010,0.585,0.405
607500,0.010,0.501,0.489
608000,0.010,0.731,0.259
608500,0.010,0.460,0.530
609000,0.010,0.680,0.310
609500,0.010,0.435,0.555
610000,0.010,0.466,0.524
610500,0.010,0.577,0.413
611000,0.010,0.439,0.551
611500,0.010,0.544,0.446
612000,0.010,0.697,0.293
612500,0.010,0.722,0.268
613000,0.010,0.615,0.375
613500,0.010,0.903,0.087
614000,0.010,0.972,0.018
614500,0.010,0.880,0.110
615000,0.010,0.740,0.250
615500,0.010,0.417,0.573
616000,0.010,0.500,0.490
616500,0.010,0.465,0.525
617000,0.010,0.786,0.204
617500,0.010,0.670,0.320
618000,0.010,0.460,0.530
618500,0.010,0.816,0.174
619000,0.010,0.672,0.318
619500,0.010,0.761,0.229
620000,0.010,0.712,0.278
620500,0.010,0.409,0.581
621000,0.010,0.576,0.414
621500,0.010,0.494,0.496
622000,0.010,0.453,0.537
622500,0.010,0.709,0.281
623000,0.010,0.622,0.368
623500,0.010,0.587,0.403
624000,0.010,0.666,0.324
624500,0.010,0.650,0.340
625000,0.010,0.710,0.280
625500,0.010,0.706,0.284
626000,0.010,0.493,0.497
626500,0.010,0.536,0.454
627000,0.010,0.592,0.398
627500,0.010,0.618,0.372
628000,0.010,0.554,0.436
628500,0.010,0.617,0.373
629000,0.010,0.949,0.041
629500,0.010,0.796,0.194
630000,0.010,0.742,0.248
630500,0.010,0.608,0.382
631000,0.010,0.752,0.238
631500,0.010,0.480,0.510
632000,0.010,0.620,0.370
632500,0.010,0.635,0.355
633000,0.010,0.390,0.600
633500,0.010,0.574,0.416
634000,0.010,0.616,0.374
634500,0.010,0.633,0.357
635000,0.010,0.947,0.043
635500,0.010,0.811,0.179
636000,0.010,0.452,0.538
636500,0.010,0.795,0.195
637000,0.010,0.644,0.346
637500,0.010,0.678,0.312
638000,0.010,0.667,0.323
638500,0.010,0.919,0.071
639000,0.010,0.567,0.423
639500,0.010,0.556,0.434
640000,0.010,0.573,0.417
640500,0.010,0.546,0.444
641000,0.010,0.659,0.331
641500,0.010,0.730,0.260
642000,0.010,0.722,0.268
642500,0.010,0.497,0.493
643000,0.010,0.639,0.351
643500,0.010,0.559,0.431
644000,0.010,0.560,0.430
644500,0.010,0.662,0.328
645000,0.010,0.748,0.242
645500,0.010,0.736,0.254
646000,0.010,0.529,0.461
646500,0.010,0.820,0.170
647000,0.010,0.739,0.251
647500,0.010,0.492,0.498
648000,0.010,0.757,0.233
648500,0.010,0.566,0.424
649000,0.010,0.523,0.467
649500,0.010,0.604,0.386
650000,0.010,0.681,0.309
650500,0.010,0.764,0.226
651000,0.010,0.368,0.622
651500,0.010,0.469,0.521
652000,0.010,0.678,0.312
652500,0.010,0.585,0.405
653000,0.010,0.577,0.413
653500,0.010,0.719,0.271
654000,0.010,0.501,0.489
654500,0.010,0.638,0.352
655000,0.010,0.617,0.373
655500,0.010,0.825,0.165
656000,0.010,0.379,0.611
656500,0.010,0.719,0.271
657000,0.010,0.647,0.343
657500,0.010,0.580,0.410
658000,0.010,0.496,0.494
658500,0.010,0.611,0.379
659000,0.010,0.536,0.454
659500,0.010,0.529,0.461
660000,0.010,0.650,0.340
660500,0.010,0.616,0.374
661000,0.010,0.738,0.252
661500,0.010,0.820,0.170
662000,0.010,0.704,0.286
662500,0.010,0.535,0.455
663000,0.010,0.515,0.475
663500,0.010,0.430,0.560
664000,0.010,0.853,0.137
664500,0.010,0.474,0.516
665000,0.010,0.725,0.265
665500,0.010,0.770,0.220
666000,0.010,0.492,0.498
666500,0.010,0.558,0.432
667000,0.010,0.462,0.528
667500,0.010,0.684,0.306
668000,0.010,0.627,0.363
668500,0.010,0.643,0.347
669000,0.010,0.604,0.386
669500,0.010,0.543,0.447
670000,0.010,0.811,0.179
670500,0.010,0.680,0.310
671000,0.010,0.520,0.470
671500,0.010,0.686,0.304
672000,0.010,0.584,0.406
672500,0.010,0.606,0.384
673000,0.010,0.655,0.335
673500,0.010,0.413,0.577
674000,0.010,0.653,0.337
674500,0.010,0.462,0.528
675000,0.010,0.680,0.310
675500,0.010,0.440,0.550
676000,0.010,0.708,0.282
676500,0.010,0.618,0.372
677000,0.010,0.525,0.465
677500,0.010,0.560,0.430
678000,0.010,0.424,0.566
678500,0.010,0.636,0.354
679000,0.010,0.646,0.344
679500,0.010,0.723,0.267
680000,0.010,0.864,0.126
680500,0.010,0.534,0.456
681000,0.010,0.583,0.407
681500,0.010,0.588,0.402
682000,0.010,0.701,0.289
682500,0.010,0.537,0.453
683000,0.010,0.478,0.512
683500,0.010,0.570,0.420
684000,0.010,0.647,0.343
684500,0.010,0.441,0.549
685000,0.010,0.583,0.407
685500,0.010,0.518,0.472
686000,0.010,0.736,0.254
686500,0.010,0.528,0.462
687000,0.010,0.687,0.303
687500,0.010,0.743,0.247
688000,0.010,0.686,0.304
688500,0.010,0.531,0.459
689000,0.010,0.559,0.431
689500,0.010,0.368,0.622
690000,0.010,0.805,0.185
690500,0.010,0.692,0.298
691000,0.010,0.911,0.079
691500,0.010,0.606,0.384
692000,0.010,0.482,0.508
692500,0.010,0.584,0.406
693000,0.010,0.503,0.487
693500,0.010,0.494,0.496
694000,0.010,0.739,0.251
694500,0.010,0.539,0.451
695000,0.010,0.878,0.112
695500,0.010,0.557,0.433
696000,0.010,0.556,0.434
696500,0.010,0.624,0.366
697000,0.010,0.781,0.209
697500,0.010,0.842,0.148
698000,0.010,0.746,0.244
698500,0.010,0.708,0.282
699000,0.010,0.360,0.630
699500,0.010,0.757,0.233
700000,0.010,0.941,0.049
700500,0.010,0.763,0.227
701000,0.010,0.728,0.262
701500,0.010,0.725,0.265
702000,0.010,0.730,0.260
702500,0.010,0.751,0.239
703000,0.010,0.466,0.524
703500,0.010,0.483,0.507
704000,0.010,0.706,0.284
704500,0.010,0.452,0.538
705000,0.010,0.821,0.169
705500,0.010,0.494,0.496
706000,0.010,0.611,0.379
706500,0.010,0.515,0.475
707000,0.010,0.649,0.341
707500,0.010,0.606,0.384
708000,0.010,0.687,0.303
708500,0.010,0.502,0.488
709000,0.010,0.537,0.453
709500,0.010,0.652,0.338
710000,0.010,0.505,0.485
710500,0.010,0.608,0.382
711000,0.010,0.743,0.247
711500,0.010,0.554,0.436
712000,0.010,0.527,0.463
712500,0.010,0.868,0.122
713000,0.010,0.731,0.259
713500,0.010,0.687,0.303
714000,0.010,0.657,0.333
714500,0.010,0.373,0.617
715000,0.010,0.721,0.269
715500,0.010,0.596,0.394
716000,0.010,0.801,0.189
716500,0.010,0.515,0.475
717000,0.010,0.378,0.612
717500,0.010,0.559,0.431
718000,0.010,0.457,0.533
718500,0.010,0.634,0.356
719000,0.010,0.650,0.340
719500,0.010,0.726,0.264
720000,0.010,0.438,0.552
720500,0.010,0.693,0.297
721000,0.010,0.800,0.190
721500,0.010,0.543,0.447
722000,0.010,0.623,0.367
722500,0.010,0.826,0.164
723000,0.010,0.616,0.374
723500,0.010,0.806,0.184
724000,0.010,0.680,0.310
724500,0.010,0.571,0.419
725000,0.010,0.460,0.530
725500,0.010,0.812,0.178
726000,0.010,0.785,0.205
726500,0.010,0.535,0.455
727000,0.010,0.674,0.316
727500,0.010,0.755,0.235
728000,0.010,0.714,0.276
728500,0.010,0.595,0.395
729000,0.010,0.694,0.296
729500,0.010,0.565,0.425
730000,0.010,0.625,0.365
730500,0.010,0.653,0.337
731000,0.010,0.699,0.291
731500,0.010,0.540,0.450
732000,0.010,0.712,0.278
732500,0.010,0.352,0.638
733000,0.010,0.361,0.629
733500,0.010,0.825,0.165
734000,0.010,0.822,0.168
734500,0.010,0.478,0.512
735000,0.010,0.545,0.445
735500,0.010,0.280,0.710
736000,0.010,0.676,0.314
736500,0.010,0.561,0.429
737000,0.010,0.702,0.288
737500,0.010,0.718,0.272
738000,0.010,0.465,0.525
738500,0.010,0.578,0.412
739000,0.010,0.688,0.302
739500,0.010,0.803,0.187
740000,0.010,0.507,0.483
740500,0.010,0.459,0.531
741000,0.010,0.570,0.420
741500,0.010,0.285,0.705
742000,0.010,0.785,0.205
742500,0.010,0.566,0.424
743000,0.010,0.755,0.235
743500,0.010,0.544,0.446
744000,0.010,0.301,0.689
744500,0.010,0.554,0.436
745000,0.010,0.757,0.233
745500,0.010,0.577,0.413
746000,0.010,0.934,0.056
746500,0.010,0.639,0.351
747000,0.010,0.751,0.239
747500,0.010,0.652,0.338
748000,0.010,0.801,0.189
748500,0.010,0.545,0.445
749000,0.010,0.500,0.490
749500,0.010,0.400,0.590
750000,0.010,0.807,0.183
750500,0.010,0.696,0.294
751000,0.010,0.722,0.268
751500,0.010,0.738,0.252
752000,0.010,0.681,0.309
752500,0.010,0.522,0.468
753000,0.010,0.324,0.666
753500,0.010,0.662,0.328
754000,0.010,0.730,0.260
754500,0.010,0.554,0.436
755000,0.010,0.449,0.541
755500,0.010,0.644,0.346
756000,0.010,0.616,0.374
756500,0.010,0.654,0.336
757000,0.010,0.489,0.501
757500,0.010,0.531,0.459
758000,0.010,0.309,0.681
758500,0.010,0.774,0.216
759000,0.010,0.433,0.557
759500,0.010,0.770,0.220
760000,0.010,0.568,0.422
760500,0.010,0.950,0.040
761000,0.010,0.983,0.007
761500,0.010,0.526,0.464
762000,0.010,0.584,0.406
762500,0.010,0.442,0.548
763000,0.010,0.672,0.318
763500,0.010,0.536,0.454
764000,0.010,0.520,0.470
764500,0.010,0.439,0.551
765000,0.010,0.697,0.293
765500,0.010,0.633,0.357
766000,0.010,0.512,0.478
766500,0.010,0.633,0.357
767000,0.010,0.840,0.150
767500,0.010,0.854,0.136
768000,0.010,0.684,0.306
768500,0.010,0.453,0.537
769000,0.010,0.628,0.362
769500,0.010,0.537,0.453
770000,0.010,0.873,0.117
770500,0.010,0.746,0.244
771000,0.010,0.732,0.258
771500,0.010,0.652,0.338
772000,0.010,0.594,0.396
772500,0.010,0.556,0.434
773000,0.010,0.641,0.349
773500,0.010,0.598,0.392
774000,0.010,0.823,0.167
774500,0.010,0.485,0.505
775000,0.010,0.569,0.421
775500,0.010,0.568,0.422
776000,0.010,0.626,0.364
776500,0.010,0.586,0.404
777000,0.010,0.482,0.508
777500,0.010,0.685,0.305
778000,0.010,0.768,0.222
778500,0.010,0.449,0.541
779000,0.010,0.583,0.407
779500,0.010,0.806,0.184
780000,0.010,0.713,0.277
780500,0.010,0.829,0.161
781000,0.010,0.881,0.109
781500,0.010,0.793,0.197
782000,0.010,0.704,0.286
782500,0.010,0.514,0.476
783000,0.010,0.623,0.367
783500,0.010,0.870,0.120
784000,0.010,0.625,0.365
784500,0.010,0.649,0.341
785000,0.010,0.575,0.415
785500,0.010,0.485,0.505
786000,0.010,0.663,0.327
786500,0.010,0.926,0.064
787000,0.010,0.843,0.147
787500,0.010,0.628,0.362
788000,0.010,0.677,0.313
788500,0.010,0.691,0.299
789000,0.010,0.862,0.128
789500,0.010,0.627,0.363
790000,0.010,0.767,0.223
790500,0.010,0.881,0.109
791000,0.010,0.691,0.299
791500,0.010,0.369,0.621
792000,0.010,0.565,0.425
792500,0.010,0.670,0.320
793000,0.010,0.783,0.207
793500,0.010,0.816,0.174
794000,0.010,0.568,0.422
794500,0.010,0.770,0.220
795000,0.010,0.643,0.347
795500,0.010,0.676,0.314
796000,0.010,0.589,0.401
796500,0.010,0.584,0.406
797000,0.010,0.620,0.370
797500,0.010,0.740,0.250
798000,0.010,0.567,0.423
798500,0.010,0.848,0.142
799000,0.010,0.554,0.436
799500,0.010,0.503,0.487
800000,0.010,0.439,0.551
800500,0.010,0.722,0.268
801000,0.010,0.603,0.387
801500,0.010,0.595,0.395
802000,0.010,0.708,0.282
802500,0.010,0.775,0.215
803000,0.010,0.632,0.358
803500,0.010,0.600,0.390
804000,0.010,0.779,0.211
804500,0.010,0.535,0.455
805000,0.010,0.703,0.287
805500,0.010,0.585,0.405
806000,0.010,0.823,0.167
806500,0.010,0.770,0.220
807000,0.010,0.567,0.423
807500,0.010,0.629,0.361
808000,0.010,0.254,0.736
808500,0.010,0.457,0.533
809000,0.010,0.717,0.273
809500,0.010,0.724,0.266
810000,0.010,0.541,0.449
810500,0.010,0.329,0.661
811000,0.010,0.740,0.250
811500,0.010,0.567,0.423
812000,0.010,0.701,0.289
812500,0.010,0.582,0.408
813000,0.010,0.637,0.353
813500,0.010,0.608,0.382
814000,0.010,0.676,0.314
814500,0.010,0.695,0.295
815000,0.010,0.338,0.652
815500,0.010,0.551,0.439
816000,0.010,0.879,0.111
816500,0.010,0.806,0.184
817000,0.010,0.881,0.109
817500,0.010,0.601,0.389
818000,0.010,0.921,0.069
818500,0.010,0.682,0.308
819000,0.010,0.412,0.578
819500,0.010,0.733,0.257
820000,0.010,0.794,0.196
820500,0.010,0.531,0.459
821000,0.010,0.649,0.341
821500,0.010,0.642,0.348
822000,0.010,0.467,0.523
822500,0.010,0.583,0.407
823000,0.010,0.395,0.595
823500,0.010,0.783,0.207
824000,0.010,0.476,0.514
824500,0.010,0.723,0.267
825000,0.010,0.619,0.371
825500,0.010,0.620,0.370
826000,0.010,0.699,0.291
826500,0.010,0.554,0.436
827000,0.010,0.770,0.220
827500,0.010,0.494,0.496
828000,0.010,0.518,0.472
828500,0.010,0.541,0.449
829000,0.010,0.469,0.521
829500,0.010,0.456,0.534
830000,0.010,0.683,0.307
830500,0.010,0.573,0.417
831000,0.010,0.741,0.249
831500,0.010,0.744,0.246
832000,0.010,0.831,0.159
832500,0.010,0.638,0.352
833000,0.010,0.512,0.478
833500,0.010,0.702,0.288
834000,0.010,0.355,0.635
834500,0.010,0.737,0.253
835000,0.010,0.414,0.576
835500,0.010,0.425,0.565
836000,0.010,0.836,0.154
836500,0.010,0.518,0.472
837000,0.010,0.632,0.358
837500,0.010,0.640,0.350
838000,0.010,0.744,0.246
838500,0.010,0.546,0.444
839000,0.010,0.681,0.309
839500,0.010,0.386,0.604
840000,0.010,0.862,0.128
840500,0.010,0.444,0.546
841000,0.010,0.611,0.379
841500,0.010,0.655,0.335
842000,0.010,0.672,0.318
842500,0.010,0.647,0.343
843000,0.010,0.723,0.267
843500,0.010,0.660,0.330
844000,0.010,0.726,0.264
844500,0.010,0.818,0.172
845000,0.010,0.916,0.074
845500,0.010,0.657,0.333
846000,0.010,0.709,0.281
846500,0.010,0.595,0.395
847000,0.010,0.517,0.473
847500,0.010,0.660,0.330
848000,0.010,0.667,0.323
848500,0.010,0.374,0.616
849000,0.010,0.755,0.235
849500,0.010,0.625,0.365
850000,0.010,0.550,0.440
850500,0.010,0.544,0.446
851000,0.010,0.804,0.186
851500,0.010,0.858,0.132
852000,0.010,0.499,0.491
852500,0.010,0.839,0.151
853000,0.010,0.567,0.423
853500,0.010,0.585,0.405
854000,0.010,0.551,0.439
854500,0.010,0.552,0.438
855000,0.010,0.600,0.390
855500,0.010,0.643,0.347
856000,0.010,0.709,0.281
856500,0.010,0.796,0.194
857000,0.010,0.706,0.284
857500,0.010,0.803,0.187
858000,0.010,0.713,0.277
858500,0.010,0.763,0.227
859000,0.010,0.666,0.324
859500,0.010,0.409,0.581
860000,0.010,0.540,0.450
860500,0.010,0.583,0.407
861000,0.010,0.795,0.195
861500,0.010,0.895,0.095
862000,0.010,0.806,0.184
862500,0.010,0.625,0.365
863000,0.010,0.412,0.578
863500,0.010,0.780,0.210
864000,0.010,0.287,0.703
864500,0.010,0.857,0.133
865000,0.010,0.570,0.420
865500,0.010,0.704,0.286
866000,0.010,0.846,0.144
866500,0.010,0.750,0.240
867000,0.010,0.690,0.300
867500,0.010,0.548,0.442
868000,0.010,0.810,0.180
868500,0.010,0.466,0.524
869000,0.010,0.457,0.533
869500,0.010,0.552,0.438
870000,0.010,0.768,0.222
870500,0.010,0.823,0.167
871000,0.010,0.734,0.256
871500,0.010,0.755,0.235
872000,0.010,0.583,0.407
872500,0.010,0.847,0.143
873000,0.010,0.402,0.588
873500,0.010,0.774,0.216
874000,0.010,0.632,0.358
874500,0.010,0.327,0.663
875000,0.010,0.771,0.219
875500,0.010,0.750,0.240
876000,0.010,0.763,0.227
876500,0.010,0.393,0.597
877000,0.010,0.542,0.448
877500,0.010,0.654,0.336
878000,0.010,0.819,0.171
878500,0.010,0.665,0.325
879000,0.010,0.600,0.390
879500,0.010,0.790,0.200
880000,0.010,0.718,0.272
880500,0.010,0.465,0.525
881000,0.010,0.609,0.381
881500,0.010,0.757,0.233
882000,0.010,0.771,0.219
882500,0.010,0.624,0.366
883000,0.010,0.776,0.214
883500,0.010,0.691,0.299
884000,0.010,0.696,0.294
884500,0.010,0.782,0.208
885000,0.010,0.567,0.423
885500,0.010,0.466,0.524
886000,0.010,0.601,0.389
886500,0.010,0.427,0.563
887000,0.010,0.418,0.572
887500,0.010,0.665,0.325
888000,0.010,0.457,0.533
888500,0.010,0.499,0.491
889000,0.010,0.717,0.273
889500,0.010,0.656,0.334
890000,0.010,0.576,0.414
890500,0.010,0.516,0.474
891000,0.010,0.473,0.517
891500,0.010,0.442,0.548
892000,0.010,0.818,0.172
892500,0.010,0.601,0.389
893000,0.010,0.845,0.145
893500,0.010,0.562,0.428
894000,0.010,0.485,0.505
894500,0.010,0.549,0.441
895000,0.010,0.465,0.525
895500,0.010,0.487,0.503
896000,0.010,0.685,0.305
896500,0.010,0.591,0.399
897000,0.010,0.511,0.479
897500,0.010,0.503,0.487
898000,0.010,0.643,0.347
898500,0.010,0.567,0.423
899000,0.010,0.529,0.461
899500,0.010,0.530,0.460
900000,0.010,0.595,0.395
900500,0.010,0.622,0.368
901000,0.010,0.688,0.302
901500,0.010,0.887,0.103
902000,0.010,0.863,0.127
902500,0.010,0.539,0.451
903000,0.010,0.649,0.341
903500,0.010,0.537,0.453
904000,0.010,0.683,0.307
904500,0.010,0.760,0.230
905000,0.010,0.393,0.597
905500,0.010,0.560,0.430
906000,0.010,0.558,0.432
906500,0.010,0.670,0.320
907000,0.010,0.824,0.166
907500,0.010,0.809,0.181
908000,0.010,0.694,0.296
908500,0.010,0.749,0.241
909000,0.010,0.531,0.459
909500,0.010,0.837,0.153
910000,0.010,0.333,0.657
910500,0.010,0.454,0.536
911000,0.010,0.525,0.465
911500,0.010,0.861,0.129
912000,0.010,0.611,0.379
912500,0.010,0.489,0.501
913000,0.010,0.517,0.473
913500,0.010,0.679,0.311
914000,0.010,0.590,0.400
914500,0.010,0.526,0.464
915000,0.010,0.475,0.515
915500,0.010,0.443,0.547
916000,0.010,0.705,0.285
916500,0.010,0.796,0.194
917000,0.010,0.666,0.324
917500,0.010,0.589,0.401
918000,0.010,0.808,0.182
918500,0.010,0.726,0.264
919000,0.010,0.385,0.605
919500,0.010,0.668,0.322
920000,0.010,0.622,0.368
920500,0.010,0.433,0.557
921000,0.010,0.702,0.288
921500,0.010,0.672,0.318
922000,0.010,0.696,0.294
922500,0.010,0.616,0.374
923000,0.010,0.491,0.499
923500,0.010,0.434,0.556
924000,0.010,0.658,0.332
924500,0.010,0.602,0.388
925000,0.010,0.579,0.411
925500,0.010,0.481,0.509
926000,0.010,0.858,0.132
926500,0.010,0.620,0.370
927000,0.010,0.524,0.466
927500,0.010,0.565,0.425
928000,0.010,0.498,0.492
928500,0.010,0.642,0.348
929000,0.010,0.677,0.313
929500,0.010,0.533,0.457
930000,0.010,0.663,0.327
930500,0.010,0.728,0.262
931000,0.010,0.691,0.299
931500,0.010,0.676,0.314
932000,0.010,0.670,0.320
932500,0.010,0.696,0.294
933000,0.010,0.650,0.340
933500,0.010,0.634,0.356
934000,0.010,0.669,0.321
934500,0.010,0.617,0.373
935000,0.010,0.365,0.625
935500,0.010,0.843,0.147
936000,0.010,0.936,0.054
936500,0.010,0.673,0.317
937000,0.010,0.566,0.424
937500,0.010,0.633,0.357
938000,0.010,0.562,0.428
938500,0.010,0.440,0.550
939000,0.010,0.604,0.386
939500,0.010,0.814,0.176
940000,0.010,0.752,0.238
940500,0.010,0.583,0.407
941000,0.010,0.733,0.257
941500,0.010,0.599,0.391
942000,0.010,0.413,0.577
942500,0.010,0.589,0.401
943000,0.010,0.603,0.387
943500,0.010,0.572,0.418
944000,0.010,0.730,0.260
944500,0.010,0.789,0.201
945000,0.010,0.649,0.341
945500,0.010,0.586,0.404
946000,0.010,0.351,0.639
946500,0.010,0.346,0.644
947000,0.010,0.515,0.475
947500,0.010,0.697,0.293
948000,0.010,0.434,0.556
948500,0.010,0.673,0.317
949000,0.010,0.772,0.218
949500,0.010,0.599,0.391
950000,0.010,0.719,0.271
950500,0.010,0.731,0.259
951000,0.010,0.639,0.351
951500,0.010,0.488,0.502
952000,0.010,0.481,0.509
952500,0.010,0.516,0.474
953000,0.010,0.732,0.258
953500,0.010,0.752,0.238
954000,0.010,0.870,0.120
954500,0.010,0.545,0.445
955000,0.010,0.456,0.534
955500,0.010,0.663,0.327
956000,0.010,0.496,0.494
956500,0.010,0.716,0.274
957000,0.010,0.579,0.411
957500,0.010,0.750,0.240
958000,0.010,0.537,0.453
958500,0.010,0.390,0.600
959000,0.010,0.660,0.330
959500,0.010,0.518,0.472
960000,0.010,0.600,0.390
960500,0.010,0.794,0.196
961000,0.010,0.447,0.543
961500,0.010,0.742,0.248
962000,0.010,0.676,0.314
962500,0.010,0.700,0.290
963000,0.010,0.751,0.239
963500,0.010,0.746,0.244
964000,0.010,0.772,0.218
964500,0.010,0.561,0.429
965000,0.010,0.798,0.192
965500,0.010,0.580,0.410
966000,0.010,0.586,0.404
966500,0.010,0.696,0.294
967000,0.010,0.728,0.262
967500,0.010,0.649,0.341
968000,0.010,0.620,0.370
968500,0.010,0.639,0.351
969000,0.010,0.874,0.116
969500,0.010,0.741,0.249
970000,0.010,0.835,0.155
970500,0.010,0.814,0.176
971000,0.010,0.744,0.246
971500,0.010,0.910,0.080
972000,0.010,0.672,0.318
972500,0.010,0.726,0.264
973000,0.010,0.636,0.354
973500,0.010,0.522,0.468
974000,0.010,0.470,0.520
974500,0.010,0.455,0.535
975000,0.010,0.614,0.376
975500,0.010,0.760,0.230
976000,0.010,0.573,0.417
976500,0.010,0.490,0.500
977000,0.010,0.650,0.340
977500,0.010,0.515,0.475
978000,0.010,0.706,0.284
978500,0.010,0.590,0.400
979000,0.010,0.628,0.362
979500,0.010,0.494,0.496
980000,0.010,0.487,0.503
980500,0.010,0.427,0.563
981000,0.010,0.808,0.182
981500,0.010,0.702,0.288
982000,0.010,0.520,0.470
982500,0.010,0.369,0.621
983000,0.010,0.681,0.309
983500,0.010,0.568,0.422
984000,0.010,0.589,0.401
984500,0.010,0.616,0.374
985000,0.010,0.601,0.389
985500,0.010,0.542,0.448
986000,0.010,0.787,0.203
986500,0.010,0.627,0.363
987000,0.010,0.441,0.549
987500,0.010,0.589,0.401
988000,0.010,0.485,0.505
988500,0.010,0.618,0.372
989000,0.010,0.791,0.199
989500,0.010,0.358,0.632
990000,0.010,0.753,0.237
990500,0.010,0.897,0.093
991000,0.010,0.844,0.146
991500,0.010,0.562,0.428
992000,0.010,0.421,0.569
992500,0.010,0.618,0.372
993000,0.010,0.648,0.342
993500,0.010,0.815,0.175
994000,0.010,0.860,0.130
994500,0.010,0.955,0.035
995000,0.010,0.837,0.153
995500,0.010,0.467,0.523
996000,0.010,0.352,0.638
996500,0.010,0.465,0.525
997000,0.010,0.638,0.352
997500,0.010,0.673,0.317
998000,0.010,0.717,0.273
998500,0.010,0.586,0.404
999000,0.010,0.731,0.259
999500,0.010,0.692,0.298
1000000,0.010,0.842,0.148
