time,n_A+p,n_B,n_AB
500,0.050,0.003,0.947
1000,0.054,0.000,0.946
1500,0.054,0.005,0.941
2000,0.066,0.000,0.934
2500,0.069,0.002,0.929
3000,0.050,0.002,0.948
3500,0.050,0.000,0.950
4000,0.089,0.000,0.911
4500,0.055,0.000,0.945
5000,0.052,0.010,0.938
5500,0.116,0.000,0.884
6000,0.084,0.000,0.916
6500,0.050,0.019,0.931
7000,0.058,0.000,0.942
7500,0.051,0.014,0.935
8000,0.069,0.000,0.931
8500,0.091,0.000,0.909
9000,0.052,0.000,0.948
9500,0.050,0.000,0.950
10000,0.050,0.000,0.950
10500,0.056,0.000,0.944
11000,0.050,0.000,0.950
11500,0.050,0.004,0.946
12000,0.090,0.000,0.910
12500,0.051,0.012,0.937
13000,0.089,0.000,0.911
13500,0.082,0.000,0.918
14000,0.052,0.000,0.948
14500,0.095,0.000,0.905
15000,0.052,0.000,0.948
15500,0.060,0.000,0.940
16000,0.052,0.000,0.948
16500,0.056,0.000,0.944
17000,0.050,0.022,0.928
17500,0.083,0.000,0.917
18000,0.061,0.000,0.939
18500,0.078,0.000,0.922
19000,0.050,0.021,0.929
19500,0.073,0.000,0.927
20000,0.058,0.000,0.942
20500,0.097,0.002,0.901
21000,0.050,0.000,0.950
21500,0.056,0.002,0.942
22000,0.056,0.000,0.944
22500,0.056,0.027,0.917
23000,0.087,0.000,0.913
23500,0.054,0.000,0.946
24000,0.074,0.001,0.925
24500,0.052,0.000,0.948
25000,0.076,0.000,0.924
25500,0.084,0.000,0.916
26000,0.060,0.000,0.940
26500,0.083,0.000,0.917
27000,0.050,0.009,0.941
27500,0.067,0.000,0.933
28000,0.109,0.000,0.891
28500,0.079,0.000,0.921
29000,0.052,0.000,0.948
29500,0.095,0.000,0.905
30000,0.086,0.000,0.914
30500,0.054,0.000,0.946
31000,0.070,0.001,0.929
31500,0.077,0.000,0.923
32000,0.050,0.002,0.948
32500,0.063,0.000,0.937
33000,0.065,0.000,0.935
33500,0.085,0.000,0.915
34000,0.153,0.000,0.847
34500,0.103,0.000,0.897
35000,0.058,0.000,0.942
35500,0.050,0.002,0.948
36000,0.050,0.003,0.947
36500,0.086,0.000,0.914
37000,0.056,0.000,0.944
37500,0.070,0.000,0.930
38000,0.051,0.032,0.917
38500,0.058,0.000,0.942
39000,0.050,0.000,0.950
39500,0.105,0.000,0.895
40000,0.081,0.000,0.919
40500,0.056,0.000,0.944
41000,0.072,0.000,0.928
41500,0.051,0.000,0.949
42000,0.051,0.001,0.948
42500,0.070,0.000,0.930
43000,0.070,0.000,0.930
43500,0.070,0.005,0.925
44000,0.087,0.000,0.913
44500,0.050,0.000,0.950
45000,0.055,0.000,0.945
45500,0.126,0.000,0.874
46000,0.069,0.000,0.931
46500,0.075,0.000,0.925
47000,0.053,0.000,0.947
47500,0.078,0.000,0.922
48000,0.086,0.000,0.914
48500,0.091,0.000,0.909
49000,0.058,0.000,0.942
49500,0.074,0.000,0.926
50000,0.060,0.000,0.940
50500,0.068,0.000,0.932
51000,0.050,0.004,0.946
51500,0.050,0.000,0.950
52000,0.052,0.000,0.948
52500,0.078,0.000,0.922
53000,0.057,0.000,0.943
53500,0.050,0.000,0.950
54000,0.084,0.002,0.914
54500,0.059,0.000,0.941
55000,0.050,0.000,0.950
55500,0.050,0.037,0.913
56000,0.058,0.000,0.942
56500,0.065,0.000,0.935
57000,0.077,0.000,0.923
57500,0.059,0.000,0.941
58000,0.053,0.000,0.947
58500,0.051,0.000,0.949
59000,0.053,0.000,0.947
59500,0.083,0.000,0.917
60000,0.056,0.000,0.944
60500,0.119,0.000,0.881
61000,0.082,0.000,0.918
61500,0.059,0.000,0.941
62000,0.050,0.000,0.950
62500,0.062,0.000,0.938
63000,0.058,0.000,0.942
63500,0.050,0.000,0.950
64000,0.082,0.000,0.918
64500,0.054,0.000,0.946
65000,0.083,0.000,0.917
65500,0.067,0.000,0.933
66000,0.052,0.004,0.944
66500,0.066,0.000,0.934
67000,0.077,0.000,0.923
67500,0.061,0.000,0.939
68000,0.069,0.000,0.931
68500,0.067,0.000,0.933
69000,0.096,0.001,0.903
69500,0.050,0.000,0.950
70000,0.051,0.003,0.946
70500,0.070,0.000,0.930
71000,0.050,0.005,0.945
71500,0.052,0.001,0.947
72000,0.067,0.000,0.933
72500,0.057,0.004,0.939
73000,0.095,0.000,0.905
73500,0.101,0.000,0.899
74000,0.069,0.000,0.931
74500,0.084,0.000,0.916
75000,0.051,0.000,0.949
75500,0.050,0.000,0.950
76000,0.058,0.000,0.942
76500,0.071,0.000,0.929
77000,0.070,0.000,0.930
77500,0.050,0.024,0.926
78000,0.072,0.000,0.928
78500,0.091,0.000,0.909
79000,0.123,0.000,0.877
79500,0.068,0.000,0.932
80000,0.055,0.000,0.945
80500,0.069,0.000,0.931
81000,0.053,0.000,0.947
81500,0.053,0.000,0.947
82000,0.050,0.000,0.950
82500,0.130,0.000,0.870
83000,0.058,0.000,0.942
83500,0.054,0.000,0.946
84000,0.053,0.000,0.947
84500,0.050,0.000,0.950
85000,0.084,0.003,0.913
85500,0.061,0.000,0.939
86000,0.086,0.000,0.914
86500,0.062,0.000,0.938
87000,0.063,0.000,0.937
87500,0.099,0.006,0.895
88000,0.076,0.000,0.924
88500,0.074,0.000,0.926
89000,0.123,0.000,0.877
89500,0.064,0.000,0.936
90000,0.084,0.001,0.915
90500,0.057,0.000,0.943
91000,0.050,0.000,0.950
91500,0.050,0.000,0.950
92000,0.081,0.000,0.919
92500,0.090,0.000,0.910
93000,0.059,0.000,0.941
93500,0.070,0.000,0.930
94000,0.065,0.000,0.935
94500,0.054,0.000,0.946
95000,0.055,0.000,0.945
95500,0.095,0.000,0.905
96000,0.089,0.000,0.911
96500,0.060,0.000,0.940
97000,0.062,0.000,0.938
97500,0.115,0.000,0.885
98000,0.052,0.000,0.948
98500,0.078,0.000,0.922
99000,0.078,0.000,0.922
99500,0.051,0.000,0.949
100000,0.052,0.000,0.948
100500,0.076,0.000,0.924
101000,0.068,0.000,0.932
101500,0.053,0.000,0.947
102000,0.051,0.000,0.949
102500,0.101,0.000,0.899
103000,0.053,0.000,0.947
103500,0.059,0.000,0.941
104000,0.065,0.000,0.935
104500,0.051,0.001,0.948
105000,0.059,0.000,0.941
105500,0.061,0.000,0.939
106000,0.096,0.000,0.904
106500,0.061,0.000,0.939
107000,0.087,0.000,0.913
107500,0.120,0.000,0.880
108000,0.085,0.000,0.915
108500,0.069,0.000,0.931
109000,0.057,0.008,0.935
109500,0.051,0.000,0.949
110000,0.055,0.000,0.945
110500,0.050,0.000,0.950
111000,0.082,0.021,0.897
111500,0.052,0.005,0.943
112000,0.054,0.000,0.946
112500,0.065,0.000,0.935
113000,0.052,0.000,0.948
113500,0.095,0.000,0.905
114000,0.052,0.000,0.948
114500,0.051,0.000,0.949
115000,0.061,0.002,0.937
115500,0.059,0.000,0.941
116000,0.097,0.000,0.903
116500,0.060,0.001,0.939
117000,0.053,0.031,0.916
117500,0.066,0.021,0.913
118000,0.059,0.000,0.941
118500,0.086,0.000,0.914
119000,0.060,0.000,0.940
119500,0.078,0.000,0.922
120000,0.054,0.000,0.946
120500,0.099,0.000,0.901
121000,0.052,0.000,0.948
121500,0.050,0.000,0.950
122000,0.053,0.002,0.945
122500,0.089,0.000,0.911
123000,0.067,0.000,0.933
123500,0.051,0.000,0.949
124000,0.054,0.000,0.946
124500,0.050,0.000,0.950
125000,0.071,0.000,0.929
125500,0.062,0.000,0.938
126000,0.086,0.000,0.914
126500,0.113,0.000,0.887
127000,0.059,0.000,0.941
127500,0.052,0.000,0.948
128000,0.050,0.000,0.950
128500,0.079,0.000,0.921
129000,0.056,0.000,0.944
129500,0.075,0.000,0.925
130000,0.091,0.000,0.909
130500,0.059,0.000,0.941
131000,0.054,0.000,0.946
131500,0.052,0.000,0.948
132000,0.096,0.000,0.904
132500,0.080,0.000,0.920
133000,0.074,0.000,0.926
133500,0.054,0.000,0.946
134000,0.051,0.000,0.949
134500,0.054,0.023,0.923
135000,0.058,0.001,0.941
135500,0.062,0.000,0.938
136000,0.062,0.000,0.938
136500,0.080,0.000,0.920
137000,0.124,0.000,0.876
137500,0.068,0.000,0.932
138000,0.060,0.000,0.940
138500,0.052,0.026,0.922
139000,0.072,0.000,0.928
139500,0.093,0.000,0.907
140000,0.085,0.000,0.915
140500,0.060,0.000,0.940
141000,0.056,0.000,0.944
141500,0.074,0.000,0.926
142000,0.070,0.000,0.930
142500,0.085,0.000,0.915
143000,0.051,0.000,0.949
143500,0.083,0.000,0.917
144000,0.114,0.000,0.886
144500,0.063,0.001,0.936
145000,0.078,0.000,0.922
145500,0.068,0.000,0.932
146000,0.056,0.001,0.943
146500,0.080,0.000,0.920
147000,0.051,0.000,0.949
147500,0.094,0.000,0.906
148000,0.056,0.000,0.944
148500,0.074,0.000,0.926
149000,0.092,0.000,0.908
149500,0.053,0.000,0.947
150000,0.054,0.000,0.946
150500,0.063,0.000,0.937
151000,0.071,0.000,0.929
151500,0.050,0.022,0.928
152000,0.079,0.000,0.921
152500,0.056,0.000,0.944
153000,0.054,0.000,0.946
153500,0.128,0.000,0.872
154000,0.064,0.000,0.936
154500,0.109,0.000,0.891
155000,0.110,0.000,0.890
155500,0.097,0.000,0.903
156000,0.088,0.000,0.912
156500,0.058,0.000,0.942
157000,0.088,0.000,0.912
157500,0.056,0.000,0.944
158000,0.122,0.000,0.878
158500,0.051,0.000,0.949
159000,0.081,0.000,0.919
159500,0.050,0.020,0.930
160000,0.061,0.000,0.939
160500,0.085,0.011,0.904
161000,0.050,0.000,0.950
161500,0.053,0.003,0.944
162000,0.050,0.000,0.950
162500,0.083,0.000,0.917
163000,0.066,0.000,0.934
163500,0.062,0.002,0.936
164000,0.054,0.002,0.944
164500,0.050,0.000,0.950
165000,0.072,0.000,0.928
165500,0.054,0.000,0.946
166000,0.052,0.000,0.948
166500,0.050,0.000,0.950
167000,0.050,0.000,0.950
167500,0.099,0.000,0.901
168000,0.050,0.000,0.950
168500,0.086,0.000,0.914
169000,0.050,0.000,0.950
169500,0.050,0.000,0.950
170000,0.093,0.000,0.907
170500,0.056,0.010,0.934
171000,0.054,0.000,0.946
171500,0.052,0.000,0.948
172000,0.056,0.000,0.944
172500,0.093,0.000,0.907
173000,0.050,0.039,0.911
173500,0.052,0.000,0.948
174000,0.055,0.000,0.945
174500,0.051,0.006,0.943
175000,0.088,0.012,0.900
175500,0.105,0.000,0.895
176000,0.065,0.000,0.935
176500,0.050,0.000,0.950
177000,0.056,0.000,0.944
177500,0.057,0.006,0.937
178000,0.050,0.005,0.945
178500,0.073,0.000,0.927
179000,0.057,0.000,0.943
179500,0.073,0.011,0.916
180000,0.070,0.000,0.930
180500,0.053,0.000,0.947
181000,0.101,0.000,0.899
181500,0.050,0.000,0.950
182000,0.075,0.000,0.925
182500,0.088,0.002,0.910
183000,0.064,0.000,0.936
183500,0.102,0.000,0.898
184000,0.052,0.000,0.948
184500,0.080,0.000,0.920
185000,0.053,0.000,0.947
185500,0.074,0.000,0.926
186000,0.104,0.000,0.896
186500,0.050,0.006,0.944
187000,0.064,0.000,0.936
187500,0.063,0.000,0.937
188000,0.067,0.000,0.933
188500,0.052,0.000,0.948
189000,0.053,0.000,0.947
189500,0.068,0.000,0.932
190000,0.073,0.000,0.927
190500,0.050,0.007,0.943
191000,0.050,0.024,0.926
191500,0.050,0.022,0.928
192000,0.081,0.000,0.919
192500,0.065,0.000,0.935
193000,0.098,0.000,0.902
193500,0.063,0.000,0.937
194000,0.083,0.000,0.917
194500,0.066,0.000,0.934
195000,0.062,0.022,0.916
195500,0.067,0.000,0.933
196000,0.085,0.000,0.915
196500,0.091,0.000,0.909
197000,0.054,0.000,0.946
197500,0.056,0.017,0.927
198000,0.055,0.000,0.945
198500,0.069,0.000,0.931
199000,0.053,0.000,0.947
199500,0.050,0.025,0.925
200000,0.069,0.005,0.926
200500,0.067,0.000,0.933
201000,0.051,0.028,0.921
201500,0.053,0.000,0.947
202000,0.082,0.000,0.918
202500,0.068,0.001,0.931
203000,0.140,0.000,0.860
203500,0.061,0.000,0.939
204000,0.065,0.003,0.932
204500,0.090,0.000,0.910
205000,0.051,0.000,0.949
205500,0.131,0.000,0.869
206000,0.052,0.000,0.948
206500,0.050,0.000,0.950
207000,0.051,0.000,0.949
207500,0.090,0.000,0.910
208000,0.053,0.000,0.947
208500,0.070,0.000,0.930
209000,0.116,0.000,0.884
209500,0.091,0.000,0.909
210000,0.071,0.000,0.929
210500,0.050,0.000,0.950
211000,0.075,0.000,0.925
211500,0.054,0.001,0.945
212000,0.054,0.000,0.946
212500,0.050,0.000,0.950
213000,0.070,0.000,0.930
213500,0.062,0.000,0.938
214000,0.070,0.000,0.930
214500,0.062,0.000,0.938
215000,0.051,0.001,0.948
215500,0.058,0.000,0.942
216000,0.081,0.000,0.919
216500,0.091,0.000,0.909
217000,0.057,0.000,0.943
217500,0.063,0.000,0.937
218000,0.096,0.000,0.904
218500,0.062,0.000,0.938
219000,0.050,0.000,0.950
219500,0.070,0.000,0.930
220000,0.085,0.000,0.915
220500,0.065,0.000,0.935
221000,0.093,0.000,0.907
221500,0.055,0.000,0.945
222000,0.052,0.000,0.948
222500,0.059,0.000,0.941
223000,0.053,0.000,0.947
223500,0.083,0.000,0.917
224000,0.055,0.000,0.945
224500,0.083,0.000,0.917
225000,0.065,0.000,0.935
225500,0.057,0.000,0.943
226000,0.084,0.000,0.916
226500,0.052,0.000,0.948
227000,0.080,0.000,0.920
227500,0.055,0.011,0.934
228000,0.051,0.000,0.949
228500,0.069,0.000,0.931
229000,0.050,0.000,0.950
229500,0.067,0.000,0.933
230000,0.100,0.000,0.900
230500,0.061,0.000,0.939
231000,0.071,0.000,0.929
231500,0.115,0.000,0.885
232000,0.050,0.018,0.932
232500,0.096,0.000,0.904
233000,0.066,0.000,0.934
233500,0.059,0.008,0.933
234000,0.052,0.000,0.948
234500,0.050,0.000,0.950
235000,0.089,0.000,0.911
235500,0.050,0.000,0.950
236000,0.051,0.000,0.949
236500,0.069,0.002,0.929
237000,0.064,0.000,0.936
237500,0.060,0.000,0.940
238000,0.050,0.000,0.950
238500,0.069,0.007,0.924
239000,0.082,0.000,0.918
239500,0.062,0.000,0.938
240000,0.085,0.000,0.915
240500,0.067,0.000,0.933
241000,0.151,0.000,0.849
241500,0.074,0.000,0.926
242000,0.067,0.000,0.933
242500,0.094,0.000,0.906
243000,0.050,0.000,0.950
243500,0.119,0.002,0.879
244000,0.061,0.000,0.939
244500,0.065,0.000,0.935
245000,0.051,0.034,0.915
245500,0.089,0.000,0.911
246000,0.050,0.000,0.950
246500,0.050,0.000,0.950
247000,0.053,0.000,0.947
247500,0.082,0.000,0.918
248000,0.052,0.032,0.916
248500,0.051,0.000,0.949
249000,0.097,0.000,0.903
249500,0.055,0.000,0.945
250000,0.051,0.000,0.949
250500,0.050,0.001,0.949
251000,0.079,0.017,0.904
251500,0.066,0.000,0.934
252000,0.059,0.000,0.941
252500,0.050,0.000,0.950
253000,0.092,0.000,0.908
253500,0.072,0.000,0.928
254000,0.055,0.000,0.945
254500,0.053,0.000,0.947
255000,0.050,0.000,0.950
255500,0.050,0.000,0.950
256000,0.077,0.000,0.923
256500,0.103,0.000,0.897
257000,0.053,0.000,0.947
257500,0.107,0.000,0.893
258000,0.076,0.000,0.924
258500,0.084,0.000,0.916
259000,0.053,0.000,0.947
259500,0.060,0.000,0.940
260000,0.054,0.024,0.922
260500,0.050,0.000,0.950
261000,0.078,0.000,0.922
261500,0.072,0.001,0.927
262000,0.051,0.004,0.945
262500,0.063,0.000,0.937
263000,0.050,0.000,0.950
263500,0.051,0.000,0.949
264000,0.058,0.000,0.942
264500,0.055,0.000,0.945
265000,0.060,0.000,0.940
265500,0.052,0.005,0.943
266000,0.057,0.000,0.943
266500,0.086,0.000,0.914
267000,0.078,0.000,0.922
267500,0.077,0.000,0.923
268000,0.060,0.004,0.936
268500,0.054,0.000,0.946
269000,0.055,0.000,0.945
269500,0.052,0.000,0.948
270000,0.050,0.000,0.950
270500,0.099,0.000,0.901
271000,0.079,0.000,0.921
271500,0.050,0.001,0.949
272000,0.059,0.034,0.907
272500,0.083,0.009,0.908
273000,0.050,0.000,0.950
273500,0.071,0.000,0.929
274000,0.050,0.004,0.946
274500,0.071,0.000,0.929
275000,0.053,0.000,0.947
275500,0.075,0.000,0.925
276000,0.051,0.000,0.949
276500,0.066,0.000,0.934
277000,0.081,0.000,0.919
277500,0.116,0.000,0.884
278000,0.051,0.000,0.949
278500,0.101,0.000,0.899
279000,0.053,0.000,0.947
279500,0.087,0.000,0.913
280000,0.054,0.000,0.946
280500,0.080,0.000,0.920
281000,0.073,0.000,0.927
281500,0.118,0.000,0.882
282000,0.068,0.000,0.932
282500,0.052,0.000,0.948
283000,0.061,0.000,0.939
283500,0.071,0.000,0.929
284000,0.058,0.000,0.942
284500,0.064,0.000,0.936
285000,0.086,0.000,0.914
285500,0.080,0.000,0.920
286000,0.054,0.000,0.946
286500,0.087,0.000,0.913
287000,0.051,0.000,0.949
287500,0.054,0.000,0.946
288000,0.050,0.002,0.948
288500,0.055,0.000,0.945
289000,0.066,0.000,0.934
289500,0.109,0.000,0.891
290000,0.054,0.000,0.946
290500,0.054,0.000,0.946
291000,0.076,0.000,0.924
291500,0.063,0.001,0.936
292000,0.072,0.000,0.928
292500,0.050,0.000,0.950
293000,0.059,0.000,0.941
293500,0.050,0.000,0.950
294000,0.065,0.000,0.935
294500,0.065,0.000,0.935
295000,0.057,0.000,0.943
295500,0.110,0.000,0.890
296000,0.050,0.000,0.950
296500,0.065,0.000,0.935
297000,0.060,0.000,0.940
297500,0.080,0.000,0.920
298000,0.051,0.000,0.949
298500,0.056,0.000,0.944
299000,0.081,0.001,0.918
299500,0.054,0.014,0.932
300000,0.050,0.000,0.950
300500,0.065,0.000,0.935
301000,0.147,0.000,0.853
301500,0.069,0.000,0.931
302000,0.050,0.000,0.950
302500,0.059,0.010,0.931
303000,0.050,0.000,0.950
303500,0.050,0.006,0.944
304000,0.080,0.000,0.920
304500,0.056,0.023,0.921
305000,0.057,0.000,0.943
305500,0.055,0.000,0.945
306000,0.059,0.000,0.941
306500,0.058,0.000,0.942
307000,0.057,0.000,0.943
307500,0.053,0.000,0.947
308000,0.067,0.000,0.933
308500,0.072,0.000,0.928
309000,0.050,0.000,0.950
309500,0.062,0.000,0.938
310000,0.066,0.000,0.934
310500,0.056,0.000,0.944
311000,0.052,0.000,0.948
311500,0.099,0.001,0.900
312000,0.102,0.000,0.898
312500,0.064,0.000,0.936
313000,0.060,0.001,0.939
313500,0.089,0.000,0.911
314000,0.088,0.000,0.912
314500,0.072,0.000,0.928
315000,0.052,0.000,0.948
315500,0.050,0.000,0.950
316000,0.062,0.000,0.938
316500,0.058,0.000,0.942
317000,0.050,0.000,0.950
317500,0.066,0.000,0.934
318000,0.059,0.000,0.941
318500,0.051,0.000,0.949
319000,0.057,0.001,0.942
319500,0.055,0.000,0.945
320000,0.077,0.000,0.923
320500,0.050,0.016,0.934
321000,0.054,0.000,0.946
321500,0.077,0.000,0.923
322000,0.055,0.000,0.945
322500,0.051,0.000,0.949
323000,0.062,0.000,0.938
323500,0.054,0.000,0.946
324000,0.053,0.016,0.931
324500,0.092,0.000,0.908
325000,0.071,0.000,0.929
325500,0.058,0.000,0.942
326000,0.085,0.035,0.880
326500,0.059,0.000,0.941
327000,0.056,0.000,0.944
327500,0.062,0.000,0.938
328000,0.067,0.000,0.933
328500,0.055,0.000,0.945
329000,0.072,0.003,0.925
329500,0.081,0.000,0.919
330000,0.050,0.000,0.950
330500,0.050,0.023,0.927
331000,0.051,0.001,0.948
331500,0.076,0.000,0.924
332000,0.070,0.000,0.930
332500,0.080,0.000,0.920
333000,0.050,0.021,0.929
333500,0.080,0.000,0.920
334000,0.052,0.000,0.948
334500,0.097,0.000,0.903
335000,0.074,0.000,0.926
335500,0.082,0.000,0.918
336000,0.050,0.000,0.950
336500,0.075,0.003,0.922
337000,0.051,0.012,0.937
337500,0.089,0.000,0.911
338000,0.078,0.000,0.922
338500,0.058,0.035,0.907
339000,0.068,0.000,0.932
339500,0.059,0.000,0.941
340000,0.066,0.000,0.934
340500,0.094,0.000,0.906
341000,0.086,0.000,0.914
341500,0.078,0.000,0.922
342000,0.071,0.000,0.929
342500,0.067,0.000,0.933
343000,0.053,0.000,0.947
343500,0.104,0.000,0.896
344000,0.052,0.000,0.948
344500,0.088,0.000,0.912
345000,0.058,0.000,0.942
345500,0.053,0.000,0.947
346000,0.077,0.000,0.923
346500,0.050,0.001,0.949
347000,0.051,0.000,0.949
347500,0.050,0.000,0.950
348000,0.084,0.001,0.915
348500,0.050,0.000,0.950
349000,0.058,0.001,0.941
349500,0.059,0.000,0.941
350000,0.058,0.000,0.942
350500,0.062,0.000,0.938
351000,0.053,0.000,0.947
351500,0.090,0.000,0.910
352000,0.051,0.018,0.931
352500,0.057,0.000,0.943
353000,0.050,0.000,0.950
353500,0.050,0.001,0.949
354000,0.054,0.000,0.946
354500,0.108,0.000,0.892
355000,0.051,0.013,0.936
355500,0.130,0.000,0.870
356000,0.066,0.000,0.934
356500,0.057,0.000,0.943
357000,0.057,0.000,0.943
357500,0.084,0.000,0.916
358000,0.053,0.000,0.947
358500,0.051,0.000,0.949
359000,0.086,0.000,0.914
359500,0.062,0.000,0.938
360000,0.050,0.000,0.950
360500,0.065,0.000,0.935
361000,0.054,0.000,0.946
361500,0.051,0.001,0.948
362000,0.090,0.000,0.910
362500,0.066,0.000,0.934
363000,0.079,0.001,0.920
363500,0.083,0.000,0.917
364000,0.101,0.000,0.899
364500,0.053,0.000,0.947
365000,0.080,0.000,0.920
365500,0.075,0.000,0.925
366000,0.077,0.000,0.923
366500,0.073,0.000,0.927
367000,0.070,0.000,0.930
367500,0.050,0.004,0.946
368000,0.105,0.000,0.895
368500,0.070,0.000,0.930
369000,0.062,0.000,0.938
369500,0.052,0.000,0.948
370000,0.050,0.002,0.948
370500,0.065,0.000,0.935
371000,0.089,0.000,0.911
371500,0.076,0.000,0.924
372000,0.104,0.000,0.896
372500,0.076,0.000,0.924
373000,0.079,0.000,0.921
373500,0.052,0.025,0.923
374000,0.073,0.000,0.927
374500,0.052,0.000,0.948
375000,0.050,0.017,0.933
375500,0.059,0.000,0.941
376000,0.078,0.000,0.922
376500,0.050,0.000,0.950
377000,0.093,0.000,0.907
377500,0.084,0.002,0.914
378000,0.072,0.000,0.928
378500,0.070,0.000,0.930
379000,0.052,0.000,0.948
379500,0.066,0.000,0.934
380000,0.065,0.000,0.935
380500,0.051,0.000,0.949
381000,0.083,0.000,0.917
381500,0.068,0.000,0.932
382000,0.062,0.000,0.938
382500,0.084,0.000,0.916
383000,0.082,0.000,0.918
383500,0.095,0.000,0.905
384000,0.104,0.000,0.896
384500,0.062,0.000,0.938
385000,0.059,0.029,0.912
385500,0.050,0.000,0.950
386000,0.050,0.000,0.950
386500,0.077,0.000,0.923
387000,0.051,0.000,0.949
387500,0.051,0.000,0.949
388000,0.057,0.000,0.943
388500,0.051,0.000,0.949
389000,0.057,0.019,0.924
389500,0.054,0.000,0.946
390000,0.056,0.000,0.944
390500,0.051,0.007,0.942
391000,0.088,0.000,0.912
391500,0.050,0.000,0.950
392000,0.067,0.000,0.933
392500,0.084,0.000,0.916
393000,0.050,0.008,0.942
393500,0.086,0.000,0.914
394000,0.080,0.002,0.918
394500,0.089,0.000,0.911
395000,0.079,0.000,0.921
395500,0.074,0.000,0.926
396000,0.073,0.000,0.927
396500,0.066,0.006,0.928
397000,0.051,0.000,0.949
397500,0.063,0.000,0.937
398000,0.068,0.000,0.932
398500,0.050,0.000,0.950
399000,0.103,0.000,0.897
399500,0.080,0.000,0.920
400000,0.083,0.002,0.915
400500,0.065,0.000,0.935
401000,0.067,0.000,0.933
401500,0.085,0.000,0.915
402000,0.050,0.024,0.926
402500,0.086,0.000,0.914
403000,0.050,0.005,0.945
403500,0.079,0.000,0.921
404000,0.059,0.000,0.941
404500,0.096,0.000,0.904
405000,0.061,0.000,0.939
405500,0.075,0.000,0.925
406000,0.075,0.006,0.919
406500,0.063,0.001,0.936
407000,0.061,0.000,0.939
407500,0.058,0.008,0.934
408000,0.066,0.000,0.934
408500,0.067,0.000,0.933
409000,0.051,0.000,0.949
409500,0.085,0.000,0.915
410000,0.083,0.010,0.907
410500,0.057,0.000,0.943
411000,0.053,0.001,0.946
411500,0.050,0.027,0.923
412000,0.050,0.000,0.950
412500,0.050,0.000,0.950
413000,0.071,0.000,0.929
413500,0.050,0.017,0.933
414000,0.051,0.000,0.949
414500,0.054,0.000,0.946
415000,0.061,0.000,0.939
415500,0.096,0.000,0.904
416000,0.095,0.000,0.905
416500,0.059,0.000,0.941
417000,0.075,0.000,0.925
417500,0.070,0.000,0.930
418000,0.079,0.000,0.921
418500,0.068,0.000,0.932
419000,0.056,0.017,0.927
419500,0.050,0.000,0.950
420000,0.056,0.000,0.944
420500,0.052,0.000,0.948
421000,0.066,0.000,0.934
421500,0.084,0.000,0.916
422000,0.051,0.000,0.949
422500,0.104,0.000,0.896
423000,0.070,0.000,0.930
423500,0.050,0.010,0.940
424000,0.052,0.016,0.932
424500,0.121,0.000,0.879
425000,0.052,0.000,0.948
425500,0.061,0.000,0.939
426000,0.070,0.000,0.930
426500,0.051,0.000,0.949
427000,0.053,0.000,0.947
427500,0.083,0.000,0.917
428000,0.052,0.000,0.948
428500,0.052,0.000,0.948
429000,0.050,0.000,0.950
429500,0.053,0.000,0.947
430000,0.071,0.000,0.929
430500,0.080,0.000,0.920
431000,0.096,0.000,0.904
431500,0.068,0.000,0.932
432000,0.050,0.000,0.950
432500,0.084,0.000,0.916
433000,0.070,0.000,0.930
433500,0.058,0.000,0.942
434000,0.050,0.000,0.950
434500,0.054,0.000,0.946
435000,0.092,0.000,0.908
435500,0.074,0.000,0.926
436000,0.066,0.000,0.934
436500,0.094,0.000,0.906
437000,0.077,0.000,0.923
437500,0.078,0.000,0.922
438000,0.063,0.014,0.923
438500,0.051,0.000,0.949
439000,0.063,0.000,0.937
439500,0.084,0.000,0.916
440000,0.120,0.000,0.880
440500,0.069,0.000,0.931
441000,0.050,0.001,0.949
441500,0.050,0.000,0.950
442000,0.085,0.000,0.915
442500,0.060,0.000,0.940
443000,0.054,0.000,0.946
443500,0.050,0.000,0.950
444000,0.057,0.000,0.943
444500,0.058,0.000,0.942
445000,0.055,0.000,0.945
445500,0.050,0.000,0.950
446000,0.101,0.000,0.899
446500,0.056,0.000,0.944
447000,0.050,0.000,0.950
447500,0.051,0.000,0.949
448000,0.053,0.000,0.947
448500,0.050,0.011,0.939
449000,0.063,0.000,0.937
449500,0.054,0.000,0.946
450000,0.085,0.000,0.915
450500,0.050,0.000,0.950
451000,0.051,0.030,0.919
451500,0.059,0.000,0.941
452000,0.056,0.000,0.944
452500,0.089,0.001,0.910
453000,0.050,0.000,0.950
453500,0.054,0.000,0.946
454000,0.060,0.000,0.940
454500,0.058,0.007,0.935
455000,0.063,0.017,0.920
455500,0.050,0.000,0.950
456000,0.054,0.000,0.946
456500,0.077,0.001,0.922
457000,0.080,0.000,0.920
457500,0.053,0.000,0.947
458000,0.050,0.019,0.931
458500,0.076,0.000,0.924
459000,0.064,0.000,0.936
459500,0.087,0.000,0.913
460000,0.091,0.000,0.909
460500,0.052,0.000,0.948
461000,0.056,0.000,0.944
461500,0.069,0.016,0.915
462000,0.050,0.000,0.950
462500,0.075,0.000,0.925
463000,0.055,0.000,0.945
463500,0.072,0.000,0.928
464000,0.073,0.000,0.927
464500,0.094,0.000,0.906
465000,0.059,0.000,0.941
465500,0.073,0.000,0.927
466000,0.071,0.000,0.929
466500,0.060,0.000,0.940
467000,0.051,0.008,0.941
467500,0.091,0.000,0.909
468000,0.062,0.000,0.938
468500,0.093,0.001,0.906
469000,0.051,0.000,0.949
469500,0.053,0.000,0.947
470000,0.054,0.000,0.946
470500,0.055,0.000,0.945
471000,0.079,0.006,0.915
471500,0.058,0.000,0.942
472000,0.062,0.000,0.938
472500,0.086,0.000,0.914
473000,0.090,0.000,0.910
473500,0.050,0.000,0.950
474000,0.050,0.004,0.946
474500,0.062,0.000,0.938
475000,0.051,0.014,0.935
475500,0.071,0.000,0.929
476000,0.089,0.000,0.911
476500,0.050,0.000,0.950
477000,0.070,0.000,0.930
477500,0.085,0.009,0.906
478000,0.050,0.016,0.934
478500,0.052,0.000,0.948
479000,0.061,0.000,0.939
479500,0.058,0.000,0.942
480000,0.057,0.015,0.928
480500,0.084,0.000,0.916
481000,0.086,0.000,0.914
481500,0.076,0.000,0.924
482000,0.050,0.002,0.948
482500,0.065,0.000,0.935
483000,0.061,0.000,0.939
483500,0.050,0.000,0.950
484000,0.075,0.000,0.925
484500,0.062,0.000,0.938
485000,0.060,0.000,0.940
485500,0.050,0.000,0.950
486000,0.059,0.000,0.941
486500,0.052,0.000,0.948
487000,0.088,0.000,0.912
487500,0.066,0.000,0.934
488000,0.064,0.000,0.936
488500,0.051,0.000,0.949
489000,0.050,0.007,0.943
489500,0.053,0.000,0.947
490000,0.091,0.000,0.909
490500,0.050,0.000,0.950
491000,0.051,0.007,0.942
491500,0.064,0.027,0.909
492000,0.050,0.000,0.950
492500,0.053,0.001,0.946
493000,0.103,0.000,0.897
493500,0.050,0.000,0.950
494000,0.051,0.000,0.949
494500,0.051,0.000,0.949
495000,0.069,0.000,0.931
495500,0.056,0.000,0.944
496000,0.050,0.000,0.950
496500,0.084,0.000,0.916
497000,0.051,0.000,0.949
497500,0.063,0.000,0.937
498000,0.081,0.000,0.919
498500,0.099,0.001,0.900
499000,0.055,0.000,0.945
499500,0.067,0.000,0.933
500000,0.112,0.000,0.888
500500,0.075,0.008,0.917
501000,0.081,0.000,0.919
501500,0.084,0.000,0.916
502000,0.075,0.000,0.925
502500,0.050,0.000,0.950
503000,0.062,0.000,0.938
503500,0.064,0.000,0.936
504000,0.052,0.000,0.948
504500,0.051,0.000,0.949
505000,0.073,0.000,0.927
505500,0.052,0.000,0.948
506000,0.071,0.000,0.929
506500,0.050,0.012,0.938
507000,0.072,0.000,0.928
507500,0.078,0.000,0.922
508000,0.050,0.005,0.945
508500,0.050,0.000,0.950
509000,0.051,0.000,0.949
509500,0.082,0.000,0.918
510000,0.058,0.000,0.942
510500,0.090,0.003,0.907
511000,0.069,0.000,0.931
511500,0.057,0.000,0.943
512000,0.070,0.000,0.930
512500,0.055,0.000,0.945
513000,0.061,0.001,0.938
513500,0.053,0.000,0.947
514000,0.075,0.000,0.925
514500,0.054,0.000,0.946
515000,0.070,0.000,0.930
515500,0.071,0.000,0.929
516000,0.050,0.000,0.950
516500,0.071,0.000,0.929
517000,0.069,0.000,0.931
517500,0.086,0.000,0.914
518000,0.117,0.000,0.883
518500,0.050,0.000,0.950
519000,0.050,0.000,0.950
519500,0.064,0.000,0.936
520000,0.079,0.000,0.921
520500,0.067,0.000,0.933
521000,0.050,0.000,0.950
521500,0.095,0.000,0.905
522000,0.058,0.000,0.942
522500,0.071,0.000,0.929
523000,0.050,0.000,0.950
523500,0.050,0.005,0.945
524000,0.072,0.000,0.928
524500,0.061,0.024,0.915
525000,0.055,0.007,0.938
525500,0.069,0.000,0.931
526000,0.050,0.000,0.950
526500,0.081,0.000,0.919
527000,0.115,0.000,0.885
527500,0.050,0.015,0.935
528000,0.059,0.000,0.941
528500,0.073,0.000,0.927
529000,0.140,0.000,0.860
529500,0.103,0.000,0.897
530000,0.050,0.002,0.948
530500,0.050,0.000,0.950
531000,0.057,0.000,0.943
531500,0.060,0.001,0.939
532000,0.061,0.000,0.939
532500,0.067,0.000,0.933
533000,0.090,0.000,0.910
533500,0.073,0.000,0.927
534000,0.050,0.015,0.935
534500,0.076,0.000,0.924
535000,0.050,0.000,0.950
535500,0.050,0.000,0.950
536000,0.074,0.000,0.926
536500,0.052,0.000,0.948
537000,0.066,0.000,0.934
537500,0.054,0.000,0.946
538000,0.087,0.000,0.913
538500,0.066,0.000,0.934
539000,0.058,0.000,0.942
539500,0.078,0.000,0.922
540000,0.052,0.000,0.948
540500,0.086,0.000,0.914
541000,0.081,0.000,0.919
541500,0.061,0.000,0.939
542000,0.050,0.000,0.950
542500,0.050,0.000,0.950
543000,0.102,0.000,0.898
543500,0.090,0.000,0.910
544000,0.051,0.000,0.949
544500,0.063,0.000,0.937
545000,0.074,0.000,0.926
545500,0.069,0.000,0.931
546000,0.053,0.000,0.947
546500,0.050,0.000,0.950
547000,0.053,0.000,0.947
547500,0.089,0.000,0.911
548000,0.079,0.000,0.921
548500,0.081,0.000,0.919
549000,0.050,0.000,0.950
549500,0.078,0.000,0.922
550000,0.058,0.000,0.942
550500,0.058,0.000,0.942
551000,0.064,0.000,0.936
551500,0.051,0.000,0.949
552000,0.050,0.000,0.950
552500,0.050,0.000,0.950
553000,0.052,0.000,0.948
553500,0.051,0.000,0.949
554000,0.064,0.000,0.936
554500,0.084,0.000,0.916
555000,0.055,0.000,0.945
555500,0.103,0.000,0.897
556000,0.068,0.000,0.932
556500,0.053,0.000,0.947
557000,0.069,0.000,0.931
557500,0.076,0.000,0.924
558000,0.076,0.000,0.924
558500,0.054,0.019,0.927
559000,0.050,0.000,0.950
559500,0.073,0.000,0.927
560000,0.055,0.033,0.912
560500,0.050,0.000,0.950
561000,0.054,0.000,0.946
561500,0.127,0.000,0.873
562000,0.077,0.000,0.923
562500,0.058,0.000,0.942
563000,0.122,0.000,0.878
563500,0.056,0.000,0.944
564000,0.054,0.000,0.946
564500,0.093,0.000,0.907
565000,0.090,0.000,0.910
565500,0.081,0.000,0.919
566000,0.052,0.000,0.948
566500,0.051,0.000,0.949
567000,0.050,0.000,0.950
567500,0.058,0.000,0.942
568000,0.053,0.000,0.947
568500,0.091,0.000,0.909
569000,0.103,0.000,0.897
569500,0.082,0.000,0.918
570000,0.050,0.000,0.950
570500,0.069,0.000,0.931
571000,0.073,0.000,0.927
571500,0.058,0.000,0.942
572000,0.065,0.000,0.935
572500,0.063,0.000,0.937
573000,0.083,0.000,0.917
573500,0.075,0.000,0.925
574000,0.052,0.000,0.948
574500,0.058,0.000,0.942
575000,0.059,0.000,0.941
575500,0.073,0.000,0.927
576000,0.050,0.000,0.950
576500,0.084,0.000,0.916
577000,0.058,0.000,0.942
577500,0.051,0.000,0.949
578000,0.053,0.000,0.947
578500,0.068,0.003,0.929
579000,0.066,0.000,0.934
579500,0.050,0.040,0.910
580000,0.058,0.000,0.942
580500,0.116,0.000,0.884
581000,0.057,0.000,0.943
581500,0.056,0.000,0.944
582000,0.051,0.005,0.944
582500,0.054,0.000,0.946
583000,0.062,0.000,0.938
583500,0.125,0.000,0.875
584000,0.051,0.000,0.949
584500,0.050,0.007,0.943
585000,0.054,0.000,0.946
585500,0.058,0.000,0.942
586000,0.059,0.000,0.941
586500,0.081,0.000,0.919
587000,0.070,0.000,0.930
587500,0.106,0.000,0.894
588000,0.055,0.000,0.945
588500,0.050,0.000,0.950
589000,0.065,0.000,0.935
589500,0.056,0.000,0.944
590000,0.055,0.000,0.945
590500,0.086,0.000,0.914
591000,0.053,0.000,0.947
591500,0.062,0.000,0.938
592000,0.060,0.000,0.940
592500,0.086,0.000,0.914
593000,0.054,0.000,0.946
593500,0.077,0.000,0.923
594000,0.051,0.043,0.906
594500,0.064,0.000,0.936
595000,0.078,0.000,0.922
595500,0.052,0.000,0.948
596000,0.059,0.000,0.941
596500,0.069,0.000,0.931
597000,0.050,0.004,0.946
597500,0.112,0.000,0.888
598000,0.082,0.000,0.918
598500,0.072,0.000,0.928
599000,0.069,0.017,0.914
599500,0.055,0.000,0.945
600000,0.081,0.000,0.919
600500,0.064,0.000,0.936
601000,0.098,0.000,0.902
601500,0.052,0.000,0.948
602000,0.050,0.000,0.950
602500,0.099,0.000,0.901
603000,0.052,0.000,0.948
603500,0.075,0.000,0.925
604000,0.055,0.000,0.945
604500,0.084,0.000,0.916
605000,0.080,0.000,0.920
605500,0.051,0.000,0.949
606000,0.080,0.000,0.920
606500,0.065,0.015,0.920
607000,0.070,0.000,0.930
607500,0.053,0.000,0.947
608000,0.070,0.000,0.930
608500,0.052,0.000,0.948
609000,0.053,0.018,0.929
609500,0.078,0.000,0.922
610000,0.078,0.000,0.922
610500,0.084,0.000,0.916
611000,0.052,0.000,0.948
611500,0.112,0.000,0.888
612000,0.074,0.002,0.924
612500,0.087,0.000,0.913
613000,0.056,0.000,0.944
613500,0.059,0.000,0.941
614000,0.065,0.000,0.935
614500,0.057,0.000,0.943
615000,0.067,0.001,0.932
615500,0.070,0.000,0.930
616000,0.096,0.000,0.904
616500,0.061,0.000,0.939
617000,0.055,0.000,0.945
617500,0.052,0.014,0.934
618000,0.052,0.000,0.948
618500,0.057,0.003,0.940
619000,0.050,0.000,0.950
619500,0.058,0.000,0.942
620000,0.060,0.000,0.940
620500,0.073,0.000,0.927
621000,0.076,0.000,0.924
621500,0.093,0.000,0.907
622000,0.084,0.000,0.916
622500,0.083,0.000,0.917
623000,0.084,0.000,0.916
623500,0.069,0.000,0.931
624000,0.086,0.000,0.914
624500,0.059,0.000,0.941
625000,0.059,0.000,0.941
625500,0.078,0.000,0.922
626000,0.073,0.000,0.927
626500,0.057,0.000,0.943
627000,0.052,0.000,0.948
627500,0.050,0.000,0.950
628000,0.090,0.003,0.907
628500,0.050,0.001,0.949
629000,0.050,0.000,0.950
629500,0.061,0.000,0.939
630000,0.060,0.000,0.940
630500,0.077,0.000,0.923
631000,0.120,0.000,0.880
631500,0.051,0.006,0.943
632000,0.081,0.001,0.918
632500,0.101,0.003,0.896
633000,0.095,0.000,0.905
633500,0.086,0.000,0.914
634000,0.061,0.000,0.939
634500,0.106,0.000,0.894
635000,0.056,0.000,0.944
635500,0.092,0.000,0.908
636000,0.050,0.000,0.950
636500,0.129,0.002,0.869
637000,0.063,0.000,0.937
637500,0.089,0.000,0.911
638000,0.051,0.000,0.949
638500,0.085,0.000,0.915
639000,0.109,0.005,0.886
639500,0.085,0.000,0.915
640000,0.080,0.000,0.920
640500,0.055,0.000,0.945
641000,0.068,0.000,0.932
641500,0.061,0.000,0.939
642000,0.061,0.001,0.938
642500,0.114,0.000,0.886
643000,0.084,0.000,0.916
643500,0.080,0.000,0.920
644000,0.099,0.000,0.901
644500,0.075,0.000,0.925
645000,0.050,0.006,0.944
645500,0.059,0.000,0.941
646000,0.050,0.000,0.950
646500,0.091,0.000,0.909
647000,0.050,0.000,0.950
647500,0.053,0.001,0.946
648000,0.079,0.000,0.921
648500,0.053,0.000,0.947
649000,0.097,0.000,0.903
649500,0.056,0.000,0.944
650000,0.051,0.000,0.949
650500,0.114,0.000,0.886
651000,0.144,0.000,0.856
651500,0.090,0.000,0.910
652000,0.095,0.000,0.905
652500,0.061,0.000,0.939
653000,0.065,0.000,0.935
653500,0.067,0.000,0.933
654000,0.066,0.000,0.934
654500,0.053,0.004,0.943
655000,0.055,0.000,0.945
655500,0.073,0.000,0.927
656000,0.051,0.000,0.949
656500,0.069,0.003,0.928
657000,0.098,0.000,0.902
657500,0.107,0.000,0.893
658000,0.064,0.000,0.936
658500,0.060,0.000,0.940
659000,0.105,0.004,0.891
659500,0.061,0.000,0.939
660000,0.080,0.000,0.920
660500,0.054,0.000,0.946
661000,0.063,0.000,0.937
661500,0.055,0.000,0.945
662000,0.060,0.000,0.940
662500,0.060,0.000,0.940
663000,0.061,0.000,0.939
663500,0.088,0.000,0.912
664000,0.075,0.000,0.925
664500,0.061,0.019,0.920
665000,0.112,0.000,0.888
665500,0.058,0.000,0.942
666000,0.051,0.000,0.949
666500,0.077,0.000,0.923
667000,0.085,0.000,0.915
667500,0.054,0.000,0.946
668000,0.070,0.000,0.930
668500,0.093,0.011,0.896
669000,0.052,0.000,0.948
669500,0.055,0.000,0.945
670000,0.079,0.000,0.921
670500,0.067,0.000,0.933
671000,0.157,0.000,0.843
671500,0.091,0.000,0.909
672000,0.050,0.000,0.950
672500,0.054,0.000,0.946
673000,0.056,0.021,0.923
673500,0.082,0.000,0.918
674000,0.095,0.000,0.905
674500,0.065,0.000,0.935
675000,0.078,0.000,0.922
675500,0.050,0.000,0.950
676000,0.060,0.026,0.914
676500,0.085,0.000,0.915
677000,0.098,0.000,0.902
677500,0.094,0.005,0.901
678000,0.095,0.000,0.905
678500,0.081,0.000,0.919
679000,0.050,0.000,0.950
679500,0.087,0.000,0.913
680000,0.051,0.012,0.937
680500,0.071,0.000,0.929
681000,0.050,0.000,0.950
681500,0.052,0.000,0.948
682000,0.078,0.000,0.922
682500,0.105,0.000,0.895
683000,0.052,0.000,0.948
683500,0.063,0.000,0.937
684000,0.050,0.000,0.950
684500,0.090,0.003,0.907
685000,0.050,0.000,0.950
685500,0.050,0.027,0.923
686000,0.053,0.000,0.947
686500,0.105,0.000,0.895
687000,0.050,0.000,0.950
687500,0.072,0.000,0.928
688000,0.050,0.000,0.950
688500,0.055,0.000,0.945
689000,0.096,0.000,0.904
689500,0.065,0.000,0.935
690000,0.052,0.000,0.948
690500,0.106,0.000,0.894
691000,0.060,0.000,0.940
691500,0.083,0.000,0.917
692000,0.050,0.000,0.950
692500,0.120,0.000,0.880
693000,0.086,0.000,0.914
693500,0.051,0.000,0.949
694000,0.062,0.000,0.938
694500,0.103,0.000,0.897
695000,0.050,0.000,0.950
695500,0.050,0.000,0.950
696000,0.053,0.000,0.947
696500,0.052,0.000,0.948
697000,0.055,0.000,0.945
697500,0.057,0.000,0.943
698000,0.050,0.000,0.950
698500,0.058,0.000,0.942
699000,0.083,0.000,0.917
699500,0.065,0.000,0.935
700000,0.083,0.000,0.917
700500,0.090,0.000,0.910
701000,0.066,0.000,0.934
701500,0.051,0.000,0.949
702000,0.051,0.000,0.949
702500,0.057,0.000,0.943
703000,0.060,0.000,0.940
703500,0.053,0.000,0.947
704000,0.103,0.000,0.897
704500,0.060,0.000,0.940
705000,0.050,0.000,0.950
705500,0.099,0.001,0.900
706000,0.084,0.000,0.916
706500,0.052,0.000,0.948
707000,0.051,0.020,0.929
707500,0.050,0.000,0.950
708000,0.050,0.000,0.950
708500,0.075,0.000,0.925
709000,0.053,0.000,0.947
709500,0.059,0.000,0.941
710000,0.060,0.000,0.940
710500,0.068,0.000,0.932
711000,0.085,0.000,0.915
711500,0.074,0.000,0.926
712000,0.114,0.000,0.886
712500,0.072,0.003,0.925
713000,0.050,0.000,0.950
713500,0.068,0.000,0.932
714000,0.069,0.000,0.931
714500,0.050,0.001,0.949
715000,0.079,0.004,0.917
715500,0.056,0.000,0.944
716000,0.050,0.010,0.940
716500,0.081,0.000,0.919
717000,0.069,0.006,0.925
717500,0.093,0.000,0.907
718000,0.090,0.000,0.910
718500,0.052,0.000,0.948
719000,0.051,0.000,0.949
719500,0.059,0.000,0.941
720000,0.064,0.000,0.936
720500,0.094,0.000,0.906
721000,0.062,0.000,0.938
721500,0.068,0.001,0.931
722000,0.072,0.000,0.928
722500,0.068,0.000,0.932
723000,0.067,0.000,0.933
723500,0.080,0.000,0.920
724000,0.072,0.000,0.928
724500,0.052,0.000,0.948
725000,0.053,0.000,0.947
725500,0.051,0.002,0.947
726000,0.067,0.000,0.933
726500,0.079,0.000,0.921
727000,0.051,0.039,0.910
727500,0.054,0.003,0.943
728000,0.065,0.000,0.935
728500,0.050,0.000,0.950
729000,0.055,0.000,0.945
729500,0.051,0.000,0.949
730000,0.050,0.000,0.950
730500,0.100,0.000,0.900
731000,0.063,0.000,0.937
731500,0.054,0.000,0.946
732000,0.056,0.000,0.944
732500,0.072,0.000,0.928
733000,0.056,0.007,0.937
733500,0.119,0.000,0.881
734000,0.058,0.000,0.942
734500,0.096,0.002,0.902
735000,0.125,0.000,0.875
735500,0.050,0.000,0.950
736000,0.077,0.000,0.923
736500,0.063,0.002,0.935
737000,0.052,0.016,0.932
737500,0.115,0.000,0.885
738000,0.067,0.000,0.933
738500,0.080,0.000,0.920
739000,0.050,0.000,0.950
739500,0.063,0.000,0.937
740000,0.084,0.000,0.916
740500,0.096,0.000,0.904
741000,0.067,0.000,0.933
741500,0.102,0.000,0.898
742000,0.098,0.000,0.902
742500,0.081,0.000,0.919
743000,0.068,0.000,0.932
743500,0.079,0.010,0.911
744000,0.051,0.000,0.949
744500,0.088,0.000,0.912
745000,0.080,0.000,0.920
745500,0.070,0.000,0.930
746000,0.062,0.000,0.938
746500,0.050,0.000,0.950
747000,0.055,0.000,0.945
747500,0.055,0.000,0.945
748000,0.050,0.000,0.950
748500,0.120,0.000,0.880
749000,0.060,0.000,0.940
749500,0.082,0.000,0.918
750000,0.093,0.000,0.907
750500,0.055,0.001,0.944
751000,0.076,0.000,0.924
751500,0.077,0.000,0.923
752000,0.062,0.000,0.938
752500,0.059,0.000,0.941
753000,0.094,0.000,0.906
753500,0.053,0.000,0.947
754000,0.080,0.000,0.920
754500,0.071,0.000,0.929
755000,0.082,0.000,0.918
755500,0.065,0.000,0.935
756000,0.054,0.000,0.946
756500,0.073,0.000,0.927
757000,0.066,0.000,0.934
757500,0.065,0.004,0.931
758000,0.053,0.007,0.940
758500,0.050,0.002,0.948
759000,0.053,0.000,0.947
759500,0.050,0.000,0.950
760000,0.056,0.000,0.944
760500,0.065,0.000,0.935
761000,0.079,0.000,0.921
761500,0.074,0.000,0.926
762000,0.094,0.000,0.906
762500,0.050,0.014,0.936
763000,0.066,0.000,0.934
763500,0.051,0.021,0.928
764000,0.064,0.000,0.936
764500,0.055,0.000,0.945
765000,0.063,0.000,0.937
765500,0.052,0.000,0.948
766000,0.050,0.000,0.950
766500,0.084,0.000,0.916
767000,0.054,0.000,0.946
767500,0.114,0.000,0.886
768000,0.067,0.000,0.933
768500,0.084,0.000,0.916
769000,0.064,0.000,0.936
769500,0.080,0.000,0.920
770000,0.082,0.001,0.917
770500,0.085,0.000,0.915
771000,0.070,0.000,0.930
771500,0.053,0.001,0.946
772000,0.069,0.000,0.931
772500,0.064,0.000,0.936
773000,0.067,0.000,0.933
773500,0.070,0.000,0.930
774000,0.053,0.000,0.947
774500,0.077,0.000,0.923
775000,0.051,0.000,0.949
775500,0.064,0.000,0.936
776000,0.090,0.000,0.910
776500,0.064,0.000,0.936
777000,0.100,0.000,0.900
777500,0.059,0.000,0.941
778000,0.056,0.000,0.944
778500,0.050,0.000,0.950
779000,0.050,0.000,0.950
779500,0.054,0.000,0.946
780000,0.112,0.000,0.888
780500,0.085,0.000,0.915
781000,0.087,0.000,0.913
781500,0.051,0.000,0.949
782000,0.091,0.000,0.909
782500,0.090,0.000,0.910
783000,0.079,0.000,0.921
783500,0.087,0.000,0.913
784000,0.052,0.000,0.948
784500,0.073,0.000,0.927
785000,0.053,0.000,0.947
785500,0.110,0.000,0.890
786000,0.077,0.002,0.921
786500,0.057,0.000,0.943
787000,0.089,0.000,0.911
787500,0.063,0.000,0.937
788000,0.060,0.001,0.939
788500,0.050,0.000,0.950
789000,0.079,0.000,0.921
789500,0.050,0.000,0.950
790000,0.054,0.000,0.946
790500,0.076,0.000,0.924
791000,0.060,0.000,0.940
791500,0.063,0.000,0.937
792000,0.054,0.000,0.946
792500,0.050,0.000,0.950
793000,0.078,0.002,0.920
793500,0.081,0.000,0.919
794000,0.050,0.000,0.950
794500,0.058,0.000,0.942
795000,0.072,0.000,0.928
795500,0.076,0.000,0.924
796000,0.050,0.000,0.950
796500,0.072,0.000,0.928
797000,0.132,0.000,0.868
797500,0.070,0.000,0.930
798000,0.097,0.000,0.903
798500,0.050,0.001,0.949
799000,0.051,0.000,0.949
799500,0.073,0.000,0.927
800000,0.051,0.000,0.949
800500,0.086,0.000,0.914
801000,0.064,0.000,0.936
801500,0.055,0.000,0.945
802000,0.054,0.000,0.946
802500,0.050,0.003,0.947
803000,0.059,0.002,0.939
803500,0.051,0.000,0.949
804000,0.062,0.000,0.938
804500,0.050,0.000,0.950
805000,0.066,0.000,0.934
805500,0.053,0.000,0.947
806000,0.051,0.000,0.949
806500,0.052,0.012,0.936
807000,0.052,0.000,0.948
807500,0.079,0.000,0.921
808000,0.061,0.000,0.939
808500,0.054,0.000,0.946
809000,0.069,0.000,0.931
809500,0.082,0.000,0.918
810000,0.053,0.000,0.947
810500,0.058,0.000,0.942
811000,0.084,0.000,0.916
811500,0.073,0.000,0.927
812000,0.105,0.000,0.895
812500,0.068,0.000,0.932
813000,0.054,0.022,0.924
813500,0.084,0.010,0.906
814000,0.052,0.000,0.948
814500,0.070,0.000,0.930
815000,0.079,0.000,0.921
815500,0.061,0.000,0.939
816000,0.082,0.005,0.913
816500,0.081,0.000,0.919
817000,0.067,0.000,0.933
817500,0.069,0.000,0.931
818000,0.078,0.000,0.922
818500,0.054,0.001,0.945
819000,0.073,0.001,0.926
819500,0.061,0.000,0.939
820000,0.050,0.000,0.950
820500,0.057,0.000,0.943
821000,0.135,0.000,0.865
821500,0.088,0.000,0.912
822000,0.106,0.000,0.894
822500,0.058,0.000,0.942
823000,0.085,0.000,0.915
823500,0.071,0.000,0.929
824000,0.077,0.000,0.923
824500,0.052,0.000,0.948
825000,0.059,0.000,0.941
825500,0.053,0.000,0.947
826000,0.082,0.000,0.918
826500,0.051,0.000,0.949
827000,0.065,0.000,0.935
827500,0.055,0.001,0.944
828000,0.082,0.000,0.918
828500,0.109,0.000,0.891
829000,0.087,0.000,0.913
829500,0.052,0.000,0.948
830000,0.086,0.000,0.914
830500,0.076,0.003,0.921
831000,0.066,0.016,0.918
831500,0.053,0.000,0.947
832000,0.056,0.000,0.944
832500,0.054,0.000,0.946
833000,0.063,0.000,0.937
833500,0.094,0.000,0.906
834000,0.060,0.000,0.940
834500,0.050,0.000,0.950
835000,0.068,0.001,0.931
835500,0.051,0.000,0.949
836000,0.051,0.000,0.949
836500,0.077,0.000,0.923
837000,0.050,0.000,0.950
837500,0.050,0.000,0.950
838000,0.081,0.000,0.919
838500,0.077,0.000,0.923
839000,0.053,0.000,0.947
839500,0.072,0.000,0.928
840000,0.059,0.000,0.941
840500,0.063,0.000,0.937
841000,0.050,0.000,0.950
841500,0.054,0.012,0.934
842000,0.050,0.000,0.950
842500,0.052,0.000,0.948
843000,0.052,0.000,0.948
843500,0.086,0.000,0.914
844000,0.071,0.000,0.929
844500,0.052,0.000,0.948
845000,0.091,0.000,0.909
845500,0.088,0.000,0.912
846000,0.075,0.000,0.925
846500,0.051,0.000,0.949
847000,0.098,0.000,0.902
847500,0.050,0.000,0.950
848000,0.055,0.000,0.945
848500,0.095,0.000,0.905
849000,0.094,0.000,0.906
849500,0.053,0.000,0.947
850000,0.050,0.000,0.950
850500,0.050,0.000,0.950
851000,0.054,0.000,0.946
851500,0.056,0.000,0.944
852000,0.057,0.000,0.943
852500,0.050,0.029,0.921
853000,0.050,0.000,0.950
853500,0.067,0.000,0.933
854000,0.114,0.000,0.886
854500,0.050,0.000,0.950
855000,0.053,0.000,0.947
855500,0.070,0.000,0.930
856000,0.061,0.000,0.939
856500,0.050,0.000,0.950
857000,0.094,0.000,0.906
857500,0.086,0.000,0.914
858000,0.141,0.000,0.859
858500,0.054,0.000,0.946
859000,0.078,0.000,0.922
859500,0.050,0.000,0.950
860000,0.087,0.000,0.913
860500,0.051,0.012,0.937
861000,0.105,0.000,0.895
861500,0.052,0.000,0.948
862000,0.085,0.000,0.915
862500,0.067,0.000,0.933
863000,0.053,0.005,0.942
863500,0.051,0.000,0.949
864000,0.091,0.000,0.909
864500,0.056,0.000,0.944
865000,0.051,0.000,0.949
865500,0.061,0.003,0.936
866000,0.062,0.000,0.938
866500,0.082,0.000,0.918
867000,0.057,0.001,0.942
867500,0.050,0.000,0.950
868000,0.069,0.000,0.931
868500,0.081,0.000,0.919
869000,0.053,0.000,0.947
869500,0.054,0.000,0.946
870000,0.074,0.000,0.926
870500,0.085,0.000,0.915
871000,0.051,0.000,0.949
871500,0.062,0.001,0.937
872000,0.083,0.000,0.917
872500,0.050,0.000,0.950
873000,0.083,0.000,0.917
873500,0.065,0.000,0.935
874000,0.052,0.000,0.948
874500,0.068,0.000,0.932
875000,0.050,0.000,0.950
875500,0.082,0.000,0.918
876000,0.088,0.000,0.912
876500,0.056,0.001,0.943
877000,0.090,0.000,0.910
877500,0.065,0.000,0.935
878000,0.051,0.014,0.935
878500,0.061,0.000,0.939
879000,0.053,0.000,0.947
879500,0.083,0.000,0.917
880000,0.050,0.000,0.950
880500,0.050,0.000,0.950
881000,0.050,0.000,0.950
881500,0.065,0.000,0.935
882000,0.070,0.000,0.930
882500,0.066,0.000,0.934
883000,0.052,0.000,0.948
883500,0.074,0.000,0.926
884000,0.054,0.000,0.946
884500,0.091,0.000,0.909
885000,0.081,0.001,0.918
885500,0.087,0.000,0.913
886000,0.056,0.007,0.937
886500,0.051,0.000,0.949
887000,0.061,0.000,0.939
887500,0.068,0.000,0.932
888000,0.122,0.000,0.878
888500,0.058,0.000,0.942
889000,0.052,0.010,0.938
889500,0.060,0.000,0.940
890000,0.054,0.000,0.946
890500,0.079,0.002,0.919
891000,0.058,0.017,0.925
891500,0.095,0.000,0.905
892000,0.100,0.000,0.900
892500,0.056,0.000,0.944
893000,0.052,0.000,0.948
893500,0.050,0.000,0.950
894000,0.050,0.000,0.950
894500,0.050,0.001,0.949
895000,0.051,0.000,0.949
895500,0.068,0.000,0.932
896000,0.058,0.000,0.942
896500,0.093,0.000,0.907
897000,0.079,0.000,0.921
897500,0.115,0.000,0.885
898000,0.055,0.016,0.929
898500,0.050,0.002,0.948
899000,0.056,0.025,0.919
899500,0.060,0.000,0.940
900000,0.061,0.000,0.939
900500,0.072,0.000,0.928
901000,0.051,0.028,0.921
901500,0.104,0.000,0.896
902000,0.050,0.005,0.945
902500,0.050,0.027,0.923
903000,0.050,0.000,0.950
903500,0.078,0.001,0.921
904000,0.088,0.000,0.912
904500,0.050,0.000,0.950
905000,0.083,0.000,0.917
905500,0.070,0.012,0.918
906000,0.084,0.023,0.893
906500,0.069,0.000,0.931
907000,0.053,0.005,0.942
907500,0.066,0.001,0.933
908000,0.050,0.019,0.931
908500,0.070,0.000,0.930
909000,0.051,0.000,0.949
909500,0.050,0.001,0.949
910000,0.082,0.000,0.918
910500,0.099,0.000,0.901
911000,0.086,0.000,0.914
911500,0.051,0.000,0.949
912000,0.067,0.000,0.933
912500,0.063,0.000,0.937
913000,0.082,0.000,0.918
913500,0.053,0.023,0.924
914000,0.079,0.000,0.921
914500,0.084,0.000,0.916
915000,0.055,0.000,0.945
915500,0.052,0.000,0.948
916000,0.050,0.000,0.950
916500,0.064,0.000,0.936
917000,0.050,0.002,0.948
917500,0.077,0.000,0.923
918000,0.051,0.000,0.949
918500,0.070,0.000,0.930
919000,0.061,0.000,0.939
919500,0.054,0.000,0.946
920000,0.071,0.000,0.929
920500,0.054,0.000,0.946
921000,0.051,0.017,0.932
921500,0.076,0.000,0.924
922000,0.050,0.005,0.945
922500,0.052,0.000,0.948
923000,0.050,0.000,0.950
923500,0.050,0.002,0.948
924000,0.056,0.000,0.944
924500,0.050,0.003,0.947
925000,0.067,0.000,0.933
925500,0.071,0.009,0.920
926000,0.082,0.000,0.918
926500,0.088,0.000,0.912
927000,0.128,0.000,0.872
927500,0.063,0.000,0.937
928000,0.050,0.000,0.950
928500,0.084,0.000,0.916
929000,0.072,0.000,0.928
929500,0.070,0.000,0.930
930000,0.052,0.000,0.948
930500,0.088,0.000,0.912
931000,0.056,0.000,0.944
931500,0.084,0.000,0.916
932000,0.056,0.022,0.922
932500,0.085,0.000,0.915
933000,0.051,0.022,0.927
933500,0.114,0.000,0.886
934000,0.051,0.000,0.949
934500,0.051,0.000,0.949
935000,0.050,0.000,0.950
935500,0.050,0.000,0.950
936000,0.096,0.000,0.904
936500,0.060,0.000,0.940
937000,0.064,0.003,0.933
937500,0.084,0.000,0.916
938000,0.055,0.000,0.945
938500,0.059,0.000,0.941
939000,0.070,0.000,0.930
939500,0.092,0.000,0.908
940000,0.050,0.015,0.935
940500,0.079,0.000,0.921
941000,0.068,0.000,0.932
941500,0.058,0.004,0.938
942000,0.082,0.004,0.914
942500,0.056,0.000,0.944
943000,0.070,0.000,0.930
943500,0.051,0.000,0.949
944000,0.081,0.000,0.919
944500,0.075,0.000,0.925
945000,0.064,0.000,0.936
945500,0.054,0.000,0.946
946000,0.064,0.000,0.936
946500,0.075,0.000,0.925
947000,0.056,0.000,0.944
947500,0.050,0.000,0.950
948000,0.050,0.000,0.950
948500,0.050,0.000,0.950
949000,0.061,0.000,0.939
949500,0.085,0.000,0.915
950000,0.065,0.000,0.935
950500,0.084,0.000,0.916
951000,0.061,0.000,0.939
951500,0.050,0.000,0.950
952000,0.071,0.000,0.929
952500,0.053,0.000,0.947
953000,0.113,0.000,0.887
953500,0.072,0.000,0.928
954000,0.094,0.000,0.906
954500,0.088,0.000,0.912
955000,0.091,0.000,0.909
955500,0.051,0.000,0.949
956000,0.063,0.000,0.937
956500,0.051,0.000,0.949
957000,0.050,0.000,0.950
957500,0.052,0.000,0.948
958000,0.053,0.015,0.932
958500,0.085,0.002,0.913
959000,0.098,0.000,0.902
959500,0.091,0.000,0.909
960000,0.060,0.000,0.940
960500,0.082,0.000,0.918
961000,0.060,0.000,0.940
961500,0.056,0.000,0.944
962000,0.050,0.000,0.950
962500,0.050,0.000,0.950
963000,0.060,0.000,0.940
963500,0.088,0.000,0.912
964000,0.106,0.000,0.894
964500,0.059,0.000,0.941
965000,0.060,0.000,0.940
965500,0.053,0.000,0.947
966000,0.056,0.000,0.944
966500,0.059,0.000,0.941
967000,0.078,0.000,0.922
967500,0.050,0.005,0.945
968000,0.060,0.001,0.939
968500,0.058,0.000,0.942
969000,0.075,0.000,0.925
969500,0.074,0.000,0.926
970000,0.078,0.000,0.922
970500,0.081,0.000,0.919
971000,0.058,0.000,0.942
971500,0.054,0.016,0.930
972000,0.076,0.002,0.922
972500,0.078,0.000,0.922
973000,0.058,0.000,0.942
973500,0.075,0.000,0.925
974000,0.081,0.000,0.919
974500,0.052,0.000,0.948
975000,0.076,0.000,0.924
975500,0.050,0.000,0.950
976000,0.052,0.000,0.948
976500,0.051,0.000,0.949
977000,0.080,0.000,0.920
977500,0.059,0.000,0.941
978000,0.052,0.000,0.948
978500,0.113,0.000,0.887
979000,0.050,0.001,0.949
979500,0.069,0.000,0.931
980000,0.074,0.000,0.926
980500,0.097,0.000,0.903
981000,0.082,0.000,0.918
981500,0.052,0.000,0.948
982000,0.093,0.000,0.907
982500,0.084,0.000,0.916
983000,0.050,0.000,0.950
983500,0.075,0.000,0.925
984000,0.058,0.000,0.942
984500,0.070,0.000,0.930
985000,0.065,0.004,0.931
985500,0.081,0.000,0.919
986000,0.057,0.000,0.943
986500,0.098,0.000,0.902
987000,0.085,0.000,0.915
987500,0.050,0.000,0.950
988000,0.064,0.000,0.936
988500,0.070,0.000,0.930
989000,0.051,0.000,0.949
989500,0.052,0.000,0.948
990000,0.077,0.000,0.923
990500,0.051,0.000,0.949
991000,0.085,0.000,0.915
991500,0.064,0.000,0.936
992000,0.050,0.022,0.928
992500,0.082,0.000,0.918
993000,0.050,0.004,0.946
993500,0.052,0.000,0.948
994000,0.082,0.000,0.918
994500,0.084,0.000,0.916
995000,0.070,0.000,0.930
995500,0.057,0.000,0.943
996000,0.056,0.000,0.944
996500,0.066,0.000,0.934
997000,0.054,0.005,0.941
997500,0.051,0.031,0.918
998000,0.081,0.000,0.919
998500,0.086,0.000,0.914
999000,0.064,0.000,0.936
999500,0.081,0.000,0.919
1000000,0.056,0.003,0.941
