time,n_A+p,n_B,n_AB
500,0.030,0.033,0.937
1000,0.109,0.000,0.891
1500,0.201,0.000,0.799
2000,0.135,0.000,0.865
2500,0.107,0.000,0.893
3000,0.064,0.005,0.931
3500,0.229,0.000,0.771
4000,0.142,0.000,0.858
4500,0.169,0.000,0.831
5000,0.189,0.000,0.811
5500,0.132,0.000,0.868
6000,0.201,0.000,0.799
6500,0.061,0.000,0.939
7000,0.049,0.000,0.951
7500,0.078,0.000,0.922
8000,0.168,0.000,0.832
8500,0.167,0.000,0.833
9000,0.107,0.000,0.893
9500,0.177,0.000,0.823
10000,0.190,0.000,0.810
10500,0.160,0.000,0.840
11000,0.154,0.000,0.846
11500,0.049,0.005,0.946
12000,0.138,0.001,0.861
12500,0.140,0.000,0.860
13000,0.306,0.000,0.694
13500,0.087,0.000,0.913
14000,0.151,0.000,0.849
14500,0.270,0.000,0.730
15000,0.102,0.000,0.898
15500,0.121,0.000,0.879
16000,0.201,0.000,0.799
16500,0.092,0.000,0.908
17000,0.158,0.000,0.842
17500,0.156,0.000,0.844
18000,0.162,0.000,0.838
18500,0.043,0.009,0.948
19000,0.177,0.000,0.823
19500,0.271,0.000,0.729
20000,0.069,0.001,0.930
20500,0.072,0.038,0.890
21000,0.076,0.000,0.924
21500,0.151,0.000,0.849
22000,0.120,0.000,0.880
22500,0.265,0.000,0.735
23000,0.157,0.000,0.843
23500,0.049,0.007,0.944
24000,0.049,0.000,0.951
24500,0.112,0.000,0.888
25000,0.164,0.000,0.836
25500,0.120,0.000,0.880
26000,0.123,0.000,0.877
26500,0.158,0.000,0.842
27000,0.158,0.000,0.842
27500,0.115,0.000,0.885
28000,0.196,0.000,0.804
28500,0.123,0.000,0.877
29000,0.152,0.000,0.848
29500,0.102,0.000,0.898
30000,0.157,0.000,0.843
30500,0.133,0.000,0.867
31000,0.157,0.000,0.843
31500,0.187,0.000,0.813
32000,0.131,0.000,0.869
32500,0.036,0.030,0.934
33000,0.166,0.000,0.834
33500,0.200,0.000,0.800
34000,0.170,0.000,0.830
34500,0.176,0.000,0.824
35000,0.202,0.000,0.798
35500,0.224,0.000,0.776
36000,0.210,0.000,0.790
36500,0.030,0.016,0.954
37000,0.112,0.000,0.888
37500,0.183,0.000,0.817
38000,0.134,0.000,0.866
38500,0.105,0.000,0.895
39000,0.257,0.000,0.743
39500,0.064,0.000,0.936
40000,0.194,0.000,0.806
40500,0.205,0.000,0.795
41000,0.117,0.000,0.883
41500,0.143,0.000,0.857
42000,0.157,0.000,0.843
42500,0.237,0.000,0.763
43000,0.176,0.000,0.824
43500,0.151,0.000,0.849
44000,0.282,0.000,0.718
44500,0.226,0.000,0.774
45000,0.099,0.000,0.901
45500,0.151,0.000,0.849
46000,0.065,0.029,0.906
46500,0.052,0.000,0.948
47000,0.224,0.000,0.776
47500,0.236,0.000,0.764
48000,0.126,0.000,0.874
48500,0.172,0.000,0.828
49000,0.154,0.000,0.846
49500,0.073,0.032,0.895
50000,0.202,0.000,0.798
50500,0.206,0.000,0.794
51000,0.077,0.000,0.923
51500,0.107,0.000,0.893
52000,0.096,0.000,0.904
52500,0.175,0.000,0.825
53000,0.215,0.000,0.785
53500,0.214,0.000,0.786
54000,0.125,0.000,0.875
54500,0.163,0.000,0.837
55000,0.127,0.000,0.873
55500,0.189,0.000,0.811
56000,0.181,0.000,0.819
56500,0.191,0.000,0.809
57000,0.129,0.000,0.871
57500,0.122,0.000,0.878
58000,0.037,0.020,0.943
58500,0.101,0.000,0.899
59000,0.211,0.000,0.789
59500,0.179,0.000,0.821
60000,0.219,0.000,0.781
60500,0.160,0.000,0.840
61000,0.225,0.000,0.775
61500,0.279,0.000,0.721
62000,0.191,0.000,0.809
62500,0.103,0.000,0.897
63000,0.146,0.000,0.854
63500,0.143,0.000,0.857
64000,0.110,0.000,0.890
64500,0.114,0.000,0.886
65000,0.188,0.000,0.812
65500,0.143,0.000,0.857
66000,0.099,0.000,0.901
66500,0.067,0.000,0.933
67000,0.190,0.000,0.810
67500,0.125,0.000,0.875
68000,0.183,0.000,0.817
68500,0.133,0.000,0.867
69000,0.089,0.000,0.911
69500,0.099,0.000,0.901
70000,0.162,0.000,0.838
70500,0.112,0.000,0.888
71000,0.138,0.000,0.862
71500,0.180,0.000,0.820
72000,0.220,0.000,0.780
72500,0.140,0.000,0.860
73000,0.180,0.000,0.820
73500,0.110,0.000,0.890
74000,0.124,0.000,0.876
74500,0.193,0.000,0.807
75000,0.117,0.000,0.883
75500,0.154,0.000,0.846
76000,0.121,0.000,0.879
76500,0.102,0.000,0.898
77000,0.110,0.000,0.890
77500,0.097,0.000,0.903
78000,0.082,0.000,0.918
78500,0.166,0.000,0.834
79000,0.142,0.000,0.858
79500,0.125,0.000,0.875
80000,0.163,0.000,0.837
80500,0.118,0.000,0.882
81000,0.179,0.000,0.821
81500,0.120,0.000,0.880
82000,0.226,0.000,0.774
82500,0.098,0.000,0.902
83000,0.077,0.007,0.916
83500,0.111,0.000,0.889
84000,0.238,0.000,0.762
84500,0.213,0.000,0.787
85000,0.176,0.003,0.821
85500,0.155,0.000,0.845
86000,0.108,0.000,0.892
86500,0.141,0.000,0.859
87000,0.232,0.000,0.768
87500,0.107,0.000,0.893
88000,0.080,0.000,0.920
88500,0.204,0.000,0.796
89000,0.150,0.000,0.850
89500,0.118,0.000,0.882
90000,0.071,0.000,0.929
90500,0.170,0.000,0.830
91000,0.186,0.000,0.814
91500,0.177,0.000,0.823
92000,0.157,0.000,0.843
92500,0.142,0.000,0.858
93000,0.170,0.000,0.830
93500,0.118,0.000,0.882
94000,0.091,0.000,0.909
94500,0.084,0.000,0.916
95000,0.109,0.000,0.891
95500,0.161,0.000,0.839
96000,0.094,0.000,0.906
96500,0.189,0.000,0.811
97000,0.109,0.000,0.891
97500,0.076,0.000,0.924
98000,0.110,0.000,0.890
98500,0.145,0.000,0.855
99000,0.142,0.000,0.858
99500,0.132,0.000,0.868
100000,0.112,0.000,0.888
100500,0.152,0.000,0.848
101000,0.192,0.000,0.808
101500,0.083,0.000,0.917
102000,0.114,0.000,0.886
102500,0.142,0.000,0.858
103000,0.218,0.000,0.782
103500,0.040,0.044,0.916
104000,0.165,0.000,0.835
104500,0.258,0.000,0.742
105000,0.095,0.000,0.905
105500,0.160,0.007,0.833
106000,0.119,0.000,0.881
106500,0.120,0.000,0.880
107000,0.219,0.000,0.781
107500,0.228,0.000,0.772
108000,0.116,0.000,0.884
108500,0.135,0.000,0.865
109000,0.089,0.000,0.911
109500,0.160,0.000,0.840
110000,0.110,0.000,0.890
110500,0.087,0.000,0.913
111000,0.198,0.000,0.802
111500,0.089,0.000,0.911
112000,0.270,0.000,0.730
112500,0.131,0.000,0.869
113000,0.123,0.000,0.877
113500,0.194,0.000,0.806
114000,0.194,0.000,0.806
114500,0.111,0.000,0.889
115000,0.061,0.000,0.939
115500,0.162,0.000,0.838
116000,0.132,0.000,0.868
116500,0.179,0.000,0.821
117000,0.095,0.000,0.905
117500,0.163,0.000,0.837
118000,0.174,0.000,0.826
118500,0.165,0.000,0.835
119000,0.171,0.000,0.829
119500,0.124,0.000,0.876
120000,0.124,0.000,0.876
120500,0.191,0.000,0.809
121000,0.071,0.000,0.929
121500,0.084,0.000,0.916
122000,0.165,0.000,0.835
122500,0.070,0.000,0.930
123000,0.125,0.000,0.875
123500,0.133,0.000,0.867
124000,0.092,0.000,0.908
124500,0.159,0.000,0.841
125000,0.173,0.000,0.827
125500,0.079,0.000,0.921
126000,0.047,0.019,0.934
126500,0.214,0.000,0.786
127000,0.086,0.000,0.914
127500,0.095,0.000,0.905
128000,0.106,0.000,0.894
128500,0.175,0.000,0.825
129000,0.099,0.000,0.901
129500,0.149,0.000,0.851
130000,0.092,0.000,0.908
130500,0.220,0.000,0.780
131000,0.108,0.000,0.892
131500,0.114,0.016,0.870
132000,0.127,0.000,0.873
132500,0.198,0.000,0.802
133000,0.219,0.000,0.781
133500,0.322,0.000,0.678
134000,0.054,0.000,0.946
134500,0.165,0.000,0.835
135000,0.092,0.000,0.908
135500,0.138,0.000,0.862
136000,0.205,0.000,0.795
136500,0.165,0.000,0.835
137000,0.174,0.000,0.826
137500,0.067,0.028,0.905
138000,0.109,0.002,0.889
138500,0.156,0.000,0.844
139000,0.145,0.000,0.855
139500,0.140,0.000,0.860
140000,0.045,0.002,0.953
140500,0.089,0.000,0.911
141000,0.126,0.000,0.874
141500,0.230,0.000,0.770
142000,0.195,0.000,0.805
142500,0.152,0.000,0.848
143000,0.175,0.000,0.825
143500,0.159,0.000,0.841
144000,0.184,0.000,0.816
144500,0.122,0.000,0.878
145000,0.132,0.000,0.868
145500,0.158,0.000,0.842
146000,0.167,0.000,0.833
146500,0.199,0.000,0.801
147000,0.109,0.000,0.891
147500,0.181,0.000,0.819
148000,0.092,0.000,0.908
148500,0.166,0.000,0.834
149000,0.242,0.000,0.758
149500,0.192,0.000,0.808
150000,0.159,0.000,0.841
150500,0.112,0.000,0.888
151000,0.176,0.000,0.824
151500,0.152,0.000,0.848
152000,0.097,0.000,0.903
152500,0.178,0.000,0.822
153000,0.108,0.003,0.889
153500,0.123,0.000,0.877
154000,0.085,0.004,0.911
154500,0.226,0.000,0.774
155000,0.179,0.000,0.821
155500,0.075,0.000,0.925
156000,0.100,0.019,0.881
156500,0.071,0.000,0.929
157000,0.404,0.000,0.596
157500,0.097,0.000,0.903
158000,0.112,0.000,0.888
158500,0.195,0.000,0.805
159000,0.176,0.000,0.824
159500,0.213,0.000,0.787
160000,0.384,0.000,0.616
160500,0.198,0.000,0.802
161000,0.108,0.005,0.887
161500,0.178,0.000,0.822
162000,0.137,0.000,0.863
162500,0.168,0.000,0.832
163000,0.180,0.000,0.820
163500,0.093,0.000,0.907
164000,0.159,0.000,0.841
164500,0.197,0.000,0.803
165000,0.153,0.000,0.847
165500,0.271,0.000,0.729
166000,0.223,0.000,0.777
166500,0.139,0.000,0.861
167000,0.165,0.000,0.835
167500,0.166,0.000,0.834
168000,0.207,0.000,0.793
168500,0.182,0.000,0.818
169000,0.148,0.000,0.852
169500,0.054,0.008,0.938
170000,0.121,0.000,0.879
170500,0.166,0.000,0.834
171000,0.184,0.000,0.816
171500,0.064,0.007,0.929
172000,0.221,0.000,0.779
172500,0.234,0.000,0.766
173000,0.099,0.000,0.901
173500,0.112,0.000,0.888
174000,0.056,0.000,0.944
174500,0.116,0.000,0.884
175000,0.062,0.001,0.937
175500,0.140,0.000,0.860
176000,0.150,0.000,0.850
176500,0.197,0.000,0.803
177000,0.128,0.000,0.872
177500,0.134,0.000,0.866
178000,0.044,0.024,0.932
178500,0.181,0.000,0.819
179000,0.083,0.000,0.917
179500,0.158,0.000,0.842
180000,0.185,0.000,0.815
180500,0.240,0.000,0.760
181000,0.123,0.000,0.877
181500,0.129,0.000,0.871
182000,0.088,0.000,0.912
182500,0.081,0.021,0.898
183000,0.077,0.000,0.923
183500,0.220,0.000,0.780
184000,0.218,0.000,0.782
184500,0.181,0.000,0.819
185000,0.130,0.000,0.870
185500,0.092,0.002,0.906
186000,0.155,0.000,0.845
186500,0.174,0.000,0.826
187000,0.196,0.000,0.804
187500,0.064,0.000,0.936
188000,0.162,0.000,0.838
188500,0.233,0.000,0.767
189000,0.111,0.000,0.889
189500,0.059,0.001,0.940
190000,0.134,0.000,0.866
190500,0.071,0.000,0.929
191000,0.185,0.000,0.815
191500,0.080,0.000,0.920
192000,0.128,0.000,0.872
192500,0.097,0.000,0.903
193000,0.250,0.000,0.750
193500,0.179,0.000,0.821
194000,0.141,0.000,0.859
194500,0.149,0.000,0.851
195000,0.116,0.000,0.884
195500,0.111,0.000,0.889
196000,0.244,0.000,0.756
196500,0.127,0.000,0.873
197000,0.117,0.000,0.883
197500,0.132,0.000,0.868
198000,0.268,0.000,0.732
198500,0.099,0.000,0.901
199000,0.180,0.000,0.820
199500,0.122,0.000,0.878
200000,0.165,0.000,0.835
200500,0.217,0.000,0.783
201000,0.131,0.000,0.869
201500,0.151,0.000,0.849
202000,0.054,0.003,0.943
202500,0.205,0.000,0.795
203000,0.094,0.000,0.906
203500,0.141,0.000,0.859
204000,0.160,0.000,0.840
204500,0.161,0.000,0.839
205000,0.067,0.000,0.933
205500,0.139,0.000,0.861
206000,0.262,0.000,0.738
206500,0.099,0.015,0.886
207000,0.152,0.000,0.848
207500,0.079,0.000,0.921
208000,0.141,0.000,0.859
208500,0.106,0.000,0.894
209000,0.101,0.009,0.890
209500,0.184,0.000,0.816
210000,0.152,0.000,0.848
210500,0.154,0.000,0.846
211000,0.147,0.000,0.853
211500,0.164,0.000,0.836
212000,0.192,0.000,0.808
212500,0.167,0.000,0.833
213000,0.142,0.002,0.856
213500,0.117,0.002,0.881
214000,0.168,0.000,0.832
214500,0.167,0.000,0.833
215000,0.070,0.000,0.930
215500,0.199,0.000,0.801
216000,0.117,0.000,0.883
216500,0.150,0.000,0.850
217000,0.072,0.000,0.928
217500,0.099,0.000,0.901
218000,0.086,0.005,0.909
218500,0.337,0.000,0.663
219000,0.127,0.000,0.873
219500,0.143,0.000,0.857
220000,0.096,0.000,0.904
220500,0.092,0.004,0.904
221000,0.165,0.000,0.835
221500,0.051,0.000,0.949
222000,0.188,0.000,0.812
222500,0.166,0.000,0.834
223000,0.165,0.000,0.835
223500,0.155,0.000,0.845
224000,0.096,0.000,0.904
224500,0.113,0.001,0.886
225000,0.156,0.012,0.832
225500,0.149,0.000,0.851
226000,0.138,0.000,0.862
226500,0.144,0.000,0.856
227000,0.153,0.000,0.847
227500,0.098,0.002,0.900
228000,0.171,0.000,0.829
228500,0.120,0.000,0.880
229000,0.203,0.000,0.797
229500,0.172,0.000,0.828
230000,0.209,0.000,0.791
230500,0.083,0.010,0.907
231000,0.175,0.000,0.825
231500,0.157,0.000,0.843
232000,0.141,0.000,0.859
232500,0.209,0.000,0.791
233000,0.163,0.000,0.837
233500,0.080,0.000,0.920
234000,0.132,0.000,0.868
234500,0.144,0.000,0.856
235000,0.078,0.000,0.922
235500,0.118,0.000,0.882
236000,0.139,0.004,0.857
236500,0.122,0.000,0.878
237000,0.196,0.000,0.804
237500,0.123,0.000,0.877
238000,0.189,0.000,0.811
238500,0.048,0.000,0.952
239000,0.107,0.000,0.893
239500,0.159,0.000,0.841
240000,0.143,0.000,0.857
240500,0.146,0.000,0.854
241000,0.169,0.000,0.831
241500,0.169,0.000,0.831
242000,0.151,0.000,0.849
242500,0.149,0.001,0.850
243000,0.174,0.000,0.826
243500,0.303,0.000,0.697
244000,0.154,0.000,0.846
244500,0.146,0.000,0.854
245000,0.082,0.000,0.918
245500,0.083,0.000,0.917
246000,0.163,0.000,0.837
246500,0.093,0.000,0.907
247000,0.129,0.000,0.871
247500,0.137,0.000,0.863
248000,0.146,0.000,0.854
248500,0.163,0.001,0.836
249000,0.119,0.000,0.881
249500,0.150,0.000,0.850
250000,0.178,0.000,0.822
250500,0.222,0.000,0.778
251000,0.218,0.000,0.782
251500,0.181,0.000,0.819
252000,0.140,0.000,0.860
252500,0.030,0.025,0.945
253000,0.145,0.001,0.854
253500,0.048,0.000,0.952
254000,0.079,0.032,0.889
254500,0.042,0.040,0.918
255000,0.142,0.000,0.858
255500,0.125,0.000,0.875
256000,0.222,0.000,0.778
256500,0.176,0.000,0.824
257000,0.152,0.000,0.848
257500,0.112,0.000,0.888
258000,0.228,0.000,0.772
258500,0.166,0.000,0.834
259000,0.137,0.000,0.863
259500,0.236,0.000,0.764
260000,0.069,0.000,0.931
260500,0.138,0.000,0.862
261000,0.097,0.000,0.903
261500,0.091,0.000,0.909
262000,0.138,0.000,0.862
262500,0.122,0.000,0.878
263000,0.192,0.000,0.808
263500,0.168,0.000,0.832
264000,0.140,0.000,0.860
264500,0.136,0.000,0.864
265000,0.110,0.000,0.890
265500,0.113,0.000,0.887
266000,0.083,0.000,0.917
266500,0.207,0.000,0.793
267000,0.076,0.023,0.901
267500,0.067,0.009,0.924
268000,0.125,0.000,0.875
268500,0.064,0.038,0.898
269000,0.098,0.000,0.902
269500,0.200,0.000,0.800
270000,0.120,0.000,0.880
270500,0.125,0.001,0.874
271000,0.124,0.000,0.876
271500,0.194,0.000,0.806
272000,0.205,0.000,0.795
272500,0.138,0.000,0.862
273000,0.111,0.000,0.889
273500,0.237,0.000,0.763
274000,0.208,0.000,0.792
274500,0.068,0.000,0.932
275000,0.197,0.000,0.803
275500,0.135,0.000,0.865
276000,0.175,0.000,0.825
276500,0.214,0.000,0.786
277000,0.131,0.000,0.869
277500,0.142,0.000,0.858
278000,0.148,0.000,0.852
278500,0.103,0.000,0.897
279000,0.092,0.000,0.908
279500,0.221,0.000,0.779
280000,0.157,0.000,0.843
280500,0.176,0.000,0.824
281000,0.344,0.000,0.656
281500,0.143,0.000,0.857
282000,0.189,0.000,0.811
282500,0.229,0.000,0.771
283000,0.065,0.000,0.935
283500,0.229,0.000,0.771
284000,0.155,0.000,0.845
284500,0.261,0.000,0.739
285000,0.049,0.035,0.916
285500,0.125,0.011,0.864
286000,0.187,0.000,0.813
286500,0.160,0.000,0.840
287000,0.209,0.000,0.791
287500,0.042,0.049,0.909
288000,0.077,0.000,0.923
288500,0.156,0.000,0.844
289000,0.181,0.000,0.819
289500,0.239,0.000,0.761
290000,0.200,0.000,0.800
290500,0.098,0.000,0.902
291000,0.141,0.000,0.859
291500,0.038,0.010,0.952
292000,0.190,0.000,0.810
292500,0.168,0.000,0.832
293000,0.143,0.000,0.857
293500,0.193,0.000,0.807
294000,0.089,0.000,0.911
294500,0.247,0.000,0.753
295000,0.127,0.000,0.873
295500,0.149,0.000,0.851
296000,0.139,0.000,0.861
296500,0.069,0.000,0.931
297000,0.101,0.000,0.899
297500,0.160,0.000,0.840
298000,0.121,0.000,0.879
298500,0.119,0.000,0.881
299000,0.164,0.000,0.836
299500,0.162,0.000,0.838
300000,0.098,0.000,0.902
300500,0.114,0.000,0.886
301000,0.156,0.008,0.836
301500,0.177,0.000,0.823
302000,0.118,0.000,0.882
302500,0.154,0.000,0.846
303000,0.116,0.004,0.880
303500,0.183,0.000,0.817
304000,0.078,0.033,0.889
304500,0.135,0.000,0.865
305000,0.195,0.000,0.805
305500,0.291,0.000,0.709
306000,0.098,0.000,0.902
306500,0.115,0.000,0.885
307000,0.158,0.000,0.842
307500,0.150,0.000,0.850
308000,0.072,0.006,0.922
308500,0.148,0.000,0.852
309000,0.159,0.000,0.841
309500,0.196,0.000,0.804
310000,0.137,0.000,0.863
310500,0.161,0.008,0.831
311000,0.099,0.000,0.901
311500,0.074,0.015,0.911
312000,0.096,0.013,0.891
312500,0.153,0.000,0.847
313000,0.071,0.000,0.929
313500,0.193,0.000,0.807
314000,0.228,0.000,0.772
314500,0.084,0.000,0.916
315000,0.107,0.000,0.893
315500,0.157,0.000,0.843
316000,0.105,0.000,0.895
316500,0.270,0.000,0.730
317000,0.170,0.000,0.830
317500,0.070,0.000,0.930
318000,0.131,0.002,0.867
318500,0.318,0.000,0.682
319000,0.206,0.000,0.794
319500,0.084,0.000,0.916
320000,0.311,0.000,0.689
320500,0.131,0.003,0.866
321000,0.121,0.000,0.879
321500,0.153,0.000,0.847
322000,0.216,0.000,0.784
322500,0.114,0.000,0.886
323000,0.104,0.000,0.896
323500,0.178,0.000,0.822
324000,0.235,0.000,0.765
324500,0.128,0.000,0.872
325000,0.160,0.000,0.840
325500,0.256,0.000,0.744
326000,0.143,0.000,0.857
326500,0.096,0.000,0.904
327000,0.129,0.000,0.871
327500,0.212,0.000,0.788
328000,0.073,0.000,0.927
328500,0.112,0.004,0.884
329000,0.137,0.000,0.863
329500,0.125,0.002,0.873
330000,0.169,0.000,0.831
330500,0.098,0.000,0.902
331000,0.194,0.000,0.806
331500,0.151,0.000,0.849
332000,0.146,0.000,0.854
332500,0.169,0.000,0.831
333000,0.221,0.000,0.779
333500,0.223,0.000,0.777
334000,0.162,0.000,0.838
334500,0.166,0.000,0.834
335000,0.135,0.000,0.865
335500,0.102,0.000,0.898
336000,0.146,0.000,0.854
336500,0.199,0.000,0.801
337000,0.060,0.004,0.936
337500,0.174,0.000,0.826
338000,0.181,0.000,0.819
338500,0.252,0.000,0.748
339000,0.163,0.000,0.837
339500,0.127,0.015,0.858
340000,0.093,0.000,0.907
340500,0.159,0.000,0.841
341000,0.060,0.000,0.940
341500,0.115,0.002,0.883
342000,0.120,0.000,0.880
342500,0.069,0.051,0.880
343000,0.239,0.000,0.761
343500,0.088,0.000,0.912
344000,0.186,0.000,0.814
344500,0.088,0.000,0.912
345000,0.146,0.000,0.854
345500,0.113,0.000,0.887
346000,0.230,0.000,0.770
346500,0.091,0.000,0.909
347000,0.180,0.000,0.820
347500,0.255,0.000,0.745
348000,0.194,0.000,0.806
348500,0.058,0.013,0.929
349000,0.156,0.000,0.844
349500,0.058,0.021,0.921
350000,0.179,0.000,0.821
350500,0.110,0.000,0.890
351000,0.162,0.000,0.838
351500,0.087,0.000,0.913
352000,0.172,0.000,0.828
352500,0.144,0.023,0.833
353000,0.138,0.000,0.862
353500,0.121,0.000,0.879
354000,0.177,0.000,0.823
354500,0.082,0.012,0.906
355000,0.169,0.000,0.831
355500,0.133,0.038,0.829
356000,0.067,0.000,0.933
356500,0.096,0.000,0.904
357000,0.103,0.028,0.869
357500,0.185,0.000,0.815
358000,0.110,0.000,0.890
358500,0.246,0.002,0.752
359000,0.208,0.000,0.792
359500,0.157,0.000,0.843
360000,0.125,0.000,0.875
360500,0.200,0.000,0.800
361000,0.137,0.000,0.863
361500,0.112,0.000,0.888
362000,0.172,0.000,0.828
362500,0.148,0.000,0.852
363000,0.229,0.000,0.771
363500,0.236,0.000,0.764
364000,0.160,0.000,0.840
364500,0.163,0.000,0.837
365000,0.161,0.000,0.839
365500,0.303,0.000,0.697
366000,0.139,0.000,0.861
366500,0.148,0.000,0.852
367000,0.185,0.000,0.815
367500,0.085,0.000,0.915
368000,0.170,0.000,0.830
368500,0.207,0.000,0.793
369000,0.094,0.000,0.906
369500,0.164,0.000,0.836
370000,0.070,0.000,0.930
370500,0.069,0.000,0.931
371000,0.193,0.000,0.807
371500,0.188,0.000,0.812
372000,0.117,0.000,0.883
372500,0.203,0.000,0.797
373000,0.132,0.000,0.868
373500,0.108,0.000,0.892
374000,0.102,0.000,0.898
374500,0.106,0.000,0.894
375000,0.101,0.000,0.899
375500,0.253,0.000,0.747
376000,0.125,0.000,0.875
376500,0.173,0.000,0.827
377000,0.143,0.000,0.857
377500,0.126,0.000,0.874
378000,0.193,0.000,0.807
378500,0.187,0.000,0.813
379000,0.070,0.000,0.930
379500,0.063,0.000,0.937
380000,0.169,0.001,0.830
380500,0.162,0.000,0.838
381000,0.097,0.000,0.903
381500,0.099,0.000,0.901
382000,0.100,0.013,0.887
382500,0.125,0.000,0.875
383000,0.143,0.000,0.857
383500,0.131,0.000,0.869
384000,0.101,0.000,0.899
384500,0.135,0.000,0.865
385000,0.176,0.000,0.824
385500,0.086,0.000,0.914
386000,0.149,0.000,0.851
386500,0.158,0.000,0.842
387000,0.072,0.000,0.928
387500,0.087,0.000,0.913
388000,0.100,0.000,0.900
388500,0.082,0.034,0.884
389000,0.192,0.000,0.808
389500,0.084,0.000,0.916
390000,0.141,0.000,0.859
390500,0.144,0.000,0.856
391000,0.103,0.001,0.896
391500,0.169,0.000,0.831
392000,0.121,0.000,0.879
392500,0.143,0.000,0.857
393000,0.272,0.000,0.728
393500,0.131,0.000,0.869
394000,0.235,0.000,0.765
394500,0.191,0.000,0.809
395000,0.157,0.000,0.843
395500,0.181,0.000,0.819
396000,0.130,0.000,0.870
396500,0.165,0.000,0.835
397000,0.169,0.000,0.831
397500,0.144,0.000,0.856
398000,0.060,0.029,0.911
398500,0.200,0.004,0.796
399000,0.100,0.000,0.900
399500,0.186,0.000,0.814
400000,0.120,0.000,0.880
400500,0.180,0.000,0.820
401000,0.211,0.000,0.789
401500,0.063,0.021,0.916
402000,0.168,0.000,0.832
402500,0.144,0.000,0.856
403000,0.145,0.000,0.855
403500,0.058,0.005,0.937
404000,0.075,0.000,0.925
404500,0.082,0.000,0.918
405000,0.120,0.000,0.880
405500,0.143,0.003,0.854
406000,0.116,0.000,0.884
406500,0.109,0.000,0.891
407000,0.115,0.000,0.885
407500,0.149,0.000,0.851
408000,0.147,0.000,0.853
408500,0.211,0.000,0.789
409000,0.125,0.000,0.875
409500,0.148,0.000,0.852
410000,0.112,0.000,0.888
410500,0.173,0.000,0.827
411000,0.133,0.000,0.867
411500,0.158,0.000,0.842
412000,0.129,0.000,0.871
412500,0.144,0.000,0.856
413000,0.155,0.000,0.845
413500,0.123,0.000,0.877
414000,0.115,0.000,0.885
414500,0.198,0.000,0.802
415000,0.047,0.024,0.929
415500,0.220,0.000,0.780
416000,0.104,0.001,0.895
416500,0.243,0.000,0.757
417000,0.102,0.000,0.898
417500,0.238,0.000,0.762
418000,0.230,0.000,0.770
418500,0.166,0.000,0.834
419000,0.093,0.000,0.907
419500,0.145,0.000,0.855
420000,0.140,0.000,0.860
420500,0.161,0.000,0.839
421000,0.182,0.000,0.818
421500,0.117,0.000,0.883
422000,0.144,0.000,0.856
422500,0.226,0.000,0.774
423000,0.119,0.001,0.880
423500,0.183,0.000,0.817
424000,0.202,0.000,0.798
424500,0.133,0.000,0.867
425000,0.240,0.000,0.760
425500,0.154,0.000,0.846
426000,0.085,0.038,0.877
426500,0.145,0.000,0.855
427000,0.097,0.000,0.903
427500,0.050,0.000,0.950
428000,0.124,0.000,0.876
428500,0.085,0.000,0.915
429000,0.248,0.000,0.752
429500,0.109,0.000,0.891
430000,0.147,0.000,0.853
430500,0.323,0.000,0.677
431000,0.217,0.000,0.783
431500,0.177,0.000,0.823
432000,0.078,0.006,0.916
432500,0.188,0.000,0.812
433000,0.116,0.000,0.884
433500,0.141,0.000,0.859
434000,0.076,0.018,0.906
434500,0.293,0.000,0.707
435000,0.169,0.000,0.831
435500,0.140,0.000,0.860
436000,0.198,0.000,0.802
436500,0.101,0.000,0.899
437000,0.121,0.002,0.877
437500,0.139,0.000,0.861
438000,0.148,0.000,0.852
438500,0.132,0.000,0.868
439000,0.182,0.000,0.818
439500,0.070,0.000,0.930
440000,0.143,0.000,0.857
440500,0.153,0.000,0.847
441000,0.123,0.000,0.877
441500,0.150,0.000,0.850
442000,0.214,0.000,0.786
442500,0.180,0.000,0.820
443000,0.224,0.000,0.776
443500,0.155,0.000,0.845
444000,0.085,0.011,0.904
444500,0.239,0.000,0.761
445000,0.137,0.000,0.863
445500,0.049,0.037,0.914
446000,0.116,0.000,0.884
446500,0.144,0.000,0.856
447000,0.124,0.000,0.876
447500,0.137,0.001,0.862
448000,0.318,0.000,0.682
448500,0.121,0.000,0.879
449000,0.157,0.000,0.843
449500,0.216,0.000,0.784
450000,0.200,0.000,0.800
450500,0.191,0.000,0.809
451000,0.230,0.000,0.770
451500,0.111,0.000,0.889
452000,0.205,0.000,0.795
452500,0.150,0.000,0.850
453000,0.117,0.000,0.883
453500,0.139,0.000,0.861
454000,0.159,0.000,0.841
454500,0.239,0.000,0.761
455000,0.126,0.000,0.874
455500,0.189,0.000,0.811
456000,0.110,0.000,0.890
456500,0.144,0.000,0.856
457000,0.219,0.000,0.781
457500,0.169,0.000,0.831
458000,0.178,0.000,0.822
458500,0.132,0.000,0.868
459000,0.123,0.000,0.877
459500,0.122,0.000,0.878
460000,0.219,0.000,0.781
460500,0.065,0.001,0.934
461000,0.069,0.000,0.931
461500,0.191,0.000,0.809
462000,0.150,0.000,0.850
462500,0.078,0.000,0.922
463000,0.071,0.000,0.929
463500,0.138,0.000,0.862
464000,0.137,0.000,0.863
464500,0.077,0.000,0.923
465000,0.123,0.000,0.877
465500,0.145,0.000,0.855
466000,0.186,0.000,0.814
466500,0.094,0.000,0.906
467000,0.208,0.000,0.792
467500,0.200,0.000,0.800
468000,0.179,0.000,0.821
468500,0.159,0.000,0.841
469000,0.184,0.000,0.816
469500,0.110,0.000,0.890
470000,0.172,0.000,0.828
470500,0.106,0.000,0.894
471000,0.078,0.000,0.922
471500,0.275,0.000,0.725
472000,0.137,0.000,0.863
472500,0.105,0.000,0.895
473000,0.226,0.000,0.774
473500,0.098,0.000,0.902
474000,0.074,0.047,0.879
474500,0.253,0.000,0.747
475000,0.131,0.000,0.869
475500,0.131,0.000,0.869
476000,0.140,0.000,0.860
476500,0.103,0.000,0.897
477000,0.168,0.000,0.832
477500,0.117,0.000,0.883
478000,0.179,0.000,0.821
478500,0.144,0.000,0.856
479000,0.246,0.000,0.754
479500,0.138,0.000,0.862
480000,0.099,0.000,0.901
480500,0.099,0.000,0.901
481000,0.150,0.000,0.850
481500,0.040,0.059,0.901
482000,0.222,0.000,0.778
482500,0.171,0.000,0.829
483000,0.094,0.000,0.906
483500,0.110,0.000,0.890
484000,0.225,0.000,0.775
484500,0.219,0.000,0.781
485000,0.159,0.000,0.841
485500,0.084,0.000,0.916
486000,0.185,0.000,0.815
486500,0.119,0.000,0.881
487000,0.121,0.000,0.879
487500,0.149,0.000,0.851
488000,0.132,0.000,0.868
488500,0.160,0.000,0.840
489000,0.189,0.000,0.811
489500,0.086,0.002,0.912
490000,0.084,0.000,0.916
490500,0.172,0.000,0.828
491000,0.106,0.000,0.894
491500,0.221,0.000,0.779
492000,0.077,0.037,0.886
492500,0.193,0.000,0.807
493000,0.141,0.000,0.859
493500,0.185,0.000,0.815
494000,0.068,0.000,0.932
494500,0.159,0.000,0.841
495000,0.168,0.000,0.832
495500,0.185,0.000,0.815
496000,0.111,0.000,0.889
496500,0.112,0.000,0.888
497000,0.047,0.047,0.906
497500,0.178,0.000,0.822
498000,0.129,0.000,0.871
498500,0.169,0.001,0.830
499000,0.205,0.000,0.795
499500,0.181,0.000,0.819
500000,0.169,0.000,0.831
500500,0.158,0.000,0.842
501000,0.103,0.000,0.897
501500,0.098,0.000,0.902
502000,0.136,0.000,0.864
502500,0.301,0.000,0.699
503000,0.122,0.000,0.878
503500,0.240,0.000,0.760
504000,0.162,0.000,0.838
504500,0.152,0.000,0.848
505000,0.116,0.000,0.884
505500,0.175,0.000,0.825
506000,0.075,0.000,0.925
506500,0.138,0.000,0.862
507000,0.147,0.000,0.853
507500,0.176,0.000,0.824
508000,0.139,0.000,0.861
508500,0.193,0.000,0.807
509000,0.163,0.000,0.837
509500,0.119,0.000,0.881
510000,0.121,0.000,0.879
510500,0.172,0.000,0.828
511000,0.151,0.000,0.849
511500,0.090,0.000,0.910
512000,0.236,0.000,0.764
512500,0.115,0.000,0.885
513000,0.247,0.000,0.753
513500,0.155,0.000,0.845
514000,0.202,0.000,0.798
514500,0.115,0.000,0.885
515000,0.128,0.000,0.872
515500,0.087,0.000,0.913
516000,0.091,0.006,0.903
516500,0.185,0.000,0.815
517000,0.107,0.000,0.893
517500,0.194,0.000,0.806
518000,0.133,0.001,0.866
518500,0.289,0.000,0.711
519000,0.193,0.000,0.807
519500,0.060,0.031,0.909
520000,0.170,0.000,0.830
520500,0.230,0.000,0.770
521000,0.212,0.000,0.788
521500,0.198,0.001,0.801
522000,0.098,0.000,0.902
522500,0.109,0.000,0.891
523000,0.126,0.000,0.874
523500,0.167,0.000,0.833
524000,0.116,0.000,0.884
524500,0.200,0.000,0.800
525000,0.212,0.000,0.788
525500,0.177,0.000,0.823
526000,0.228,0.000,0.772
526500,0.182,0.000,0.818
527000,0.221,0.000,0.779
527500,0.178,0.000,0.822
528000,0.151,0.000,0.849
528500,0.149,0.000,0.851
529000,0.103,0.000,0.897
529500,0.084,0.000,0.916
530000,0.116,0.000,0.884
530500,0.162,0.000,0.838
531000,0.166,0.000,0.834
531500,0.250,0.000,0.750
532000,0.343,0.000,0.657
532500,0.183,0.000,0.817
533000,0.152,0.000,0.848
533500,0.295,0.000,0.705
534000,0.090,0.000,0.910
534500,0.061,0.000,0.939
535000,0.249,0.000,0.751
535500,0.114,0.000,0.886
536000,0.143,0.000,0.857
536500,0.177,0.000,0.823
537000,0.193,0.000,0.807
537500,0.102,0.000,0.898
538000,0.075,0.000,0.925
538500,0.043,0.045,0.912
539000,0.118,0.000,0.882
539500,0.172,0.000,0.828
540000,0.194,0.000,0.806
540500,0.096,0.000,0.904
541000,0.157,0.000,0.843
541500,0.174,0.000,0.826
542000,0.156,0.000,0.844
542500,0.120,0.001,0.879
543000,0.181,0.000,0.819
543500,0.232,0.000,0.768
544000,0.121,0.000,0.879
544500,0.171,0.000,0.829
545000,0.151,0.000,0.849
545500,0.131,0.000,0.869
546000,0.040,0.084,0.876
546500,0.125,0.000,0.875
547000,0.173,0.000,0.827
547500,0.220,0.000,0.780
548000,0.153,0.000,0.847
548500,0.151,0.000,0.849
549000,0.107,0.000,0.893
549500,0.137,0.000,0.863
550000,0.164,0.000,0.836
550500,0.059,0.000,0.941
551000,0.135,0.001,0.864
551500,0.144,0.000,0.856
552000,0.314,0.000,0.686
552500,0.109,0.004,0.887
553000,0.224,0.000,0.776
553500,0.183,0.000,0.817
554000,0.094,0.000,0.906
554500,0.193,0.000,0.807
555000,0.059,0.035,0.906
555500,0.066,0.001,0.933
556000,0.171,0.000,0.829
556500,0.124,0.000,0.876
557000,0.163,0.000,0.837
557500,0.183,0.000,0.817
558000,0.170,0.000,0.830
558500,0.232,0.000,0.768
559000,0.175,0.000,0.825
559500,0.151,0.000,0.849
560000,0.079,0.000,0.921
560500,0.137,0.000,0.863
561000,0.140,0.000,0.860
561500,0.224,0.000,0.776
562000,0.158,0.000,0.842
562500,0.092,0.000,0.908
563000,0.056,0.000,0.944
563500,0.188,0.000,0.812
564000,0.141,0.000,0.859
564500,0.061,0.025,0.914
565000,0.118,0.000,0.882
565500,0.131,0.000,0.869
566000,0.109,0.000,0.891
566500,0.125,0.002,0.873
567000,0.232,0.000,0.768
567500,0.120,0.000,0.880
568000,0.110,0.000,0.890
568500,0.156,0.001,0.843
569000,0.177,0.000,0.823
569500,0.134,0.000,0.866
570000,0.205,0.000,0.795
570500,0.101,0.000,0.899
571000,0.215,0.000,0.785
571500,0.091,0.000,0.909
572000,0.083,0.000,0.917
572500,0.060,0.000,0.940
573000,0.101,0.000,0.899
573500,0.153,0.000,0.847
574000,0.132,0.000,0.868
574500,0.207,0.000,0.793
575000,0.056,0.026,0.918
575500,0.095,0.000,0.905
576000,0.156,0.000,0.844
576500,0.181,0.000,0.819
577000,0.170,0.000,0.830
577500,0.211,0.000,0.789
578000,0.154,0.000,0.846
578500,0.217,0.000,0.783
579000,0.153,0.000,0.847
579500,0.096,0.021,0.883
580000,0.183,0.000,0.817
580500,0.158,0.000,0.842
581000,0.180,0.000,0.820
581500,0.135,0.000,0.865
582000,0.046,0.016,0.938
582500,0.146,0.001,0.853
583000,0.214,0.000,0.786
583500,0.101,0.000,0.899
584000,0.079,0.000,0.921
584500,0.167,0.000,0.833
585000,0.052,0.006,0.942
585500,0.200,0.000,0.800
586000,0.172,0.000,0.828
586500,0.309,0.000,0.691
587000,0.110,0.000,0.890
587500,0.139,0.000,0.861
588000,0.115,0.000,0.885
588500,0.139,0.000,0.861
589000,0.140,0.000,0.860
589500,0.088,0.000,0.912
590000,0.067,0.000,0.933
590500,0.181,0.000,0.819
591000,0.160,0.000,0.840
591500,0.191,0.000,0.809
592000,0.113,0.000,0.887
592500,0.110,0.000,0.890
593000,0.154,0.000,0.846
593500,0.060,0.000,0.940
594000,0.173,0.000,0.827
594500,0.159,0.000,0.841
595000,0.159,0.000,0.841
595500,0.144,0.000,0.856
596000,0.132,0.000,0.868
596500,0.167,0.000,0.833
597000,0.171,0.000,0.829
597500,0.169,0.000,0.831
598000,0.124,0.000,0.876
598500,0.279,0.000,0.721
599000,0.141,0.000,0.859
599500,0.161,0.000,0.839
600000,0.173,0.000,0.827
600500,0.117,0.000,0.883
601000,0.102,0.000,0.898
601500,0.092,0.000,0.908
602000,0.149,0.000,0.851
602500,0.045,0.003,0.952
603000,0.194,0.000,0.806
603500,0.112,0.001,0.887
604000,0.134,0.000,0.866
604500,0.116,0.000,0.884
605000,0.076,0.000,0.924
605500,0.316,0.000,0.684
606000,0.157,0.000,0.843
606500,0.187,0.000,0.813
607000,0.106,0.003,0.891
607500,0.134,0.000,0.866
608000,0.155,0.000,0.845
608500,0.139,0.000,0.861
609000,0.214,0.000,0.786
609500,0.256,0.000,0.744
610000,0.183,0.000,0.817
610500,0.122,0.000,0.878
611000,0.118,0.002,0.880
611500,0.179,0.000,0.821
612000,0.169,0.000,0.831
612500,0.125,0.010,0.865
613000,0.082,0.000,0.918
613500,0.106,0.034,0.860
614000,0.066,0.000,0.934
614500,0.137,0.000,0.863
615000,0.155,0.000,0.845
615500,0.303,0.000,0.697
616000,0.228,0.000,0.772
616500,0.124,0.000,0.876
617000,0.259,0.000,0.741
617500,0.142,0.000,0.858
618000,0.080,0.000,0.920
618500,0.124,0.000,0.876
619000,0.109,0.000,0.891
619500,0.223,0.000,0.777
620000,0.120,0.030,0.850
620500,0.173,0.000,0.827
621000,0.171,0.000,0.829
621500,0.209,0.000,0.791
622000,0.096,0.000,0.904
622500,0.218,0.000,0.782
623000,0.152,0.000,0.848
623500,0.142,0.000,0.858
624000,0.090,0.000,0.910
624500,0.132,0.000,0.868
625000,0.100,0.000,0.900
625500,0.289,0.000,0.711
626000,0.155,0.000,0.845
626500,0.090,0.000,0.910
627000,0.104,0.000,0.896
627500,0.064,0.000,0.936
628000,0.178,0.000,0.822
628500,0.138,0.000,0.862
629000,0.229,0.000,0.771
629500,0.160,0.000,0.840
630000,0.108,0.000,0.892
630500,0.134,0.000,0.866
631000,0.065,0.012,0.923
631500,0.261,0.000,0.739
632000,0.150,0.000,0.850
632500,0.243,0.000,0.757
633000,0.151,0.000,0.849
633500,0.094,0.000,0.906
634000,0.207,0.000,0.793
634500,0.084,0.000,0.916
635000,0.187,0.000,0.813
635500,0.099,0.000,0.901
636000,0.067,0.010,0.923
636500,0.194,0.000,0.806
637000,0.109,0.000,0.891
637500,0.135,0.001,0.864
638000,0.139,0.000,0.861
638500,0.226,0.000,0.774
639000,0.159,0.000,0.841
639500,0.096,0.000,0.904
640000,0.048,0.000,0.952
640500,0.064,0.000,0.936
641000,0.090,0.000,0.910
641500,0.169,0.000,0.831
642000,0.037,0.022,0.941
642500,0.197,0.000,0.803
643000,0.206,0.000,0.794
643500,0.085,0.000,0.915
644000,0.227,0.000,0.773
644500,0.170,0.000,0.830
645000,0.159,0.000,0.841
645500,0.081,0.000,0.919
646000,0.143,0.000,0.857
646500,0.139,0.000,0.861
647000,0.080,0.005,0.915
647500,0.089,0.000,0.911
648000,0.204,0.000,0.796
648500,0.057,0.000,0.943
649000,0.177,0.000,0.823
649500,0.150,0.000,0.850
650000,0.106,0.000,0.894
650500,0.139,0.000,0.861
651000,0.127,0.000,0.873
651500,0.207,0.000,0.793
652000,0.156,0.000,0.844
652500,0.179,0.000,0.821
653000,0.125,0.000,0.875
653500,0.164,0.000,0.836
654000,0.128,0.008,0.864
654500,0.134,0.000,0.866
655000,0.119,0.000,0.881
655500,0.103,0.000,0.897
656000,0.220,0.000,0.780
656500,0.212,0.000,0.788
657000,0.158,0.000,0.842
657500,0.245,0.000,0.755
658000,0.130,0.000,0.870
658500,0.107,0.000,0.893
659000,0.148,0.000,0.852
659500,0.070,0.002,0.928
660000,0.082,0.000,0.918
660500,0.127,0.000,0.873
661000,0.138,0.000,0.862
661500,0.171,0.000,0.829
662000,0.211,0.000,0.789
662500,0.203,0.000,0.797
663000,0.158,0.000,0.842
663500,0.155,0.000,0.845
664000,0.189,0.000,0.811
664500,0.134,0.000,0.866
665000,0.119,0.000,0.881
665500,0.115,0.000,0.885
666000,0.035,0.017,0.948
666500,0.148,0.000,0.852
667000,0.219,0.000,0.781
667500,0.234,0.000,0.766
668000,0.186,0.000,0.814
668500,0.146,0.000,0.854
669000,0.158,0.000,0.842
669500,0.099,0.004,0.897
670000,0.162,0.000,0.838
670500,0.108,0.000,0.892
671000,0.105,0.000,0.895
671500,0.095,0.000,0.905
672000,0.104,0.000,0.896
672500,0.173,0.000,0.827
673000,0.235,0.000,0.765
673500,0.128,0.000,0.872
674000,0.141,0.000,0.859
674500,0.070,0.000,0.930
675000,0.118,0.000,0.882
675500,0.111,0.000,0.889
676000,0.109,0.000,0.891
676500,0.079,0.020,0.901
677000,0.098,0.003,0.899
677500,0.106,0.013,0.881
678000,0.194,0.000,0.806
678500,0.151,0.000,0.849
679000,0.165,0.000,0.835
679500,0.127,0.000,0.873
680000,0.189,0.000,0.811
680500,0.202,0.000,0.798
681000,0.208,0.000,0.792
681500,0.117,0.000,0.883
682000,0.132,0.000,0.868
682500,0.049,0.033,0.918
683000,0.148,0.000,0.852
683500,0.086,0.000,0.914
684000,0.087,0.000,0.913
684500,0.141,0.000,0.859
685000,0.197,0.000,0.803
685500,0.156,0.000,0.844
686000,0.169,0.000,0.831
686500,0.093,0.000,0.907
687000,0.131,0.000,0.869
687500,0.165,0.000,0.835
688000,0.202,0.000,0.798
688500,0.224,0.000,0.776
689000,0.204,0.000,0.796
689500,0.109,0.000,0.891
690000,0.170,0.000,0.830
690500,0.199,0.000,0.801
691000,0.156,0.000,0.844
691500,0.099,0.000,0.901
692000,0.249,0.000,0.751
692500,0.243,0.000,0.757
693000,0.212,0.000,0.788
693500,0.090,0.001,0.909
694000,0.165,0.000,0.835
694500,0.241,0.000,0.759
695000,0.211,0.000,0.789
695500,0.219,0.000,0.781
696000,0.124,0.000,0.876
696500,0.091,0.000,0.909
697000,0.170,0.000,0.830
697500,0.124,0.000,0.876
698000,0.119,0.000,0.881
698500,0.115,0.000,0.885
699000,0.095,0.003,0.902
699500,0.039,0.075,0.886
700000,0.136,0.000,0.864
700500,0.178,0.000,0.822
701000,0.089,0.002,0.909
701500,0.144,0.000,0.856
702000,0.083,0.000,0.917
702500,0.120,0.000,0.880
703000,0.141,0.000,0.859
703500,0.211,0.000,0.789
704000,0.145,0.000,0.855
704500,0.249,0.000,0.751
705000,0.148,0.000,0.852
705500,0.129,0.000,0.871
706000,0.112,0.000,0.888
706500,0.094,0.000,0.906
707000,0.184,0.000,0.816
707500,0.140,0.002,0.858
708000,0.183,0.000,0.817
708500,0.132,0.000,0.868
709000,0.178,0.000,0.822
709500,0.204,0.000,0.796
710000,0.066,0.000,0.934
710500,0.103,0.000,0.897
711000,0.145,0.000,0.855
711500,0.185,0.005,0.810
712000,0.130,0.000,0.870
712500,0.132,0.000,0.868
713000,0.086,0.000,0.914
713500,0.032,0.031,0.937
714000,0.225,0.003,0.772
714500,0.147,0.000,0.853
715000,0.200,0.000,0.800
715500,0.240,0.000,0.760
716000,0.214,0.000,0.786
716500,0.165,0.000,0.835
717000,0.187,0.000,0.813
717500,0.210,0.000,0.790
718000,0.089,0.000,0.911
718500,0.141,0.000,0.859
719000,0.149,0.000,0.851
719500,0.245,0.000,0.755
720000,0.244,0.000,0.756
720500,0.154,0.000,0.846
721000,0.194,0.000,0.806
721500,0.116,0.000,0.884
722000,0.162,0.000,0.838
722500,0.087,0.000,0.913
723000,0.161,0.000,0.839
723500,0.047,0.024,0.929
724000,0.138,0.000,0.862
724500,0.079,0.000,0.921
725000,0.122,0.000,0.878
725500,0.152,0.000,0.848
726000,0.098,0.000,0.902
726500,0.165,0.002,0.833
727000,0.133,0.000,0.867
727500,0.188,0.000,0.812
728000,0.128,0.000,0.872
728500,0.183,0.000,0.817
729000,0.201,0.000,0.799
729500,0.141,0.000,0.859
730000,0.207,0.000,0.793
730500,0.133,0.000,0.867
731000,0.063,0.010,0.927
731500,0.047,0.001,0.952
732000,0.209,0.000,0.791
732500,0.129,0.000,0.871
733000,0.106,0.000,0.894
733500,0.123,0.000,0.877
734000,0.155,0.000,0.845
734500,0.060,0.000,0.940
735000,0.112,0.000,0.888
735500,0.115,0.000,0.885
736000,0.115,0.000,0.885
736500,0.090,0.000,0.910
737000,0.106,0.000,0.894
737500,0.084,0.037,0.879
738000,0.117,0.005,0.878
738500,0.183,0.000,0.817
739000,0.169,0.000,0.831
739500,0.096,0.000,0.904
740000,0.228,0.000,0.772
740500,0.207,0.000,0.793
741000,0.165,0.000,0.835
741500,0.102,0.000,0.898
742000,0.179,0.000,0.821
742500,0.171,0.000,0.829
743000,0.141,0.000,0.859
743500,0.214,0.000,0.786
744000,0.292,0.000,0.708
744500,0.126,0.000,0.874
745000,0.166,0.000,0.834
745500,0.097,0.000,0.903
746000,0.175,0.002,0.823
746500,0.058,0.000,0.942
747000,0.101,0.009,0.890
747500,0.102,0.001,0.897
748000,0.141,0.000,0.859
748500,0.082,0.000,0.918
749000,0.171,0.000,0.829
749500,0.194,0.000,0.806
750000,0.174,0.000,0.826
750500,0.118,0.000,0.882
751000,0.212,0.000,0.788
751500,0.185,0.000,0.815
752000,0.185,0.001,0.814
752500,0.180,0.000,0.820
753000,0.211,0.000,0.789
753500,0.225,0.000,0.775
754000,0.110,0.000,0.890
754500,0.106,0.000,0.894
755000,0.134,0.000,0.866
755500,0.103,0.000,0.897
756000,0.080,0.000,0.920
756500,0.108,0.000,0.892
757000,0.142,0.000,0.858
757500,0.065,0.000,0.935
758000,0.097,0.000,0.903
758500,0.123,0.000,0.877
759000,0.248,0.000,0.752
759500,0.205,0.000,0.795
760000,0.210,0.000,0.790
760500,0.152,0.000,0.848
761000,0.154,0.000,0.846
761500,0.152,0.000,0.848
762000,0.287,0.000,0.713
762500,0.126,0.000,0.874
763000,0.106,0.001,0.893
763500,0.148,0.000,0.852
764000,0.075,0.000,0.925
764500,0.084,0.000,0.916
765000,0.119,0.000,0.881
765500,0.067,0.000,0.933
766000,0.059,0.000,0.941
766500,0.207,0.000,0.793
767000,0.201,0.000,0.799
767500,0.199,0.000,0.801
768000,0.066,0.000,0.934
768500,0.165,0.000,0.835
769000,0.118,0.000,0.882
769500,0.185,0.000,0.815
770000,0.134,0.000,0.866
770500,0.045,0.001,0.954
771000,0.095,0.000,0.905
771500,0.135,0.000,0.865
772000,0.191,0.000,0.809
772500,0.249,0.000,0.751
773000,0.298,0.000,0.702
773500,0.249,0.000,0.751
774000,0.159,0.000,0.841
774500,0.218,0.000,0.782
775000,0.116,0.000,0.884
775500,0.165,0.000,0.835
776000,0.183,0.000,0.817
776500,0.085,0.000,0.915
777000,0.204,0.000,0.796
777500,0.261,0.000,0.739
778000,0.074,0.000,0.926
778500,0.176,0.000,0.824
779000,0.230,0.000,0.770
779500,0.153,0.000,0.847
780000,0.117,0.000,0.883
780500,0.093,0.000,0.907
781000,0.031,0.020,0.949
781500,0.156,0.000,0.844
782000,0.128,0.000,0.872
782500,0.067,0.000,0.933
783000,0.044,0.032,0.924
783500,0.205,0.000,0.795
784000,0.139,0.000,0.861
784500,0.145,0.000,0.855
785000,0.151,0.000,0.849
785500,0.154,0.000,0.846
786000,0.290,0.000,0.710
786500,0.230,0.000,0.770
787000,0.126,0.000,0.874
787500,0.140,0.002,0.858
788000,0.140,0.000,0.860
788500,0.112,0.000,0.888
789000,0.048,0.000,0.952
789500,0.108,0.000,0.892
790000,0.194,0.000,0.806
790500,0.193,0.000,0.807
791000,0.057,0.011,0.932
791500,0.181,0.000,0.819
792000,0.146,0.000,0.854
792500,0.186,0.000,0.814
793000,0.173,0.000,0.827
793500,0.194,0.000,0.806
794000,0.116,0.000,0.884
794500,0.118,0.000,0.882
795000,0.113,0.000,0.887
795500,0.162,0.000,0.838
796000,0.213,0.000,0.787
796500,0.240,0.000,0.760
797000,0.069,0.020,0.911
797500,0.047,0.000,0.953
798000,0.072,0.000,0.928
798500,0.098,0.006,0.896
799000,0.164,0.000,0.836
799500,0.135,0.000,0.865
800000,0.219,0.000,0.781
800500,0.095,0.000,0.905
801000,0.066,0.049,0.885
801500,0.248,0.000,0.752
802000,0.159,0.000,0.841
802500,0.135,0.000,0.865
803000,0.093,0.000,0.907
803500,0.117,0.000,0.883
804000,0.192,0.000,0.808
804500,0.123,0.000,0.877
805000,0.150,0.000,0.850
805500,0.104,0.000,0.896
806000,0.082,0.000,0.918
806500,0.137,0.000,0.863
807000,0.110,0.000,0.890
807500,0.131,0.000,0.869
808000,0.143,0.000,0.857
808500,0.047,0.022,0.931
809000,0.187,0.000,0.813
809500,0.186,0.000,0.814
810000,0.168,0.000,0.832
810500,0.140,0.000,0.860
811000,0.184,0.000,0.816
811500,0.143,0.000,0.857
812000,0.206,0.000,0.794
812500,0.242,0.000,0.758
813000,0.210,0.000,0.790
813500,0.114,0.002,0.884
814000,0.089,0.014,0.897
814500,0.225,0.000,0.775
815000,0.122,0.000,0.878
815500,0.182,0.000,0.818
816000,0.119,0.000,0.881
816500,0.035,0.015,0.950
817000,0.141,0.000,0.859
817500,0.120,0.000,0.880
818000,0.164,0.000,0.836
818500,0.260,0.000,0.740
819000,0.118,0.000,0.882
819500,0.114,0.000,0.886
820000,0.141,0.000,0.859
820500,0.130,0.000,0.870
821000,0.194,0.000,0.806
821500,0.134,0.000,0.866
822000,0.140,0.000,0.860
822500,0.085,0.000,0.915
823000,0.076,0.022,0.902
823500,0.156,0.000,0.844
824000,0.150,0.000,0.850
824500,0.154,0.000,0.846
825000,0.185,0.000,0.815
825500,0.243,0.000,0.757
826000,0.189,0.000,0.811
826500,0.179,0.000,0.821
827000,0.209,0.000,0.791
827500,0.080,0.000,0.920
828000,0.206,0.000,0.794
828500,0.169,0.000,0.831
829000,0.073,0.009,0.918
829500,0.241,0.000,0.759
830000,0.093,0.000,0.907
830500,0.042,0.014,0.944
831000,0.030,0.051,0.919
831500,0.123,0.000,0.877
832000,0.150,0.000,0.850
832500,0.227,0.000,0.773
833000,0.135,0.000,0.865
833500,0.149,0.000,0.851
834000,0.103,0.000,0.897
834500,0.111,0.000,0.889
835000,0.140,0.000,0.860
835500,0.112,0.000,0.888
836000,0.151,0.000,0.849
836500,0.070,0.000,0.930
837000,0.250,0.000,0.750
837500,0.128,0.000,0.872
838000,0.155,0.000,0.845
838500,0.125,0.000,0.875
839000,0.144,0.000,0.856
839500,0.036,0.017,0.947
840000,0.195,0.000,0.805
840500,0.181,0.000,0.819
841000,0.097,0.000,0.903
841500,0.214,0.000,0.786
842000,0.247,0.000,0.753
842500,0.071,0.067,0.862
843000,0.157,0.000,0.843
843500,0.183,0.000,0.817
844000,0.113,0.000,0.887
844500,0.113,0.000,0.887
845000,0.110,0.000,0.890
845500,0.089,0.007,0.904
846000,0.152,0.000,0.848
846500,0.125,0.000,0.875
847000,0.196,0.000,0.804
847500,0.054,0.000,0.946
848000,0.142,0.000,0.858
848500,0.170,0.000,0.830
849000,0.184,0.000,0.816
849500,0.184,0.000,0.816
850000,0.127,0.000,0.873
850500,0.136,0.000,0.864
851000,0.125,0.000,0.875
851500,0.151,0.000,0.849
852000,0.181,0.000,0.819
852500,0.098,0.001,0.901
853000,0.116,0.000,0.884
853500,0.177,0.000,0.823
854000,0.141,0.000,0.859
854500,0.143,0.000,0.857
855000,0.174,0.000,0.826
855500,0.160,0.000,0.840
856000,0.090,0.000,0.910
856500,0.116,0.006,0.878
857000,0.222,0.000,0.778
857500,0.214,0.000,0.786
858000,0.121,0.000,0.879
858500,0.203,0.000,0.797
859000,0.151,0.000,0.849
859500,0.146,0.000,0.854
860000,0.104,0.003,0.893
860500,0.173,0.000,0.827
861000,0.115,0.000,0.885
861500,0.106,0.000,0.894
862000,0.180,0.000,0.820
862500,0.130,0.012,0.858
863000,0.114,0.000,0.886
863500,0.153,0.000,0.847
864000,0.256,0.000,0.744
864500,0.146,0.000,0.854
865000,0.227,0.000,0.773
865500,0.149,0.000,0.851
866000,0.161,0.000,0.839
866500,0.144,0.000,0.856
867000,0.120,0.000,0.880
867500,0.132,0.000,0.868
868000,0.084,0.000,0.916
868500,0.113,0.000,0.887
869000,0.082,0.000,0.918
869500,0.085,0.000,0.915
870000,0.273,0.000,0.727
870500,0.157,0.000,0.843
871000,0.087,0.000,0.913
871500,0.139,0.000,0.861
872000,0.238,0.000,0.762
872500,0.163,0.000,0.837
873000,0.168,0.000,0.832
873500,0.152,0.000,0.848
874000,0.218,0.000,0.782
874500,0.117,0.000,0.883
875000,0.166,0.000,0.834
875500,0.149,0.000,0.851
876000,0.062,0.000,0.938
876500,0.198,0.000,0.802
877000,0.152,0.000,0.848
877500,0.162,0.000,0.838
878000,0.100,0.002,0.898
878500,0.123,0.000,0.877
879000,0.113,0.000,0.887
879500,0.243,0.000,0.757
880000,0.110,0.000,0.890
880500,0.229,0.000,0.771
881000,0.175,0.000,0.825
881500,0.175,0.000,0.825
882000,0.260,0.000,0.740
882500,0.081,0.000,0.919
883000,0.129,0.000,0.871
883500,0.154,0.000,0.846
884000,0.097,0.045,0.858
884500,0.168,0.000,0.832
885000,0.190,0.000,0.810
885500,0.233,0.000,0.767
886000,0.172,0.000,0.828
886500,0.079,0.000,0.921
887000,0.116,0.000,0.884
887500,0.187,0.000,0.813
888000,0.140,0.000,0.860
888500,0.158,0.000,0.842
889000,0.098,0.000,0.902
889500,0.135,0.000,0.865
890000,0.130,0.000,0.870
890500,0.103,0.000,0.897
891000,0.206,0.000,0.794
891500,0.226,0.000,0.774
892000,0.179,0.000,0.821
892500,0.259,0.000,0.741
893000,0.122,0.005,0.873
893500,0.084,0.000,0.916
894000,0.143,0.000,0.857
894500,0.253,0.000,0.747
895000,0.076,0.001,0.923
895500,0.250,0.000,0.750
896000,0.127,0.000,0.873
896500,0.139,0.000,0.861
897000,0.127,0.000,0.873
897500,0.206,0.000,0.794
898000,0.148,0.000,0.852
898500,0.142,0.000,0.858
899000,0.169,0.000,0.831
899500,0.190,0.000,0.810
900000,0.114,0.034,0.852
900500,0.117,0.000,0.883
901000,0.131,0.000,0.869
901500,0.213,0.000,0.787
902000,0.056,0.012,0.932
902500,0.128,0.000,0.872
903000,0.158,0.000,0.842
903500,0.103,0.000,0.897
904000,0.134,0.000,0.866
904500,0.072,0.031,0.897
905000,0.193,0.000,0.807
905500,0.051,0.025,0.924
906000,0.174,0.000,0.826
906500,0.277,0.000,0.723
907000,0.202,0.000,0.798
907500,0.134,0.000,0.866
908000,0.113,0.000,0.887
908500,0.061,0.000,0.939
909000,0.135,0.000,0.865
909500,0.155,0.000,0.845
910000,0.085,0.000,0.915
910500,0.111,0.000,0.889
911000,0.245,0.000,0.755
911500,0.061,0.013,0.926
912000,0.113,0.000,0.887
912500,0.136,0.000,0.864
913000,0.140,0.000,0.860
913500,0.109,0.000,0.891
914000,0.241,0.000,0.759
914500,0.165,0.003,0.832
915000,0.107,0.000,0.893
915500,0.122,0.000,0.878
916000,0.155,0.000,0.845
916500,0.152,0.000,0.848
917000,0.113,0.000,0.887
917500,0.118,0.000,0.882
918000,0.196,0.000,0.804
918500,0.092,0.000,0.908
919000,0.140,0.000,0.860
919500,0.108,0.000,0.892
920000,0.252,0.000,0.748
920500,0.086,0.000,0.914
921000,0.131,0.000,0.869
921500,0.135,0.000,0.865
922000,0.115,0.000,0.885
922500,0.129,0.000,0.871
923000,0.215,0.000,0.785
923500,0.192,0.000,0.808
924000,0.157,0.000,0.843
924500,0.152,0.000,0.848
925000,0.271,0.000,0.729
925500,0.267,0.000,0.733
926000,0.110,0.000,0.890
926500,0.071,0.000,0.929
927000,0.128,0.000,0.872
927500,0.146,0.001,0.853
928000,0.089,0.048,0.863
928500,0.120,0.000,0.880
929000,0.123,0.001,0.876
929500,0.123,0.000,0.877
930000,0.158,0.000,0.842
930500,0.100,0.000,0.900
931000,0.121,0.000,0.879
931500,0.140,0.000,0.860
932000,0.166,0.000,0.834
932500,0.104,0.000,0.896
933000,0.183,0.000,0.817
933500,0.130,0.000,0.870
934000,0.237,0.000,0.763
934500,0.173,0.000,0.827
935000,0.122,0.000,0.878
935500,0.146,0.000,0.854
936000,0.176,0.000,0.824
936500,0.202,0.000,0.798
937000,0.223,0.000,0.777
937500,0.075,0.000,0.925
938000,0.187,0.000,0.813
938500,0.220,0.000,0.780
939000,0.109,0.001,0.890
939500,0.141,0.000,0.859
940000,0.168,0.000,0.832
940500,0.106,0.000,0.894
941000,0.109,0.000,0.891
941500,0.254,0.000,0.746
942000,0.178,0.000,0.822
942500,0.121,0.000,0.879
943000,0.152,0.000,0.848
943500,0.093,0.000,0.907
944000,0.088,0.000,0.912
944500,0.190,0.000,0.810
945000,0.135,0.000,0.865
945500,0.128,0.000,0.872
946000,0.087,0.000,0.913
946500,0.188,0.000,0.812
947000,0.150,0.000,0.850
947500,0.157,0.000,0.843
948000,0.055,0.027,0.918
948500,0.179,0.000,0.821
949000,0.135,0.000,0.865
949500,0.190,0.000,0.810
950000,0.188,0.000,0.812
950500,0.125,0.000,0.875
951000,0.134,0.000,0.866
951500,0.061,0.000,0.939
952000,0.155,0.000,0.845
952500,0.239,0.000,0.761
953000,0.130,0.000,0.870
953500,0.145,0.000,0.855
954000,0.107,0.000,0.893
954500,0.209,0.000,0.791
955000,0.152,0.002,0.846
955500,0.163,0.000,0.837
956000,0.204,0.000,0.796
956500,0.222,0.000,0.778
957000,0.151,0.000,0.849
957500,0.110,0.000,0.890
958000,0.204,0.000,0.796
958500,0.096,0.000,0.904
959000,0.092,0.030,0.878
959500,0.195,0.000,0.805
960000,0.142,0.000,0.858
960500,0.188,0.000,0.812
961000,0.291,0.000,0.709
961500,0.168,0.000,0.832
962000,0.130,0.000,0.870
962500,0.145,0.000,0.855
963000,0.224,0.000,0.776
963500,0.085,0.000,0.915
964000,0.247,0.000,0.753
964500,0.101,0.003,0.896
965000,0.083,0.000,0.917
965500,0.212,0.000,0.788
966000,0.160,0.000,0.840
966500,0.185,0.000,0.815
967000,0.111,0.000,0.889
967500,0.132,0.000,0.868
968000,0.084,0.000,0.916
968500,0.157,0.000,0.843
969000,0.130,0.002,0.868
969500,0.137,0.000,0.863
970000,0.140,0.000,0.860
970500,0.084,0.000,0.916
971000,0.183,0.000,0.817
971500,0.182,0.000,0.818
972000,0.195,0.000,0.805
972500,0.123,0.000,0.877
973000,0.085,0.000,0.915
973500,0.130,0.000,0.870
974000,0.120,0.000,0.880
974500,0.124,0.000,0.876
975000,0.154,0.000,0.846
975500,0.105,0.028,0.867
976000,0.040,0.009,0.951
976500,0.119,0.000,0.881
977000,0.119,0.000,0.881
977500,0.165,0.000,0.835
978000,0.235,0.000,0.765
978500,0.177,0.000,0.823
979000,0.172,0.000,0.828
979500,0.098,0.000,0.902
980000,0.170,0.000,0.830
980500,0.190,0.000,0.810
981000,0.074,0.016,0.910
981500,0.185,0.000,0.815
982000,0.060,0.000,0.940
982500,0.097,0.000,0.903
983000,0.146,0.000,0.854
983500,0.137,0.000,0.863
984000,0.118,0.000,0.882
984500,0.086,0.000,0.914
985000,0.163,0.000,0.837
985500,0.067,0.000,0.933
986000,0.156,0.000,0.844
986500,0.107,0.013,0.880
987000,0.199,0.000,0.801
987500,0.238,0.000,0.762
988000,0.181,0.000,0.819
988500,0.123,0.000,0.877
989000,0.202,0.000,0.798
989500,0.207,0.000,0.793
990000,0.190,0.000,0.810
990500,0.129,0.000,0.871
991000,0.190,0.000,0.810
991500,0.196,0.000,0.804
992000,0.204,0.000,0.796
992500,0.188,0.000,0.812
993000,0.136,0.000,0.864
993500,0.161,0.000,0.839
994000,0.070,0.078,0.852
994500,0.135,0.003,0.862
995000,0.215,0.000,0.785
995500,0.160,0.000,0.840
996000,0.078,0.000,0.922
996500,0.179,0.000,0.821
997000,0.106,0.000,0.894
997500,0.187,0.000,0.813
998000,0.108,0.000,0.892
998500,0.141,0.000,0.859
999000,0.109,0.026,0.865
999500,0.116,0.000,0.884
1000000,0.058,0.000,0.942
