time,n_A+p,n_B,n_AB
500,0.010,0.988,0.002
1000,0.010,0.986,0.004
1500,0.010,0.981,0.009
2000,0.010,0.979,0.011
2500,0.010,0.973,0.017
3000,0.010,0.970,0.020
3500,0.010,0.966,0.024
4000,0.010,0.962,0.028
4500,0.010,0.957,0.033
5000,0.010,0.953,0.037
5500,0.010,0.946,0.044
6000,0.010,0.942,0.048
6500,0.010,0.934,0.056
7000,0.010,0.927,0.062
7500,0.010,0.919,0.071
8000,0.010,0.908,0.082
8500,0.010,0.902,0.088
9000,0.010,0.889,0.101
9500,0.010,0.880,0.110
10000,0.010,0.860,0.130
10500,0.010,0.846,0.144
11000,0.011,0.826,0.163
11500,0.011,0.817,0.172
12000,0.011,0.799,0.190
12500,0.010,0.780,0.210
13000,0.010,0.758,0.232
13500,0.011,0.744,0.245
14000,0.011,0.718,0.271
14500,0.011,0.690,0.299
15000,0.015,0.662,0.324
15500,0.013,0.633,0.354
16000,0.013,0.614,0.373
16500,0.017,0.577,0.407
17000,0.016,0.551,0.432
17500,0.018,0.524,0.458
18000,0.017,0.500,0.484
18500,0.017,0.478,0.505
19000,0.017,0.455,0.528
19500,0.021,0.429,0.550
20000,0.025,0.400,0.576
20500,0.023,0.385,0.593
21000,0.028,0.363,0.610
21500,0.029,0.340,0.631
22000,0.034,0.323,0.644
22500,0.040,0.299,0.660
23000,0.042,0.284,0.673
23500,0.043,0.274,0.683
24000,0.044,0.255,0.701
24500,0.046,0.239,0.714
25000,0.043,0.230,0.728
25500,0.046,0.219,0.735
26000,0.049,0.203,0.748
26500,0.050,0.188,0.762
27000,0.052,0.176,0.771
27500,0.056,0.159,0.785
28000,0.059,0.155,0.786
28500,0.065,0.143,0.792
29000,0.067,0.140,0.793
29500,0.067,0.139,0.794
30000,0.064,0.135,0.801
30500,0.067,0.130,0.804
31000,0.070,0.117,0.812
31500,0.072,0.118,0.809
32000,0.080,0.117,0.802
32500,0.078,0.117,0.804
33000,0.086,0.119,0.794
33500,0.092,0.111,0.797
34000,0.091,0.104,0.805
34500,0.083,0.104,0.814
35000,0.087,0.095,0.818
35500,0.092,0.100,0.808
36000,0.085,0.095,0.820
36500,0.082,0.090,0.828
37000,0.078,0.091,0.831
37500,0.074,0.096,0.830
38000,0.077,0.093,0.830
38500,0.077,0.095,0.828
39000,0.077,0.102,0.821
39500,0.083,0.100,0.818
40000,0.082,0.108,0.809
40500,0.087,0.104,0.808
41000,0.086,0.104,0.809
41500,0.085,0.100,0.816
42000,0.085,0.092,0.823
42500,0.079,0.086,0.836
43000,0.082,0.082,0.836
43500,0.081,0.081,0.839
44000,0.081,0.081,0.839
44500,0.085,0.073,0.842
45000,0.082,0.072,0.846
45500,0.074,0.078,0.848
46000,0.076,0.074,0.850
46500,0.079,0.077,0.844
47000,0.082,0.075,0.844
47500,0.084,0.076,0.840
48000,0.081,0.073,0.846
48500,0.080,0.070,0.851
49000,0.085,0.071,0.844
49500,0.086,0.077,0.838
50000,0.086,0.080,0.834
50500,0.091,0.081,0.828
51000,0.097,0.088,0.815
51500,0.092,0.087,0.821
52000,0.093,0.091,0.816
52500,0.092,0.087,0.820
53000,0.094,0.088,0.818
53500,0.096,0.085,0.820
54000,0.097,0.084,0.819
54500,0.098,0.080,0.823
55000,0.095,0.086,0.820
55500,0.094,0.083,0.824
56000,0.097,0.085,0.819
56500,0.100,0.087,0.812
57000,0.093,0.089,0.818
57500,0.085,0.091,0.824
58000,0.085,0.084,0.832
58500,0.088,0.084,0.828
59000,0.085,0.088,0.827
59500,0.090,0.092,0.818
60000,0.088,0.089,0.823
60500,0.089,0.088,0.823
61000,0.097,0.087,0.816
61500,0.101,0.083,0.816
62000,0.100,0.076,0.824
62500,0.095,0.070,0.835
63000,0.098,0.066,0.837
63500,0.096,0.068,0.837
64000,0.102,0.067,0.832
64500,0.099,0.069,0.833
65000,0.101,0.072,0.827
65500,0.099,0.074,0.827
66000,0.100,0.075,0.826
66500,0.096,0.072,0.833
67000,0.092,0.075,0.832
67500,0.095,0.077,0.829
68000,0.088,0.076,0.836
68500,0.087,0.072,0.841
69000,0.093,0.074,0.833
69500,0.101,0.071,0.828
70000,0.108,0.072,0.820
70500,0.107,0.077,0.815
71000,0.102,0.081,0.818
71500,0.103,0.082,0.816
72000,0.105,0.085,0.810
72500,0.105,0.090,0.804
73000,0.103,0.088,0.808
73500,0.098,0.088,0.814
74000,0.096,0.082,0.823
74500,0.095,0.076,0.829
75000,0.091,0.073,0.835
75500,0.090,0.073,0.837
76000,0.084,0.073,0.844
76500,0.085,0.073,0.843
77000,0.086,0.075,0.838
77500,0.088,0.082,0.831
78000,0.090,0.077,0.833
78500,0.090,0.080,0.831
79000,0.087,0.077,0.836
79500,0.085,0.075,0.840
80000,0.089,0.074,0.837
80500,0.090,0.075,0.835
81000,0.090,0.074,0.836
81500,0.084,0.072,0.844
82000,0.087,0.075,0.838
82500,0.085,0.074,0.842
83000,0.079,0.072,0.849
83500,0.086,0.076,0.838
84000,0.087,0.075,0.838
84500,0.088,0.069,0.843
85000,0.089,0.070,0.841
85500,0.090,0.071,0.839
86000,0.086,0.072,0.842
86500,0.084,0.081,0.836
87000,0.082,0.082,0.837
87500,0.080,0.079,0.842
88000,0.084,0.080,0.837
88500,0.081,0.082,0.838
89000,0.084,0.081,0.836
89500,0.084,0.087,0.830
90000,0.086,0.086,0.828
90500,0.091,0.088,0.820
91000,0.091,0.082,0.827
91500,0.089,0.083,0.828
92000,0.087,0.086,0.826
92500,0.087,0.091,0.822
93000,0.084,0.091,0.825
93500,0.087,0.089,0.824
94000,0.084,0.084,0.833
94500,0.079,0.082,0.840
95000,0.077,0.079,0.844
95500,0.081,0.083,0.837
96000,0.082,0.084,0.835
96500,0.076,0.094,0.830
97000,0.081,0.090,0.829
97500,0.081,0.091,0.829
98000,0.076,0.087,0.837
98500,0.072,0.085,0.843
99000,0.080,0.084,0.837
99500,0.082,0.087,0.831
100000,0.080,0.091,0.829
100500,0.071,0.085,0.844
101000,0.072,0.083,0.845
101500,0.077,0.086,0.837
102000,0.085,0.085,0.831
102500,0.085,0.082,0.834
103000,0.085,0.079,0.837
103500,0.084,0.075,0.842
104000,0.083,0.073,0.844
104500,0.085,0.080,0.836
105000,0.086,0.082,0.832
105500,0.096,0.080,0.825
106000,0.095,0.079,0.827
106500,0.089,0.078,0.833
107000,0.091,0.076,0.833
107500,0.089,0.073,0.838
108000,0.090,0.074,0.836
108500,0.092,0.072,0.835
109000,0.089,0.076,0.834
109500,0.097,0.071,0.832
110000,0.092,0.069,0.839
110500,0.092,0.065,0.844
111000,0.097,0.072,0.831
111500,0.095,0.067,0.838
112000,0.092,0.072,0.836
112500,0.094,0.077,0.829
113000,0.100,0.080,0.821
113500,0.097,0.076,0.827
114000,0.099,0.069,0.832
114500,0.097,0.069,0.834
115000,0.096,0.072,0.833
115500,0.096,0.070,0.834
116000,0.097,0.070,0.834
116500,0.095,0.072,0.833
117000,0.092,0.071,0.837
117500,0.092,0.071,0.837
118000,0.087,0.066,0.847
118500,0.094,0.066,0.840
119000,0.088,0.071,0.841
119500,0.089,0.069,0.842
120000,0.090,0.068,0.841
120500,0.093,0.071,0.836
121000,0.095,0.071,0.834
121500,0.098,0.073,0.829
122000,0.102,0.073,0.824
122500,0.096,0.079,0.826
123000,0.097,0.075,0.828
123500,0.091,0.072,0.837
124000,0.090,0.073,0.837
124500,0.093,0.069,0.838
125000,0.098,0.067,0.836
125500,0.102,0.066,0.832
126000,0.102,0.062,0.836
126500,0.101,0.062,0.837
127000,0.099,0.058,0.843
127500,0.097,0.057,0.846
128000,0.095,0.059,0.846
128500,0.093,0.068,0.839
129000,0.095,0.072,0.834
129500,0.086,0.071,0.842
130000,0.073,0.070,0.857
130500,0.079,0.075,0.847
131000,0.080,0.073,0.847
131500,0.082,0.078,0.840
132000,0.084,0.081,0.836
132500,0.093,0.081,0.827
133000,0.093,0.086,0.821
133500,0.092,0.086,0.822
134000,0.083,0.088,0.829
134500,0.076,0.088,0.836
135000,0.086,0.091,0.823
135500,0.081,0.092,0.828
136000,0.084,0.085,0.832
136500,0.085,0.081,0.835
137000,0.074,0.082,0.844
137500,0.079,0.076,0.845
138000,0.077,0.079,0.844
138500,0.084,0.084,0.833
139000,0.088,0.080,0.832
139500,0.095,0.083,0.823
140000,0.089,0.087,0.824
140500,0.087,0.091,0.821
141000,0.087,0.092,0.821
141500,0.079,0.083,0.838
142000,0.085,0.081,0.835
142500,0.086,0.086,0.828
143000,0.079,0.079,0.842
143500,0.075,0.075,0.849
144000,0.073,0.074,0.853
144500,0.077,0.072,0.851
145000,0.070,0.069,0.861
145500,0.069,0.067,0.864
146000,0.070,0.063,0.867
146500,0.075,0.065,0.860
147000,0.077,0.065,0.859
147500,0.079,0.065,0.856
148000,0.080,0.069,0.851
148500,0.077,0.072,0.851
149000,0.082,0.076,0.843
149500,0.082,0.077,0.841
150000,0.076,0.081,0.843
150500,0.083,0.076,0.841
151000,0.088,0.076,0.836
151500,0.086,0.082,0.832
152000,0.089,0.079,0.833
152500,0.092,0.086,0.821
153000,0.092,0.088,0.820
153500,0.095,0.095,0.810
154000,0.093,0.090,0.817
154500,0.099,0.088,0.814
155000,0.098,0.087,0.815
155500,0.094,0.092,0.814
156000,0.097,0.099,0.804
156500,0.101,0.098,0.801
157000,0.099,0.091,0.809
157500,0.098,0.097,0.805
158000,0.101,0.099,0.800
158500,0.101,0.093,0.805
159000,0.102,0.097,0.801
159500,0.101,0.093,0.806
160000,0.100,0.088,0.812
160500,0.096,0.085,0.820
161000,0.092,0.086,0.822
161500,0.096,0.083,0.822
162000,0.095,0.081,0.824
162500,0.099,0.081,0.820
163000,0.098,0.083,0.819
163500,0.103,0.092,0.805
164000,0.106,0.089,0.804
164500,0.102,0.087,0.810
165000,0.100,0.081,0.820
165500,0.096,0.076,0.828
166000,0.093,0.084,0.824
166500,0.093,0.082,0.825
167000,0.095,0.084,0.822
167500,0.101,0.081,0.819
168000,0.095,0.082,0.824
168500,0.093,0.074,0.832
169000,0.093,0.069,0.837
169500,0.098,0.070,0.832
170000,0.097,0.075,0.828
170500,0.099,0.074,0.827
171000,0.101,0.071,0.828
171500,0.094,0.075,0.831
172000,0.097,0.086,0.818
172500,0.104,0.085,0.811
173000,0.108,0.088,0.803
173500,0.106,0.081,0.814
174000,0.107,0.087,0.805
174500,0.105,0.090,0.805
175000,0.100,0.087,0.813
175500,0.104,0.087,0.808
176000,0.106,0.085,0.809
176500,0.102,0.082,0.817
177000,0.104,0.081,0.815
177500,0.102,0.081,0.817
178000,0.101,0.074,0.825
178500,0.099,0.073,0.828
179000,0.092,0.073,0.835
179500,0.093,0.069,0.839
180000,0.095,0.070,0.835
180500,0.093,0.072,0.835
181000,0.097,0.070,0.833
181500,0.098,0.067,0.835
182000,0.095,0.066,0.840
182500,0.100,0.064,0.837
183000,0.103,0.068,0.829
183500,0.102,0.072,0.826
184000,0.099,0.075,0.826
184500,0.098,0.080,0.823
185000,0.099,0.081,0.821
185500,0.099,0.076,0.825
186000,0.099,0.077,0.824
186500,0.097,0.081,0.823
187000,0.099,0.075,0.826
187500,0.101,0.076,0.824
188000,0.097,0.074,0.829
188500,0.093,0.075,0.832
189000,0.090,0.074,0.836
189500,0.092,0.074,0.834
190000,0.094,0.072,0.834
190500,0.086,0.072,0.842
191000,0.082,0.078,0.840
191500,0.080,0.085,0.836
192000,0.084,0.084,0.833
192500,0.086,0.083,0.831
193000,0.087,0.082,0.831
193500,0.090,0.081,0.829
194000,0.088,0.080,0.832
194500,0.084,0.081,0.836
195000,0.083,0.083,0.834
195500,0.088,0.082,0.831
196000,0.089,0.081,0.830
196500,0.089,0.089,0.822
197000,0.087,0.088,0.825
197500,0.091,0.084,0.825
198000,0.089,0.085,0.826
198500,0.091,0.086,0.824
199000,0.091,0.087,0.822
199500,0.089,0.086,0.825
200000,0.089,0.078,0.833
200500,0.086,0.080,0.834
201000,0.086,0.087,0.827
201500,0.086,0.080,0.835
202000,0.091,0.080,0.829
202500,0.099,0.087,0.814
203000,0.102,0.085,0.814
203500,0.102,0.086,0.811
204000,0.101,0.091,0.808
204500,0.096,0.090,0.814
205000,0.098,0.087,0.816
205500,0.099,0.090,0.811
206000,0.096,0.088,0.816
206500,0.090,0.087,0.823
207000,0.087,0.090,0.822
207500,0.084,0.086,0.830
208000,0.081,0.086,0.833
208500,0.081,0.084,0.836
209000,0.077,0.084,0.840
209500,0.081,0.086,0.834
210000,0.081,0.086,0.833
210500,0.084,0.082,0.835
211000,0.085,0.079,0.837
211500,0.093,0.075,0.832
212000,0.093,0.081,0.826
212500,0.094,0.079,0.827
213000,0.087,0.074,0.838
213500,0.083,0.075,0.842
214000,0.081,0.081,0.839
214500,0.075,0.079,0.847
215000,0.076,0.079,0.845
215500,0.075,0.077,0.848
216000,0.075,0.077,0.848
216500,0.073,0.073,0.853
217000,0.077,0.082,0.841
217500,0.074,0.084,0.842
218000,0.074,0.088,0.838
218500,0.077,0.086,0.838
219000,0.076,0.082,0.842
219500,0.077,0.080,0.843
220000,0.088,0.080,0.833
220500,0.088,0.079,0.834
221000,0.090,0.072,0.837
221500,0.091,0.067,0.842
222000,0.089,0.068,0.843
222500,0.091,0.074,0.834
223000,0.093,0.079,0.829
223500,0.087,0.079,0.834
224000,0.092,0.077,0.830
224500,0.092,0.082,0.827
225000,0.093,0.080,0.827
225500,0.098,0.080,0.823
226000,0.101,0.079,0.821
226500,0.105,0.075,0.819
227000,0.106,0.078,0.816
227500,0.108,0.080,0.812
228000,0.104,0.080,0.817
228500,0.102,0.083,0.815
229000,0.105,0.084,0.811
229500,0.105,0.078,0.817
230000,0.101,0.074,0.826
230500,0.104,0.070,0.826
231000,0.100,0.071,0.830
231500,0.104,0.074,0.822
232000,0.102,0.073,0.825
232500,0.106,0.074,0.820
233000,0.103,0.074,0.822
233500,0.112,0.068,0.820
234000,0.113,0.073,0.814
234500,0.116,0.074,0.810
235000,0.107,0.069,0.823
235500,0.105,0.070,0.824
236000,0.106,0.070,0.824
236500,0.103,0.076,0.821
237000,0.107,0.071,0.821
237500,0.105,0.072,0.823
238000,0.104,0.065,0.831
238500,0.110,0.066,0.825
239000,0.106,0.066,0.828
239500,0.107,0.070,0.823
240000,0.106,0.073,0.821
240500,0.106,0.074,0.820
241000,0.105,0.073,0.821
241500,0.100,0.076,0.824
242000,0.095,0.076,0.829
242500,0.096,0.081,0.824
243000,0.095,0.082,0.824
243500,0.092,0.085,0.823
244000,0.088,0.083,0.829
244500,0.095,0.085,0.821
245000,0.097,0.075,0.828
245500,0.098,0.070,0.832
246000,0.091,0.073,0.835
246500,0.096,0.066,0.838
247000,0.098,0.065,0.837
247500,0.101,0.061,0.839
248000,0.095,0.066,0.840
248500,0.092,0.068,0.839
249000,0.093,0.066,0.841
249500,0.092,0.067,0.841
250000,0.092,0.079,0.829
250500,0.099,0.080,0.822
251000,0.102,0.074,0.824
251500,0.101,0.076,0.823
252000,0.101,0.076,0.824
252500,0.099,0.078,0.824
253000,0.096,0.077,0.827
253500,0.102,0.075,0.824
254000,0.097,0.075,0.828
254500,0.095,0.078,0.828
255000,0.095,0.085,0.821
255500,0.102,0.082,0.816
256000,0.102,0.084,0.815
256500,0.103,0.085,0.812
257000,0.103,0.082,0.815
257500,0.101,0.086,0.813
258000,0.102,0.082,0.817
258500,0.096,0.080,0.825
259000,0.096,0.080,0.825
259500,0.092,0.076,0.832
260000,0.095,0.080,0.826
260500,0.090,0.078,0.832
261000,0.085,0.086,0.829
261500,0.087,0.087,0.825
262000,0.087,0.089,0.824
262500,0.089,0.091,0.820
263000,0.092,0.095,0.813
263500,0.093,0.088,0.819
264000,0.090,0.086,0.823
264500,0.093,0.087,0.820
265000,0.086,0.082,0.832
265500,0.089,0.086,0.826
266000,0.088,0.085,0.827
266500,0.083,0.083,0.835
267000,0.081,0.089,0.830
267500,0.080,0.090,0.830
268000,0.079,0.091,0.830
268500,0.084,0.086,0.830
269000,0.082,0.086,0.833
269500,0.081,0.083,0.837
270000,0.085,0.084,0.831
270500,0.083,0.086,0.832
271000,0.087,0.086,0.827
271500,0.086,0.080,0.834
272000,0.087,0.084,0.830
272500,0.084,0.085,0.832
273000,0.083,0.090,0.827
273500,0.083,0.083,0.835
274000,0.086,0.085,0.829
274500,0.082,0.090,0.828
275000,0.077,0.086,0.837
275500,0.080,0.088,0.832
276000,0.077,0.087,0.835
276500,0.083,0.091,0.827
277000,0.082,0.086,0.833
277500,0.082,0.087,0.831
278000,0.082,0.083,0.836
278500,0.087,0.083,0.830
279000,0.089,0.084,0.827
279500,0.086,0.075,0.839
280000,0.083,0.073,0.844
280500,0.088,0.071,0.841
281000,0.083,0.070,0.847
281500,0.086,0.071,0.844
282000,0.085,0.073,0.842
282500,0.085,0.076,0.839
283000,0.086,0.080,0.835
283500,0.081,0.083,0.837
284000,0.080,0.077,0.843
284500,0.085,0.081,0.835
285000,0.084,0.077,0.839
285500,0.088,0.074,0.838
286000,0.097,0.074,0.829
286500,0.096,0.068,0.837
287000,0.096,0.071,0.833
287500,0.095,0.073,0.833
288000,0.101,0.074,0.825
288500,0.101,0.080,0.820
289000,0.097,0.081,0.823
289500,0.093,0.081,0.826
290000,0.095,0.079,0.827
290500,0.097,0.072,0.831
291000,0.097,0.071,0.832
291500,0.093,0.071,0.836
292000,0.094,0.068,0.839
292500,0.092,0.066,0.843
293000,0.095,0.067,0.839
293500,0.096,0.068,0.837
294000,0.095,0.068,0.838
294500,0.099,0.069,0.833
295000,0.101,0.067,0.832
295500,0.103,0.071,0.826
296000,0.104,0.074,0.822
296500,0.112,0.074,0.814
297000,0.117,0.068,0.815
297500,0.115,0.062,0.823
298000,0.112,0.070,0.818
298500,0.115,0.071,0.814
299000,0.113,0.071,0.816
299500,0.107,0.074,0.819
300000,0.105,0.072,0.823
300500,0.104,0.071,0.825
301000,0.098,0.072,0.831
301500,0.101,0.074,0.825
302000,0.104,0.079,0.818
302500,0.104,0.072,0.824
303000,0.102,0.072,0.826
303500,0.099,0.072,0.829
304000,0.093,0.071,0.836
304500,0.102,0.073,0.824
305000,0.109,0.076,0.815
305500,0.111,0.076,0.812
306000,0.105,0.077,0.818
306500,0.101,0.080,0.819
307000,0.099,0.083,0.819
307500,0.104,0.084,0.811
308000,0.104,0.082,0.814
308500,0.103,0.074,0.823
309000,0.102,0.077,0.821
309500,0.102,0.076,0.822
310000,0.107,0.079,0.814
310500,0.106,0.079,0.815
311000,0.106,0.075,0.819
311500,0.108,0.086,0.806
312000,0.110,0.086,0.804
312500,0.100,0.084,0.816
313000,0.101,0.088,0.810
313500,0.102,0.089,0.809
314000,0.102,0.085,0.813
314500,0.096,0.085,0.820
315000,0.094,0.076,0.830
315500,0.091,0.075,0.834
316000,0.089,0.071,0.840
316500,0.086,0.071,0.843
317000,0.090,0.073,0.837
317500,0.091,0.070,0.839
318000,0.094,0.069,0.837
318500,0.098,0.074,0.829
319000,0.095,0.078,0.827
319500,0.092,0.081,0.827
320000,0.086,0.082,0.832
320500,0.088,0.079,0.833
321000,0.091,0.084,0.825
321500,0.091,0.083,0.827
322000,0.100,0.082,0.818
322500,0.095,0.081,0.824
323000,0.100,0.083,0.818
323500,0.105,0.080,0.815
324000,0.101,0.074,0.825
324500,0.098,0.070,0.832
325000,0.096,0.069,0.836
325500,0.092,0.066,0.842
326000,0.091,0.068,0.841
326500,0.087,0.067,0.846
327000,0.093,0.070,0.838
327500,0.095,0.068,0.838
328000,0.098,0.067,0.835
328500,0.098,0.061,0.841
329000,0.101,0.059,0.841
329500,0.105,0.061,0.834
330000,0.099,0.059,0.843
330500,0.097,0.059,0.844
331000,0.092,0.062,0.846
331500,0.099,0.071,0.830
332000,0.100,0.073,0.828
332500,0.102,0.066,0.833
333000,0.105,0.060,0.835
333500,0.099,0.060,0.841
334000,0.099,0.058,0.844
334500,0.102,0.058,0.840
335000,0.100,0.061,0.839
335500,0.095,0.059,0.847
336000,0.099,0.060,0.841
336500,0.098,0.059,0.843
337000,0.098,0.052,0.850
337500,0.095,0.053,0.852
338000,0.094,0.055,0.851
338500,0.102,0.057,0.841
339000,0.107,0.060,0.832
339500,0.111,0.068,0.821
340000,0.110,0.066,0.824
340500,0.107,0.068,0.826
341000,0.106,0.070,0.824
341500,0.102,0.069,0.830
342000,0.099,0.070,0.832
342500,0.103,0.070,0.828
343000,0.106,0.071,0.823
343500,0.108,0.074,0.818
344000,0.108,0.070,0.822
344500,0.102,0.072,0.826
345000,0.096,0.078,0.826
345500,0.093,0.079,0.829
346000,0.093,0.083,0.824
346500,0.095,0.079,0.827
347000,0.098,0.086,0.817
347500,0.100,0.086,0.815
348000,0.099,0.084,0.818
348500,0.098,0.086,0.816
349000,0.102,0.078,0.821
349500,0.099,0.079,0.822
350000,0.102,0.083,0.816
350500,0.097,0.086,0.818
351000,0.096,0.087,0.818
351500,0.095,0.089,0.816
352000,0.092,0.091,0.817
352500,0.088,0.092,0.820
353000,0.085,0.090,0.826
353500,0.086,0.088,0.826
354000,0.084,0.089,0.828
354500,0.086,0.091,0.823
355000,0.090,0.094,0.816
355500,0.085,0.095,0.821
356000,0.082,0.090,0.829
356500,0.088,0.092,0.819
357000,0.093,0.087,0.820
357500,0.089,0.089,0.822
358000,0.085,0.087,0.828
358500,0.086,0.084,0.830
359000,0.085,0.086,0.830
359500,0.086,0.090,0.823
360000,0.080,0.087,0.833
360500,0.081,0.087,0.832
361000,0.075,0.084,0.841
361500,0.078,0.086,0.836
362000,0.083,0.081,0.836
362500,0.089,0.080,0.831
363000,0.087,0.083,0.831
363500,0.089,0.085,0.826
364000,0.089,0.081,0.830
364500,0.090,0.087,0.823
365000,0.093,0.086,0.821
365500,0.086,0.083,0.832
366000,0.086,0.081,0.833
366500,0.085,0.079,0.837
367000,0.086,0.075,0.839
367500,0.082,0.073,0.845
368000,0.082,0.079,0.840
368500,0.083,0.075,0.843
369000,0.087,0.078,0.835
369500,0.082,0.081,0.838
370000,0.081,0.077,0.843
370500,0.079,0.079,0.843
371000,0.081,0.079,0.840
371500,0.079,0.081,0.840
372000,0.077,0.081,0.842
372500,0.074,0.089,0.836
373000,0.084,0.088,0.828
373500,0.084,0.090,0.827
374000,0.087,0.092,0.820
374500,0.084,0.095,0.822
375000,0.085,0.087,0.828
375500,0.081,0.085,0.835
376000,0.081,0.086,0.834
376500,0.081,0.089,0.830
377000,0.081,0.088,0.831
377500,0.080,0.086,0.834
378000,0.084,0.086,0.830
378500,0.084,0.091,0.825
379000,0.084,0.092,0.824
379500,0.082,0.096,0.823
380000,0.084,0.098,0.819
380500,0.082,0.092,0.826
381000,0.089,0.087,0.824
381500,0.086,0.092,0.822
382000,0.087,0.095,0.818
382500,0.093,0.101,0.806
383000,0.096,0.098,0.807
383500,0.092,0.100,0.808
384000,0.090,0.100,0.810
384500,0.089,0.095,0.816
385000,0.085,0.095,0.821
385500,0.084,0.096,0.821
386000,0.082,0.093,0.826
386500,0.079,0.093,0.828
387000,0.085,0.099,0.816
387500,0.087,0.094,0.819
388000,0.091,0.087,0.822
388500,0.087,0.086,0.827
389000,0.085,0.087,0.828
389500,0.083,0.088,0.829
390000,0.083,0.085,0.833
390500,0.075,0.088,0.836
391000,0.077,0.086,0.837
391500,0.080,0.080,0.841
392000,0.084,0.082,0.835
392500,0.084,0.079,0.837
393000,0.090,0.076,0.833
393500,0.087,0.073,0.840
394000,0.088,0.071,0.841
394500,0.087,0.076,0.837
395000,0.087,0.077,0.836
395500,0.087,0.074,0.839
396000,0.085,0.076,0.839
396500,0.089,0.074,0.837
397000,0.091,0.075,0.833
397500,0.086,0.071,0.843
398000,0.087,0.077,0.836
398500,0.084,0.073,0.843
399000,0.091,0.071,0.838
399500,0.088,0.070,0.841
400000,0.090,0.075,0.834
400500,0.095,0.073,0.832
401000,0.098,0.076,0.827
401500,0.099,0.079,0.822
402000,0.093,0.079,0.829
402500,0.095,0.080,0.826
403000,0.100,0.076,0.825
403500,0.099,0.074,0.828
404000,0.098,0.078,0.825
404500,0.093,0.072,0.835
405000,0.095,0.069,0.836
405500,0.102,0.068,0.831
406000,0.092,0.068,0.840
406500,0.090,0.067,0.843
407000,0.089,0.072,0.839
407500,0.087,0.074,0.839
408000,0.086,0.070,0.844
408500,0.090,0.075,0.834
409000,0.093,0.072,0.835
409500,0.096,0.079,0.826
410000,0.099,0.080,0.822
410500,0.093,0.075,0.832
411000,0.094,0.075,0.831
411500,0.103,0.077,0.820
412000,0.107,0.068,0.825
412500,0.102,0.070,0.828
413000,0.108,0.066,0.825
413500,0.110,0.064,0.826
414000,0.111,0.065,0.825
414500,0.107,0.065,0.828
415000,0.108,0.067,0.825
415500,0.104,0.069,0.827
416000,0.106,0.068,0.827
416500,0.104,0.068,0.828
417000,0.108,0.068,0.824
417500,0.108,0.072,0.820
418000,0.103,0.071,0.826
418500,0.103,0.069,0.827
419000,0.099,0.073,0.828
419500,0.098,0.066,0.837
420000,0.095,0.069,0.837
420500,0.097,0.070,0.834
421000,0.092,0.074,0.834
421500,0.095,0.073,0.832
422000,0.099,0.068,0.833
422500,0.103,0.070,0.827
423000,0.102,0.066,0.833
423500,0.107,0.067,0.825
424000,0.108,0.068,0.823
424500,0.110,0.070,0.820
425000,0.114,0.071,0.815
425500,0.114,0.072,0.814
426000,0.113,0.070,0.818
426500,0.119,0.071,0.809
427000,0.120,0.066,0.814
427500,0.119,0.068,0.814
428000,0.113,0.066,0.821
428500,0.102,0.068,0.829
429000,0.102,0.070,0.829
429500,0.102,0.065,0.833
430000,0.098,0.066,0.837
430500,0.099,0.065,0.836
431000,0.098,0.073,0.830
431500,0.096,0.074,0.830
432000,0.098,0.071,0.832
432500,0.093,0.074,0.833
433000,0.090,0.071,0.839
433500,0.092,0.074,0.834
434000,0.096,0.076,0.828
434500,0.097,0.083,0.821
435000,0.105,0.083,0.812
435500,0.104,0.078,0.818
436000,0.104,0.079,0.817
436500,0.101,0.083,0.816
437000,0.102,0.088,0.810
437500,0.103,0.090,0.806
438000,0.099,0.086,0.816
438500,0.099,0.086,0.816
439000,0.100,0.084,0.816
439500,0.095,0.086,0.819
440000,0.097,0.082,0.821
440500,0.089,0.082,0.829
441000,0.085,0.088,0.827
441500,0.083,0.086,0.832
442000,0.084,0.089,0.827
442500,0.078,0.089,0.833
443000,0.081,0.090,0.830
443500,0.077,0.092,0.831
444000,0.080,0.095,0.826
444500,0.083,0.090,0.828
445000,0.080,0.093,0.827
445500,0.084,0.093,0.823
446000,0.086,0.095,0.819
446500,0.084,0.091,0.825
447000,0.084,0.094,0.822
447500,0.087,0.091,0.822
448000,0.084,0.090,0.826
448500,0.090,0.084,0.826
449000,0.079,0.083,0.838
449500,0.081,0.085,0.835
450000,0.087,0.087,0.826
450500,0.087,0.085,0.828
451000,0.091,0.081,0.828
451500,0.086,0.077,0.836
452000,0.085,0.076,0.839
452500,0.091,0.077,0.832
453000,0.091,0.076,0.833
453500,0.090,0.071,0.839
454000,0.091,0.074,0.835
454500,0.091,0.076,0.832
455000,0.089,0.075,0.836
455500,0.092,0.080,0.829
456000,0.085,0.078,0.837
456500,0.086,0.075,0.838
457000,0.091,0.076,0.833
457500,0.092,0.077,0.831
458000,0.096,0.075,0.829
458500,0.090,0.079,0.831
459000,0.089,0.083,0.829
459500,0.088,0.083,0.829
460000,0.091,0.085,0.825
460500,0.096,0.086,0.819
461000,0.096,0.086,0.818
461500,0.087,0.090,0.823
462000,0.085,0.087,0.829
462500,0.090,0.085,0.825
463000,0.088,0.085,0.827
463500,0.086,0.087,0.827
464000,0.091,0.085,0.824
464500,0.092,0.082,0.827
465000,0.099,0.090,0.811
465500,0.103,0.088,0.808
466000,0.093,0.083,0.824
466500,0.088,0.086,0.826
467000,0.085,0.082,0.833
467500,0.091,0.077,0.832
468000,0.095,0.074,0.831
468500,0.100,0.072,0.828
469000,0.099,0.074,0.827
469500,0.100,0.072,0.829
470000,0.093,0.077,0.830
470500,0.091,0.069,0.840
471000,0.086,0.074,0.839
471500,0.085,0.071,0.845
472000,0.081,0.070,0.849
472500,0.086,0.074,0.841
473000,0.084,0.071,0.846
473500,0.080,0.072,0.848
474000,0.085,0.076,0.840
474500,0.084,0.077,0.840
475000,0.089,0.088,0.823
475500,0.098,0.093,0.808
476000,0.092,0.091,0.816
476500,0.098,0.086,0.816
477000,0.098,0.083,0.820
477500,0.101,0.084,0.815
478000,0.098,0.083,0.819
478500,0.098,0.084,0.818
479000,0.098,0.084,0.819
479500,0.102,0.083,0.816
480000,0.102,0.081,0.818
480500,0.100,0.074,0.827
481000,0.096,0.075,0.829
481500,0.096,0.067,0.838
482000,0.102,0.062,0.835
482500,0.103,0.064,0.833
483000,0.103,0.065,0.832
483500,0.102,0.067,0.831
484000,0.095,0.072,0.833
484500,0.100,0.069,0.831
485000,0.101,0.069,0.831
485500,0.102,0.064,0.834
486000,0.102,0.072,0.826
486500,0.099,0.071,0.831
487000,0.097,0.071,0.832
487500,0.095,0.070,0.836
488000,0.096,0.071,0.833
488500,0.096,0.070,0.835
489000,0.091,0.071,0.838
489500,0.092,0.065,0.844
490000,0.099,0.071,0.830
490500,0.101,0.081,0.818
491000,0.104,0.081,0.816
491500,0.102,0.082,0.817
492000,0.101,0.080,0.820
492500,0.100,0.081,0.820
493000,0.097,0.082,0.821
493500,0.093,0.086,0.821
494000,0.092,0.085,0.823
494500,0.095,0.091,0.814
495000,0.099,0.083,0.819
495500,0.093,0.082,0.825
496000,0.097,0.084,0.820
496500,0.096,0.083,0.822
497000,0.097,0.078,0.825
497500,0.101,0.079,0.821
498000,0.094,0.079,0.828
498500,0.095,0.077,0.828
499000,0.096,0.075,0.830
499500,0.091,0.076,0.833
500000,0.092,0.076,0.831
500500,0.091,0.072,0.836
501000,0.093,0.071,0.836
501500,0.095,0.075,0.831
502000,0.100,0.072,0.828
502500,0.098,0.066,0.837
503000,0.098,0.075,0.827
503500,0.099,0.076,0.826
504000,0.096,0.080,0.825
504500,0.095,0.078,0.827
505000,0.095,0.082,0.823
505500,0.091,0.085,0.824
506000,0.088,0.084,0.829
506500,0.095,0.077,0.828
507000,0.091,0.079,0.830
507500,0.094,0.075,0.831
508000,0.092,0.074,0.833
508500,0.091,0.080,0.829
509000,0.091,0.079,0.830
509500,0.086,0.079,0.836
510000,0.087,0.090,0.823
510500,0.089,0.093,0.818
511000,0.091,0.087,0.822
511500,0.086,0.087,0.827
512000,0.089,0.083,0.828
512500,0.096,0.085,0.819
513000,0.094,0.081,0.826
513500,0.099,0.086,0.816
514000,0.101,0.086,0.813
514500,0.096,0.085,0.820
515000,0.097,0.079,0.825
515500,0.100,0.075,0.826
516000,0.093,0.074,0.833
516500,0.094,0.074,0.832
517000,0.099,0.072,0.829
517500,0.098,0.073,0.829
518000,0.093,0.071,0.836
518500,0.093,0.074,0.833
519000,0.093,0.070,0.837
519500,0.097,0.070,0.833
520000,0.099,0.071,0.830
520500,0.101,0.070,0.830
521000,0.095,0.070,0.835
521500,0.093,0.070,0.836
522000,0.098,0.073,0.829
522500,0.098,0.077,0.825
523000,0.099,0.081,0.821
523500,0.099,0.081,0.821
524000,0.097,0.081,0.823
524500,0.095,0.084,0.822
525000,0.088,0.088,0.824
525500,0.090,0.087,0.823
526000,0.090,0.089,0.820
526500,0.091,0.101,0.808
527000,0.093,0.103,0.804
527500,0.093,0.102,0.804
528000,0.102,0.093,0.804
528500,0.101,0.089,0.809
529000,0.101,0.088,0.810
529500,0.101,0.101,0.798
530000,0.099,0.100,0.802
530500,0.103,0.096,0.801
531000,0.104,0.102,0.794
531500,0.099,0.098,0.803
532000,0.093,0.096,0.811
532500,0.097,0.096,0.807
533000,0.095,0.091,0.814
533500,0.092,0.102,0.805
534000,0.091,0.097,0.812
534500,0.097,0.091,0.811
535000,0.099,0.087,0.814
535500,0.097,0.085,0.819
536000,0.090,0.085,0.825
536500,0.086,0.079,0.835
537000,0.090,0.079,0.831
537500,0.083,0.082,0.836
538000,0.081,0.082,0.838
538500,0.080,0.080,0.841
539000,0.082,0.084,0.835
539500,0.081,0.089,0.831
540000,0.086,0.079,0.835
540500,0.085,0.081,0.834
541000,0.087,0.082,0.831
541500,0.089,0.085,0.826
542000,0.085,0.086,0.829
542500,0.086,0.090,0.823
543000,0.088,0.088,0.823
543500,0.086,0.088,0.826
544000,0.086,0.086,0.829
544500,0.081,0.082,0.838
545000,0.075,0.081,0.844
545500,0.076,0.082,0.842
546000,0.084,0.080,0.837
546500,0.086,0.084,0.830
547000,0.087,0.094,0.819
547500,0.086,0.089,0.825
548000,0.086,0.081,0.833
548500,0.084,0.085,0.832
549000,0.086,0.081,0.834
549500,0.092,0.084,0.825
550000,0.096,0.080,0.825
550500,0.103,0.079,0.818
551000,0.101,0.075,0.824
551500,0.100,0.082,0.818
552000,0.096,0.080,0.825
552500,0.093,0.075,0.832
553000,0.091,0.071,0.838
553500,0.092,0.070,0.838
554000,0.095,0.071,0.834
554500,0.100,0.071,0.830
555000,0.097,0.071,0.832
555500,0.097,0.071,0.832
556000,0.091,0.074,0.834
556500,0.088,0.076,0.836
557000,0.088,0.080,0.833
557500,0.087,0.077,0.836
558000,0.091,0.079,0.830
558500,0.093,0.081,0.827
559000,0.091,0.077,0.832
559500,0.095,0.080,0.825
560000,0.095,0.080,0.825
560500,0.099,0.075,0.827
561000,0.104,0.074,0.822
561500,0.103,0.077,0.820
562000,0.110,0.075,0.816
562500,0.110,0.077,0.814
563000,0.113,0.077,0.810
563500,0.121,0.085,0.794
564000,0.121,0.084,0.795
564500,0.118,0.084,0.797
565000,0.112,0.082,0.806
565500,0.113,0.085,0.802
566000,0.114,0.085,0.802
566500,0.115,0.079,0.806
567000,0.110,0.082,0.808
567500,0.111,0.076,0.812
568000,0.108,0.079,0.812
568500,0.104,0.082,0.814
569000,0.104,0.078,0.818
569500,0.105,0.078,0.817
570000,0.099,0.075,0.826
570500,0.101,0.076,0.823
571000,0.096,0.073,0.831
571500,0.093,0.076,0.831
572000,0.087,0.074,0.839
572500,0.086,0.076,0.838
573000,0.090,0.077,0.833
573500,0.089,0.076,0.835
574000,0.088,0.068,0.844
574500,0.088,0.072,0.840
575000,0.094,0.072,0.834
575500,0.090,0.075,0.834
576000,0.090,0.076,0.834
576500,0.086,0.075,0.839
577000,0.086,0.076,0.838
577500,0.086,0.075,0.839
578000,0.086,0.080,0.835
578500,0.083,0.081,0.836
579000,0.083,0.084,0.834
579500,0.091,0.090,0.818
580000,0.092,0.089,0.819
580500,0.090,0.084,0.826
581000,0.090,0.085,0.825
581500,0.087,0.082,0.831
582000,0.087,0.081,0.832
582500,0.084,0.087,0.829
583000,0.086,0.087,0.827
583500,0.081,0.086,0.833
584000,0.083,0.086,0.831
584500,0.086,0.084,0.830
585000,0.086,0.090,0.824
585500,0.087,0.089,0.824
586000,0.086,0.086,0.828
586500,0.087,0.090,0.823
587000,0.088,0.085,0.827
587500,0.088,0.082,0.831
588000,0.084,0.084,0.833
588500,0.087,0.089,0.824
589000,0.091,0.091,0.818
589500,0.092,0.089,0.819
590000,0.086,0.088,0.825
590500,0.092,0.086,0.823
591000,0.098,0.079,0.824
591500,0.096,0.076,0.829
592000,0.098,0.079,0.824
592500,0.095,0.082,0.823
593000,0.098,0.084,0.819
593500,0.099,0.082,0.820
594000,0.102,0.080,0.818
594500,0.099,0.071,0.830
595000,0.097,0.068,0.836
595500,0.096,0.063,0.841
596000,0.095,0.065,0.840
596500,0.096,0.067,0.837
597000,0.097,0.070,0.833
597500,0.091,0.072,0.837
598000,0.093,0.071,0.836
598500,0.096,0.070,0.834
599000,0.097,0.069,0.835
599500,0.096,0.071,0.834
600000,0.093,0.070,0.837
600500,0.090,0.068,0.841
601000,0.091,0.073,0.836
601500,0.089,0.077,0.834
602000,0.089,0.075,0.836
602500,0.089,0.079,0.832
603000,0.090,0.079,0.831
603500,0.094,0.077,0.829
604000,0.087,0.080,0.833
604500,0.088,0.080,0.832
605000,0.084,0.079,0.837
605500,0.083,0.085,0.833
606000,0.086,0.086,0.829
606500,0.086,0.082,0.832
607000,0.088,0.079,0.834
607500,0.086,0.083,0.831
608000,0.083,0.090,0.827
608500,0.087,0.086,0.828
609000,0.089,0.083,0.828
609500,0.094,0.086,0.820
610000,0.097,0.081,0.822
610500,0.092,0.082,0.827
611000,0.092,0.084,0.824
611500,0.090,0.082,0.828
612000,0.091,0.079,0.830
612500,0.092,0.079,0.829
613000,0.098,0.077,0.825
613500,0.093,0.079,0.829
614000,0.096,0.085,0.819
614500,0.099,0.086,0.816
615000,0.096,0.086,0.818
615500,0.103,0.086,0.811
616000,0.098,0.083,0.820
616500,0.097,0.079,0.825
617000,0.097,0.081,0.823
617500,0.095,0.079,0.827
618000,0.088,0.081,0.831
618500,0.095,0.084,0.822
619000,0.093,0.080,0.827
619500,0.096,0.083,0.822
620000,0.095,0.079,0.826
620500,0.095,0.083,0.823
621000,0.091,0.080,0.829
621500,0.090,0.080,0.831
622000,0.088,0.074,0.838
622500,0.086,0.076,0.839
623000,0.085,0.084,0.832
623500,0.081,0.085,0.835
624000,0.082,0.089,0.829
624500,0.083,0.084,0.834
625000,0.083,0.078,0.839
625500,0.086,0.081,0.833
626000,0.093,0.084,0.823
626500,0.091,0.086,0.823
627000,0.086,0.083,0.831
627500,0.085,0.076,0.839
628000,0.087,0.077,0.836
628500,0.088,0.072,0.840
629000,0.085,0.077,0.838
629500,0.088,0.073,0.838
630000,0.094,0.075,0.831
630500,0.092,0.074,0.834
631000,0.093,0.076,0.831
631500,0.098,0.080,0.823
632000,0.096,0.086,0.819
632500,0.093,0.086,0.821
633000,0.094,0.087,0.819
633500,0.093,0.091,0.816
634000,0.087,0.088,0.825
634500,0.085,0.086,0.829
635000,0.089,0.082,0.829
635500,0.089,0.075,0.836
636000,0.090,0.076,0.834
636500,0.090,0.077,0.833
637000,0.081,0.080,0.840
637500,0.078,0.083,0.840
638000,0.086,0.083,0.832
638500,0.085,0.077,0.838
639000,0.090,0.076,0.834
639500,0.085,0.079,0.837
640000,0.086,0.081,0.833
640500,0.091,0.086,0.824
641000,0.091,0.080,0.829
641500,0.089,0.090,0.821
642000,0.084,0.094,0.823
642500,0.083,0.096,0.822
643000,0.085,0.096,0.820
643500,0.086,0.086,0.828
644000,0.082,0.084,0.834
644500,0.083,0.081,0.836
645000,0.081,0.076,0.844
645500,0.075,0.076,0.849
646000,0.076,0.074,0.849
646500,0.079,0.077,0.844
647000,0.089,0.076,0.834
647500,0.091,0.080,0.830
648000,0.086,0.077,0.836
648500,0.090,0.080,0.830
649000,0.090,0.073,0.837
649500,0.093,0.071,0.836
650000,0.095,0.073,0.832
650500,0.100,0.069,0.832
651000,0.101,0.076,0.823
651500,0.096,0.073,0.831
652000,0.102,0.074,0.825
652500,0.101,0.072,0.827
653000,0.106,0.072,0.821
653500,0.106,0.074,0.820
654000,0.101,0.073,0.827
654500,0.093,0.070,0.837
655000,0.098,0.077,0.825
655500,0.099,0.079,0.823
656000,0.097,0.074,0.829
656500,0.092,0.071,0.837
657000,0.096,0.070,0.835
657500,0.099,0.068,0.834
658000,0.102,0.065,0.833
658500,0.099,0.067,0.835
659000,0.101,0.067,0.832
659500,0.099,0.071,0.830
660000,0.099,0.069,0.833
660500,0.104,0.070,0.825
661000,0.108,0.064,0.827
661500,0.104,0.066,0.830
662000,0.099,0.065,0.837
662500,0.090,0.069,0.841
663000,0.095,0.070,0.835
663500,0.095,0.074,0.832
664000,0.096,0.070,0.834
664500,0.102,0.076,0.821
665000,0.098,0.080,0.823
665500,0.097,0.080,0.824
666000,0.096,0.076,0.828
666500,0.102,0.078,0.820
667000,0.103,0.077,0.820
667500,0.104,0.078,0.818
668000,0.102,0.077,0.821
668500,0.104,0.084,0.812
669000,0.102,0.079,0.820
669500,0.099,0.074,0.827
670000,0.095,0.077,0.828
670500,0.100,0.074,0.826
671000,0.104,0.081,0.815
671500,0.098,0.079,0.824
672000,0.099,0.080,0.822
672500,0.104,0.077,0.819
673000,0.103,0.077,0.820
673500,0.099,0.081,0.821
674000,0.099,0.072,0.829
674500,0.098,0.067,0.835
675000,0.099,0.073,0.829
675500,0.098,0.072,0.831
676000,0.102,0.076,0.822
676500,0.105,0.080,0.815
677000,0.098,0.084,0.819
677500,0.089,0.080,0.831
678000,0.096,0.080,0.825
678500,0.090,0.077,0.832
679000,0.089,0.080,0.831
679500,0.097,0.079,0.824
680000,0.097,0.084,0.820
680500,0.092,0.079,0.830
681000,0.088,0.079,0.833
681500,0.091,0.078,0.831
682000,0.091,0.075,0.834
682500,0.089,0.079,0.832
683000,0.090,0.086,0.824
683500,0.098,0.087,0.815
684000,0.092,0.084,0.825
684500,0.092,0.088,0.820
685000,0.092,0.094,0.814
685500,0.093,0.091,0.816
686000,0.097,0.084,0.820
686500,0.095,0.080,0.826
687000,0.096,0.076,0.828
687500,0.092,0.076,0.832
688000,0.096,0.078,0.827
688500,0.093,0.083,0.824
689000,0.089,0.083,0.828
689500,0.090,0.083,0.827
690000,0.086,0.076,0.838
690500,0.086,0.084,0.830
691000,0.083,0.079,0.839
691500,0.082,0.080,0.839
692000,0.090,0.082,0.828
692500,0.093,0.084,0.823
693000,0.091,0.074,0.835
693500,0.089,0.076,0.835
694000,0.087,0.083,0.830
694500,0.095,0.085,0.821
695000,0.098,0.085,0.818
695500,0.100,0.084,0.817
696000,0.099,0.082,0.819
696500,0.097,0.080,0.824
697000,0.098,0.074,0.829
697500,0.097,0.073,0.830
698000,0.100,0.076,0.824
698500,0.096,0.080,0.825
699000,0.091,0.074,0.835
699500,0.096,0.071,0.833
700000,0.097,0.074,0.829
700500,0.102,0.072,0.826
701000,0.103,0.077,0.820
701500,0.100,0.074,0.826
702000,0.095,0.074,0.832
702500,0.093,0.075,0.832
703000,0.086,0.077,0.838
703500,0.080,0.074,0.846
704000,0.082,0.077,0.841
704500,0.081,0.083,0.837
705000,0.086,0.077,0.837
705500,0.088,0.076,0.835
706000,0.092,0.076,0.831
706500,0.093,0.075,0.832
707000,0.095,0.072,0.833
707500,0.093,0.075,0.832
708000,0.086,0.075,0.839
708500,0.087,0.076,0.836
709000,0.089,0.082,0.829
709500,0.092,0.085,0.823
710000,0.087,0.086,0.827
710500,0.085,0.086,0.829
711000,0.086,0.079,0.835
711500,0.084,0.077,0.839
712000,0.083,0.071,0.847
712500,0.084,0.074,0.842
713000,0.084,0.081,0.836
713500,0.091,0.084,0.825
714000,0.088,0.078,0.834
714500,0.092,0.074,0.834
715000,0.091,0.077,0.832
715500,0.089,0.080,0.831
716000,0.086,0.083,0.831
716500,0.086,0.083,0.832
717000,0.083,0.089,0.828
717500,0.089,0.093,0.818
718000,0.090,0.086,0.825
718500,0.092,0.092,0.816
719000,0.095,0.097,0.809
719500,0.095,0.091,0.814
720000,0.095,0.089,0.817
720500,0.091,0.091,0.817
721000,0.090,0.089,0.821
721500,0.084,0.089,0.828
722000,0.088,0.086,0.826
722500,0.083,0.088,0.829
723000,0.081,0.087,0.832
723500,0.077,0.090,0.833
724000,0.078,0.096,0.826
724500,0.079,0.099,0.822
725000,0.074,0.099,0.827
725500,0.074,0.099,0.827
726000,0.076,0.088,0.835
726500,0.089,0.082,0.829
727000,0.090,0.086,0.824
727500,0.093,0.090,0.816
728000,0.090,0.096,0.814
728500,0.088,0.100,0.812
729000,0.087,0.101,0.812
729500,0.080,0.100,0.820
730000,0.086,0.099,0.815
730500,0.083,0.100,0.818
731000,0.085,0.098,0.818
731500,0.085,0.097,0.819
732000,0.082,0.097,0.821
732500,0.081,0.090,0.829
733000,0.081,0.085,0.835
733500,0.081,0.084,0.836
734000,0.087,0.082,0.831
734500,0.081,0.089,0.830
735000,0.083,0.079,0.839
735500,0.077,0.084,0.839
736000,0.079,0.087,0.834
736500,0.080,0.085,0.836
737000,0.082,0.085,0.834
737500,0.078,0.077,0.845
738000,0.077,0.077,0.846
738500,0.082,0.081,0.838
739000,0.083,0.081,0.837
739500,0.081,0.082,0.838
740000,0.084,0.080,0.837
740500,0.086,0.086,0.829
741000,0.081,0.086,0.834
741500,0.089,0.088,0.823
742000,0.085,0.087,0.828
742500,0.086,0.086,0.829
743000,0.085,0.084,0.832
743500,0.096,0.080,0.825
744000,0.102,0.086,0.811
744500,0.095,0.081,0.824
745000,0.096,0.081,0.824
745500,0.091,0.078,0.831
746000,0.092,0.074,0.833
746500,0.091,0.077,0.832
747000,0.091,0.074,0.835
747500,0.089,0.076,0.835
748000,0.087,0.072,0.841
748500,0.084,0.076,0.840
749000,0.081,0.074,0.845
749500,0.085,0.080,0.836
750000,0.079,0.082,0.839
750500,0.077,0.082,0.841
751000,0.079,0.086,0.835
751500,0.080,0.085,0.836
752000,0.084,0.081,0.835
752500,0.087,0.086,0.827
753000,0.093,0.087,0.819
753500,0.092,0.084,0.824
754000,0.088,0.082,0.831
754500,0.090,0.082,0.828
755000,0.095,0.083,0.823
755500,0.095,0.083,0.822
756000,0.097,0.079,0.825
756500,0.099,0.079,0.823
757000,0.103,0.079,0.818
757500,0.102,0.082,0.816
758000,0.108,0.076,0.816
758500,0.113,0.070,0.818
759000,0.104,0.066,0.831
759500,0.108,0.070,0.822
760000,0.116,0.074,0.810
760500,0.117,0.073,0.810
761000,0.110,0.074,0.816
761500,0.104,0.069,0.827
762000,0.102,0.061,0.837
762500,0.101,0.071,0.828
763000,0.100,0.069,0.831
763500,0.106,0.068,0.825
764000,0.110,0.069,0.822
764500,0.109,0.070,0.821
765000,0.108,0.076,0.816
765500,0.103,0.076,0.821
766000,0.102,0.075,0.823
766500,0.102,0.070,0.829
767000,0.101,0.071,0.828
767500,0.104,0.070,0.826
768000,0.107,0.068,0.826
768500,0.101,0.073,0.826
769000,0.097,0.073,0.831
769500,0.101,0.070,0.829
770000,0.096,0.069,0.836
770500,0.099,0.069,0.833
771000,0.105,0.065,0.829
771500,0.109,0.068,0.823
772000,0.107,0.070,0.823
772500,0.100,0.070,0.830
773000,0.094,0.068,0.839
773500,0.095,0.073,0.832
774000,0.096,0.069,0.836
774500,0.094,0.074,0.832
775000,0.086,0.079,0.835
775500,0.085,0.080,0.835
776000,0.084,0.076,0.840
776500,0.091,0.075,0.834
777000,0.089,0.081,0.830
777500,0.097,0.081,0.823
778000,0.099,0.080,0.822
778500,0.098,0.081,0.822
779000,0.100,0.080,0.821
779500,0.097,0.075,0.829
780000,0.096,0.075,0.830
780500,0.095,0.079,0.827
781000,0.089,0.083,0.829
781500,0.095,0.085,0.821
782000,0.098,0.080,0.823
782500,0.104,0.079,0.818
783000,0.103,0.078,0.819
783500,0.108,0.076,0.816
784000,0.116,0.078,0.806
784500,0.111,0.075,0.814
785000,0.107,0.076,0.816
785500,0.106,0.074,0.819
786000,0.102,0.074,0.824
786500,0.102,0.071,0.827
787000,0.098,0.074,0.829
787500,0.099,0.075,0.827
788000,0.099,0.077,0.824
788500,0.094,0.081,0.825
789000,0.094,0.077,0.829
789500,0.097,0.079,0.825
790000,0.104,0.078,0.818
790500,0.102,0.081,0.817
791000,0.103,0.082,0.816
791500,0.104,0.077,0.819
792000,0.099,0.082,0.820
792500,0.097,0.078,0.826
793000,0.093,0.081,0.826
793500,0.090,0.083,0.827
794000,0.089,0.087,0.824
794500,0.091,0.081,0.829
795000,0.089,0.077,0.834
795500,0.088,0.082,0.831
796000,0.086,0.087,0.827
796500,0.088,0.089,0.823
797000,0.095,0.090,0.816
797500,0.100,0.087,0.813
798000,0.097,0.085,0.819
798500,0.098,0.081,0.822
799000,0.095,0.081,0.825
799500,0.091,0.081,0.828
800000,0.091,0.076,0.833
800500,0.093,0.081,0.826
801000,0.097,0.082,0.822
801500,0.102,0.073,0.825
802000,0.102,0.071,0.827
802500,0.098,0.070,0.832
803000,0.099,0.077,0.824
803500,0.099,0.081,0.821
804000,0.102,0.076,0.822
804500,0.102,0.074,0.825
805000,0.101,0.074,0.826
805500,0.095,0.075,0.830
806000,0.094,0.075,0.831
806500,0.096,0.068,0.836
807000,0.091,0.070,0.839
807500,0.092,0.073,0.835
808000,0.092,0.079,0.830
808500,0.089,0.072,0.839
809000,0.097,0.072,0.831
809500,0.099,0.071,0.830
810000,0.096,0.074,0.830
810500,0.101,0.068,0.831
811000,0.101,0.071,0.829
811500,0.094,0.070,0.836
812000,0.092,0.069,0.839
812500,0.101,0.072,0.828
813000,0.105,0.072,0.822
813500,0.105,0.074,0.821
814000,0.107,0.070,0.823
814500,0.106,0.067,0.828
815000,0.104,0.072,0.824
815500,0.107,0.074,0.818
816000,0.106,0.074,0.819
816500,0.103,0.071,0.826
817000,0.102,0.069,0.829
817500,0.107,0.075,0.818
818000,0.112,0.076,0.812
818500,0.112,0.078,0.810
819000,0.104,0.077,0.819
819500,0.105,0.075,0.820
820000,0.100,0.074,0.826
820500,0.097,0.072,0.832
821000,0.100,0.070,0.830
821500,0.099,0.073,0.829
822000,0.099,0.079,0.823
822500,0.097,0.076,0.827
823000,0.101,0.075,0.824
823500,0.106,0.075,0.818
824000,0.105,0.079,0.816
824500,0.102,0.075,0.823
825000,0.101,0.074,0.825
825500,0.101,0.079,0.820
826000,0.097,0.077,0.827
826500,0.099,0.077,0.824
827000,0.093,0.076,0.830
827500,0.090,0.079,0.831
828000,0.086,0.075,0.839
828500,0.090,0.076,0.834
829000,0.092,0.080,0.828
829500,0.096,0.080,0.825
830000,0.094,0.079,0.827
830500,0.092,0.083,0.825
831000,0.088,0.084,0.828
831500,0.086,0.083,0.832
832000,0.087,0.083,0.831
832500,0.082,0.090,0.829
833000,0.080,0.086,0.835
833500,0.087,0.086,0.827
834000,0.081,0.084,0.836
834500,0.081,0.079,0.841
835000,0.082,0.077,0.841
835500,0.083,0.084,0.834
836000,0.082,0.084,0.835
836500,0.086,0.083,0.832
837000,0.090,0.083,0.827
837500,0.097,0.086,0.817
838000,0.101,0.078,0.822
838500,0.098,0.075,0.827
839000,0.102,0.072,0.826
839500,0.101,0.070,0.830
840000,0.098,0.074,0.829
840500,0.099,0.071,0.831
841000,0.098,0.074,0.828
841500,0.103,0.070,0.827
842000,0.106,0.069,0.825
842500,0.103,0.068,0.829
843000,0.103,0.072,0.825
843500,0.102,0.077,0.821
844000,0.101,0.079,0.820
844500,0.100,0.084,0.817
845000,0.101,0.082,0.818
845500,0.098,0.077,0.825
846000,0.097,0.077,0.826
846500,0.093,0.082,0.825
847000,0.086,0.079,0.835
847500,0.089,0.079,0.832
848000,0.092,0.080,0.828
848500,0.086,0.086,0.829
849000,0.086,0.084,0.831
849500,0.085,0.074,0.841
850000,0.085,0.078,0.837
850500,0.084,0.075,0.841
851000,0.086,0.076,0.838
851500,0.088,0.082,0.831
852000,0.089,0.075,0.835
852500,0.083,0.073,0.844
853000,0.074,0.075,0.850
853500,0.075,0.079,0.846
854000,0.078,0.077,0.845
854500,0.085,0.077,0.838
855000,0.085,0.075,0.840
855500,0.080,0.075,0.845
856000,0.080,0.077,0.844
856500,0.080,0.074,0.847
857000,0.074,0.074,0.852
857500,0.078,0.078,0.844
858000,0.078,0.082,0.840
858500,0.081,0.086,0.834
859000,0.084,0.088,0.828
859500,0.084,0.080,0.837
860000,0.085,0.074,0.842
860500,0.087,0.076,0.837
861000,0.086,0.074,0.841
861500,0.087,0.073,0.839
862000,0.087,0.072,0.841
862500,0.086,0.070,0.844
863000,0.083,0.072,0.846
863500,0.085,0.076,0.840
864000,0.086,0.073,0.841
864500,0.090,0.074,0.836
865000,0.092,0.069,0.839
865500,0.086,0.068,0.847
866000,0.084,0.065,0.851
866500,0.088,0.066,0.847
867000,0.086,0.067,0.848
867500,0.089,0.067,0.844
868000,0.085,0.066,0.850
868500,0.084,0.064,0.853
869000,0.087,0.064,0.849
869500,0.087,0.062,0.850
870000,0.093,0.060,0.847
870500,0.098,0.064,0.838
871000,0.104,0.060,0.835
871500,0.106,0.059,0.834
872000,0.111,0.064,0.826
872500,0.106,0.064,0.831
873000,0.109,0.072,0.819
873500,0.105,0.076,0.819
874000,0.106,0.081,0.814
874500,0.109,0.074,0.817
875000,0.109,0.075,0.816
875500,0.107,0.081,0.812
876000,0.104,0.078,0.818
876500,0.103,0.081,0.816
877000,0.104,0.079,0.817
877500,0.103,0.076,0.821
878000,0.104,0.074,0.821
878500,0.098,0.075,0.827
879000,0.096,0.075,0.829
879500,0.095,0.073,0.832
880000,0.097,0.080,0.823
880500,0.096,0.076,0.828
881000,0.103,0.074,0.822
881500,0.097,0.075,0.828
882000,0.095,0.071,0.834
882500,0.097,0.071,0.832
883000,0.095,0.078,0.828
883500,0.090,0.081,0.829
884000,0.093,0.082,0.825
884500,0.093,0.085,0.822
885000,0.090,0.085,0.825
885500,0.095,0.080,0.826
886000,0.091,0.079,0.830
886500,0.091,0.082,0.827
887000,0.090,0.080,0.830
887500,0.092,0.077,0.831
888000,0.090,0.073,0.837
888500,0.090,0.077,0.833
889000,0.087,0.084,0.829
889500,0.091,0.081,0.829
890000,0.095,0.080,0.825
890500,0.096,0.077,0.828
891000,0.097,0.083,0.821
891500,0.089,0.078,0.833
892000,0.086,0.075,0.839
892500,0.096,0.079,0.826
893000,0.095,0.074,0.832
893500,0.098,0.071,0.832
894000,0.094,0.067,0.839
894500,0.093,0.068,0.840
895000,0.091,0.068,0.842
895500,0.090,0.070,0.840
896000,0.089,0.070,0.840
896500,0.087,0.072,0.841
897000,0.091,0.071,0.838
897500,0.092,0.072,0.835
898000,0.095,0.076,0.829
898500,0.098,0.075,0.827
899000,0.094,0.077,0.829
899500,0.096,0.072,0.832
900000,0.097,0.072,0.831
900500,0.107,0.071,0.822
901000,0.106,0.072,0.821
901500,0.105,0.073,0.822
902000,0.102,0.073,0.825
902500,0.100,0.075,0.825
903000,0.102,0.073,0.824
903500,0.100,0.071,0.829
904000,0.100,0.071,0.830
904500,0.105,0.070,0.825
905000,0.097,0.069,0.835
905500,0.092,0.070,0.838
906000,0.094,0.070,0.836
906500,0.095,0.069,0.837
907000,0.101,0.070,0.829
907500,0.102,0.074,0.824
908000,0.107,0.072,0.821
908500,0.103,0.072,0.824
909000,0.099,0.074,0.827
909500,0.098,0.070,0.833
910000,0.097,0.073,0.830
910500,0.096,0.072,0.832
911000,0.089,0.072,0.838
911500,0.085,0.067,0.848
912000,0.092,0.070,0.839
912500,0.098,0.072,0.830
913000,0.102,0.073,0.825
913500,0.093,0.075,0.832
914000,0.089,0.077,0.834
914500,0.086,0.080,0.834
915000,0.084,0.075,0.841
915500,0.083,0.075,0.842
916000,0.081,0.068,0.851
916500,0.081,0.072,0.847
917000,0.092,0.071,0.836
917500,0.090,0.070,0.840
918000,0.089,0.070,0.841
918500,0.091,0.066,0.843
919000,0.093,0.070,0.837
919500,0.095,0.066,0.839
920000,0.107,0.074,0.819
920500,0.113,0.077,0.810
921000,0.111,0.079,0.811
921500,0.108,0.076,0.816
922000,0.110,0.071,0.820
922500,0.115,0.072,0.813
923000,0.109,0.076,0.815
923500,0.104,0.080,0.817
924000,0.100,0.077,0.823
924500,0.103,0.079,0.819
925000,0.102,0.074,0.824
925500,0.101,0.074,0.825
926000,0.100,0.078,0.823
926500,0.097,0.071,0.832
927000,0.099,0.070,0.832
927500,0.098,0.066,0.837
928000,0.094,0.069,0.838
928500,0.091,0.072,0.837
929000,0.093,0.078,0.829
929500,0.091,0.078,0.831
930000,0.086,0.075,0.838
930500,0.086,0.080,0.834
931000,0.081,0.080,0.840
931500,0.084,0.076,0.840
932000,0.083,0.077,0.840
932500,0.081,0.075,0.845
933000,0.080,0.081,0.840
933500,0.076,0.084,0.841
934000,0.079,0.087,0.834
934500,0.082,0.082,0.836
935000,0.080,0.076,0.845
935500,0.077,0.079,0.844
936000,0.081,0.075,0.845
936500,0.076,0.082,0.842
937000,0.071,0.075,0.853
937500,0.076,0.073,0.850
938000,0.073,0.080,0.847
938500,0.071,0.084,0.845
939000,0.074,0.084,0.842
939500,0.082,0.083,0.836
940000,0.087,0.085,0.828
940500,0.089,0.089,0.822
941000,0.089,0.088,0.822
941500,0.086,0.088,0.826
942000,0.087,0.091,0.821
942500,0.093,0.096,0.811
943000,0.104,0.095,0.801
943500,0.100,0.090,0.809
944000,0.100,0.093,0.806
944500,0.101,0.083,0.817
945000,0.094,0.082,0.824
945500,0.091,0.085,0.824
946000,0.091,0.087,0.822
946500,0.088,0.084,0.828
947000,0.091,0.082,0.827
947500,0.092,0.081,0.828
948000,0.092,0.083,0.825
948500,0.100,0.084,0.817
949000,0.099,0.079,0.823
949500,0.101,0.084,0.816
950000,0.102,0.075,0.823
950500,0.102,0.075,0.822
951000,0.107,0.076,0.817
951500,0.107,0.072,0.820
952000,0.104,0.070,0.826
952500,0.101,0.074,0.825
953000,0.098,0.079,0.824
953500,0.095,0.074,0.831
954000,0.103,0.070,0.827
954500,0.097,0.071,0.832
955000,0.100,0.075,0.825
955500,0.102,0.075,0.823
956000,0.100,0.082,0.818
956500,0.097,0.086,0.818
957000,0.102,0.084,0.815
957500,0.102,0.083,0.815
958000,0.109,0.082,0.809
958500,0.102,0.085,0.814
959000,0.105,0.079,0.817
959500,0.105,0.079,0.816
960000,0.108,0.073,0.819
960500,0.107,0.072,0.821
961000,0.106,0.067,0.827
961500,0.104,0.061,0.835
962000,0.101,0.061,0.838
962500,0.097,0.062,0.841
963000,0.093,0.068,0.839
963500,0.099,0.075,0.826
964000,0.097,0.079,0.824
964500,0.098,0.070,0.832
965000,0.096,0.072,0.832
965500,0.098,0.072,0.830
966000,0.102,0.072,0.826
966500,0.102,0.070,0.829
967000,0.102,0.070,0.827
967500,0.093,0.074,0.833
968000,0.089,0.076,0.835
968500,0.089,0.079,0.833
969000,0.089,0.073,0.838
969500,0.091,0.073,0.835
970000,0.101,0.075,0.824
970500,0.096,0.074,0.831
971000,0.092,0.070,0.837
971500,0.089,0.067,0.843
972000,0.096,0.068,0.837
972500,0.091,0.077,0.831
973000,0.093,0.082,0.825
973500,0.090,0.084,0.826
974000,0.091,0.085,0.824
974500,0.094,0.084,0.823
975000,0.095,0.097,0.809
975500,0.091,0.100,0.808
976000,0.094,0.091,0.815
976500,0.096,0.093,0.811
977000,0.093,0.091,0.816
977500,0.093,0.090,0.817
978000,0.096,0.087,0.817
978500,0.093,0.089,0.818
979000,0.096,0.093,0.811
979500,0.099,0.097,0.804
980000,0.102,0.102,0.795
980500,0.100,0.101,0.800
981000,0.093,0.102,0.804
981500,0.096,0.097,0.807
982000,0.099,0.091,0.810
982500,0.096,0.096,0.809
983000,0.091,0.089,0.820
983500,0.086,0.092,0.822
984000,0.086,0.089,0.825
984500,0.084,0.095,0.822
985000,0.090,0.092,0.818
985500,0.086,0.089,0.825
986000,0.085,0.090,0.826
986500,0.081,0.086,0.834
987000,0.080,0.082,0.839
987500,0.071,0.082,0.848
988000,0.079,0.084,0.838
988500,0.086,0.080,0.835
989000,0.079,0.081,0.840
989500,0.084,0.084,0.833
990000,0.085,0.080,0.836
990500,0.085,0.086,0.829
991000,0.090,0.083,0.827
991500,0.091,0.088,0.821
992000,0.088,0.090,0.822
992500,0.088,0.091,0.820
993000,0.092,0.094,0.814
993500,0.093,0.098,0.808
994000,0.086,0.090,0.824
994500,0.087,0.085,0.828
995000,0.090,0.082,0.828
995500,0.087,0.081,0.832
996000,0.089,0.079,0.832
996500,0.087,0.088,0.824
997000,0.087,0.083,0.831
997500,0.087,0.081,0.832
998000,0.090,0.082,0.828
998500,0.093,0.077,0.830
999000,0.099,0.081,0.820
999500,0.091,0.080,0.829
1000000,0.091,0.082,0.827
