time,n_A+p,n_B,n_AB
500,0.030,0.066,0.904
1000,0.123,0.000,0.877
1500,0.123,0.001,0.876
2000,0.167,0.000,0.833
2500,0.105,0.000,0.895
3000,0.116,0.000,0.884
3500,0.124,0.002,0.874
4000,0.079,0.015,0.906
4500,0.154,0.000,0.846
5000,0.157,0.023,0.820
5500,0.178,0.002,0.820
6000,0.152,0.000,0.848
6500,0.093,0.000,0.907
7000,0.126,0.000,0.874
7500,0.187,0.000,0.813
8000,0.077,0.000,0.923
8500,0.108,0.000,0.892
9000,0.173,0.000,0.827
9500,0.171,0.000,0.829
10000,0.127,0.000,0.873
10500,0.202,0.000,0.798
11000,0.172,0.000,0.828
11500,0.169,0.000,0.831
12000,0.141,0.000,0.859
12500,0.123,0.000,0.877
13000,0.208,0.000,0.792
13500,0.117,0.000,0.883
14000,0.128,0.006,0.866
14500,0.110,0.001,0.889
15000,0.141,0.000,0.859
15500,0.270,0.001,0.729
16000,0.108,0.000,0.892
16500,0.121,0.000,0.879
17000,0.071,0.000,0.929
17500,0.149,0.000,0.851
18000,0.206,0.000,0.794
18500,0.095,0.016,0.889
19000,0.175,0.000,0.825
19500,0.097,0.000,0.903
20000,0.142,0.000,0.858
20500,0.085,0.023,0.892
21000,0.161,0.000,0.839
21500,0.212,0.000,0.788
22000,0.134,0.000,0.866
22500,0.189,0.000,0.811
23000,0.126,0.000,0.874
23500,0.129,0.000,0.871
24000,0.119,0.000,0.881
24500,0.111,0.000,0.889
25000,0.132,0.000,0.868
25500,0.168,0.000,0.832
26000,0.161,0.000,0.839
26500,0.183,0.000,0.817
27000,0.083,0.000,0.917
27500,0.104,0.000,0.896
28000,0.249,0.000,0.751
28500,0.095,0.033,0.872
29000,0.194,0.000,0.806
29500,0.153,0.000,0.847
30000,0.170,0.000,0.830
30500,0.100,0.000,0.900
31000,0.156,0.007,0.837
31500,0.190,0.000,0.810
32000,0.183,0.000,0.817
32500,0.122,0.000,0.878
33000,0.168,0.000,0.832
33500,0.174,0.000,0.826
34000,0.237,0.000,0.763
34500,0.110,0.000,0.890
35000,0.070,0.033,0.897
35500,0.103,0.000,0.897
36000,0.171,0.000,0.829
36500,0.202,0.000,0.798
37000,0.093,0.000,0.907
37500,0.066,0.000,0.934
38000,0.201,0.000,0.799
38500,0.167,0.000,0.833
39000,0.169,0.000,0.831
39500,0.066,0.002,0.932
40000,0.177,0.000,0.823
40500,0.255,0.000,0.745
41000,0.162,0.000,0.838
41500,0.094,0.000,0.906
42000,0.121,0.000,0.879
42500,0.147,0.000,0.853
43000,0.198,0.000,0.802
43500,0.197,0.000,0.803
44000,0.273,0.000,0.727
44500,0.170,0.000,0.830
45000,0.125,0.000,0.875
45500,0.211,0.000,0.789
46000,0.105,0.000,0.895
46500,0.149,0.000,0.851
47000,0.196,0.000,0.804
47500,0.129,0.000,0.871
48000,0.078,0.005,0.917
48500,0.122,0.000,0.878
49000,0.130,0.000,0.870
49500,0.185,0.000,0.815
50000,0.097,0.000,0.903
50500,0.110,0.000,0.890
51000,0.171,0.000,0.829
51500,0.073,0.000,0.927
52000,0.125,0.000,0.875
52500,0.165,0.000,0.835
53000,0.239,0.000,0.761
53500,0.143,0.000,0.857
54000,0.155,0.000,0.845
54500,0.085,0.000,0.915
55000,0.180,0.000,0.820
55500,0.102,0.000,0.898
56000,0.261,0.000,0.739
56500,0.147,0.000,0.853
57000,0.159,0.000,0.841
57500,0.156,0.000,0.844
58000,0.160,0.000,0.840
58500,0.222,0.000,0.778
59000,0.129,0.000,0.871
59500,0.118,0.000,0.882
60000,0.068,0.001,0.931
60500,0.148,0.000,0.852
61000,0.185,0.000,0.815
61500,0.214,0.000,0.786
62000,0.112,0.000,0.888
62500,0.071,0.047,0.882
63000,0.219,0.000,0.781
63500,0.209,0.000,0.791
64000,0.107,0.000,0.893
64500,0.133,0.000,0.867
65000,0.159,0.000,0.841
65500,0.131,0.000,0.869
66000,0.055,0.042,0.903
66500,0.186,0.000,0.814
67000,0.139,0.001,0.860
67500,0.179,0.000,0.821
68000,0.186,0.000,0.814
68500,0.145,0.000,0.855
69000,0.176,0.000,0.824
69500,0.283,0.000,0.717
70000,0.111,0.000,0.889
70500,0.198,0.000,0.802
71000,0.123,0.000,0.877
71500,0.173,0.000,0.827
72000,0.159,0.000,0.841
72500,0.144,0.000,0.856
73000,0.145,0.000,0.855
73500,0.056,0.017,0.927
74000,0.036,0.069,0.895
74500,0.144,0.000,0.856
75000,0.190,0.000,0.810
75500,0.115,0.000,0.885
76000,0.122,0.000,0.878
76500,0.173,0.000,0.827
77000,0.108,0.000,0.892
77500,0.279,0.000,0.721
78000,0.099,0.000,0.901
78500,0.253,0.000,0.747
79000,0.159,0.000,0.841
79500,0.126,0.000,0.874
80000,0.140,0.000,0.860
80500,0.176,0.000,0.824
81000,0.105,0.000,0.895
81500,0.124,0.000,0.876
82000,0.141,0.000,0.859
82500,0.188,0.000,0.812
83000,0.146,0.000,0.854
83500,0.208,0.000,0.792
84000,0.074,0.001,0.925
84500,0.148,0.000,0.852
85000,0.094,0.000,0.906
85500,0.181,0.000,0.819
86000,0.141,0.000,0.859
86500,0.192,0.000,0.808
87000,0.137,0.000,0.863
87500,0.107,0.000,0.893
88000,0.150,0.000,0.850
88500,0.090,0.000,0.910
89000,0.185,0.000,0.815
89500,0.195,0.000,0.805
90000,0.181,0.000,0.819
90500,0.104,0.000,0.896
91000,0.135,0.000,0.865
91500,0.105,0.000,0.895
92000,0.182,0.000,0.818
92500,0.160,0.001,0.839
93000,0.209,0.000,0.791
93500,0.129,0.000,0.871
94000,0.113,0.000,0.887
94500,0.101,0.000,0.899
95000,0.105,0.000,0.895
95500,0.251,0.000,0.749
96000,0.149,0.000,0.851
96500,0.113,0.000,0.887
97000,0.136,0.000,0.864
97500,0.119,0.000,0.881
98000,0.213,0.000,0.787
98500,0.155,0.000,0.845
99000,0.305,0.001,0.694
99500,0.117,0.000,0.883
100000,0.169,0.000,0.831
100500,0.163,0.000,0.837
101000,0.343,0.000,0.657
101500,0.099,0.000,0.901
102000,0.258,0.000,0.742
102500,0.260,0.000,0.740
103000,0.112,0.000,0.888
103500,0.144,0.002,0.854
104000,0.090,0.000,0.910
104500,0.178,0.000,0.822
105000,0.205,0.000,0.795
105500,0.256,0.000,0.744
106000,0.178,0.000,0.822
106500,0.134,0.000,0.866
107000,0.124,0.000,0.876
107500,0.110,0.000,0.890
108000,0.179,0.000,0.821
108500,0.121,0.000,0.879
109000,0.125,0.000,0.875
109500,0.232,0.000,0.768
110000,0.223,0.000,0.777
110500,0.134,0.000,0.866
111000,0.126,0.000,0.874
111500,0.145,0.000,0.855
112000,0.198,0.000,0.802
112500,0.108,0.000,0.892
113000,0.126,0.021,0.853
113500,0.069,0.000,0.931
114000,0.082,0.001,0.917
114500,0.245,0.000,0.755
115000,0.101,0.000,0.899
115500,0.127,0.000,0.873
116000,0.184,0.000,0.816
116500,0.155,0.000,0.845
117000,0.140,0.000,0.860
117500,0.094,0.000,0.906
118000,0.115,0.010,0.875
118500,0.133,0.013,0.854
119000,0.103,0.000,0.897
119500,0.210,0.000,0.790
120000,0.122,0.000,0.878
120500,0.169,0.000,0.831
121000,0.111,0.000,0.889
121500,0.061,0.000,0.939
122000,0.179,0.000,0.821
122500,0.168,0.000,0.832
123000,0.071,0.002,0.927
123500,0.136,0.000,0.864
124000,0.218,0.000,0.782
124500,0.117,0.005,0.878
125000,0.148,0.000,0.852
125500,0.184,0.000,0.816
126000,0.129,0.001,0.870
126500,0.186,0.000,0.814
127000,0.151,0.000,0.849
127500,0.182,0.000,0.818
128000,0.227,0.000,0.773
128500,0.142,0.000,0.858
129000,0.188,0.000,0.812
129500,0.228,0.000,0.772
130000,0.193,0.000,0.807
130500,0.088,0.009,0.903
131000,0.117,0.000,0.883
131500,0.133,0.000,0.867
132000,0.246,0.000,0.754
132500,0.192,0.000,0.808
133000,0.055,0.000,0.945
133500,0.149,0.000,0.851
134000,0.130,0.000,0.870
134500,0.159,0.000,0.841
135000,0.083,0.000,0.917
135500,0.225,0.000,0.775
136000,0.164,0.000,0.836
136500,0.153,0.000,0.847
137000,0.074,0.009,0.917
137500,0.125,0.000,0.875
138000,0.100,0.004,0.896
138500,0.128,0.000,0.872
139000,0.108,0.000,0.892
139500,0.152,0.000,0.848
140000,0.188,0.000,0.812
140500,0.168,0.000,0.832
141000,0.086,0.000,0.914
141500,0.168,0.000,0.832
142000,0.127,0.000,0.873
142500,0.100,0.000,0.900
143000,0.104,0.000,0.896
143500,0.157,0.000,0.843
144000,0.174,0.000,0.826
144500,0.295,0.000,0.705
145000,0.135,0.000,0.865
145500,0.166,0.000,0.834
146000,0.123,0.000,0.877
146500,0.254,0.001,0.745
147000,0.151,0.000,0.849
147500,0.193,0.000,0.807
148000,0.152,0.000,0.848
148500,0.112,0.000,0.888
149000,0.133,0.000,0.867
149500,0.204,0.000,0.796
150000,0.147,0.000,0.853
150500,0.161,0.000,0.839
151000,0.156,0.000,0.844
151500,0.085,0.000,0.915
152000,0.140,0.000,0.860
152500,0.265,0.000,0.735
153000,0.058,0.056,0.886
153500,0.148,0.003,0.849
154000,0.178,0.000,0.822
154500,0.216,0.000,0.784
155000,0.105,0.000,0.895
155500,0.115,0.000,0.885
156000,0.186,0.000,0.814
156500,0.207,0.000,0.793
157000,0.196,0.000,0.804
157500,0.165,0.000,0.835
158000,0.136,0.000,0.864
158500,0.212,0.000,0.788
159000,0.089,0.000,0.911
159500,0.084,0.004,0.912
160000,0.143,0.000,0.857
160500,0.144,0.000,0.856
161000,0.162,0.000,0.838
161500,0.226,0.000,0.774
162000,0.111,0.000,0.889
162500,0.177,0.001,0.822
163000,0.068,0.000,0.932
163500,0.212,0.000,0.788
164000,0.115,0.000,0.885
164500,0.087,0.005,0.908
165000,0.139,0.000,0.861
165500,0.102,0.000,0.898
166000,0.104,0.000,0.896
166500,0.223,0.000,0.777
167000,0.151,0.000,0.849
167500,0.113,0.000,0.887
168000,0.074,0.038,0.888
168500,0.146,0.000,0.854
169000,0.065,0.042,0.893
169500,0.167,0.000,0.833
170000,0.128,0.000,0.872
170500,0.135,0.000,0.865
171000,0.071,0.018,0.911
171500,0.170,0.000,0.830
172000,0.136,0.000,0.864
172500,0.033,0.070,0.897
173000,0.153,0.002,0.845
173500,0.106,0.018,0.876
174000,0.233,0.000,0.767
174500,0.124,0.000,0.876
175000,0.145,0.000,0.855
175500,0.170,0.000,0.830
176000,0.069,0.002,0.929
176500,0.082,0.004,0.914
177000,0.046,0.000,0.954
177500,0.199,0.000,0.801
178000,0.044,0.011,0.945
178500,0.063,0.039,0.898
179000,0.262,0.000,0.738
179500,0.134,0.000,0.866
180000,0.163,0.000,0.837
180500,0.146,0.000,0.854
181000,0.163,0.000,0.837
181500,0.162,0.000,0.838
182000,0.108,0.000,0.892
182500,0.201,0.000,0.799
183000,0.185,0.000,0.815
183500,0.146,0.000,0.854
184000,0.170,0.000,0.830
184500,0.098,0.000,0.902
185000,0.243,0.001,0.756
185500,0.164,0.000,0.836
186000,0.245,0.000,0.755
186500,0.143,0.000,0.857
187000,0.137,0.000,0.863
187500,0.033,0.044,0.923
188000,0.138,0.000,0.862
188500,0.077,0.000,0.923
189000,0.153,0.000,0.847
189500,0.201,0.000,0.799
190000,0.150,0.000,0.850
190500,0.173,0.000,0.827
191000,0.120,0.000,0.880
191500,0.163,0.000,0.837
192000,0.137,0.000,0.863
192500,0.123,0.000,0.877
193000,0.095,0.000,0.905
193500,0.175,0.000,0.825
194000,0.154,0.000,0.846
194500,0.098,0.004,0.898
195000,0.232,0.000,0.768
195500,0.119,0.000,0.881
196000,0.114,0.003,0.883
196500,0.180,0.000,0.820
197000,0.089,0.000,0.911
197500,0.139,0.000,0.861
198000,0.130,0.000,0.870
198500,0.172,0.000,0.828
199000,0.142,0.000,0.858
199500,0.186,0.000,0.814
200000,0.186,0.000,0.814
200500,0.084,0.020,0.896
201000,0.177,0.000,0.823
201500,0.098,0.000,0.902
202000,0.221,0.000,0.779
202500,0.100,0.000,0.900
203000,0.152,0.000,0.848
203500,0.149,0.000,0.851
204000,0.209,0.000,0.791
204500,0.123,0.001,0.876
205000,0.088,0.000,0.912
205500,0.182,0.000,0.818
206000,0.112,0.000,0.888
206500,0.185,0.000,0.815
207000,0.165,0.000,0.835
207500,0.257,0.000,0.743
208000,0.135,0.000,0.865
208500,0.083,0.010,0.907
209000,0.093,0.000,0.907
209500,0.185,0.000,0.815
210000,0.218,0.000,0.782
210500,0.177,0.000,0.823
211000,0.205,0.000,0.795
211500,0.225,0.000,0.775
212000,0.264,0.000,0.736
212500,0.162,0.000,0.838
213000,0.102,0.000,0.898
213500,0.111,0.000,0.889
214000,0.053,0.066,0.881
214500,0.090,0.000,0.910
215000,0.208,0.000,0.792
215500,0.152,0.000,0.848
216000,0.111,0.000,0.889
216500,0.105,0.000,0.895
217000,0.227,0.000,0.773
217500,0.163,0.000,0.837
218000,0.093,0.000,0.907
218500,0.132,0.003,0.865
219000,0.231,0.000,0.769
219500,0.181,0.000,0.819
220000,0.107,0.000,0.893
220500,0.060,0.005,0.935
221000,0.339,0.000,0.661
221500,0.211,0.000,0.789
222000,0.226,0.000,0.774
222500,0.150,0.000,0.850
223000,0.217,0.000,0.783
223500,0.152,0.000,0.848
224000,0.217,0.000,0.783
224500,0.281,0.000,0.719
225000,0.131,0.000,0.869
225500,0.127,0.000,0.873
226000,0.102,0.000,0.898
226500,0.155,0.000,0.845
227000,0.042,0.009,0.949
227500,0.071,0.000,0.929
228000,0.170,0.000,0.830
228500,0.117,0.000,0.883
229000,0.144,0.000,0.856
229500,0.260,0.000,0.740
230000,0.189,0.000,0.811
230500,0.104,0.000,0.896
231000,0.091,0.000,0.909
231500,0.156,0.000,0.844
232000,0.100,0.000,0.900
232500,0.150,0.000,0.850
233000,0.191,0.000,0.809
233500,0.150,0.000,0.850
234000,0.069,0.000,0.931
234500,0.053,0.015,0.932
235000,0.096,0.000,0.904
235500,0.147,0.000,0.853
236000,0.098,0.023,0.879
236500,0.087,0.000,0.913
237000,0.205,0.000,0.795
237500,0.186,0.000,0.814
238000,0.111,0.008,0.881
238500,0.034,0.006,0.960
239000,0.193,0.000,0.807
239500,0.121,0.000,0.879
240000,0.166,0.000,0.834
240500,0.186,0.000,0.814
241000,0.054,0.000,0.946
241500,0.184,0.000,0.816
242000,0.128,0.000,0.872
242500,0.237,0.000,0.763
243000,0.154,0.000,0.846
243500,0.144,0.000,0.856
244000,0.049,0.000,0.951
244500,0.134,0.000,0.866
245000,0.152,0.000,0.848
245500,0.216,0.000,0.784
246000,0.227,0.000,0.773
246500,0.125,0.000,0.875
247000,0.182,0.000,0.818
247500,0.162,0.000,0.838
248000,0.117,0.000,0.883
248500,0.162,0.000,0.838
249000,0.086,0.007,0.907
249500,0.152,0.000,0.848
250000,0.118,0.000,0.882
250500,0.075,0.000,0.925
251000,0.187,0.001,0.812
251500,0.168,0.000,0.832
252000,0.156,0.000,0.844
252500,0.121,0.000,0.879
253000,0.104,0.000,0.896
253500,0.153,0.000,0.847
254000,0.101,0.000,0.899
254500,0.087,0.000,0.913
255000,0.229,0.000,0.771
255500,0.173,0.000,0.827
256000,0.147,0.000,0.853
256500,0.102,0.000,0.898
257000,0.167,0.000,0.833
257500,0.226,0.000,0.774
258000,0.100,0.000,0.900
258500,0.238,0.000,0.762
259000,0.085,0.000,0.915
259500,0.135,0.000,0.865
260000,0.076,0.000,0.924
260500,0.147,0.000,0.853
261000,0.163,0.000,0.837
261500,0.080,0.000,0.920
262000,0.168,0.000,0.832
262500,0.124,0.010,0.866
263000,0.136,0.000,0.864
263500,0.191,0.000,0.809
264000,0.096,0.000,0.904
264500,0.111,0.000,0.889
265000,0.162,0.000,0.838
265500,0.242,0.000,0.758
266000,0.163,0.000,0.837
266500,0.083,0.006,0.911
267000,0.253,0.002,0.745
267500,0.188,0.000,0.812
268000,0.221,0.000,0.779
268500,0.216,0.000,0.784
269000,0.108,0.000,0.892
269500,0.054,0.000,0.946
270000,0.178,0.000,0.822
270500,0.158,0.000,0.842
271000,0.153,0.000,0.847
271500,0.182,0.000,0.818
272000,0.116,0.023,0.861
272500,0.208,0.000,0.792
273000,0.166,0.000,0.834
273500,0.128,0.000,0.872
274000,0.239,0.000,0.761
274500,0.183,0.000,0.817
275000,0.204,0.000,0.796
275500,0.109,0.000,0.891
276000,0.202,0.000,0.798
276500,0.081,0.000,0.919
277000,0.087,0.000,0.913
277500,0.122,0.000,0.878
278000,0.141,0.004,0.855
278500,0.113,0.000,0.887
279000,0.121,0.000,0.879
279500,0.132,0.000,0.868
280000,0.193,0.000,0.807
280500,0.254,0.000,0.746
281000,0.099,0.001,0.900
281500,0.147,0.000,0.853
282000,0.126,0.001,0.873
282500,0.229,0.000,0.771
283000,0.119,0.000,0.881
283500,0.165,0.000,0.835
284000,0.147,0.000,0.853
284500,0.175,0.000,0.825
285000,0.249,0.000,0.751
285500,0.095,0.000,0.905
286000,0.098,0.000,0.902
286500,0.171,0.000,0.829
287000,0.176,0.000,0.824
287500,0.128,0.000,0.872
288000,0.133,0.000,0.867
288500,0.060,0.039,0.901
289000,0.078,0.000,0.922
289500,0.145,0.000,0.855
290000,0.248,0.000,0.752
290500,0.206,0.000,0.794
291000,0.137,0.000,0.863
291500,0.105,0.000,0.895
292000,0.162,0.001,0.837
292500,0.193,0.000,0.807
293000,0.123,0.000,0.877
293500,0.172,0.000,0.828
294000,0.207,0.000,0.793
294500,0.196,0.000,0.804
295000,0.152,0.000,0.848
295500,0.138,0.000,0.862
296000,0.081,0.000,0.919
296500,0.190,0.000,0.810
297000,0.132,0.000,0.868
297500,0.189,0.000,0.811
298000,0.201,0.000,0.799
298500,0.126,0.000,0.874
299000,0.134,0.000,0.866
299500,0.123,0.000,0.877
300000,0.073,0.000,0.927
300500,0.079,0.052,0.869
301000,0.113,0.004,0.883
301500,0.062,0.003,0.935
302000,0.140,0.000,0.860
302500,0.199,0.000,0.801
303000,0.185,0.000,0.815
303500,0.148,0.000,0.852
304000,0.169,0.000,0.831
304500,0.130,0.000,0.870
305000,0.137,0.000,0.863
305500,0.148,0.000,0.852
306000,0.142,0.000,0.858
306500,0.148,0.000,0.852
307000,0.249,0.000,0.751
307500,0.103,0.000,0.897
308000,0.143,0.000,0.857
308500,0.140,0.000,0.860
309000,0.209,0.000,0.791
309500,0.228,0.000,0.772
310000,0.156,0.000,0.844
310500,0.118,0.032,0.850
311000,0.114,0.000,0.886
311500,0.083,0.000,0.917
312000,0.097,0.000,0.903
312500,0.245,0.000,0.755
313000,0.100,0.000,0.900
313500,0.105,0.000,0.895
314000,0.129,0.000,0.871
314500,0.136,0.000,0.864
315000,0.120,0.000,0.880
315500,0.214,0.000,0.786
316000,0.116,0.000,0.884
316500,0.110,0.001,0.889
317000,0.153,0.005,0.842
317500,0.176,0.000,0.824
318000,0.177,0.000,0.823
318500,0.260,0.000,0.740
319000,0.103,0.004,0.893
319500,0.170,0.000,0.830
320000,0.157,0.000,0.843
320500,0.226,0.000,0.774
321000,0.183,0.001,0.816
321500,0.138,0.000,0.862
322000,0.145,0.000,0.855
322500,0.180,0.000,0.820
323000,0.121,0.000,0.879
323500,0.158,0.000,0.842
324000,0.144,0.000,0.856
324500,0.089,0.000,0.911
325000,0.143,0.000,0.857
325500,0.251,0.000,0.749
326000,0.202,0.000,0.798
326500,0.079,0.000,0.921
327000,0.154,0.000,0.846
327500,0.178,0.000,0.822
328000,0.131,0.000,0.869
328500,0.197,0.000,0.803
329000,0.195,0.000,0.805
329500,0.111,0.000,0.889
330000,0.139,0.000,0.861
330500,0.366,0.000,0.634
331000,0.216,0.000,0.784
331500,0.108,0.000,0.892
332000,0.103,0.000,0.897
332500,0.202,0.000,0.798
333000,0.132,0.000,0.868
333500,0.107,0.000,0.893
334000,0.216,0.001,0.783
334500,0.215,0.000,0.785
335000,0.180,0.000,0.820
335500,0.083,0.000,0.917
336000,0.164,0.000,0.836
336500,0.109,0.031,0.860
337000,0.141,0.000,0.859
337500,0.183,0.003,0.814
338000,0.196,0.000,0.804
338500,0.080,0.000,0.920
339000,0.139,0.032,0.829
339500,0.146,0.000,0.854
340000,0.181,0.000,0.819
340500,0.091,0.000,0.909
341000,0.141,0.000,0.859
341500,0.143,0.000,0.857
342000,0.163,0.002,0.835
342500,0.158,0.007,0.835
343000,0.125,0.000,0.875
343500,0.136,0.001,0.863
344000,0.097,0.000,0.903
344500,0.112,0.000,0.888
345000,0.138,0.000,0.862
345500,0.102,0.000,0.898
346000,0.137,0.000,0.863
346500,0.158,0.000,0.842
347000,0.060,0.040,0.900
347500,0.107,0.000,0.893
348000,0.123,0.000,0.877
348500,0.126,0.000,0.874
349000,0.196,0.000,0.804
349500,0.108,0.000,0.892
350000,0.097,0.000,0.903
350500,0.100,0.000,0.900
351000,0.119,0.000,0.881
351500,0.122,0.000,0.878
352000,0.201,0.000,0.799
352500,0.143,0.000,0.857
353000,0.138,0.006,0.856
353500,0.278,0.000,0.722
354000,0.151,0.000,0.849
354500,0.086,0.000,0.914
355000,0.070,0.011,0.919
355500,0.165,0.000,0.835
356000,0.153,0.000,0.847
356500,0.205,0.000,0.795
357000,0.201,0.000,0.799
357500,0.132,0.000,0.868
358000,0.145,0.000,0.855
358500,0.149,0.000,0.851
359000,0.168,0.000,0.832
359500,0.144,0.000,0.856
360000,0.091,0.009,0.900
360500,0.053,0.030,0.917
361000,0.184,0.000,0.816
361500,0.144,0.000,0.856
362000,0.211,0.001,0.788
362500,0.250,0.000,0.750
363000,0.168,0.000,0.832
363500,0.211,0.000,0.789
364000,0.169,0.006,0.825
364500,0.303,0.000,0.697
365000,0.167,0.000,0.833
365500,0.200,0.000,0.800
366000,0.186,0.000,0.814
366500,0.115,0.000,0.885
367000,0.086,0.000,0.914
367500,0.104,0.000,0.896
368000,0.200,0.000,0.800
368500,0.198,0.000,0.802
369000,0.232,0.000,0.768
369500,0.191,0.000,0.809
370000,0.179,0.000,0.821
370500,0.106,0.000,0.894
371000,0.124,0.000,0.876
371500,0.164,0.000,0.836
372000,0.105,0.000,0.895
372500,0.121,0.004,0.875
373000,0.187,0.000,0.813
373500,0.125,0.000,0.875
374000,0.219,0.000,0.781
374500,0.121,0.000,0.879
375000,0.197,0.000,0.803
375500,0.266,0.000,0.734
376000,0.178,0.000,0.822
376500,0.114,0.000,0.886
377000,0.082,0.000,0.918
377500,0.105,0.000,0.895
378000,0.065,0.028,0.907
378500,0.117,0.000,0.883
379000,0.145,0.000,0.855
379500,0.169,0.000,0.831
380000,0.214,0.000,0.786
380500,0.191,0.000,0.809
381000,0.072,0.000,0.928
381500,0.102,0.000,0.898
382000,0.107,0.001,0.892
382500,0.128,0.000,0.872
383000,0.089,0.027,0.884
383500,0.159,0.000,0.841
384000,0.095,0.000,0.905
384500,0.170,0.000,0.830
385000,0.205,0.000,0.795
385500,0.313,0.000,0.687
386000,0.155,0.000,0.845
386500,0.086,0.018,0.896
387000,0.113,0.000,0.887
387500,0.256,0.000,0.744
388000,0.108,0.000,0.892
388500,0.083,0.013,0.904
389000,0.143,0.006,0.851
389500,0.238,0.000,0.762
390000,0.222,0.000,0.778
390500,0.231,0.000,0.769
391000,0.143,0.000,0.857
391500,0.166,0.000,0.834
392000,0.139,0.000,0.861
392500,0.136,0.000,0.864
393000,0.178,0.000,0.822
393500,0.138,0.000,0.862
394000,0.111,0.000,0.889
394500,0.140,0.000,0.860
395000,0.093,0.031,0.876
395500,0.162,0.000,0.838
396000,0.095,0.000,0.905
396500,0.150,0.000,0.850
397000,0.172,0.000,0.828
397500,0.116,0.000,0.884
398000,0.087,0.022,0.891
398500,0.195,0.000,0.805
399000,0.153,0.000,0.847
399500,0.099,0.000,0.901
400000,0.123,0.000,0.877
400500,0.141,0.000,0.859
401000,0.116,0.000,0.884
401500,0.233,0.000,0.767
402000,0.153,0.000,0.847
402500,0.073,0.000,0.927
403000,0.130,0.000,0.870
403500,0.160,0.000,0.840
404000,0.117,0.000,0.883
404500,0.129,0.000,0.871
405000,0.137,0.000,0.863
405500,0.110,0.000,0.890
406000,0.066,0.000,0.934
406500,0.172,0.000,0.828
407000,0.214,0.000,0.786
407500,0.085,0.000,0.915
408000,0.104,0.000,0.896
408500,0.178,0.000,0.822
409000,0.135,0.002,0.863
409500,0.246,0.000,0.754
410000,0.125,0.000,0.875
410500,0.134,0.000,0.866
411000,0.234,0.000,0.766
411500,0.139,0.000,0.861
412000,0.117,0.000,0.883
412500,0.230,0.000,0.770
413000,0.128,0.000,0.872
413500,0.156,0.001,0.843
414000,0.107,0.000,0.893
414500,0.110,0.000,0.890
415000,0.098,0.000,0.902
415500,0.143,0.000,0.857
416000,0.107,0.000,0.893
416500,0.171,0.000,0.829
417000,0.146,0.000,0.854
417500,0.103,0.000,0.897
418000,0.178,0.005,0.817
418500,0.041,0.042,0.917
419000,0.167,0.000,0.833
419500,0.125,0.000,0.875
420000,0.096,0.027,0.877
420500,0.101,0.018,0.881
421000,0.106,0.004,0.890
421500,0.223,0.000,0.777
422000,0.154,0.000,0.846
422500,0.131,0.000,0.869
423000,0.143,0.002,0.855
423500,0.193,0.000,0.807
424000,0.174,0.000,0.826
424500,0.108,0.000,0.892
425000,0.117,0.000,0.883
425500,0.043,0.015,0.942
426000,0.042,0.005,0.953
426500,0.107,0.000,0.893
427000,0.128,0.000,0.872
427500,0.290,0.000,0.710
428000,0.144,0.000,0.856
428500,0.143,0.004,0.853
429000,0.160,0.000,0.840
429500,0.154,0.000,0.846
430000,0.071,0.002,0.927
430500,0.088,0.000,0.912
431000,0.080,0.000,0.920
431500,0.236,0.000,0.764
432000,0.162,0.000,0.838
432500,0.168,0.001,0.831
433000,0.289,0.000,0.711
433500,0.038,0.016,0.946
434000,0.081,0.000,0.919
434500,0.120,0.000,0.880
435000,0.137,0.000,0.863
435500,0.144,0.000,0.856
436000,0.142,0.003,0.855
436500,0.183,0.000,0.817
437000,0.079,0.021,0.900
437500,0.131,0.000,0.869
438000,0.188,0.000,0.812
438500,0.159,0.000,0.841
439000,0.142,0.000,0.858
439500,0.265,0.000,0.735
440000,0.145,0.000,0.855
440500,0.203,0.000,0.797
441000,0.107,0.000,0.893
441500,0.164,0.000,0.836
442000,0.146,0.000,0.854
442500,0.123,0.000,0.877
443000,0.092,0.001,0.907
443500,0.117,0.000,0.883
444000,0.178,0.000,0.822
444500,0.192,0.000,0.808
445000,0.068,0.020,0.912
445500,0.124,0.000,0.876
446000,0.114,0.000,0.886
446500,0.171,0.000,0.829
447000,0.166,0.000,0.834
447500,0.205,0.000,0.795
448000,0.111,0.000,0.889
448500,0.147,0.005,0.848
449000,0.130,0.007,0.863
449500,0.157,0.000,0.843
450000,0.031,0.026,0.943
450500,0.157,0.000,0.843
451000,0.146,0.000,0.854
451500,0.104,0.000,0.896
452000,0.120,0.000,0.880
452500,0.191,0.000,0.809
453000,0.096,0.026,0.878
453500,0.174,0.000,0.826
454000,0.079,0.006,0.915
454500,0.205,0.000,0.795
455000,0.156,0.000,0.844
455500,0.082,0.012,0.906
456000,0.208,0.004,0.788
456500,0.114,0.007,0.879
457000,0.160,0.000,0.840
457500,0.152,0.000,0.848
458000,0.100,0.000,0.900
458500,0.192,0.000,0.808
459000,0.188,0.000,0.812
459500,0.109,0.000,0.891
460000,0.064,0.000,0.936
460500,0.132,0.000,0.868
461000,0.122,0.007,0.871
461500,0.155,0.000,0.845
462000,0.217,0.000,0.783
462500,0.155,0.000,0.845
463000,0.201,0.000,0.799
463500,0.186,0.000,0.814
464000,0.132,0.001,0.867
464500,0.131,0.000,0.869
465000,0.169,0.000,0.831
465500,0.168,0.000,0.832
466000,0.056,0.025,0.919
466500,0.144,0.000,0.856
467000,0.208,0.000,0.792
467500,0.276,0.000,0.724
468000,0.131,0.000,0.869
468500,0.049,0.000,0.951
469000,0.144,0.000,0.856
469500,0.226,0.000,0.774
470000,0.084,0.000,0.916
470500,0.107,0.000,0.893
471000,0.062,0.000,0.938
471500,0.165,0.000,0.835
472000,0.096,0.000,0.904
472500,0.238,0.000,0.762
473000,0.186,0.000,0.814
473500,0.314,0.000,0.686
474000,0.191,0.000,0.809
474500,0.072,0.034,0.894
475000,0.124,0.000,0.876
475500,0.201,0.000,0.799
476000,0.110,0.000,0.890
476500,0.104,0.000,0.896
477000,0.117,0.000,0.883
477500,0.129,0.000,0.871
478000,0.111,0.000,0.889
478500,0.175,0.000,0.825
479000,0.114,0.000,0.886
479500,0.113,0.000,0.887
480000,0.190,0.000,0.810
480500,0.192,0.000,0.808
481000,0.095,0.000,0.905
481500,0.121,0.001,0.878
482000,0.143,0.000,0.857
482500,0.096,0.002,0.902
483000,0.097,0.007,0.896
483500,0.119,0.000,0.881
484000,0.124,0.004,0.872
484500,0.198,0.000,0.802
485000,0.164,0.000,0.836
485500,0.125,0.000,0.875
486000,0.154,0.000,0.846
486500,0.186,0.000,0.814
487000,0.085,0.000,0.915
487500,0.140,0.000,0.860
488000,0.182,0.001,0.817
488500,0.116,0.000,0.884
489000,0.130,0.000,0.870
489500,0.125,0.000,0.875
490000,0.066,0.000,0.934
490500,0.112,0.005,0.883
491000,0.161,0.000,0.839
491500,0.031,0.060,0.909
492000,0.167,0.000,0.833
492500,0.076,0.000,0.924
493000,0.181,0.000,0.819
493500,0.175,0.000,0.825
494000,0.056,0.011,0.933
494500,0.175,0.000,0.825
495000,0.184,0.000,0.816
495500,0.214,0.000,0.786
496000,0.213,0.000,0.787
496500,0.138,0.000,0.862
497000,0.166,0.000,0.834
497500,0.156,0.000,0.844
498000,0.226,0.000,0.774
498500,0.115,0.032,0.853
499000,0.122,0.000,0.878
499500,0.244,0.000,0.756
500000,0.174,0.000,0.826
500500,0.196,0.000,0.804
501000,0.098,0.000,0.902
501500,0.187,0.000,0.813
502000,0.206,0.000,0.794
502500,0.152,0.000,0.848
503000,0.197,0.000,0.803
503500,0.227,0.000,0.773
504000,0.172,0.000,0.828
504500,0.222,0.000,0.778
505000,0.110,0.000,0.890
505500,0.166,0.000,0.834
506000,0.223,0.000,0.777
506500,0.168,0.000,0.832
507000,0.206,0.000,0.794
507500,0.133,0.000,0.867
508000,0.152,0.000,0.848
508500,0.148,0.000,0.852
509000,0.152,0.000,0.848
509500,0.115,0.000,0.885
510000,0.073,0.000,0.927
510500,0.177,0.000,0.823
511000,0.194,0.000,0.806
511500,0.092,0.020,0.888
512000,0.071,0.003,0.926
512500,0.083,0.000,0.917
513000,0.118,0.002,0.880
513500,0.190,0.000,0.810
514000,0.141,0.002,0.857
514500,0.207,0.000,0.793
515000,0.128,0.013,0.859
515500,0.168,0.000,0.832
516000,0.115,0.000,0.885
516500,0.076,0.014,0.910
517000,0.116,0.000,0.884
517500,0.130,0.000,0.870
518000,0.182,0.000,0.818
518500,0.101,0.000,0.899
519000,0.173,0.001,0.826
519500,0.138,0.000,0.862
520000,0.120,0.000,0.880
520500,0.138,0.000,0.862
521000,0.233,0.000,0.767
521500,0.122,0.000,0.878
522000,0.197,0.000,0.803
522500,0.205,0.000,0.795
523000,0.108,0.006,0.886
523500,0.121,0.000,0.879
524000,0.165,0.000,0.835
524500,0.196,0.000,0.804
525000,0.100,0.001,0.899
525500,0.084,0.000,0.916
526000,0.145,0.000,0.855
526500,0.116,0.000,0.884
527000,0.145,0.000,0.855
527500,0.188,0.000,0.812
528000,0.200,0.000,0.800
528500,0.111,0.000,0.889
529000,0.140,0.000,0.860
529500,0.184,0.000,0.816
530000,0.197,0.000,0.803
530500,0.163,0.000,0.837
531000,0.157,0.000,0.843
531500,0.189,0.000,0.811
532000,0.119,0.000,0.881
532500,0.139,0.000,0.861
533000,0.113,0.018,0.869
533500,0.106,0.000,0.894
534000,0.082,0.000,0.918
534500,0.122,0.000,0.878
535000,0.204,0.000,0.796
535500,0.302,0.000,0.698
536000,0.096,0.000,0.904
536500,0.212,0.000,0.788
537000,0.148,0.000,0.852
537500,0.186,0.000,0.814
538000,0.146,0.000,0.854
538500,0.095,0.000,0.905
539000,0.176,0.000,0.824
539500,0.180,0.000,0.820
540000,0.097,0.001,0.902
540500,0.168,0.000,0.832
541000,0.183,0.000,0.817
541500,0.173,0.000,0.827
542000,0.197,0.000,0.803
542500,0.201,0.000,0.799
543000,0.173,0.000,0.827
543500,0.129,0.000,0.871
544000,0.169,0.000,0.831
544500,0.192,0.000,0.808
545000,0.159,0.000,0.841
545500,0.085,0.002,0.913
546000,0.182,0.000,0.818
546500,0.127,0.000,0.873
547000,0.160,0.000,0.840
547500,0.091,0.001,0.908
548000,0.218,0.000,0.782
548500,0.200,0.000,0.800
549000,0.189,0.000,0.811
549500,0.137,0.000,0.863
550000,0.086,0.020,0.894
550500,0.140,0.000,0.860
551000,0.118,0.000,0.882
551500,0.097,0.000,0.903
552000,0.120,0.000,0.880
552500,0.103,0.000,0.897
553000,0.126,0.000,0.874
553500,0.155,0.001,0.844
554000,0.079,0.013,0.908
554500,0.125,0.000,0.875
555000,0.142,0.000,0.858
555500,0.084,0.000,0.916
556000,0.142,0.000,0.858
556500,0.123,0.000,0.877
557000,0.214,0.000,0.786
557500,0.112,0.000,0.888
558000,0.094,0.000,0.906
558500,0.051,0.037,0.912
559000,0.154,0.000,0.846
559500,0.186,0.000,0.814
560000,0.119,0.007,0.874
560500,0.158,0.000,0.842
561000,0.134,0.000,0.866
561500,0.151,0.000,0.849
562000,0.082,0.051,0.867
562500,0.102,0.000,0.898
563000,0.156,0.000,0.844
563500,0.199,0.000,0.801
564000,0.292,0.000,0.708
564500,0.122,0.000,0.878
565000,0.133,0.000,0.867
565500,0.044,0.019,0.937
566000,0.150,0.000,0.850
566500,0.082,0.000,0.918
567000,0.153,0.000,0.847
567500,0.136,0.000,0.864
568000,0.168,0.000,0.832
568500,0.136,0.000,0.864
569000,0.114,0.000,0.886
569500,0.210,0.000,0.790
570000,0.245,0.000,0.755
570500,0.089,0.000,0.911
571000,0.160,0.016,0.824
571500,0.189,0.000,0.811
572000,0.082,0.008,0.910
572500,0.123,0.000,0.877
573000,0.139,0.004,0.857
573500,0.199,0.000,0.801
574000,0.076,0.006,0.918
574500,0.157,0.000,0.843
575000,0.219,0.000,0.781
575500,0.080,0.041,0.879
576000,0.094,0.003,0.903
576500,0.133,0.009,0.858
577000,0.167,0.000,0.833
577500,0.185,0.000,0.815
578000,0.219,0.000,0.781
578500,0.169,0.000,0.831
579000,0.164,0.030,0.806
579500,0.141,0.000,0.859
580000,0.077,0.000,0.923
580500,0.039,0.027,0.934
581000,0.267,0.001,0.732
581500,0.159,0.000,0.841
582000,0.128,0.000,0.872
582500,0.208,0.001,0.791
583000,0.069,0.000,0.931
583500,0.221,0.000,0.779
584000,0.138,0.000,0.862
584500,0.197,0.000,0.803
585000,0.112,0.000,0.888
585500,0.141,0.000,0.859
586000,0.071,0.000,0.929
586500,0.154,0.000,0.846
587000,0.123,0.000,0.877
587500,0.125,0.000,0.875
588000,0.215,0.000,0.785
588500,0.094,0.009,0.897
589000,0.154,0.000,0.846
589500,0.130,0.000,0.870
590000,0.172,0.000,0.828
590500,0.189,0.000,0.811
591000,0.088,0.000,0.912
591500,0.183,0.000,0.817
592000,0.149,0.001,0.850
592500,0.097,0.000,0.903
593000,0.110,0.000,0.890
593500,0.158,0.001,0.841
594000,0.119,0.000,0.881
594500,0.141,0.002,0.857
595000,0.157,0.000,0.843
595500,0.184,0.000,0.816
596000,0.125,0.000,0.875
596500,0.150,0.000,0.850
597000,0.176,0.000,0.824
597500,0.117,0.000,0.883
598000,0.082,0.031,0.887
598500,0.126,0.000,0.874
599000,0.071,0.000,0.929
599500,0.250,0.000,0.750
600000,0.178,0.000,0.822
600500,0.132,0.000,0.868
601000,0.113,0.004,0.883
601500,0.286,0.000,0.714
602000,0.153,0.000,0.847
602500,0.198,0.000,0.802
603000,0.213,0.000,0.787
603500,0.192,0.000,0.808
604000,0.182,0.000,0.818
604500,0.131,0.003,0.866
605000,0.128,0.003,0.869
605500,0.283,0.000,0.717
606000,0.097,0.020,0.883
606500,0.099,0.000,0.901
607000,0.117,0.000,0.883
607500,0.277,0.000,0.723
608000,0.130,0.000,0.870
608500,0.125,0.000,0.875
609000,0.084,0.000,0.916
609500,0.245,0.000,0.755
610000,0.133,0.000,0.867
610500,0.073,0.000,0.927
611000,0.200,0.001,0.799
611500,0.112,0.005,0.883
612000,0.122,0.000,0.878
612500,0.095,0.000,0.905
613000,0.247,0.001,0.752
613500,0.191,0.002,0.807
614000,0.142,0.000,0.858
614500,0.159,0.000,0.841
615000,0.097,0.000,0.903
615500,0.163,0.000,0.837
616000,0.257,0.000,0.743
616500,0.258,0.000,0.742
617000,0.181,0.000,0.819
617500,0.100,0.005,0.895
618000,0.130,0.000,0.870
618500,0.064,0.013,0.923
619000,0.168,0.000,0.832
619500,0.150,0.000,0.850
620000,0.154,0.000,0.846
620500,0.144,0.000,0.856
621000,0.265,0.000,0.735
621500,0.127,0.000,0.873
622000,0.169,0.000,0.831
622500,0.142,0.000,0.858
623000,0.139,0.000,0.861
623500,0.125,0.000,0.875
624000,0.229,0.000,0.771
624500,0.153,0.003,0.844
625000,0.238,0.000,0.762
625500,0.203,0.000,0.797
626000,0.114,0.000,0.886
626500,0.111,0.000,0.889
627000,0.103,0.000,0.897
627500,0.106,0.000,0.894
628000,0.161,0.008,0.831
628500,0.102,0.000,0.898
629000,0.125,0.000,0.875
629500,0.218,0.000,0.782
630000,0.180,0.000,0.820
630500,0.178,0.000,0.822
631000,0.108,0.016,0.876
631500,0.097,0.000,0.903
632000,0.072,0.000,0.928
632500,0.128,0.000,0.872
633000,0.085,0.006,0.909
633500,0.227,0.000,0.773
634000,0.098,0.000,0.902
634500,0.139,0.000,0.861
635000,0.182,0.000,0.818
635500,0.100,0.018,0.882
636000,0.095,0.000,0.905
636500,0.204,0.000,0.796
637000,0.228,0.000,0.772
637500,0.182,0.000,0.818
638000,0.173,0.000,0.827
638500,0.123,0.000,0.877
639000,0.094,0.000,0.906
639500,0.165,0.000,0.835
640000,0.142,0.000,0.858
640500,0.119,0.000,0.881
641000,0.148,0.001,0.851
641500,0.106,0.001,0.893
642000,0.207,0.000,0.793
642500,0.178,0.000,0.822
643000,0.191,0.000,0.809
643500,0.083,0.000,0.917
644000,0.081,0.000,0.919
644500,0.237,0.000,0.763
645000,0.195,0.000,0.805
645500,0.110,0.000,0.890
646000,0.122,0.000,0.878
646500,0.187,0.000,0.813
647000,0.146,0.000,0.854
647500,0.101,0.000,0.899
648000,0.210,0.000,0.790
648500,0.158,0.000,0.842
649000,0.160,0.000,0.840
649500,0.154,0.000,0.846
650000,0.129,0.009,0.862
650500,0.087,0.030,0.883
651000,0.143,0.000,0.857
651500,0.121,0.000,0.879
652000,0.121,0.000,0.879
652500,0.140,0.000,0.860
653000,0.137,0.000,0.863
653500,0.091,0.062,0.847
654000,0.188,0.000,0.812
654500,0.091,0.000,0.909
655000,0.141,0.000,0.859
655500,0.119,0.000,0.881
656000,0.157,0.000,0.843
656500,0.204,0.000,0.796
657000,0.194,0.000,0.806
657500,0.137,0.000,0.863
658000,0.077,0.007,0.916
658500,0.134,0.000,0.866
659000,0.142,0.000,0.858
659500,0.198,0.000,0.802
660000,0.141,0.000,0.859
660500,0.283,0.000,0.717
661000,0.189,0.000,0.811
661500,0.160,0.000,0.840
662000,0.233,0.000,0.767
662500,0.106,0.000,0.894
663000,0.137,0.000,0.863
663500,0.178,0.000,0.822
664000,0.176,0.000,0.824
664500,0.103,0.000,0.897
665000,0.176,0.000,0.824
665500,0.165,0.000,0.835
666000,0.168,0.000,0.832
666500,0.109,0.005,0.886
667000,0.144,0.000,0.856
667500,0.165,0.000,0.835
668000,0.110,0.005,0.885
668500,0.157,0.000,0.843
669000,0.239,0.000,0.761
669500,0.196,0.000,0.804
670000,0.135,0.000,0.865
670500,0.116,0.000,0.884
671000,0.145,0.000,0.855
671500,0.105,0.002,0.893
672000,0.056,0.021,0.923
672500,0.190,0.000,0.810
673000,0.102,0.000,0.898
673500,0.148,0.000,0.852
674000,0.165,0.000,0.835
674500,0.113,0.000,0.887
675000,0.158,0.000,0.842
675500,0.163,0.000,0.837
676000,0.175,0.000,0.825
676500,0.139,0.000,0.861
677000,0.162,0.003,0.835
677500,0.255,0.000,0.745
678000,0.167,0.000,0.833
678500,0.118,0.000,0.882
679000,0.192,0.000,0.808
679500,0.163,0.000,0.837
680000,0.171,0.000,0.829
680500,0.183,0.003,0.814
681000,0.170,0.000,0.830
681500,0.110,0.000,0.890
682000,0.150,0.000,0.850
682500,0.171,0.000,0.829
683000,0.215,0.000,0.785
683500,0.185,0.000,0.815
684000,0.182,0.000,0.818
684500,0.139,0.000,0.861
685000,0.299,0.000,0.701
685500,0.162,0.000,0.838
686000,0.225,0.000,0.775
686500,0.129,0.000,0.871
687000,0.124,0.000,0.876
687500,0.178,0.000,0.822
688000,0.208,0.000,0.792
688500,0.154,0.000,0.846
689000,0.156,0.000,0.844
689500,0.180,0.000,0.820
690000,0.090,0.000,0.910
690500,0.177,0.000,0.823
691000,0.187,0.000,0.813
691500,0.202,0.000,0.798
692000,0.152,0.000,0.848
692500,0.188,0.000,0.812
693000,0.109,0.000,0.891
693500,0.125,0.000,0.875
694000,0.226,0.000,0.774
694500,0.234,0.000,0.766
695000,0.114,0.016,0.870
695500,0.108,0.003,0.889
696000,0.134,0.000,0.866
696500,0.172,0.000,0.828
697000,0.156,0.000,0.844
697500,0.181,0.000,0.819
698000,0.116,0.002,0.882
698500,0.150,0.000,0.850
699000,0.094,0.005,0.901
699500,0.138,0.000,0.862
700000,0.143,0.000,0.857
700500,0.268,0.000,0.732
701000,0.175,0.000,0.825
701500,0.195,0.000,0.805
702000,0.099,0.000,0.901
702500,0.112,0.001,0.887
703000,0.105,0.000,0.895
703500,0.155,0.030,0.815
704000,0.095,0.000,0.905
704500,0.163,0.000,0.837
705000,0.150,0.000,0.850
705500,0.106,0.000,0.894
706000,0.138,0.000,0.862
706500,0.178,0.000,0.822
707000,0.180,0.000,0.820
707500,0.168,0.000,0.832
708000,0.099,0.000,0.901
708500,0.182,0.000,0.818
709000,0.212,0.000,0.788
709500,0.136,0.000,0.864
710000,0.106,0.003,0.891
710500,0.158,0.000,0.842
711000,0.066,0.011,0.923
711500,0.108,0.000,0.892
712000,0.160,0.000,0.840
712500,0.240,0.000,0.760
713000,0.134,0.000,0.866
713500,0.147,0.000,0.853
714000,0.052,0.043,0.905
714500,0.150,0.000,0.850
715000,0.169,0.000,0.831
715500,0.155,0.000,0.845
716000,0.157,0.000,0.843
716500,0.096,0.031,0.873
717000,0.165,0.000,0.835
717500,0.134,0.000,0.866
718000,0.037,0.036,0.927
718500,0.092,0.000,0.908
719000,0.231,0.000,0.769
719500,0.127,0.000,0.873
720000,0.134,0.000,0.866
720500,0.155,0.000,0.845
721000,0.180,0.000,0.820
721500,0.160,0.000,0.840
722000,0.248,0.000,0.752
722500,0.063,0.000,0.937
723000,0.203,0.000,0.797
723500,0.141,0.000,0.859
724000,0.063,0.045,0.892
724500,0.227,0.000,0.773
725000,0.135,0.000,0.865
725500,0.139,0.001,0.860
726000,0.044,0.000,0.956
726500,0.103,0.000,0.897
727000,0.106,0.000,0.894
727500,0.095,0.028,0.877
728000,0.117,0.000,0.883
728500,0.129,0.000,0.871
729000,0.157,0.000,0.843
729500,0.314,0.000,0.686
730000,0.157,0.000,0.843
730500,0.100,0.000,0.900
731000,0.132,0.000,0.868
731500,0.124,0.000,0.876
732000,0.267,0.000,0.733
732500,0.112,0.011,0.877
733000,0.203,0.000,0.797
733500,0.070,0.000,0.930
734000,0.162,0.000,0.838
734500,0.071,0.000,0.929
735000,0.106,0.000,0.894
735500,0.199,0.000,0.801
736000,0.067,0.003,0.930
736500,0.191,0.000,0.809
737000,0.160,0.001,0.839
737500,0.151,0.000,0.849
738000,0.195,0.000,0.805
738500,0.204,0.000,0.796
739000,0.097,0.000,0.903
739500,0.070,0.000,0.930
740000,0.076,0.000,0.924
740500,0.183,0.000,0.817
741000,0.254,0.000,0.746
741500,0.131,0.000,0.869
742000,0.185,0.000,0.815
742500,0.066,0.000,0.934
743000,0.106,0.016,0.878
743500,0.157,0.000,0.843
744000,0.155,0.000,0.845
744500,0.212,0.000,0.788
745000,0.174,0.000,0.826
745500,0.135,0.000,0.865
746000,0.055,0.000,0.945
746500,0.275,0.000,0.725
747000,0.193,0.000,0.807
747500,0.140,0.000,0.860
748000,0.158,0.000,0.842
748500,0.155,0.000,0.845
749000,0.133,0.000,0.867
749500,0.097,0.000,0.903
750000,0.169,0.000,0.831
750500,0.084,0.035,0.881
751000,0.128,0.000,0.872
751500,0.212,0.000,0.788
752000,0.157,0.000,0.843
752500,0.155,0.000,0.845
753000,0.190,0.000,0.810
753500,0.115,0.000,0.885
754000,0.104,0.024,0.872
754500,0.101,0.000,0.899
755000,0.098,0.000,0.902
755500,0.128,0.000,0.872
756000,0.220,0.000,0.780
756500,0.054,0.014,0.932
757000,0.075,0.029,0.896
757500,0.144,0.000,0.856
758000,0.114,0.000,0.886
758500,0.136,0.000,0.864
759000,0.099,0.000,0.901
759500,0.125,0.000,0.875
760000,0.079,0.000,0.921
760500,0.047,0.024,0.929
761000,0.164,0.000,0.836
761500,0.147,0.000,0.853
762000,0.105,0.031,0.864
762500,0.140,0.000,0.860
763000,0.130,0.000,0.870
763500,0.155,0.000,0.845
764000,0.168,0.000,0.832
764500,0.119,0.000,0.881
765000,0.191,0.000,0.809
765500,0.131,0.000,0.869
766000,0.094,0.002,0.904
766500,0.058,0.011,0.931
767000,0.139,0.000,0.861
767500,0.141,0.000,0.859
768000,0.210,0.000,0.790
768500,0.140,0.000,0.860
769000,0.244,0.000,0.756
769500,0.190,0.000,0.810
770000,0.202,0.000,0.798
770500,0.199,0.000,0.801
771000,0.193,0.000,0.807
771500,0.088,0.016,0.896
772000,0.158,0.000,0.842
772500,0.131,0.000,0.869
773000,0.112,0.000,0.888
773500,0.139,0.000,0.861
774000,0.129,0.000,0.871
774500,0.157,0.000,0.843
775000,0.108,0.000,0.892
775500,0.216,0.000,0.784
776000,0.123,0.000,0.877
776500,0.143,0.000,0.857
777000,0.111,0.000,0.889
777500,0.112,0.000,0.888
778000,0.067,0.000,0.933
778500,0.173,0.000,0.827
779000,0.116,0.000,0.884
779500,0.196,0.000,0.804
780000,0.241,0.000,0.759
780500,0.158,0.001,0.841
781000,0.126,0.000,0.874
781500,0.090,0.000,0.910
782000,0.109,0.000,0.891
782500,0.165,0.000,0.835
783000,0.185,0.000,0.815
783500,0.129,0.004,0.867
784000,0.139,0.000,0.861
784500,0.065,0.021,0.914
785000,0.172,0.000,0.828
785500,0.203,0.000,0.797
786000,0.132,0.000,0.868
786500,0.203,0.000,0.797
787000,0.102,0.000,0.898
787500,0.156,0.000,0.844
788000,0.146,0.000,0.854
788500,0.120,0.000,0.880
789000,0.106,0.000,0.894
789500,0.074,0.019,0.907
790000,0.206,0.001,0.793
790500,0.175,0.000,0.825
791000,0.137,0.005,0.858
791500,0.145,0.000,0.855
792000,0.038,0.041,0.921
792500,0.092,0.001,0.907
793000,0.162,0.000,0.838
793500,0.108,0.000,0.892
794000,0.132,0.000,0.868
794500,0.111,0.000,0.889
795000,0.168,0.000,0.832
795500,0.130,0.000,0.870
796000,0.062,0.019,0.919
796500,0.108,0.042,0.850
797000,0.153,0.002,0.845
797500,0.074,0.000,0.926
798000,0.121,0.000,0.879
798500,0.184,0.000,0.816
799000,0.086,0.000,0.914
799500,0.203,0.000,0.797
800000,0.075,0.000,0.925
800500,0.150,0.000,0.850
801000,0.253,0.000,0.747
801500,0.183,0.000,0.817
802000,0.170,0.000,0.830
802500,0.131,0.000,0.869
803000,0.133,0.000,0.867
803500,0.144,0.000,0.856
804000,0.200,0.000,0.800
804500,0.188,0.000,0.812
805000,0.153,0.002,0.845
805500,0.216,0.000,0.784
806000,0.173,0.000,0.827
806500,0.267,0.000,0.733
807000,0.175,0.000,0.825
807500,0.278,0.000,0.722
808000,0.140,0.000,0.860
808500,0.178,0.000,0.822
809000,0.109,0.000,0.891
809500,0.213,0.000,0.787
810000,0.172,0.001,0.827
810500,0.188,0.000,0.812
811000,0.128,0.000,0.872
811500,0.101,0.005,0.894
812000,0.210,0.000,0.790
812500,0.149,0.001,0.850
813000,0.168,0.000,0.832
813500,0.158,0.000,0.842
814000,0.125,0.000,0.875
814500,0.110,0.000,0.890
815000,0.092,0.000,0.908
815500,0.171,0.000,0.829
816000,0.123,0.000,0.877
816500,0.103,0.000,0.897
817000,0.065,0.000,0.935
817500,0.235,0.000,0.765
818000,0.192,0.000,0.808
818500,0.162,0.000,0.838
819000,0.199,0.000,0.801
819500,0.139,0.000,0.861
820000,0.195,0.000,0.805
820500,0.076,0.000,0.924
821000,0.100,0.002,0.898
821500,0.128,0.000,0.872
822000,0.167,0.000,0.833
822500,0.127,0.000,0.873
823000,0.186,0.000,0.814
823500,0.225,0.000,0.775
824000,0.146,0.000,0.854
824500,0.111,0.006,0.883
825000,0.201,0.000,0.799
825500,0.135,0.000,0.865
826000,0.130,0.000,0.870
826500,0.156,0.000,0.844
827000,0.143,0.000,0.857
827500,0.138,0.000,0.862
828000,0.206,0.000,0.794
828500,0.255,0.000,0.745
829000,0.192,0.000,0.808
829500,0.066,0.008,0.926
830000,0.254,0.000,0.746
830500,0.180,0.004,0.816
831000,0.108,0.003,0.889
831500,0.187,0.000,0.813
832000,0.240,0.000,0.760
832500,0.102,0.007,0.891
833000,0.066,0.002,0.932
833500,0.159,0.000,0.841
834000,0.239,0.000,0.761
834500,0.183,0.000,0.817
835000,0.078,0.000,0.922
835500,0.217,0.000,0.783
836000,0.146,0.000,0.854
836500,0.126,0.000,0.874
837000,0.124,0.000,0.876
837500,0.166,0.000,0.834
838000,0.162,0.000,0.838
838500,0.075,0.001,0.924
839000,0.072,0.000,0.928
839500,0.201,0.000,0.799
840000,0.123,0.000,0.877
840500,0.169,0.000,0.831
841000,0.109,0.000,0.891
841500,0.141,0.000,0.859
842000,0.130,0.000,0.870
842500,0.182,0.000,0.818
843000,0.201,0.000,0.799
843500,0.123,0.000,0.877
844000,0.120,0.000,0.880
844500,0.165,0.000,0.835
845000,0.064,0.015,0.921
845500,0.128,0.000,0.872
846000,0.165,0.000,0.835
846500,0.131,0.000,0.869
847000,0.106,0.000,0.894
847500,0.085,0.000,0.915
848000,0.151,0.000,0.849
848500,0.119,0.000,0.881
849000,0.124,0.000,0.876
849500,0.163,0.000,0.837
850000,0.120,0.000,0.880
850500,0.145,0.000,0.855
851000,0.199,0.000,0.801
851500,0.112,0.000,0.888
852000,0.205,0.000,0.795
852500,0.110,0.000,0.890
853000,0.169,0.000,0.831
853500,0.181,0.000,0.819
854000,0.141,0.000,0.859
854500,0.243,0.000,0.757
855000,0.137,0.000,0.863
855500,0.088,0.000,0.912
856000,0.168,0.000,0.832
856500,0.214,0.000,0.786
857000,0.128,0.000,0.872
857500,0.132,0.000,0.868
858000,0.145,0.000,0.855
858500,0.172,0.000,0.828
859000,0.182,0.000,0.818
859500,0.125,0.001,0.874
860000,0.161,0.000,0.839
860500,0.129,0.000,0.871
861000,0.142,0.000,0.858
861500,0.098,0.000,0.902
862000,0.182,0.000,0.818
862500,0.130,0.000,0.870
863000,0.123,0.018,0.859
863500,0.118,0.000,0.882
864000,0.175,0.000,0.825
864500,0.122,0.000,0.878
865000,0.145,0.000,0.855
865500,0.135,0.000,0.865
866000,0.191,0.000,0.809
866500,0.099,0.000,0.901
867000,0.173,0.000,0.827
867500,0.122,0.000,0.878
868000,0.154,0.000,0.846
868500,0.091,0.000,0.909
869000,0.166,0.000,0.834
869500,0.224,0.000,0.776
870000,0.249,0.000,0.751
870500,0.157,0.000,0.843
871000,0.129,0.004,0.867
871500,0.214,0.000,0.786
872000,0.135,0.000,0.865
872500,0.091,0.000,0.909
873000,0.134,0.000,0.866
873500,0.248,0.000,0.752
874000,0.179,0.000,0.821
874500,0.036,0.021,0.943
875000,0.103,0.000,0.897
875500,0.148,0.001,0.851
876000,0.114,0.000,0.886
876500,0.069,0.025,0.906
877000,0.176,0.000,0.824
877500,0.158,0.000,0.842
878000,0.159,0.000,0.841
878500,0.243,0.000,0.757
879000,0.191,0.000,0.809
879500,0.251,0.000,0.749
880000,0.105,0.000,0.895
880500,0.093,0.008,0.899
881000,0.169,0.000,0.831
881500,0.107,0.000,0.893
882000,0.144,0.000,0.856
882500,0.098,0.000,0.902
883000,0.082,0.001,0.917
883500,0.190,0.000,0.810
884000,0.190,0.000,0.810
884500,0.207,0.000,0.793
885000,0.155,0.000,0.845
885500,0.152,0.000,0.848
886000,0.148,0.000,0.852
886500,0.223,0.000,0.777
887000,0.210,0.000,0.790
887500,0.094,0.000,0.906
888000,0.189,0.000,0.811
888500,0.320,0.000,0.680
889000,0.194,0.000,0.806
889500,0.072,0.010,0.918
890000,0.196,0.000,0.804
890500,0.118,0.000,0.882
891000,0.194,0.001,0.805
891500,0.247,0.000,0.753
892000,0.076,0.000,0.924
892500,0.186,0.000,0.814
893000,0.053,0.032,0.915
893500,0.098,0.000,0.902
894000,0.188,0.007,0.805
894500,0.068,0.001,0.931
895000,0.160,0.000,0.840
895500,0.162,0.000,0.838
896000,0.219,0.000,0.781
896500,0.124,0.000,0.876
897000,0.212,0.000,0.788
897500,0.072,0.005,0.923
898000,0.166,0.000,0.834
898500,0.100,0.000,0.900
899000,0.146,0.000,0.854
899500,0.122,0.000,0.878
900000,0.109,0.000,0.891
900500,0.248,0.000,0.752
901000,0.178,0.000,0.822
901500,0.144,0.000,0.856
902000,0.154,0.000,0.846
902500,0.080,0.006,0.914
903000,0.153,0.000,0.847
903500,0.205,0.000,0.795
904000,0.081,0.000,0.919
904500,0.141,0.000,0.859
905000,0.108,0.000,0.892
905500,0.158,0.000,0.842
906000,0.162,0.000,0.838
906500,0.096,0.000,0.904
907000,0.168,0.000,0.832
907500,0.146,0.000,0.854
908000,0.121,0.000,0.879
908500,0.112,0.000,0.888
909000,0.071,0.015,0.914
909500,0.246,0.000,0.754
910000,0.131,0.000,0.869
910500,0.196,0.003,0.801
911000,0.127,0.000,0.873
911500,0.088,0.002,0.910
912000,0.156,0.000,0.844
912500,0.209,0.000,0.791
913000,0.178,0.000,0.822
913500,0.119,0.000,0.881
914000,0.159,0.000,0.841
914500,0.115,0.000,0.885
915000,0.160,0.000,0.840
915500,0.254,0.000,0.746
916000,0.128,0.003,0.869
916500,0.077,0.001,0.922
917000,0.249,0.000,0.751
917500,0.173,0.000,0.827
918000,0.152,0.000,0.848
918500,0.148,0.013,0.839
919000,0.164,0.009,0.827
919500,0.115,0.010,0.875
920000,0.243,0.000,0.757
920500,0.074,0.012,0.914
921000,0.147,0.000,0.853
921500,0.133,0.000,0.867
922000,0.240,0.000,0.760
922500,0.145,0.000,0.855
923000,0.203,0.000,0.797
923500,0.105,0.000,0.895
924000,0.095,0.025,0.880
924500,0.055,0.002,0.943
925000,0.129,0.000,0.871
925500,0.249,0.000,0.751
926000,0.073,0.020,0.907
926500,0.235,0.000,0.765
927000,0.163,0.000,0.837
927500,0.062,0.000,0.938
928000,0.178,0.000,0.822
928500,0.190,0.000,0.810
929000,0.150,0.000,0.850
929500,0.151,0.000,0.849
930000,0.171,0.000,0.829
930500,0.155,0.000,0.845
931000,0.148,0.000,0.852
931500,0.211,0.000,0.789
932000,0.093,0.013,0.894
932500,0.216,0.000,0.784
933000,0.276,0.000,0.724
933500,0.159,0.000,0.841
934000,0.186,0.000,0.814
934500,0.238,0.000,0.762
935000,0.155,0.000,0.845
935500,0.184,0.000,0.816
936000,0.161,0.000,0.839
936500,0.189,0.000,0.811
937000,0.158,0.000,0.842
937500,0.088,0.000,0.912
938000,0.159,0.000,0.841
938500,0.098,0.000,0.902
939000,0.180,0.000,0.820
939500,0.155,0.000,0.845
940000,0.128,0.000,0.872
940500,0.062,0.000,0.938
941000,0.083,0.000,0.917
941500,0.094,0.000,0.906
942000,0.200,0.000,0.800
942500,0.266,0.000,0.734
943000,0.153,0.000,0.847
943500,0.159,0.000,0.841
944000,0.071,0.001,0.928
944500,0.129,0.000,0.871
945000,0.178,0.001,0.821
945500,0.097,0.000,0.903
946000,0.113,0.000,0.887
946500,0.121,0.000,0.879
947000,0.150,0.000,0.850
947500,0.125,0.000,0.875
948000,0.198,0.000,0.802
948500,0.054,0.000,0.946
949000,0.105,0.000,0.895
949500,0.219,0.000,0.781
950000,0.153,0.001,0.846
950500,0.200,0.000,0.800
951000,0.286,0.000,0.714
951500,0.200,0.000,0.800
952000,0.128,0.000,0.872
952500,0.166,0.000,0.834
953000,0.139,0.000,0.861
953500,0.132,0.000,0.868
954000,0.153,0.000,0.847
954500,0.125,0.000,0.875
955000,0.252,0.000,0.748
955500,0.149,0.000,0.851
956000,0.111,0.000,0.889
956500,0.215,0.000,0.785
957000,0.222,0.000,0.778
957500,0.161,0.000,0.839
958000,0.094,0.000,0.906
958500,0.122,0.029,0.849
959000,0.214,0.000,0.786
959500,0.090,0.003,0.907
960000,0.190,0.000,0.810
960500,0.249,0.000,0.751
961000,0.145,0.000,0.855
961500,0.212,0.000,0.788
962000,0.172,0.000,0.828
962500,0.163,0.000,0.837
963000,0.177,0.000,0.823
963500,0.211,0.000,0.789
964000,0.061,0.040,0.899
964500,0.116,0.000,0.884
965000,0.103,0.000,0.897
965500,0.176,0.000,0.824
966000,0.237,0.000,0.763
966500,0.202,0.000,0.798
967000,0.194,0.000,0.806
967500,0.159,0.000,0.841
968000,0.156,0.000,0.844
968500,0.112,0.001,0.887
969000,0.235,0.000,0.765
969500,0.046,0.000,0.954
970000,0.100,0.001,0.899
970500,0.105,0.000,0.895
971000,0.156,0.000,0.844
971500,0.077,0.023,0.900
972000,0.146,0.000,0.854
972500,0.135,0.000,0.865
973000,0.135,0.000,0.865
973500,0.232,0.000,0.768
974000,0.187,0.000,0.813
974500,0.105,0.000,0.895
975000,0.103,0.000,0.897
975500,0.221,0.000,0.779
976000,0.218,0.000,0.782
976500,0.192,0.000,0.808
977000,0.086,0.000,0.914
977500,0.180,0.000,0.820
978000,0.115,0.000,0.885
978500,0.170,0.000,0.830
979000,0.069,0.000,0.931
979500,0.162,0.000,0.838
980000,0.199,0.000,0.801
980500,0.106,0.000,0.894
981000,0.141,0.001,0.858
981500,0.235,0.000,0.765
982000,0.174,0.000,0.826
982500,0.157,0.001,0.842
983000,0.221,0.000,0.779
983500,0.252,0.000,0.748
984000,0.096,0.000,0.904
984500,0.137,0.000,0.863
985000,0.153,0.000,0.847
985500,0.094,0.000,0.906
986000,0.129,0.000,0.871
986500,0.236,0.000,0.764
987000,0.094,0.000,0.906
987500,0.089,0.000,0.911
988000,0.224,0.006,0.770
988500,0.159,0.000,0.841
989000,0.045,0.028,0.927
989500,0.166,0.000,0.834
990000,0.089,0.019,0.892
990500,0.230,0.000,0.770
991000,0.128,0.000,0.872
991500,0.168,0.000,0.832
992000,0.271,0.000,0.729
992500,0.114,0.000,0.886
993000,0.147,0.005,0.848
993500,0.194,0.000,0.806
994000,0.132,0.000,0.868
994500,0.098,0.000,0.902
995000,0.075,0.000,0.925
995500,0.118,0.000,0.882
996000,0.158,0.000,0.842
996500,0.173,0.000,0.827
997000,0.106,0.004,0.890
997500,0.078,0.000,0.922
998000,0.131,0.000,0.869
998500,0.153,0.000,0.847
999000,0.122,0.000,0.878
999500,0.147,0.000,0.853
1000000,0.127,0.000,0.873
