time,n_A+p,n_B,n_AB
500,0.010,0.977,0.013
1000,0.010,0.947,0.043
1500,0.010,0.944,0.046
2000,0.010,0.957,0.033
2500,0.010,0.951,0.039
3000,0.010,0.893,0.097
3500,0.010,0.921,0.069
4000,0.010,0.903,0.087
4500,0.010,0.943,0.047
5000,0.010,0.942,0.048
5500,0.010,0.935,0.055
6000,0.010,0.901,0.089
6500,0.010,0.912,0.078
7000,0.010,0.896,0.094
7500,0.010,0.887,0.103
8000,0.010,0.921,0.069
8500,0.010,0.931,0.058
9000,0.010,0.949,0.041
9500,0.010,0.936,0.054
10000,0.010,0.944,0.046
10500,0.010,0.955,0.035
11000,0.010,0.926,0.064
11500,0.010,0.921,0.069
12000,0.010,0.939,0.051
12500,0.010,0.947,0.043
13000,0.010,0.947,0.043
13500,0.010,0.915,0.075
14000,0.010,0.956,0.034
14500,0.010,0.960,0.030
15000,0.010,0.939,0.051
15500,0.010,0.906,0.084
16000,0.010,0.889,0.101
16500,0.010,0.889,0.101
17000,0.010,0.896,0.094
17500,0.010,0.876,0.114
18000,0.010,0.880,0.110
18500,0.010,0.878,0.112
19000,0.010,0.899,0.091
19500,0.010,0.886,0.104
20000,0.010,0.856,0.134
20500,0.010,0.887,0.103
21000,0.010,0.923,0.067
21500,0.010,0.930,0.059
22000,0.010,0.922,0.068
22500,0.010,0.887,0.103
23000,0.010,0.921,0.069
23500,0.010,0.920,0.070
24000,0.010,0.932,0.057
24500,0.010,0.958,0.032
25000,0.010,0.920,0.070
25500,0.010,0.945,0.045
26000,0.010,0.974,0.016
26500,0.010,0.907,0.083
27000,0.010,0.915,0.075
27500,0.010,0.916,0.074
28000,0.010,0.879,0.111
28500,0.010,0.886,0.104
29000,0.010,0.891,0.099
29500,0.010,0.908,0.082
30000,0.010,0.897,0.093
30500,0.010,0.903,0.087
31000,0.010,0.920,0.070
31500,0.010,0.919,0.071
32000,0.010,0.922,0.068
32500,0.010,0.928,0.061
33000,0.010,0.908,0.082
33500,0.010,0.891,0.099
34000,0.010,0.861,0.129
34500,0.010,0.884,0.106
35000,0.010,0.923,0.067
35500,0.010,0.902,0.088
36000,0.010,0.920,0.070
36500,0.010,0.934,0.055
37000,0.010,0.949,0.041
37500,0.010,0.953,0.037
38000,0.010,0.933,0.056
38500,0.010,0.919,0.071
39000,0.010,0.938,0.052
39500,0.010,0.904,0.086
40000,0.010,0.891,0.099
40500,0.010,0.860,0.130
41000,0.010,0.867,0.123
41500,0.010,0.883,0.107
42000,0.010,0.874,0.116
42500,0.010,0.881,0.109
43000,0.010,0.882,0.108
43500,0.010,0.866,0.124
44000,0.010,0.908,0.082
44500,0.010,0.949,0.041
45000,0.010,0.944,0.046
45500,0.010,0.950,0.040
46000,0.010,0.930,0.059
46500,0.010,0.939,0.051
47000,0.010,0.901,0.089
47500,0.010,0.899,0.091
48000,0.010,0.886,0.104
48500,0.010,0.877,0.113
49000,0.010,0.887,0.103
49500,0.010,0.913,0.077
50000,0.010,0.935,0.055
50500,0.010,0.934,0.056
51000,0.010,0.890,0.100
51500,0.010,0.921,0.069
52000,0.010,0.892,0.098
52500,0.010,0.883,0.107
53000,0.010,0.931,0.059
53500,0.010,0.925,0.065
54000,0.010,0.911,0.079
54500,0.010,0.936,0.054
55000,0.010,0.916,0.074
55500,0.010,0.934,0.056
56000,0.010,0.920,0.070
56500,0.010,0.938,0.052
57000,0.010,0.896,0.094
57500,0.010,0.909,0.081
58000,0.010,0.905,0.085
58500,0.010,0.905,0.085
59000,0.010,0.927,0.063
59500,0.010,0.921,0.069
60000,0.010,0.940,0.050
60500,0.010,0.941,0.049
61000,0.010,0.957,0.033
61500,0.010,0.928,0.061
62000,0.010,0.930,0.060
62500,0.010,0.905,0.085
63000,0.010,0.909,0.081
63500,0.010,0.916,0.074
64000,0.010,0.881,0.109
64500,0.010,0.910,0.080
65000,0.010,0.918,0.072
65500,0.010,0.934,0.056
66000,0.010,0.961,0.029
66500,0.010,0.928,0.061
67000,0.010,0.942,0.048
67500,0.010,0.959,0.031
68000,0.010,0.949,0.041
68500,0.010,0.970,0.020
69000,0.010,0.946,0.044
69500,0.010,0.923,0.067
70000,0.010,0.950,0.040
70500,0.010,0.929,0.061
71000,0.010,0.914,0.076
71500,0.010,0.936,0.053
72000,0.010,0.954,0.036
72500,0.010,0.961,0.029
73000,0.010,0.943,0.047
73500,0.010,0.962,0.028
74000,0.010,0.943,0.047
74500,0.010,0.910,0.080
75000,0.010,0.907,0.083
75500,0.010,0.913,0.077
76000,0.010,0.928,0.062
76500,0.010,0.941,0.049
77000,0.010,0.935,0.054
77500,0.010,0.940,0.050
78000,0.010,0.931,0.059
78500,0.010,0.890,0.100
79000,0.010,0.918,0.072
79500,0.010,0.943,0.047
80000,0.010,0.948,0.042
80500,0.010,0.960,0.030
81000,0.010,0.945,0.045
81500,0.010,0.949,0.041
82000,0.010,0.947,0.043
82500,0.010,0.951,0.039
83000,0.010,0.946,0.044
83500,0.010,0.905,0.085
84000,0.010,0.910,0.080
84500,0.010,0.930,0.060
85000,0.010,0.922,0.068
85500,0.010,0.901,0.089
86000,0.010,0.944,0.046
86500,0.010,0.927,0.063
87000,0.010,0.914,0.076
87500,0.010,0.909,0.081
88000,0.010,0.913,0.077
88500,0.010,0.932,0.057
89000,0.010,0.878,0.112
89500,0.010,0.924,0.066
90000,0.010,0.897,0.093
90500,0.010,0.932,0.057
91000,0.010,0.934,0.055
91500,0.010,0.924,0.066
92000,0.010,0.931,0.059
92500,0.010,0.950,0.040
93000,0.010,0.942,0.048
93500,0.010,0.947,0.043
94000,0.010,0.940,0.050
94500,0.010,0.930,0.060
95000,0.010,0.890,0.100
95500,0.010,0.909,0.081
96000,0.010,0.929,0.061
96500,0.010,0.931,0.058
97000,0.010,0.946,0.044
97500,0.010,0.909,0.081
98000,0.010,0.887,0.103
98500,0.010,0.901,0.089
99000,0.010,0.901,0.089
99500,0.010,0.929,0.061
100000,0.010,0.908,0.082
100500,0.010,0.867,0.123
101000,0.010,0.941,0.049
101500,0.010,0.959,0.031
102000,0.010,0.951,0.039
102500,0.010,0.958,0.032
103000,0.010,0.968,0.022
103500,0.010,0.940,0.050
104000,0.010,0.951,0.039
104500,0.010,0.959,0.031
105000,0.010,0.934,0.056
105500,0.010,0.940,0.050
106000,0.010,0.941,0.049
106500,0.010,0.927,0.062
107000,0.010,0.938,0.052
107500,0.010,0.916,0.074
108000,0.010,0.920,0.070
108500,0.010,0.905,0.085
109000,0.010,0.883,0.107
109500,0.010,0.914,0.076
110000,0.010,0.885,0.105
110500,0.010,0.899,0.091
111000,0.010,0.927,0.062
111500,0.010,0.965,0.025
112000,0.010,0.953,0.037
112500,0.010,0.896,0.094
113000,0.010,0.881,0.109
113500,0.010,0.898,0.092
114000,0.010,0.932,0.058
114500,0.010,0.937,0.053
115000,0.010,0.930,0.060
115500,0.010,0.908,0.082
116000,0.010,0.914,0.076
116500,0.010,0.882,0.108
117000,0.010,0.904,0.086
117500,0.010,0.924,0.066
118000,0.010,0.884,0.106
118500,0.010,0.921,0.069
119000,0.010,0.929,0.060
119500,0.010,0.906,0.084
120000,0.010,0.915,0.075
120500,0.010,0.927,0.062
121000,0.010,0.916,0.074
121500,0.010,0.885,0.105
122000,0.010,0.898,0.092
122500,0.010,0.871,0.119
123000,0.010,0.905,0.085
123500,0.010,0.890,0.100
124000,0.010,0.914,0.076
124500,0.010,0.914,0.076
125000,0.010,0.921,0.069
125500,0.010,0.952,0.038
126000,0.010,0.949,0.041
126500,0.010,0.944,0.046
127000,0.010,0.973,0.017
127500,0.010,0.949,0.041
128000,0.010,0.943,0.047
128500,0.010,0.965,0.025
129000,0.010,0.927,0.063
129500,0.010,0.914,0.076
130000,0.010,0.915,0.075
130500,0.010,0.926,0.064
131000,0.010,0.939,0.051
131500,0.010,0.919,0.071
132000,0.010,0.912,0.078
132500,0.010,0.932,0.057
133000,0.010,0.928,0.061
133500,0.010,0.931,0.059
134000,0.010,0.937,0.053
134500,0.010,0.940,0.050
135000,0.010,0.849,0.141
135500,0.010,0.901,0.089
136000,0.010,0.856,0.134
136500,0.010,0.908,0.082
137000,0.010,0.955,0.035
137500,0.010,0.947,0.043
138000,0.010,0.935,0.055
138500,0.010,0.933,0.057
139000,0.010,0.929,0.060
139500,0.010,0.941,0.049
140000,0.010,0.935,0.054
140500,0.010,0.929,0.061
141000,0.010,0.952,0.038
141500,0.010,0.960,0.030
142000,0.010,0.945,0.045
142500,0.010,0.910,0.080
143000,0.010,0.914,0.076
143500,0.010,0.925,0.065
144000,0.010,0.948,0.042
144500,0.010,0.925,0.065
145000,0.010,0.962,0.028
145500,0.010,0.930,0.059
146000,0.010,0.936,0.054
146500,0.010,0.908,0.082
147000,0.010,0.917,0.073
147500,0.010,0.932,0.058
148000,0.010,0.924,0.066
148500,0.010,0.943,0.047
149000,0.010,0.945,0.045
149500,0.010,0.950,0.040
150000,0.010,0.948,0.042
150500,0.010,0.931,0.059
151000,0.010,0.916,0.074
151500,0.010,0.946,0.044
152000,0.010,0.923,0.067
152500,0.010,0.897,0.093
153000,0.010,0.895,0.095
153500,0.010,0.904,0.086
154000,0.010,0.912,0.078
154500,0.010,0.920,0.070
155000,0.010,0.947,0.043
155500,0.010,0.905,0.085
156000,0.010,0.904,0.086
156500,0.010,0.912,0.078
157000,0.010,0.952,0.038
157500,0.010,0.945,0.045
158000,0.010,0.934,0.056
158500,0.010,0.934,0.056
159000,0.010,0.936,0.053
159500,0.010,0.936,0.054
160000,0.010,0.905,0.085
160500,0.010,0.908,0.082
161000,0.010,0.891,0.099
161500,0.010,0.906,0.084
162000,0.010,0.946,0.044
162500,0.010,0.929,0.061
163000,0.010,0.922,0.068
163500,0.010,0.916,0.074
164000,0.010,0.871,0.119
164500,0.010,0.847,0.143
165000,0.010,0.883,0.107
165500,0.010,0.915,0.075
166000,0.010,0.876,0.114
166500,0.010,0.877,0.113
167000,0.010,0.899,0.091
167500,0.010,0.940,0.050
168000,0.010,0.949,0.041
168500,0.010,0.971,0.019
169000,0.010,0.964,0.026
169500,0.010,0.975,0.015
170000,0.010,0.964,0.026
170500,0.010,0.919,0.071
171000,0.010,0.936,0.053
171500,0.010,0.948,0.042
172000,0.010,0.945,0.045
172500,0.010,0.947,0.043
173000,0.010,0.960,0.030
173500,0.010,0.950,0.040
174000,0.010,0.941,0.049
174500,0.010,0.962,0.028
175000,0.010,0.975,0.015
175500,0.010,0.962,0.028
176000,0.010,0.981,0.009
176500,0.010,0.948,0.042
177000,0.010,0.913,0.077
177500,0.010,0.935,0.055
178000,0.010,0.917,0.073
178500,0.010,0.948,0.042
179000,0.010,0.951,0.039
179500,0.010,0.903,0.087
180000,0.010,0.894,0.096
180500,0.010,0.922,0.068
181000,0.010,0.869,0.121
181500,0.010,0.888,0.102
182000,0.010,0.885,0.105
182500,0.010,0.891,0.099
183000,0.010,0.928,0.062
183500,0.010,0.928,0.061
184000,0.010,0.946,0.044
184500,0.010,0.899,0.091
185000,0.010,0.926,0.064
185500,0.010,0.935,0.055
186000,0.010,0.917,0.073
186500,0.010,0.938,0.052
187000,0.010,0.927,0.063
187500,0.010,0.933,0.056
188000,0.010,0.922,0.068
188500,0.010,0.864,0.126
189000,0.010,0.887,0.103
189500,0.010,0.878,0.112
190000,0.010,0.886,0.104
190500,0.010,0.899,0.091
191000,0.010,0.924,0.066
191500,0.010,0.938,0.052
192000,0.010,0.949,0.041
192500,0.010,0.928,0.062
193000,0.010,0.874,0.116
193500,0.010,0.877,0.113
194000,0.010,0.898,0.092
194500,0.010,0.882,0.108
195000,0.010,0.946,0.044
195500,0.010,0.919,0.071
196000,0.010,0.934,0.056
196500,0.010,0.936,0.054
197000,0.010,0.913,0.077
197500,0.010,0.939,0.051
198000,0.010,0.934,0.055
198500,0.010,0.909,0.081
199000,0.010,0.873,0.117
199500,0.010,0.883,0.107
200000,0.010,0.942,0.048
200500,0.010,0.918,0.072
201000,0.010,0.930,0.060
201500,0.010,0.930,0.060
202000,0.010,0.918,0.072
202500,0.010,0.944,0.046
203000,0.010,0.935,0.055
203500,0.010,0.915,0.075
204000,0.010,0.894,0.096
204500,0.010,0.891,0.099
205000,0.010,0.871,0.119
205500,0.010,0.856,0.134
206000,0.010,0.887,0.103
206500,0.010,0.875,0.115
207000,0.010,0.877,0.113
207500,0.010,0.922,0.068
208000,0.010,0.905,0.085
208500,0.010,0.900,0.090
209000,0.010,0.928,0.061
209500,0.010,0.964,0.026
210000,0.010,0.949,0.041
210500,0.010,0.905,0.085
211000,0.010,0.924,0.066
211500,0.010,0.906,0.084
212000,0.010,0.933,0.056
212500,0.010,0.948,0.042
213000,0.010,0.934,0.055
213500,0.010,0.918,0.072
214000,0.010,0.903,0.087
214500,0.010,0.931,0.059
215000,0.010,0.924,0.066
215500,0.010,0.901,0.089
216000,0.010,0.906,0.084
216500,0.010,0.923,0.067
217000,0.010,0.961,0.029
217500,0.010,0.960,0.030
218000,0.010,0.962,0.028
218500,0.010,0.931,0.058
219000,0.010,0.927,0.063
219500,0.010,0.921,0.069
220000,0.010,0.926,0.064
220500,0.010,0.916,0.074
221000,0.010,0.941,0.049
221500,0.010,0.942,0.048
222000,0.010,0.933,0.057
222500,0.010,0.938,0.052
223000,0.010,0.949,0.041
223500,0.010,0.925,0.065
224000,0.010,0.881,0.109
224500,0.010,0.930,0.060
225000,0.010,0.941,0.049
225500,0.010,0.943,0.047
226000,0.010,0.940,0.050
226500,0.010,0.911,0.079
227000,0.010,0.911,0.079
227500,0.010,0.875,0.115
228000,0.010,0.906,0.084
228500,0.010,0.924,0.066
229000,0.010,0.922,0.068
229500,0.010,0.933,0.056
230000,0.010,0.925,0.065
230500,0.010,0.948,0.042
231000,0.010,0.918,0.072
231500,0.010,0.905,0.085
232000,0.010,0.908,0.082
232500,0.010,0.948,0.042
233000,0.010,0.943,0.047
233500,0.010,0.925,0.065
234000,0.010,0.929,0.060
234500,0.010,0.927,0.063
235000,0.010,0.938,0.052
235500,0.010,0.936,0.053
236000,0.010,0.934,0.055
236500,0.010,0.937,0.053
237000,0.010,0.933,0.056
237500,0.010,0.877,0.113
238000,0.010,0.889,0.101
238500,0.010,0.871,0.119
239000,0.010,0.865,0.125
239500,0.010,0.886,0.104
240000,0.010,0.869,0.121
240500,0.010,0.936,0.054
241000,0.010,0.919,0.071
241500,0.010,0.918,0.072
242000,0.010,0.935,0.055
242500,0.010,0.959,0.031
243000,0.010,0.936,0.053
243500,0.010,0.955,0.035
244000,0.010,0.909,0.081
244500,0.010,0.903,0.087
245000,0.010,0.913,0.077
245500,0.010,0.897,0.093
246000,0.010,0.907,0.083
246500,0.010,0.922,0.068
247000,0.010,0.934,0.055
247500,0.010,0.927,0.062
248000,0.010,0.901,0.089
248500,0.010,0.943,0.047
249000,0.010,0.912,0.078
249500,0.010,0.911,0.079
250000,0.010,0.940,0.050
250500,0.010,0.958,0.032
251000,0.010,0.932,0.058
251500,0.010,0.889,0.101
252000,0.010,0.913,0.077
252500,0.010,0.926,0.064
253000,0.010,0.923,0.067
253500,0.010,0.943,0.047
254000,0.010,0.919,0.071
254500,0.010,0.876,0.114
255000,0.010,0.922,0.068
255500,0.010,0.928,0.061
256000,0.010,0.955,0.035
256500,0.010,0.965,0.025
257000,0.010,0.941,0.049
257500,0.010,0.933,0.056
258000,0.010,0.909,0.081
258500,0.010,0.929,0.061
259000,0.010,0.920,0.070
259500,0.010,0.938,0.052
260000,0.010,0.894,0.096
260500,0.010,0.898,0.092
261000,0.010,0.907,0.083
261500,0.010,0.914,0.076
262000,0.010,0.954,0.036
262500,0.010,0.932,0.057
263000,0.010,0.928,0.062
263500,0.010,0.901,0.089
264000,0.010,0.902,0.088
264500,0.010,0.904,0.086
265000,0.010,0.915,0.075
265500,0.010,0.912,0.078
266000,0.010,0.909,0.081
266500,0.010,0.923,0.067
267000,0.010,0.915,0.075
267500,0.010,0.910,0.080
268000,0.010,0.918,0.072
268500,0.010,0.947,0.043
269000,0.010,0.949,0.041
269500,0.010,0.946,0.044
270000,0.010,0.952,0.038
270500,0.010,0.944,0.046
271000,0.010,0.942,0.048
271500,0.010,0.961,0.029
272000,0.010,0.947,0.043
272500,0.010,0.949,0.041
273000,0.010,0.948,0.042
273500,0.010,0.947,0.043
274000,0.010,0.948,0.042
274500,0.010,0.918,0.072
275000,0.010,0.938,0.052
275500,0.010,0.923,0.067
276000,0.010,0.939,0.051
276500,0.010,0.928,0.061
277000,0.010,0.899,0.091
277500,0.010,0.920,0.070
278000,0.010,0.944,0.046
278500,0.010,0.922,0.068
279000,0.010,0.911,0.079
279500,0.010,0.925,0.065
280000,0.010,0.948,0.042
280500,0.010,0.893,0.097
281000,0.010,0.949,0.041
281500,0.010,0.900,0.090
282000,0.010,0.926,0.064
282500,0.010,0.933,0.056
283000,0.010,0.921,0.069
283500,0.010,0.927,0.063
284000,0.010,0.914,0.076
284500,0.010,0.880,0.110
285000,0.010,0.924,0.066
285500,0.010,0.932,0.057
286000,0.010,0.951,0.039
286500,0.010,0.972,0.018
287000,0.010,0.969,0.021
287500,0.010,0.951,0.039
288000,0.010,0.939,0.051
288500,0.010,0.940,0.050
289000,0.010,0.944,0.046
289500,0.010,0.939,0.051
290000,0.010,0.929,0.060
290500,0.010,0.959,0.031
291000,0.010,0.931,0.058
291500,0.010,0.960,0.030
292000,0.010,0.930,0.060
292500,0.010,0.941,0.049
293000,0.010,0.931,0.058
293500,0.010,0.910,0.080
294000,0.010,0.935,0.054
294500,0.010,0.931,0.058
295000,0.010,0.929,0.061
295500,0.010,0.902,0.088
296000,0.010,0.893,0.097
296500,0.010,0.911,0.079
297000,0.010,0.908,0.082
297500,0.010,0.896,0.094
298000,0.010,0.921,0.069
298500,0.010,0.891,0.099
299000,0.010,0.927,0.063
299500,0.010,0.951,0.039
300000,0.010,0.885,0.105
300500,0.010,0.919,0.071
301000,0.010,0.877,0.113
301500,0.010,0.930,0.060
302000,0.010,0.941,0.049
302500,0.010,0.928,0.062
303000,0.010,0.925,0.065
303500,0.010,0.933,0.056
304000,0.010,0.883,0.107
304500,0.010,0.917,0.073
305000,0.010,0.927,0.063
305500,0.010,0.915,0.075
306000,0.010,0.928,0.062
306500,0.010,0.965,0.025
307000,0.010,0.963,0.027
307500,0.010,0.964,0.026
308000,0.010,0.927,0.063
308500,0.010,0.929,0.060
309000,0.010,0.925,0.065
309500,0.010,0.911,0.079
310000,0.010,0.908,0.082
310500,0.010,0.900,0.090
311000,0.010,0.906,0.084
311500,0.010,0.906,0.084
312000,0.010,0.929,0.061
312500,0.010,0.891,0.099
313000,0.010,0.909,0.081
313500,0.010,0.922,0.068
314000,0.010,0.912,0.078
314500,0.010,0.914,0.076
315000,0.010,0.931,0.058
315500,0.010,0.897,0.093
316000,0.010,0.923,0.067
316500,0.010,0.907,0.083
317000,0.010,0.905,0.085
317500,0.010,0.894,0.096
318000,0.010,0.858,0.132
318500,0.010,0.873,0.117
319000,0.010,0.884,0.106
319500,0.010,0.844,0.146
320000,0.010,0.840,0.150
320500,0.010,0.903,0.087
321000,0.010,0.924,0.066
321500,0.010,0.939,0.051
322000,0.010,0.928,0.062
322500,0.010,0.946,0.044
323000,0.010,0.908,0.082
323500,0.010,0.940,0.050
324000,0.010,0.922,0.068
324500,0.010,0.919,0.071
325000,0.010,0.924,0.066
325500,0.010,0.914,0.076
326000,0.010,0.922,0.068
326500,0.010,0.965,0.025
327000,0.010,0.914,0.076
327500,0.010,0.832,0.158
328000,0.010,0.874,0.116
328500,0.010,0.924,0.066
329000,0.010,0.951,0.039
329500,0.010,0.926,0.064
330000,0.010,0.940,0.050
330500,0.010,0.908,0.082
331000,0.010,0.940,0.050
331500,0.010,0.945,0.045
332000,0.010,0.943,0.047
332500,0.010,0.962,0.028
333000,0.010,0.961,0.029
333500,0.010,0.951,0.039
334000,0.010,0.935,0.054
334500,0.010,0.932,0.058
335000,0.010,0.930,0.060
335500,0.010,0.930,0.059
336000,0.010,0.932,0.058
336500,0.010,0.919,0.071
337000,0.010,0.905,0.085
337500,0.010,0.876,0.114
338000,0.010,0.892,0.098
338500,0.010,0.897,0.093
339000,0.010,0.903,0.087
339500,0.010,0.882,0.108
340000,0.010,0.906,0.084
340500,0.010,0.892,0.098
341000,0.010,0.882,0.108
341500,0.010,0.918,0.072
342000,0.010,0.934,0.056
342500,0.010,0.916,0.074
343000,0.010,0.898,0.092
343500,0.010,0.944,0.046
344000,0.010,0.925,0.065
344500,0.010,0.928,0.061
345000,0.010,0.925,0.065
345500,0.010,0.948,0.042
346000,0.010,0.966,0.024
346500,0.010,0.969,0.021
347000,0.010,0.961,0.029
347500,0.010,0.955,0.035
348000,0.010,0.925,0.065
348500,0.010,0.913,0.077
349000,0.010,0.926,0.064
349500,0.010,0.928,0.062
350000,0.010,0.880,0.110
350500,0.010,0.889,0.101
351000,0.010,0.886,0.104
351500,0.010,0.929,0.060
352000,0.010,0.906,0.084
352500,0.010,0.902,0.088
353000,0.010,0.912,0.078
353500,0.010,0.932,0.058
354000,0.010,0.887,0.103
354500,0.010,0.917,0.073
355000,0.010,0.906,0.084
355500,0.010,0.923,0.067
356000,0.010,0.934,0.056
356500,0.010,0.948,0.042
357000,0.010,0.930,0.059
357500,0.010,0.927,0.063
358000,0.010,0.947,0.043
358500,0.010,0.968,0.022
359000,0.010,0.958,0.032
359500,0.010,0.935,0.055
360000,0.010,0.917,0.073
360500,0.010,0.933,0.057
361000,0.010,0.943,0.047
361500,0.010,0.942,0.048
362000,0.010,0.935,0.055
362500,0.010,0.924,0.066
363000,0.010,0.948,0.042
363500,0.010,0.946,0.044
364000,0.010,0.908,0.082
364500,0.010,0.906,0.084
365000,0.010,0.880,0.110
365500,0.010,0.912,0.078
366000,0.010,0.930,0.060
366500,0.010,0.923,0.067
367000,0.010,0.916,0.074
367500,0.010,0.906,0.084
368000,0.010,0.904,0.086
368500,0.010,0.878,0.112
369000,0.010,0.890,0.100
369500,0.010,0.860,0.130
370000,0.010,0.877,0.113
370500,0.010,0.893,0.097
371000,0.010,0.924,0.066
371500,0.010,0.946,0.044
372000,0.010,0.910,0.080
372500,0.010,0.905,0.085
373000,0.010,0.939,0.051
373500,0.010,0.930,0.059
374000,0.010,0.965,0.025
374500,0.010,0.954,0.036
375000,0.010,0.956,0.034
375500,0.010,0.946,0.044
376000,0.010,0.940,0.050
376500,0.010,0.931,0.059
377000,0.010,0.905,0.085
377500,0.010,0.866,0.124
378000,0.010,0.917,0.073
378500,0.010,0.905,0.085
379000,0.010,0.900,0.090
379500,0.010,0.883,0.107
380000,0.010,0.930,0.060
380500,0.010,0.938,0.052
381000,0.010,0.922,0.068
381500,0.010,0.890,0.100
382000,0.010,0.902,0.088
382500,0.010,0.900,0.090
383000,0.010,0.905,0.085
383500,0.010,0.848,0.142
384000,0.010,0.878,0.112
384500,0.010,0.903,0.087
385000,0.010,0.899,0.091
385500,0.010,0.912,0.078
386000,0.010,0.927,0.063
386500,0.010,0.927,0.062
387000,0.010,0.913,0.077
387500,0.010,0.905,0.085
388000,0.010,0.910,0.080
388500,0.010,0.895,0.095
389000,0.010,0.853,0.137
389500,0.010,0.873,0.117
390000,0.010,0.909,0.081
390500,0.010,0.907,0.083
391000,0.010,0.909,0.081
391500,0.010,0.919,0.071
392000,0.010,0.920,0.070
392500,0.010,0.890,0.100
393000,0.010,0.870,0.120
393500,0.010,0.886,0.104
394000,0.010,0.891,0.099
394500,0.010,0.905,0.085
395000,0.010,0.923,0.067
395500,0.010,0.927,0.063
396000,0.010,0.933,0.056
396500,0.010,0.909,0.081
397000,0.010,0.948,0.042
397500,0.010,0.930,0.060
398000,0.010,0.935,0.055
398500,0.010,0.926,0.064
399000,0.010,0.953,0.037
399500,0.010,0.938,0.052
400000,0.010,0.951,0.039
400500,0.010,0.943,0.047
401000,0.010,0.922,0.068
401500,0.010,0.909,0.081
402000,0.010,0.900,0.090
402500,0.010,0.897,0.093
403000,0.010,0.929,0.061
403500,0.010,0.951,0.039
404000,0.010,0.932,0.057
404500,0.010,0.916,0.074
405000,0.010,0.907,0.083
405500,0.010,0.908,0.082
406000,0.010,0.906,0.084
406500,0.010,0.944,0.046
407000,0.010,0.950,0.040
407500,0.010,0.938,0.052
408000,0.010,0.855,0.135
408500,0.010,0.848,0.142
409000,0.010,0.879,0.111
409500,0.010,0.889,0.101
410000,0.010,0.927,0.062
410500,0.010,0.934,0.055
411000,0.010,0.937,0.053
411500,0.010,0.903,0.087
412000,0.010,0.917,0.073
412500,0.010,0.893,0.097
413000,0.010,0.853,0.137
413500,0.010,0.883,0.107
414000,0.010,0.927,0.062
414500,0.010,0.940,0.050
415000,0.010,0.949,0.041
415500,0.010,0.934,0.056
416000,0.010,0.958,0.032
416500,0.010,0.943,0.047
417000,0.010,0.880,0.110
417500,0.010,0.947,0.043
418000,0.010,0.918,0.072
418500,0.010,0.868,0.122
419000,0.010,0.912,0.078
419500,0.010,0.855,0.135
420000,0.010,0.862,0.128
420500,0.010,0.891,0.099
421000,0.010,0.895,0.095
421500,0.010,0.873,0.117
422000,0.010,0.912,0.078
422500,0.010,0.919,0.071
423000,0.010,0.941,0.049
423500,0.010,0.923,0.067
424000,0.010,0.933,0.056
424500,0.010,0.876,0.114
425000,0.010,0.893,0.097
425500,0.010,0.859,0.131
426000,0.010,0.914,0.076
426500,0.010,0.937,0.053
427000,0.010,0.924,0.066
427500,0.010,0.893,0.097
428000,0.010,0.905,0.085
428500,0.010,0.923,0.067
429000,0.010,0.896,0.094
429500,0.010,0.882,0.108
430000,0.010,0.923,0.067
430500,0.010,0.941,0.049
431000,0.010,0.965,0.025
431500,0.010,0.954,0.036
432000,0.010,0.952,0.038
432500,0.010,0.918,0.072
433000,0.010,0.900,0.090
433500,0.010,0.916,0.074
434000,0.010,0.886,0.104
434500,0.010,0.882,0.108
435000,0.010,0.882,0.108
435500,0.010,0.919,0.071
436000,0.010,0.904,0.086
436500,0.010,0.913,0.077
437000,0.010,0.939,0.051
437500,0.010,0.952,0.038
438000,0.010,0.930,0.060
438500,0.010,0.974,0.016
439000,0.010,0.972,0.018
439500,0.010,0.941,0.049
440000,0.010,0.926,0.064
440500,0.010,0.932,0.058
441000,0.010,0.883,0.107
441500,0.010,0.901,0.089
442000,0.010,0.930,0.059
442500,0.010,0.932,0.057
443000,0.010,0.943,0.047
443500,0.010,0.950,0.040
444000,0.010,0.919,0.071
444500,0.010,0.917,0.073
445000,0.010,0.871,0.119
445500,0.010,0.884,0.106
446000,0.010,0.875,0.115
446500,0.010,0.887,0.103
447000,0.010,0.863,0.127
447500,0.010,0.898,0.092
448000,0.010,0.932,0.058
448500,0.010,0.959,0.031
449000,0.010,0.962,0.028
449500,0.010,0.955,0.035
450000,0.010,0.957,0.033
450500,0.010,0.942,0.048
451000,0.010,0.952,0.038
451500,0.010,0.936,0.054
452000,0.010,0.887,0.103
452500,0.010,0.875,0.115
453000,0.010,0.922,0.068
453500,0.010,0.929,0.061
454000,0.010,0.922,0.068
454500,0.010,0.922,0.068
455000,0.010,0.897,0.093
455500,0.010,0.890,0.100
456000,0.010,0.894,0.096
456500,0.010,0.913,0.077
457000,0.010,0.912,0.078
457500,0.010,0.897,0.093
458000,0.010,0.890,0.100
458500,0.010,0.888,0.102
459000,0.010,0.941,0.049
459500,0.010,0.954,0.036
460000,0.010,0.944,0.046
460500,0.010,0.961,0.029
461000,0.010,0.902,0.088
461500,0.010,0.897,0.093
462000,0.010,0.943,0.047
462500,0.010,0.957,0.033
463000,0.010,0.957,0.033
463500,0.010,0.945,0.045
464000,0.010,0.948,0.042
464500,0.010,0.942,0.048
465000,0.010,0.910,0.080
465500,0.010,0.905,0.085
466000,0.010,0.881,0.109
466500,0.010,0.909,0.081
467000,0.010,0.856,0.134
467500,0.010,0.910,0.080
468000,0.010,0.890,0.100
468500,0.010,0.938,0.052
469000,0.010,0.963,0.027
469500,0.010,0.956,0.034
470000,0.010,0.960,0.030
470500,0.010,0.958,0.032
471000,0.010,0.974,0.016
471500,0.010,0.915,0.075
472000,0.010,0.893,0.097
472500,0.010,0.895,0.095
473000,0.010,0.900,0.090
473500,0.010,0.891,0.099
474000,0.010,0.895,0.095
474500,0.010,0.917,0.073
475000,0.010,0.885,0.105
475500,0.010,0.882,0.108
476000,0.010,0.917,0.073
476500,0.010,0.886,0.104
477000,0.010,0.891,0.099
477500,0.010,0.912,0.078
478000,0.010,0.908,0.082
478500,0.010,0.899,0.091
479000,0.010,0.924,0.066
479500,0.010,0.940,0.050
480000,0.010,0.960,0.030
480500,0.010,0.926,0.064
481000,0.010,0.936,0.053
481500,0.010,0.946,0.044
482000,0.010,0.898,0.092
482500,0.010,0.896,0.094
483000,0.010,0.931,0.058
483500,0.010,0.879,0.111
484000,0.010,0.879,0.111
484500,0.010,0.885,0.105
485000,0.010,0.895,0.095
485500,0.010,0.924,0.066
486000,0.010,0.922,0.068
486500,0.010,0.945,0.045
487000,0.010,0.947,0.043
487500,0.010,0.945,0.045
488000,0.010,0.947,0.043
488500,0.010,0.918,0.072
489000,0.010,0.893,0.097
489500,0.010,0.937,0.053
490000,0.010,0.935,0.054
490500,0.010,0.950,0.040
491000,0.010,0.939,0.051
491500,0.010,0.911,0.079
492000,0.010,0.847,0.143
492500,0.010,0.899,0.091
493000,0.010,0.944,0.046
493500,0.010,0.958,0.032
494000,0.010,0.925,0.065
494500,0.010,0.902,0.088
495000,0.010,0.915,0.075
495500,0.010,0.924,0.066
496000,0.010,0.922,0.068
496500,0.010,0.942,0.048
497000,0.010,0.936,0.053
497500,0.010,0.952,0.038
498000,0.010,0.918,0.072
498500,0.010,0.923,0.067
499000,0.010,0.923,0.067
499500,0.010,0.942,0.048
500000,0.010,0.948,0.042
500500,0.010,0.938,0.052
501000,0.010,0.943,0.047
501500,0.010,0.958,0.032
502000,0.010,0.925,0.065
502500,0.010,0.922,0.068
503000,0.010,0.931,0.058
503500,0.010,0.935,0.054
504000,0.010,0.931,0.058
504500,0.010,0.894,0.096
505000,0.010,0.925,0.065
505500,0.010,0.954,0.036
506000,0.010,0.953,0.037
506500,0.010,0.935,0.054
507000,0.010,0.939,0.051
507500,0.010,0.926,0.064
508000,0.010,0.937,0.053
508500,0.010,0.927,0.062
509000,0.010,0.924,0.066
509500,0.010,0.870,0.120
510000,0.010,0.906,0.084
510500,0.010,0.893,0.097
511000,0.010,0.895,0.095
511500,0.010,0.919,0.071
512000,0.010,0.932,0.058
512500,0.010,0.933,0.056
513000,0.010,0.936,0.053
513500,0.010,0.916,0.074
514000,0.010,0.913,0.077
514500,0.010,0.929,0.061
515000,0.010,0.920,0.070
515500,0.010,0.875,0.115
516000,0.010,0.918,0.072
516500,0.010,0.896,0.094
517000,0.010,0.934,0.056
517500,0.010,0.942,0.048
518000,0.010,0.942,0.048
518500,0.010,0.938,0.052
519000,0.010,0.941,0.049
519500,0.010,0.930,0.060
520000,0.010,0.919,0.071
520500,0.010,0.926,0.064
521000,0.010,0.921,0.069
521500,0.010,0.929,0.060
522000,0.010,0.897,0.093
522500,0.010,0.925,0.065
523000,0.010,0.909,0.081
523500,0.010,0.928,0.061
524000,0.010,0.935,0.055
524500,0.010,0.931,0.059
525000,0.010,0.881,0.109
525500,0.010,0.874,0.116
526000,0.010,0.899,0.091
526500,0.010,0.945,0.045
527000,0.010,0.917,0.073
527500,0.010,0.912,0.078
528000,0.010,0.934,0.056
528500,0.010,0.949,0.041
529000,0.010,0.953,0.037
529500,0.010,0.954,0.036
530000,0.010,0.946,0.044
530500,0.010,0.962,0.028
531000,0.010,0.965,0.025
531500,0.010,0.962,0.028
532000,0.010,0.976,0.014
532500,0.010,0.936,0.053
533000,0.010,0.932,0.058
533500,0.010,0.887,0.103
534000,0.010,0.912,0.078
534500,0.010,0.938,0.052
535000,0.010,0.934,0.056
535500,0.010,0.898,0.092
536000,0.010,0.870,0.120
536500,0.010,0.891,0.099
537000,0.010,0.889,0.101
537500,0.010,0.890,0.100
538000,0.010,0.902,0.088
538500,0.010,0.862,0.128
539000,0.010,0.890,0.100
539500,0.010,0.906,0.084
540000,0.010,0.957,0.033
540500,0.010,0.913,0.077
541000,0.010,0.897,0.093
541500,0.010,0.892,0.098
542000,0.010,0.927,0.062
542500,0.010,0.880,0.110
543000,0.010,0.869,0.121
543500,0.010,0.906,0.084
544000,0.010,0.874,0.116
544500,0.010,0.929,0.061
545000,0.010,0.918,0.072
545500,0.010,0.918,0.072
546000,0.010,0.865,0.125
546500,0.010,0.897,0.093
547000,0.010,0.917,0.073
547500,0.010,0.920,0.070
548000,0.010,0.906,0.084
548500,0.010,0.912,0.078
549000,0.010,0.892,0.098
549500,0.010,0.915,0.075
550000,0.010,0.934,0.055
550500,0.010,0.934,0.056
551000,0.010,0.941,0.049
551500,0.010,0.916,0.074
552000,0.010,0.913,0.077
552500,0.010,0.892,0.098
553000,0.010,0.896,0.094
553500,0.010,0.941,0.049
554000,0.010,0.911,0.079
554500,0.010,0.921,0.069
555000,0.010,0.951,0.039
555500,0.010,0.946,0.044
556000,0.010,0.954,0.036
556500,0.010,0.920,0.070
557000,0.010,0.917,0.073
557500,0.010,0.927,0.062
558000,0.010,0.920,0.070
558500,0.010,0.929,0.061
559000,0.010,0.914,0.076
559500,0.010,0.875,0.115
560000,0.010,0.921,0.069
560500,0.010,0.918,0.072
561000,0.010,0.886,0.104
561500,0.010,0.908,0.082
562000,0.010,0.934,0.055
562500,0.010,0.924,0.066
563000,0.010,0.944,0.046
563500,0.010,0.938,0.052
564000,0.010,0.944,0.046
564500,0.010,0.892,0.098
565000,0.010,0.883,0.107
565500,0.010,0.889,0.101
566000,0.010,0.872,0.118
566500,0.010,0.881,0.109
567000,0.010,0.858,0.132
567500,0.010,0.896,0.094
568000,0.010,0.881,0.109
568500,0.010,0.885,0.105
569000,0.010,0.859,0.131
569500,0.010,0.912,0.078
570000,0.010,0.931,0.058
570500,0.010,0.924,0.066
571000,0.010,0.904,0.086
571500,0.010,0.920,0.070
572000,0.010,0.935,0.054
572500,0.010,0.917,0.073
573000,0.010,0.933,0.057
573500,0.010,0.933,0.057
574000,0.010,0.919,0.071
574500,0.010,0.932,0.057
575000,0.010,0.885,0.105
575500,0.010,0.862,0.128
576000,0.010,0.892,0.098
576500,0.010,0.925,0.065
577000,0.010,0.951,0.039
577500,0.010,0.957,0.033
578000,0.010,0.964,0.026
578500,0.010,0.966,0.024
579000,0.010,0.953,0.037
579500,0.010,0.942,0.048
580000,0.010,0.904,0.086
580500,0.010,0.890,0.100
581000,0.010,0.889,0.101
581500,0.010,0.915,0.075
582000,0.010,0.913,0.077
582500,0.010,0.899,0.091
583000,0.010,0.917,0.073
583500,0.010,0.881,0.109
584000,0.010,0.933,0.056
584500,0.010,0.946,0.044
585000,0.010,0.926,0.064
585500,0.010,0.924,0.066
586000,0.010,0.930,0.059
586500,0.010,0.924,0.066
587000,0.010,0.890,0.100
587500,0.010,0.896,0.094
588000,0.010,0.903,0.087
588500,0.010,0.920,0.070
589000,0.010,0.936,0.054
589500,0.010,0.916,0.074
590000,0.010,0.945,0.045
590500,0.010,0.944,0.046
591000,0.010,0.936,0.053
591500,0.010,0.916,0.074
592000,0.010,0.914,0.076
592500,0.010,0.896,0.094
593000,0.010,0.887,0.103
593500,0.010,0.920,0.070
594000,0.010,0.954,0.036
594500,0.010,0.940,0.050
595000,0.010,0.913,0.077
595500,0.010,0.928,0.061
596000,0.010,0.926,0.064
596500,0.010,0.929,0.060
597000,0.010,0.890,0.100
597500,0.010,0.895,0.095
598000,0.010,0.900,0.090
598500,0.010,0.919,0.071
599000,0.010,0.901,0.089
599500,0.010,0.948,0.042
600000,0.010,0.941,0.049
600500,0.010,0.940,0.050
601000,0.010,0.925,0.065
601500,0.010,0.890,0.100
602000,0.010,0.907,0.083
602500,0.010,0.935,0.054
603000,0.010,0.910,0.080
603500,0.010,0.885,0.105
604000,0.010,0.901,0.089
604500,0.010,0.906,0.084
605000,0.010,0.899,0.091
605500,0.010,0.910,0.080
606000,0.010,0.923,0.067
606500,0.010,0.871,0.119
607000,0.010,0.937,0.053
607500,0.010,0.941,0.049
608000,0.010,0.941,0.049
608500,0.010,0.951,0.039
609000,0.010,0.922,0.068
609500,0.010,0.889,0.101
610000,0.010,0.909,0.081
610500,0.010,0.930,0.060
611000,0.010,0.898,0.092
611500,0.010,0.930,0.059
612000,0.010,0.901,0.089
612500,0.010,0.931,0.059
613000,0.010,0.945,0.045
613500,0.010,0.915,0.075
614000,0.010,0.897,0.093
614500,0.010,0.895,0.095
615000,0.010,0.895,0.095
615500,0.010,0.882,0.108
616000,0.010,0.914,0.076
616500,0.010,0.918,0.072
617000,0.010,0.941,0.049
617500,0.010,0.925,0.065
618000,0.010,0.902,0.088
618500,0.010,0.897,0.093
619000,0.010,0.920,0.070
619500,0.010,0.922,0.068
620000,0.010,0.900,0.090
620500,0.010,0.903,0.087
621000,0.010,0.916,0.074
621500,0.010,0.955,0.035
622000,0.010,0.945,0.045
622500,0.010,0.897,0.093
623000,0.010,0.915,0.075
623500,0.010,0.908,0.082
624000,0.010,0.940,0.050
624500,0.010,0.940,0.050
625000,0.010,0.958,0.032
625500,0.010,0.948,0.042
626000,0.010,0.923,0.067
626500,0.010,0.876,0.114
627000,0.010,0.911,0.079
627500,0.010,0.903,0.087
628000,0.010,0.952,0.038
628500,0.010,0.961,0.029
629000,0.010,0.971,0.019
629500,0.010,0.976,0.014
630000,0.010,0.966,0.024
630500,0.010,0.895,0.095
631000,0.010,0.903,0.087
631500,0.010,0.896,0.094
632000,0.010,0.960,0.030
632500,0.010,0.948,0.042
633000,0.010,0.949,0.041
633500,0.010,0.928,0.062
634000,0.010,0.927,0.062
634500,0.010,0.943,0.047
635000,0.010,0.937,0.053
635500,0.010,0.932,0.057
636000,0.010,0.958,0.032
636500,0.010,0.941,0.049
637000,0.010,0.935,0.055
637500,0.010,0.912,0.078
638000,0.010,0.930,0.060
638500,0.010,0.909,0.081
639000,0.010,0.868,0.122
639500,0.010,0.883,0.107
640000,0.010,0.854,0.136
640500,0.010,0.877,0.113
641000,0.010,0.924,0.066
641500,0.010,0.915,0.075
642000,0.010,0.869,0.121
642500,0.010,0.909,0.081
643000,0.010,0.873,0.117
643500,0.010,0.886,0.104
644000,0.010,0.887,0.103
644500,0.010,0.909,0.081
645000,0.010,0.932,0.058
645500,0.010,0.933,0.056
646000,0.010,0.922,0.068
646500,0.010,0.878,0.112
647000,0.010,0.838,0.152
647500,0.010,0.838,0.152
648000,0.010,0.845,0.145
648500,0.010,0.838,0.152
649000,0.010,0.830,0.160
649500,0.010,0.852,0.138
650000,0.010,0.920,0.070
650500,0.010,0.941,0.049
651000,0.010,0.959,0.031
651500,0.010,0.934,0.056
652000,0.010,0.927,0.062
652500,0.010,0.949,0.041
653000,0.010,0.874,0.116
653500,0.010,0.897,0.093
654000,0.010,0.893,0.097
654500,0.010,0.841,0.149
655000,0.010,0.842,0.148
655500,0.010,0.886,0.104
656000,0.010,0.882,0.108
656500,0.010,0.832,0.158
657000,0.010,0.905,0.085
657500,0.010,0.858,0.132
658000,0.010,0.846,0.144
658500,0.010,0.876,0.114
659000,0.010,0.902,0.088
659500,0.010,0.930,0.060
660000,0.010,0.895,0.095
660500,0.010,0.921,0.069
661000,0.010,0.955,0.035
661500,0.010,0.948,0.042
662000,0.010,0.926,0.064
662500,0.010,0.956,0.034
663000,0.010,0.934,0.056
663500,0.010,0.953,0.037
664000,0.010,0.926,0.064
664500,0.010,0.958,0.032
665000,0.010,0.936,0.053
665500,0.010,0.910,0.080
666000,0.010,0.913,0.077
666500,0.010,0.946,0.044
667000,0.010,0.955,0.035
667500,0.010,0.931,0.058
668000,0.010,0.930,0.060
668500,0.010,0.945,0.045
669000,0.010,0.966,0.024
669500,0.010,0.956,0.034
670000,0.010,0.936,0.053
670500,0.010,0.901,0.089
671000,0.010,0.903,0.087
671500,0.010,0.884,0.106
672000,0.010,0.856,0.134
672500,0.010,0.885,0.105
673000,0.010,0.895,0.095
673500,0.010,0.900,0.090
674000,0.010,0.913,0.077
674500,0.010,0.885,0.105
675000,0.010,0.890,0.100
675500,0.010,0.891,0.099
676000,0.010,0.878,0.112
676500,0.010,0.904,0.086
677000,0.010,0.925,0.065
677500,0.010,0.899,0.091
678000,0.010,0.888,0.102
678500,0.010,0.903,0.087
679000,0.010,0.941,0.049
679500,0.010,0.912,0.078
680000,0.010,0.954,0.036
680500,0.010,0.928,0.062
681000,0.010,0.939,0.051
681500,0.010,0.909,0.081
682000,0.010,0.936,0.054
682500,0.010,0.936,0.053
683000,0.010,0.945,0.045
683500,0.010,0.917,0.073
684000,0.010,0.932,0.057
684500,0.010,0.899,0.091
685000,0.010,0.923,0.067
685500,0.010,0.928,0.062
686000,0.010,0.923,0.067
686500,0.010,0.856,0.134
687000,0.010,0.872,0.118
687500,0.010,0.884,0.106
688000,0.010,0.874,0.116
688500,0.010,0.858,0.132
689000,0.010,0.898,0.092
689500,0.010,0.874,0.116
690000,0.010,0.878,0.112
690500,0.010,0.876,0.114
691000,0.010,0.891,0.099
691500,0.010,0.895,0.095
692000,0.010,0.915,0.075
692500,0.010,0.910,0.080
693000,0.010,0.897,0.093
693500,0.010,0.926,0.064
694000,0.010,0.937,0.053
694500,0.010,0.909,0.081
695000,0.010,0.899,0.091
695500,0.010,0.868,0.122
696000,0.010,0.852,0.138
696500,0.010,0.896,0.094
697000,0.010,0.916,0.074
697500,0.010,0.901,0.089
698000,0.010,0.857,0.133
698500,0.010,0.836,0.154
699000,0.010,0.865,0.125
699500,0.010,0.891,0.099
700000,0.010,0.902,0.088
700500,0.010,0.944,0.046
701000,0.010,0.945,0.045
701500,0.010,0.938,0.052
702000,0.010,0.955,0.035
702500,0.010,0.967,0.023
703000,0.010,0.924,0.066
703500,0.010,0.921,0.069
704000,0.010,0.878,0.112
704500,0.010,0.933,0.057
705000,0.010,0.941,0.049
705500,0.010,0.936,0.054
706000,0.010,0.924,0.066
706500,0.010,0.962,0.028
707000,0.010,0.945,0.045
707500,0.010,0.914,0.076
708000,0.010,0.920,0.070
708500,0.010,0.963,0.027
709000,0.010,0.954,0.036
709500,0.010,0.942,0.048
710000,0.010,0.947,0.043
710500,0.010,0.931,0.058
711000,0.010,0.912,0.078
711500,0.010,0.932,0.058
712000,0.010,0.907,0.083
712500,0.010,0.869,0.121
713000,0.010,0.886,0.104
713500,0.010,0.864,0.126
714000,0.010,0.859,0.131
714500,0.010,0.887,0.103
715000,0.010,0.890,0.100
715500,0.010,0.915,0.075
716000,0.010,0.881,0.109
716500,0.010,0.933,0.057
717000,0.010,0.905,0.085
717500,0.010,0.910,0.080
718000,0.010,0.933,0.057
718500,0.010,0.939,0.051
719000,0.010,0.900,0.090
719500,0.010,0.898,0.092
720000,0.010,0.929,0.060
720500,0.010,0.930,0.059
721000,0.010,0.949,0.041
721500,0.010,0.961,0.029
722000,0.010,0.953,0.037
722500,0.010,0.935,0.055
723000,0.010,0.916,0.074
723500,0.010,0.900,0.090
724000,0.010,0.915,0.075
724500,0.010,0.902,0.088
725000,0.010,0.949,0.041
725500,0.010,0.909,0.081
726000,0.010,0.868,0.122
726500,0.010,0.898,0.092
727000,0.010,0.914,0.076
727500,0.010,0.904,0.086
728000,0.010,0.917,0.073
728500,0.010,0.890,0.100
729000,0.010,0.873,0.117
729500,0.010,0.891,0.099
730000,0.010,0.914,0.076
730500,0.010,0.937,0.053
731000,0.010,0.945,0.045
731500,0.010,0.922,0.068
732000,0.010,0.927,0.062
732500,0.010,0.951,0.039
733000,0.010,0.969,0.021
733500,0.010,0.955,0.035
734000,0.010,0.949,0.041
734500,0.010,0.892,0.098
735000,0.010,0.902,0.088
735500,0.010,0.951,0.039
736000,0.010,0.969,0.021
736500,0.010,0.948,0.042
737000,0.010,0.934,0.056
737500,0.010,0.938,0.052
738000,0.010,0.952,0.038
738500,0.010,0.959,0.031
739000,0.010,0.959,0.031
739500,0.010,0.919,0.071
740000,0.010,0.939,0.051
740500,0.010,0.918,0.072
741000,0.010,0.942,0.048
741500,0.010,0.904,0.086
742000,0.010,0.886,0.104
742500,0.010,0.909,0.081
743000,0.010,0.930,0.060
743500,0.010,0.930,0.059
744000,0.010,0.881,0.109
744500,0.010,0.871,0.119
745000,0.010,0.894,0.096
745500,0.010,0.852,0.138
746000,0.010,0.874,0.116
746500,0.010,0.910,0.080
747000,0.010,0.950,0.040
747500,0.010,0.940,0.050
748000,0.010,0.940,0.050
748500,0.010,0.917,0.073
749000,0.010,0.890,0.100
749500,0.010,0.932,0.057
750000,0.010,0.943,0.047
750500,0.010,0.934,0.056
751000,0.010,0.915,0.075
751500,0.010,0.939,0.051
752000,0.010,0.928,0.061
752500,0.010,0.955,0.035
753000,0.010,0.963,0.027
753500,0.010,0.957,0.033
754000,0.010,0.952,0.038
754500,0.010,0.945,0.045
755000,0.010,0.940,0.050
755500,0.010,0.958,0.032
756000,0.010,0.950,0.040
756500,0.010,0.922,0.068
757000,0.010,0.890,0.100
757500,0.010,0.902,0.088
758000,0.010,0.901,0.089
758500,0.010,0.890,0.100
759000,0.010,0.874,0.116
759500,0.010,0.906,0.084
760000,0.010,0.887,0.103
760500,0.010,0.927,0.062
761000,0.010,0.907,0.083
761500,0.010,0.897,0.093
762000,0.010,0.916,0.074
762500,0.010,0.909,0.081
763000,0.010,0.934,0.056
763500,0.010,0.923,0.067
764000,0.010,0.936,0.053
764500,0.010,0.929,0.060
765000,0.010,0.900,0.090
765500,0.010,0.891,0.099
766000,0.010,0.916,0.074
766500,0.010,0.903,0.087
767000,0.010,0.901,0.089
767500,0.010,0.863,0.127
768000,0.010,0.830,0.160
768500,0.010,0.836,0.154
769000,0.010,0.872,0.118
769500,0.010,0.875,0.115
770000,0.010,0.899,0.091
770500,0.010,0.921,0.069
771000,0.010,0.941,0.049
771500,0.010,0.904,0.086
772000,0.010,0.884,0.106
772500,0.010,0.900,0.090
773000,0.010,0.915,0.075
773500,0.010,0.885,0.105
774000,0.010,0.899,0.091
774500,0.010,0.923,0.067
775000,0.010,0.946,0.044
775500,0.010,0.938,0.052
776000,0.010,0.943,0.047
776500,0.010,0.940,0.050
777000,0.010,0.917,0.073
777500,0.010,0.916,0.074
778000,0.010,0.959,0.031
778500,0.010,0.956,0.034
779000,0.010,0.954,0.036
779500,0.010,0.972,0.018
780000,0.010,0.979,0.011
780500,0.010,0.983,0.007
781000,0.010,0.969,0.021
781500,0.010,0.965,0.025
782000,0.010,0.951,0.039
782500,0.010,0.890,0.100
783000,0.010,0.917,0.073
783500,0.010,0.885,0.105
784000,0.010,0.902,0.088
784500,0.010,0.874,0.116
785000,0.010,0.879,0.111
785500,0.010,0.899,0.091
786000,0.010,0.918,0.072
786500,0.010,0.889,0.101
787000,0.010,0.886,0.104
787500,0.010,0.908,0.082
788000,0.010,0.869,0.121
788500,0.010,0.919,0.071
789000,0.010,0.945,0.045
789500,0.010,0.956,0.034
790000,0.010,0.977,0.013
790500,0.010,0.953,0.037
791000,0.010,0.945,0.045
791500,0.010,0.947,0.043
792000,0.010,0.930,0.059
792500,0.010,0.948,0.042
793000,0.010,0.945,0.045
793500,0.010,0.924,0.066
794000,0.010,0.914,0.076
794500,0.010,0.936,0.053
795000,0.010,0.908,0.082
795500,0.010,0.934,0.055
796000,0.010,0.947,0.043
796500,0.010,0.922,0.068
797000,0.010,0.902,0.088
797500,0.010,0.933,0.056
798000,0.010,0.939,0.051
798500,0.010,0.922,0.068
799000,0.010,0.914,0.076
799500,0.010,0.914,0.076
800000,0.010,0.924,0.066
800500,0.010,0.929,0.061
801000,0.010,0.928,0.061
801500,0.010,0.930,0.060
802000,0.010,0.948,0.042
802500,0.010,0.956,0.034
803000,0.010,0.936,0.054
803500,0.010,0.933,0.057
804000,0.010,0.875,0.115
804500,0.010,0.888,0.102
805000,0.010,0.894,0.096
805500,0.010,0.943,0.047
806000,0.010,0.944,0.046
806500,0.010,0.929,0.061
807000,0.010,0.908,0.082
807500,0.010,0.906,0.084
808000,0.010,0.936,0.053
808500,0.010,0.913,0.077
809000,0.010,0.939,0.051
809500,0.010,0.940,0.050
810000,0.010,0.941,0.049
810500,0.010,0.949,0.041
811000,0.010,0.942,0.048
811500,0.010,0.924,0.066
812000,0.010,0.926,0.064
812500,0.010,0.940,0.050
813000,0.010,0.956,0.034
813500,0.010,0.935,0.055
814000,0.010,0.962,0.028
814500,0.010,0.955,0.035
815000,0.010,0.966,0.024
815500,0.010,0.959,0.031
816000,0.010,0.913,0.077
816500,0.010,0.931,0.058
817000,0.010,0.905,0.085
817500,0.010,0.939,0.051
818000,0.010,0.911,0.079
818500,0.010,0.948,0.042
819000,0.010,0.939,0.051
819500,0.010,0.934,0.055
820000,0.010,0.924,0.066
820500,0.010,0.941,0.049
821000,0.010,0.946,0.044
821500,0.010,0.941,0.049
822000,0.010,0.944,0.046
822500,0.010,0.939,0.051
823000,0.010,0.958,0.032
823500,0.010,0.966,0.024
824000,0.010,0.967,0.023
824500,0.010,0.910,0.080
825000,0.010,0.906,0.084
825500,0.010,0.908,0.082
826000,0.010,0.867,0.123
826500,0.010,0.865,0.125
827000,0.010,0.886,0.104
827500,0.010,0.916,0.074
828000,0.010,0.914,0.076
828500,0.010,0.934,0.055
829000,0.010,0.964,0.026
829500,0.010,0.969,0.021
830000,0.010,0.975,0.015
830500,0.010,0.957,0.033
831000,0.010,0.968,0.022
831500,0.010,0.951,0.039
832000,0.010,0.941,0.049
832500,0.010,0.942,0.048
833000,0.010,0.906,0.084
833500,0.010,0.934,0.055
834000,0.010,0.943,0.047
834500,0.010,0.855,0.135
835000,0.010,0.891,0.099
835500,0.010,0.928,0.061
836000,0.010,0.933,0.057
836500,0.010,0.928,0.062
837000,0.010,0.925,0.065
837500,0.010,0.927,0.062
838000,0.010,0.955,0.035
838500,0.010,0.946,0.044
839000,0.010,0.935,0.054
839500,0.010,0.962,0.028
840000,0.010,0.928,0.062
840500,0.010,0.950,0.040
841000,0.010,0.944,0.046
841500,0.010,0.933,0.056
842000,0.010,0.917,0.073
842500,0.010,0.939,0.051
843000,0.010,0.918,0.072
843500,0.010,0.906,0.084
844000,0.010,0.916,0.074
844500,0.010,0.897,0.093
845000,0.010,0.914,0.076
845500,0.010,0.937,0.053
846000,0.010,0.940,0.050
846500,0.010,0.971,0.019
847000,0.010,0.975,0.015
847500,0.010,0.965,0.025
848000,0.010,0.962,0.028
848500,0.010,0.955,0.035
849000,0.010,0.946,0.044
849500,0.010,0.908,0.082
850000,0.010,0.894,0.096
850500,0.010,0.893,0.097
851000,0.010,0.896,0.094
851500,0.010,0.919,0.071
852000,0.010,0.919,0.071
852500,0.010,0.900,0.090
853000,0.010,0.879,0.111
853500,0.010,0.934,0.056
854000,0.010,0.907,0.083
854500,0.010,0.942,0.048
855000,0.010,0.949,0.041
855500,0.010,0.930,0.059
856000,0.010,0.884,0.106
856500,0.010,0.910,0.080
857000,0.010,0.901,0.089
857500,0.010,0.886,0.104
858000,0.010,0.859,0.131
858500,0.010,0.870,0.120
859000,0.010,0.875,0.115
859500,0.010,0.861,0.129
860000,0.010,0.904,0.086
860500,0.010,0.944,0.046
861000,0.010,0.934,0.056
861500,0.010,0.938,0.052
862000,0.010,0.949,0.041
862500,0.010,0.951,0.039
863000,0.010,0.898,0.092
863500,0.010,0.858,0.132
864000,0.010,0.894,0.096
864500,0.010,0.917,0.073
865000,0.010,0.922,0.068
865500,0.010,0.942,0.048
866000,0.010,0.951,0.039
866500,0.010,0.968,0.022
867000,0.010,0.943,0.047
867500,0.010,0.915,0.075
868000,0.010,0.916,0.074
868500,0.010,0.938,0.052
869000,0.010,0.956,0.034
869500,0.010,0.948,0.042
870000,0.010,0.940,0.050
870500,0.010,0.912,0.078
871000,0.010,0.902,0.088
871500,0.010,0.911,0.079
872000,0.010,0.908,0.082
872500,0.010,0.912,0.078
873000,0.010,0.901,0.089
873500,0.010,0.930,0.059
874000,0.010,0.936,0.054
874500,0.010,0.957,0.033
875000,0.010,0.947,0.043
875500,0.010,0.939,0.051
876000,0.010,0.922,0.068
876500,0.010,0.944,0.046
877000,0.010,0.963,0.027
877500,0.010,0.962,0.028
878000,0.010,0.980,0.010
878500,0.010,0.942,0.048
879000,0.010,0.950,0.040
879500,0.010,0.934,0.056
880000,0.010,0.925,0.065
880500,0.010,0.877,0.113
881000,0.010,0.914,0.076
881500,0.010,0.915,0.075
882000,0.010,0.883,0.107
882500,0.010,0.928,0.061
883000,0.010,0.937,0.053
883500,0.010,0.943,0.047
884000,0.010,0.948,0.042
884500,0.010,0.919,0.071
885000,0.010,0.925,0.065
885500,0.010,0.917,0.073
886000,0.010,0.919,0.071
886500,0.010,0.872,0.118
887000,0.010,0.882,0.108
887500,0.010,0.897,0.093
888000,0.010,0.893,0.097
888500,0.010,0.891,0.099
889000,0.010,0.887,0.103
889500,0.010,0.900,0.090
890000,0.010,0.914,0.076
890500,0.010,0.930,0.059
891000,0.010,0.917,0.073
891500,0.010,0.907,0.083
892000,0.010,0.948,0.042
892500,0.010,0.973,0.017
893000,0.010,0.966,0.024
893500,0.010,0.966,0.024
894000,0.010,0.955,0.035
894500,0.010,0.958,0.032
895000,0.010,0.946,0.044
895500,0.010,0.963,0.027
896000,0.010,0.971,0.019
896500,0.010,0.932,0.057
897000,0.010,0.936,0.053
897500,0.010,0.924,0.066
898000,0.010,0.929,0.060
898500,0.010,0.922,0.068
899000,0.010,0.899,0.091
899500,0.010,0.919,0.071
900000,0.010,0.900,0.090
900500,0.010,0.922,0.068
901000,0.010,0.949,0.041
901500,0.010,0.946,0.044
902000,0.010,0.946,0.044
902500,0.010,0.953,0.037
903000,0.010,0.930,0.060
903500,0.010,0.965,0.025
904000,0.010,0.955,0.035
904500,0.010,0.910,0.080
905000,0.010,0.934,0.055
905500,0.010,0.927,0.063
906000,0.010,0.929,0.060
906500,0.010,0.930,0.060
907000,0.010,0.932,0.058
907500,0.010,0.915,0.075
908000,0.010,0.945,0.045
908500,0.010,0.977,0.013
909000,0.010,0.959,0.031
909500,0.010,0.942,0.048
910000,0.010,0.946,0.044
910500,0.010,0.950,0.040
911000,0.010,0.964,0.026
911500,0.010,0.954,0.036
912000,0.010,0.945,0.045
912500,0.010,0.925,0.065
913000,0.010,0.895,0.095
913500,0.010,0.909,0.081
914000,0.010,0.905,0.085
914500,0.010,0.893,0.097
915000,0.010,0.930,0.060
915500,0.010,0.936,0.054
916000,0.010,0.934,0.055
916500,0.010,0.916,0.074
917000,0.010,0.929,0.061
917500,0.010,0.930,0.059
918000,0.010,0.933,0.057
918500,0.010,0.930,0.060
919000,0.010,0.941,0.049
919500,0.010,0.932,0.057
920000,0.010,0.914,0.076
920500,0.010,0.911,0.079
921000,0.010,0.949,0.041
921500,0.010,0.954,0.036
922000,0.010,0.958,0.032
922500,0.010,0.944,0.046
923000,0.010,0.933,0.056
923500,0.010,0.904,0.086
924000,0.010,0.903,0.087
924500,0.010,0.876,0.114
925000,0.010,0.893,0.097
925500,0.010,0.870,0.120
926000,0.010,0.848,0.142
926500,0.010,0.865,0.125
927000,0.010,0.884,0.106
927500,0.010,0.878,0.112
928000,0.010,0.895,0.095
928500,0.010,0.944,0.046
929000,0.010,0.915,0.075
929500,0.010,0.925,0.065
930000,0.010,0.930,0.059
930500,0.010,0.913,0.077
931000,0.010,0.919,0.071
931500,0.010,0.925,0.065
932000,0.010,0.931,0.058
932500,0.010,0.904,0.086
933000,0.010,0.888,0.102
933500,0.010,0.925,0.065
934000,0.010,0.875,0.115
934500,0.010,0.901,0.089
935000,0.010,0.921,0.069
935500,0.010,0.954,0.036
936000,0.010,0.902,0.088
936500,0.010,0.902,0.088
937000,0.010,0.896,0.094
937500,0.010,0.903,0.087
938000,0.010,0.920,0.070
938500,0.010,0.917,0.073
939000,0.010,0.920,0.070
939500,0.010,0.924,0.066
940000,0.010,0.907,0.083
940500,0.010,0.902,0.088
941000,0.010,0.934,0.056
941500,0.010,0.934,0.055
942000,0.010,0.930,0.059
942500,0.010,0.941,0.049
943000,0.010,0.928,0.061
943500,0.010,0.929,0.060
944000,0.010,0.880,0.110
944500,0.010,0.899,0.091
945000,0.010,0.919,0.071
945500,0.010,0.942,0.048
946000,0.010,0.900,0.090
946500,0.010,0.955,0.035
947000,0.010,0.953,0.037
947500,0.010,0.958,0.032
948000,0.010,0.967,0.023
948500,0.010,0.936,0.054
949000,0.010,0.923,0.067
949500,0.010,0.934,0.056
950000,0.010,0.957,0.033
950500,0.010,0.926,0.064
951000,0.010,0.905,0.085
951500,0.010,0.924,0.066
952000,0.010,0.911,0.079
952500,0.010,0.926,0.064
953000,0.010,0.909,0.081
953500,0.010,0.893,0.097
954000,0.010,0.913,0.077
954500,0.010,0.934,0.056
955000,0.010,0.894,0.096
955500,0.010,0.901,0.089
956000,0.010,0.928,0.061
956500,0.010,0.956,0.034
957000,0.010,0.955,0.035
957500,0.010,0.967,0.023
958000,0.010,0.966,0.024
958500,0.010,0.949,0.041
959000,0.010,0.947,0.043
959500,0.010,0.931,0.058
960000,0.010,0.931,0.059
960500,0.010,0.915,0.075
961000,0.010,0.935,0.054
961500,0.010,0.931,0.059
962000,0.010,0.955,0.035
962500,0.010,0.952,0.038
963000,0.010,0.929,0.061
963500,0.010,0.930,0.059
964000,0.010,0.935,0.055
964500,0.010,0.919,0.071
965000,0.010,0.945,0.045
965500,0.010,0.969,0.021
966000,0.010,0.973,0.017
966500,0.010,0.968,0.022
967000,0.010,0.972,0.018
967500,0.010,0.938,0.052
968000,0.010,0.932,0.058
968500,0.010,0.955,0.035
969000,0.010,0.939,0.051
969500,0.010,0.934,0.055
970000,0.010,0.917,0.073
970500,0.010,0.925,0.065
971000,0.010,0.904,0.086
971500,0.010,0.905,0.085
972000,0.010,0.916,0.074
972500,0.010,0.932,0.058
973000,0.010,0.924,0.066
973500,0.010,0.862,0.128
974000,0.010,0.900,0.090
974500,0.010,0.925,0.065
975000,0.010,0.944,0.046
975500,0.010,0.962,0.028
976000,0.010,0.970,0.020
976500,0.010,0.954,0.036
977000,0.010,0.961,0.029
977500,0.010,0.957,0.033
978000,0.010,0.946,0.044
978500,0.010,0.953,0.037
979000,0.010,0.943,0.047
979500,0.010,0.973,0.017
980000,0.010,0.951,0.039
980500,0.010,0.935,0.054
981000,0.010,0.953,0.037
981500,0.010,0.960,0.030
982000,0.010,0.961,0.029
982500,0.010,0.925,0.065
983000,0.010,0.933,0.057
983500,0.010,0.952,0.038
984000,0.010,0.925,0.065
984500,0.010,0.930,0.060
985000,0.010,0.931,0.059
985500,0.010,0.918,0.072
986000,0.010,0.922,0.068
986500,0.010,0.912,0.078
987000,0.010,0.938,0.052
987500,0.010,0.918,0.072
988000,0.010,0.919,0.071
988500,0.010,0.937,0.053
989000,0.010,0.941,0.049
989500,0.010,0.956,0.034
990000,0.010,0.934,0.056
990500,0.010,0.911,0.079
991000,0.010,0.913,0.077
991500,0.010,0.897,0.093
992000,0.010,0.916,0.074
992500,0.010,0.949,0.041
993000,0.010,0.921,0.069
993500,0.010,0.893,0.097
994000,0.010,0.911,0.079
994500,0.010,0.949,0.041
995000,0.010,0.934,0.055
995500,0.010,0.912,0.078
996000,0.010,0.927,0.062
996500,0.010,0.920,0.070
997000,0.010,0.920,0.070
997500,0.010,0.935,0.054
998000,0.010,0.940,0.050
998500,0.010,0.951,0.039
999000,0.010,0.922,0.068
999500,0.010,0.935,0.054
1000000,0.010,0.941,0.049
