time,n_A+p,n_B,n_AB
500,0.050,0.751,0.199
1000,0.050,0.762,0.188
1500,0.050,0.755,0.195
2000,0.050,0.713,0.237
2500,0.053,0.658,0.289
3000,0.051,0.728,0.221
3500,0.050,0.773,0.177
4000,0.050,0.691,0.259
4500,0.050,0.654,0.296
5000,0.050,0.699,0.251
5500,0.050,0.779,0.171
6000,0.050,0.757,0.193
6500,0.050,0.737,0.213
7000,0.055,0.695,0.250
7500,0.050,0.678,0.272
8000,0.050,0.630,0.320
8500,0.050,0.709,0.241
9000,0.050,0.715,0.235
9500,0.050,0.711,0.239
10000,0.050,0.711,0.239
10500,0.051,0.674,0.275
11000,0.051,0.681,0.268
11500,0.050,0.663,0.287
12000,0.050,0.680,0.270
12500,0.050,0.669,0.281
13000,0.050,0.732,0.218
13500,0.050,0.708,0.242
14000,0.050,0.794,0.156
14500,0.050,0.760,0.190
15000,0.050,0.728,0.222
15500,0.050,0.730,0.220
16000,0.050,0.662,0.288
16500,0.050,0.718,0.232
17000,0.050,0.744,0.206
17500,0.050,0.676,0.274
18000,0.050,0.675,0.275
18500,0.050,0.733,0.217
19000,0.050,0.716,0.234
19500,0.050,0.716,0.234
20000,0.050,0.731,0.219
20500,0.050,0.684,0.266
21000,0.050,0.678,0.272
21500,0.050,0.655,0.295
22000,0.050,0.642,0.308
22500,0.050,0.688,0.262
23000,0.050,0.771,0.179
23500,0.050,0.716,0.234
24000,0.050,0.753,0.197
24500,0.050,0.791,0.159
25000,0.050,0.782,0.168
25500,0.050,0.727,0.223
26000,0.050,0.740,0.210
26500,0.050,0.742,0.208
27000,0.050,0.679,0.271
27500,0.050,0.646,0.304
28000,0.050,0.742,0.208
28500,0.050,0.742,0.208
29000,0.050,0.767,0.183
29500,0.050,0.687,0.263
30000,0.050,0.689,0.261
30500,0.050,0.726,0.224
31000,0.050,0.701,0.249
31500,0.050,0.690,0.260
32000,0.050,0.680,0.270
32500,0.050,0.695,0.255
33000,0.050,0.688,0.262
33500,0.050,0.786,0.164
34000,0.050,0.753,0.197
34500,0.050,0.678,0.272
35000,0.050,0.738,0.212
35500,0.050,0.703,0.247
36000,0.050,0.751,0.199
36500,0.050,0.729,0.221
37000,0.050,0.746,0.204
37500,0.050,0.744,0.206
38000,0.050,0.705,0.245
38500,0.050,0.645,0.305
39000,0.050,0.609,0.341
39500,0.050,0.535,0.415
40000,0.050,0.571,0.379
40500,0.050,0.639,0.311
41000,0.050,0.668,0.282
41500,0.050,0.633,0.317
42000,0.050,0.644,0.306
42500,0.050,0.672,0.278
43000,0.050,0.687,0.263
43500,0.050,0.740,0.210
44000,0.050,0.744,0.206
44500,0.050,0.727,0.223
45000,0.050,0.703,0.247
45500,0.050,0.730,0.220
46000,0.050,0.721,0.229
46500,0.050,0.689,0.261
47000,0.050,0.619,0.331
47500,0.050,0.673,0.277
48000,0.050,0.651,0.299
48500,0.050,0.724,0.226
49000,0.050,0.705,0.245
49500,0.050,0.746,0.204
50000,0.050,0.788,0.162
50500,0.050,0.736,0.214
51000,0.050,0.758,0.192
51500,0.050,0.664,0.286
52000,0.050,0.724,0.226
52500,0.050,0.673,0.277
53000,0.050,0.670,0.280
53500,0.052,0.671,0.277
54000,0.050,0.725,0.225
54500,0.050,0.743,0.207
55000,0.050,0.713,0.237
55500,0.050,0.681,0.269
56000,0.050,0.643,0.307
56500,0.050,0.677,0.273
57000,0.050,0.705,0.245
57500,0.050,0.698,0.252
58000,0.050,0.695,0.255
58500,0.050,0.644,0.306
59000,0.050,0.667,0.283
59500,0.051,0.673,0.276
60000,0.050,0.731,0.219
60500,0.050,0.723,0.227
61000,0.050,0.612,0.338
61500,0.050,0.659,0.291
62000,0.050,0.689,0.261
62500,0.050,0.671,0.279
63000,0.050,0.722,0.228
63500,0.050,0.673,0.277
64000,0.050,0.625,0.325
64500,0.050,0.661,0.289
65000,0.050,0.713,0.237
65500,0.050,0.704,0.246
66000,0.050,0.683,0.267
66500,0.050,0.677,0.273
67000,0.051,0.672,0.277
67500,0.050,0.632,0.318
68000,0.050,0.674,0.276
68500,0.050,0.700,0.250
69000,0.050,0.666,0.284
69500,0.050,0.737,0.213
70000,0.050,0.687,0.263
70500,0.050,0.784,0.166
71000,0.050,0.701,0.249
71500,0.050,0.635,0.315
72000,0.050,0.610,0.340
72500,0.050,0.644,0.306
73000,0.050,0.652,0.298
73500,0.050,0.692,0.258
74000,0.050,0.691,0.259
74500,0.050,0.625,0.325
75000,0.050,0.696,0.254
75500,0.050,0.676,0.274
76000,0.050,0.736,0.214
76500,0.050,0.713,0.237
77000,0.050,0.675,0.275
77500,0.050,0.700,0.250
78000,0.050,0.673,0.277
78500,0.050,0.732,0.218
79000,0.050,0.721,0.229
79500,0.050,0.692,0.258
80000,0.050,0.762,0.188
80500,0.050,0.779,0.171
81000,0.050,0.693,0.257
81500,0.050,0.689,0.261
82000,0.050,0.641,0.309
82500,0.050,0.690,0.260
83000,0.050,0.676,0.274
83500,0.050,0.654,0.296
84000,0.050,0.697,0.253
84500,0.050,0.734,0.216
85000,0.050,0.792,0.158
85500,0.050,0.722,0.228
86000,0.050,0.760,0.190
86500,0.050,0.719,0.231
87000,0.050,0.702,0.248
87500,0.050,0.743,0.207
88000,0.050,0.787,0.163
88500,0.050,0.780,0.170
89000,0.050,0.774,0.176
89500,0.050,0.765,0.185
90000,0.050,0.735,0.215
90500,0.050,0.770,0.180
91000,0.050,0.762,0.188
91500,0.050,0.732,0.218
92000,0.050,0.730,0.220
92500,0.050,0.691,0.259
93000,0.050,0.719,0.231
93500,0.050,0.742,0.208
94000,0.050,0.703,0.247
94500,0.050,0.747,0.203
95000,0.050,0.713,0.237
95500,0.050,0.729,0.221
96000,0.050,0.747,0.203
96500,0.050,0.775,0.175
97000,0.050,0.755,0.195
97500,0.050,0.713,0.237
98000,0.050,0.693,0.257
98500,0.050,0.650,0.300
99000,0.050,0.696,0.254
99500,0.050,0.682,0.268
100000,0.050,0.688,0.262
100500,0.050,0.656,0.294
101000,0.050,0.713,0.237
101500,0.050,0.739,0.211
102000,0.050,0.758,0.192
102500,0.050,0.740,0.210
103000,0.050,0.730,0.220
103500,0.050,0.716,0.234
104000,0.050,0.710,0.240
104500,0.050,0.653,0.297
105000,0.050,0.689,0.261
105500,0.050,0.720,0.230
106000,0.050,0.740,0.210
106500,0.050,0.747,0.203
107000,0.050,0.696,0.254
107500,0.050,0.705,0.245
108000,0.050,0.671,0.279
108500,0.050,0.654,0.296
109000,0.050,0.620,0.330
109500,0.053,0.586,0.361
110000,0.050,0.612,0.338
110500,0.050,0.609,0.341
111000,0.050,0.627,0.323
111500,0.050,0.678,0.272
112000,0.050,0.699,0.251
112500,0.050,0.744,0.206
113000,0.050,0.743,0.207
113500,0.050,0.681,0.269
114000,0.050,0.670,0.280
114500,0.050,0.673,0.277
115000,0.050,0.731,0.219
115500,0.050,0.731,0.219
116000,0.050,0.721,0.229
116500,0.050,0.703,0.247
117000,0.050,0.742,0.208
117500,0.050,0.696,0.254
118000,0.050,0.670,0.280
118500,0.050,0.777,0.173
119000,0.050,0.766,0.184
119500,0.050,0.705,0.245
120000,0.050,0.694,0.256
120500,0.050,0.677,0.273
121000,0.050,0.748,0.202
121500,0.050,0.713,0.237
122000,0.050,0.653,0.297
122500,0.050,0.700,0.250
123000,0.050,0.636,0.314
123500,0.050,0.619,0.331
124000,0.050,0.659,0.291
124500,0.050,0.718,0.232
125000,0.050,0.676,0.274
125500,0.050,0.698,0.252
126000,0.050,0.763,0.187
126500,0.050,0.695,0.255
127000,0.051,0.722,0.227
127500,0.050,0.738,0.212
128000,0.050,0.717,0.233
128500,0.050,0.717,0.233
129000,0.050,0.741,0.209
129500,0.050,0.696,0.254
130000,0.050,0.686,0.264
130500,0.053,0.673,0.274
131000,0.050,0.702,0.248
131500,0.050,0.724,0.226
132000,0.050,0.754,0.196
132500,0.050,0.727,0.223
133000,0.050,0.684,0.266
133500,0.050,0.664,0.286
134000,0.050,0.698,0.252
134500,0.050,0.709,0.241
135000,0.050,0.660,0.290
135500,0.050,0.691,0.259
136000,0.050,0.716,0.234
136500,0.050,0.734,0.216
137000,0.050,0.752,0.198
137500,0.050,0.725,0.225
138000,0.050,0.737,0.213
138500,0.050,0.713,0.237
139000,0.050,0.725,0.225
139500,0.050,0.742,0.208
140000,0.050,0.711,0.239
140500,0.050,0.749,0.201
141000,0.053,0.728,0.219
141500,0.051,0.737,0.212
142000,0.050,0.738,0.212
142500,0.050,0.725,0.225
143000,0.050,0.736,0.214
143500,0.050,0.725,0.225
144000,0.050,0.709,0.241
144500,0.050,0.671,0.279
145000,0.050,0.727,0.223
145500,0.050,0.710,0.240
146000,0.050,0.674,0.276
146500,0.055,0.683,0.262
147000,0.051,0.689,0.260
147500,0.050,0.655,0.295
148000,0.050,0.673,0.277
148500,0.050,0.747,0.203
149000,0.050,0.715,0.235
149500,0.050,0.749,0.201
150000,0.050,0.724,0.226
150500,0.050,0.655,0.295
151000,0.050,0.655,0.295
151500,0.050,0.698,0.252
152000,0.050,0.742,0.208
152500,0.050,0.689,0.261
153000,0.050,0.753,0.197
153500,0.050,0.778,0.172
154000,0.050,0.719,0.231
154500,0.050,0.702,0.248
155000,0.050,0.723,0.227
155500,0.050,0.640,0.310
156000,0.050,0.732,0.218
156500,0.050,0.739,0.211
157000,0.050,0.706,0.244
157500,0.050,0.743,0.207
158000,0.050,0.729,0.221
158500,0.050,0.741,0.209
159000,0.050,0.738,0.212
159500,0.050,0.707,0.243
160000,0.050,0.674,0.276
160500,0.050,0.668,0.282
161000,0.050,0.763,0.187
161500,0.050,0.742,0.208
162000,0.050,0.690,0.260
162500,0.050,0.745,0.205
163000,0.050,0.800,0.150
163500,0.050,0.771,0.179
164000,0.050,0.736,0.214
164500,0.050,0.763,0.187
165000,0.050,0.731,0.219
165500,0.050,0.711,0.239
166000,0.050,0.708,0.242
166500,0.050,0.686,0.264
167000,0.050,0.774,0.176
167500,0.050,0.742,0.208
168000,0.050,0.680,0.270
168500,0.050,0.702,0.248
169000,0.050,0.746,0.204
169500,0.050,0.770,0.180
170000,0.050,0.756,0.194
170500,0.050,0.737,0.213
171000,0.050,0.740,0.210
171500,0.050,0.674,0.276
172000,0.050,0.762,0.188
172500,0.050,0.743,0.207
173000,0.050,0.755,0.195
173500,0.050,0.689,0.261
174000,0.050,0.757,0.193
174500,0.050,0.714,0.236
175000,0.050,0.751,0.199
175500,0.050,0.723,0.227
176000,0.053,0.680,0.267
176500,0.050,0.689,0.261
177000,0.053,0.664,0.283
177500,0.053,0.670,0.277
178000,0.050,0.734,0.216
178500,0.050,0.756,0.194
179000,0.050,0.689,0.261
179500,0.050,0.652,0.298
180000,0.050,0.677,0.273
180500,0.050,0.716,0.234
181000,0.050,0.742,0.208
181500,0.050,0.690,0.260
182000,0.050,0.723,0.227
182500,0.050,0.736,0.214
183000,0.050,0.685,0.265
183500,0.050,0.660,0.290
184000,0.050,0.666,0.284
184500,0.050,0.657,0.293
185000,0.050,0.696,0.254
185500,0.050,0.725,0.225
186000,0.050,0.749,0.201
186500,0.050,0.648,0.302
187000,0.050,0.648,0.302
187500,0.050,0.670,0.280
188000,0.050,0.736,0.214
188500,0.050,0.713,0.237
189000,0.050,0.726,0.224
189500,0.050,0.708,0.242
190000,0.050,0.705,0.245
190500,0.050,0.685,0.265
191000,0.050,0.761,0.189
191500,0.050,0.750,0.200
192000,0.050,0.729,0.221
192500,0.050,0.711,0.239
193000,0.050,0.699,0.251
193500,0.050,0.701,0.249
194000,0.050,0.727,0.223
194500,0.050,0.689,0.261
195000,0.050,0.729,0.221
195500,0.050,0.703,0.247
196000,0.050,0.742,0.208
196500,0.050,0.728,0.222
197000,0.050,0.643,0.307
197500,0.050,0.654,0.296
198000,0.050,0.674,0.276
198500,0.050,0.677,0.273
199000,0.050,0.664,0.286
199500,0.056,0.629,0.315
200000,0.050,0.663,0.287
200500,0.053,0.649,0.298
201000,0.052,0.604,0.344
201500,0.051,0.671,0.278
202000,0.051,0.697,0.252
202500,0.051,0.640,0.309
203000,0.052,0.675,0.273
203500,0.050,0.621,0.329
204000,0.051,0.641,0.308
204500,0.050,0.707,0.243
205000,0.054,0.676,0.270
205500,0.051,0.678,0.271
206000,0.050,0.780,0.170
206500,0.050,0.788,0.162
207000,0.050,0.769,0.181
207500,0.050,0.742,0.208
208000,0.054,0.706,0.240
208500,0.050,0.689,0.261
209000,0.050,0.688,0.262
209500,0.050,0.711,0.239
210000,0.050,0.763,0.187
210500,0.052,0.795,0.153
211000,0.050,0.719,0.231
211500,0.050,0.707,0.243
212000,0.050,0.713,0.237
212500,0.050,0.780,0.170
213000,0.050,0.769,0.181
213500,0.050,0.781,0.169
214000,0.050,0.697,0.253
214500,0.050,0.637,0.313
215000,0.050,0.706,0.244
215500,0.050,0.751,0.199
216000,0.050,0.769,0.181
216500,0.050,0.745,0.205
217000,0.050,0.705,0.245
217500,0.050,0.787,0.163
218000,0.050,0.708,0.242
218500,0.050,0.711,0.239
219000,0.050,0.751,0.199
219500,0.050,0.750,0.200
220000,0.050,0.755,0.195
220500,0.050,0.722,0.228
221000,0.050,0.719,0.231
221500,0.050,0.694,0.256
222000,0.050,0.672,0.278
222500,0.051,0.713,0.236
223000,0.050,0.718,0.232
223500,0.050,0.725,0.225
224000,0.050,0.702,0.248
224500,0.050,0.710,0.240
225000,0.050,0.668,0.282
225500,0.050,0.646,0.304
226000,0.050,0.650,0.300
226500,0.050,0.725,0.225
227000,0.050,0.733,0.217
227500,0.050,0.688,0.262
228000,0.050,0.740,0.210
228500,0.050,0.704,0.246
229000,0.050,0.676,0.274
229500,0.050,0.691,0.259
230000,0.050,0.708,0.242
230500,0.050,0.665,0.285
231000,0.050,0.626,0.324
231500,0.050,0.666,0.284
232000,0.050,0.682,0.268
232500,0.050,0.691,0.259
233000,0.050,0.656,0.294
233500,0.050,0.711,0.239
234000,0.050,0.732,0.218
234500,0.050,0.746,0.204
235000,0.050,0.737,0.213
235500,0.050,0.628,0.322
236000,0.050,0.672,0.278
236500,0.050,0.663,0.287
237000,0.050,0.699,0.251
237500,0.050,0.673,0.277
238000,0.050,0.687,0.263
238500,0.050,0.682,0.268
239000,0.050,0.623,0.327
239500,0.060,0.575,0.365
240000,0.055,0.607,0.338
240500,0.051,0.604,0.345
241000,0.053,0.624,0.323
241500,0.052,0.585,0.363
242000,0.050,0.621,0.329
242500,0.050,0.686,0.264
243000,0.050,0.645,0.305
243500,0.050,0.600,0.350
244000,0.055,0.624,0.321
244500,0.050,0.620,0.330
245000,0.050,0.695,0.255
245500,0.050,0.686,0.264
246000,0.050,0.743,0.207
246500,0.050,0.762,0.188
247000,0.050,0.788,0.162
247500,0.050,0.743,0.207
248000,0.050,0.679,0.271
248500,0.050,0.722,0.228
249000,0.050,0.724,0.226
249500,0.051,0.716,0.233
250000,0.050,0.761,0.189
250500,0.050,0.741,0.209
251000,0.050,0.736,0.214
251500,0.050,0.748,0.202
252000,0.050,0.713,0.237
252500,0.050,0.673,0.277
253000,0.050,0.673,0.277
253500,0.050,0.695,0.255
254000,0.050,0.650,0.300
254500,0.050,0.671,0.279
255000,0.050,0.677,0.273
255500,0.050,0.650,0.300
256000,0.052,0.674,0.274
256500,0.051,0.642,0.307
257000,0.050,0.656,0.294
257500,0.050,0.682,0.268
258000,0.050,0.714,0.236
258500,0.050,0.712,0.238
259000,0.050,0.761,0.189
259500,0.050,0.756,0.194
260000,0.050,0.726,0.224
260500,0.053,0.741,0.206
261000,0.050,0.742,0.208
261500,0.050,0.669,0.281
262000,0.050,0.644,0.306
262500,0.050,0.668,0.282
263000,0.050,0.687,0.263
263500,0.050,0.717,0.233
264000,0.050,0.717,0.233
264500,0.050,0.660,0.290
265000,0.050,0.716,0.234
265500,0.050,0.737,0.213
266000,0.050,0.767,0.183
266500,0.050,0.738,0.212
267000,0.050,0.667,0.283
267500,0.050,0.720,0.230
268000,0.050,0.798,0.152
268500,0.050,0.775,0.175
269000,0.050,0.794,0.156
269500,0.050,0.759,0.191
270000,0.050,0.740,0.210
270500,0.050,0.800,0.150
271000,0.050,0.820,0.130
271500,0.050,0.791,0.159
272000,0.050,0.769,0.181
272500,0.050,0.804,0.146
273000,0.050,0.801,0.149
273500,0.050,0.802,0.148
274000,0.050,0.782,0.168
274500,0.050,0.730,0.220
275000,0.050,0.716,0.234
275500,0.050,0.768,0.182
276000,0.050,0.761,0.189
276500,0.050,0.721,0.229
277000,0.050,0.691,0.259
277500,0.050,0.658,0.292
278000,0.050,0.697,0.253
278500,0.050,0.699,0.251
279000,0.050,0.681,0.269
279500,0.051,0.795,0.154
280000,0.050,0.699,0.251
280500,0.050,0.712,0.238
281000,0.050,0.703,0.247
281500,0.050,0.734,0.216
282000,0.050,0.709,0.241
282500,0.050,0.698,0.252
283000,0.050,0.694,0.256
283500,0.050,0.724,0.226
284000,0.050,0.724,0.226
284500,0.050,0.768,0.182
285000,0.050,0.731,0.219
285500,0.050,0.722,0.228
286000,0.050,0.800,0.150
286500,0.050,0.752,0.198
287000,0.050,0.687,0.263
287500,0.050,0.677,0.273
288000,0.050,0.712,0.238
288500,0.050,0.654,0.296
289000,0.050,0.651,0.299
289500,0.050,0.712,0.238
290000,0.050,0.727,0.223
290500,0.050,0.728,0.222
291000,0.050,0.661,0.289
291500,0.050,0.735,0.215
292000,0.050,0.794,0.156
292500,0.050,0.756,0.194
293000,0.050,0.762,0.188
293500,0.050,0.783,0.167
294000,0.050,0.753,0.197
294500,0.050,0.754,0.196
295000,0.050,0.722,0.228
295500,0.050,0.697,0.253
296000,0.050,0.749,0.201
296500,0.050,0.724,0.226
297000,0.050,0.771,0.179
297500,0.050,0.676,0.274
298000,0.050,0.704,0.246
298500,0.050,0.662,0.288
299000,0.050,0.723,0.227
299500,0.050,0.727,0.223
300000,0.050,0.701,0.249
300500,0.050,0.737,0.213
301000,0.050,0.746,0.204
301500,0.050,0.715,0.235
302000,0.050,0.687,0.263
302500,0.050,0.764,0.186
303000,0.050,0.783,0.167
303500,0.050,0.715,0.235
304000,0.050,0.636,0.314
304500,0.050,0.643,0.307
305000,0.052,0.672,0.276
305500,0.051,0.703,0.246
306000,0.050,0.741,0.209
306500,0.050,0.724,0.226
307000,0.050,0.710,0.240
307500,0.050,0.768,0.182
308000,0.050,0.757,0.193
308500,0.050,0.751,0.199
309000,0.052,0.657,0.291
309500,0.050,0.619,0.331
310000,0.050,0.671,0.279
310500,0.050,0.713,0.237
311000,0.050,0.774,0.176
311500,0.050,0.739,0.211
312000,0.050,0.675,0.275
312500,0.050,0.690,0.260
313000,0.050,0.708,0.242
313500,0.052,0.723,0.225
314000,0.050,0.754,0.196
314500,0.050,0.659,0.291
315000,0.050,0.669,0.281
315500,0.050,0.652,0.298
316000,0.050,0.700,0.250
316500,0.050,0.653,0.297
317000,0.050,0.696,0.254
317500,0.050,0.669,0.281
318000,0.050,0.674,0.276
318500,0.050,0.644,0.306
319000,0.050,0.651,0.299
319500,0.050,0.590,0.360
320000,0.050,0.645,0.305
320500,0.051,0.682,0.267
321000,0.050,0.697,0.253
321500,0.050,0.724,0.226
322000,0.050,0.754,0.196
322500,0.050,0.763,0.187
323000,0.050,0.752,0.198
323500,0.050,0.700,0.250
324000,0.050,0.717,0.233
324500,0.050,0.672,0.278
325000,0.050,0.698,0.252
325500,0.050,0.709,0.241
326000,0.050,0.699,0.251
326500,0.050,0.759,0.191
327000,0.050,0.743,0.207
327500,0.050,0.695,0.255
328000,0.050,0.739,0.211
328500,0.050,0.713,0.237
329000,0.050,0.717,0.233
329500,0.050,0.735,0.215
330000,0.050,0.711,0.239
330500,0.050,0.734,0.216
331000,0.050,0.710,0.240
331500,0.050,0.731,0.219
332000,0.050,0.718,0.232
332500,0.050,0.727,0.223
333000,0.050,0.723,0.227
333500,0.050,0.720,0.230
334000,0.050,0.726,0.224
334500,0.050,0.706,0.244
335000,0.050,0.693,0.257
335500,0.050,0.655,0.295
336000,0.050,0.656,0.294
336500,0.050,0.682,0.268
337000,0.050,0.683,0.267
337500,0.050,0.717,0.233
338000,0.050,0.723,0.227
338500,0.050,0.670,0.280
339000,0.050,0.720,0.230
339500,0.054,0.704,0.242
340000,0.050,0.661,0.289
340500,0.050,0.755,0.195
341000,0.050,0.720,0.230
341500,0.050,0.692,0.258
342000,0.050,0.720,0.230
342500,0.050,0.694,0.256
343000,0.050,0.669,0.281
343500,0.050,0.667,0.283
344000,0.050,0.648,0.302
344500,0.050,0.624,0.326
345000,0.054,0.676,0.270
345500,0.050,0.687,0.263
346000,0.050,0.745,0.205
346500,0.051,0.707,0.242
347000,0.050,0.756,0.194
347500,0.050,0.737,0.213
348000,0.050,0.779,0.171
348500,0.050,0.741,0.209
349000,0.050,0.784,0.166
349500,0.050,0.741,0.209
350000,0.050,0.782,0.168
350500,0.050,0.718,0.232
351000,0.050,0.674,0.276
351500,0.050,0.710,0.240
352000,0.050,0.763,0.187
352500,0.050,0.725,0.225
353000,0.050,0.727,0.223
353500,0.050,0.712,0.238
354000,0.050,0.708,0.242
354500,0.050,0.747,0.203
355000,0.050,0.755,0.195
355500,0.050,0.764,0.186
356000,0.050,0.707,0.243
356500,0.050,0.662,0.288
357000,0.050,0.680,0.270
357500,0.050,0.743,0.207
358000,0.050,0.692,0.258
358500,0.050,0.699,0.251
359000,0.050,0.742,0.208
359500,0.050,0.717,0.233
360000,0.050,0.748,0.202
360500,0.050,0.692,0.258
361000,0.050,0.642,0.308
361500,0.050,0.667,0.283
362000,0.050,0.688,0.262
362500,0.050,0.662,0.288
363000,0.050,0.734,0.216
363500,0.050,0.740,0.210
364000,0.050,0.742,0.208
364500,0.050,0.785,0.165
365000,0.050,0.654,0.296
365500,0.050,0.610,0.340
366000,0.050,0.671,0.279
366500,0.050,0.693,0.257
367000,0.050,0.703,0.247
367500,0.050,0.727,0.223
368000,0.050,0.718,0.232
368500,0.050,0.775,0.175
369000,0.050,0.695,0.255
369500,0.050,0.712,0.238
370000,0.050,0.710,0.240
370500,0.050,0.710,0.240
371000,0.050,0.703,0.247
371500,0.050,0.727,0.223
372000,0.050,0.777,0.173
372500,0.050,0.792,0.158
373000,0.050,0.765,0.185
373500,0.050,0.783,0.167
374000,0.050,0.821,0.129
374500,0.050,0.716,0.234
375000,0.050,0.753,0.197
375500,0.050,0.749,0.201
376000,0.050,0.751,0.199
376500,0.050,0.714,0.236
377000,0.050,0.761,0.189
377500,0.050,0.740,0.210
378000,0.050,0.719,0.231
378500,0.050,0.686,0.264
379000,0.052,0.700,0.248
379500,0.050,0.732,0.218
380000,0.050,0.640,0.310
380500,0.050,0.652,0.298
381000,0.050,0.667,0.283
381500,0.050,0.721,0.229
382000,0.050,0.731,0.219
382500,0.050,0.687,0.263
383000,0.050,0.740,0.210
383500,0.050,0.694,0.256
384000,0.050,0.676,0.274
384500,0.050,0.687,0.263
385000,0.050,0.644,0.306
385500,0.050,0.676,0.274
386000,0.050,0.721,0.229
386500,0.050,0.687,0.263
387000,0.050,0.702,0.248
387500,0.050,0.661,0.289
388000,0.050,0.720,0.230
388500,0.050,0.717,0.233
389000,0.050,0.724,0.226
389500,0.050,0.658,0.292
390000,0.054,0.663,0.283
390500,0.051,0.697,0.252
391000,0.051,0.675,0.274
391500,0.051,0.706,0.243
392000,0.050,0.701,0.249
392500,0.050,0.666,0.284
393000,0.050,0.653,0.297
393500,0.050,0.680,0.270
394000,0.050,0.622,0.328
394500,0.056,0.643,0.301
395000,0.051,0.662,0.287
395500,0.051,0.689,0.260
396000,0.050,0.691,0.259
396500,0.050,0.726,0.224
397000,0.050,0.724,0.226
397500,0.050,0.742,0.208
398000,0.050,0.744,0.206
398500,0.050,0.710,0.240
399000,0.050,0.662,0.288
399500,0.050,0.680,0.270
400000,0.050,0.703,0.247
400500,0.050,0.702,0.248
401000,0.050,0.712,0.238
401500,0.050,0.707,0.243
402000,0.050,0.756,0.194
402500,0.050,0.745,0.205
403000,0.050,0.749,0.201
403500,0.050,0.712,0.238
404000,0.050,0.693,0.257
404500,0.050,0.688,0.262
405000,0.050,0.727,0.223
405500,0.050,0.737,0.213
406000,0.050,0.778,0.172
406500,0.050,0.773,0.177
407000,0.050,0.715,0.235
407500,0.050,0.716,0.234
408000,0.050,0.716,0.234
408500,0.050,0.777,0.173
409000,0.050,0.748,0.202
409500,0.050,0.710,0.240
410000,0.050,0.695,0.255
410500,0.050,0.726,0.224
411000,0.050,0.744,0.206
411500,0.050,0.704,0.246
412000,0.050,0.659,0.291
412500,0.050,0.631,0.319
413000,0.050,0.721,0.229
413500,0.050,0.725,0.225
414000,0.050,0.704,0.246
414500,0.050,0.725,0.225
415000,0.050,0.738,0.212
415500,0.052,0.771,0.177
416000,0.051,0.792,0.157
416500,0.050,0.776,0.174
417000,0.050,0.776,0.174
417500,0.050,0.749,0.201
418000,0.050,0.708,0.242
418500,0.050,0.736,0.214
419000,0.050,0.722,0.228
419500,0.050,0.738,0.212
420000,0.050,0.723,0.227
420500,0.050,0.768,0.182
421000,0.050,0.732,0.218
421500,0.050,0.744,0.206
422000,0.050,0.726,0.224
422500,0.050,0.735,0.215
423000,0.050,0.754,0.196
423500,0.050,0.735,0.215
424000,0.050,0.742,0.208
424500,0.050,0.749,0.201
425000,0.050,0.771,0.179
425500,0.050,0.731,0.219
426000,0.050,0.691,0.259
426500,0.050,0.745,0.205
427000,0.050,0.700,0.250
427500,0.050,0.739,0.211
428000,0.050,0.702,0.248
428500,0.050,0.656,0.294
429000,0.050,0.732,0.218
429500,0.050,0.760,0.190
430000,0.050,0.653,0.297
430500,0.050,0.734,0.216
431000,0.050,0.752,0.198
431500,0.052,0.676,0.272
432000,0.050,0.677,0.273
432500,0.050,0.683,0.267
433000,0.050,0.662,0.288
433500,0.050,0.685,0.265
434000,0.050,0.676,0.274
434500,0.050,0.698,0.252
435000,0.050,0.673,0.277
435500,0.050,0.668,0.282
436000,0.050,0.656,0.294
436500,0.051,0.672,0.277
437000,0.050,0.680,0.270
437500,0.050,0.690,0.260
438000,0.050,0.701,0.249
438500,0.051,0.679,0.270
439000,0.050,0.699,0.251
439500,0.053,0.711,0.236
440000,0.050,0.695,0.255
440500,0.050,0.711,0.239
441000,0.050,0.655,0.295
441500,0.050,0.729,0.221
442000,0.050,0.675,0.275
442500,0.050,0.656,0.294
443000,0.050,0.713,0.237
443500,0.050,0.628,0.322
444000,0.050,0.712,0.238
444500,0.050,0.706,0.244
445000,0.050,0.657,0.293
445500,0.050,0.707,0.243
446000,0.050,0.724,0.226
446500,0.050,0.717,0.233
447000,0.050,0.730,0.220
447500,0.050,0.685,0.265
448000,0.050,0.802,0.148
448500,0.050,0.765,0.185
449000,0.050,0.698,0.252
449500,0.050,0.753,0.197
450000,0.050,0.688,0.262
450500,0.050,0.685,0.265
451000,0.050,0.676,0.274
451500,0.050,0.693,0.257
452000,0.050,0.722,0.228
452500,0.050,0.741,0.209
453000,0.050,0.743,0.207
453500,0.050,0.734,0.216
454000,0.050,0.665,0.285
454500,0.050,0.720,0.230
455000,0.050,0.672,0.278
455500,0.050,0.647,0.303
456000,0.056,0.734,0.210
456500,0.051,0.730,0.219
457000,0.051,0.633,0.316
457500,0.050,0.728,0.222
458000,0.050,0.746,0.204
458500,0.050,0.773,0.177
459000,0.050,0.766,0.184
459500,0.050,0.718,0.232
460000,0.050,0.734,0.216
460500,0.052,0.712,0.236
461000,0.051,0.672,0.277
461500,0.050,0.702,0.248
462000,0.052,0.697,0.251
462500,0.050,0.724,0.226
463000,0.050,0.727,0.223
463500,0.050,0.691,0.259
464000,0.050,0.654,0.296
464500,0.050,0.664,0.286
465000,0.050,0.730,0.220
465500,0.050,0.715,0.235
466000,0.050,0.679,0.271
466500,0.050,0.664,0.286
467000,0.050,0.648,0.302
467500,0.050,0.700,0.250
468000,0.050,0.697,0.253
468500,0.052,0.743,0.205
469000,0.051,0.696,0.253
469500,0.050,0.711,0.239
470000,0.050,0.676,0.274
470500,0.050,0.695,0.255
471000,0.050,0.680,0.270
471500,0.050,0.718,0.232
472000,0.050,0.737,0.213
472500,0.050,0.734,0.216
473000,0.050,0.709,0.241
473500,0.050,0.718,0.232
474000,0.051,0.719,0.230
474500,0.050,0.713,0.237
475000,0.050,0.713,0.237
475500,0.050,0.768,0.182
476000,0.053,0.741,0.206
476500,0.050,0.749,0.201
477000,0.050,0.738,0.212
477500,0.050,0.700,0.250
478000,0.050,0.753,0.197
478500,0.050,0.739,0.211
479000,0.050,0.722,0.228
479500,0.050,0.684,0.266
480000,0.050,0.737,0.213
480500,0.050,0.725,0.225
481000,0.050,0.706,0.244
481500,0.050,0.667,0.283
482000,0.050,0.718,0.232
482500,0.050,0.693,0.257
483000,0.050,0.718,0.232
483500,0.050,0.693,0.257
484000,0.050,0.674,0.276
484500,0.050,0.755,0.195
485000,0.050,0.744,0.206
485500,0.050,0.759,0.191
486000,0.050,0.711,0.239
486500,0.050,0.731,0.219
487000,0.050,0.721,0.229
487500,0.050,0.672,0.278
488000,0.050,0.698,0.252
488500,0.050,0.767,0.183
489000,0.050,0.733,0.217
489500,0.050,0.715,0.235
490000,0.050,0.725,0.225
490500,0.050,0.753,0.197
491000,0.050,0.806,0.144
491500,0.050,0.757,0.193
492000,0.050,0.724,0.226
492500,0.050,0.748,0.202
493000,0.050,0.721,0.229
493500,0.050,0.738,0.212
494000,0.050,0.763,0.187
494500,0.050,0.786,0.164
495000,0.050,0.783,0.167
495500,0.050,0.700,0.250
496000,0.050,0.618,0.332
496500,0.050,0.714,0.236
497000,0.050,0.700,0.250
497500,0.050,0.674,0.276
498000,0.050,0.752,0.198
498500,0.050,0.771,0.179
499000,0.050,0.696,0.254
499500,0.050,0.682,0.268
500000,0.050,0.707,0.243
500500,0.050,0.664,0.286
501000,0.050,0.706,0.244
501500,0.050,0.632,0.318
502000,0.050,0.695,0.255
502500,0.050,0.709,0.241
503000,0.052,0.659,0.289
503500,0.050,0.716,0.234
504000,0.050,0.768,0.182
504500,0.050,0.787,0.163
505000,0.050,0.714,0.236
505500,0.050,0.646,0.304
506000,0.050,0.700,0.250
506500,0.050,0.697,0.253
507000,0.050,0.722,0.228
507500,0.050,0.696,0.254
508000,0.050,0.719,0.231
508500,0.050,0.764,0.186
509000,0.050,0.678,0.272
509500,0.050,0.724,0.226
510000,0.050,0.680,0.270
510500,0.050,0.671,0.279
511000,0.050,0.660,0.290
511500,0.050,0.710,0.240
512000,0.050,0.717,0.233
512500,0.050,0.671,0.279
513000,0.050,0.702,0.248
513500,0.050,0.725,0.225
514000,0.050,0.768,0.182
514500,0.050,0.769,0.181
515000,0.050,0.779,0.171
515500,0.050,0.732,0.218
516000,0.050,0.702,0.248
516500,0.050,0.716,0.234
517000,0.050,0.690,0.260
517500,0.050,0.733,0.217
518000,0.050,0.688,0.262
518500,0.050,0.705,0.245
519000,0.050,0.713,0.237
519500,0.050,0.734,0.216
520000,0.050,0.739,0.211
520500,0.050,0.670,0.280
521000,0.050,0.704,0.246
521500,0.050,0.684,0.266
522000,0.050,0.782,0.168
522500,0.050,0.798,0.152
523000,0.050,0.693,0.257
523500,0.050,0.662,0.288
524000,0.050,0.636,0.314
524500,0.050,0.628,0.322
525000,0.050,0.633,0.317
525500,0.050,0.650,0.300
526000,0.050,0.739,0.211
526500,0.050,0.701,0.249
527000,0.050,0.757,0.193
527500,0.055,0.722,0.223
528000,0.050,0.703,0.247
528500,0.050,0.644,0.306
529000,0.050,0.708,0.242
529500,0.050,0.710,0.240
530000,0.050,0.682,0.268
530500,0.050,0.686,0.264
531000,0.050,0.717,0.233
531500,0.050,0.732,0.218
532000,0.050,0.688,0.262
532500,0.050,0.684,0.266
533000,0.050,0.756,0.194
533500,0.050,0.768,0.182
534000,0.050,0.688,0.262
534500,0.050,0.748,0.202
535000,0.050,0.691,0.259
535500,0.050,0.762,0.188
536000,0.050,0.775,0.175
536500,0.050,0.773,0.177
537000,0.050,0.749,0.201
537500,0.050,0.731,0.219
538000,0.050,0.734,0.216
538500,0.050,0.664,0.286
539000,0.050,0.730,0.220
539500,0.050,0.713,0.237
540000,0.050,0.745,0.205
540500,0.050,0.669,0.281
541000,0.050,0.727,0.223
541500,0.050,0.710,0.240
542000,0.050,0.720,0.230
542500,0.050,0.755,0.195
543000,0.050,0.754,0.196
543500,0.050,0.712,0.238
544000,0.050,0.678,0.272
544500,0.050,0.683,0.267
545000,0.050,0.742,0.208
545500,0.050,0.745,0.205
546000,0.050,0.759,0.191
546500,0.050,0.749,0.201
547000,0.050,0.763,0.187
547500,0.050,0.665,0.285
548000,0.050,0.566,0.384
548500,0.050,0.689,0.261
549000,0.050,0.689,0.261
549500,0.050,0.667,0.283
550000,0.050,0.698,0.252
550500,0.050,0.704,0.246
551000,0.050,0.673,0.277
551500,0.050,0.599,0.351
552000,0.050,0.687,0.263
552500,0.053,0.633,0.314
553000,0.050,0.669,0.281
553500,0.050,0.644,0.306
554000,0.050,0.704,0.246
554500,0.050,0.704,0.246
555000,0.050,0.647,0.303
555500,0.050,0.671,0.279
556000,0.050,0.703,0.247
556500,0.050,0.709,0.241
557000,0.050,0.657,0.293
557500,0.052,0.679,0.269
558000,0.051,0.684,0.265
558500,0.050,0.648,0.302
559000,0.050,0.695,0.255
559500,0.050,0.737,0.213
560000,0.050,0.720,0.230
560500,0.050,0.701,0.249
561000,0.050,0.734,0.216
561500,0.050,0.746,0.204
562000,0.050,0.675,0.275
562500,0.050,0.732,0.218
563000,0.050,0.746,0.204
563500,0.050,0.775,0.175
564000,0.050,0.703,0.247
564500,0.050,0.765,0.185
565000,0.050,0.682,0.268
565500,0.050,0.736,0.214
566000,0.050,0.724,0.226
566500,0.050,0.686,0.264
567000,0.050,0.720,0.230
567500,0.050,0.728,0.222
568000,0.050,0.665,0.285
568500,0.050,0.631,0.319
569000,0.050,0.629,0.321
569500,0.050,0.707,0.243
570000,0.050,0.725,0.225
570500,0.050,0.739,0.211
571000,0.050,0.689,0.261
571500,0.050,0.653,0.297
572000,0.050,0.744,0.206
572500,0.050,0.728,0.222
573000,0.050,0.778,0.172
573500,0.050,0.668,0.282
574000,0.053,0.622,0.325
574500,0.050,0.608,0.342
575000,0.050,0.672,0.278
575500,0.050,0.671,0.279
576000,0.050,0.684,0.266
576500,0.050,0.712,0.238
577000,0.050,0.759,0.191
577500,0.050,0.762,0.188
578000,0.050,0.730,0.220
578500,0.050,0.721,0.229
579000,0.050,0.725,0.225
579500,0.050,0.710,0.240
580000,0.050,0.727,0.223
580500,0.050,0.728,0.222
581000,0.050,0.686,0.264
581500,0.053,0.662,0.285
582000,0.051,0.684,0.265
582500,0.050,0.659,0.291
583000,0.050,0.708,0.242
583500,0.050,0.750,0.200
584000,0.050,0.764,0.186
584500,0.050,0.755,0.195
585000,0.050,0.676,0.274
585500,0.050,0.663,0.287
586000,0.050,0.716,0.234
586500,0.055,0.623,0.322
587000,0.051,0.630,0.319
587500,0.053,0.606,0.341
588000,0.051,0.560,0.389
588500,0.050,0.643,0.307
589000,0.050,0.651,0.299
589500,0.050,0.669,0.281
590000,0.050,0.677,0.273
590500,0.050,0.664,0.286
591000,0.050,0.601,0.349
591500,0.050,0.603,0.347
592000,0.050,0.693,0.257
592500,0.050,0.672,0.278
593000,0.050,0.649,0.301
593500,0.050,0.664,0.286
594000,0.050,0.687,0.263
594500,0.050,0.696,0.254
595000,0.050,0.750,0.200
595500,0.050,0.714,0.236
596000,0.050,0.720,0.230
596500,0.050,0.692,0.258
597000,0.050,0.714,0.236
597500,0.050,0.715,0.235
598000,0.050,0.694,0.256
598500,0.050,0.737,0.213
599000,0.050,0.733,0.217
599500,0.050,0.740,0.210
600000,0.050,0.726,0.224
600500,0.050,0.709,0.241
601000,0.050,0.739,0.211
601500,0.050,0.768,0.182
602000,0.050,0.725,0.225
602500,0.050,0.770,0.180
603000,0.050,0.752,0.198
603500,0.050,0.747,0.203
604000,0.050,0.742,0.208
604500,0.050,0.690,0.260
605000,0.050,0.641,0.309
605500,0.050,0.767,0.183
606000,0.050,0.728,0.222
606500,0.050,0.711,0.239
607000,0.050,0.679,0.271
607500,0.050,0.708,0.242
608000,0.050,0.709,0.241
608500,0.050,0.775,0.175
609000,0.050,0.732,0.218
609500,0.050,0.683,0.267
610000,0.050,0.694,0.256
610500,0.050,0.665,0.285
611000,0.050,0.732,0.218
611500,0.050,0.739,0.211
612000,0.050,0.733,0.217
612500,0.050,0.738,0.212
613000,0.050,0.707,0.243
613500,0.050,0.654,0.296
614000,0.050,0.688,0.262
614500,0.050,0.714,0.236
615000,0.050,0.731,0.219
615500,0.050,0.748,0.202
616000,0.050,0.706,0.244
616500,0.053,0.699,0.248
617000,0.050,0.742,0.208
617500,0.052,0.706,0.242
618000,0.050,0.719,0.231
618500,0.050,0.717,0.233
619000,0.050,0.757,0.193
619500,0.050,0.730,0.220
620000,0.050,0.681,0.269
620500,0.050,0.650,0.300
621000,0.050,0.689,0.261
621500,0.050,0.713,0.237
622000,0.050,0.752,0.198
622500,0.050,0.736,0.214
623000,0.050,0.725,0.225
623500,0.050,0.702,0.248
624000,0.050,0.685,0.265
624500,0.050,0.704,0.246
625000,0.050,0.664,0.286
625500,0.050,0.675,0.275
626000,0.050,0.641,0.309
626500,0.050,0.715,0.235
627000,0.050,0.646,0.304
627500,0.050,0.650,0.300
628000,0.050,0.656,0.294
628500,0.050,0.713,0.237
629000,0.050,0.721,0.229
629500,0.050,0.733,0.217
630000,0.050,0.695,0.255
630500,0.050,0.739,0.211
631000,0.050,0.710,0.240
631500,0.050,0.718,0.232
632000,0.050,0.710,0.240
632500,0.052,0.703,0.245
633000,0.050,0.689,0.261
633500,0.050,0.727,0.223
634000,0.052,0.748,0.200
634500,0.050,0.707,0.243
635000,0.050,0.729,0.221
635500,0.050,0.764,0.186
636000,0.050,0.773,0.177
636500,0.050,0.791,0.159
637000,0.050,0.765,0.185
637500,0.050,0.750,0.200
638000,0.050,0.791,0.159
638500,0.050,0.744,0.206
639000,0.050,0.727,0.223
639500,0.050,0.681,0.269
640000,0.050,0.715,0.235
640500,0.050,0.662,0.288
641000,0.050,0.688,0.262
641500,0.050,0.664,0.286
642000,0.050,0.637,0.313
642500,0.050,0.732,0.218
643000,0.050,0.653,0.297
643500,0.050,0.697,0.253
644000,0.050,0.638,0.312
644500,0.050,0.650,0.300
645000,0.050,0.719,0.231
645500,0.050,0.728,0.222
646000,0.050,0.691,0.259
646500,0.050,0.647,0.303
647000,0.050,0.658,0.292
647500,0.050,0.687,0.263
648000,0.050,0.664,0.286
648500,0.050,0.654,0.296
649000,0.050,0.610,0.340
649500,0.050,0.667,0.283
650000,0.050,0.724,0.226
650500,0.050,0.643,0.307
651000,0.050,0.710,0.240
651500,0.050,0.705,0.245
652000,0.050,0.619,0.331
652500,0.050,0.645,0.305
653000,0.054,0.654,0.292
653500,0.051,0.642,0.307
654000,0.050,0.713,0.237
654500,0.050,0.714,0.236
655000,0.050,0.748,0.202
655500,0.050,0.790,0.160
656000,0.050,0.745,0.205
656500,0.050,0.665,0.285
657000,0.050,0.663,0.287
657500,0.050,0.698,0.252
658000,0.055,0.716,0.229
658500,0.050,0.727,0.223
659000,0.050,0.739,0.211
659500,0.050,0.762,0.188
660000,0.050,0.734,0.216
660500,0.050,0.670,0.280
661000,0.050,0.698,0.252
661500,0.051,0.765,0.184
662000,0.050,0.777,0.173
662500,0.050,0.700,0.250
663000,0.050,0.728,0.222
663500,0.050,0.701,0.249
664000,0.050,0.673,0.277
664500,0.050,0.689,0.261
665000,0.050,0.702,0.248
665500,0.050,0.770,0.180
666000,0.050,0.660,0.290
666500,0.050,0.682,0.268
667000,0.050,0.681,0.269
667500,0.050,0.669,0.281
668000,0.050,0.680,0.270
668500,0.050,0.680,0.270
669000,0.050,0.727,0.223
669500,0.050,0.743,0.207
670000,0.050,0.785,0.165
670500,0.050,0.724,0.226
671000,0.056,0.690,0.254
671500,0.050,0.666,0.284
672000,0.050,0.717,0.233
672500,0.050,0.707,0.243
673000,0.050,0.759,0.191
673500,0.050,0.722,0.228
674000,0.050,0.708,0.242
674500,0.050,0.671,0.279
675000,0.050,0.655,0.295
675500,0.055,0.620,0.325
676000,0.050,0.663,0.287
676500,0.050,0.729,0.221
677000,0.050,0.757,0.193
677500,0.050,0.702,0.248
678000,0.050,0.701,0.249
678500,0.050,0.716,0.234
679000,0.050,0.710,0.240
679500,0.050,0.687,0.263
680000,0.050,0.679,0.271
680500,0.050,0.686,0.264
681000,0.050,0.741,0.209
681500,0.050,0.713,0.237
682000,0.050,0.755,0.195
682500,0.050,0.742,0.208
683000,0.050,0.695,0.255
683500,0.050,0.655,0.295
684000,0.050,0.682,0.268
684500,0.050,0.685,0.265
685000,0.050,0.700,0.250
685500,0.050,0.691,0.259
686000,0.050,0.692,0.258
686500,0.050,0.700,0.250
687000,0.050,0.716,0.234
687500,0.050,0.713,0.237
688000,0.050,0.626,0.324
688500,0.050,0.633,0.317
689000,0.050,0.699,0.251
689500,0.050,0.705,0.245
690000,0.050,0.681,0.269
690500,0.050,0.747,0.203
691000,0.050,0.775,0.175
691500,0.050,0.740,0.210
692000,0.050,0.654,0.296
692500,0.050,0.718,0.232
693000,0.050,0.736,0.214
693500,0.050,0.729,0.221
694000,0.050,0.753,0.197
694500,0.050,0.765,0.185
695000,0.050,0.636,0.314
695500,0.055,0.659,0.286
696000,0.051,0.691,0.258
696500,0.050,0.697,0.253
697000,0.050,0.657,0.293
697500,0.050,0.689,0.261
698000,0.050,0.680,0.270
698500,0.050,0.675,0.275
699000,0.050,0.742,0.208
699500,0.050,0.724,0.226
700000,0.050,0.724,0.226
700500,0.050,0.753,0.197
701000,0.050,0.774,0.176
701500,0.050,0.765,0.185
702000,0.050,0.731,0.219
702500,0.050,0.709,0.241
703000,0.050,0.706,0.244
703500,0.050,0.704,0.246
704000,0.050,0.703,0.247
704500,0.050,0.739,0.211
705000,0.050,0.739,0.211
705500,0.050,0.698,0.252
706000,0.050,0.690,0.260
706500,0.050,0.679,0.271
707000,0.050,0.673,0.277
707500,0.050,0.674,0.276
708000,0.050,0.687,0.263
708500,0.050,0.727,0.223
709000,0.050,0.731,0.219
709500,0.050,0.791,0.159
710000,0.050,0.742,0.208
710500,0.050,0.697,0.253
711000,0.050,0.739,0.211
711500,0.050,0.747,0.203
712000,0.053,0.682,0.265
712500,0.050,0.698,0.252
713000,0.050,0.742,0.208
713500,0.050,0.697,0.253
714000,0.050,0.669,0.281
714500,0.050,0.681,0.269
715000,0.050,0.663,0.287
715500,0.050,0.749,0.201
716000,0.050,0.668,0.282
716500,0.050,0.685,0.265
717000,0.050,0.717,0.233
717500,0.050,0.715,0.235
718000,0.050,0.776,0.174
718500,0.050,0.728,0.222
719000,0.050,0.760,0.190
719500,0.050,0.812,0.138
720000,0.050,0.784,0.166
720500,0.050,0.778,0.172
721000,0.050,0.710,0.240
721500,0.050,0.733,0.217
722000,0.050,0.757,0.193
722500,0.050,0.737,0.213
723000,0.050,0.734,0.216
723500,0.050,0.685,0.265
724000,0.050,0.633,0.317
724500,0.050,0.680,0.270
725000,0.050,0.694,0.256
725500,0.050,0.690,0.260
726000,0.050,0.688,0.262
726500,0.050,0.723,0.227
727000,0.050,0.681,0.269
727500,0.050,0.701,0.249
728000,0.050,0.649,0.301
728500,0.050,0.661,0.289
729000,0.050,0.657,0.293
729500,0.050,0.698,0.252
730000,0.050,0.679,0.271
730500,0.050,0.704,0.246
731000,0.050,0.715,0.235
731500,0.050,0.714,0.236
732000,0.050,0.746,0.204
732500,0.050,0.667,0.283
733000,0.050,0.700,0.250
733500,0.050,0.791,0.159
734000,0.050,0.762,0.188
734500,0.050,0.748,0.202
735000,0.056,0.725,0.219
735500,0.050,0.698,0.252
736000,0.050,0.684,0.266
736500,0.050,0.698,0.252
737000,0.050,0.648,0.302
737500,0.050,0.685,0.265
738000,0.050,0.690,0.260
738500,0.050,0.750,0.200
739000,0.050,0.734,0.216
739500,0.050,0.794,0.156
740000,0.050,0.790,0.160
740500,0.050,0.709,0.241
741000,0.051,0.692,0.257
741500,0.050,0.674,0.276
742000,0.050,0.670,0.280
742500,0.050,0.633,0.317
743000,0.050,0.677,0.273
743500,0.050,0.666,0.284
744000,0.050,0.682,0.268
744500,0.050,0.704,0.246
745000,0.050,0.700,0.250
745500,0.050,0.672,0.278
746000,0.050,0.653,0.297
746500,0.050,0.713,0.237
747000,0.050,0.696,0.254
747500,0.050,0.696,0.254
748000,0.050,0.757,0.193
748500,0.050,0.732,0.218
749000,0.050,0.709,0.241
749500,0.050,0.666,0.284
750000,0.050,0.675,0.275
750500,0.050,0.583,0.367
751000,0.050,0.690,0.260
751500,0.056,0.644,0.300
752000,0.050,0.633,0.317
752500,0.050,0.677,0.273
753000,0.050,0.711,0.239
753500,0.050,0.680,0.270
754000,0.050,0.750,0.200
754500,0.050,0.701,0.249
755000,0.050,0.701,0.249
755500,0.050,0.705,0.245
756000,0.050,0.667,0.283
756500,0.050,0.696,0.254
757000,0.050,0.700,0.250
757500,0.050,0.720,0.230
758000,0.050,0.689,0.261
758500,0.050,0.738,0.212
759000,0.050,0.730,0.220
759500,0.050,0.741,0.209
760000,0.050,0.672,0.278
760500,0.050,0.693,0.257
761000,0.050,0.696,0.254
761500,0.050,0.720,0.230
762000,0.050,0.685,0.265
762500,0.050,0.722,0.228
763000,0.050,0.665,0.285
763500,0.051,0.670,0.279
764000,0.050,0.687,0.263
764500,0.053,0.679,0.268
765000,0.051,0.664,0.285
765500,0.050,0.705,0.245
766000,0.050,0.689,0.261
766500,0.050,0.735,0.215
767000,0.050,0.656,0.294
767500,0.050,0.652,0.298
768000,0.050,0.719,0.231
768500,0.050,0.666,0.284
769000,0.050,0.663,0.287
769500,0.050,0.751,0.199
770000,0.050,0.733,0.217
770500,0.050,0.713,0.237
771000,0.050,0.648,0.302
771500,0.050,0.741,0.209
772000,0.050,0.712,0.238
772500,0.050,0.727,0.223
773000,0.052,0.604,0.344
773500,0.055,0.636,0.309
774000,0.051,0.670,0.279
774500,0.050,0.645,0.305
775000,0.050,0.677,0.273
775500,0.050,0.732,0.218
776000,0.050,0.732,0.218
776500,0.050,0.792,0.158
777000,0.050,0.712,0.238
777500,0.050,0.673,0.277
778000,0.053,0.728,0.219
778500,0.051,0.713,0.236
779000,0.050,0.661,0.289
779500,0.050,0.711,0.239
780000,0.050,0.711,0.239
780500,0.050,0.743,0.207
781000,0.050,0.754,0.196
781500,0.050,0.756,0.194
782000,0.050,0.690,0.260
782500,0.054,0.702,0.244
783000,0.050,0.668,0.282
783500,0.050,0.721,0.229
784000,0.052,0.643,0.305
784500,0.050,0.649,0.301
785000,0.050,0.622,0.328
785500,0.050,0.719,0.231
786000,0.050,0.683,0.267
786500,0.050,0.667,0.283
787000,0.050,0.742,0.208
787500,0.050,0.767,0.183
788000,0.050,0.723,0.227
788500,0.050,0.728,0.222
789000,0.050,0.744,0.206
789500,0.050,0.745,0.205
790000,0.050,0.696,0.254
790500,0.050,0.720,0.230
791000,0.050,0.742,0.208
791500,0.050,0.661,0.289
792000,0.050,0.747,0.203
792500,0.050,0.756,0.194
793000,0.050,0.741,0.209
793500,0.050,0.752,0.198
794000,0.050,0.730,0.220
794500,0.050,0.765,0.185
795000,0.050,0.825,0.125
795500,0.050,0.759,0.191
796000,0.050,0.790,0.160
796500,0.050,0.664,0.286
797000,0.053,0.666,0.281
797500,0.052,0.614,0.334
798000,0.051,0.680,0.269
798500,0.050,0.688,0.262
799000,0.050,0.753,0.197
799500,0.050,0.791,0.159
800000,0.050,0.748,0.202
800500,0.050,0.784,0.166
801000,0.050,0.722,0.228
801500,0.050,0.688,0.262
802000,0.050,0.717,0.233
802500,0.050,0.662,0.288
803000,0.050,0.717,0.233
803500,0.050,0.798,0.152
804000,0.050,0.732,0.218
804500,0.050,0.725,0.225
805000,0.050,0.795,0.155
805500,0.050,0.745,0.205
806000,0.050,0.710,0.240
806500,0.050,0.758,0.192
807000,0.050,0.753,0.197
807500,0.050,0.703,0.247
808000,0.050,0.678,0.272
808500,0.050,0.704,0.246
809000,0.050,0.672,0.278
809500,0.050,0.718,0.232
810000,0.050,0.685,0.265
810500,0.050,0.698,0.252
811000,0.050,0.750,0.200
811500,0.050,0.673,0.277
812000,0.050,0.680,0.270
812500,0.050,0.705,0.245
813000,0.050,0.705,0.245
813500,0.050,0.743,0.207
814000,0.050,0.739,0.211
814500,0.050,0.764,0.186
815000,0.050,0.657,0.293
815500,0.050,0.684,0.266
816000,0.050,0.707,0.243
816500,0.050,0.707,0.243
817000,0.050,0.782,0.168
817500,0.050,0.673,0.277
818000,0.050,0.688,0.262
818500,0.050,0.736,0.214
819000,0.050,0.718,0.232
819500,0.050,0.705,0.245
820000,0.050,0.712,0.238
820500,0.050,0.644,0.306
821000,0.050,0.685,0.265
821500,0.050,0.682,0.268
822000,0.050,0.624,0.326
822500,0.052,0.682,0.266
823000,0.050,0.616,0.334
823500,0.050,0.729,0.221
824000,0.055,0.628,0.317
824500,0.050,0.658,0.292
825000,0.050,0.693,0.257
825500,0.050,0.733,0.217
826000,0.050,0.633,0.317
826500,0.050,0.621,0.329
827000,0.050,0.672,0.278
827500,0.050,0.638,0.312
828000,0.053,0.635,0.312
828500,0.050,0.621,0.329
829000,0.050,0.651,0.299
829500,0.050,0.663,0.287
830000,0.050,0.684,0.266
830500,0.050,0.731,0.219
831000,0.050,0.670,0.280
831500,0.050,0.703,0.247
832000,0.050,0.713,0.237
832500,0.051,0.665,0.284
833000,0.050,0.710,0.240
833500,0.050,0.732,0.218
834000,0.050,0.713,0.237
834500,0.051,0.716,0.233
835000,0.050,0.729,0.221
835500,0.050,0.727,0.223
836000,0.050,0.743,0.207
836500,0.050,0.722,0.228
837000,0.050,0.732,0.218
837500,0.050,0.699,0.251
838000,0.050,0.719,0.231
838500,0.050,0.756,0.194
839000,0.050,0.769,0.181
839500,0.051,0.680,0.269
840000,0.050,0.695,0.255
840500,0.050,0.694,0.256
841000,0.050,0.708,0.242
841500,0.050,0.752,0.198
842000,0.050,0.642,0.308
842500,0.050,0.735,0.215
843000,0.050,0.705,0.245
843500,0.050,0.654,0.296
844000,0.050,0.658,0.292
844500,0.050,0.715,0.235
845000,0.052,0.653,0.295
845500,0.050,0.681,0.269
846000,0.050,0.746,0.204
846500,0.050,0.692,0.258
847000,0.050,0.649,0.301
847500,0.050,0.582,0.368
848000,0.050,0.670,0.280
848500,0.052,0.654,0.294
849000,0.050,0.618,0.332
849500,0.050,0.617,0.333
850000,0.050,0.738,0.212
850500,0.050,0.726,0.224
851000,0.050,0.743,0.207
851500,0.050,0.725,0.225
852000,0.050,0.753,0.197
852500,0.050,0.760,0.190
853000,0.050,0.755,0.195
853500,0.050,0.736,0.214
854000,0.050,0.665,0.285
854500,0.054,0.660,0.286
855000,0.050,0.663,0.287
855500,0.050,0.677,0.273
856000,0.050,0.724,0.226
856500,0.050,0.684,0.266
857000,0.050,0.700,0.250
857500,0.050,0.733,0.217
858000,0.050,0.769,0.181
858500,0.050,0.756,0.194
859000,0.050,0.691,0.259
859500,0.050,0.689,0.261
860000,0.050,0.697,0.253
860500,0.050,0.759,0.191
861000,0.050,0.726,0.224
861500,0.050,0.748,0.202
862000,0.050,0.753,0.197
862500,0.050,0.706,0.244
863000,0.050,0.662,0.288
863500,0.050,0.653,0.297
864000,0.050,0.689,0.261
864500,0.050,0.724,0.226
865000,0.050,0.707,0.243
865500,0.052,0.654,0.294
866000,0.050,0.704,0.246
866500,0.050,0.722,0.228
867000,0.050,0.779,0.171
867500,0.050,0.698,0.252
868000,0.050,0.705,0.245
868500,0.050,0.695,0.255
869000,0.050,0.638,0.312
869500,0.050,0.674,0.276
870000,0.050,0.704,0.246
870500,0.050,0.733,0.217
871000,0.050,0.740,0.210
871500,0.050,0.681,0.269
872000,0.050,0.683,0.267
872500,0.050,0.629,0.321
873000,0.050,0.651,0.299
873500,0.050,0.736,0.214
874000,0.050,0.748,0.202
874500,0.050,0.784,0.166
875000,0.050,0.746,0.204
875500,0.050,0.710,0.240
876000,0.050,0.714,0.236
876500,0.050,0.704,0.246
877000,0.050,0.666,0.284
877500,0.050,0.677,0.273
878000,0.050,0.696,0.254
878500,0.050,0.695,0.255
879000,0.050,0.727,0.223
879500,0.050,0.724,0.226
880000,0.050,0.707,0.243
880500,0.050,0.752,0.198
881000,0.050,0.768,0.182
881500,0.050,0.771,0.179
882000,0.050,0.744,0.206
882500,0.050,0.718,0.232
883000,0.050,0.740,0.210
883500,0.050,0.695,0.255
884000,0.050,0.667,0.283
884500,0.050,0.660,0.290
885000,0.050,0.721,0.229
885500,0.050,0.759,0.191
886000,0.050,0.676,0.274
886500,0.050,0.716,0.234
887000,0.050,0.709,0.241
887500,0.050,0.701,0.249
888000,0.050,0.692,0.258
888500,0.050,0.671,0.279
889000,0.050,0.688,0.262
889500,0.050,0.666,0.284
890000,0.050,0.682,0.268
890500,0.050,0.648,0.302
891000,0.050,0.718,0.232
891500,0.050,0.741,0.209
892000,0.050,0.732,0.218
892500,0.050,0.695,0.255
893000,0.050,0.681,0.269
893500,0.050,0.697,0.253
894000,0.050,0.738,0.212
894500,0.050,0.752,0.198
895000,0.050,0.717,0.233
895500,0.050,0.694,0.256
896000,0.050,0.690,0.260
896500,0.050,0.727,0.223
897000,0.050,0.747,0.203
897500,0.050,0.714,0.236
898000,0.050,0.736,0.214
898500,0.050,0.705,0.245
899000,0.052,0.670,0.278
899500,0.050,0.761,0.189
900000,0.050,0.739,0.211
900500,0.050,0.710,0.240
901000,0.050,0.670,0.280
901500,0.050,0.708,0.242
902000,0.050,0.697,0.253
902500,0.050,0.661,0.289
903000,0.050,0.747,0.203
903500,0.050,0.742,0.208
904000,0.050,0.731,0.219
904500,0.050,0.719,0.231
905000,0.050,0.671,0.279
905500,0.050,0.697,0.253
906000,0.050,0.740,0.210
906500,0.050,0.719,0.231
907000,0.050,0.705,0.245
907500,0.050,0.763,0.187
908000,0.050,0.779,0.171
908500,0.050,0.733,0.217
909000,0.050,0.714,0.236
909500,0.050,0.743,0.207
910000,0.050,0.727,0.223
910500,0.050,0.690,0.260
911000,0.050,0.710,0.240
911500,0.050,0.730,0.220
912000,0.050,0.710,0.240
912500,0.050,0.721,0.229
913000,0.050,0.743,0.207
913500,0.050,0.720,0.230
914000,0.050,0.710,0.240
914500,0.050,0.663,0.287
915000,0.050,0.639,0.311
915500,0.050,0.638,0.312
916000,0.050,0.688,0.262
916500,0.050,0.729,0.221
917000,0.050,0.700,0.250
917500,0.050,0.698,0.252
918000,0.050,0.697,0.253
918500,0.050,0.677,0.273
919000,0.050,0.615,0.335
919500,0.050,0.607,0.343
920000,0.050,0.657,0.293
920500,0.050,0.662,0.288
921000,0.050,0.738,0.212
921500,0.050,0.700,0.250
922000,0.050,0.657,0.293
922500,0.050,0.660,0.290
923000,0.050,0.719,0.231
923500,0.050,0.661,0.289
924000,0.050,0.635,0.315
924500,0.050,0.622,0.328
925000,0.050,0.713,0.237
925500,0.050,0.675,0.275
926000,0.050,0.724,0.226
926500,0.050,0.743,0.207
927000,0.050,0.654,0.296
927500,0.050,0.667,0.283
928000,0.050,0.713,0.237
928500,0.050,0.692,0.258
929000,0.051,0.641,0.308
929500,0.050,0.699,0.251
930000,0.050,0.646,0.304
930500,0.050,0.676,0.274
931000,0.050,0.733,0.217
931500,0.050,0.715,0.235
932000,0.051,0.659,0.290
932500,0.050,0.714,0.236
933000,0.050,0.697,0.253
933500,0.050,0.729,0.221
934000,0.050,0.721,0.229
934500,0.050,0.704,0.246
935000,0.050,0.694,0.256
935500,0.050,0.673,0.277
936000,0.050,0.693,0.257
936500,0.050,0.637,0.313
937000,0.052,0.652,0.296
937500,0.050,0.694,0.256
938000,0.050,0.692,0.258
938500,0.050,0.699,0.251
939000,0.050,0.724,0.226
939500,0.053,0.712,0.235
940000,0.050,0.751,0.199
940500,0.050,0.737,0.213
941000,0.050,0.735,0.215
941500,0.050,0.767,0.183
942000,0.050,0.705,0.245
942500,0.050,0.710,0.240
943000,0.050,0.704,0.246
943500,0.050,0.745,0.205
944000,0.050,0.691,0.259
944500,0.050,0.685,0.265
945000,0.050,0.703,0.247
945500,0.050,0.731,0.219
946000,0.050,0.674,0.276
946500,0.050,0.702,0.248
947000,0.050,0.706,0.244
947500,0.050,0.678,0.272
948000,0.050,0.717,0.233
948500,0.050,0.824,0.126
949000,0.050,0.802,0.148
949500,0.050,0.753,0.197
950000,0.050,0.726,0.224
950500,0.050,0.664,0.286
951000,0.050,0.708,0.242
951500,0.050,0.737,0.213
952000,0.050,0.746,0.204
952500,0.050,0.775,0.175
953000,0.050,0.753,0.197
953500,0.050,0.713,0.237
954000,0.050,0.739,0.211
954500,0.050,0.689,0.261
955000,0.050,0.713,0.237
955500,0.050,0.662,0.288
956000,0.050,0.689,0.261
956500,0.050,0.727,0.223
957000,0.050,0.711,0.239
957500,0.050,0.659,0.291
958000,0.050,0.696,0.254
958500,0.050,0.692,0.258
959000,0.050,0.719,0.231
959500,0.051,0.728,0.221
960000,0.050,0.696,0.254
960500,0.050,0.690,0.260
961000,0.050,0.689,0.261
961500,0.050,0.625,0.325
962000,0.050,0.709,0.241
962500,0.050,0.708,0.242
963000,0.050,0.781,0.169
963500,0.050,0.740,0.210
964000,0.050,0.728,0.222
964500,0.050,0.654,0.296
965000,0.050,0.679,0.271
965500,0.050,0.716,0.234
966000,0.050,0.751,0.199
966500,0.050,0.750,0.200
967000,0.050,0.715,0.235
967500,0.050,0.708,0.242
968000,0.050,0.656,0.294
968500,0.050,0.639,0.311
969000,0.050,0.724,0.226
969500,0.050,0.789,0.161
970000,0.050,0.736,0.214
970500,0.050,0.729,0.221
971000,0.050,0.741,0.209
971500,0.050,0.733,0.217
972000,0.050,0.719,0.231
972500,0.050,0.770,0.180
973000,0.050,0.730,0.220
973500,0.050,0.689,0.261
974000,0.050,0.695,0.255
974500,0.050,0.725,0.225
975000,0.050,0.694,0.256
975500,0.050,0.669,0.281
976000,0.050,0.680,0.270
976500,0.050,0.674,0.276
977000,0.050,0.769,0.181
977500,0.050,0.717,0.233
978000,0.050,0.680,0.270
978500,0.050,0.732,0.218
979000,0.050,0.712,0.238
979500,0.050,0.724,0.226
980000,0.050,0.754,0.196
980500,0.050,0.685,0.265
981000,0.050,0.689,0.261
981500,0.050,0.684,0.266
982000,0.050,0.732,0.218
982500,0.050,0.723,0.227
983000,0.050,0.711,0.239
983500,0.050,0.690,0.260
984000,0.050,0.700,0.250
984500,0.050,0.736,0.214
985000,0.050,0.704,0.246
985500,0.050,0.723,0.227
986000,0.050,0.761,0.189
986500,0.050,0.762,0.188
987000,0.050,0.765,0.185
987500,0.050,0.745,0.205
988000,0.050,0.718,0.232
988500,0.050,0.662,0.288
989000,0.050,0.719,0.231
989500,0.050,0.746,0.204
990000,0.050,0.749,0.201
990500,0.050,0.693,0.257
991000,0.050,0.687,0.263
991500,0.050,0.735,0.215
992000,0.050,0.648,0.302
992500,0.050,0.677,0.273
993000,0.050,0.683,0.267
993500,0.050,0.706,0.244
994000,0.050,0.668,0.282
994500,0.050,0.745,0.205
995000,0.050,0.691,0.259
995500,0.050,0.718,0.232
996000,0.050,0.724,0.226
996500,0.050,0.710,0.240
997000,0.050,0.732,0.218
997500,0.050,0.723,0.227
998000,0.050,0.709,0.241
998500,0.050,0.757,0.193
999000,0.050,0.699,0.251
999500,0.050,0.680,0.270
1000000,0.050,0.700,0.250
