time,n_A+p,n_B,n_AB
500,0.030,0.147,0.823
1000,0.056,0.072,0.872
1500,0.337,0.000,0.663
2000,0.268,0.000,0.732
2500,0.262,0.000,0.738
3000,0.342,0.000,0.658
3500,0.410,0.000,0.590
4000,0.222,0.000,0.778
4500,0.435,0.000,0.565
5000,0.285,0.000,0.715
5500,0.289,0.000,0.711
6000,0.442,0.000,0.558
6500,0.404,0.000,0.596
7000,0.312,0.000,0.688
7500,0.386,0.000,0.614
8000,0.254,0.000,0.746
8500,0.252,0.000,0.748
9000,0.266,0.000,0.734
9500,0.168,0.010,0.822
10000,0.369,0.000,0.631
10500,0.265,0.000,0.735
11000,0.231,0.000,0.769
11500,0.403,0.000,0.597
12000,0.329,0.000,0.671
12500,0.247,0.000,0.753
13000,0.364,0.000,0.636
13500,0.396,0.000,0.604
14000,0.176,0.000,0.824
14500,0.249,0.000,0.751
15000,0.180,0.000,0.820
15500,0.346,0.000,0.654
16000,0.375,0.000,0.625
16500,0.341,0.000,0.659
17000,0.403,0.000,0.597
17500,0.237,0.000,0.763
18000,0.238,0.000,0.762
18500,0.271,0.000,0.729
19000,0.370,0.000,0.630
19500,0.297,0.000,0.703
20000,0.276,0.000,0.724
20500,0.245,0.000,0.755
21000,0.435,0.000,0.565
21500,0.423,0.000,0.577
22000,0.344,0.000,0.656
22500,0.262,0.000,0.738
23000,0.313,0.000,0.687
23500,0.315,0.000,0.685
24000,0.229,0.000,0.771
24500,0.247,0.000,0.753
25000,0.285,0.000,0.715
25500,0.411,0.000,0.589
26000,0.360,0.000,0.640
26500,0.391,0.000,0.609
27000,0.239,0.000,0.761
27500,0.243,0.000,0.757
28000,0.327,0.000,0.673
28500,0.334,0.000,0.666
29000,0.342,0.000,0.658
29500,0.254,0.000,0.746
30000,0.223,0.000,0.777
30500,0.215,0.000,0.785
31000,0.347,0.000,0.653
31500,0.340,0.000,0.660
32000,0.425,0.000,0.575
32500,0.181,0.000,0.819
33000,0.248,0.000,0.752
33500,0.354,0.000,0.646
34000,0.438,0.000,0.562
34500,0.331,0.000,0.669
35000,0.319,0.000,0.681
35500,0.317,0.000,0.683
36000,0.305,0.000,0.695
36500,0.354,0.000,0.646
37000,0.366,0.000,0.634
37500,0.366,0.000,0.634
38000,0.379,0.000,0.621
38500,0.342,0.000,0.658
39000,0.241,0.000,0.759
39500,0.255,0.000,0.745
40000,0.293,0.000,0.707
40500,0.382,0.000,0.618
41000,0.256,0.000,0.744
41500,0.292,0.000,0.708
42000,0.370,0.000,0.630
42500,0.363,0.000,0.637
43000,0.243,0.000,0.757
43500,0.442,0.000,0.558
44000,0.318,0.000,0.682
44500,0.306,0.000,0.694
45000,0.297,0.000,0.703
45500,0.252,0.000,0.748
46000,0.355,0.000,0.645
46500,0.366,0.000,0.634
47000,0.312,0.000,0.688
47500,0.373,0.000,0.627
48000,0.288,0.000,0.712
48500,0.273,0.000,0.727
49000,0.329,0.000,0.671
49500,0.271,0.000,0.729
50000,0.218,0.000,0.782
50500,0.350,0.000,0.650
51000,0.341,0.000,0.659
51500,0.422,0.000,0.578
52000,0.389,0.000,0.611
52500,0.433,0.000,0.567
53000,0.191,0.000,0.809
53500,0.388,0.000,0.612
54000,0.379,0.000,0.621
54500,0.457,0.000,0.543
55000,0.170,0.000,0.830
55500,0.245,0.000,0.755
56000,0.487,0.000,0.513
56500,0.273,0.000,0.727
57000,0.282,0.000,0.718
57500,0.373,0.000,0.627
58000,0.219,0.000,0.781
58500,0.319,0.000,0.681
59000,0.304,0.000,0.696
59500,0.283,0.000,0.717
60000,0.278,0.000,0.722
60500,0.347,0.000,0.653
61000,0.346,0.000,0.654
61500,0.213,0.000,0.787
62000,0.228,0.000,0.772
62500,0.209,0.000,0.791
63000,0.343,0.000,0.657
63500,0.449,0.000,0.551
64000,0.287,0.000,0.713
64500,0.404,0.000,0.596
65000,0.252,0.000,0.748
65500,0.207,0.000,0.793
66000,0.397,0.000,0.603
66500,0.323,0.000,0.677
67000,0.251,0.000,0.749
67500,0.192,0.000,0.808
68000,0.362,0.000,0.638
68500,0.355,0.000,0.645
69000,0.352,0.000,0.648
69500,0.343,0.000,0.657
70000,0.336,0.000,0.664
70500,0.439,0.000,0.561
71000,0.222,0.000,0.778
71500,0.391,0.000,0.609
72000,0.337,0.000,0.663
72500,0.280,0.000,0.720
73000,0.404,0.000,0.596
73500,0.362,0.000,0.638
74000,0.305,0.000,0.695
74500,0.319,0.000,0.681
75000,0.435,0.000,0.565
75500,0.368,0.000,0.632
76000,0.357,0.000,0.643
76500,0.271,0.000,0.729
77000,0.299,0.000,0.701
77500,0.289,0.000,0.711
78000,0.251,0.000,0.749
78500,0.150,0.000,0.850
79000,0.351,0.000,0.649
79500,0.339,0.000,0.661
80000,0.337,0.000,0.663
80500,0.309,0.000,0.691
81000,0.396,0.000,0.604
81500,0.156,0.000,0.844
82000,0.259,0.000,0.741
82500,0.332,0.000,0.668
83000,0.210,0.000,0.790
83500,0.251,0.000,0.749
84000,0.395,0.000,0.605
84500,0.245,0.000,0.755
85000,0.358,0.000,0.642
85500,0.296,0.000,0.704
86000,0.379,0.000,0.621
86500,0.347,0.000,0.653
87000,0.223,0.000,0.777
87500,0.368,0.000,0.632
88000,0.319,0.000,0.681
88500,0.301,0.000,0.699
89000,0.341,0.000,0.659
89500,0.392,0.000,0.608
90000,0.263,0.000,0.737
90500,0.287,0.000,0.713
91000,0.311,0.000,0.689
91500,0.249,0.000,0.751
92000,0.308,0.000,0.692
92500,0.472,0.000,0.528
93000,0.268,0.000,0.732
93500,0.320,0.000,0.680
94000,0.365,0.000,0.635
94500,0.224,0.000,0.776
95000,0.217,0.000,0.783
95500,0.221,0.000,0.779
96000,0.268,0.000,0.732
96500,0.211,0.000,0.789
97000,0.470,0.000,0.530
97500,0.252,0.000,0.748
98000,0.337,0.000,0.663
98500,0.293,0.000,0.707
99000,0.310,0.000,0.690
99500,0.328,0.004,0.668
100000,0.195,0.000,0.805
100500,0.270,0.000,0.730
101000,0.216,0.000,0.784
101500,0.269,0.000,0.731
102000,0.356,0.000,0.644
102500,0.326,0.000,0.674
103000,0.383,0.000,0.617
103500,0.200,0.000,0.800
104000,0.264,0.000,0.736
104500,0.240,0.000,0.760
105000,0.314,0.000,0.686
105500,0.315,0.000,0.685
106000,0.432,0.000,0.568
106500,0.353,0.000,0.647
107000,0.284,0.000,0.716
107500,0.343,0.000,0.657
108000,0.394,0.000,0.606
108500,0.201,0.000,0.799
109000,0.258,0.000,0.742
109500,0.187,0.000,0.813
110000,0.315,0.000,0.685
110500,0.263,0.000,0.737
111000,0.184,0.000,0.816
111500,0.242,0.000,0.758
112000,0.155,0.000,0.845
112500,0.319,0.000,0.681
113000,0.154,0.000,0.846
113500,0.286,0.000,0.714
114000,0.335,0.000,0.665
114500,0.305,0.000,0.695
115000,0.343,0.000,0.657
115500,0.325,0.000,0.675
116000,0.321,0.000,0.679
116500,0.322,0.000,0.678
117000,0.277,0.000,0.723
117500,0.420,0.000,0.580
118000,0.401,0.000,0.599
118500,0.418,0.000,0.582
119000,0.204,0.000,0.796
119500,0.316,0.000,0.684
120000,0.296,0.000,0.704
120500,0.291,0.000,0.709
121000,0.364,0.000,0.636
121500,0.274,0.000,0.726
122000,0.316,0.000,0.684
122500,0.291,0.000,0.709
123000,0.337,0.000,0.663
123500,0.305,0.000,0.695
124000,0.217,0.000,0.783
124500,0.623,0.000,0.377
125000,0.203,0.000,0.797
125500,0.291,0.000,0.709
126000,0.294,0.000,0.706
126500,0.314,0.000,0.686
127000,0.384,0.000,0.616
127500,0.320,0.000,0.680
128000,0.256,0.000,0.744
128500,0.250,0.000,0.750
129000,0.300,0.000,0.700
129500,0.386,0.000,0.614
130000,0.350,0.000,0.650
130500,0.377,0.000,0.623
131000,0.237,0.000,0.763
131500,0.343,0.000,0.657
132000,0.465,0.000,0.535
132500,0.277,0.000,0.723
133000,0.247,0.000,0.753
133500,0.271,0.000,0.729
134000,0.276,0.000,0.724
134500,0.263,0.000,0.737
135000,0.239,0.000,0.761
135500,0.335,0.000,0.665
136000,0.305,0.000,0.695
136500,0.221,0.000,0.779
137000,0.378,0.000,0.622
137500,0.363,0.000,0.637
138000,0.342,0.000,0.658
138500,0.416,0.000,0.584
139000,0.334,0.000,0.666
139500,0.254,0.000,0.746
140000,0.296,0.000,0.704
140500,0.197,0.000,0.803
141000,0.321,0.000,0.679
141500,0.227,0.000,0.773
142000,0.351,0.000,0.649
142500,0.400,0.000,0.600
143000,0.297,0.000,0.703
143500,0.378,0.000,0.622
144000,0.325,0.000,0.675
144500,0.277,0.000,0.723
145000,0.276,0.000,0.724
145500,0.286,0.000,0.714
146000,0.267,0.000,0.733
146500,0.247,0.000,0.753
147000,0.237,0.000,0.763
147500,0.365,0.000,0.635
148000,0.391,0.000,0.609
148500,0.359,0.000,0.641
149000,0.366,0.000,0.634
149500,0.263,0.000,0.737
150000,0.309,0.000,0.691
150500,0.368,0.000,0.632
151000,0.233,0.000,0.767
151500,0.379,0.000,0.621
152000,0.288,0.000,0.712
152500,0.218,0.000,0.782
153000,0.308,0.000,0.692
153500,0.261,0.000,0.739
154000,0.201,0.000,0.799
154500,0.308,0.000,0.692
155000,0.276,0.000,0.724
155500,0.343,0.000,0.657
156000,0.231,0.000,0.769
156500,0.247,0.000,0.753
157000,0.171,0.000,0.829
157500,0.332,0.000,0.668
158000,0.505,0.000,0.495
158500,0.275,0.000,0.725
159000,0.384,0.000,0.616
159500,0.371,0.000,0.629
160000,0.290,0.000,0.710
160500,0.240,0.000,0.760
161000,0.348,0.000,0.652
161500,0.447,0.000,0.553
162000,0.378,0.000,0.622
162500,0.239,0.000,0.761
163000,0.391,0.000,0.609
163500,0.257,0.000,0.743
164000,0.198,0.000,0.802
164500,0.258,0.000,0.742
165000,0.322,0.000,0.678
165500,0.365,0.000,0.635
166000,0.352,0.000,0.648
166500,0.357,0.000,0.643
167000,0.284,0.000,0.716
167500,0.417,0.000,0.583
168000,0.200,0.000,0.800
168500,0.372,0.000,0.628
169000,0.350,0.000,0.650
169500,0.377,0.000,0.623
170000,0.444,0.000,0.556
170500,0.414,0.000,0.586
171000,0.268,0.000,0.732
171500,0.358,0.000,0.642
172000,0.270,0.000,0.730
172500,0.318,0.000,0.682
173000,0.264,0.000,0.736
173500,0.307,0.000,0.693
174000,0.269,0.000,0.731
174500,0.246,0.000,0.754
175000,0.315,0.000,0.685
175500,0.169,0.000,0.831
176000,0.204,0.000,0.796
176500,0.280,0.000,0.720
177000,0.187,0.000,0.813
177500,0.262,0.000,0.738
178000,0.328,0.000,0.672
178500,0.346,0.000,0.654
179000,0.200,0.000,0.800
179500,0.270,0.000,0.730
180000,0.266,0.000,0.734
180500,0.309,0.000,0.691
181000,0.244,0.000,0.756
181500,0.238,0.000,0.762
182000,0.248,0.000,0.752
182500,0.272,0.000,0.728
183000,0.166,0.000,0.834
183500,0.235,0.000,0.765
184000,0.358,0.000,0.642
184500,0.327,0.000,0.673
185000,0.252,0.000,0.748
185500,0.406,0.000,0.594
186000,0.310,0.000,0.690
186500,0.333,0.000,0.667
187000,0.329,0.000,0.671
187500,0.357,0.000,0.643
188000,0.263,0.000,0.737
188500,0.286,0.000,0.714
189000,0.307,0.000,0.693
189500,0.233,0.000,0.767
190000,0.308,0.000,0.692
190500,0.205,0.000,0.795
191000,0.336,0.000,0.664
191500,0.287,0.000,0.713
192000,0.278,0.000,0.722
192500,0.308,0.000,0.692
193000,0.271,0.000,0.729
193500,0.237,0.000,0.763
194000,0.405,0.000,0.595
194500,0.214,0.000,0.786
195000,0.223,0.000,0.777
195500,0.320,0.000,0.680
196000,0.301,0.000,0.699
196500,0.254,0.000,0.746
197000,0.239,0.000,0.761
197500,0.321,0.000,0.679
198000,0.361,0.000,0.639
198500,0.179,0.000,0.821
199000,0.305,0.000,0.695
199500,0.235,0.000,0.765
200000,0.225,0.000,0.775
200500,0.273,0.000,0.727
201000,0.335,0.000,0.665
201500,0.305,0.000,0.695
202000,0.335,0.000,0.665
202500,0.213,0.000,0.787
203000,0.341,0.000,0.659
203500,0.363,0.000,0.637
204000,0.393,0.000,0.607
204500,0.347,0.000,0.653
205000,0.415,0.000,0.585
205500,0.426,0.000,0.574
206000,0.356,0.000,0.644
206500,0.405,0.000,0.595
207000,0.249,0.000,0.751
207500,0.439,0.000,0.561
208000,0.256,0.000,0.744
208500,0.316,0.000,0.684
209000,0.350,0.000,0.650
209500,0.262,0.000,0.738
210000,0.235,0.000,0.765
210500,0.260,0.000,0.740
211000,0.274,0.000,0.726
211500,0.217,0.000,0.783
212000,0.341,0.000,0.659
212500,0.227,0.000,0.773
213000,0.308,0.000,0.692
213500,0.292,0.000,0.708
214000,0.336,0.000,0.664
214500,0.253,0.000,0.747
215000,0.387,0.000,0.613
215500,0.230,0.023,0.747
216000,0.258,0.000,0.742
216500,0.195,0.000,0.805
217000,0.277,0.000,0.723
217500,0.287,0.000,0.713
218000,0.412,0.000,0.588
218500,0.297,0.000,0.703
219000,0.392,0.000,0.608
219500,0.233,0.000,0.767
220000,0.288,0.000,0.712
220500,0.365,0.000,0.635
221000,0.309,0.000,0.691
221500,0.294,0.000,0.706
222000,0.313,0.000,0.687
222500,0.336,0.000,0.664
223000,0.327,0.000,0.673
223500,0.190,0.000,0.810
224000,0.405,0.000,0.595
224500,0.404,0.000,0.596
225000,0.373,0.000,0.627
225500,0.329,0.000,0.671
226000,0.429,0.000,0.571
226500,0.239,0.000,0.761
227000,0.296,0.000,0.704
227500,0.333,0.000,0.667
228000,0.469,0.000,0.531
228500,0.471,0.000,0.529
229000,0.353,0.000,0.647
229500,0.332,0.000,0.668
230000,0.375,0.000,0.625
230500,0.334,0.000,0.666
231000,0.366,0.000,0.634
231500,0.308,0.000,0.692
232000,0.190,0.000,0.810
232500,0.172,0.000,0.828
233000,0.397,0.000,0.603
233500,0.319,0.000,0.681
234000,0.353,0.000,0.647
234500,0.402,0.000,0.598
235000,0.481,0.000,0.519
235500,0.325,0.000,0.675
236000,0.307,0.000,0.693
236500,0.208,0.000,0.792
237000,0.391,0.000,0.609
237500,0.242,0.000,0.758
238000,0.284,0.000,0.716
238500,0.366,0.000,0.634
239000,0.291,0.000,0.709
239500,0.315,0.000,0.685
240000,0.255,0.000,0.745
240500,0.244,0.000,0.756
241000,0.398,0.000,0.602
241500,0.346,0.000,0.654
242000,0.312,0.000,0.688
242500,0.273,0.000,0.727
243000,0.463,0.000,0.537
243500,0.326,0.000,0.674
244000,0.328,0.000,0.672
244500,0.271,0.000,0.729
245000,0.285,0.000,0.715
245500,0.408,0.000,0.592
246000,0.442,0.000,0.558
246500,0.355,0.000,0.645
247000,0.380,0.000,0.620
247500,0.380,0.000,0.620
248000,0.328,0.000,0.672
248500,0.359,0.000,0.641
249000,0.171,0.000,0.829
249500,0.250,0.000,0.750
250000,0.231,0.000,0.769
250500,0.267,0.000,0.733
251000,0.317,0.000,0.683
251500,0.333,0.000,0.667
252000,0.343,0.000,0.657
252500,0.385,0.000,0.615
253000,0.268,0.000,0.732
253500,0.214,0.000,0.786
254000,0.260,0.000,0.740
254500,0.188,0.000,0.812
255000,0.255,0.000,0.745
255500,0.385,0.000,0.615
256000,0.376,0.000,0.624
256500,0.456,0.000,0.544
257000,0.294,0.000,0.706
257500,0.263,0.000,0.737
258000,0.340,0.000,0.660
258500,0.207,0.000,0.793
259000,0.315,0.000,0.685
259500,0.320,0.000,0.680
260000,0.365,0.000,0.635
260500,0.255,0.000,0.745
261000,0.299,0.000,0.701
261500,0.299,0.000,0.701
262000,0.323,0.000,0.677
262500,0.150,0.000,0.850
263000,0.272,0.000,0.728
263500,0.480,0.000,0.520
264000,0.214,0.000,0.786
264500,0.353,0.000,0.647
265000,0.261,0.000,0.739
265500,0.272,0.000,0.728
266000,0.259,0.000,0.741
266500,0.278,0.000,0.722
267000,0.210,0.000,0.790
267500,0.328,0.000,0.672
268000,0.336,0.000,0.664
268500,0.247,0.000,0.753
269000,0.197,0.000,0.803
269500,0.216,0.000,0.784
270000,0.463,0.000,0.537
270500,0.252,0.000,0.748
271000,0.375,0.000,0.625
271500,0.417,0.000,0.583
272000,0.273,0.000,0.727
272500,0.271,0.000,0.729
273000,0.338,0.000,0.662
273500,0.281,0.000,0.719
274000,0.281,0.000,0.719
274500,0.301,0.000,0.699
275000,0.248,0.000,0.752
275500,0.296,0.000,0.704
276000,0.209,0.000,0.791
276500,0.288,0.000,0.712
277000,0.393,0.000,0.607
277500,0.334,0.000,0.666
278000,0.339,0.000,0.661
278500,0.291,0.000,0.709
279000,0.261,0.000,0.739
279500,0.293,0.000,0.707
280000,0.305,0.000,0.695
280500,0.359,0.000,0.641
281000,0.200,0.000,0.800
281500,0.255,0.000,0.745
282000,0.222,0.000,0.778
282500,0.299,0.000,0.701
283000,0.222,0.000,0.778
283500,0.312,0.000,0.688
284000,0.369,0.000,0.631
284500,0.305,0.000,0.695
285000,0.202,0.000,0.798
285500,0.404,0.000,0.596
286000,0.208,0.000,0.792
286500,0.341,0.000,0.659
287000,0.369,0.000,0.631
287500,0.237,0.000,0.763
288000,0.262,0.000,0.738
288500,0.308,0.000,0.692
289000,0.290,0.000,0.710
289500,0.381,0.000,0.619
290000,0.301,0.000,0.699
290500,0.282,0.000,0.718
291000,0.338,0.000,0.662
291500,0.290,0.000,0.710
292000,0.441,0.000,0.559
292500,0.317,0.000,0.683
293000,0.203,0.000,0.797
293500,0.298,0.000,0.702
294000,0.284,0.000,0.716
294500,0.268,0.000,0.732
295000,0.323,0.000,0.677
295500,0.308,0.000,0.692
296000,0.241,0.000,0.759
296500,0.250,0.000,0.750
297000,0.275,0.000,0.725
297500,0.220,0.000,0.780
298000,0.274,0.000,0.726
298500,0.303,0.000,0.697
299000,0.250,0.000,0.750
299500,0.483,0.000,0.517
300000,0.410,0.000,0.590
300500,0.284,0.000,0.716
301000,0.429,0.000,0.571
301500,0.294,0.000,0.706
302000,0.350,0.000,0.650
302500,0.273,0.000,0.727
303000,0.426,0.000,0.574
303500,0.394,0.000,0.606
304000,0.386,0.000,0.614
304500,0.343,0.000,0.657
305000,0.210,0.026,0.764
305500,0.238,0.000,0.762
306000,0.201,0.000,0.799
306500,0.269,0.000,0.731
307000,0.352,0.000,0.648
307500,0.175,0.000,0.825
308000,0.289,0.000,0.711
308500,0.422,0.000,0.578
309000,0.226,0.000,0.774
309500,0.321,0.000,0.679
310000,0.461,0.000,0.539
310500,0.339,0.000,0.661
311000,0.255,0.000,0.745
311500,0.391,0.000,0.609
312000,0.290,0.000,0.710
312500,0.357,0.000,0.643
313000,0.305,0.000,0.695
313500,0.179,0.000,0.821
314000,0.303,0.000,0.697
314500,0.239,0.000,0.761
315000,0.280,0.000,0.720
315500,0.370,0.000,0.630
316000,0.190,0.000,0.810
316500,0.397,0.000,0.603
317000,0.238,0.000,0.762
317500,0.299,0.000,0.701
318000,0.175,0.024,0.801
318500,0.291,0.000,0.709
319000,0.300,0.000,0.700
319500,0.196,0.000,0.804
320000,0.238,0.000,0.762
320500,0.285,0.000,0.715
321000,0.199,0.000,0.801
321500,0.293,0.000,0.707
322000,0.262,0.000,0.738
322500,0.279,0.000,0.721
323000,0.348,0.000,0.652
323500,0.280,0.000,0.720
324000,0.214,0.000,0.786
324500,0.307,0.000,0.693
325000,0.405,0.000,0.595
325500,0.426,0.000,0.574
326000,0.101,0.024,0.875
326500,0.316,0.000,0.684
327000,0.214,0.000,0.786
327500,0.388,0.000,0.612
328000,0.348,0.000,0.652
328500,0.305,0.000,0.695
329000,0.315,0.000,0.685
329500,0.260,0.000,0.740
330000,0.321,0.000,0.679
330500,0.289,0.000,0.711
331000,0.511,0.000,0.489
331500,0.451,0.000,0.549
332000,0.216,0.000,0.784
332500,0.388,0.000,0.612
333000,0.286,0.000,0.714
333500,0.267,0.000,0.733
334000,0.194,0.000,0.806
334500,0.358,0.000,0.642
335000,0.418,0.000,0.582
335500,0.257,0.000,0.743
336000,0.439,0.000,0.561
336500,0.353,0.000,0.647
337000,0.283,0.000,0.717
337500,0.262,0.000,0.738
338000,0.513,0.000,0.487
338500,0.341,0.000,0.659
339000,0.349,0.000,0.651
339500,0.394,0.000,0.606
340000,0.267,0.000,0.733
340500,0.290,0.000,0.710
341000,0.277,0.000,0.723
341500,0.220,0.000,0.780
342000,0.352,0.000,0.648
342500,0.369,0.000,0.631
343000,0.357,0.000,0.643
343500,0.242,0.004,0.754
344000,0.416,0.000,0.584
344500,0.282,0.000,0.718
345000,0.514,0.000,0.486
345500,0.294,0.000,0.706
346000,0.250,0.000,0.750
346500,0.272,0.000,0.728
347000,0.450,0.000,0.550
347500,0.412,0.000,0.588
348000,0.303,0.000,0.697
348500,0.271,0.000,0.729
349000,0.268,0.000,0.732
349500,0.268,0.000,0.732
350000,0.355,0.000,0.645
350500,0.215,0.001,0.784
351000,0.274,0.000,0.726
351500,0.230,0.000,0.770
352000,0.256,0.000,0.744
352500,0.263,0.000,0.737
353000,0.365,0.000,0.635
353500,0.290,0.000,0.710
354000,0.406,0.000,0.594
354500,0.409,0.000,0.591
355000,0.246,0.000,0.754
355500,0.270,0.000,0.730
356000,0.371,0.000,0.629
356500,0.276,0.000,0.724
357000,0.359,0.000,0.641
357500,0.351,0.000,0.649
358000,0.461,0.000,0.539
358500,0.382,0.000,0.618
359000,0.472,0.000,0.528
359500,0.409,0.000,0.591
360000,0.252,0.000,0.748
360500,0.315,0.000,0.685
361000,0.290,0.000,0.710
361500,0.329,0.000,0.671
362000,0.258,0.000,0.742
362500,0.332,0.000,0.668
363000,0.336,0.000,0.664
363500,0.363,0.000,0.637
364000,0.362,0.000,0.638
364500,0.247,0.000,0.753
365000,0.323,0.000,0.677
365500,0.219,0.000,0.781
366000,0.337,0.000,0.663
366500,0.298,0.000,0.702
367000,0.268,0.000,0.732
367500,0.297,0.000,0.703
368000,0.225,0.000,0.775
368500,0.301,0.000,0.699
369000,0.238,0.000,0.762
369500,0.236,0.000,0.764
370000,0.327,0.000,0.673
370500,0.360,0.000,0.640
371000,0.341,0.000,0.659
371500,0.317,0.000,0.683
372000,0.322,0.000,0.678
372500,0.329,0.000,0.671
373000,0.271,0.000,0.729
373500,0.300,0.000,0.700
374000,0.381,0.000,0.619
374500,0.255,0.000,0.745
375000,0.336,0.000,0.664
375500,0.358,0.000,0.642
376000,0.327,0.000,0.673
376500,0.257,0.000,0.743
377000,0.286,0.000,0.714
377500,0.250,0.000,0.750
378000,0.336,0.000,0.664
378500,0.268,0.000,0.732
379000,0.355,0.000,0.645
379500,0.287,0.000,0.713
380000,0.302,0.000,0.698
380500,0.240,0.000,0.760
381000,0.216,0.000,0.784
381500,0.295,0.000,0.705
382000,0.399,0.000,0.601
382500,0.259,0.000,0.741
383000,0.300,0.000,0.700
383500,0.344,0.000,0.656
384000,0.308,0.000,0.692
384500,0.358,0.000,0.642
385000,0.270,0.000,0.730
385500,0.369,0.000,0.631
386000,0.268,0.000,0.732
386500,0.183,0.000,0.817
387000,0.330,0.000,0.670
387500,0.281,0.000,0.719
388000,0.218,0.000,0.782
388500,0.317,0.000,0.683
389000,0.270,0.000,0.730
389500,0.258,0.000,0.742
390000,0.233,0.000,0.767
390500,0.312,0.000,0.688
391000,0.321,0.000,0.679
391500,0.263,0.000,0.737
392000,0.318,0.000,0.682
392500,0.263,0.000,0.737
393000,0.339,0.000,0.661
393500,0.348,0.000,0.652
394000,0.271,0.000,0.729
394500,0.239,0.000,0.761
395000,0.256,0.000,0.744
395500,0.257,0.000,0.743
396000,0.296,0.000,0.704
396500,0.277,0.000,0.723
397000,0.356,0.000,0.644
397500,0.284,0.000,0.716
398000,0.436,0.000,0.564
398500,0.239,0.000,0.761
399000,0.256,0.000,0.744
399500,0.297,0.000,0.703
400000,0.249,0.000,0.751
400500,0.332,0.000,0.668
401000,0.302,0.000,0.698
401500,0.287,0.000,0.713
402000,0.269,0.000,0.731
402500,0.272,0.000,0.728
403000,0.190,0.001,0.809
403500,0.203,0.000,0.797
404000,0.374,0.000,0.626
404500,0.382,0.000,0.618
405000,0.399,0.000,0.601
405500,0.265,0.000,0.735
406000,0.291,0.000,0.709
406500,0.390,0.000,0.610
407000,0.282,0.000,0.718
407500,0.243,0.000,0.757
408000,0.389,0.000,0.611
408500,0.293,0.000,0.707
409000,0.265,0.000,0.735
409500,0.254,0.000,0.746
410000,0.300,0.000,0.700
410500,0.310,0.000,0.690
411000,0.295,0.000,0.705
411500,0.185,0.000,0.815
412000,0.313,0.000,0.687
412500,0.247,0.000,0.753
413000,0.241,0.000,0.759
413500,0.381,0.000,0.619
414000,0.220,0.000,0.780
414500,0.277,0.000,0.723
415000,0.351,0.000,0.649
415500,0.302,0.000,0.698
416000,0.417,0.000,0.583
416500,0.523,0.000,0.477
417000,0.376,0.000,0.624
417500,0.472,0.000,0.528
418000,0.245,0.000,0.755
418500,0.309,0.000,0.691
419000,0.249,0.000,0.751
419500,0.417,0.000,0.583
420000,0.283,0.000,0.717
420500,0.186,0.000,0.814
421000,0.329,0.000,0.671
421500,0.273,0.000,0.727
422000,0.254,0.000,0.746
422500,0.251,0.000,0.749
423000,0.356,0.000,0.644
423500,0.258,0.000,0.742
424000,0.348,0.000,0.652
424500,0.257,0.000,0.743
425000,0.221,0.000,0.779
425500,0.377,0.000,0.623
426000,0.336,0.000,0.664
426500,0.266,0.000,0.734
427000,0.308,0.000,0.692
427500,0.218,0.000,0.782
428000,0.365,0.000,0.635
428500,0.304,0.000,0.696
429000,0.271,0.000,0.729
429500,0.290,0.000,0.710
430000,0.247,0.009,0.744
430500,0.246,0.000,0.754
431000,0.305,0.000,0.695
431500,0.308,0.000,0.692
432000,0.313,0.000,0.687
432500,0.450,0.000,0.550
433000,0.256,0.000,0.744
433500,0.285,0.000,0.715
434000,0.351,0.000,0.649
434500,0.273,0.000,0.727
435000,0.323,0.000,0.677
435500,0.348,0.000,0.652
436000,0.398,0.000,0.602
436500,0.404,0.000,0.596
437000,0.345,0.000,0.655
437500,0.243,0.000,0.757
438000,0.233,0.000,0.767
438500,0.284,0.000,0.716
439000,0.355,0.000,0.645
439500,0.405,0.000,0.595
440000,0.336,0.000,0.664
440500,0.316,0.000,0.684
441000,0.259,0.000,0.741
441500,0.396,0.000,0.604
442000,0.232,0.000,0.768
442500,0.308,0.000,0.692
443000,0.340,0.000,0.660
443500,0.303,0.000,0.697
444000,0.282,0.000,0.718
444500,0.265,0.000,0.735
445000,0.237,0.000,0.763
445500,0.295,0.000,0.705
446000,0.310,0.000,0.690
446500,0.334,0.000,0.666
447000,0.269,0.000,0.731
447500,0.290,0.000,0.710
448000,0.318,0.000,0.682
448500,0.353,0.000,0.647
449000,0.192,0.001,0.807
449500,0.275,0.000,0.725
450000,0.303,0.000,0.697
450500,0.156,0.000,0.844
451000,0.315,0.000,0.685
451500,0.305,0.002,0.693
452000,0.226,0.000,0.774
452500,0.286,0.000,0.714
453000,0.226,0.000,0.774
453500,0.286,0.000,0.714
454000,0.452,0.000,0.548
454500,0.341,0.000,0.659
455000,0.262,0.000,0.738
455500,0.201,0.000,0.799
456000,0.409,0.000,0.591
456500,0.248,0.000,0.752
457000,0.417,0.000,0.583
457500,0.285,0.000,0.715
458000,0.294,0.000,0.706
458500,0.297,0.000,0.703
459000,0.394,0.000,0.606
459500,0.484,0.000,0.516
460000,0.310,0.000,0.690
460500,0.309,0.000,0.691
461000,0.345,0.000,0.655
461500,0.303,0.000,0.697
462000,0.375,0.000,0.625
462500,0.327,0.000,0.673
463000,0.239,0.002,0.759
463500,0.366,0.000,0.634
464000,0.322,0.000,0.678
464500,0.382,0.000,0.618
465000,0.330,0.000,0.670
465500,0.397,0.000,0.603
466000,0.168,0.000,0.832
466500,0.289,0.000,0.711
467000,0.328,0.000,0.672
467500,0.231,0.000,0.769
468000,0.258,0.000,0.742
468500,0.416,0.000,0.584
469000,0.374,0.000,0.626
469500,0.351,0.000,0.649
470000,0.315,0.000,0.685
470500,0.239,0.000,0.761
471000,0.286,0.000,0.714
471500,0.227,0.000,0.773
472000,0.396,0.000,0.604
472500,0.361,0.000,0.639
473000,0.284,0.000,0.716
473500,0.201,0.000,0.799
474000,0.303,0.000,0.697
474500,0.398,0.000,0.602
475000,0.371,0.000,0.629
475500,0.359,0.000,0.641
476000,0.389,0.000,0.611
476500,0.190,0.000,0.810
477000,0.363,0.000,0.637
477500,0.181,0.000,0.819
478000,0.240,0.000,0.760
478500,0.326,0.000,0.674
479000,0.251,0.000,0.749
479500,0.282,0.000,0.718
480000,0.317,0.000,0.683
480500,0.296,0.000,0.704
481000,0.274,0.000,0.726
481500,0.481,0.000,0.519
482000,0.336,0.000,0.664
482500,0.463,0.000,0.537
483000,0.290,0.000,0.710
483500,0.263,0.000,0.737
484000,0.333,0.000,0.667
484500,0.260,0.000,0.740
485000,0.290,0.000,0.710
485500,0.282,0.000,0.718
486000,0.435,0.000,0.565
486500,0.250,0.000,0.750
487000,0.324,0.000,0.676
487500,0.290,0.000,0.710
488000,0.219,0.000,0.781
488500,0.269,0.000,0.731
489000,0.364,0.000,0.636
489500,0.367,0.000,0.633
490000,0.232,0.000,0.768
490500,0.320,0.000,0.680
491000,0.269,0.000,0.731
491500,0.305,0.000,0.695
492000,0.342,0.000,0.658
492500,0.370,0.000,0.630
493000,0.291,0.000,0.709
493500,0.225,0.000,0.775
494000,0.242,0.000,0.758
494500,0.298,0.000,0.702
495000,0.312,0.000,0.688
495500,0.252,0.000,0.748
496000,0.275,0.000,0.725
496500,0.298,0.000,0.702
497000,0.471,0.000,0.529
497500,0.307,0.000,0.693
498000,0.253,0.000,0.747
498500,0.414,0.000,0.586
499000,0.388,0.000,0.612
499500,0.463,0.000,0.537
500000,0.233,0.000,0.767
500500,0.366,0.000,0.634
501000,0.311,0.000,0.689
501500,0.274,0.000,0.726
502000,0.147,0.000,0.853
502500,0.274,0.000,0.726
503000,0.376,0.000,0.624
503500,0.271,0.000,0.729
504000,0.258,0.000,0.742
504500,0.292,0.000,0.708
505000,0.314,0.000,0.686
505500,0.290,0.000,0.710
506000,0.312,0.000,0.688
506500,0.213,0.000,0.787
507000,0.383,0.000,0.617
507500,0.459,0.000,0.541
508000,0.373,0.000,0.627
508500,0.320,0.000,0.680
509000,0.364,0.000,0.636
509500,0.412,0.000,0.588
510000,0.320,0.000,0.680
510500,0.292,0.000,0.708
511000,0.191,0.000,0.809
511500,0.344,0.000,0.656
512000,0.276,0.000,0.724
512500,0.301,0.000,0.699
513000,0.290,0.000,0.710
513500,0.263,0.000,0.737
514000,0.328,0.000,0.672
514500,0.389,0.000,0.611
515000,0.379,0.000,0.621
515500,0.250,0.000,0.750
516000,0.377,0.000,0.623
516500,0.343,0.000,0.657
517000,0.270,0.000,0.730
517500,0.264,0.000,0.736
518000,0.344,0.000,0.656
518500,0.326,0.000,0.674
519000,0.383,0.000,0.617
519500,0.289,0.000,0.711
520000,0.378,0.000,0.622
520500,0.343,0.000,0.657
521000,0.286,0.000,0.714
521500,0.376,0.000,0.624
522000,0.298,0.000,0.702
522500,0.233,0.000,0.767
523000,0.297,0.000,0.703
523500,0.219,0.000,0.781
524000,0.301,0.000,0.699
524500,0.277,0.000,0.723
525000,0.354,0.000,0.646
525500,0.233,0.000,0.767
526000,0.388,0.000,0.612
526500,0.396,0.000,0.604
527000,0.214,0.000,0.786
527500,0.294,0.000,0.706
528000,0.271,0.000,0.729
528500,0.296,0.000,0.704
529000,0.303,0.000,0.697
529500,0.352,0.000,0.648
530000,0.347,0.000,0.653
530500,0.201,0.000,0.799
531000,0.309,0.000,0.691
531500,0.392,0.000,0.608
532000,0.237,0.000,0.763
532500,0.301,0.000,0.699
533000,0.271,0.000,0.729
533500,0.300,0.000,0.700
534000,0.324,0.000,0.676
534500,0.303,0.000,0.697
535000,0.281,0.000,0.719
535500,0.308,0.000,0.692
536000,0.398,0.000,0.602
536500,0.351,0.000,0.649
537000,0.259,0.000,0.741
537500,0.368,0.000,0.632
538000,0.128,0.000,0.872
538500,0.187,0.001,0.812
539000,0.253,0.000,0.747
539500,0.319,0.000,0.681
540000,0.201,0.000,0.799
540500,0.367,0.000,0.633
541000,0.335,0.000,0.665
541500,0.266,0.000,0.734
542000,0.329,0.000,0.671
542500,0.300,0.000,0.700
543000,0.282,0.000,0.718
543500,0.272,0.000,0.728
544000,0.378,0.000,0.622
544500,0.470,0.000,0.530
545000,0.287,0.000,0.713
545500,0.313,0.000,0.687
546000,0.191,0.000,0.809
546500,0.247,0.000,0.753
547000,0.349,0.000,0.651
547500,0.361,0.000,0.639
548000,0.191,0.000,0.809
548500,0.205,0.000,0.795
549000,0.314,0.000,0.686
549500,0.337,0.000,0.663
550000,0.320,0.000,0.680
550500,0.313,0.000,0.687
551000,0.311,0.000,0.689
551500,0.322,0.000,0.678
552000,0.354,0.000,0.646
552500,0.200,0.000,0.800
553000,0.380,0.000,0.620
553500,0.308,0.000,0.692
554000,0.271,0.000,0.729
554500,0.233,0.000,0.767
555000,0.326,0.000,0.674
555500,0.336,0.000,0.664
556000,0.240,0.000,0.760
556500,0.312,0.000,0.688
557000,0.315,0.000,0.685
557500,0.339,0.000,0.661
558000,0.269,0.000,0.731
558500,0.345,0.000,0.655
559000,0.339,0.000,0.661
559500,0.259,0.000,0.741
560000,0.266,0.000,0.734
560500,0.231,0.000,0.769
561000,0.298,0.000,0.702
561500,0.356,0.000,0.644
562000,0.457,0.000,0.543
562500,0.255,0.000,0.745
563000,0.278,0.000,0.722
563500,0.331,0.000,0.669
564000,0.297,0.000,0.703
564500,0.292,0.000,0.708
565000,0.356,0.000,0.644
565500,0.315,0.000,0.685
566000,0.352,0.000,0.648
566500,0.267,0.000,0.733
567000,0.375,0.000,0.625
567500,0.275,0.000,0.725
568000,0.392,0.000,0.608
568500,0.171,0.007,0.822
569000,0.209,0.000,0.791
569500,0.298,0.000,0.702
570000,0.343,0.000,0.657
570500,0.377,0.000,0.623
571000,0.283,0.000,0.717
571500,0.280,0.000,0.720
572000,0.292,0.000,0.708
572500,0.234,0.000,0.766
573000,0.389,0.000,0.611
573500,0.265,0.000,0.735
574000,0.393,0.000,0.607
574500,0.221,0.000,0.779
575000,0.371,0.000,0.629
575500,0.272,0.000,0.728
576000,0.280,0.000,0.720
576500,0.408,0.000,0.592
577000,0.251,0.000,0.749
577500,0.260,0.000,0.740
578000,0.448,0.000,0.552
578500,0.205,0.000,0.795
579000,0.341,0.000,0.659
579500,0.230,0.000,0.770
580000,0.302,0.000,0.698
580500,0.195,0.000,0.805
581000,0.281,0.000,0.719
581500,0.417,0.000,0.583
582000,0.329,0.000,0.671
582500,0.325,0.000,0.675
583000,0.279,0.000,0.721
583500,0.410,0.000,0.590
584000,0.318,0.000,0.682
584500,0.325,0.000,0.675
585000,0.378,0.000,0.622
585500,0.298,0.000,0.702
586000,0.332,0.000,0.668
586500,0.260,0.000,0.740
587000,0.238,0.000,0.762
587500,0.405,0.000,0.595
588000,0.246,0.000,0.754
588500,0.270,0.000,0.730
589000,0.334,0.000,0.666
589500,0.444,0.000,0.556
590000,0.220,0.000,0.780
590500,0.271,0.000,0.729
591000,0.370,0.000,0.630
591500,0.191,0.000,0.809
592000,0.375,0.000,0.625
592500,0.179,0.000,0.821
593000,0.328,0.000,0.672
593500,0.470,0.000,0.530
594000,0.391,0.000,0.609
594500,0.308,0.000,0.692
595000,0.461,0.000,0.539
595500,0.353,0.000,0.647
596000,0.323,0.000,0.677
596500,0.292,0.000,0.708
597000,0.226,0.000,0.774
597500,0.365,0.000,0.635
598000,0.290,0.000,0.710
598500,0.353,0.000,0.647
599000,0.330,0.000,0.670
599500,0.242,0.000,0.758
600000,0.256,0.000,0.744
600500,0.427,0.000,0.573
601000,0.325,0.000,0.675
601500,0.287,0.000,0.713
602000,0.226,0.000,0.774
602500,0.273,0.000,0.727
603000,0.320,0.000,0.680
603500,0.205,0.000,0.795
604000,0.283,0.000,0.717
604500,0.319,0.000,0.681
605000,0.352,0.000,0.648
605500,0.286,0.000,0.714
606000,0.324,0.000,0.676
606500,0.410,0.000,0.590
607000,0.200,0.000,0.800
607500,0.260,0.000,0.740
608000,0.342,0.000,0.658
608500,0.241,0.000,0.759
609000,0.342,0.000,0.658
609500,0.416,0.000,0.584
610000,0.218,0.000,0.782
610500,0.213,0.000,0.787
611000,0.311,0.000,0.689
611500,0.296,0.000,0.704
612000,0.338,0.000,0.662
612500,0.276,0.000,0.724
613000,0.322,0.000,0.678
613500,0.306,0.000,0.694
614000,0.319,0.000,0.681
614500,0.353,0.000,0.647
615000,0.349,0.000,0.651
615500,0.330,0.000,0.670
616000,0.311,0.000,0.689
616500,0.417,0.000,0.583
617000,0.343,0.000,0.657
617500,0.246,0.000,0.754
618000,0.291,0.000,0.709
618500,0.431,0.000,0.569
619000,0.296,0.000,0.704
619500,0.379,0.000,0.621
620000,0.357,0.000,0.643
620500,0.327,0.000,0.673
621000,0.499,0.000,0.501
621500,0.295,0.000,0.705
622000,0.320,0.000,0.680
622500,0.255,0.000,0.745
623000,0.293,0.000,0.707
623500,0.283,0.000,0.717
624000,0.289,0.000,0.711
624500,0.239,0.000,0.761
625000,0.317,0.000,0.683
625500,0.255,0.000,0.745
626000,0.285,0.000,0.715
626500,0.295,0.000,0.705
627000,0.313,0.000,0.687
627500,0.388,0.000,0.612
628000,0.332,0.000,0.668
628500,0.319,0.000,0.681
629000,0.291,0.000,0.709
629500,0.258,0.000,0.742
630000,0.360,0.000,0.640
630500,0.276,0.000,0.724
631000,0.186,0.025,0.789
631500,0.343,0.000,0.657
632000,0.226,0.000,0.774
632500,0.317,0.000,0.683
633000,0.271,0.000,0.729
633500,0.196,0.000,0.804
634000,0.251,0.000,0.749
634500,0.297,0.000,0.703
635000,0.328,0.000,0.672
635500,0.398,0.000,0.602
636000,0.402,0.000,0.598
636500,0.339,0.000,0.661
637000,0.242,0.000,0.758
637500,0.340,0.000,0.660
638000,0.276,0.000,0.724
638500,0.292,0.000,0.708
639000,0.408,0.000,0.592
639500,0.432,0.000,0.568
640000,0.353,0.000,0.647
640500,0.384,0.000,0.616
641000,0.256,0.000,0.744
641500,0.231,0.000,0.769
642000,0.244,0.000,0.756
642500,0.296,0.000,0.704
643000,0.419,0.000,0.581
643500,0.438,0.000,0.562
644000,0.241,0.000,0.759
644500,0.268,0.000,0.732
645000,0.340,0.000,0.660
645500,0.415,0.000,0.585
646000,0.325,0.000,0.675
646500,0.347,0.000,0.653
647000,0.281,0.000,0.719
647500,0.316,0.000,0.684
648000,0.234,0.000,0.766
648500,0.279,0.000,0.721
649000,0.388,0.000,0.612
649500,0.251,0.000,0.749
650000,0.303,0.000,0.697
650500,0.343,0.000,0.657
651000,0.241,0.000,0.759
651500,0.298,0.000,0.702
652000,0.316,0.000,0.684
652500,0.312,0.000,0.688
653000,0.396,0.000,0.604
653500,0.444,0.000,0.556
654000,0.262,0.000,0.738
654500,0.433,0.000,0.567
655000,0.379,0.000,0.621
655500,0.381,0.000,0.619
656000,0.364,0.000,0.636
656500,0.384,0.000,0.616
657000,0.308,0.000,0.692
657500,0.242,0.000,0.758
658000,0.256,0.000,0.744
658500,0.353,0.000,0.647
659000,0.369,0.000,0.631
659500,0.386,0.000,0.614
660000,0.232,0.000,0.768
660500,0.248,0.000,0.752
661000,0.400,0.000,0.600
661500,0.336,0.000,0.664
662000,0.349,0.000,0.651
662500,0.227,0.000,0.773
663000,0.423,0.000,0.577
663500,0.300,0.000,0.700
664000,0.285,0.000,0.715
664500,0.229,0.000,0.771
665000,0.403,0.000,0.597
665500,0.483,0.000,0.517
666000,0.359,0.000,0.641
666500,0.314,0.000,0.686
667000,0.376,0.000,0.624
667500,0.417,0.000,0.583
668000,0.314,0.000,0.686
668500,0.347,0.000,0.653
669000,0.246,0.000,0.754
669500,0.382,0.000,0.618
670000,0.274,0.000,0.726
670500,0.236,0.000,0.764
671000,0.185,0.000,0.815
671500,0.191,0.008,0.801
672000,0.388,0.000,0.612
672500,0.447,0.000,0.553
673000,0.218,0.000,0.782
673500,0.212,0.000,0.788
674000,0.368,0.000,0.632
674500,0.295,0.000,0.705
675000,0.271,0.000,0.729
675500,0.261,0.000,0.739
676000,0.331,0.000,0.669
676500,0.324,0.000,0.676
677000,0.218,0.000,0.782
677500,0.171,0.000,0.829
678000,0.280,0.000,0.720
678500,0.436,0.000,0.564
679000,0.403,0.000,0.597
679500,0.403,0.000,0.597
680000,0.300,0.000,0.700
680500,0.219,0.000,0.781
681000,0.187,0.000,0.813
681500,0.296,0.000,0.704
682000,0.247,0.000,0.753
682500,0.370,0.000,0.630
683000,0.341,0.000,0.659
683500,0.230,0.000,0.770
684000,0.197,0.000,0.803
684500,0.185,0.000,0.815
685000,0.231,0.000,0.769
685500,0.223,0.000,0.777
686000,0.460,0.000,0.540
686500,0.454,0.000,0.546
687000,0.345,0.000,0.655
687500,0.343,0.000,0.657
688000,0.278,0.000,0.722
688500,0.251,0.000,0.749
689000,0.293,0.000,0.707
689500,0.324,0.000,0.676
690000,0.288,0.000,0.712
690500,0.275,0.000,0.725
691000,0.220,0.000,0.780
691500,0.187,0.000,0.813
692000,0.320,0.000,0.680
692500,0.289,0.000,0.711
693000,0.305,0.000,0.695
693500,0.303,0.000,0.697
694000,0.282,0.000,0.718
694500,0.268,0.000,0.732
695000,0.342,0.000,0.658
695500,0.317,0.000,0.683
696000,0.338,0.000,0.662
696500,0.342,0.000,0.658
697000,0.295,0.000,0.705
697500,0.316,0.000,0.684
698000,0.301,0.000,0.699
698500,0.247,0.000,0.753
699000,0.248,0.000,0.752
699500,0.215,0.000,0.785
700000,0.370,0.000,0.630
700500,0.393,0.000,0.607
701000,0.331,0.000,0.669
701500,0.307,0.000,0.693
702000,0.356,0.000,0.644
702500,0.380,0.000,0.620
703000,0.290,0.000,0.710
703500,0.277,0.000,0.723
704000,0.241,0.000,0.759
704500,0.195,0.000,0.805
705000,0.262,0.000,0.738
705500,0.261,0.000,0.739
706000,0.220,0.000,0.780
706500,0.277,0.000,0.723
707000,0.240,0.000,0.760
707500,0.211,0.000,0.789
708000,0.197,0.000,0.803
708500,0.348,0.000,0.652
709000,0.447,0.000,0.553
709500,0.372,0.000,0.628
710000,0.281,0.000,0.719
710500,0.313,0.000,0.687
711000,0.248,0.000,0.752
711500,0.407,0.000,0.593
712000,0.190,0.000,0.810
712500,0.256,0.000,0.744
713000,0.306,0.000,0.694
713500,0.285,0.000,0.715
714000,0.283,0.000,0.717
714500,0.270,0.000,0.730
715000,0.242,0.000,0.758
715500,0.210,0.000,0.790
716000,0.242,0.000,0.758
716500,0.288,0.000,0.712
717000,0.264,0.000,0.736
717500,0.224,0.000,0.776
718000,0.216,0.000,0.784
718500,0.333,0.000,0.667
719000,0.416,0.000,0.584
719500,0.164,0.000,0.836
720000,0.242,0.000,0.758
720500,0.269,0.000,0.731
721000,0.356,0.000,0.644
721500,0.466,0.000,0.534
722000,0.357,0.000,0.643
722500,0.297,0.000,0.703
723000,0.263,0.000,0.737
723500,0.223,0.000,0.777
724000,0.270,0.000,0.730
724500,0.282,0.000,0.718
725000,0.238,0.000,0.762
725500,0.270,0.000,0.730
726000,0.390,0.000,0.610
726500,0.340,0.000,0.660
727000,0.255,0.000,0.745
727500,0.312,0.000,0.688
728000,0.278,0.000,0.722
728500,0.450,0.000,0.550
729000,0.193,0.001,0.806
729500,0.341,0.000,0.659
730000,0.125,0.000,0.875
730500,0.362,0.000,0.638
731000,0.322,0.000,0.678
731500,0.269,0.000,0.731
732000,0.378,0.000,0.622
732500,0.413,0.000,0.587
733000,0.208,0.000,0.792
733500,0.289,0.000,0.711
734000,0.237,0.000,0.763
734500,0.344,0.000,0.656
735000,0.272,0.000,0.728
735500,0.402,0.000,0.598
736000,0.196,0.000,0.804
736500,0.279,0.000,0.721
737000,0.378,0.000,0.622
737500,0.317,0.000,0.683
738000,0.292,0.000,0.708
738500,0.393,0.000,0.607
739000,0.294,0.000,0.706
739500,0.309,0.000,0.691
740000,0.319,0.000,0.681
740500,0.266,0.000,0.734
741000,0.309,0.000,0.691
741500,0.273,0.000,0.727
742000,0.263,0.000,0.737
742500,0.357,0.000,0.643
743000,0.281,0.000,0.719
743500,0.353,0.000,0.647
744000,0.243,0.000,0.757
744500,0.484,0.000,0.516
745000,0.384,0.000,0.616
745500,0.361,0.000,0.639
746000,0.335,0.000,0.665
746500,0.342,0.000,0.658
747000,0.280,0.000,0.720
747500,0.369,0.000,0.631
748000,0.378,0.000,0.622
748500,0.205,0.000,0.795
749000,0.345,0.000,0.655
749500,0.294,0.000,0.706
750000,0.176,0.000,0.824
750500,0.431,0.000,0.569
751000,0.267,0.000,0.733
751500,0.351,0.000,0.649
752000,0.228,0.000,0.772
752500,0.323,0.000,0.677
753000,0.308,0.000,0.692
753500,0.128,0.004,0.868
754000,0.374,0.000,0.626
754500,0.175,0.000,0.825
755000,0.294,0.000,0.706
755500,0.181,0.000,0.819
756000,0.404,0.000,0.596
756500,0.235,0.000,0.765
757000,0.208,0.000,0.792
757500,0.194,0.000,0.806
758000,0.311,0.000,0.689
758500,0.251,0.000,0.749
759000,0.342,0.000,0.658
759500,0.395,0.000,0.605
760000,0.391,0.000,0.609
760500,0.332,0.000,0.668
761000,0.291,0.000,0.709
761500,0.208,0.000,0.792
762000,0.239,0.000,0.761
762500,0.188,0.005,0.807
763000,0.546,0.000,0.454
763500,0.356,0.000,0.644
764000,0.316,0.000,0.684
764500,0.323,0.000,0.677
765000,0.290,0.000,0.710
765500,0.316,0.000,0.684
766000,0.176,0.000,0.824
766500,0.275,0.000,0.725
767000,0.347,0.000,0.653
767500,0.359,0.000,0.641
768000,0.300,0.000,0.700
768500,0.241,0.000,0.759
769000,0.221,0.005,0.774
769500,0.246,0.000,0.754
770000,0.240,0.000,0.760
770500,0.308,0.000,0.692
771000,0.400,0.000,0.600
771500,0.343,0.000,0.657
772000,0.403,0.000,0.597
772500,0.283,0.000,0.717
773000,0.347,0.000,0.653
773500,0.231,0.000,0.769
774000,0.327,0.000,0.673
774500,0.313,0.000,0.687
775000,0.385,0.000,0.615
775500,0.219,0.000,0.781
776000,0.283,0.000,0.717
776500,0.199,0.000,0.801
777000,0.195,0.000,0.805
777500,0.328,0.000,0.672
778000,0.390,0.000,0.610
778500,0.369,0.000,0.631
779000,0.191,0.000,0.809
779500,0.301,0.000,0.699
780000,0.320,0.000,0.680
780500,0.243,0.000,0.757
781000,0.379,0.000,0.621
781500,0.303,0.000,0.697
782000,0.271,0.000,0.729
782500,0.369,0.000,0.631
783000,0.182,0.000,0.818
783500,0.376,0.000,0.624
784000,0.294,0.000,0.706
784500,0.364,0.000,0.636
785000,0.343,0.000,0.657
785500,0.248,0.000,0.752
786000,0.396,0.000,0.604
786500,0.338,0.000,0.662
787000,0.263,0.000,0.737
787500,0.414,0.000,0.586
788000,0.328,0.000,0.672
788500,0.319,0.000,0.681
789000,0.277,0.000,0.723
789500,0.271,0.000,0.729
790000,0.295,0.000,0.705
790500,0.325,0.000,0.675
791000,0.219,0.000,0.781
791500,0.241,0.000,0.759
792000,0.217,0.000,0.783
792500,0.227,0.000,0.773
793000,0.308,0.000,0.692
793500,0.412,0.000,0.588
794000,0.355,0.000,0.645
794500,0.347,0.000,0.653
795000,0.376,0.000,0.624
795500,0.265,0.000,0.735
796000,0.412,0.000,0.588
796500,0.274,0.000,0.726
797000,0.394,0.000,0.606
797500,0.334,0.000,0.666
798000,0.424,0.000,0.576
798500,0.387,0.000,0.613
799000,0.345,0.000,0.655
799500,0.352,0.000,0.648
800000,0.378,0.000,0.622
800500,0.121,0.000,0.879
801000,0.258,0.000,0.742
801500,0.360,0.000,0.640
802000,0.332,0.000,0.668
802500,0.263,0.000,0.737
803000,0.275,0.000,0.725
803500,0.240,0.000,0.760
804000,0.343,0.000,0.657
804500,0.266,0.000,0.734
805000,0.266,0.000,0.734
805500,0.310,0.000,0.690
806000,0.283,0.000,0.717
806500,0.267,0.000,0.733
807000,0.170,0.000,0.830
807500,0.498,0.000,0.502
808000,0.357,0.000,0.643
808500,0.241,0.000,0.759
809000,0.311,0.000,0.689
809500,0.361,0.000,0.639
810000,0.477,0.000,0.523
810500,0.306,0.000,0.694
811000,0.286,0.000,0.714
811500,0.287,0.000,0.713
812000,0.368,0.000,0.632
812500,0.329,0.000,0.671
813000,0.458,0.000,0.542
813500,0.416,0.000,0.584
814000,0.258,0.000,0.742
814500,0.283,0.000,0.717
815000,0.357,0.000,0.643
815500,0.428,0.000,0.572
816000,0.559,0.000,0.441
816500,0.203,0.000,0.797
817000,0.208,0.000,0.792
817500,0.251,0.000,0.749
818000,0.334,0.000,0.666
818500,0.280,0.000,0.720
819000,0.301,0.000,0.699
819500,0.433,0.000,0.567
820000,0.265,0.000,0.735
820500,0.298,0.000,0.702
821000,0.191,0.000,0.809
821500,0.400,0.000,0.600
822000,0.273,0.000,0.727
822500,0.281,0.000,0.719
823000,0.251,0.000,0.749
823500,0.212,0.000,0.788
824000,0.226,0.000,0.774
824500,0.399,0.000,0.601
825000,0.297,0.000,0.703
825500,0.498,0.000,0.502
826000,0.347,0.000,0.653
826500,0.463,0.000,0.537
827000,0.366,0.000,0.634
827500,0.312,0.000,0.688
828000,0.324,0.000,0.676
828500,0.368,0.000,0.632
829000,0.340,0.000,0.660
829500,0.391,0.000,0.609
830000,0.198,0.000,0.802
830500,0.245,0.000,0.755
831000,0.505,0.000,0.495
831500,0.356,0.000,0.644
832000,0.218,0.000,0.782
832500,0.323,0.000,0.677
833000,0.361,0.000,0.639
833500,0.313,0.000,0.687
834000,0.204,0.000,0.796
834500,0.256,0.000,0.744
835000,0.259,0.000,0.741
835500,0.234,0.000,0.766
836000,0.263,0.000,0.737
836500,0.254,0.000,0.746
837000,0.254,0.000,0.746
837500,0.265,0.000,0.735
838000,0.277,0.000,0.723
838500,0.358,0.000,0.642
839000,0.397,0.000,0.603
839500,0.235,0.000,0.765
840000,0.283,0.000,0.717
840500,0.400,0.000,0.600
841000,0.324,0.000,0.676
841500,0.417,0.000,0.583
842000,0.385,0.000,0.615
842500,0.435,0.000,0.565
843000,0.306,0.000,0.694
843500,0.332,0.000,0.668
844000,0.247,0.000,0.753
844500,0.263,0.000,0.737
845000,0.376,0.000,0.624
845500,0.252,0.000,0.748
846000,0.318,0.000,0.682
846500,0.286,0.000,0.714
847000,0.268,0.000,0.732
847500,0.307,0.000,0.693
848000,0.198,0.000,0.802
848500,0.268,0.000,0.732
849000,0.252,0.000,0.748
849500,0.214,0.000,0.786
850000,0.342,0.000,0.658
850500,0.181,0.000,0.819
851000,0.311,0.000,0.689
851500,0.260,0.000,0.740
852000,0.202,0.000,0.798
852500,0.464,0.000,0.536
853000,0.300,0.000,0.700
853500,0.241,0.000,0.759
854000,0.340,0.000,0.660
854500,0.306,0.000,0.694
855000,0.438,0.000,0.562
855500,0.304,0.000,0.696
856000,0.255,0.000,0.745
856500,0.274,0.000,0.726
857000,0.381,0.000,0.619
857500,0.455,0.000,0.545
858000,0.281,0.000,0.719
858500,0.370,0.000,0.630
859000,0.376,0.000,0.624
859500,0.371,0.000,0.629
860000,0.406,0.000,0.594
860500,0.401,0.000,0.599
861000,0.301,0.000,0.699
861500,0.351,0.000,0.649
862000,0.243,0.000,0.757
862500,0.325,0.000,0.675
863000,0.326,0.000,0.674
863500,0.249,0.000,0.751
864000,0.359,0.000,0.641
864500,0.306,0.000,0.694
865000,0.241,0.000,0.759
865500,0.198,0.000,0.802
866000,0.278,0.000,0.722
866500,0.263,0.000,0.737
867000,0.332,0.000,0.668
867500,0.366,0.000,0.634
868000,0.489,0.000,0.511
868500,0.371,0.000,0.629
869000,0.154,0.011,0.835
869500,0.386,0.000,0.614
870000,0.213,0.000,0.787
870500,0.180,0.000,0.820
871000,0.256,0.000,0.744
871500,0.310,0.000,0.690
872000,0.351,0.000,0.649
872500,0.299,0.000,0.701
873000,0.206,0.000,0.794
873500,0.288,0.000,0.712
874000,0.372,0.000,0.628
874500,0.300,0.000,0.700
875000,0.355,0.000,0.645
875500,0.274,0.000,0.726
876000,0.272,0.000,0.728
876500,0.174,0.000,0.826
877000,0.438,0.000,0.562
877500,0.480,0.000,0.520
878000,0.359,0.000,0.641
878500,0.369,0.000,0.631
879000,0.204,0.000,0.796
879500,0.372,0.000,0.628
880000,0.293,0.000,0.707
880500,0.335,0.000,0.665
881000,0.355,0.000,0.645
881500,0.509,0.000,0.491
882000,0.339,0.000,0.661
882500,0.361,0.000,0.639
883000,0.412,0.000,0.588
883500,0.297,0.000,0.703
884000,0.287,0.000,0.713
884500,0.241,0.000,0.759
885000,0.277,0.000,0.723
885500,0.252,0.000,0.748
886000,0.445,0.000,0.555
886500,0.360,0.000,0.640
887000,0.135,0.000,0.865
887500,0.323,0.000,0.677
888000,0.309,0.000,0.691
888500,0.255,0.000,0.745
889000,0.223,0.000,0.777
889500,0.304,0.000,0.696
890000,0.374,0.000,0.626
890500,0.268,0.000,0.732
891000,0.297,0.000,0.703
891500,0.321,0.000,0.679
892000,0.222,0.000,0.778
892500,0.293,0.000,0.707
893000,0.204,0.000,0.796
893500,0.259,0.000,0.741
894000,0.330,0.000,0.670
894500,0.330,0.000,0.670
895000,0.324,0.000,0.676
895500,0.397,0.000,0.603
896000,0.230,0.000,0.770
896500,0.297,0.000,0.703
897000,0.134,0.007,0.859
897500,0.433,0.000,0.567
898000,0.393,0.000,0.607
898500,0.262,0.000,0.738
899000,0.350,0.000,0.650
899500,0.459,0.000,0.541
900000,0.213,0.000,0.787
900500,0.224,0.000,0.776
901000,0.365,0.000,0.635
901500,0.351,0.000,0.649
902000,0.279,0.000,0.721
902500,0.329,0.000,0.671
903000,0.246,0.000,0.754
903500,0.404,0.000,0.596
904000,0.245,0.000,0.755
904500,0.277,0.000,0.723
905000,0.379,0.000,0.621
905500,0.360,0.000,0.640
906000,0.283,0.000,0.717
906500,0.422,0.000,0.578
907000,0.301,0.000,0.699
907500,0.363,0.000,0.637
908000,0.365,0.000,0.635
908500,0.322,0.000,0.678
909000,0.207,0.000,0.793
909500,0.468,0.000,0.532
910000,0.313,0.000,0.687
910500,0.306,0.000,0.694
911000,0.292,0.000,0.708
911500,0.250,0.000,0.750
912000,0.262,0.000,0.738
912500,0.353,0.000,0.647
913000,0.230,0.000,0.770
913500,0.350,0.000,0.650
914000,0.273,0.000,0.727
914500,0.366,0.000,0.634
915000,0.258,0.000,0.742
915500,0.281,0.000,0.719
916000,0.415,0.000,0.585
916500,0.370,0.000,0.630
917000,0.305,0.000,0.695
917500,0.239,0.000,0.761
918000,0.319,0.000,0.681
918500,0.286,0.000,0.714
919000,0.285,0.000,0.715
919500,0.237,0.000,0.763
920000,0.281,0.000,0.719
920500,0.359,0.000,0.641
921000,0.263,0.000,0.737
921500,0.242,0.000,0.758
922000,0.309,0.000,0.691
922500,0.426,0.000,0.574
923000,0.460,0.000,0.540
923500,0.352,0.000,0.648
924000,0.265,0.000,0.735
924500,0.347,0.000,0.653
925000,0.356,0.000,0.644
925500,0.429,0.000,0.571
926000,0.423,0.000,0.577
926500,0.262,0.000,0.738
927000,0.306,0.000,0.694
927500,0.293,0.000,0.707
928000,0.205,0.000,0.795
928500,0.265,0.004,0.731
929000,0.284,0.000,0.716
929500,0.278,0.000,0.722
930000,0.182,0.000,0.818
930500,0.380,0.000,0.620
931000,0.251,0.000,0.749
931500,0.301,0.000,0.699
932000,0.279,0.000,0.721
932500,0.299,0.000,0.701
933000,0.306,0.000,0.694
933500,0.348,0.000,0.652
934000,0.319,0.000,0.681
934500,0.256,0.000,0.744
935000,0.312,0.000,0.688
935500,0.359,0.000,0.641
936000,0.297,0.000,0.703
936500,0.298,0.000,0.702
937000,0.325,0.000,0.675
937500,0.243,0.000,0.757
938000,0.342,0.000,0.658
938500,0.515,0.000,0.485
939000,0.283,0.000,0.717
939500,0.263,0.000,0.737
940000,0.302,0.000,0.698
940500,0.455,0.000,0.545
941000,0.228,0.000,0.772
941500,0.218,0.000,0.782
942000,0.391,0.000,0.609
942500,0.339,0.000,0.661
943000,0.401,0.000,0.599
943500,0.285,0.000,0.715
944000,0.505,0.000,0.495
944500,0.231,0.000,0.769
945000,0.320,0.000,0.680
945500,0.235,0.000,0.765
946000,0.338,0.000,0.662
946500,0.285,0.000,0.715
947000,0.236,0.000,0.764
947500,0.288,0.000,0.712
948000,0.358,0.000,0.642
948500,0.226,0.000,0.774
949000,0.296,0.000,0.704
949500,0.211,0.000,0.789
950000,0.347,0.000,0.653
950500,0.437,0.000,0.563
951000,0.283,0.000,0.717
951500,0.172,0.000,0.828
952000,0.276,0.000,0.724
952500,0.483,0.000,0.517
953000,0.344,0.000,0.656
953500,0.190,0.000,0.810
954000,0.310,0.000,0.690
954500,0.370,0.000,0.630
955000,0.345,0.000,0.655
955500,0.240,0.000,0.760
956000,0.243,0.000,0.757
956500,0.340,0.000,0.660
957000,0.244,0.000,0.756
957500,0.293,0.000,0.707
958000,0.189,0.000,0.811
958500,0.395,0.000,0.605
959000,0.341,0.000,0.659
959500,0.304,0.000,0.696
960000,0.272,0.000,0.728
960500,0.299,0.000,0.701
961000,0.287,0.000,0.713
961500,0.333,0.000,0.667
962000,0.182,0.000,0.818
962500,0.373,0.000,0.627
963000,0.205,0.000,0.795
963500,0.425,0.000,0.575
964000,0.249,0.000,0.751
964500,0.419,0.000,0.581
965000,0.344,0.000,0.656
965500,0.403,0.000,0.597
966000,0.236,0.000,0.764
966500,0.366,0.000,0.634
967000,0.267,0.000,0.733
967500,0.203,0.000,0.797
968000,0.249,0.000,0.751
968500,0.202,0.000,0.798
969000,0.357,0.000,0.643
969500,0.310,0.000,0.690
970000,0.327,0.000,0.673
970500,0.288,0.000,0.712
971000,0.187,0.000,0.813
971500,0.235,0.000,0.765
972000,0.216,0.000,0.784
972500,0.263,0.000,0.737
973000,0.280,0.000,0.720
973500,0.376,0.000,0.624
974000,0.479,0.000,0.521
974500,0.275,0.000,0.725
975000,0.289,0.000,0.711
975500,0.251,0.000,0.749
976000,0.415,0.000,0.585
976500,0.275,0.000,0.725
977000,0.394,0.000,0.606
977500,0.325,0.000,0.675
978000,0.332,0.000,0.668
978500,0.352,0.000,0.648
979000,0.304,0.000,0.696
979500,0.293,0.000,0.707
980000,0.314,0.000,0.686
980500,0.278,0.000,0.722
981000,0.374,0.000,0.626
981500,0.292,0.000,0.708
982000,0.373,0.000,0.627
982500,0.251,0.000,0.749
983000,0.274,0.000,0.726
983500,0.387,0.000,0.613
984000,0.367,0.000,0.633
984500,0.224,0.000,0.776
985000,0.284,0.000,0.716
985500,0.348,0.000,0.652
986000,0.313,0.000,0.687
986500,0.387,0.000,0.613
987000,0.325,0.000,0.675
987500,0.260,0.000,0.740
988000,0.297,0.000,0.703
988500,0.356,0.000,0.644
989000,0.333,0.000,0.667
989500,0.481,0.000,0.519
990000,0.305,0.000,0.695
990500,0.211,0.000,0.789
991000,0.250,0.000,0.750
991500,0.447,0.000,0.553
992000,0.390,0.000,0.610
992500,0.452,0.000,0.548
993000,0.489,0.000,0.511
993500,0.290,0.000,0.710
994000,0.181,0.000,0.819
994500,0.204,0.000,0.796
995000,0.421,0.000,0.579
995500,0.280,0.000,0.720
996000,0.276,0.000,0.724
996500,0.360,0.000,0.640
997000,0.319,0.000,0.681
997500,0.327,0.000,0.673
998000,0.295,0.000,0.705
998500,0.202,0.000,0.798
999000,0.241,0.000,0.759
999500,0.189,0.000,0.811
1000000,0.293,0.000,0.707
