time,n_A+p,n_B,n_AB
0,0.030,0.970,0.000
500,0.030,0.959,0.011
1000,0.030,0.944,0.027
1500,0.030,0.908,0.062
2000,0.030,0.875,0.095
2500,0.037,0.783,0.180
3000,0.037,0.731,0.232
3500,0.035,0.683,0.282
4000,0.043,0.642,0.315
4500,0.056,0.607,0.337
5000,0.050,0.571,0.379
5500,0.054,0.529,0.417
6000,0.069,0.496,0.434
6500,0.065,0.495,0.439
7000,0.062,0.476,0.462
7500,0.060,0.479,0.461
8000,0.061,0.449,0.489
8500,0.061,0.443,0.495
9000,0.066,0.411,0.523
9500,0.051,0.403,0.545
10000,0.053,0.398,0.549
10500,0.054,0.400,0.545
11000,0.055,0.383,0.562
11500,0.058,0.378,0.564
12000,0.069,0.373,0.558
12500,0.066,0.353,0.580
13000,0.057,0.341,0.602
13500,0.055,0.361,0.584
14000,0.073,0.340,0.587
14500,0.094,0.322,0.584
15000,0.091,0.321,0.588
15500,0.075,0.312,0.614
16000,0.081,0.324,0.596
16500,0.084,0.314,0.603
17000,0.088,0.293,0.619
17500,0.080,0.290,0.630
18000,0.074,0.288,0.638
18500,0.075,0.286,0.639
19000,0.068,0.291,0.640
19500,0.065,0.279,0.656
20000,0.066,0.289,0.645
20500,0.067,0.284,0.649
21000,0.056,0.272,0.672
21500,0.058,0.276,0.666
22000,0.060,0.280,0.660
22500,0.064,0.260,0.675
23000,0.060,0.254,0.685
23500,0.062,0.244,0.694
24000,0.083,0.242,0.675
24500,0.074,0.236,0.691
25000,0.074,0.237,0.689
25500,0.073,0.241,0.686
26000,0.062,0.238,0.700
26500,0.066,0.231,0.703
27000,0.061,0.249,0.689
27500,0.058,0.235,0.707
28000,0.056,0.228,0.716
28500,0.061,0.224,0.715
29000,0.063,0.237,0.700
29500,0.060,0.239,0.701
30000,0.054,0.235,0.711
30500,0.060,0.231,0.709
31000,0.062,0.220,0.718
31500,0.057,0.217,0.726
32000,0.058,0.231,0.711
32500,0.062,0.228,0.710
33000,0.064,0.225,0.711
33500,0.070,0.235,0.695
34000,0.064,0.231,0.705
34500,0.063,0.217,0.720
35000,0.060,0.212,0.727
35500,0.077,0.208,0.715
36000,0.060,0.216,0.724
36500,0.061,0.212,0.726
37000,0.064,0.224,0.712
37500,0.065,0.217,0.718
38000,0.075,0.227,0.699
38500,0.070,0.220,0.710
39000,0.065,0.215,0.720
39500,0.058,0.217,0.725
40000,0.061,0.208,0.730
40500,0.059,0.207,0.733
41000,0.064,0.208,0.727
41500,0.060,0.219,0.721
42000,0.060,0.216,0.724
42500,0.059,0.218,0.723
43000,0.053,0.216,0.731
43500,0.048,0.209,0.743
44000,0.072,0.213,0.715
44500,0.083,0.212,0.705
45000,0.076,0.207,0.717
45500,0.079,0.225,0.697
46000,0.076,0.209,0.715
46500,0.074,0.202,0.724
47000,0.072,0.209,0.719
47500,0.067,0.212,0.720
48000,0.072,0.213,0.715
48500,0.060,0.212,0.727
49000,0.051,0.226,0.723
49500,0.058,0.219,0.723
50000,0.068,0.213,0.718
50500,0.070,0.199,0.730
51000,0.072,0.192,0.736
51500,0.067,0.189,0.744
52000,0.073,0.183,0.745
52500,0.072,0.185,0.744
53000,0.078,0.202,0.720
53500,0.084,0.200,0.716
54000,0.076,0.197,0.727
54500,0.072,0.195,0.733
55000,0.067,0.192,0.741
55500,0.070,0.202,0.727
56000,0.069,0.202,0.728
56500,0.065,0.203,0.731
57000,0.067,0.203,0.729
57500,0.064,0.194,0.742
58000,0.083,0.191,0.726
58500,0.078,0.198,0.724
59000,0.068,0.216,0.716
59500,0.076,0.212,0.712
60000,0.075,0.204,0.721
60500,0.069,0.192,0.739
61000,0.072,0.196,0.732
61500,0.076,0.192,0.732
62000,0.089,0.198,0.713
62500,0.082,0.190,0.728
63000,0.087,0.193,0.720
63500,0.085,0.188,0.727
64000,0.083,0.186,0.731
64500,0.076,0.176,0.749
65000,0.080,0.181,0.740
65500,0.091,0.178,0.731
66000,0.088,0.189,0.723
66500,0.079,0.184,0.737
67000,0.102,0.182,0.716
67500,0.092,0.188,0.720
68000,0.073,0.220,0.708
68500,0.081,0.210,0.709
69000,0.092,0.205,0.703
69500,0.078,0.186,0.736
70000,0.074,0.183,0.744
70500,0.073,0.180,0.748
71000,0.070,0.188,0.742
71500,0.074,0.186,0.741
72000,0.077,0.194,0.729
72500,0.073,0.190,0.737
73000,0.070,0.202,0.727
73500,0.065,0.189,0.746
74000,0.055,0.207,0.737
74500,0.058,0.206,0.735
75000,0.073,0.189,0.739
75500,0.065,0.200,0.734
76000,0.065,0.198,0.736
76500,0.064,0.191,0.745
77000,0.062,0.187,0.751
77500,0.061,0.184,0.755
78000,0.057,0.178,0.765
78500,0.070,0.176,0.754
79000,0.074,0.174,0.753
79500,0.086,0.176,0.739
80000,0.063,0.176,0.761
80500,0.057,0.179,0.764
81000,0.065,0.183,0.752
81500,0.079,0.184,0.737
82000,0.081,0.179,0.741
82500,0.081,0.182,0.737
83000,0.085,0.179,0.736
83500,0.087,0.187,0.726
84000,0.085,0.194,0.721
84500,0.078,0.196,0.726
85000,0.078,0.196,0.726
85500,0.078,0.193,0.729
86000,0.085,0.184,0.731
86500,0.088,0.178,0.734
87000,0.070,0.184,0.746
87500,0.072,0.190,0.739
88000,0.101,0.180,0.719
88500,0.080,0.182,0.739
89000,0.096,0.176,0.728
89500,0.077,0.178,0.746
90000,0.059,0.169,0.772
90500,0.066,0.190,0.744
91000,0.085,0.174,0.742
91500,0.093,0.165,0.742
92000,0.097,0.160,0.743
92500,0.086,0.173,0.742
93000,0.090,0.168,0.743
93500,0.088,0.161,0.751
94000,0.074,0.166,0.760
94500,0.073,0.158,0.769
95000,0.077,0.165,0.758
95500,0.070,0.164,0.765
96000,0.067,0.176,0.757
96500,0.074,0.173,0.754
97000,0.075,0.160,0.765
97500,0.068,0.161,0.770
98000,0.067,0.150,0.782
98500,0.091,0.149,0.760
99000,0.081,0.155,0.764
99500,0.090,0.149,0.761
100000,0.082,0.153,0.765
100500,0.088,0.150,0.762
101000,0.085,0.148,0.767
101500,0.103,0.148,0.749
102000,0.097,0.153,0.750
102500,0.079,0.157,0.764
103000,0.075,0.149,0.776
103500,0.077,0.144,0.779
104000,0.081,0.142,0.777
104500,0.080,0.151,0.769
105000,0.078,0.150,0.772
105500,0.077,0.157,0.766
106000,0.083,0.153,0.764
106500,0.063,0.165,0.771
107000,0.079,0.179,0.743
107500,0.081,0.172,0.748
108000,0.105,0.188,0.707
108500,0.093,0.179,0.728
109000,0.086,0.164,0.750
109500,0.098,0.154,0.748
110000,0.086,0.156,0.758
110500,0.072,0.164,0.764
111000,0.069,0.165,0.765
111500,0.068,0.179,0.753
112000,0.075,0.170,0.756
112500,0.075,0.164,0.761
113000,0.074,0.157,0.769
113500,0.073,0.147,0.780
114000,0.078,0.147,0.775
114500,0.083,0.134,0.783
115000,0.087,0.144,0.769
115500,0.090,0.143,0.767
116000,0.101,0.143,0.756
116500,0.101,0.137,0.762
117000,0.088,0.133,0.779
117500,0.085,0.137,0.778
118000,0.085,0.143,0.772
118500,0.090,0.132,0.778
119000,0.075,0.134,0.792
119500,0.084,0.144,0.772
120000,0.084,0.154,0.762
120500,0.088,0.143,0.769
121000,0.086,0.145,0.769
121500,0.087,0.142,0.771
122000,0.081,0.144,0.775
122500,0.068,0.140,0.792
123000,0.076,0.140,0.784
123500,0.081,0.133,0.787
124000,0.067,0.145,0.788
124500,0.084,0.143,0.773
125000,0.070,0.147,0.782
125500,0.070,0.141,0.789
126000,0.062,0.141,0.797
126500,0.068,0.139,0.793
127000,0.068,0.141,0.791
127500,0.079,0.141,0.780
128000,0.093,0.135,0.772
128500,0.088,0.141,0.771
129000,0.075,0.148,0.777
129500,0.070,0.135,0.795
130000,0.083,0.146,0.771
130500,0.084,0.137,0.779
131000,0.068,0.135,0.797
131500,0.068,0.142,0.790
132000,0.075,0.142,0.783
132500,0.080,0.137,0.783
133000,0.073,0.145,0.782
133500,0.080,0.153,0.767
134000,0.069,0.155,0.775
134500,0.062,0.153,0.784
135000,0.073,0.154,0.773
135500,0.070,0.159,0.770
136000,0.082,0.150,0.768
136500,0.079,0.138,0.783
137000,0.081,0.141,0.778
137500,0.073,0.141,0.787
138000,0.080,0.132,0.789
138500,0.075,0.134,0.792
139000,0.079,0.131,0.791
139500,0.086,0.136,0.778
140000,0.081,0.125,0.795
140500,0.089,0.125,0.787
141000,0.094,0.125,0.781
141500,0.083,0.122,0.796
142000,0.082,0.135,0.783
142500,0.083,0.130,0.788
143000,0.081,0.135,0.784
143500,0.113,0.136,0.751
144000,0.115,0.134,0.751
144500,0.103,0.134,0.763
145000,0.085,0.123,0.793
145500,0.082,0.127,0.792
146000,0.082,0.126,0.793
146500,0.087,0.128,0.785
147000,0.095,0.127,0.778
147500,0.094,0.129,0.777
148000,0.080,0.141,0.779
148500,0.096,0.156,0.748
149000,0.088,0.144,0.768
149500,0.075,0.135,0.791
150000,0.073,0.135,0.793
150500,0.079,0.144,0.777
151000,0.070,0.142,0.788
151500,0.072,0.134,0.795
152000,0.063,0.149,0.788
152500,0.070,0.144,0.785
153000,0.078,0.147,0.775
153500,0.078,0.151,0.771
154000,0.074,0.148,0.778
154500,0.073,0.146,0.781
155000,0.064,0.144,0.792
155500,0.076,0.142,0.782
156000,0.072,0.143,0.785
156500,0.070,0.142,0.788
157000,0.069,0.136,0.795
157500,0.083,0.139,0.778
158000,0.076,0.148,0.776
158500,0.076,0.139,0.785
159000,0.072,0.132,0.797
159500,0.080,0.146,0.774
160000,0.095,0.141,0.764
160500,0.092,0.157,0.751
161000,0.085,0.147,0.768
161500,0.082,0.143,0.775
162000,0.081,0.141,0.778
162500,0.081,0.135,0.784
163000,0.073,0.130,0.798
163500,0.078,0.129,0.794
164000,0.091,0.132,0.777
164500,0.083,0.134,0.783
165000,0.084,0.138,0.778
165500,0.070,0.140,0.790
166000,0.073,0.145,0.782
166500,0.086,0.136,0.778
167000,0.075,0.135,0.791
167500,0.078,0.130,0.793
168000,0.083,0.124,0.794
168500,0.087,0.135,0.778
169000,0.070,0.136,0.794
169500,0.066,0.141,0.793
170000,0.073,0.139,0.789
170500,0.074,0.140,0.787
171000,0.084,0.137,0.779
171500,0.069,0.143,0.788
172000,0.082,0.144,0.774
172500,0.086,0.144,0.770
173000,0.084,0.160,0.756
173500,0.080,0.155,0.765
174000,0.088,0.151,0.761
174500,0.079,0.159,0.762
175000,0.073,0.162,0.765
175500,0.066,0.158,0.775
176000,0.070,0.147,0.782
176500,0.070,0.150,0.779
177000,0.063,0.158,0.778
177500,0.060,0.154,0.785
178000,0.069,0.141,0.790
178500,0.074,0.136,0.791
179000,0.063,0.135,0.802
179500,0.093,0.143,0.764
180000,0.083,0.148,0.769
180500,0.081,0.143,0.776
181000,0.077,0.144,0.779
181500,0.069,0.135,0.796
182000,0.065,0.140,0.795
182500,0.072,0.136,0.793
183000,0.087,0.135,0.778
183500,0.091,0.127,0.782
184000,0.072,0.134,0.795
184500,0.072,0.135,0.794
185000,0.064,0.125,0.811
185500,0.066,0.132,0.802
186000,0.077,0.128,0.796
186500,0.076,0.126,0.799
187000,0.072,0.126,0.803
187500,0.062,0.129,0.809
188000,0.077,0.137,0.787
188500,0.080,0.133,0.788
189000,0.080,0.118,0.802
189500,0.086,0.126,0.789
190000,0.076,0.138,0.787
190500,0.068,0.154,0.777
191000,0.070,0.156,0.773
191500,0.077,0.148,0.775
192000,0.082,0.145,0.773
192500,0.091,0.126,0.783
193000,0.093,0.116,0.791
193500,0.101,0.118,0.780
194000,0.088,0.131,0.781
194500,0.084,0.122,0.795
195000,0.086,0.127,0.788
195500,0.079,0.125,0.797
196000,0.068,0.133,0.799
196500,0.074,0.125,0.802
197000,0.069,0.121,0.810
197500,0.073,0.128,0.800
198000,0.067,0.132,0.801
198500,0.068,0.143,0.789
199000,0.055,0.154,0.791
199500,0.062,0.156,0.781
200000,0.061,0.146,0.793
200500,0.080,0.137,0.783
201000,0.070,0.134,0.796
201500,0.073,0.138,0.790
202000,0.066,0.141,0.793
202500,0.070,0.140,0.790
203000,0.066,0.134,0.800
203500,0.073,0.141,0.787
204000,0.087,0.139,0.774
204500,0.087,0.135,0.778
205000,0.077,0.135,0.789
205500,0.076,0.129,0.796
206000,0.070,0.121,0.809
206500,0.073,0.138,0.790
207000,0.091,0.137,0.772
207500,0.092,0.145,0.763
208000,0.088,0.140,0.772
208500,0.083,0.136,0.781
209000,0.077,0.137,0.787
209500,0.083,0.132,0.785
210000,0.077,0.122,0.802
210500,0.086,0.127,0.788
211000,0.078,0.122,0.801
211500,0.086,0.121,0.794
212000,0.101,0.111,0.788
212500,0.098,0.127,0.775
213000,0.104,0.123,0.773
213500,0.095,0.112,0.793
214000,0.087,0.120,0.794
214500,0.088,0.114,0.798
215000,0.084,0.117,0.799
215500,0.079,0.116,0.805
216000,0.070,0.121,0.809
216500,0.076,0.112,0.812
217000,0.074,0.115,0.811
217500,0.074,0.110,0.816
218000,0.077,0.113,0.810
218500,0.084,0.113,0.803
219000,0.083,0.127,0.791
219500,0.080,0.113,0.807
220000,0.085,0.108,0.807
220500,0.090,0.115,0.795
221000,0.122,0.108,0.770
221500,0.091,0.152,0.757
222000,0.085,0.139,0.776
222500,0.088,0.139,0.773
223000,0.072,0.143,0.785
223500,0.073,0.128,0.800
224000,0.072,0.134,0.795
224500,0.073,0.135,0.793
225000,0.075,0.130,0.796
225500,0.083,0.124,0.794
226000,0.079,0.125,0.797
226500,0.074,0.121,0.806
227000,0.080,0.116,0.804
227500,0.082,0.112,0.806
228000,0.077,0.126,0.798
228500,0.077,0.121,0.803
229000,0.073,0.116,0.811
229500,0.097,0.117,0.785
230000,0.093,0.118,0.789
230500,0.089,0.120,0.792
231000,0.083,0.115,0.802
231500,0.094,0.123,0.783
232000,0.087,0.117,0.796
232500,0.098,0.115,0.787
233000,0.084,0.124,0.793
233500,0.078,0.130,0.793
234000,0.076,0.129,0.796
234500,0.076,0.117,0.807
235000,0.077,0.117,0.806
235500,0.079,0.129,0.793
236000,0.061,0.142,0.797
236500,0.062,0.140,0.798
237000,0.073,0.124,0.804
237500,0.079,0.116,0.805
238000,0.065,0.127,0.808
238500,0.076,0.117,0.807
239000,0.083,0.111,0.806
239500,0.092,0.107,0.801
240000,0.085,0.102,0.813
240500,0.085,0.100,0.815
241000,0.081,0.101,0.818
241500,0.084,0.101,0.815
242000,0.089,0.103,0.808
242500,0.083,0.106,0.811
243000,0.089,0.109,0.802
243500,0.085,0.108,0.807
244000,0.082,0.110,0.808
244500,0.085,0.112,0.803
245000,0.080,0.114,0.806
245500,0.075,0.114,0.811
246000,0.074,0.118,0.808
246500,0.064,0.112,0.823
247000,0.069,0.109,0.821
247500,0.068,0.104,0.827
248000,0.068,0.123,0.809
248500,0.070,0.123,0.807
249000,0.069,0.131,0.800
249500,0.067,0.132,0.801
250000,0.084,0.118,0.798
250500,0.081,0.114,0.805
251000,0.086,0.105,0.809
251500,0.080,0.108,0.812
252000,0.081,0.117,0.802
252500,0.079,0.115,0.806
253000,0.091,0.121,0.789
253500,0.083,0.112,0.805
254000,0.077,0.118,0.805
254500,0.073,0.112,0.815
255000,0.079,0.112,0.809
255500,0.083,0.112,0.805
256000,0.075,0.117,0.808
256500,0.076,0.122,0.803
257000,0.074,0.112,0.814
257500,0.077,0.103,0.820
258000,0.077,0.103,0.820
258500,0.069,0.099,0.831
259000,0.074,0.098,0.828
259500,0.076,0.107,0.817
260000,0.089,0.111,0.800
260500,0.090,0.114,0.796
261000,0.090,0.113,0.797
261500,0.085,0.140,0.775
262000,0.076,0.123,0.802
262500,0.081,0.134,0.785
263000,0.078,0.127,0.796
263500,0.069,0.128,0.803
264000,0.069,0.126,0.805
264500,0.076,0.120,0.805
265000,0.061,0.125,0.814
265500,0.105,0.115,0.779
266000,0.111,0.121,0.768
266500,0.117,0.114,0.768
267000,0.113,0.110,0.776
267500,0.100,0.115,0.784
268000,0.109,0.114,0.776
268500,0.103,0.121,0.776
269000,0.099,0.116,0.784
269500,0.083,0.110,0.807
270000,0.082,0.127,0.792
270500,0.081,0.128,0.792
271000,0.091,0.105,0.804
271500,0.091,0.099,0.810
272000,0.100,0.121,0.779
272500,0.098,0.110,0.792
273000,0.085,0.103,0.812
273500,0.075,0.099,0.826
274000,0.075,0.110,0.815
274500,0.069,0.114,0.816
275000,0.082,0.110,0.808
275500,0.089,0.110,0.801
276000,0.095,0.134,0.771
276500,0.092,0.114,0.794
277000,0.089,0.108,0.803
277500,0.092,0.099,0.809
278000,0.081,0.099,0.820
278500,0.079,0.122,0.800
279000,0.091,0.122,0.788
279500,0.087,0.109,0.804
280000,0.087,0.100,0.813
280500,0.072,0.108,0.820
281000,0.078,0.109,0.813
281500,0.077,0.113,0.810
282000,0.084,0.101,0.815
282500,0.083,0.104,0.813
283000,0.089,0.098,0.813
283500,0.096,0.099,0.805
284000,0.099,0.106,0.795
284500,0.095,0.108,0.797
285000,0.085,0.109,0.806
285500,0.095,0.131,0.774
286000,0.100,0.113,0.787
286500,0.106,0.111,0.782
287000,0.097,0.113,0.790
287500,0.097,0.108,0.795
288000,0.097,0.106,0.797
288500,0.091,0.104,0.805
289000,0.078,0.104,0.818
289500,0.074,0.100,0.826
290000,0.070,0.090,0.840
290500,0.082,0.095,0.823
291000,0.086,0.107,0.807
291500,0.078,0.099,0.823
292000,0.079,0.110,0.811
292500,0.077,0.118,0.805
293000,0.092,0.102,0.806
293500,0.091,0.106,0.803
294000,0.086,0.097,0.817
294500,0.078,0.100,0.822
295000,0.075,0.107,0.818
295500,0.090,0.108,0.802
296000,0.075,0.108,0.817
296500,0.087,0.098,0.815
297000,0.083,0.094,0.823
297500,0.094,0.096,0.810
298000,0.098,0.093,0.809
298500,0.081,0.111,0.808
299000,0.083,0.117,0.800
299500,0.081,0.103,0.816
300000,0.091,0.097,0.812
300500,0.103,0.090,0.807
301000,0.099,0.091,0.810
301500,0.084,0.113,0.803
302000,0.075,0.112,0.813
302500,0.093,0.104,0.803
303000,0.093,0.100,0.807
303500,0.088,0.100,0.812
304000,0.097,0.103,0.800
304500,0.082,0.098,0.820
305000,0.093,0.094,0.813
305500,0.102,0.104,0.794
306000,0.093,0.100,0.807
306500,0.102,0.099,0.799
307000,0.095,0.112,0.793
307500,0.086,0.103,0.811
308000,0.086,0.105,0.809
308500,0.080,0.095,0.825
309000,0.079,0.088,0.834
309500,0.080,0.102,0.818
310000,0.080,0.133,0.788
310500,0.094,0.132,0.774
311000,0.107,0.117,0.775
311500,0.097,0.123,0.780
312000,0.094,0.113,0.793
312500,0.086,0.118,0.796
313000,0.088,0.128,0.784
313500,0.084,0.126,0.791
314000,0.087,0.109,0.804
314500,0.089,0.104,0.807
315000,0.076,0.099,0.825
315500,0.074,0.083,0.844
316000,0.079,0.094,0.827
316500,0.082,0.092,0.826
317000,0.093,0.104,0.803
317500,0.094,0.099,0.807
318000,0.080,0.107,0.813
318500,0.094,0.097,0.809
319000,0.087,0.123,0.791
319500,0.087,0.118,0.795
320000,0.080,0.137,0.783
320500,0.074,0.120,0.807
321000,0.081,0.123,0.797
321500,0.072,0.112,0.816
322000,0.067,0.128,0.805
322500,0.079,0.120,0.802
323000,0.098,0.110,0.792
323500,0.092,0.111,0.797
324000,0.103,0.100,0.797
324500,0.101,0.095,0.804
325000,0.095,0.095,0.810
325500,0.094,0.094,0.812
326000,0.093,0.108,0.799
326500,0.085,0.106,0.809
327000,0.086,0.106,0.808
327500,0.079,0.112,0.809
328000,0.087,0.108,0.805
328500,0.085,0.117,0.798
329000,0.086,0.109,0.805
329500,0.095,0.105,0.800
330000,0.085,0.104,0.811
330500,0.088,0.103,0.809
331000,0.078,0.122,0.801
331500,0.082,0.115,0.803
332000,0.083,0.124,0.794
332500,0.089,0.108,0.803
333000,0.082,0.098,0.820
333500,0.097,0.095,0.808
334000,0.124,0.090,0.787
334500,0.108,0.089,0.803
335000,0.109,0.089,0.802
335500,0.106,0.100,0.794
336000,0.093,0.095,0.812
336500,0.090,0.105,0.805
337000,0.077,0.104,0.819
337500,0.080,0.105,0.815
338000,0.075,0.106,0.819
338500,0.099,0.103,0.798
339000,0.080,0.101,0.819
339500,0.073,0.104,0.823
340000,0.082,0.100,0.818
340500,0.076,0.093,0.831
341000,0.079,0.090,0.831
341500,0.080,0.095,0.825
342000,0.084,0.096,0.820
342500,0.076,0.108,0.816
343000,0.069,0.098,0.832
343500,0.069,0.110,0.820
344000,0.070,0.109,0.820
344500,0.077,0.098,0.825
345000,0.068,0.103,0.828
345500,0.066,0.099,0.835
346000,0.078,0.105,0.817
346500,0.085,0.099,0.816
347000,0.070,0.117,0.812
347500,0.066,0.116,0.817
348000,0.068,0.099,0.832
348500,0.072,0.096,0.832
349000,0.061,0.093,0.846
349500,0.076,0.106,0.818
350000,0.077,0.092,0.831
350500,0.073,0.099,0.828
351000,0.075,0.099,0.826
351500,0.083,0.094,0.823
352000,0.080,0.110,0.810
352500,0.069,0.106,0.824
353000,0.088,0.105,0.807
353500,0.087,0.097,0.816
354000,0.085,0.104,0.811
354500,0.080,0.103,0.817
355000,0.075,0.115,0.810
355500,0.082,0.107,0.811
356000,0.083,0.108,0.809
356500,0.083,0.101,0.816
357000,0.084,0.111,0.805
357500,0.087,0.102,0.811
358000,0.084,0.104,0.812
358500,0.080,0.105,0.815
359000,0.073,0.102,0.825
359500,0.084,0.094,0.822
360000,0.077,0.093,0.830
360500,0.081,0.097,0.822
361000,0.083,0.096,0.821
361500,0.078,0.105,0.817
362000,0.074,0.104,0.822
362500,0.078,0.106,0.816
363000,0.076,0.109,0.815
363500,0.079,0.109,0.812
364000,0.088,0.113,0.799
364500,0.078,0.103,0.819
365000,0.077,0.103,0.820
365500,0.080,0.097,0.823
366000,0.088,0.111,0.801
366500,0.095,0.097,0.808
367000,0.092,0.102,0.806
367500,0.086,0.100,0.814
368000,0.070,0.108,0.821
368500,0.065,0.098,0.837
369000,0.068,0.091,0.841
369500,0.069,0.097,0.834
370000,0.072,0.101,0.827
370500,0.067,0.101,0.831
371000,0.076,0.101,0.823
371500,0.082,0.098,0.820
372000,0.078,0.087,0.836
372500,0.075,0.102,0.823
373000,0.076,0.107,0.817
373500,0.086,0.114,0.800
374000,0.082,0.105,0.813
374500,0.078,0.110,0.812
375000,0.074,0.116,0.810
375500,0.100,0.113,0.787
376000,0.079,0.107,0.814
376500,0.083,0.093,0.824
377000,0.088,0.101,0.811
377500,0.088,0.098,0.814
378000,0.084,0.087,0.829
378500,0.094,0.093,0.813
379000,0.087,0.089,0.824
379500,0.080,0.084,0.837
380000,0.084,0.089,0.827
380500,0.075,0.093,0.832
381000,0.079,0.093,0.828
381500,0.077,0.090,0.834
382000,0.093,0.095,0.812
382500,0.079,0.095,0.826
383000,0.080,0.089,0.831
383500,0.101,0.087,0.812
384000,0.098,0.097,0.805
384500,0.084,0.110,0.806
385000,0.095,0.089,0.816
385500,0.087,0.094,0.819
386000,0.084,0.101,0.815
386500,0.082,0.087,0.831
387000,0.093,0.084,0.823
387500,0.080,0.092,0.828
388000,0.095,0.086,0.819
388500,0.098,0.083,0.819
389000,0.094,0.086,0.820
389500,0.083,0.097,0.820
390000,0.072,0.093,0.836
390500,0.079,0.092,0.829
391000,0.074,0.097,0.829
391500,0.079,0.091,0.830
392000,0.081,0.086,0.834
392500,0.063,0.096,0.841
393000,0.065,0.091,0.844
393500,0.070,0.088,0.842
394000,0.072,0.096,0.832
394500,0.082,0.094,0.824
395000,0.079,0.089,0.832
395500,0.085,0.081,0.835
396000,0.076,0.078,0.847
396500,0.076,0.079,0.846
397000,0.096,0.075,0.829
397500,0.094,0.076,0.830
398000,0.110,0.078,0.812
398500,0.098,0.077,0.825
399000,0.095,0.079,0.826
399500,0.090,0.091,0.819
400000,0.104,0.087,0.809
400500,0.098,0.096,0.806
401000,0.088,0.097,0.815
401500,0.092,0.112,0.796
402000,0.091,0.100,0.809
402500,0.106,0.109,0.784
403000,0.099,0.122,0.779
403500,0.093,0.111,0.796
404000,0.087,0.099,0.814
404500,0.085,0.086,0.829
405000,0.087,0.085,0.828
405500,0.085,0.094,0.821
406000,0.091,0.096,0.813
406500,0.093,0.103,0.804
407000,0.090,0.090,0.820
407500,0.087,0.087,0.826
408000,0.098,0.087,0.815
408500,0.096,0.112,0.792
409000,0.100,0.090,0.810
409500,0.096,0.084,0.820
410000,0.089,0.079,0.832
410500,0.081,0.089,0.830
411000,0.080,0.093,0.827
411500,0.073,0.094,0.834
412000,0.079,0.099,0.822
412500,0.087,0.095,0.818
413000,0.084,0.093,0.823
413500,0.081,0.076,0.844
414000,0.073,0.079,0.849
414500,0.073,0.090,0.838
415000,0.069,0.086,0.845
415500,0.068,0.088,0.844
416000,0.069,0.082,0.849
416500,0.075,0.078,0.848
417000,0.081,0.087,0.832
417500,0.079,0.083,0.839
418000,0.087,0.088,0.825
418500,0.078,0.099,0.823
419000,0.075,0.084,0.842
419500,0.081,0.097,0.822
420000,0.082,0.100,0.818
420500,0.073,0.093,0.835
421000,0.074,0.089,0.838
421500,0.069,0.088,0.843
422000,0.074,0.090,0.837
422500,0.069,0.093,0.838
423000,0.074,0.092,0.835
423500,0.066,0.096,0.838
424000,0.074,0.098,0.828
424500,0.067,0.094,0.839
425000,0.073,0.098,0.829
425500,0.075,0.107,0.818
426000,0.066,0.109,0.824
426500,0.062,0.111,0.826
427000,0.067,0.106,0.826
427500,0.077,0.103,0.820
428000,0.087,0.092,0.821
428500,0.085,0.087,0.828
429000,0.081,0.097,0.822
429500,0.087,0.104,0.809
430000,0.083,0.105,0.812
430500,0.086,0.096,0.818
431000,0.082,0.084,0.835
431500,0.092,0.082,0.826
432000,0.098,0.077,0.825
432500,0.088,0.080,0.832
433000,0.087,0.074,0.840
433500,0.082,0.070,0.848
434000,0.091,0.075,0.835
434500,0.088,0.077,0.836
435000,0.080,0.068,0.852
435500,0.083,0.070,0.847
436000,0.079,0.091,0.830
436500,0.080,0.085,0.836
437000,0.086,0.086,0.828
437500,0.077,0.088,0.836
438000,0.073,0.091,0.837
438500,0.067,0.085,0.848
439000,0.072,0.090,0.839
439500,0.068,0.091,0.841
440000,0.074,0.086,0.841
440500,0.076,0.074,0.851
441000,0.069,0.084,0.847
441500,0.076,0.076,0.849
442000,0.085,0.081,0.835
442500,0.097,0.084,0.819
443000,0.076,0.106,0.818
443500,0.079,0.112,0.809
444000,0.089,0.097,0.814
444500,0.081,0.108,0.811
445000,0.077,0.102,0.821
445500,0.072,0.093,0.836
446000,0.074,0.098,0.828
446500,0.079,0.096,0.825
447000,0.096,0.078,0.826
447500,0.081,0.092,0.827
448000,0.087,0.082,0.831
448500,0.087,0.084,0.829
449000,0.090,0.086,0.824
449500,0.091,0.079,0.830
450000,0.080,0.078,0.843
450500,0.081,0.078,0.842
451000,0.080,0.077,0.844
451500,0.076,0.075,0.850
452000,0.084,0.086,0.830
452500,0.081,0.087,0.832
453000,0.074,0.080,0.847
453500,0.083,0.069,0.848
454000,0.089,0.076,0.836
454500,0.082,0.079,0.840
455000,0.073,0.078,0.850
455500,0.079,0.082,0.840
456000,0.064,0.081,0.855
456500,0.075,0.075,0.851
457000,0.074,0.072,0.855
457500,0.098,0.073,0.829
458000,0.106,0.075,0.819
458500,0.091,0.083,0.826
459000,0.097,0.091,0.812
459500,0.094,0.088,0.818
460000,0.090,0.097,0.813
460500,0.093,0.090,0.817
461000,0.101,0.079,0.820
461500,0.103,0.072,0.825
462000,0.104,0.081,0.815
462500,0.106,0.073,0.821
463000,0.091,0.066,0.843
463500,0.090,0.065,0.845
464000,0.089,0.080,0.831
464500,0.086,0.074,0.841
465000,0.076,0.072,0.853
465500,0.087,0.083,0.830
466000,0.077,0.086,0.838
466500,0.079,0.103,0.818
467000,0.072,0.100,0.828
467500,0.089,0.082,0.829
468000,0.086,0.088,0.826
468500,0.088,0.089,0.823
469000,0.080,0.084,0.837
469500,0.072,0.089,0.840
470000,0.086,0.080,0.835
470500,0.091,0.082,0.827
471000,0.088,0.085,0.827
471500,0.079,0.074,0.848
472000,0.100,0.082,0.818
472500,0.094,0.075,0.831
473000,0.091,0.072,0.838
473500,0.085,0.070,0.845
474000,0.080,0.074,0.847
474500,0.080,0.077,0.844
475000,0.086,0.080,0.835
475500,0.086,0.069,0.845
476000,0.089,0.078,0.834
476500,0.091,0.067,0.842
477000,0.075,0.068,0.857
477500,0.090,0.075,0.836
478000,0.081,0.072,0.848
478500,0.081,0.080,0.840
479000,0.072,0.079,0.850
479500,0.066,0.070,0.863
480000,0.075,0.075,0.851
480500,0.077,0.090,0.834
481000,0.076,0.083,0.842
481500,0.077,0.084,0.840
482000,0.063,0.088,0.849
482500,0.075,0.092,0.834
483000,0.073,0.093,0.835
483500,0.075,0.091,0.835
484000,0.073,0.084,0.844
484500,0.068,0.085,0.847
485000,0.069,0.082,0.849
485500,0.077,0.085,0.839
486000,0.076,0.078,0.847
486500,0.074,0.083,0.844
487000,0.068,0.088,0.844
487500,0.076,0.086,0.839
488000,0.067,0.079,0.854
488500,0.073,0.074,0.854
489000,0.077,0.086,0.838
489500,0.072,0.092,0.837
490000,0.076,0.085,0.840
490500,0.085,0.088,0.827
491000,0.105,0.077,0.818
491500,0.095,0.076,0.829
492000,0.105,0.074,0.821
492500,0.103,0.082,0.815
493000,0.094,0.082,0.824
493500,0.079,0.073,0.849
494000,0.081,0.073,0.847
494500,0.087,0.078,0.836
495000,0.077,0.080,0.844
495500,0.077,0.077,0.847
496000,0.078,0.074,0.849
496500,0.077,0.107,0.816
497000,0.078,0.095,0.827
497500,0.106,0.078,0.816
498000,0.107,0.085,0.808
498500,0.097,0.074,0.829
499000,0.105,0.072,0.823
499500,0.114,0.075,0.811
500000,0.108,0.081,0.811
500500,0.100,0.074,0.826
501000,0.097,0.080,0.823
501500,0.094,0.075,0.831
502000,0.103,0.077,0.820
502500,0.083,0.066,0.851
503000,0.083,0.062,0.855
503500,0.079,0.058,0.863
504000,0.083,0.070,0.847
504500,0.096,0.070,0.834
505000,0.098,0.081,0.821
505500,0.105,0.084,0.811
506000,0.101,0.077,0.822
506500,0.110,0.072,0.818
507000,0.102,0.075,0.823
507500,0.091,0.088,0.821
508000,0.094,0.077,0.829
508500,0.091,0.080,0.829
509000,0.078,0.076,0.847
509500,0.085,0.077,0.839
510000,0.084,0.079,0.838
510500,0.083,0.074,0.844
511000,0.080,0.081,0.840
511500,0.091,0.092,0.817
512000,0.086,0.088,0.826
512500,0.084,0.078,0.839
513000,0.079,0.068,0.853
513500,0.091,0.067,0.842
514000,0.097,0.063,0.840
514500,0.094,0.057,0.849
515000,0.088,0.055,0.857
515500,0.093,0.069,0.838
516000,0.082,0.066,0.852
516500,0.087,0.065,0.848
517000,0.083,0.076,0.842
517500,0.080,0.062,0.858
518000,0.086,0.066,0.848
518500,0.088,0.078,0.835
519000,0.081,0.080,0.840
519500,0.077,0.067,0.856
520000,0.083,0.069,0.848
520500,0.075,0.070,0.855
521000,0.078,0.072,0.851
521500,0.081,0.067,0.852
522000,0.081,0.079,0.841
522500,0.075,0.074,0.852
523000,0.081,0.066,0.853
523500,0.080,0.066,0.854
524000,0.082,0.079,0.840
524500,0.078,0.079,0.844
525000,0.085,0.084,0.831
525500,0.081,0.076,0.844
526000,0.070,0.072,0.858
526500,0.088,0.075,0.838
527000,0.082,0.079,0.840
527500,0.078,0.079,0.844
528000,0.074,0.078,0.849
528500,0.080,0.076,0.845
529000,0.072,0.062,0.866
529500,0.099,0.054,0.847
530000,0.094,0.066,0.840
530500,0.089,0.070,0.841
531000,0.101,0.068,0.830
531500,0.102,0.066,0.831
532000,0.093,0.063,0.844
532500,0.093,0.065,0.842
533000,0.090,0.058,0.852
533500,0.081,0.082,0.838
534000,0.081,0.068,0.851
534500,0.075,0.082,0.844
535000,0.074,0.081,0.846
535500,0.093,0.070,0.837
536000,0.082,0.058,0.860
536500,0.089,0.066,0.845
537000,0.091,0.063,0.846
537500,0.091,0.076,0.834
538000,0.088,0.067,0.845
538500,0.088,0.066,0.846
539000,0.087,0.059,0.854
539500,0.084,0.078,0.839
540000,0.085,0.076,0.840
540500,0.083,0.073,0.845
541000,0.096,0.077,0.827
541500,0.087,0.080,0.834
542000,0.092,0.085,0.823
542500,0.093,0.091,0.816
543000,0.094,0.073,0.834
543500,0.089,0.065,0.846
544000,0.116,0.063,0.820
544500,0.093,0.065,0.842
545000,0.079,0.061,0.860
545500,0.079,0.083,0.839
546000,0.088,0.064,0.848
546500,0.085,0.067,0.848
547000,0.083,0.086,0.831
547500,0.077,0.075,0.849
548000,0.072,0.067,0.861
548500,0.082,0.068,0.850
549000,0.079,0.069,0.852
549500,0.077,0.079,0.845
550000,0.070,0.079,0.851
550500,0.079,0.076,0.846
551000,0.075,0.067,0.858
551500,0.083,0.068,0.849
552000,0.082,0.066,0.852
552500,0.077,0.055,0.868
553000,0.098,0.063,0.839
553500,0.087,0.069,0.844
554000,0.083,0.080,0.838
554500,0.086,0.088,0.826
555000,0.083,0.084,0.834
555500,0.091,0.088,0.821
556000,0.094,0.089,0.817
556500,0.093,0.080,0.827
557000,0.089,0.075,0.837
557500,0.099,0.080,0.821
558000,0.086,0.080,0.835
558500,0.086,0.074,0.841
559000,0.088,0.064,0.848
559500,0.090,0.065,0.845
560000,0.089,0.068,0.843
560500,0.081,0.078,0.842
561000,0.104,0.070,0.825
561500,0.095,0.078,0.827
562000,0.117,0.080,0.803
562500,0.101,0.077,0.822
563000,0.105,0.074,0.821
563500,0.093,0.076,0.831
564000,0.081,0.072,0.848
564500,0.081,0.060,0.859
565000,0.079,0.072,0.850
565500,0.073,0.080,0.848
566000,0.078,0.076,0.847
566500,0.093,0.077,0.830
567000,0.082,0.073,0.846
567500,0.081,0.069,0.850
568000,0.083,0.068,0.849
568500,0.080,0.065,0.855
569000,0.074,0.080,0.847
569500,0.086,0.076,0.839
570000,0.080,0.070,0.850
570500,0.084,0.069,0.847
571000,0.076,0.078,0.847
571500,0.069,0.085,0.846
572000,0.078,0.082,0.841
572500,0.077,0.075,0.849
573000,0.074,0.069,0.857
573500,0.072,0.068,0.860
574000,0.077,0.072,0.852
574500,0.069,0.095,0.836
575000,0.069,0.113,0.817
575500,0.070,0.090,0.840
576000,0.077,0.082,0.842
576500,0.060,0.077,0.863
577000,0.089,0.090,0.821
577500,0.082,0.084,0.835
578000,0.082,0.082,0.837
578500,0.078,0.089,0.834
579000,0.076,0.086,0.839
579500,0.069,0.085,0.846
580000,0.070,0.079,0.851
580500,0.076,0.080,0.845
581000,0.077,0.070,0.853
581500,0.069,0.080,0.851
582000,0.067,0.073,0.860
582500,0.081,0.084,0.836
583000,0.103,0.081,0.816
583500,0.123,0.078,0.800
584000,0.107,0.073,0.820
584500,0.107,0.069,0.823
585000,0.099,0.066,0.835
585500,0.092,0.075,0.834
586000,0.096,0.075,0.829
586500,0.086,0.075,0.840
587000,0.083,0.076,0.842
587500,0.086,0.067,0.847
588000,0.090,0.085,0.825
588500,0.085,0.079,0.837
589000,0.097,0.088,0.815
589500,0.096,0.084,0.820
590000,0.098,0.081,0.821
590500,0.086,0.075,0.840
591000,0.093,0.097,0.810
591500,0.079,0.086,0.836
592000,0.081,0.073,0.847
592500,0.074,0.075,0.852
593000,0.077,0.078,0.846
593500,0.080,0.070,0.850
594000,0.091,0.069,0.840
594500,0.078,0.070,0.852
595000,0.070,0.075,0.855
595500,0.083,0.076,0.842
596000,0.089,0.070,0.841
596500,0.070,0.086,0.844
597000,0.069,0.083,0.848
597500,0.082,0.076,0.843
598000,0.082,0.080,0.839
598500,0.075,0.078,0.848
599000,0.081,0.072,0.848
599500,0.076,0.075,0.850
600000,0.085,0.080,0.836
600500,0.088,0.086,0.826
601000,0.074,0.086,0.841
601500,0.066,0.078,0.856
602000,0.065,0.077,0.858
602500,0.079,0.087,0.835
603000,0.084,0.083,0.834
603500,0.085,0.078,0.838
604000,0.089,0.078,0.834
604500,0.078,0.089,0.834
605000,0.088,0.101,0.811
605500,0.078,0.102,0.820
606000,0.087,0.102,0.811
606500,0.074,0.104,0.822
607000,0.076,0.093,0.831
607500,0.075,0.090,0.836
608000,0.076,0.094,0.830
608500,0.076,0.088,0.837
609000,0.068,0.097,0.835
609500,0.082,0.083,0.836
610000,0.078,0.081,0.842
610500,0.077,0.084,0.840
611000,0.075,0.078,0.848
611500,0.073,0.087,0.841
612000,0.091,0.087,0.822
612500,0.084,0.081,0.836
613000,0.078,0.075,0.848
613500,0.078,0.085,0.838
614000,0.084,0.093,0.823
614500,0.093,0.089,0.818
615000,0.088,0.100,0.812
615500,0.085,0.086,0.829
616000,0.074,0.080,0.847
616500,0.075,0.090,0.836
617000,0.074,0.089,0.838
617500,0.082,0.098,0.820
618000,0.084,0.085,0.831
618500,0.081,0.083,0.837
619000,0.076,0.091,0.834
619500,0.077,0.092,0.831
620000,0.087,0.087,0.826
620500,0.087,0.091,0.822
621000,0.095,0.084,0.821
621500,0.108,0.083,0.809
622000,0.105,0.072,0.823
622500,0.091,0.070,0.839
623000,0.087,0.083,0.830
623500,0.093,0.088,0.819
624000,0.096,0.088,0.816
624500,0.088,0.084,0.828
625000,0.090,0.085,0.825
625500,0.092,0.081,0.827
626000,0.109,0.080,0.811
626500,0.093,0.081,0.826
627000,0.098,0.082,0.820
627500,0.124,0.089,0.788
628000,0.099,0.106,0.795
628500,0.103,0.111,0.785
629000,0.097,0.101,0.802
629500,0.087,0.093,0.820
630000,0.086,0.090,0.824
630500,0.087,0.098,0.815
631000,0.079,0.092,0.829
631500,0.084,0.085,0.831
632000,0.091,0.089,0.820
632500,0.088,0.084,0.828
633000,0.092,0.092,0.816
633500,0.083,0.080,0.838
634000,0.080,0.083,0.838
634500,0.077,0.088,0.836
635000,0.079,0.080,0.842
635500,0.080,0.086,0.835
636000,0.078,0.085,0.838
636500,0.084,0.081,0.836
637000,0.086,0.091,0.823
637500,0.070,0.093,0.837
638000,0.070,0.089,0.841
638500,0.083,0.080,0.838
639000,0.079,0.072,0.850
639500,0.083,0.075,0.843
640000,0.082,0.085,0.834
640500,0.074,0.079,0.848
641000,0.083,0.085,0.832
641500,0.073,0.090,0.838
642000,0.073,0.089,0.839
642500,0.081,0.087,0.832
643000,0.072,0.077,0.852
643500,0.084,0.084,0.832
644000,0.087,0.094,0.819
644500,0.096,0.100,0.804
645000,0.088,0.112,0.800
645500,0.080,0.100,0.820
646000,0.074,0.080,0.847
646500,0.074,0.078,0.849
647000,0.081,0.079,0.841
647500,0.073,0.084,0.844
648000,0.086,0.098,0.816
648500,0.084,0.083,0.834
649000,0.086,0.093,0.821
649500,0.088,0.086,0.826
650000,0.096,0.100,0.804
650500,0.085,0.083,0.832
651000,0.082,0.086,0.832
651500,0.075,0.082,0.844
652000,0.075,0.079,0.847
652500,0.069,0.068,0.862
653000,0.081,0.073,0.847
653500,0.101,0.069,0.829
654000,0.099,0.076,0.825
654500,0.097,0.075,0.828
655000,0.099,0.077,0.824
655500,0.096,0.070,0.834
656000,0.088,0.068,0.844
656500,0.086,0.075,0.840
657000,0.086,0.077,0.838
657500,0.082,0.080,0.839
658000,0.084,0.072,0.845
658500,0.101,0.068,0.830
659000,0.095,0.074,0.831
659500,0.122,0.065,0.813
660000,0.112,0.063,0.824
660500,0.102,0.076,0.822
661000,0.086,0.084,0.830
661500,0.081,0.074,0.846
662000,0.089,0.069,0.842
662500,0.075,0.074,0.852
663000,0.080,0.066,0.854
663500,0.078,0.073,0.850
664000,0.105,0.067,0.827
664500,0.092,0.062,0.846
665000,0.090,0.072,0.839
665500,0.092,0.076,0.832
666000,0.100,0.078,0.822
666500,0.088,0.080,0.832
667000,0.080,0.080,0.841
667500,0.081,0.085,0.835
668000,0.081,0.096,0.823
668500,0.082,0.077,0.842
669000,0.076,0.063,0.861
669500,0.082,0.069,0.849
670000,0.086,0.067,0.847
670500,0.087,0.067,0.846
671000,0.094,0.064,0.842
671500,0.098,0.062,0.840
672000,0.111,0.073,0.816
672500,0.099,0.074,0.827
673000,0.096,0.067,0.837
673500,0.090,0.058,0.852
674000,0.091,0.075,0.835
674500,0.088,0.076,0.837
675000,0.078,0.073,0.850
675500,0.085,0.078,0.838
676000,0.084,0.072,0.845
676500,0.082,0.066,0.852
677000,0.090,0.076,0.835
677500,0.093,0.082,0.825
678000,0.092,0.069,0.839
678500,0.102,0.070,0.827
679000,0.093,0.078,0.829
679500,0.115,0.072,0.813
680000,0.096,0.079,0.825
680500,0.095,0.073,0.832
681000,0.099,0.082,0.819
681500,0.101,0.070,0.828
682000,0.109,0.073,0.818
682500,0.105,0.082,0.813
683000,0.095,0.073,0.832
683500,0.091,0.077,0.832
684000,0.097,0.077,0.826
684500,0.098,0.074,0.828
685000,0.101,0.073,0.826
685500,0.102,0.067,0.830
686000,0.096,0.073,0.831
686500,0.123,0.080,0.798
687000,0.118,0.078,0.804
687500,0.102,0.084,0.814
688000,0.103,0.076,0.821
688500,0.103,0.074,0.823
689000,0.101,0.079,0.820
689500,0.103,0.076,0.821
690000,0.112,0.070,0.817
690500,0.094,0.069,0.837
691000,0.093,0.069,0.838
691500,0.091,0.074,0.836
692000,0.090,0.078,0.832
692500,0.102,0.080,0.818
693000,0.094,0.074,0.832
693500,0.091,0.074,0.836
694000,0.099,0.084,0.817
694500,0.091,0.078,0.831
695000,0.095,0.087,0.818
695500,0.087,0.073,0.841
696000,0.092,0.077,0.831
696500,0.103,0.073,0.824
697000,0.087,0.083,0.830
697500,0.079,0.086,0.836
698000,0.080,0.088,0.832
698500,0.081,0.080,0.840
699000,0.077,0.082,0.842
699500,0.086,0.070,0.844
700000,0.084,0.079,0.838
700500,0.076,0.081,0.844
701000,0.075,0.083,0.843
701500,0.073,0.087,0.841
702000,0.079,0.087,0.835
702500,0.079,0.102,0.819
703000,0.078,0.092,0.830
703500,0.072,0.092,0.837
704000,0.070,0.099,0.830
704500,0.078,0.099,0.823
705000,0.068,0.092,0.840
705500,0.067,0.088,0.845
706000,0.084,0.085,0.831
706500,0.072,0.081,0.848
707000,0.075,0.095,0.830
707500,0.072,0.089,0.840
708000,0.070,0.079,0.851
708500,0.082,0.078,0.841
709000,0.087,0.074,0.840
709500,0.079,0.069,0.852
710000,0.084,0.057,0.859
710500,0.079,0.075,0.847
711000,0.086,0.064,0.850
711500,0.093,0.064,0.843
712000,0.089,0.069,0.842
712500,0.092,0.069,0.839
713000,0.095,0.078,0.827
713500,0.079,0.085,0.837
714000,0.083,0.083,0.835
714500,0.085,0.078,0.838
715000,0.086,0.068,0.846
715500,0.077,0.063,0.860
716000,0.074,0.070,0.856
716500,0.085,0.070,0.845
717000,0.085,0.075,0.841
717500,0.089,0.066,0.845
718000,0.070,0.073,0.857
718500,0.073,0.076,0.852
719000,0.082,0.076,0.843
719500,0.072,0.083,0.846
720000,0.074,0.082,0.845
720500,0.072,0.067,0.861
721000,0.087,0.086,0.827
721500,0.092,0.077,0.831
722000,0.080,0.111,0.809
722500,0.068,0.094,0.838
723000,0.072,0.091,0.838
723500,0.074,0.104,0.822
724000,0.083,0.098,0.819
724500,0.086,0.081,0.834
725000,0.081,0.075,0.845
725500,0.079,0.074,0.848
726000,0.080,0.074,0.847
726500,0.079,0.072,0.850
727000,0.082,0.066,0.852
727500,0.087,0.072,0.842
728000,0.083,0.073,0.845
728500,0.077,0.067,0.856
729000,0.079,0.075,0.847
729500,0.066,0.065,0.868
730000,0.073,0.073,0.855
730500,0.069,0.064,0.866
731000,0.075,0.064,0.861
731500,0.080,0.061,0.859
732000,0.088,0.070,0.842
732500,0.085,0.094,0.821
733000,0.082,0.092,0.826
733500,0.089,0.075,0.837
734000,0.088,0.074,0.839
734500,0.083,0.076,0.842
735000,0.079,0.084,0.838
735500,0.081,0.085,0.835
736000,0.086,0.079,0.836
736500,0.088,0.081,0.831
737000,0.086,0.094,0.820
737500,0.075,0.098,0.827
738000,0.083,0.089,0.828
738500,0.093,0.092,0.815
739000,0.087,0.081,0.832
739500,0.084,0.081,0.836
740000,0.077,0.085,0.839
740500,0.079,0.074,0.848
741000,0.077,0.070,0.853
741500,0.087,0.073,0.841
742000,0.084,0.080,0.837
742500,0.078,0.075,0.848
743000,0.081,0.069,0.850
743500,0.074,0.068,0.858
744000,0.083,0.091,0.826
744500,0.072,0.086,0.843
745000,0.072,0.075,0.854
745500,0.065,0.098,0.837
746000,0.070,0.093,0.837
746500,0.078,0.096,0.826
747000,0.078,0.084,0.839
747500,0.062,0.079,0.859
748000,0.066,0.082,0.852
748500,0.067,0.076,0.857
749000,0.074,0.083,0.844
749500,0.070,0.086,0.844
750000,0.077,0.091,0.832
750500,0.077,0.085,0.839
751000,0.078,0.089,0.834
751500,0.086,0.087,0.827
752000,0.082,0.079,0.840
752500,0.085,0.067,0.848
753000,0.083,0.065,0.852
753500,0.079,0.060,0.861
754000,0.080,0.058,0.862
754500,0.084,0.068,0.848
755000,0.104,0.072,0.824
755500,0.089,0.087,0.824
756000,0.095,0.085,0.820
756500,0.095,0.083,0.822
757000,0.091,0.096,0.813
757500,0.084,0.099,0.817
758000,0.090,0.096,0.814
758500,0.098,0.087,0.815
759000,0.086,0.085,0.829
759500,0.087,0.083,0.830
760000,0.089,0.077,0.835
760500,0.086,0.074,0.841
761000,0.077,0.074,0.850
761500,0.084,0.069,0.847
762000,0.083,0.060,0.857
762500,0.078,0.074,0.849
763000,0.081,0.076,0.844
763500,0.085,0.069,0.846
764000,0.081,0.062,0.857
764500,0.088,0.063,0.849
765000,0.079,0.067,0.854
765500,0.075,0.065,0.860
766000,0.080,0.058,0.862
766500,0.081,0.064,0.855
767000,0.086,0.067,0.847
767500,0.094,0.072,0.835
768000,0.090,0.063,0.847
768500,0.083,0.056,0.861
769000,0.078,0.052,0.870
769500,0.094,0.055,0.851
770000,0.111,0.056,0.832
770500,0.102,0.058,0.840
771000,0.099,0.062,0.839
771500,0.080,0.057,0.863
772000,0.075,0.063,0.862
772500,0.096,0.079,0.825
773000,0.094,0.064,0.842
773500,0.083,0.065,0.852
774000,0.079,0.064,0.857
774500,0.079,0.076,0.846
775000,0.074,0.081,0.846
775500,0.081,0.068,0.851
776000,0.083,0.058,0.859
776500,0.078,0.054,0.868
777000,0.078,0.055,0.867
777500,0.085,0.058,0.857
778000,0.093,0.057,0.850
778500,0.096,0.067,0.837
779000,0.083,0.064,0.853
779500,0.076,0.060,0.864
780000,0.074,0.095,0.831
780500,0.066,0.086,0.848
781000,0.065,0.075,0.860
781500,0.069,0.089,0.842
782000,0.075,0.069,0.856
782500,0.072,0.066,0.862
783000,0.069,0.059,0.871
783500,0.075,0.062,0.863
784000,0.107,0.067,0.825
784500,0.110,0.066,0.823
785000,0.111,0.065,0.823
785500,0.110,0.078,0.812
786000,0.098,0.078,0.824
786500,0.090,0.067,0.843
787000,0.096,0.061,0.843
787500,0.085,0.053,0.862
788000,0.085,0.062,0.853
788500,0.087,0.060,0.853
789000,0.099,0.063,0.838
789500,0.098,0.064,0.838
790000,0.098,0.065,0.837
790500,0.100,0.059,0.841
791000,0.096,0.065,0.839
791500,0.096,0.067,0.837
792000,0.101,0.075,0.824
792500,0.085,0.068,0.847
793000,0.081,0.063,0.856
793500,0.074,0.077,0.850
794000,0.088,0.075,0.838
794500,0.073,0.065,0.862
795000,0.079,0.063,0.858
795500,0.074,0.080,0.847
796000,0.072,0.076,0.853
796500,0.066,0.059,0.874
797000,0.075,0.053,0.872
797500,0.083,0.055,0.862
798000,0.080,0.063,0.857
798500,0.083,0.070,0.847
799000,0.087,0.072,0.842
799500,0.085,0.059,0.856
800000,0.083,0.064,0.853
800500,0.077,0.080,0.844
801000,0.086,0.068,0.846
801500,0.082,0.077,0.842
802000,0.091,0.063,0.846
802500,0.087,0.073,0.841
803000,0.086,0.093,0.821
803500,0.083,0.085,0.832
804000,0.089,0.084,0.827
804500,0.072,0.076,0.853
805000,0.096,0.074,0.830
805500,0.085,0.066,0.849
806000,0.079,0.058,0.863
806500,0.095,0.064,0.841
807000,0.093,0.072,0.836
807500,0.081,0.077,0.843
808000,0.083,0.067,0.850
808500,0.091,0.066,0.843
809000,0.094,0.064,0.842
809500,0.082,0.063,0.855
810000,0.090,0.056,0.854
810500,0.089,0.056,0.855
811000,0.072,0.060,0.868
811500,0.084,0.062,0.854
812000,0.089,0.055,0.856
812500,0.078,0.058,0.864
813000,0.074,0.074,0.853
813500,0.079,0.083,0.839
814000,0.080,0.077,0.844
814500,0.081,0.066,0.853
815000,0.081,0.062,0.857
815500,0.075,0.057,0.868
816000,0.080,0.052,0.868
816500,0.077,0.053,0.870
817000,0.093,0.062,0.845
817500,0.088,0.073,0.840
818000,0.083,0.065,0.852
818500,0.092,0.057,0.851
819000,0.094,0.054,0.852
819500,0.101,0.074,0.825
820000,0.105,0.073,0.822
820500,0.102,0.070,0.827
821000,0.097,0.066,0.837
821500,0.089,0.053,0.858
822000,0.087,0.058,0.855
822500,0.070,0.060,0.869
823000,0.075,0.062,0.863
823500,0.070,0.054,0.875
824000,0.080,0.067,0.853
824500,0.086,0.069,0.845
825000,0.084,0.073,0.844
825500,0.084,0.073,0.844
826000,0.083,0.067,0.850
826500,0.092,0.064,0.844
827000,0.092,0.062,0.846
827500,0.094,0.062,0.844
828000,0.089,0.067,0.844
828500,0.087,0.072,0.842
829000,0.079,0.068,0.853
829500,0.080,0.074,0.847
830000,0.076,0.084,0.841
830500,0.087,0.070,0.843
831000,0.083,0.081,0.837
831500,0.086,0.073,0.842
832000,0.086,0.064,0.850
832500,0.104,0.061,0.835
833000,0.096,0.074,0.830
833500,0.092,0.072,0.837
834000,0.084,0.060,0.856
834500,0.081,0.076,0.844
835000,0.075,0.073,0.853
835500,0.070,0.078,0.852
836000,0.069,0.070,0.860
836500,0.075,0.054,0.871
837000,0.079,0.074,0.848
837500,0.080,0.063,0.857
838000,0.074,0.064,0.862
838500,0.069,0.081,0.850
839000,0.076,0.070,0.854
839500,0.084,0.084,0.832
840000,0.080,0.079,0.842
840500,0.074,0.067,0.859
841000,0.077,0.082,0.842
841500,0.073,0.078,0.850
842000,0.072,0.066,0.862
842500,0.080,0.081,0.840
843000,0.074,0.074,0.853
843500,0.079,0.084,0.838
844000,0.086,0.080,0.835
844500,0.079,0.083,0.839
845000,0.081,0.088,0.831
845500,0.080,0.082,0.839
846000,0.081,0.091,0.828
846500,0.065,0.083,0.852
847000,0.072,0.066,0.862
847500,0.074,0.076,0.851
848000,0.086,0.075,0.840
848500,0.085,0.068,0.847
849000,0.080,0.059,0.861
849500,0.076,0.060,0.864
850000,0.073,0.055,0.872
850500,0.069,0.061,0.869
851000,0.072,0.062,0.866
851500,0.086,0.064,0.850
852000,0.089,0.059,0.852
852500,0.090,0.067,0.843
853000,0.094,0.059,0.847
853500,0.077,0.054,0.869
854000,0.075,0.056,0.869
854500,0.082,0.067,0.851
855000,0.080,0.063,0.857
855500,0.101,0.055,0.844
856000,0.102,0.055,0.843
856500,0.100,0.054,0.846
857000,0.084,0.059,0.857
857500,0.088,0.056,0.856
858000,0.112,0.058,0.829
858500,0.106,0.058,0.836
859000,0.091,0.061,0.848
859500,0.097,0.058,0.845
860000,0.092,0.056,0.852
860500,0.099,0.062,0.839
861000,0.088,0.062,0.850
861500,0.073,0.059,0.868
862000,0.078,0.083,0.840
862500,0.079,0.083,0.839
863000,0.076,0.085,0.840
863500,0.078,0.060,0.862
864000,0.083,0.057,0.860
864500,0.082,0.056,0.862
865000,0.099,0.070,0.830
865500,0.099,0.065,0.836
866000,0.101,0.055,0.844
866500,0.092,0.054,0.854
867000,0.082,0.055,0.863
867500,0.085,0.052,0.863
868000,0.078,0.081,0.842
868500,0.083,0.074,0.844
869000,0.082,0.062,0.856
869500,0.079,0.053,0.868
870000,0.082,0.055,0.863
870500,0.089,0.063,0.848
871000,0.073,0.063,0.864
871500,0.077,0.059,0.864
872000,0.079,0.056,0.865
872500,0.082,0.058,0.860
873000,0.085,0.055,0.860
873500,0.087,0.064,0.849
874000,0.081,0.059,0.860
874500,0.092,0.062,0.846
875000,0.082,0.065,0.853
875500,0.076,0.059,0.865
876000,0.068,0.062,0.869
876500,0.074,0.056,0.870
877000,0.072,0.054,0.874
877500,0.072,0.053,0.875
878000,0.094,0.059,0.847
878500,0.094,0.062,0.844
879000,0.097,0.064,0.839
879500,0.104,0.063,0.832
880000,0.114,0.057,0.828
880500,0.123,0.055,0.822
881000,0.111,0.062,0.826
881500,0.107,0.070,0.822
882000,0.098,0.073,0.829
882500,0.094,0.070,0.836
883000,0.095,0.070,0.835
883500,0.098,0.063,0.839
884000,0.102,0.061,0.837
884500,0.092,0.068,0.840
885000,0.108,0.066,0.825
885500,0.103,0.073,0.824
886000,0.115,0.078,0.807
886500,0.104,0.066,0.829
887000,0.101,0.065,0.834
887500,0.107,0.075,0.818
888000,0.126,0.077,0.798
888500,0.125,0.084,0.792
889000,0.113,0.085,0.802
889500,0.114,0.083,0.803
890000,0.117,0.077,0.806
890500,0.101,0.075,0.824
891000,0.105,0.077,0.818
891500,0.110,0.072,0.818
892000,0.090,0.073,0.838
892500,0.101,0.084,0.815
893000,0.097,0.088,0.815
893500,0.087,0.083,0.830
894000,0.085,0.086,0.829
894500,0.088,0.079,0.834
895000,0.108,0.079,0.813
895500,0.104,0.072,0.824
896000,0.096,0.069,0.835
896500,0.091,0.067,0.842
897000,0.089,0.058,0.853
897500,0.097,0.064,0.839
898000,0.100,0.057,0.843
898500,0.105,0.063,0.831
899000,0.100,0.061,0.839
899500,0.095,0.056,0.849
900000,0.088,0.062,0.850
900500,0.087,0.073,0.841
901000,0.083,0.061,0.856
901500,0.081,0.067,0.852
902000,0.083,0.069,0.848
902500,0.085,0.065,0.850
903000,0.091,0.062,0.847
903500,0.083,0.062,0.855
904000,0.088,0.063,0.849
904500,0.092,0.064,0.844
905000,0.081,0.061,0.858
905500,0.077,0.063,0.860
906000,0.096,0.061,0.843
906500,0.090,0.056,0.854
907000,0.088,0.055,0.857
907500,0.084,0.057,0.859
908000,0.096,0.061,0.843
908500,0.084,0.058,0.858
909000,0.081,0.047,0.872
909500,0.093,0.056,0.851
910000,0.096,0.055,0.849
910500,0.097,0.054,0.849
911000,0.097,0.052,0.851
911500,0.078,0.051,0.871
912000,0.092,0.066,0.842
912500,0.087,0.057,0.856
913000,0.087,0.056,0.857
913500,0.090,0.051,0.859
914000,0.097,0.058,0.845
914500,0.109,0.056,0.835
915000,0.109,0.053,0.838
915500,0.100,0.063,0.837
916000,0.101,0.065,0.834
916500,0.095,0.056,0.849
917000,0.079,0.062,0.859
917500,0.085,0.067,0.848
918000,0.079,0.057,0.864
918500,0.094,0.063,0.843
919000,0.086,0.066,0.848
919500,0.090,0.073,0.838
920000,0.078,0.077,0.846
920500,0.075,0.092,0.834
921000,0.078,0.089,0.834
921500,0.077,0.092,0.831
922000,0.086,0.078,0.837
922500,0.079,0.094,0.827
923000,0.074,0.088,0.839
923500,0.074,0.074,0.853
924000,0.082,0.069,0.849
924500,0.072,0.072,0.857
925000,0.076,0.065,0.859
925500,0.076,0.065,0.859
926000,0.080,0.056,0.864
926500,0.093,0.065,0.842
927000,0.083,0.060,0.857
927500,0.091,0.057,0.852
928000,0.087,0.054,0.859
928500,0.081,0.059,0.860
929000,0.074,0.060,0.866
929500,0.086,0.057,0.857
930000,0.092,0.055,0.853
930500,0.092,0.064,0.844
931000,0.079,0.062,0.859
931500,0.073,0.057,0.870
932000,0.078,0.066,0.856
932500,0.075,0.064,0.861
933000,0.087,0.083,0.830
933500,0.077,0.085,0.839
934000,0.073,0.068,0.859
934500,0.067,0.077,0.856
935000,0.074,0.079,0.848
935500,0.080,0.077,0.844
936000,0.078,0.073,0.850
936500,0.079,0.081,0.841
937000,0.082,0.067,0.851
937500,0.073,0.077,0.851
938000,0.063,0.082,0.855
938500,0.069,0.063,0.867
939000,0.075,0.076,0.850
939500,0.080,0.063,0.857
940000,0.090,0.062,0.848
940500,0.085,0.065,0.850
941000,0.083,0.077,0.841
941500,0.077,0.077,0.847
942000,0.070,0.057,0.872
942500,0.080,0.052,0.868
943000,0.080,0.056,0.864
943500,0.090,0.058,0.852
944000,0.109,0.066,0.824
944500,0.109,0.061,0.829
945000,0.112,0.055,0.832
945500,0.107,0.057,0.836
946000,0.092,0.065,0.843
946500,0.088,0.076,0.837
947000,0.081,0.066,0.853
947500,0.081,0.069,0.850
948000,0.080,0.066,0.854
948500,0.081,0.078,0.842
949000,0.078,0.075,0.848
949500,0.083,0.068,0.849
950000,0.083,0.064,0.853
950500,0.077,0.059,0.864
951000,0.072,0.057,0.871
951500,0.074,0.059,0.867
952000,0.077,0.062,0.861
952500,0.082,0.065,0.853
953000,0.077,0.067,0.856
953500,0.089,0.089,0.822
954000,0.088,0.075,0.838
954500,0.079,0.069,0.852
955000,0.085,0.067,0.848
955500,0.081,0.069,0.850
956000,0.074,0.065,0.861
956500,0.075,0.069,0.856
957000,0.066,0.066,0.867
957500,0.079,0.065,0.856
958000,0.092,0.076,0.832
958500,0.102,0.061,0.837
959000,0.103,0.066,0.830
959500,0.106,0.072,0.822
960000,0.106,0.060,0.834
960500,0.095,0.068,0.837
961000,0.102,0.061,0.837
961500,0.088,0.079,0.834
962000,0.091,0.075,0.835
962500,0.092,0.087,0.821
963000,0.086,0.063,0.851
963500,0.082,0.075,0.844
964000,0.090,0.066,0.844
964500,0.094,0.068,0.838
965000,0.106,0.058,0.836
965500,0.096,0.059,0.845
966000,0.085,0.058,0.857
966500,0.087,0.067,0.846
967000,0.102,0.057,0.841
967500,0.106,0.078,0.816
968000,0.093,0.096,0.811
968500,0.099,0.086,0.815
969000,0.095,0.072,0.834
969500,0.098,0.070,0.831
970000,0.097,0.065,0.838
970500,0.101,0.057,0.842
971000,0.102,0.053,0.845
971500,0.109,0.064,0.826
972000,0.105,0.064,0.830
972500,0.096,0.073,0.831
973000,0.099,0.069,0.831
973500,0.098,0.064,0.838
974000,0.105,0.063,0.831
974500,0.103,0.072,0.825
975000,0.102,0.070,0.827
975500,0.108,0.073,0.819
976000,0.117,0.063,0.819
976500,0.109,0.064,0.826
977000,0.096,0.061,0.843
977500,0.090,0.056,0.854
978000,0.093,0.050,0.857
978500,0.109,0.049,0.842
979000,0.088,0.049,0.863
979500,0.090,0.052,0.858
980000,0.090,0.062,0.848
980500,0.082,0.058,0.860
981000,0.079,0.054,0.867
981500,0.084,0.067,0.849
982000,0.086,0.067,0.847
982500,0.072,0.065,0.863
983000,0.080,0.073,0.848
983500,0.079,0.068,0.853
984000,0.084,0.070,0.846
984500,0.086,0.064,0.850
985000,0.078,0.062,0.860
985500,0.094,0.064,0.842
986000,0.087,0.055,0.858
986500,0.081,0.067,0.852
987000,0.085,0.055,0.860
987500,0.096,0.050,0.854
988000,0.095,0.047,0.858
988500,0.089,0.051,0.860
989000,0.089,0.072,0.840
989500,0.081,0.070,0.849
990000,0.078,0.065,0.857
990500,0.084,0.056,0.860
991000,0.076,0.055,0.869
991500,0.080,0.090,0.830
992000,0.083,0.081,0.837
992500,0.089,0.065,0.846
993000,0.084,0.064,0.852
993500,0.082,0.067,0.851
994000,0.100,0.064,0.836
994500,0.102,0.063,0.835
995000,0.084,0.057,0.859
995500,0.087,0.063,0.850
996000,0.086,0.065,0.849
996500,0.093,0.061,0.846
997000,0.081,0.066,0.853
997500,0.088,0.074,0.839
998000,0.088,0.085,0.827
998500,0.088,0.094,0.818
999000,0.088,0.081,0.831
999500,0.096,0.069,0.835
1000000,0.106,0.063,0.830
