time,n_A+p,n_B,n_AB
500,0.010,0.537,0.453
1000,0.010,0.200,0.790
1500,0.010,0.183,0.807
2000,0.025,0.184,0.791
2500,0.389,0.000,0.611
3000,0.365,0.000,0.635
3500,0.256,0.000,0.744
4000,0.377,0.000,0.623
4500,0.287,0.000,0.713
5000,0.372,0.000,0.628
5500,0.252,0.000,0.748
6000,0.505,0.000,0.495
6500,0.370,0.000,0.630
7000,0.300,0.000,0.700
7500,0.467,0.000,0.533
8000,0.334,0.000,0.666
8500,0.514,0.000,0.486
9000,0.367,0.000,0.633
9500,0.308,0.000,0.692
10000,0.238,0.000,0.762
10500,0.281,0.000,0.719
11000,0.281,0.000,0.719
11500,0.367,0.000,0.633
12000,0.179,0.000,0.821
12500,0.298,0.000,0.702
13000,0.372,0.000,0.628
13500,0.324,0.000,0.676
14000,0.327,0.000,0.673
14500,0.294,0.000,0.706
15000,0.382,0.000,0.618
15500,0.367,0.000,0.633
16000,0.219,0.000,0.781
16500,0.311,0.000,0.689
17000,0.293,0.000,0.707
17500,0.276,0.000,0.724
18000,0.259,0.000,0.741
18500,0.354,0.000,0.646
19000,0.369,0.000,0.631
19500,0.366,0.000,0.634
20000,0.288,0.000,0.712
20500,0.439,0.000,0.561
21000,0.354,0.000,0.646
21500,0.273,0.000,0.727
22000,0.324,0.000,0.676
22500,0.188,0.000,0.812
23000,0.365,0.000,0.635
23500,0.415,0.000,0.585
24000,0.535,0.000,0.465
24500,0.337,0.000,0.663
25000,0.358,0.000,0.642
25500,0.283,0.000,0.717
26000,0.394,0.000,0.606
26500,0.393,0.000,0.607
27000,0.276,0.000,0.724
27500,0.195,0.000,0.805
28000,0.409,0.000,0.591
28500,0.315,0.000,0.685
29000,0.480,0.000,0.520
29500,0.252,0.000,0.748
30000,0.216,0.000,0.784
30500,0.320,0.000,0.680
31000,0.281,0.000,0.719
31500,0.438,0.000,0.562
32000,0.282,0.000,0.718
32500,0.286,0.000,0.714
33000,0.205,0.000,0.795
33500,0.300,0.000,0.700
34000,0.328,0.000,0.672
34500,0.244,0.000,0.756
35000,0.387,0.000,0.613
35500,0.535,0.000,0.465
36000,0.401,0.000,0.599
36500,0.373,0.000,0.627
37000,0.332,0.000,0.668
37500,0.265,0.000,0.735
38000,0.341,0.000,0.659
38500,0.427,0.000,0.573
39000,0.495,0.000,0.505
39500,0.279,0.000,0.721
40000,0.294,0.000,0.706
40500,0.438,0.000,0.562
41000,0.430,0.000,0.570
41500,0.557,0.000,0.443
42000,0.277,0.000,0.723
42500,0.365,0.000,0.635
43000,0.326,0.000,0.674
43500,0.415,0.000,0.585
44000,0.401,0.000,0.599
44500,0.206,0.000,0.794
45000,0.415,0.000,0.585
45500,0.350,0.000,0.650
46000,0.444,0.000,0.556
46500,0.493,0.000,0.507
47000,0.407,0.000,0.593
47500,0.251,0.000,0.749
48000,0.380,0.000,0.620
48500,0.379,0.000,0.621
49000,0.274,0.000,0.726
49500,0.489,0.000,0.511
50000,0.317,0.000,0.683
50500,0.348,0.000,0.652
51000,0.285,0.000,0.715
51500,0.309,0.000,0.691
52000,0.313,0.000,0.687
52500,0.341,0.000,0.659
53000,0.387,0.000,0.613
53500,0.535,0.000,0.465
54000,0.352,0.000,0.648
54500,0.393,0.000,0.607
55000,0.339,0.000,0.661
55500,0.316,0.000,0.684
56000,0.317,0.000,0.683
56500,0.242,0.000,0.758
57000,0.393,0.000,0.607
57500,0.334,0.000,0.666
58000,0.391,0.000,0.609
58500,0.331,0.000,0.669
59000,0.376,0.000,0.624
59500,0.485,0.000,0.515
60000,0.551,0.000,0.449
60500,0.371,0.000,0.629
61000,0.196,0.000,0.804
61500,0.338,0.000,0.662
62000,0.308,0.000,0.692
62500,0.258,0.000,0.742
63000,0.256,0.000,0.744
63500,0.410,0.000,0.590
64000,0.359,0.000,0.641
64500,0.424,0.000,0.576
65000,0.307,0.000,0.693
65500,0.191,0.000,0.809
66000,0.352,0.000,0.648
66500,0.246,0.000,0.754
67000,0.312,0.000,0.688
67500,0.281,0.000,0.719
68000,0.325,0.000,0.675
68500,0.291,0.000,0.709
69000,0.374,0.000,0.626
69500,0.420,0.000,0.580
70000,0.434,0.000,0.566
70500,0.343,0.000,0.657
71000,0.249,0.000,0.751
71500,0.267,0.000,0.733
72000,0.399,0.000,0.601
72500,0.335,0.000,0.665
73000,0.379,0.000,0.621
73500,0.241,0.000,0.759
74000,0.401,0.000,0.599
74500,0.329,0.000,0.671
75000,0.377,0.000,0.623
75500,0.458,0.000,0.542
76000,0.409,0.000,0.591
76500,0.403,0.000,0.597
77000,0.274,0.000,0.726
77500,0.378,0.000,0.622
78000,0.412,0.000,0.588
78500,0.312,0.000,0.688
79000,0.238,0.000,0.762
79500,0.324,0.000,0.676
80000,0.497,0.000,0.503
80500,0.428,0.000,0.572
81000,0.369,0.000,0.631
81500,0.400,0.000,0.600
82000,0.330,0.000,0.670
82500,0.369,0.000,0.631
83000,0.323,0.000,0.677
83500,0.343,0.000,0.657
84000,0.421,0.000,0.579
84500,0.277,0.000,0.723
85000,0.435,0.000,0.565
85500,0.281,0.000,0.719
86000,0.327,0.000,0.673
86500,0.299,0.000,0.701
87000,0.394,0.000,0.606
87500,0.308,0.000,0.692
88000,0.319,0.000,0.681
88500,0.453,0.000,0.547
89000,0.490,0.000,0.510
89500,0.402,0.000,0.598
90000,0.279,0.000,0.721
90500,0.321,0.000,0.679
91000,0.306,0.000,0.694
91500,0.416,0.000,0.584
92000,0.385,0.000,0.615
92500,0.406,0.000,0.594
93000,0.300,0.000,0.700
93500,0.184,0.000,0.816
94000,0.288,0.000,0.712
94500,0.330,0.000,0.670
95000,0.336,0.000,0.664
95500,0.302,0.000,0.698
96000,0.367,0.000,0.633
96500,0.367,0.000,0.633
97000,0.336,0.000,0.664
97500,0.448,0.000,0.552
98000,0.242,0.000,0.758
98500,0.320,0.000,0.680
99000,0.282,0.000,0.718
99500,0.463,0.000,0.537
100000,0.236,0.000,0.764
100500,0.247,0.000,0.753
101000,0.346,0.000,0.654
101500,0.316,0.000,0.684
102000,0.268,0.004,0.728
102500,0.265,0.000,0.735
103000,0.283,0.000,0.717
103500,0.426,0.000,0.574
104000,0.452,0.000,0.548
104500,0.481,0.000,0.519
105000,0.251,0.000,0.749
105500,0.369,0.000,0.631
106000,0.426,0.000,0.574
106500,0.270,0.000,0.730
107000,0.233,0.000,0.767
107500,0.340,0.000,0.660
108000,0.334,0.000,0.666
108500,0.322,0.000,0.678
109000,0.335,0.000,0.665
109500,0.372,0.000,0.628
110000,0.287,0.000,0.713
110500,0.298,0.000,0.702
111000,0.329,0.000,0.671
111500,0.415,0.000,0.585
112000,0.523,0.000,0.477
112500,0.263,0.000,0.737
113000,0.379,0.000,0.621
113500,0.310,0.000,0.690
114000,0.272,0.000,0.728
114500,0.453,0.000,0.547
115000,0.482,0.000,0.518
115500,0.463,0.000,0.537
116000,0.482,0.000,0.518
116500,0.266,0.000,0.734
117000,0.292,0.000,0.708
117500,0.382,0.000,0.618
118000,0.394,0.000,0.606
118500,0.379,0.000,0.621
119000,0.245,0.000,0.755
119500,0.356,0.000,0.644
120000,0.151,0.000,0.849
120500,0.178,0.000,0.822
121000,0.414,0.000,0.586
121500,0.270,0.000,0.730
122000,0.306,0.000,0.694
122500,0.220,0.000,0.780
123000,0.279,0.000,0.721
123500,0.515,0.000,0.485
124000,0.386,0.000,0.614
124500,0.452,0.000,0.548
125000,0.339,0.000,0.661
125500,0.303,0.000,0.697
126000,0.450,0.000,0.550
126500,0.280,0.000,0.720
127000,0.285,0.000,0.715
127500,0.294,0.000,0.706
128000,0.378,0.000,0.622
128500,0.220,0.000,0.780
129000,0.311,0.000,0.689
129500,0.303,0.000,0.697
130000,0.403,0.000,0.597
130500,0.440,0.000,0.560
131000,0.169,0.000,0.831
131500,0.301,0.000,0.699
132000,0.471,0.000,0.529
132500,0.356,0.000,0.644
133000,0.190,0.000,0.810
133500,0.344,0.000,0.656
134000,0.447,0.000,0.553
134500,0.227,0.000,0.773
135000,0.245,0.000,0.755
135500,0.365,0.000,0.635
136000,0.343,0.000,0.657
136500,0.251,0.000,0.749
137000,0.289,0.000,0.711
137500,0.426,0.000,0.574
138000,0.335,0.000,0.665
138500,0.267,0.000,0.733
139000,0.244,0.000,0.756
139500,0.229,0.000,0.771
140000,0.415,0.000,0.585
140500,0.519,0.000,0.481
141000,0.349,0.000,0.651
141500,0.349,0.000,0.651
142000,0.429,0.000,0.571
142500,0.302,0.000,0.698
143000,0.251,0.000,0.749
143500,0.380,0.000,0.620
144000,0.384,0.000,0.616
144500,0.458,0.000,0.542
145000,0.546,0.000,0.454
145500,0.304,0.000,0.696
146000,0.260,0.000,0.740
146500,0.499,0.000,0.501
147000,0.223,0.000,0.777
147500,0.377,0.000,0.623
148000,0.236,0.000,0.764
148500,0.314,0.000,0.686
149000,0.324,0.000,0.676
149500,0.240,0.000,0.760
150000,0.351,0.000,0.649
150500,0.389,0.000,0.611
151000,0.323,0.000,0.677
151500,0.362,0.000,0.638
152000,0.325,0.000,0.675
152500,0.383,0.000,0.617
153000,0.661,0.000,0.339
153500,0.337,0.000,0.663
154000,0.427,0.000,0.573
154500,0.309,0.000,0.691
155000,0.465,0.000,0.535
155500,0.287,0.000,0.713
156000,0.349,0.000,0.651
156500,0.340,0.000,0.660
157000,0.574,0.000,0.426
157500,0.382,0.000,0.618
158000,0.305,0.000,0.695
158500,0.219,0.000,0.781
159000,0.333,0.000,0.667
159500,0.294,0.000,0.706
160000,0.429,0.000,0.571
160500,0.209,0.000,0.791
161000,0.332,0.000,0.668
161500,0.269,0.000,0.731
162000,0.235,0.000,0.765
162500,0.178,0.000,0.822
163000,0.567,0.000,0.433
163500,0.323,0.000,0.677
164000,0.200,0.000,0.800
164500,0.169,0.000,0.831
165000,0.255,0.000,0.745
165500,0.474,0.000,0.526
166000,0.411,0.000,0.589
166500,0.350,0.000,0.650
167000,0.340,0.000,0.660
167500,0.295,0.000,0.705
168000,0.411,0.000,0.589
168500,0.388,0.000,0.612
169000,0.375,0.000,0.625
169500,0.432,0.000,0.568
170000,0.450,0.000,0.550
170500,0.390,0.000,0.610
171000,0.278,0.000,0.722
171500,0.419,0.000,0.581
172000,0.266,0.000,0.734
172500,0.274,0.000,0.726
173000,0.256,0.000,0.744
173500,0.437,0.000,0.563
174000,0.495,0.000,0.505
174500,0.393,0.000,0.607
175000,0.384,0.000,0.616
175500,0.237,0.000,0.763
176000,0.270,0.000,0.730
176500,0.306,0.000,0.694
177000,0.227,0.000,0.773
177500,0.432,0.000,0.568
178000,0.405,0.000,0.595
178500,0.376,0.000,0.624
179000,0.330,0.000,0.670
179500,0.249,0.000,0.751
180000,0.273,0.000,0.727
180500,0.352,0.000,0.648
181000,0.240,0.000,0.760
181500,0.417,0.000,0.583
182000,0.305,0.000,0.695
182500,0.225,0.000,0.775
183000,0.420,0.000,0.580
183500,0.481,0.000,0.519
184000,0.315,0.000,0.685
184500,0.541,0.000,0.459
185000,0.165,0.000,0.835
185500,0.359,0.000,0.641
186000,0.365,0.000,0.635
186500,0.221,0.000,0.779
187000,0.265,0.000,0.735
187500,0.330,0.000,0.670
188000,0.294,0.000,0.706
188500,0.214,0.000,0.786
189000,0.558,0.000,0.442
189500,0.275,0.000,0.725
190000,0.522,0.000,0.478
190500,0.272,0.000,0.728
191000,0.272,0.000,0.728
191500,0.407,0.000,0.593
192000,0.331,0.000,0.669
192500,0.343,0.000,0.657
193000,0.305,0.000,0.695
193500,0.349,0.000,0.651
194000,0.417,0.000,0.583
194500,0.323,0.000,0.677
195000,0.376,0.000,0.624
195500,0.367,0.000,0.633
196000,0.278,0.000,0.722
196500,0.349,0.000,0.651
197000,0.310,0.000,0.690
197500,0.373,0.000,0.627
198000,0.447,0.000,0.553
198500,0.342,0.000,0.658
199000,0.452,0.000,0.548
199500,0.548,0.000,0.452
200000,0.344,0.000,0.656
200500,0.281,0.000,0.719
201000,0.326,0.000,0.674
201500,0.552,0.000,0.448
202000,0.391,0.000,0.609
202500,0.388,0.000,0.612
203000,0.341,0.000,0.659
203500,0.390,0.000,0.610
204000,0.343,0.000,0.657
204500,0.278,0.000,0.722
205000,0.333,0.000,0.667
205500,0.280,0.000,0.720
206000,0.504,0.000,0.496
206500,0.268,0.000,0.732
207000,0.354,0.000,0.646
207500,0.321,0.000,0.679
208000,0.279,0.000,0.721
208500,0.298,0.000,0.702
209000,0.286,0.000,0.714
209500,0.444,0.000,0.556
210000,0.490,0.000,0.510
210500,0.329,0.000,0.671
211000,0.302,0.000,0.698
211500,0.347,0.000,0.653
212000,0.474,0.000,0.526
212500,0.385,0.000,0.615
213000,0.303,0.000,0.697
213500,0.315,0.000,0.685
214000,0.420,0.000,0.580
214500,0.298,0.000,0.702
215000,0.299,0.000,0.701
215500,0.318,0.000,0.682
216000,0.371,0.000,0.629
216500,0.325,0.000,0.675
217000,0.634,0.000,0.366
217500,0.214,0.000,0.786
218000,0.306,0.000,0.694
218500,0.508,0.000,0.492
219000,0.229,0.000,0.771
219500,0.438,0.000,0.562
220000,0.344,0.000,0.656
220500,0.385,0.000,0.615
221000,0.399,0.000,0.601
221500,0.415,0.000,0.585
222000,0.412,0.000,0.588
222500,0.535,0.000,0.465
223000,0.323,0.000,0.677
223500,0.257,0.000,0.743
224000,0.380,0.000,0.620
224500,0.219,0.000,0.781
225000,0.236,0.000,0.764
225500,0.484,0.000,0.516
226000,0.317,0.000,0.683
226500,0.371,0.000,0.629
227000,0.411,0.000,0.589
227500,0.418,0.000,0.582
228000,0.242,0.000,0.758
228500,0.269,0.000,0.731
229000,0.306,0.000,0.694
229500,0.379,0.000,0.621
230000,0.423,0.000,0.577
230500,0.318,0.000,0.682
231000,0.438,0.000,0.562
231500,0.176,0.000,0.824
232000,0.272,0.000,0.728
232500,0.440,0.000,0.560
233000,0.344,0.000,0.656
233500,0.232,0.000,0.768
234000,0.279,0.000,0.721
234500,0.332,0.000,0.668
235000,0.348,0.000,0.652
235500,0.417,0.000,0.583
236000,0.343,0.000,0.657
236500,0.414,0.000,0.586
237000,0.355,0.000,0.645
237500,0.276,0.000,0.724
238000,0.384,0.000,0.616
238500,0.342,0.000,0.658
239000,0.383,0.000,0.617
239500,0.359,0.000,0.641
240000,0.360,0.000,0.640
240500,0.362,0.000,0.638
241000,0.407,0.000,0.593
241500,0.304,0.000,0.696
242000,0.241,0.000,0.759
242500,0.295,0.000,0.705
243000,0.361,0.000,0.639
243500,0.258,0.000,0.742
244000,0.210,0.000,0.790
244500,0.216,0.000,0.784
245000,0.336,0.000,0.664
245500,0.273,0.000,0.727
246000,0.282,0.000,0.718
246500,0.470,0.000,0.530
247000,0.281,0.000,0.719
247500,0.396,0.000,0.604
248000,0.343,0.000,0.657
248500,0.357,0.000,0.643
249000,0.467,0.000,0.533
249500,0.264,0.000,0.736
250000,0.270,0.000,0.730
250500,0.462,0.000,0.538
251000,0.413,0.000,0.587
251500,0.263,0.000,0.737
252000,0.448,0.000,0.552
252500,0.420,0.000,0.580
253000,0.247,0.000,0.753
253500,0.341,0.000,0.659
254000,0.365,0.000,0.635
254500,0.435,0.000,0.565
255000,0.297,0.000,0.703
255500,0.359,0.000,0.641
256000,0.310,0.000,0.690
256500,0.346,0.000,0.654
257000,0.412,0.000,0.588
257500,0.347,0.000,0.653
258000,0.272,0.000,0.728
258500,0.507,0.000,0.493
259000,0.443,0.000,0.557
259500,0.340,0.000,0.660
260000,0.224,0.000,0.776
260500,0.390,0.000,0.610
261000,0.293,0.000,0.707
261500,0.408,0.000,0.592
262000,0.428,0.000,0.572
262500,0.279,0.000,0.721
263000,0.270,0.000,0.730
263500,0.299,0.000,0.701
264000,0.314,0.000,0.686
264500,0.316,0.000,0.684
265000,0.276,0.000,0.724
265500,0.305,0.000,0.695
266000,0.315,0.000,0.685
266500,0.300,0.000,0.700
267000,0.470,0.000,0.530
267500,0.313,0.000,0.687
268000,0.453,0.000,0.547
268500,0.290,0.000,0.710
269000,0.292,0.000,0.708
269500,0.285,0.000,0.715
270000,0.426,0.000,0.574
270500,0.321,0.000,0.679
271000,0.287,0.000,0.713
271500,0.322,0.000,0.678
272000,0.323,0.000,0.677
272500,0.541,0.000,0.459
273000,0.521,0.000,0.479
273500,0.333,0.000,0.667
274000,0.270,0.000,0.730
274500,0.444,0.000,0.556
275000,0.338,0.000,0.662
275500,0.290,0.000,0.710
276000,0.453,0.000,0.547
276500,0.273,0.000,0.727
277000,0.333,0.000,0.667
277500,0.332,0.000,0.668
278000,0.211,0.000,0.789
278500,0.454,0.000,0.546
279000,0.364,0.000,0.636
279500,0.377,0.000,0.623
280000,0.372,0.000,0.628
280500,0.149,0.000,0.851
281000,0.335,0.000,0.665
281500,0.379,0.000,0.621
282000,0.273,0.000,0.727
282500,0.382,0.000,0.618
283000,0.254,0.000,0.746
283500,0.288,0.000,0.712
284000,0.624,0.000,0.376
284500,0.340,0.000,0.660
285000,0.309,0.000,0.691
285500,0.404,0.000,0.596
286000,0.257,0.000,0.743
286500,0.390,0.000,0.610
287000,0.214,0.000,0.786
287500,0.324,0.000,0.676
288000,0.200,0.000,0.800
288500,0.298,0.000,0.702
289000,0.163,0.000,0.837
289500,0.406,0.000,0.594
290000,0.346,0.000,0.654
290500,0.339,0.000,0.661
291000,0.353,0.000,0.647
291500,0.332,0.000,0.668
292000,0.341,0.000,0.659
292500,0.246,0.000,0.754
293000,0.377,0.000,0.623
293500,0.406,0.000,0.594
294000,0.304,0.000,0.696
294500,0.506,0.000,0.494
295000,0.262,0.000,0.738
295500,0.227,0.000,0.773
296000,0.249,0.000,0.751
296500,0.194,0.000,0.806
297000,0.422,0.000,0.578
297500,0.349,0.000,0.651
298000,0.352,0.000,0.648
298500,0.195,0.000,0.805
299000,0.314,0.000,0.686
299500,0.367,0.000,0.633
300000,0.180,0.000,0.820
300500,0.301,0.000,0.699
301000,0.435,0.000,0.565
301500,0.309,0.000,0.691
302000,0.506,0.000,0.494
302500,0.321,0.000,0.679
303000,0.248,0.000,0.752
303500,0.265,0.000,0.735
304000,0.401,0.000,0.599
304500,0.374,0.000,0.626
305000,0.380,0.000,0.620
305500,0.324,0.000,0.676
306000,0.306,0.000,0.694
306500,0.451,0.000,0.549
307000,0.367,0.000,0.633
307500,0.343,0.000,0.657
308000,0.350,0.000,0.650
308500,0.386,0.000,0.614
309000,0.273,0.000,0.727
309500,0.317,0.000,0.683
310000,0.196,0.000,0.804
310500,0.244,0.000,0.756
311000,0.440,0.000,0.560
311500,0.346,0.000,0.654
312000,0.425,0.000,0.575
312500,0.220,0.000,0.780
313000,0.266,0.000,0.734
313500,0.374,0.000,0.626
314000,0.236,0.000,0.764
314500,0.452,0.000,0.548
315000,0.295,0.000,0.705
315500,0.354,0.000,0.646
316000,0.323,0.000,0.677
316500,0.336,0.000,0.664
317000,0.316,0.000,0.684
317500,0.328,0.000,0.672
318000,0.190,0.000,0.810
318500,0.330,0.000,0.670
319000,0.336,0.000,0.664
319500,0.361,0.000,0.639
320000,0.216,0.000,0.784
320500,0.338,0.000,0.662
321000,0.403,0.000,0.597
321500,0.417,0.000,0.583
322000,0.285,0.000,0.715
322500,0.467,0.000,0.533
323000,0.265,0.000,0.735
323500,0.364,0.000,0.636
324000,0.398,0.000,0.602
324500,0.427,0.000,0.573
325000,0.366,0.000,0.634
325500,0.436,0.000,0.564
326000,0.218,0.000,0.782
326500,0.310,0.000,0.690
327000,0.229,0.005,0.766
327500,0.458,0.000,0.542
328000,0.285,0.000,0.715
328500,0.355,0.000,0.645
329000,0.293,0.000,0.707
329500,0.475,0.000,0.525
330000,0.392,0.000,0.608
330500,0.470,0.000,0.530
331000,0.394,0.000,0.606
331500,0.444,0.000,0.556
332000,0.396,0.000,0.604
332500,0.381,0.000,0.619
333000,0.401,0.000,0.599
333500,0.356,0.000,0.644
334000,0.404,0.000,0.596
334500,0.350,0.000,0.650
335000,0.376,0.000,0.624
335500,0.496,0.000,0.504
336000,0.244,0.000,0.756
336500,0.335,0.000,0.665
337000,0.372,0.000,0.628
337500,0.303,0.000,0.697
338000,0.361,0.000,0.639
338500,0.247,0.000,0.753
339000,0.593,0.000,0.407
339500,0.380,0.000,0.620
340000,0.394,0.000,0.606
340500,0.271,0.000,0.729
341000,0.450,0.000,0.550
341500,0.231,0.000,0.769
342000,0.446,0.000,0.554
342500,0.444,0.000,0.556
343000,0.340,0.000,0.660
343500,0.401,0.000,0.599
344000,0.270,0.000,0.730
344500,0.314,0.000,0.686
345000,0.268,0.000,0.732
345500,0.330,0.000,0.670
346000,0.271,0.000,0.729
346500,0.346,0.000,0.654
347000,0.485,0.000,0.515
347500,0.406,0.000,0.594
348000,0.365,0.000,0.635
348500,0.451,0.000,0.549
349000,0.495,0.000,0.505
349500,0.392,0.000,0.608
350000,0.426,0.000,0.574
350500,0.277,0.000,0.723
351000,0.280,0.000,0.720
351500,0.326,0.000,0.674
352000,0.417,0.000,0.583
352500,0.302,0.000,0.698
353000,0.279,0.000,0.721
353500,0.315,0.000,0.685
354000,0.444,0.000,0.556
354500,0.473,0.000,0.527
355000,0.292,0.000,0.708
355500,0.369,0.000,0.631
356000,0.249,0.000,0.751
356500,0.253,0.000,0.747
357000,0.423,0.000,0.577
357500,0.221,0.000,0.779
358000,0.246,0.000,0.754
358500,0.441,0.000,0.559
359000,0.375,0.000,0.625
359500,0.559,0.000,0.441
360000,0.470,0.000,0.530
360500,0.249,0.000,0.751
361000,0.362,0.000,0.638
361500,0.224,0.000,0.776
362000,0.387,0.000,0.613
362500,0.240,0.000,0.760
363000,0.235,0.000,0.765
363500,0.423,0.000,0.577
364000,0.260,0.000,0.740
364500,0.436,0.000,0.564
365000,0.380,0.000,0.620
365500,0.282,0.000,0.718
366000,0.299,0.000,0.701
366500,0.269,0.000,0.731
367000,0.219,0.000,0.781
367500,0.447,0.000,0.553
368000,0.217,0.000,0.783
368500,0.375,0.000,0.625
369000,0.218,0.000,0.782
369500,0.446,0.000,0.554
370000,0.436,0.000,0.564
370500,0.362,0.000,0.638
371000,0.523,0.000,0.477
371500,0.591,0.000,0.409
372000,0.365,0.000,0.635
372500,0.409,0.000,0.591
373000,0.377,0.000,0.623
373500,0.383,0.000,0.617
374000,0.296,0.000,0.704
374500,0.330,0.000,0.670
375000,0.250,0.000,0.750
375500,0.253,0.000,0.747
376000,0.327,0.000,0.673
376500,0.439,0.000,0.561
377000,0.395,0.000,0.605
377500,0.211,0.000,0.789
378000,0.238,0.000,0.762
378500,0.409,0.000,0.591
379000,0.479,0.000,0.521
379500,0.313,0.000,0.687
380000,0.187,0.000,0.813
380500,0.490,0.000,0.510
381000,0.419,0.000,0.581
381500,0.276,0.000,0.724
382000,0.351,0.000,0.649
382500,0.225,0.000,0.775
383000,0.536,0.000,0.464
383500,0.299,0.000,0.701
384000,0.313,0.000,0.687
384500,0.236,0.000,0.764
385000,0.351,0.000,0.649
385500,0.302,0.000,0.698
386000,0.348,0.000,0.652
386500,0.371,0.000,0.629
387000,0.413,0.000,0.587
387500,0.302,0.000,0.698
388000,0.288,0.000,0.712
388500,0.424,0.000,0.576
389000,0.200,0.000,0.800
389500,0.443,0.000,0.557
390000,0.303,0.000,0.697
390500,0.454,0.000,0.546
391000,0.323,0.000,0.677
391500,0.394,0.000,0.606
392000,0.249,0.000,0.751
392500,0.391,0.000,0.609
393000,0.354,0.000,0.646
393500,0.362,0.000,0.638
394000,0.405,0.000,0.595
394500,0.303,0.000,0.697
395000,0.260,0.000,0.740
395500,0.441,0.000,0.559
396000,0.211,0.000,0.789
396500,0.406,0.000,0.594
397000,0.234,0.000,0.766
397500,0.392,0.000,0.608
398000,0.575,0.000,0.425
398500,0.261,0.000,0.739
399000,0.281,0.000,0.719
399500,0.199,0.000,0.801
400000,0.314,0.000,0.686
400500,0.447,0.000,0.553
401000,0.527,0.000,0.473
401500,0.388,0.000,0.612
402000,0.331,0.000,0.669
402500,0.234,0.000,0.766
403000,0.240,0.000,0.760
403500,0.487,0.000,0.513
404000,0.281,0.000,0.719
404500,0.309,0.000,0.691
405000,0.363,0.000,0.637
405500,0.484,0.000,0.516
406000,0.338,0.000,0.662
406500,0.335,0.000,0.665
407000,0.311,0.000,0.689
407500,0.275,0.000,0.725
408000,0.403,0.000,0.597
408500,0.252,0.000,0.748
409000,0.255,0.000,0.745
409500,0.353,0.000,0.647
410000,0.371,0.000,0.629
410500,0.360,0.000,0.640
411000,0.237,0.000,0.763
411500,0.341,0.000,0.659
412000,0.326,0.000,0.674
412500,0.226,0.000,0.774
413000,0.238,0.000,0.762
413500,0.208,0.000,0.792
414000,0.247,0.000,0.753
414500,0.466,0.000,0.534
415000,0.517,0.000,0.483
415500,0.468,0.000,0.532
416000,0.299,0.000,0.701
416500,0.285,0.000,0.715
417000,0.382,0.000,0.618
417500,0.250,0.000,0.750
418000,0.330,0.000,0.670
418500,0.292,0.000,0.708
419000,0.430,0.000,0.570
419500,0.454,0.000,0.546
420000,0.380,0.000,0.620
420500,0.562,0.000,0.438
421000,0.439,0.000,0.561
421500,0.352,0.000,0.648
422000,0.437,0.000,0.563
422500,0.307,0.000,0.693
423000,0.268,0.000,0.732
423500,0.332,0.000,0.668
424000,0.353,0.000,0.647
424500,0.468,0.000,0.532
425000,0.268,0.000,0.732
425500,0.391,0.000,0.609
426000,0.377,0.000,0.623
426500,0.308,0.000,0.692
427000,0.256,0.000,0.744
427500,0.264,0.000,0.736
428000,0.296,0.000,0.704
428500,0.300,0.000,0.700
429000,0.304,0.000,0.696
429500,0.386,0.000,0.614
430000,0.478,0.000,0.522
430500,0.188,0.000,0.812
431000,0.479,0.000,0.521
431500,0.204,0.000,0.796
432000,0.388,0.000,0.612
432500,0.410,0.000,0.590
433000,0.418,0.000,0.582
433500,0.302,0.000,0.698
434000,0.368,0.000,0.632
434500,0.416,0.000,0.584
435000,0.413,0.000,0.587
435500,0.549,0.000,0.451
436000,0.341,0.000,0.659
436500,0.321,0.000,0.679
437000,0.350,0.000,0.650
437500,0.368,0.000,0.632
438000,0.370,0.000,0.630
438500,0.512,0.000,0.488
439000,0.259,0.000,0.741
439500,0.260,0.000,0.740
440000,0.313,0.000,0.687
440500,0.334,0.000,0.666
441000,0.363,0.000,0.637
441500,0.366,0.000,0.634
442000,0.417,0.000,0.583
442500,0.328,0.000,0.672
443000,0.263,0.000,0.737
443500,0.356,0.000,0.644
444000,0.226,0.000,0.774
444500,0.384,0.000,0.616
445000,0.405,0.000,0.595
445500,0.414,0.000,0.586
446000,0.317,0.000,0.683
446500,0.199,0.000,0.801
447000,0.416,0.000,0.584
447500,0.496,0.000,0.504
448000,0.267,0.000,0.733
448500,0.284,0.000,0.716
449000,0.391,0.000,0.609
449500,0.509,0.000,0.491
450000,0.245,0.000,0.755
450500,0.444,0.000,0.556
451000,0.413,0.000,0.587
451500,0.355,0.000,0.645
452000,0.279,0.000,0.721
452500,0.285,0.000,0.715
453000,0.317,0.000,0.683
453500,0.300,0.000,0.700
454000,0.389,0.000,0.611
454500,0.285,0.000,0.715
455000,0.584,0.000,0.416
455500,0.367,0.000,0.633
456000,0.387,0.000,0.613
456500,0.378,0.000,0.622
457000,0.436,0.000,0.564
457500,0.480,0.000,0.520
458000,0.298,0.000,0.702
458500,0.462,0.000,0.538
459000,0.401,0.000,0.599
459500,0.354,0.000,0.646
460000,0.330,0.000,0.670
460500,0.265,0.000,0.735
461000,0.307,0.000,0.693
461500,0.397,0.000,0.603
462000,0.262,0.000,0.738
462500,0.389,0.000,0.611
463000,0.316,0.000,0.684
463500,0.393,0.000,0.607
464000,0.367,0.000,0.633
464500,0.171,0.009,0.820
465000,0.338,0.000,0.662
465500,0.376,0.000,0.624
466000,0.439,0.000,0.561
466500,0.440,0.000,0.560
467000,0.316,0.000,0.684
467500,0.331,0.000,0.669
468000,0.346,0.000,0.654
468500,0.336,0.000,0.664
469000,0.379,0.000,0.621
469500,0.218,0.000,0.782
470000,0.371,0.000,0.629
470500,0.434,0.000,0.566
471000,0.340,0.000,0.660
471500,0.412,0.000,0.588
472000,0.389,0.000,0.611
472500,0.446,0.001,0.553
473000,0.261,0.000,0.739
473500,0.318,0.000,0.682
474000,0.425,0.000,0.575
474500,0.372,0.000,0.628
475000,0.455,0.000,0.545
475500,0.415,0.000,0.585
476000,0.402,0.000,0.598
476500,0.382,0.000,0.618
477000,0.441,0.000,0.559
477500,0.218,0.000,0.782
478000,0.373,0.000,0.627
478500,0.285,0.000,0.715
479000,0.455,0.000,0.545
479500,0.371,0.000,0.629
480000,0.380,0.000,0.620
480500,0.353,0.000,0.647
481000,0.375,0.000,0.625
481500,0.273,0.000,0.727
482000,0.268,0.000,0.732
482500,0.369,0.000,0.631
483000,0.415,0.000,0.585
483500,0.392,0.000,0.608
484000,0.249,0.000,0.751
484500,0.244,0.000,0.756
485000,0.295,0.000,0.705
485500,0.247,0.000,0.753
486000,0.257,0.000,0.743
486500,0.296,0.000,0.704
487000,0.281,0.000,0.719
487500,0.298,0.000,0.702
488000,0.283,0.000,0.717
488500,0.334,0.000,0.666
489000,0.325,0.000,0.675
489500,0.325,0.000,0.675
490000,0.447,0.000,0.553
490500,0.296,0.000,0.704
491000,0.297,0.000,0.703
491500,0.185,0.003,0.812
492000,0.392,0.000,0.608
492500,0.315,0.000,0.685
493000,0.364,0.000,0.636
493500,0.320,0.000,0.680
494000,0.477,0.000,0.523
494500,0.371,0.000,0.629
495000,0.421,0.000,0.579
495500,0.311,0.000,0.689
496000,0.478,0.000,0.522
496500,0.306,0.000,0.694
497000,0.382,0.000,0.618
497500,0.277,0.000,0.723
498000,0.353,0.000,0.647
498500,0.376,0.000,0.624
499000,0.382,0.000,0.618
499500,0.328,0.000,0.672
500000,0.501,0.000,0.499
500500,0.145,0.000,0.855
501000,0.444,0.000,0.556
501500,0.323,0.000,0.677
502000,0.328,0.000,0.672
502500,0.252,0.000,0.748
503000,0.495,0.000,0.505
503500,0.400,0.000,0.600
504000,0.438,0.000,0.562
504500,0.354,0.000,0.646
505000,0.231,0.000,0.769
505500,0.452,0.000,0.548
506000,0.300,0.000,0.700
506500,0.380,0.000,0.620
507000,0.321,0.000,0.679
507500,0.308,0.025,0.667
508000,0.509,0.000,0.491
508500,0.241,0.000,0.759
509000,0.367,0.000,0.633
509500,0.299,0.000,0.701
510000,0.413,0.000,0.587
510500,0.394,0.000,0.606
511000,0.492,0.000,0.508
511500,0.272,0.000,0.728
512000,0.422,0.000,0.578
512500,0.256,0.000,0.744
513000,0.313,0.000,0.687
513500,0.133,0.000,0.867
514000,0.242,0.000,0.758
514500,0.162,0.000,0.838
515000,0.278,0.000,0.722
515500,0.219,0.000,0.781
516000,0.283,0.000,0.717
516500,0.371,0.000,0.629
517000,0.373,0.000,0.627
517500,0.174,0.000,0.826
518000,0.435,0.000,0.565
518500,0.473,0.000,0.527
519000,0.385,0.000,0.615
519500,0.526,0.000,0.474
520000,0.587,0.000,0.413
520500,0.407,0.000,0.593
521000,0.247,0.000,0.753
521500,0.385,0.000,0.615
522000,0.392,0.000,0.608
522500,0.249,0.000,0.751
523000,0.330,0.000,0.670
523500,0.316,0.000,0.684
524000,0.508,0.000,0.492
524500,0.366,0.000,0.634
525000,0.181,0.000,0.819
525500,0.329,0.000,0.671
526000,0.279,0.000,0.721
526500,0.371,0.000,0.629
527000,0.346,0.000,0.654
527500,0.360,0.000,0.640
528000,0.232,0.000,0.768
528500,0.303,0.000,0.697
529000,0.329,0.000,0.671
529500,0.322,0.000,0.678
530000,0.251,0.000,0.749
530500,0.599,0.000,0.401
531000,0.320,0.000,0.680
531500,0.290,0.000,0.710
532000,0.214,0.000,0.786
532500,0.256,0.000,0.744
533000,0.433,0.000,0.567
533500,0.319,0.000,0.681
534000,0.422,0.000,0.578
534500,0.299,0.000,0.701
535000,0.358,0.000,0.642
535500,0.416,0.000,0.584
536000,0.255,0.000,0.745
536500,0.429,0.000,0.571
537000,0.353,0.000,0.647
537500,0.288,0.000,0.712
538000,0.395,0.000,0.605
538500,0.256,0.000,0.744
539000,0.322,0.000,0.678
539500,0.379,0.000,0.621
540000,0.329,0.000,0.671
540500,0.333,0.000,0.667
541000,0.537,0.000,0.463
541500,0.318,0.000,0.682
542000,0.211,0.000,0.789
542500,0.280,0.000,0.720
543000,0.245,0.000,0.755
543500,0.456,0.000,0.544
544000,0.351,0.000,0.649
544500,0.361,0.000,0.639
545000,0.242,0.000,0.758
545500,0.386,0.000,0.614
546000,0.293,0.000,0.707
546500,0.330,0.000,0.670
547000,0.392,0.000,0.608
547500,0.371,0.000,0.629
548000,0.388,0.000,0.612
548500,0.594,0.000,0.406
549000,0.352,0.000,0.648
549500,0.211,0.000,0.789
550000,0.348,0.000,0.652
550500,0.266,0.000,0.734
551000,0.356,0.000,0.644
551500,0.350,0.000,0.650
552000,0.307,0.000,0.693
552500,0.339,0.000,0.661
553000,0.399,0.000,0.601
553500,0.440,0.000,0.560
554000,0.283,0.000,0.717
554500,0.301,0.000,0.699
555000,0.395,0.000,0.605
555500,0.321,0.000,0.679
556000,0.392,0.000,0.608
556500,0.344,0.000,0.656
557000,0.243,0.000,0.757
557500,0.277,0.000,0.723
558000,0.354,0.000,0.646
558500,0.297,0.000,0.703
559000,0.450,0.000,0.550
559500,0.191,0.000,0.809
560000,0.431,0.000,0.569
560500,0.196,0.000,0.804
561000,0.171,0.000,0.829
561500,0.234,0.000,0.766
562000,0.313,0.000,0.687
562500,0.349,0.000,0.651
563000,0.479,0.000,0.521
563500,0.182,0.000,0.818
564000,0.356,0.000,0.644
564500,0.265,0.000,0.735
565000,0.325,0.000,0.675
565500,0.343,0.000,0.657
566000,0.325,0.000,0.675
566500,0.367,0.000,0.633
567000,0.336,0.000,0.664
567500,0.318,0.000,0.682
568000,0.347,0.000,0.653
568500,0.566,0.000,0.434
569000,0.301,0.000,0.699
569500,0.408,0.000,0.592
570000,0.392,0.000,0.608
570500,0.536,0.000,0.464
571000,0.414,0.000,0.586
571500,0.378,0.000,0.622
572000,0.176,0.000,0.824
572500,0.244,0.000,0.756
573000,0.429,0.000,0.571
573500,0.425,0.000,0.575
574000,0.377,0.000,0.623
574500,0.332,0.000,0.668
575000,0.356,0.000,0.644
575500,0.363,0.000,0.637
576000,0.392,0.000,0.608
576500,0.454,0.000,0.546
577000,0.363,0.000,0.637
577500,0.223,0.000,0.777
578000,0.274,0.000,0.726
578500,0.334,0.000,0.666
579000,0.451,0.000,0.549
579500,0.401,0.000,0.599
580000,0.343,0.000,0.657
580500,0.317,0.000,0.683
581000,0.303,0.000,0.697
581500,0.466,0.000,0.534
582000,0.420,0.000,0.580
582500,0.431,0.000,0.569
583000,0.258,0.000,0.742
583500,0.465,0.000,0.535
584000,0.321,0.000,0.679
584500,0.325,0.000,0.675
585000,0.384,0.000,0.616
585500,0.410,0.000,0.590
586000,0.519,0.000,0.481
586500,0.329,0.000,0.671
587000,0.265,0.000,0.735
587500,0.337,0.000,0.663
588000,0.451,0.000,0.549
588500,0.303,0.000,0.697
589000,0.343,0.000,0.657
589500,0.349,0.000,0.651
590000,0.310,0.000,0.690
590500,0.246,0.000,0.754
591000,0.413,0.000,0.587
591500,0.188,0.000,0.812
592000,0.486,0.000,0.514
592500,0.253,0.000,0.747
593000,0.323,0.000,0.677
593500,0.438,0.000,0.562
594000,0.406,0.000,0.594
594500,0.408,0.000,0.592
595000,0.317,0.000,0.683
595500,0.281,0.000,0.719
596000,0.303,0.000,0.697
596500,0.164,0.000,0.836
597000,0.497,0.000,0.503
597500,0.294,0.000,0.706
598000,0.328,0.000,0.672
598500,0.406,0.000,0.594
599000,0.397,0.000,0.603
599500,0.326,0.000,0.674
600000,0.334,0.000,0.666
600500,0.371,0.000,0.629
601000,0.401,0.000,0.599
601500,0.433,0.000,0.567
602000,0.352,0.000,0.648
602500,0.295,0.000,0.705
603000,0.311,0.000,0.689
603500,0.321,0.000,0.679
604000,0.435,0.000,0.565
604500,0.300,0.000,0.700
605000,0.384,0.000,0.616
605500,0.423,0.000,0.577
606000,0.339,0.000,0.661
606500,0.532,0.000,0.468
607000,0.308,0.000,0.692
607500,0.152,0.050,0.798
608000,0.321,0.000,0.679
608500,0.252,0.000,0.748
609000,0.355,0.000,0.645
609500,0.353,0.000,0.647
610000,0.224,0.000,0.776
610500,0.461,0.000,0.539
611000,0.393,0.000,0.607
611500,0.419,0.000,0.581
612000,0.331,0.000,0.669
612500,0.420,0.000,0.580
613000,0.363,0.000,0.637
613500,0.413,0.000,0.587
614000,0.369,0.000,0.631
614500,0.308,0.000,0.692
615000,0.385,0.000,0.615
615500,0.272,0.000,0.728
616000,0.320,0.000,0.680
616500,0.313,0.000,0.687
617000,0.435,0.000,0.565
617500,0.502,0.000,0.498
618000,0.608,0.000,0.392
618500,0.556,0.000,0.444
619000,0.294,0.000,0.706
619500,0.357,0.000,0.643
620000,0.307,0.000,0.693
620500,0.363,0.000,0.637
621000,0.260,0.000,0.740
621500,0.317,0.000,0.683
622000,0.301,0.000,0.699
622500,0.273,0.000,0.727
623000,0.428,0.000,0.572
623500,0.251,0.000,0.749
624000,0.135,0.000,0.865
624500,0.315,0.000,0.685
625000,0.493,0.000,0.507
625500,0.319,0.000,0.681
626000,0.365,0.000,0.635
626500,0.319,0.000,0.681
627000,0.427,0.000,0.573
627500,0.499,0.000,0.501
628000,0.255,0.000,0.745
628500,0.514,0.000,0.486
629000,0.394,0.000,0.606
629500,0.381,0.000,0.619
630000,0.315,0.000,0.685
630500,0.262,0.000,0.738
631000,0.325,0.000,0.675
631500,0.289,0.000,0.711
632000,0.513,0.000,0.487
632500,0.332,0.000,0.668
633000,0.295,0.000,0.705
633500,0.359,0.000,0.641
634000,0.425,0.000,0.575
634500,0.244,0.000,0.756
635000,0.391,0.000,0.609
635500,0.381,0.000,0.619
636000,0.336,0.000,0.664
636500,0.415,0.000,0.585
637000,0.484,0.000,0.516
637500,0.432,0.000,0.568
638000,0.146,0.000,0.854
638500,0.251,0.000,0.749
639000,0.342,0.000,0.658
639500,0.286,0.000,0.714
640000,0.231,0.000,0.769
640500,0.360,0.000,0.640
641000,0.372,0.000,0.628
641500,0.200,0.000,0.800
642000,0.354,0.000,0.646
642500,0.394,0.000,0.606
643000,0.338,0.000,0.662
643500,0.280,0.000,0.720
644000,0.335,0.000,0.665
644500,0.398,0.000,0.602
645000,0.321,0.000,0.679
645500,0.492,0.000,0.508
646000,0.291,0.000,0.709
646500,0.221,0.000,0.779
647000,0.349,0.000,0.651
647500,0.346,0.000,0.654
648000,0.408,0.000,0.592
648500,0.367,0.000,0.633
649000,0.392,0.000,0.608
649500,0.287,0.000,0.713
650000,0.254,0.000,0.746
650500,0.404,0.000,0.596
651000,0.257,0.000,0.743
651500,0.297,0.000,0.703
652000,0.254,0.000,0.746
652500,0.267,0.000,0.733
653000,0.336,0.000,0.664
653500,0.490,0.000,0.510
654000,0.411,0.000,0.589
654500,0.384,0.000,0.616
655000,0.319,0.000,0.681
655500,0.352,0.000,0.648
656000,0.250,0.000,0.750
656500,0.291,0.000,0.709
657000,0.252,0.000,0.748
657500,0.345,0.000,0.655
658000,0.248,0.000,0.752
658500,0.399,0.000,0.601
659000,0.536,0.000,0.464
659500,0.322,0.000,0.678
660000,0.343,0.000,0.657
660500,0.329,0.000,0.671
661000,0.410,0.000,0.590
661500,0.219,0.000,0.781
662000,0.402,0.000,0.598
662500,0.195,0.000,0.805
663000,0.398,0.000,0.602
663500,0.239,0.000,0.761
664000,0.334,0.000,0.666
664500,0.285,0.000,0.715
665000,0.271,0.000,0.729
665500,0.328,0.000,0.672
666000,0.314,0.000,0.686
666500,0.340,0.000,0.660
667000,0.438,0.000,0.562
667500,0.307,0.000,0.693
668000,0.287,0.000,0.713
668500,0.322,0.000,0.678
669000,0.275,0.000,0.725
669500,0.425,0.000,0.575
670000,0.389,0.000,0.611
670500,0.334,0.000,0.666
671000,0.377,0.000,0.623
671500,0.299,0.000,0.701
672000,0.236,0.000,0.764
672500,0.269,0.000,0.731
673000,0.245,0.000,0.755
673500,0.420,0.000,0.580
674000,0.508,0.000,0.492
674500,0.402,0.000,0.598
675000,0.333,0.000,0.667
675500,0.432,0.000,0.568
676000,0.281,0.003,0.716
676500,0.440,0.000,0.560
677000,0.378,0.000,0.622
677500,0.304,0.000,0.696
678000,0.268,0.000,0.732
678500,0.387,0.000,0.613
679000,0.232,0.000,0.768
679500,0.238,0.000,0.762
680000,0.430,0.000,0.570
680500,0.218,0.000,0.782
681000,0.397,0.000,0.603
681500,0.235,0.000,0.765
682000,0.238,0.000,0.762
682500,0.450,0.000,0.550
683000,0.607,0.000,0.393
683500,0.382,0.000,0.618
684000,0.369,0.000,0.631
684500,0.317,0.000,0.683
685000,0.351,0.000,0.649
685500,0.428,0.000,0.572
686000,0.310,0.000,0.690
686500,0.275,0.000,0.725
687000,0.369,0.000,0.631
687500,0.294,0.000,0.706
688000,0.444,0.000,0.556
688500,0.325,0.000,0.675
689000,0.342,0.000,0.658
689500,0.402,0.000,0.598
690000,0.425,0.000,0.575
690500,0.381,0.000,0.619
691000,0.380,0.000,0.620
691500,0.343,0.000,0.657
692000,0.442,0.000,0.558
692500,0.340,0.000,0.660
693000,0.404,0.000,0.596
693500,0.426,0.000,0.574
694000,0.453,0.000,0.547
694500,0.290,0.000,0.710
695000,0.254,0.000,0.746
695500,0.211,0.000,0.789
696000,0.394,0.000,0.606
696500,0.344,0.000,0.656
697000,0.333,0.000,0.667
697500,0.320,0.000,0.680
698000,0.356,0.000,0.644
698500,0.197,0.000,0.803
699000,0.365,0.000,0.635
699500,0.271,0.000,0.729
700000,0.346,0.000,0.654
700500,0.497,0.000,0.503
701000,0.295,0.000,0.705
701500,0.447,0.000,0.553
702000,0.352,0.000,0.648
702500,0.460,0.000,0.540
703000,0.347,0.000,0.653
703500,0.284,0.000,0.716
704000,0.298,0.000,0.702
704500,0.401,0.000,0.599
705000,0.345,0.000,0.655
705500,0.219,0.000,0.781
706000,0.331,0.000,0.669
706500,0.302,0.000,0.698
707000,0.333,0.000,0.667
707500,0.277,0.000,0.723
708000,0.395,0.000,0.605
708500,0.399,0.000,0.601
709000,0.224,0.000,0.776
709500,0.395,0.000,0.605
710000,0.361,0.000,0.639
710500,0.408,0.000,0.592
711000,0.305,0.000,0.695
711500,0.374,0.000,0.626
712000,0.362,0.000,0.638
712500,0.256,0.000,0.744
713000,0.353,0.000,0.647
713500,0.294,0.000,0.706
714000,0.217,0.000,0.783
714500,0.362,0.000,0.638
715000,0.210,0.000,0.790
715500,0.315,0.000,0.685
716000,0.263,0.000,0.737
716500,0.414,0.000,0.586
717000,0.278,0.000,0.722
717500,0.498,0.000,0.502
718000,0.348,0.000,0.652
718500,0.281,0.000,0.719
719000,0.373,0.000,0.627
719500,0.724,0.000,0.276
720000,0.292,0.000,0.708
720500,0.385,0.000,0.615
721000,0.378,0.000,0.622
721500,0.261,0.000,0.739
722000,0.396,0.000,0.604
722500,0.391,0.000,0.609
723000,0.296,0.000,0.704
723500,0.215,0.000,0.785
724000,0.340,0.000,0.660
724500,0.313,0.000,0.687
725000,0.253,0.000,0.747
725500,0.309,0.000,0.691
726000,0.392,0.000,0.608
726500,0.245,0.000,0.755
727000,0.308,0.000,0.692
727500,0.321,0.000,0.679
728000,0.349,0.000,0.651
728500,0.422,0.000,0.578
729000,0.318,0.000,0.682
729500,0.325,0.000,0.675
730000,0.259,0.000,0.741
730500,0.377,0.000,0.623
731000,0.347,0.000,0.653
731500,0.419,0.000,0.581
732000,0.362,0.000,0.638
732500,0.262,0.000,0.738
733000,0.370,0.000,0.630
733500,0.283,0.000,0.717
734000,0.276,0.000,0.724
734500,0.317,0.000,0.683
735000,0.254,0.000,0.746
735500,0.376,0.000,0.624
736000,0.325,0.000,0.675
736500,0.367,0.000,0.633
737000,0.205,0.000,0.795
737500,0.351,0.000,0.649
738000,0.494,0.000,0.506
738500,0.417,0.000,0.583
739000,0.395,0.000,0.605
739500,0.269,0.000,0.731
740000,0.380,0.000,0.620
740500,0.218,0.000,0.782
741000,0.288,0.000,0.712
741500,0.503,0.000,0.497
742000,0.389,0.000,0.611
742500,0.273,0.000,0.727
743000,0.459,0.000,0.541
743500,0.246,0.000,0.754
744000,0.263,0.000,0.737
744500,0.200,0.000,0.800
745000,0.427,0.000,0.573
745500,0.300,0.000,0.700
746000,0.370,0.000,0.630
746500,0.323,0.000,0.677
747000,0.328,0.000,0.672
747500,0.356,0.000,0.644
748000,0.586,0.000,0.414
748500,0.284,0.000,0.716
749000,0.307,0.000,0.693
749500,0.455,0.000,0.545
750000,0.399,0.000,0.601
750500,0.370,0.000,0.630
751000,0.266,0.000,0.734
751500,0.364,0.000,0.636
752000,0.347,0.000,0.653
752500,0.255,0.000,0.745
753000,0.235,0.000,0.765
753500,0.253,0.000,0.747
754000,0.363,0.000,0.637
754500,0.260,0.000,0.740
755000,0.324,0.000,0.676
755500,0.284,0.000,0.716
756000,0.418,0.000,0.582
756500,0.191,0.000,0.809
757000,0.379,0.000,0.621
757500,0.422,0.000,0.578
758000,0.377,0.000,0.623
758500,0.400,0.000,0.600
759000,0.314,0.000,0.686
759500,0.349,0.000,0.651
760000,0.321,0.000,0.679
760500,0.388,0.000,0.612
761000,0.241,0.000,0.759
761500,0.287,0.000,0.713
762000,0.328,0.000,0.672
762500,0.458,0.000,0.542
763000,0.485,0.000,0.515
763500,0.321,0.000,0.679
764000,0.232,0.000,0.768
764500,0.422,0.000,0.578
765000,0.391,0.000,0.609
765500,0.524,0.000,0.476
766000,0.324,0.000,0.676
766500,0.457,0.000,0.543
767000,0.460,0.000,0.540
767500,0.401,0.000,0.599
768000,0.407,0.000,0.593
768500,0.355,0.000,0.645
769000,0.216,0.000,0.784
769500,0.179,0.000,0.821
770000,0.323,0.000,0.677
770500,0.327,0.000,0.673
771000,0.612,0.000,0.388
771500,0.413,0.000,0.587
772000,0.525,0.000,0.475
772500,0.428,0.000,0.572
773000,0.323,0.000,0.677
773500,0.182,0.000,0.818
774000,0.252,0.000,0.748
774500,0.369,0.000,0.631
775000,0.321,0.000,0.679
775500,0.391,0.000,0.609
776000,0.492,0.000,0.508
776500,0.418,0.000,0.582
777000,0.328,0.000,0.672
777500,0.355,0.000,0.645
778000,0.260,0.000,0.740
778500,0.408,0.000,0.592
779000,0.546,0.000,0.454
779500,0.325,0.000,0.675
780000,0.361,0.000,0.639
780500,0.354,0.000,0.646
781000,0.381,0.000,0.619
781500,0.358,0.000,0.642
782000,0.413,0.000,0.587
782500,0.312,0.000,0.688
783000,0.501,0.000,0.499
783500,0.492,0.000,0.508
784000,0.561,0.000,0.439
784500,0.418,0.000,0.582
785000,0.356,0.000,0.644
785500,0.535,0.000,0.465
786000,0.319,0.000,0.681
786500,0.251,0.000,0.749
787000,0.300,0.000,0.700
787500,0.192,0.000,0.808
788000,0.469,0.000,0.531
788500,0.360,0.000,0.640
789000,0.368,0.000,0.632
789500,0.431,0.000,0.569
790000,0.369,0.000,0.631
790500,0.276,0.000,0.724
791000,0.328,0.000,0.672
791500,0.302,0.000,0.698
792000,0.409,0.000,0.591
792500,0.379,0.000,0.621
793000,0.292,0.001,0.707
793500,0.330,0.000,0.670
794000,0.347,0.000,0.653
794500,0.388,0.000,0.612
795000,0.234,0.000,0.766
795500,0.368,0.000,0.632
796000,0.371,0.000,0.629
796500,0.316,0.000,0.684
797000,0.396,0.000,0.604
797500,0.234,0.000,0.766
798000,0.348,0.000,0.652
798500,0.528,0.000,0.472
799000,0.348,0.000,0.652
799500,0.367,0.000,0.633
800000,0.396,0.000,0.604
800500,0.378,0.000,0.622
801000,0.344,0.000,0.656
801500,0.424,0.000,0.576
802000,0.482,0.000,0.518
802500,0.318,0.000,0.682
803000,0.209,0.000,0.791
803500,0.429,0.000,0.571
804000,0.339,0.000,0.661
804500,0.401,0.000,0.599
805000,0.353,0.000,0.647
805500,0.464,0.000,0.536
806000,0.593,0.000,0.407
806500,0.301,0.000,0.699
807000,0.159,0.000,0.841
807500,0.205,0.000,0.795
808000,0.370,0.000,0.630
808500,0.346,0.000,0.654
809000,0.486,0.000,0.514
809500,0.424,0.000,0.576
810000,0.283,0.000,0.717
810500,0.406,0.000,0.594
811000,0.508,0.000,0.492
811500,0.298,0.000,0.702
812000,0.277,0.000,0.723
812500,0.256,0.000,0.744
813000,0.383,0.000,0.617
813500,0.345,0.000,0.655
814000,0.382,0.000,0.618
814500,0.359,0.000,0.641
815000,0.387,0.000,0.613
815500,0.496,0.000,0.504
816000,0.310,0.000,0.690
816500,0.332,0.000,0.668
817000,0.267,0.000,0.733
817500,0.288,0.000,0.712
818000,0.268,0.000,0.732
818500,0.255,0.000,0.745
819000,0.388,0.000,0.612
819500,0.289,0.000,0.711
820000,0.264,0.000,0.736
820500,0.433,0.000,0.567
821000,0.426,0.000,0.574
821500,0.441,0.000,0.559
822000,0.447,0.000,0.553
822500,0.365,0.000,0.635
823000,0.452,0.000,0.548
823500,0.487,0.000,0.513
824000,0.221,0.000,0.779
824500,0.164,0.000,0.836
825000,0.301,0.000,0.699
825500,0.277,0.000,0.723
826000,0.356,0.000,0.644
826500,0.436,0.000,0.564
827000,0.292,0.000,0.708
827500,0.230,0.000,0.770
828000,0.320,0.000,0.680
828500,0.461,0.000,0.539
829000,0.307,0.000,0.693
829500,0.433,0.000,0.567
830000,0.238,0.000,0.762
830500,0.227,0.000,0.773
831000,0.353,0.000,0.647
831500,0.380,0.000,0.620
832000,0.359,0.000,0.641
832500,0.314,0.000,0.686
833000,0.516,0.000,0.484
833500,0.400,0.000,0.600
834000,0.365,0.000,0.635
834500,0.385,0.000,0.615
835000,0.278,0.000,0.722
835500,0.297,0.000,0.703
836000,0.233,0.000,0.767
836500,0.509,0.000,0.491
837000,0.232,0.000,0.768
837500,0.338,0.000,0.662
838000,0.387,0.000,0.613
838500,0.341,0.000,0.659
839000,0.382,0.000,0.618
839500,0.303,0.000,0.697
840000,0.250,0.000,0.750
840500,0.391,0.000,0.609
841000,0.294,0.000,0.706
841500,0.434,0.000,0.566
842000,0.347,0.000,0.653
842500,0.410,0.000,0.590
843000,0.358,0.000,0.642
843500,0.229,0.000,0.771
844000,0.439,0.000,0.561
844500,0.225,0.000,0.775
845000,0.201,0.000,0.799
845500,0.245,0.000,0.755
846000,0.298,0.000,0.702
846500,0.313,0.000,0.687
847000,0.303,0.000,0.697
847500,0.096,0.000,0.904
848000,0.365,0.000,0.635
848500,0.312,0.000,0.688
849000,0.353,0.000,0.647
849500,0.305,0.000,0.695
850000,0.314,0.000,0.686
850500,0.335,0.000,0.665
851000,0.418,0.000,0.582
851500,0.314,0.000,0.686
852000,0.204,0.000,0.796
852500,0.428,0.000,0.572
853000,0.265,0.000,0.735
853500,0.419,0.000,0.581
854000,0.378,0.000,0.622
854500,0.316,0.000,0.684
855000,0.269,0.000,0.731
855500,0.173,0.000,0.827
856000,0.556,0.000,0.444
856500,0.355,0.000,0.645
857000,0.406,0.000,0.594
857500,0.250,0.000,0.750
858000,0.249,0.000,0.751
858500,0.243,0.000,0.757
859000,0.353,0.000,0.647
859500,0.298,0.000,0.702
860000,0.348,0.000,0.652
860500,0.286,0.000,0.714
861000,0.397,0.000,0.603
861500,0.357,0.000,0.643
862000,0.333,0.000,0.667
862500,0.534,0.000,0.466
863000,0.376,0.000,0.624
863500,0.391,0.000,0.609
864000,0.334,0.000,0.666
864500,0.240,0.000,0.760
865000,0.297,0.000,0.703
865500,0.347,0.000,0.653
866000,0.250,0.000,0.750
866500,0.261,0.000,0.739
867000,0.233,0.000,0.767
867500,0.279,0.000,0.721
868000,0.383,0.000,0.617
868500,0.268,0.000,0.732
869000,0.331,0.000,0.669
869500,0.335,0.000,0.665
870000,0.148,0.000,0.852
870500,0.403,0.000,0.597
871000,0.198,0.000,0.802
871500,0.212,0.000,0.788
872000,0.292,0.000,0.708
872500,0.275,0.000,0.725
873000,0.372,0.000,0.628
873500,0.361,0.000,0.639
874000,0.335,0.000,0.665
874500,0.304,0.000,0.696
875000,0.282,0.000,0.718
875500,0.356,0.000,0.644
876000,0.340,0.000,0.660
876500,0.392,0.000,0.608
877000,0.318,0.000,0.682
877500,0.436,0.000,0.564
878000,0.200,0.000,0.800
878500,0.435,0.000,0.565
879000,0.384,0.000,0.616
879500,0.211,0.000,0.789
880000,0.482,0.000,0.518
880500,0.146,0.000,0.854
881000,0.284,0.000,0.716
881500,0.397,0.000,0.603
882000,0.448,0.000,0.552
882500,0.240,0.000,0.760
883000,0.263,0.000,0.737
883500,0.273,0.000,0.727
884000,0.256,0.000,0.744
884500,0.252,0.000,0.748
885000,0.325,0.000,0.675
885500,0.261,0.000,0.739
886000,0.291,0.000,0.709
886500,0.400,0.000,0.600
887000,0.245,0.000,0.755
887500,0.339,0.000,0.661
888000,0.407,0.000,0.593
888500,0.315,0.000,0.685
889000,0.242,0.000,0.758
889500,0.358,0.000,0.642
890000,0.300,0.000,0.700
890500,0.454,0.000,0.546
891000,0.256,0.000,0.744
891500,0.415,0.000,0.585
892000,0.416,0.000,0.584
892500,0.296,0.000,0.704
893000,0.468,0.000,0.532
893500,0.278,0.000,0.722
894000,0.331,0.000,0.669
894500,0.369,0.000,0.631
895000,0.384,0.000,0.616
895500,0.434,0.000,0.566
896000,0.321,0.000,0.679
896500,0.238,0.000,0.762
897000,0.295,0.000,0.705
897500,0.579,0.000,0.421
898000,0.459,0.000,0.541
898500,0.307,0.000,0.693
899000,0.304,0.000,0.696
899500,0.334,0.000,0.666
900000,0.343,0.000,0.657
900500,0.325,0.000,0.675
901000,0.364,0.000,0.636
901500,0.293,0.000,0.707
902000,0.338,0.000,0.662
902500,0.412,0.000,0.588
903000,0.395,0.000,0.605
903500,0.314,0.000,0.686
904000,0.425,0.000,0.575
904500,0.235,0.000,0.765
905000,0.474,0.000,0.526
905500,0.376,0.000,0.624
906000,0.379,0.000,0.621
906500,0.351,0.000,0.649
907000,0.255,0.000,0.745
907500,0.256,0.000,0.744
908000,0.515,0.000,0.485
908500,0.270,0.000,0.730
909000,0.300,0.000,0.700
909500,0.359,0.000,0.641
910000,0.433,0.000,0.567
910500,0.283,0.000,0.717
911000,0.307,0.000,0.693
911500,0.337,0.000,0.663
912000,0.179,0.000,0.821
912500,0.304,0.000,0.696
913000,0.230,0.000,0.770
913500,0.355,0.000,0.645
914000,0.415,0.000,0.585
914500,0.339,0.000,0.661
915000,0.305,0.000,0.695
915500,0.232,0.000,0.768
916000,0.259,0.000,0.741
916500,0.342,0.000,0.658
917000,0.377,0.000,0.623
917500,0.449,0.000,0.551
918000,0.445,0.000,0.555
918500,0.158,0.000,0.842
919000,0.301,0.000,0.699
919500,0.396,0.000,0.604
920000,0.284,0.000,0.716
920500,0.396,0.000,0.604
921000,0.410,0.000,0.590
921500,0.338,0.000,0.662
922000,0.315,0.000,0.685
922500,0.340,0.000,0.660
923000,0.432,0.000,0.568
923500,0.368,0.000,0.632
924000,0.466,0.000,0.534
924500,0.232,0.000,0.768
925000,0.332,0.000,0.668
925500,0.380,0.000,0.620
926000,0.163,0.000,0.837
926500,0.411,0.000,0.589
927000,0.400,0.000,0.600
927500,0.395,0.000,0.605
928000,0.229,0.000,0.771
928500,0.324,0.000,0.676
929000,0.421,0.000,0.579
929500,0.466,0.000,0.534
930000,0.460,0.000,0.540
930500,0.434,0.000,0.566
931000,0.550,0.000,0.450
931500,0.279,0.000,0.721
932000,0.457,0.000,0.543
932500,0.348,0.000,0.652
933000,0.318,0.000,0.682
933500,0.382,0.000,0.618
934000,0.220,0.000,0.780
934500,0.362,0.000,0.638
935000,0.310,0.000,0.690
935500,0.420,0.000,0.580
936000,0.340,0.000,0.660
936500,0.258,0.000,0.742
937000,0.270,0.000,0.730
937500,0.493,0.000,0.507
938000,0.313,0.000,0.687
938500,0.245,0.000,0.755
939000,0.209,0.000,0.791
939500,0.336,0.000,0.664
940000,0.409,0.000,0.591
940500,0.337,0.000,0.663
941000,0.307,0.000,0.693
941500,0.298,0.000,0.702
942000,0.308,0.000,0.692
942500,0.392,0.000,0.608
943000,0.330,0.000,0.670
943500,0.392,0.000,0.608
944000,0.422,0.000,0.578
944500,0.240,0.000,0.760
945000,0.337,0.000,0.663
945500,0.376,0.000,0.624
946000,0.364,0.000,0.636
946500,0.422,0.000,0.578
947000,0.235,0.000,0.765
947500,0.278,0.000,0.722
948000,0.274,0.000,0.726
948500,0.311,0.000,0.689
949000,0.328,0.000,0.672
949500,0.291,0.000,0.709
950000,0.394,0.000,0.606
950500,0.461,0.000,0.539
951000,0.333,0.000,0.667
951500,0.406,0.000,0.594
952000,0.363,0.000,0.637
952500,0.302,0.000,0.698
953000,0.353,0.000,0.647
953500,0.220,0.000,0.780
954000,0.351,0.000,0.649
954500,0.250,0.000,0.750
955000,0.315,0.000,0.685
955500,0.378,0.000,0.622
956000,0.184,0.000,0.816
956500,0.366,0.000,0.634
957000,0.224,0.000,0.776
957500,0.226,0.000,0.774
958000,0.460,0.000,0.540
958500,0.242,0.000,0.758
959000,0.440,0.000,0.560
959500,0.360,0.000,0.640
960000,0.325,0.000,0.675
960500,0.302,0.000,0.698
961000,0.233,0.000,0.767
961500,0.455,0.000,0.545
962000,0.334,0.000,0.666
962500,0.313,0.000,0.687
963000,0.452,0.000,0.548
963500,0.386,0.000,0.614
964000,0.449,0.000,0.551
964500,0.368,0.000,0.632
965000,0.258,0.000,0.742
965500,0.363,0.000,0.637
966000,0.429,0.000,0.571
966500,0.160,0.000,0.840
967000,0.275,0.000,0.725
967500,0.365,0.000,0.635
968000,0.258,0.000,0.742
968500,0.356,0.000,0.644
969000,0.348,0.000,0.652
969500,0.269,0.000,0.731
970000,0.269,0.000,0.731
970500,0.504,0.000,0.496
971000,0.355,0.000,0.645
971500,0.375,0.000,0.625
972000,0.299,0.000,0.701
972500,0.355,0.000,0.645
973000,0.508,0.000,0.492
973500,0.219,0.000,0.781
974000,0.207,0.000,0.793
974500,0.483,0.000,0.517
975000,0.416,0.000,0.584
975500,0.392,0.000,0.608
976000,0.378,0.000,0.622
976500,0.270,0.000,0.730
977000,0.438,0.000,0.562
977500,0.341,0.000,0.659
978000,0.364,0.000,0.636
978500,0.278,0.000,0.722
979000,0.400,0.000,0.600
979500,0.293,0.000,0.707
980000,0.396,0.000,0.604
980500,0.387,0.000,0.613
981000,0.430,0.000,0.570
981500,0.334,0.000,0.666
982000,0.373,0.000,0.627
982500,0.264,0.000,0.736
983000,0.356,0.000,0.644
983500,0.319,0.000,0.681
984000,0.217,0.000,0.783
984500,0.316,0.000,0.684
985000,0.442,0.000,0.558
985500,0.426,0.000,0.574
986000,0.345,0.000,0.655
986500,0.357,0.000,0.643
987000,0.253,0.000,0.747
987500,0.197,0.000,0.803
988000,0.345,0.000,0.655
988500,0.464,0.000,0.536
989000,0.421,0.000,0.579
989500,0.502,0.000,0.498
990000,0.262,0.000,0.738
990500,0.431,0.000,0.569
991000,0.354,0.000,0.646
991500,0.300,0.000,0.700
992000,0.284,0.000,0.716
992500,0.428,0.000,0.572
993000,0.308,0.000,0.692
993500,0.461,0.000,0.539
994000,0.325,0.000,0.675
994500,0.467,0.000,0.533
995000,0.402,0.000,0.598
995500,0.241,0.000,0.759
996000,0.144,0.000,0.856
996500,0.482,0.000,0.518
997000,0.352,0.000,0.648
997500,0.341,0.000,0.659
998000,0.287,0.000,0.713
998500,0.407,0.000,0.593
999000,0.377,0.000,0.623
999500,0.457,0.000,0.543
1000000,0.300,0.000,0.700
