time,n_A+p,n_B,n_AB
500,0.010,0.085,0.905
1000,0.010,0.101,0.889
1500,0.010,0.137,0.853
2000,0.010,0.056,0.934
2500,0.384,0.000,0.616
3000,0.246,0.000,0.754
3500,0.171,0.000,0.829
4000,0.175,0.000,0.825
4500,0.258,0.000,0.742
5000,0.150,0.000,0.850
5500,0.312,0.000,0.688
6000,0.163,0.000,0.837
6500,0.278,0.000,0.722
7000,0.128,0.000,0.872
7500,0.193,0.000,0.807
8000,0.068,0.038,0.894
8500,0.297,0.000,0.703
9000,0.353,0.000,0.647
9500,0.241,0.000,0.759
10000,0.363,0.000,0.637
10500,0.281,0.000,0.719
11000,0.146,0.000,0.854
11500,0.226,0.000,0.774
12000,0.231,0.000,0.769
12500,0.245,0.001,0.754
13000,0.347,0.000,0.653
13500,0.148,0.000,0.852
14000,0.167,0.000,0.833
14500,0.106,0.000,0.894
15000,0.188,0.000,0.812
15500,0.074,0.000,0.926
16000,0.220,0.000,0.780
16500,0.324,0.000,0.676
17000,0.234,0.000,0.766
17500,0.231,0.000,0.769
18000,0.104,0.000,0.896
18500,0.256,0.000,0.744
19000,0.256,0.000,0.744
19500,0.187,0.000,0.813
20000,0.234,0.000,0.766
20500,0.040,0.042,0.918
21000,0.012,0.045,0.943
21500,0.010,0.071,0.919
22000,0.240,0.000,0.760
22500,0.248,0.000,0.752
23000,0.227,0.000,0.773
23500,0.257,0.000,0.743
24000,0.260,0.000,0.740
24500,0.201,0.000,0.799
25000,0.249,0.000,0.751
25500,0.279,0.000,0.721
26000,0.142,0.000,0.858
26500,0.357,0.000,0.643
27000,0.186,0.000,0.814
27500,0.200,0.000,0.800
28000,0.202,0.000,0.798
28500,0.251,0.000,0.749
29000,0.354,0.000,0.646
29500,0.241,0.000,0.759
30000,0.265,0.000,0.735
30500,0.167,0.000,0.833
31000,0.173,0.000,0.827
31500,0.114,0.000,0.886
32000,0.199,0.000,0.801
32500,0.248,0.000,0.752
33000,0.244,0.000,0.756
33500,0.269,0.000,0.731
34000,0.238,0.000,0.762
34500,0.360,0.000,0.640
35000,0.226,0.000,0.774
35500,0.211,0.000,0.789
36000,0.255,0.000,0.745
36500,0.243,0.000,0.757
37000,0.064,0.000,0.936
37500,0.218,0.000,0.782
38000,0.234,0.000,0.766
38500,0.234,0.000,0.766
39000,0.158,0.000,0.842
39500,0.395,0.000,0.605
40000,0.297,0.000,0.703
40500,0.112,0.000,0.888
41000,0.292,0.000,0.708
41500,0.260,0.000,0.740
42000,0.160,0.000,0.840
42500,0.252,0.000,0.748
43000,0.273,0.000,0.727
43500,0.248,0.000,0.752
44000,0.054,0.000,0.946
44500,0.232,0.000,0.768
45000,0.305,0.000,0.695
45500,0.217,0.000,0.783
46000,0.322,0.000,0.678
46500,0.265,0.000,0.735
47000,0.237,0.000,0.763
47500,0.154,0.000,0.846
48000,0.246,0.000,0.754
48500,0.157,0.000,0.843
49000,0.150,0.000,0.850
49500,0.214,0.000,0.786
50000,0.231,0.000,0.769
50500,0.157,0.000,0.843
51000,0.297,0.000,0.703
51500,0.130,0.000,0.870
52000,0.212,0.000,0.788
52500,0.218,0.000,0.782
53000,0.144,0.000,0.856
53500,0.151,0.000,0.849
54000,0.269,0.000,0.731
54500,0.225,0.000,0.775
55000,0.344,0.000,0.656
55500,0.256,0.000,0.744
56000,0.321,0.000,0.679
56500,0.228,0.000,0.772
57000,0.089,0.000,0.911
57500,0.233,0.000,0.767
58000,0.122,0.001,0.877
58500,0.225,0.000,0.775
59000,0.260,0.000,0.740
59500,0.200,0.000,0.800
60000,0.287,0.000,0.713
60500,0.151,0.000,0.849
61000,0.220,0.000,0.780
61500,0.286,0.000,0.714
62000,0.285,0.000,0.715
62500,0.193,0.000,0.807
63000,0.147,0.000,0.853
63500,0.377,0.000,0.623
64000,0.348,0.000,0.652
64500,0.198,0.000,0.802
65000,0.239,0.000,0.761
65500,0.273,0.000,0.727
66000,0.152,0.000,0.848
66500,0.220,0.000,0.780
67000,0.271,0.000,0.729
67500,0.300,0.000,0.700
68000,0.171,0.000,0.829
68500,0.393,0.000,0.607
69000,0.088,0.000,0.912
69500,0.234,0.000,0.766
70000,0.169,0.000,0.831
70500,0.134,0.000,0.866
71000,0.248,0.000,0.752
71500,0.173,0.000,0.827
72000,0.306,0.000,0.694
72500,0.101,0.003,0.896
73000,0.251,0.000,0.749
73500,0.311,0.000,0.689
74000,0.239,0.000,0.761
74500,0.246,0.000,0.754
75000,0.169,0.000,0.831
75500,0.139,0.000,0.861
76000,0.166,0.000,0.834
76500,0.170,0.000,0.830
77000,0.167,0.000,0.833
77500,0.231,0.000,0.769
78000,0.158,0.000,0.842
78500,0.188,0.000,0.812
79000,0.276,0.000,0.724
79500,0.369,0.000,0.631
80000,0.320,0.000,0.680
80500,0.178,0.000,0.822
81000,0.122,0.000,0.878
81500,0.320,0.000,0.680
82000,0.285,0.000,0.715
82500,0.204,0.000,0.796
83000,0.167,0.000,0.833
83500,0.128,0.000,0.872
84000,0.283,0.000,0.717
84500,0.172,0.000,0.828
85000,0.123,0.000,0.877
85500,0.087,0.000,0.913
86000,0.078,0.000,0.922
86500,0.293,0.000,0.707
87000,0.279,0.000,0.721
87500,0.124,0.000,0.876
88000,0.202,0.000,0.798
88500,0.268,0.000,0.732
89000,0.128,0.000,0.872
89500,0.189,0.000,0.811
90000,0.237,0.000,0.763
90500,0.342,0.000,0.658
91000,0.202,0.000,0.798
91500,0.161,0.000,0.839
92000,0.328,0.000,0.672
92500,0.229,0.000,0.771
93000,0.254,0.000,0.746
93500,0.196,0.000,0.804
94000,0.149,0.000,0.851
94500,0.290,0.000,0.710
95000,0.238,0.000,0.762
95500,0.290,0.000,0.710
96000,0.204,0.000,0.796
96500,0.214,0.000,0.786
97000,0.168,0.000,0.832
97500,0.106,0.000,0.894
98000,0.138,0.000,0.862
98500,0.135,0.000,0.865
99000,0.215,0.000,0.785
99500,0.160,0.000,0.840
100000,0.366,0.000,0.634
100500,0.207,0.000,0.793
101000,0.214,0.000,0.786
101500,0.167,0.000,0.833
102000,0.146,0.000,0.854
102500,0.081,0.000,0.919
103000,0.387,0.000,0.613
103500,0.236,0.000,0.764
104000,0.287,0.000,0.713
104500,0.215,0.000,0.785
105000,0.165,0.000,0.835
105500,0.317,0.000,0.683
106000,0.164,0.000,0.836
106500,0.291,0.000,0.709
107000,0.134,0.000,0.866
107500,0.198,0.000,0.802
108000,0.153,0.000,0.847
108500,0.226,0.000,0.774
109000,0.332,0.000,0.668
109500,0.340,0.000,0.660
110000,0.265,0.000,0.735
110500,0.213,0.000,0.787
111000,0.273,0.000,0.727
111500,0.213,0.000,0.787
112000,0.334,0.000,0.666
112500,0.209,0.000,0.791
113000,0.244,0.000,0.756
113500,0.234,0.000,0.766
114000,0.171,0.000,0.829
114500,0.124,0.000,0.876
115000,0.172,0.000,0.828
115500,0.129,0.000,0.871
116000,0.202,0.000,0.798
116500,0.172,0.000,0.828
117000,0.186,0.000,0.814
117500,0.043,0.018,0.939
118000,0.112,0.012,0.876
118500,0.093,0.000,0.907
119000,0.158,0.000,0.842
119500,0.264,0.000,0.736
120000,0.322,0.000,0.678
120500,0.102,0.000,0.898
121000,0.241,0.000,0.759
121500,0.279,0.000,0.721
122000,0.143,0.000,0.857
122500,0.326,0.000,0.674
123000,0.340,0.000,0.660
123500,0.301,0.000,0.699
124000,0.180,0.000,0.820
124500,0.224,0.000,0.776
125000,0.187,0.000,0.813
125500,0.301,0.000,0.699
126000,0.329,0.000,0.671
126500,0.277,0.000,0.723
127000,0.186,0.000,0.814
127500,0.238,0.000,0.762
128000,0.298,0.000,0.702
128500,0.277,0.000,0.723
129000,0.155,0.000,0.845
129500,0.185,0.000,0.815
130000,0.150,0.000,0.850
130500,0.276,0.000,0.724
131000,0.184,0.000,0.816
131500,0.286,0.000,0.714
132000,0.107,0.000,0.893
132500,0.385,0.000,0.615
133000,0.340,0.000,0.660
133500,0.183,0.000,0.817
134000,0.244,0.000,0.756
134500,0.157,0.000,0.843
135000,0.269,0.000,0.731
135500,0.268,0.000,0.732
136000,0.236,0.000,0.764
136500,0.105,0.000,0.895
137000,0.247,0.000,0.753
137500,0.168,0.000,0.832
138000,0.277,0.000,0.723
138500,0.268,0.000,0.732
139000,0.105,0.000,0.895
139500,0.244,0.000,0.756
140000,0.238,0.000,0.762
140500,0.113,0.000,0.887
141000,0.097,0.010,0.893
141500,0.168,0.000,0.832
142000,0.428,0.000,0.572
142500,0.181,0.000,0.819
143000,0.171,0.000,0.829
143500,0.146,0.000,0.854
144000,0.302,0.000,0.698
144500,0.312,0.000,0.688
145000,0.079,0.000,0.921
145500,0.288,0.000,0.712
146000,0.151,0.000,0.849
146500,0.016,0.082,0.902
147000,0.229,0.000,0.771
147500,0.257,0.000,0.743
148000,0.252,0.000,0.748
148500,0.190,0.000,0.810
149000,0.215,0.000,0.785
149500,0.340,0.000,0.660
150000,0.135,0.000,0.865
150500,0.157,0.000,0.843
151000,0.205,0.000,0.795
151500,0.271,0.000,0.729
152000,0.156,0.000,0.844
152500,0.348,0.000,0.652
153000,0.247,0.000,0.753
153500,0.367,0.000,0.633
154000,0.203,0.000,0.797
154500,0.344,0.000,0.656
155000,0.138,0.000,0.862
155500,0.242,0.000,0.758
156000,0.233,0.000,0.767
156500,0.276,0.000,0.724
157000,0.318,0.000,0.682
157500,0.200,0.000,0.800
158000,0.283,0.000,0.717
158500,0.224,0.000,0.776
159000,0.252,0.000,0.748
159500,0.246,0.000,0.754
160000,0.316,0.000,0.684
160500,0.164,0.000,0.836
161000,0.146,0.000,0.854
161500,0.086,0.000,0.914
162000,0.146,0.001,0.853
162500,0.387,0.000,0.613
163000,0.206,0.000,0.794
163500,0.010,0.170,0.820
164000,0.010,0.134,0.856
164500,0.010,0.058,0.932
165000,0.212,0.000,0.788
165500,0.091,0.000,0.909
166000,0.389,0.000,0.611
166500,0.281,0.000,0.719
167000,0.144,0.000,0.856
167500,0.476,0.000,0.524
168000,0.157,0.000,0.843
168500,0.299,0.000,0.701
169000,0.325,0.000,0.675
169500,0.256,0.000,0.744
170000,0.203,0.000,0.797
170500,0.129,0.000,0.871
171000,0.168,0.000,0.832
171500,0.177,0.000,0.823
172000,0.274,0.000,0.726
172500,0.237,0.000,0.763
173000,0.311,0.000,0.689
173500,0.145,0.011,0.844
174000,0.221,0.000,0.779
174500,0.277,0.000,0.723
175000,0.323,0.000,0.677
175500,0.233,0.000,0.767
176000,0.164,0.000,0.836
176500,0.340,0.000,0.660
177000,0.176,0.000,0.824
177500,0.268,0.000,0.732
178000,0.168,0.000,0.832
178500,0.262,0.000,0.738
179000,0.274,0.000,0.726
179500,0.345,0.000,0.655
180000,0.169,0.000,0.831
180500,0.111,0.000,0.889
181000,0.191,0.000,0.809
181500,0.267,0.000,0.733
182000,0.255,0.000,0.745
182500,0.198,0.000,0.802
183000,0.159,0.000,0.841
183500,0.343,0.000,0.657
184000,0.148,0.000,0.852
184500,0.148,0.000,0.852
185000,0.195,0.000,0.805
185500,0.263,0.000,0.737
186000,0.189,0.000,0.811
186500,0.402,0.000,0.598
187000,0.265,0.000,0.735
187500,0.179,0.000,0.821
188000,0.271,0.000,0.729
188500,0.209,0.000,0.791
189000,0.134,0.000,0.866
189500,0.173,0.000,0.827
190000,0.265,0.000,0.735
190500,0.133,0.000,0.867
191000,0.141,0.000,0.859
191500,0.150,0.002,0.848
192000,0.277,0.000,0.723
192500,0.236,0.000,0.764
193000,0.162,0.000,0.838
193500,0.377,0.000,0.623
194000,0.225,0.000,0.775
194500,0.129,0.000,0.871
195000,0.268,0.000,0.732
195500,0.399,0.000,0.601
196000,0.242,0.000,0.758
196500,0.187,0.000,0.813
197000,0.193,0.000,0.807
197500,0.154,0.000,0.846
198000,0.167,0.000,0.833
198500,0.234,0.000,0.766
199000,0.272,0.000,0.728
199500,0.079,0.000,0.921
200000,0.264,0.000,0.736
200500,0.195,0.000,0.805
201000,0.170,0.000,0.830
201500,0.153,0.000,0.847
202000,0.177,0.000,0.823
202500,0.338,0.000,0.662
203000,0.166,0.000,0.834
203500,0.309,0.000,0.691
204000,0.209,0.000,0.791
204500,0.150,0.000,0.850
205000,0.212,0.000,0.788
205500,0.316,0.000,0.684
206000,0.187,0.000,0.813
206500,0.077,0.000,0.923
207000,0.360,0.000,0.640
207500,0.079,0.000,0.921
208000,0.298,0.000,0.702
208500,0.254,0.000,0.746
209000,0.204,0.000,0.796
209500,0.168,0.000,0.832
210000,0.142,0.000,0.858
210500,0.193,0.000,0.807
211000,0.066,0.020,0.914
211500,0.180,0.000,0.820
212000,0.188,0.004,0.808
212500,0.266,0.000,0.734
213000,0.229,0.000,0.771
213500,0.317,0.000,0.683
214000,0.279,0.000,0.721
214500,0.213,0.000,0.787
215000,0.405,0.000,0.595
215500,0.306,0.000,0.694
216000,0.257,0.000,0.743
216500,0.241,0.000,0.759
217000,0.295,0.000,0.705
217500,0.189,0.000,0.811
218000,0.194,0.000,0.806
218500,0.218,0.000,0.782
219000,0.170,0.000,0.830
219500,0.169,0.000,0.831
220000,0.273,0.000,0.727
220500,0.141,0.000,0.859
221000,0.271,0.000,0.729
221500,0.174,0.000,0.826
222000,0.191,0.000,0.809
222500,0.258,0.000,0.742
223000,0.273,0.000,0.727
223500,0.264,0.000,0.736
224000,0.237,0.000,0.763
224500,0.107,0.000,0.893
225000,0.297,0.000,0.703
225500,0.180,0.000,0.820
226000,0.205,0.000,0.795
226500,0.245,0.000,0.755
227000,0.311,0.000,0.689
227500,0.303,0.000,0.697
228000,0.264,0.000,0.736
228500,0.187,0.000,0.813
229000,0.024,0.023,0.953
229500,0.201,0.004,0.795
230000,0.145,0.000,0.855
230500,0.164,0.000,0.836
231000,0.206,0.000,0.794
231500,0.176,0.000,0.824
232000,0.434,0.000,0.566
232500,0.226,0.000,0.774
233000,0.164,0.000,0.836
233500,0.237,0.000,0.763
234000,0.274,0.000,0.726
234500,0.231,0.000,0.769
235000,0.174,0.000,0.826
235500,0.276,0.000,0.724
236000,0.311,0.000,0.689
236500,0.230,0.000,0.770
237000,0.250,0.000,0.750
237500,0.227,0.000,0.773
238000,0.442,0.000,0.558
238500,0.233,0.000,0.767
239000,0.267,0.000,0.733
239500,0.154,0.000,0.846
240000,0.162,0.000,0.838
240500,0.314,0.000,0.686
241000,0.287,0.000,0.713
241500,0.157,0.000,0.843
242000,0.277,0.000,0.723
242500,0.171,0.000,0.829
243000,0.273,0.000,0.727
243500,0.231,0.000,0.769
244000,0.208,0.000,0.792
244500,0.239,0.000,0.761
245000,0.317,0.000,0.683
245500,0.278,0.000,0.722
246000,0.327,0.000,0.673
246500,0.178,0.000,0.822
247000,0.196,0.000,0.804
247500,0.209,0.000,0.791
248000,0.218,0.000,0.782
248500,0.286,0.000,0.714
249000,0.087,0.012,0.901
249500,0.188,0.000,0.812
250000,0.224,0.000,0.776
250500,0.318,0.000,0.682
251000,0.232,0.000,0.768
251500,0.239,0.000,0.761
252000,0.138,0.006,0.856
252500,0.273,0.000,0.727
253000,0.197,0.000,0.803
253500,0.299,0.000,0.701
254000,0.236,0.000,0.764
254500,0.306,0.000,0.694
255000,0.204,0.000,0.796
255500,0.131,0.000,0.869
256000,0.324,0.000,0.676
256500,0.331,0.000,0.669
257000,0.317,0.000,0.683
257500,0.277,0.000,0.723
258000,0.144,0.000,0.856
258500,0.254,0.000,0.746
259000,0.156,0.000,0.844
259500,0.140,0.000,0.860
260000,0.327,0.000,0.673
260500,0.287,0.000,0.713
261000,0.319,0.000,0.681
261500,0.331,0.000,0.669
262000,0.333,0.000,0.667
262500,0.418,0.000,0.582
263000,0.412,0.000,0.588
263500,0.218,0.004,0.778
264000,0.231,0.000,0.769
264500,0.228,0.000,0.772
265000,0.208,0.000,0.792
265500,0.199,0.000,0.801
266000,0.239,0.000,0.761
266500,0.367,0.000,0.633
267000,0.107,0.000,0.893
267500,0.129,0.033,0.838
268000,0.266,0.000,0.734
268500,0.169,0.000,0.831
269000,0.256,0.000,0.744
269500,0.211,0.000,0.789
270000,0.329,0.000,0.671
270500,0.239,0.000,0.761
271000,0.266,0.000,0.734
271500,0.326,0.000,0.674
272000,0.202,0.000,0.798
272500,0.010,0.320,0.670
273000,0.269,0.000,0.731
273500,0.176,0.000,0.824
274000,0.170,0.000,0.830
274500,0.170,0.000,0.830
275000,0.200,0.000,0.800
275500,0.117,0.000,0.883
276000,0.202,0.000,0.798
276500,0.286,0.000,0.714
277000,0.363,0.000,0.637
277500,0.202,0.000,0.798
278000,0.325,0.000,0.675
278500,0.260,0.000,0.740
279000,0.289,0.000,0.711
279500,0.374,0.000,0.626
280000,0.241,0.000,0.759
280500,0.310,0.000,0.690
281000,0.233,0.000,0.767
281500,0.138,0.000,0.862
282000,0.159,0.000,0.841
282500,0.249,0.000,0.751
283000,0.173,0.000,0.827
283500,0.143,0.000,0.857
284000,0.266,0.000,0.734
284500,0.138,0.000,0.862
285000,0.170,0.000,0.830
285500,0.359,0.000,0.641
286000,0.318,0.000,0.682
286500,0.137,0.000,0.863
287000,0.196,0.000,0.804
287500,0.200,0.000,0.800
288000,0.010,0.128,0.862
288500,0.073,0.011,0.916
289000,0.321,0.000,0.679
289500,0.168,0.000,0.832
290000,0.208,0.000,0.792
290500,0.282,0.000,0.718
291000,0.300,0.000,0.700
291500,0.160,0.000,0.840
292000,0.064,0.000,0.936
292500,0.226,0.000,0.774
293000,0.265,0.000,0.735
293500,0.141,0.000,0.859
294000,0.235,0.000,0.765
294500,0.127,0.000,0.873
295000,0.017,0.099,0.884
295500,0.160,0.000,0.840
296000,0.212,0.000,0.788
296500,0.314,0.000,0.686
297000,0.172,0.000,0.828
297500,0.167,0.000,0.833
298000,0.245,0.000,0.755
298500,0.179,0.000,0.821
299000,0.173,0.000,0.827
299500,0.359,0.000,0.641
300000,0.178,0.000,0.822
300500,0.143,0.000,0.857
301000,0.195,0.000,0.805
301500,0.327,0.000,0.673
302000,0.124,0.000,0.876
302500,0.146,0.000,0.854
303000,0.223,0.000,0.777
303500,0.259,0.000,0.741
304000,0.139,0.000,0.861
304500,0.340,0.000,0.660
305000,0.184,0.000,0.816
305500,0.094,0.000,0.906
306000,0.219,0.000,0.781
306500,0.273,0.000,0.727
307000,0.182,0.000,0.818
307500,0.248,0.000,0.752
308000,0.258,0.000,0.742
308500,0.221,0.000,0.779
309000,0.197,0.000,0.803
309500,0.273,0.000,0.727
310000,0.197,0.000,0.803
310500,0.157,0.000,0.843
311000,0.125,0.000,0.875
311500,0.266,0.000,0.734
312000,0.304,0.000,0.696
312500,0.233,0.000,0.767
313000,0.380,0.000,0.620
313500,0.381,0.000,0.619
314000,0.257,0.000,0.743
314500,0.208,0.000,0.792
315000,0.158,0.000,0.842
315500,0.205,0.000,0.795
316000,0.017,0.118,0.865
316500,0.336,0.000,0.664
317000,0.208,0.000,0.792
317500,0.238,0.000,0.762
318000,0.153,0.000,0.847
318500,0.244,0.000,0.756
319000,0.154,0.000,0.846
319500,0.363,0.000,0.637
320000,0.425,0.000,0.575
320500,0.124,0.000,0.876
321000,0.321,0.000,0.679
321500,0.233,0.000,0.767
322000,0.273,0.000,0.727
322500,0.277,0.000,0.723
323000,0.156,0.000,0.844
323500,0.265,0.000,0.735
324000,0.260,0.000,0.740
324500,0.199,0.000,0.801
325000,0.207,0.000,0.793
325500,0.117,0.000,0.883
326000,0.188,0.000,0.812
326500,0.195,0.000,0.805
327000,0.267,0.000,0.733
327500,0.211,0.000,0.789
328000,0.222,0.000,0.778
328500,0.159,0.000,0.841
329000,0.190,0.000,0.810
329500,0.148,0.000,0.852
330000,0.202,0.000,0.798
330500,0.188,0.000,0.812
331000,0.179,0.000,0.821
331500,0.197,0.000,0.803
332000,0.147,0.000,0.853
332500,0.132,0.000,0.868
333000,0.201,0.000,0.799
333500,0.082,0.010,0.908
334000,0.468,0.000,0.532
334500,0.203,0.000,0.797
335000,0.291,0.000,0.709
335500,0.177,0.000,0.823
336000,0.274,0.000,0.726
336500,0.230,0.000,0.770
337000,0.213,0.000,0.787
337500,0.296,0.000,0.704
338000,0.380,0.000,0.620
338500,0.124,0.000,0.876
339000,0.303,0.000,0.697
339500,0.300,0.000,0.700
340000,0.230,0.000,0.770
340500,0.106,0.000,0.894
341000,0.363,0.000,0.637
341500,0.187,0.000,0.813
342000,0.400,0.000,0.600
342500,0.154,0.000,0.846
343000,0.168,0.000,0.832
343500,0.297,0.000,0.703
344000,0.353,0.000,0.647
344500,0.159,0.000,0.841
345000,0.198,0.000,0.802
345500,0.284,0.000,0.716
346000,0.239,0.000,0.761
346500,0.176,0.006,0.818
347000,0.272,0.000,0.728
347500,0.095,0.000,0.905
348000,0.153,0.008,0.839
348500,0.167,0.000,0.833
349000,0.377,0.000,0.623
349500,0.116,0.000,0.884
350000,0.183,0.000,0.817
350500,0.213,0.000,0.787
351000,0.384,0.000,0.616
351500,0.155,0.000,0.845
352000,0.197,0.000,0.803
352500,0.245,0.000,0.755
353000,0.312,0.000,0.688
353500,0.306,0.000,0.694
354000,0.296,0.000,0.704
354500,0.316,0.000,0.684
355000,0.311,0.000,0.689
355500,0.248,0.000,0.752
356000,0.222,0.000,0.778
356500,0.269,0.000,0.731
357000,0.250,0.000,0.750
357500,0.213,0.000,0.787
358000,0.262,0.000,0.738
358500,0.083,0.053,0.864
359000,0.155,0.000,0.845
359500,0.236,0.000,0.764
360000,0.317,0.000,0.683
360500,0.189,0.000,0.811
361000,0.233,0.000,0.767
361500,0.251,0.000,0.749
362000,0.176,0.000,0.824
362500,0.221,0.000,0.779
363000,0.258,0.000,0.742
363500,0.173,0.001,0.826
364000,0.195,0.000,0.805
364500,0.216,0.000,0.784
365000,0.095,0.000,0.905
365500,0.139,0.000,0.861
366000,0.108,0.000,0.892
366500,0.180,0.000,0.820
367000,0.302,0.000,0.698
367500,0.095,0.000,0.905
368000,0.196,0.000,0.804
368500,0.280,0.000,0.720
369000,0.151,0.000,0.849
369500,0.349,0.000,0.651
370000,0.169,0.000,0.831
370500,0.172,0.000,0.828
371000,0.280,0.000,0.720
371500,0.200,0.000,0.800
372000,0.366,0.000,0.634
372500,0.217,0.000,0.783
373000,0.222,0.000,0.778
373500,0.199,0.000,0.801
374000,0.165,0.000,0.835
374500,0.201,0.000,0.799
375000,0.172,0.000,0.828
375500,0.361,0.000,0.639
376000,0.140,0.000,0.860
376500,0.188,0.000,0.812
377000,0.361,0.000,0.639
377500,0.311,0.000,0.689
378000,0.169,0.000,0.831
378500,0.174,0.000,0.826
379000,0.239,0.000,0.761
379500,0.243,0.000,0.757
380000,0.355,0.000,0.645
380500,0.262,0.000,0.738
381000,0.293,0.000,0.707
381500,0.225,0.000,0.775
382000,0.313,0.000,0.687
382500,0.162,0.000,0.838
383000,0.266,0.000,0.734
383500,0.266,0.000,0.734
384000,0.235,0.000,0.765
384500,0.218,0.000,0.782
385000,0.183,0.000,0.817
385500,0.225,0.000,0.775
386000,0.452,0.000,0.548
386500,0.321,0.000,0.679
387000,0.284,0.000,0.716
387500,0.176,0.000,0.824
388000,0.238,0.000,0.762
388500,0.155,0.000,0.845
389000,0.079,0.000,0.921
389500,0.197,0.000,0.803
390000,0.415,0.000,0.585
390500,0.221,0.000,0.779
391000,0.303,0.000,0.697
391500,0.191,0.000,0.809
392000,0.236,0.000,0.764
392500,0.223,0.000,0.777
393000,0.246,0.000,0.754
393500,0.355,0.000,0.645
394000,0.193,0.000,0.807
394500,0.290,0.000,0.710
395000,0.215,0.000,0.785
395500,0.233,0.000,0.767
396000,0.147,0.000,0.853
396500,0.280,0.000,0.720
397000,0.167,0.000,0.833
397500,0.274,0.000,0.726
398000,0.169,0.000,0.831
398500,0.362,0.000,0.638
399000,0.262,0.000,0.738
399500,0.291,0.000,0.709
400000,0.214,0.000,0.786
400500,0.204,0.000,0.796
401000,0.322,0.000,0.678
401500,0.180,0.000,0.820
402000,0.254,0.000,0.746
402500,0.238,0.000,0.762
403000,0.186,0.000,0.814
403500,0.212,0.000,0.788
404000,0.269,0.000,0.731
404500,0.306,0.000,0.694
405000,0.210,0.000,0.790
405500,0.315,0.000,0.685
406000,0.213,0.000,0.787
406500,0.302,0.000,0.698
407000,0.249,0.000,0.751
407500,0.322,0.000,0.678
408000,0.295,0.000,0.705
408500,0.328,0.000,0.672
409000,0.150,0.000,0.850
409500,0.175,0.000,0.825
410000,0.107,0.000,0.893
410500,0.254,0.000,0.746
411000,0.146,0.000,0.854
411500,0.268,0.000,0.732
412000,0.269,0.000,0.731
412500,0.269,0.000,0.731
413000,0.363,0.000,0.637
413500,0.090,0.019,0.891
414000,0.179,0.000,0.821
414500,0.184,0.000,0.816
415000,0.309,0.000,0.691
415500,0.110,0.000,0.890
416000,0.195,0.000,0.805
416500,0.253,0.000,0.747
417000,0.237,0.000,0.763
417500,0.201,0.000,0.799
418000,0.171,0.010,0.819
418500,0.193,0.000,0.807
419000,0.225,0.000,0.775
419500,0.141,0.000,0.859
420000,0.371,0.000,0.629
420500,0.112,0.000,0.888
421000,0.145,0.000,0.855
421500,0.229,0.000,0.771
422000,0.258,0.000,0.742
422500,0.338,0.000,0.662
423000,0.449,0.000,0.551
423500,0.365,0.000,0.635
424000,0.262,0.000,0.738
424500,0.319,0.000,0.681
425000,0.279,0.000,0.721
425500,0.181,0.000,0.819
426000,0.210,0.000,0.790
426500,0.088,0.000,0.912
427000,0.243,0.000,0.757
427500,0.211,0.000,0.789
428000,0.225,0.000,0.775
428500,0.156,0.000,0.844
429000,0.128,0.000,0.872
429500,0.051,0.000,0.949
430000,0.356,0.000,0.644
430500,0.304,0.000,0.696
431000,0.178,0.000,0.822
431500,0.271,0.000,0.729
432000,0.187,0.000,0.813
432500,0.130,0.000,0.870
433000,0.180,0.000,0.820
433500,0.281,0.000,0.719
434000,0.183,0.000,0.817
434500,0.193,0.000,0.807
435000,0.271,0.000,0.729
435500,0.260,0.000,0.740
436000,0.216,0.000,0.784
436500,0.229,0.000,0.771
437000,0.097,0.000,0.903
437500,0.176,0.000,0.824
438000,0.288,0.000,0.712
438500,0.298,0.000,0.702
439000,0.191,0.000,0.809
439500,0.200,0.000,0.800
440000,0.346,0.000,0.654
440500,0.317,0.000,0.683
441000,0.157,0.000,0.843
441500,0.362,0.000,0.638
442000,0.196,0.000,0.804
442500,0.125,0.000,0.875
443000,0.326,0.000,0.674
443500,0.302,0.000,0.698
444000,0.196,0.000,0.804
444500,0.122,0.000,0.878
445000,0.307,0.000,0.693
445500,0.223,0.000,0.777
446000,0.158,0.000,0.842
446500,0.230,0.000,0.770
447000,0.304,0.000,0.696
447500,0.279,0.000,0.721
448000,0.283,0.000,0.717
448500,0.097,0.000,0.903
449000,0.254,0.000,0.746
449500,0.286,0.000,0.714
450000,0.290,0.000,0.710
450500,0.178,0.000,0.822
451000,0.105,0.014,0.881
451500,0.336,0.000,0.664
452000,0.276,0.000,0.724
452500,0.306,0.000,0.694
453000,0.349,0.000,0.651
453500,0.252,0.000,0.748
454000,0.145,0.000,0.855
454500,0.148,0.000,0.852
455000,0.268,0.000,0.732
455500,0.182,0.000,0.818
456000,0.337,0.000,0.663
456500,0.293,0.000,0.707
457000,0.180,0.000,0.820
457500,0.181,0.000,0.819
458000,0.290,0.000,0.710
458500,0.226,0.007,0.767
459000,0.266,0.000,0.734
459500,0.164,0.000,0.836
460000,0.168,0.000,0.832
460500,0.152,0.000,0.848
461000,0.159,0.000,0.841
461500,0.181,0.000,0.819
462000,0.223,0.000,0.777
462500,0.126,0.000,0.874
463000,0.128,0.000,0.872
463500,0.299,0.000,0.701
464000,0.210,0.000,0.790
464500,0.224,0.000,0.776
465000,0.232,0.000,0.768
465500,0.254,0.000,0.746
466000,0.376,0.000,0.624
466500,0.172,0.000,0.828
467000,0.228,0.000,0.772
467500,0.210,0.000,0.790
468000,0.186,0.000,0.814
468500,0.343,0.000,0.657
469000,0.172,0.000,0.828
469500,0.299,0.000,0.701
470000,0.350,0.000,0.650
470500,0.309,0.000,0.691
471000,0.182,0.000,0.818
471500,0.242,0.000,0.758
472000,0.086,0.000,0.914
472500,0.330,0.000,0.670
473000,0.223,0.000,0.777
473500,0.300,0.000,0.700
474000,0.326,0.000,0.674
474500,0.183,0.000,0.817
475000,0.128,0.011,0.861
475500,0.259,0.000,0.741
476000,0.079,0.003,0.918
476500,0.219,0.000,0.781
477000,0.185,0.000,0.815
477500,0.350,0.000,0.650
478000,0.200,0.000,0.800
478500,0.237,0.000,0.763
479000,0.180,0.000,0.820
479500,0.193,0.000,0.807
480000,0.227,0.000,0.773
480500,0.133,0.004,0.863
481000,0.151,0.000,0.849
481500,0.337,0.000,0.663
482000,0.178,0.000,0.822
482500,0.399,0.000,0.601
483000,0.210,0.000,0.790
483500,0.251,0.000,0.749
484000,0.192,0.000,0.808
484500,0.263,0.000,0.737
485000,0.189,0.000,0.811
485500,0.367,0.000,0.633
486000,0.270,0.000,0.730
486500,0.250,0.000,0.750
487000,0.218,0.000,0.782
487500,0.366,0.000,0.634
488000,0.241,0.000,0.759
488500,0.227,0.000,0.773
489000,0.115,0.000,0.885
489500,0.179,0.000,0.821
490000,0.083,0.000,0.917
490500,0.017,0.101,0.882
491000,0.225,0.000,0.775
491500,0.301,0.000,0.699
492000,0.090,0.000,0.910
492500,0.177,0.000,0.823
493000,0.245,0.000,0.755
493500,0.119,0.000,0.881
494000,0.309,0.000,0.691
494500,0.336,0.000,0.664
495000,0.218,0.000,0.782
495500,0.168,0.000,0.832
496000,0.331,0.000,0.669
496500,0.276,0.000,0.724
497000,0.322,0.000,0.678
497500,0.343,0.000,0.657
498000,0.315,0.000,0.685
498500,0.274,0.000,0.726
499000,0.164,0.000,0.836
499500,0.269,0.000,0.731
500000,0.207,0.000,0.793
500500,0.188,0.000,0.812
501000,0.364,0.000,0.636
501500,0.248,0.000,0.752
502000,0.192,0.000,0.808
502500,0.010,0.045,0.945
503000,0.321,0.000,0.679
503500,0.146,0.000,0.854
504000,0.232,0.000,0.768
504500,0.318,0.000,0.682
505000,0.186,0.000,0.814
505500,0.178,0.000,0.822
506000,0.175,0.000,0.825
506500,0.152,0.000,0.848
507000,0.193,0.000,0.807
507500,0.099,0.000,0.901
508000,0.260,0.000,0.740
508500,0.226,0.000,0.774
509000,0.224,0.000,0.776
509500,0.186,0.000,0.814
510000,0.261,0.000,0.739
510500,0.167,0.000,0.833
511000,0.301,0.000,0.699
511500,0.237,0.000,0.763
512000,0.182,0.000,0.818
512500,0.325,0.000,0.675
513000,0.125,0.000,0.875
513500,0.153,0.000,0.847
514000,0.134,0.000,0.866
514500,0.237,0.000,0.763
515000,0.294,0.000,0.706
515500,0.253,0.000,0.747
516000,0.536,0.000,0.464
516500,0.381,0.000,0.619
517000,0.300,0.000,0.700
517500,0.167,0.000,0.833
518000,0.369,0.000,0.631
518500,0.288,0.000,0.712
519000,0.323,0.000,0.677
519500,0.222,0.000,0.778
520000,0.111,0.000,0.889
520500,0.177,0.000,0.823
521000,0.234,0.000,0.766
521500,0.276,0.000,0.724
522000,0.209,0.000,0.791
522500,0.189,0.000,0.811
523000,0.147,0.000,0.853
523500,0.240,0.000,0.760
524000,0.287,0.000,0.713
524500,0.129,0.000,0.871
525000,0.243,0.000,0.757
525500,0.191,0.000,0.809
526000,0.294,0.000,0.706
526500,0.246,0.000,0.754
527000,0.148,0.000,0.852
527500,0.379,0.000,0.621
528000,0.370,0.000,0.630
528500,0.217,0.000,0.783
529000,0.248,0.000,0.752
529500,0.327,0.000,0.673
530000,0.282,0.000,0.718
530500,0.220,0.000,0.780
531000,0.330,0.000,0.670
531500,0.265,0.000,0.735
532000,0.217,0.000,0.783
532500,0.239,0.000,0.761
533000,0.182,0.000,0.818
533500,0.220,0.000,0.780
534000,0.452,0.000,0.548
534500,0.226,0.000,0.774
535000,0.083,0.000,0.917
535500,0.304,0.000,0.696
536000,0.306,0.000,0.694
536500,0.142,0.000,0.858
537000,0.235,0.000,0.765
537500,0.238,0.000,0.762
538000,0.241,0.000,0.759
538500,0.201,0.000,0.799
539000,0.206,0.000,0.794
539500,0.186,0.000,0.814
540000,0.088,0.000,0.912
540500,0.010,0.063,0.927
541000,0.010,0.183,0.807
541500,0.021,0.063,0.916
542000,0.078,0.000,0.922
542500,0.258,0.000,0.742
543000,0.225,0.000,0.775
543500,0.280,0.000,0.720
544000,0.267,0.000,0.733
544500,0.229,0.000,0.771
545000,0.138,0.000,0.862
545500,0.241,0.000,0.759
546000,0.381,0.000,0.619
546500,0.338,0.000,0.662
547000,0.127,0.000,0.873
547500,0.189,0.000,0.811
548000,0.100,0.037,0.863
548500,0.098,0.000,0.902
549000,0.192,0.000,0.808
549500,0.101,0.000,0.899
550000,0.205,0.000,0.795
550500,0.363,0.000,0.637
551000,0.321,0.000,0.679
551500,0.314,0.000,0.686
552000,0.312,0.000,0.688
552500,0.133,0.000,0.867
553000,0.273,0.000,0.727
553500,0.222,0.000,0.778
554000,0.243,0.000,0.757
554500,0.349,0.000,0.651
555000,0.178,0.000,0.822
555500,0.249,0.000,0.751
556000,0.230,0.000,0.770
556500,0.297,0.000,0.703
557000,0.371,0.000,0.629
557500,0.251,0.000,0.749
558000,0.323,0.000,0.677
558500,0.199,0.000,0.801
559000,0.282,0.000,0.718
559500,0.180,0.000,0.820
560000,0.298,0.000,0.702
560500,0.205,0.000,0.795
561000,0.213,0.000,0.787
561500,0.242,0.000,0.758
562000,0.141,0.000,0.859
562500,0.279,0.000,0.721
563000,0.290,0.000,0.710
563500,0.229,0.000,0.771
564000,0.211,0.000,0.789
564500,0.154,0.000,0.846
565000,0.188,0.000,0.812
565500,0.167,0.000,0.833
566000,0.281,0.000,0.719
566500,0.119,0.000,0.881
567000,0.331,0.000,0.669
567500,0.239,0.000,0.761
568000,0.115,0.000,0.885
568500,0.114,0.000,0.886
569000,0.362,0.000,0.638
569500,0.259,0.000,0.741
570000,0.189,0.000,0.811
570500,0.295,0.000,0.705
571000,0.174,0.000,0.826
571500,0.324,0.000,0.676
572000,0.182,0.000,0.818
572500,0.136,0.000,0.864
573000,0.383,0.000,0.617
573500,0.380,0.000,0.620
574000,0.251,0.000,0.749
574500,0.249,0.000,0.751
575000,0.245,0.000,0.755
575500,0.203,0.000,0.797
576000,0.221,0.000,0.779
576500,0.234,0.000,0.766
577000,0.295,0.000,0.705
577500,0.159,0.000,0.841
578000,0.379,0.000,0.621
578500,0.327,0.000,0.673
579000,0.194,0.000,0.806
579500,0.150,0.000,0.850
580000,0.188,0.000,0.812
580500,0.238,0.000,0.762
581000,0.263,0.000,0.737
581500,0.290,0.000,0.710
582000,0.184,0.000,0.816
582500,0.253,0.000,0.747
583000,0.168,0.000,0.832
583500,0.342,0.000,0.658
584000,0.087,0.000,0.913
584500,0.195,0.000,0.805
585000,0.226,0.000,0.774
585500,0.302,0.000,0.698
586000,0.262,0.000,0.738
586500,0.284,0.000,0.716
587000,0.301,0.000,0.699
587500,0.197,0.000,0.803
588000,0.283,0.000,0.717
588500,0.355,0.000,0.645
589000,0.221,0.000,0.779
589500,0.221,0.000,0.779
590000,0.192,0.000,0.808
590500,0.234,0.000,0.766
591000,0.134,0.000,0.866
591500,0.260,0.000,0.740
592000,0.237,0.000,0.763
592500,0.225,0.000,0.775
593000,0.155,0.000,0.845
593500,0.129,0.000,0.871
594000,0.265,0.000,0.735
594500,0.239,0.000,0.761
595000,0.188,0.000,0.812
595500,0.441,0.000,0.559
596000,0.191,0.000,0.809
596500,0.080,0.000,0.920
597000,0.125,0.000,0.875
597500,0.230,0.000,0.770
598000,0.176,0.000,0.824
598500,0.302,0.000,0.698
599000,0.253,0.000,0.747
599500,0.151,0.000,0.849
600000,0.181,0.000,0.819
600500,0.216,0.000,0.784
601000,0.132,0.000,0.868
601500,0.286,0.000,0.714
602000,0.266,0.000,0.734
602500,0.100,0.000,0.900
603000,0.173,0.000,0.827
603500,0.194,0.000,0.806
604000,0.303,0.000,0.697
604500,0.190,0.000,0.810
605000,0.248,0.000,0.752
605500,0.334,0.000,0.666
606000,0.289,0.000,0.711
606500,0.344,0.000,0.656
607000,0.268,0.000,0.732
607500,0.240,0.000,0.760
608000,0.183,0.000,0.817
608500,0.335,0.000,0.665
609000,0.248,0.000,0.752
609500,0.172,0.000,0.828
610000,0.521,0.000,0.479
610500,0.193,0.000,0.807
611000,0.256,0.000,0.744
611500,0.245,0.000,0.755
612000,0.170,0.000,0.830
612500,0.337,0.000,0.663
613000,0.182,0.000,0.818
613500,0.088,0.000,0.912
614000,0.257,0.000,0.743
614500,0.226,0.000,0.774
615000,0.178,0.000,0.822
615500,0.270,0.000,0.730
616000,0.338,0.000,0.662
616500,0.162,0.000,0.838
617000,0.425,0.000,0.575
617500,0.195,0.000,0.805
618000,0.231,0.000,0.769
618500,0.225,0.000,0.775
619000,0.266,0.000,0.734
619500,0.276,0.000,0.724
620000,0.246,0.000,0.754
620500,0.152,0.000,0.848
621000,0.193,0.000,0.807
621500,0.101,0.014,0.885
622000,0.248,0.000,0.752
622500,0.068,0.000,0.932
623000,0.234,0.000,0.766
623500,0.222,0.000,0.778
624000,0.257,0.000,0.743
624500,0.279,0.000,0.721
625000,0.061,0.000,0.939
625500,0.264,0.000,0.736
626000,0.241,0.000,0.759
626500,0.260,0.000,0.740
627000,0.193,0.000,0.807
627500,0.173,0.000,0.827
628000,0.179,0.000,0.821
628500,0.227,0.000,0.773
629000,0.269,0.000,0.731
629500,0.217,0.000,0.783
630000,0.317,0.000,0.683
630500,0.190,0.000,0.810
631000,0.279,0.000,0.721
631500,0.074,0.000,0.926
632000,0.198,0.000,0.802
632500,0.143,0.000,0.857
633000,0.245,0.000,0.755
633500,0.146,0.000,0.854
634000,0.303,0.000,0.697
634500,0.181,0.000,0.819
635000,0.194,0.000,0.806
635500,0.249,0.000,0.751
636000,0.290,0.000,0.710
636500,0.257,0.000,0.743
637000,0.308,0.000,0.692
637500,0.152,0.000,0.848
638000,0.226,0.000,0.774
638500,0.346,0.000,0.654
639000,0.246,0.000,0.754
639500,0.200,0.000,0.800
640000,0.179,0.000,0.821
640500,0.111,0.000,0.889
641000,0.261,0.000,0.739
641500,0.272,0.000,0.728
642000,0.284,0.000,0.716
642500,0.185,0.000,0.815
643000,0.291,0.000,0.709
643500,0.109,0.000,0.891
644000,0.200,0.000,0.800
644500,0.132,0.000,0.868
645000,0.273,0.000,0.727
645500,0.158,0.000,0.842
646000,0.122,0.000,0.878
646500,0.089,0.000,0.911
647000,0.211,0.000,0.789
647500,0.094,0.000,0.906
648000,0.292,0.000,0.708
648500,0.281,0.000,0.719
649000,0.175,0.000,0.825
649500,0.203,0.000,0.797
650000,0.270,0.000,0.730
650500,0.161,0.000,0.839
651000,0.323,0.000,0.677
651500,0.151,0.000,0.849
652000,0.261,0.000,0.739
652500,0.179,0.000,0.821
653000,0.297,0.000,0.703
653500,0.147,0.000,0.853
654000,0.227,0.000,0.773
654500,0.257,0.000,0.743
655000,0.100,0.000,0.900
655500,0.134,0.000,0.866
656000,0.166,0.000,0.834
656500,0.133,0.000,0.867
657000,0.134,0.000,0.866
657500,0.163,0.000,0.837
658000,0.200,0.000,0.800
658500,0.145,0.000,0.855
659000,0.422,0.000,0.578
659500,0.133,0.000,0.867
660000,0.273,0.000,0.727
660500,0.237,0.000,0.763
661000,0.140,0.000,0.860
661500,0.235,0.000,0.765
662000,0.143,0.000,0.857
662500,0.168,0.000,0.832
663000,0.268,0.000,0.732
663500,0.324,0.000,0.676
664000,0.176,0.000,0.824
664500,0.369,0.000,0.631
665000,0.270,0.000,0.730
665500,0.266,0.000,0.734
666000,0.213,0.000,0.787
666500,0.196,0.000,0.804
667000,0.168,0.000,0.832
667500,0.184,0.000,0.816
668000,0.267,0.000,0.733
668500,0.181,0.000,0.819
669000,0.196,0.000,0.804
669500,0.158,0.000,0.842
670000,0.311,0.000,0.689
670500,0.137,0.000,0.863
671000,0.210,0.000,0.790
671500,0.153,0.000,0.847
672000,0.347,0.000,0.653
672500,0.269,0.000,0.731
673000,0.187,0.000,0.813
673500,0.253,0.000,0.747
674000,0.165,0.000,0.835
674500,0.175,0.000,0.825
675000,0.261,0.000,0.739
675500,0.176,0.000,0.824
676000,0.249,0.000,0.751
676500,0.306,0.000,0.694
677000,0.114,0.000,0.886
677500,0.202,0.000,0.798
678000,0.287,0.000,0.713
678500,0.135,0.000,0.865
679000,0.250,0.000,0.750
679500,0.286,0.000,0.714
680000,0.268,0.000,0.732
680500,0.261,0.000,0.739
681000,0.104,0.006,0.890
681500,0.212,0.000,0.788
682000,0.209,0.000,0.791
682500,0.373,0.000,0.627
683000,0.193,0.000,0.807
683500,0.328,0.000,0.672
684000,0.281,0.000,0.719
684500,0.239,0.000,0.761
685000,0.318,0.000,0.682
685500,0.257,0.000,0.743
686000,0.309,0.000,0.691
686500,0.318,0.000,0.682
687000,0.235,0.000,0.765
687500,0.212,0.000,0.788
688000,0.026,0.067,0.907
688500,0.176,0.000,0.824
689000,0.381,0.000,0.619
689500,0.207,0.000,0.793
690000,0.347,0.000,0.653
690500,0.231,0.000,0.769
691000,0.165,0.000,0.835
691500,0.325,0.000,0.675
692000,0.131,0.000,0.869
692500,0.247,0.000,0.753
693000,0.152,0.000,0.848
693500,0.264,0.000,0.736
694000,0.287,0.000,0.713
694500,0.162,0.000,0.838
695000,0.215,0.000,0.785
695500,0.311,0.000,0.689
696000,0.217,0.000,0.783
696500,0.227,0.000,0.773
697000,0.173,0.000,0.827
697500,0.187,0.000,0.813
698000,0.240,0.000,0.760
698500,0.252,0.000,0.748
699000,0.281,0.000,0.719
699500,0.280,0.000,0.720
700000,0.236,0.000,0.764
700500,0.165,0.000,0.835
701000,0.136,0.000,0.864
701500,0.275,0.000,0.725
702000,0.257,0.000,0.743
702500,0.282,0.000,0.718
703000,0.315,0.000,0.685
703500,0.207,0.000,0.793
704000,0.214,0.000,0.786
704500,0.178,0.000,0.822
705000,0.184,0.000,0.816
705500,0.237,0.000,0.763
706000,0.245,0.000,0.755
706500,0.123,0.000,0.877
707000,0.317,0.000,0.683
707500,0.323,0.000,0.677
708000,0.233,0.000,0.767
708500,0.122,0.000,0.878
709000,0.235,0.000,0.765
709500,0.188,0.000,0.812
710000,0.169,0.000,0.831
710500,0.096,0.000,0.904
711000,0.204,0.000,0.796
711500,0.237,0.000,0.763
712000,0.314,0.000,0.686
712500,0.190,0.000,0.810
713000,0.269,0.000,0.731
713500,0.235,0.000,0.765
714000,0.306,0.000,0.694
714500,0.230,0.000,0.770
715000,0.342,0.000,0.658
715500,0.295,0.000,0.705
716000,0.197,0.000,0.803
716500,0.094,0.000,0.906
717000,0.347,0.000,0.653
717500,0.237,0.000,0.763
718000,0.313,0.000,0.687
718500,0.190,0.000,0.810
719000,0.180,0.000,0.820
719500,0.181,0.000,0.819
720000,0.174,0.000,0.826
720500,0.189,0.000,0.811
721000,0.255,0.000,0.745
721500,0.125,0.000,0.875
722000,0.125,0.000,0.875
722500,0.178,0.000,0.822
723000,0.384,0.000,0.616
723500,0.143,0.000,0.857
724000,0.352,0.000,0.648
724500,0.245,0.000,0.755
725000,0.300,0.000,0.700
725500,0.312,0.000,0.688
726000,0.304,0.000,0.696
726500,0.295,0.000,0.705
727000,0.181,0.000,0.819
727500,0.199,0.000,0.801
728000,0.215,0.000,0.785
728500,0.187,0.000,0.813
729000,0.252,0.000,0.748
729500,0.316,0.000,0.684
730000,0.460,0.000,0.540
730500,0.275,0.000,0.725
731000,0.239,0.000,0.761
731500,0.277,0.000,0.723
732000,0.339,0.000,0.661
732500,0.268,0.000,0.732
733000,0.225,0.000,0.775
733500,0.129,0.000,0.871
734000,0.291,0.000,0.709
734500,0.260,0.000,0.740
735000,0.255,0.000,0.745
735500,0.303,0.000,0.697
736000,0.199,0.000,0.801
736500,0.418,0.000,0.582
737000,0.185,0.000,0.815
737500,0.176,0.000,0.824
738000,0.177,0.000,0.823
738500,0.190,0.000,0.810
739000,0.163,0.000,0.837
739500,0.126,0.000,0.874
740000,0.182,0.000,0.818
740500,0.243,0.000,0.757
741000,0.238,0.000,0.762
741500,0.274,0.000,0.726
742000,0.408,0.000,0.592
742500,0.084,0.000,0.916
743000,0.206,0.000,0.794
743500,0.236,0.000,0.764
744000,0.267,0.000,0.733
744500,0.208,0.000,0.792
745000,0.154,0.000,0.846
745500,0.279,0.000,0.721
746000,0.173,0.000,0.827
746500,0.158,0.000,0.842
747000,0.262,0.000,0.738
747500,0.330,0.000,0.670
748000,0.153,0.000,0.847
748500,0.201,0.000,0.799
749000,0.274,0.000,0.726
749500,0.211,0.000,0.789
750000,0.204,0.000,0.796
750500,0.138,0.000,0.862
751000,0.128,0.000,0.872
751500,0.249,0.000,0.751
752000,0.175,0.002,0.823
752500,0.199,0.000,0.801
753000,0.229,0.000,0.771
753500,0.121,0.000,0.879
754000,0.265,0.000,0.735
754500,0.180,0.000,0.820
755000,0.177,0.000,0.823
755500,0.291,0.000,0.709
756000,0.149,0.000,0.851
756500,0.207,0.000,0.793
757000,0.266,0.000,0.734
757500,0.222,0.000,0.778
758000,0.126,0.000,0.874
758500,0.280,0.000,0.720
759000,0.147,0.000,0.853
759500,0.280,0.000,0.720
760000,0.144,0.000,0.856
760500,0.227,0.000,0.773
761000,0.161,0.000,0.839
761500,0.247,0.000,0.753
762000,0.302,0.000,0.698
762500,0.291,0.000,0.709
763000,0.209,0.000,0.791
763500,0.279,0.000,0.721
764000,0.162,0.000,0.838
764500,0.166,0.000,0.834
765000,0.218,0.000,0.782
765500,0.369,0.000,0.631
766000,0.151,0.000,0.849
766500,0.175,0.000,0.825
767000,0.219,0.000,0.781
767500,0.220,0.000,0.780
768000,0.137,0.000,0.863
768500,0.186,0.000,0.814
769000,0.286,0.000,0.714
769500,0.244,0.000,0.756
770000,0.190,0.000,0.810
770500,0.307,0.000,0.693
771000,0.181,0.000,0.819
771500,0.094,0.000,0.906
772000,0.214,0.000,0.786
772500,0.168,0.000,0.832
773000,0.203,0.000,0.797
773500,0.145,0.000,0.855
774000,0.283,0.000,0.717
774500,0.113,0.000,0.887
775000,0.195,0.000,0.805
775500,0.154,0.000,0.846
776000,0.261,0.000,0.739
776500,0.358,0.000,0.642
777000,0.213,0.000,0.787
777500,0.175,0.000,0.825
778000,0.300,0.000,0.700
778500,0.299,0.000,0.701
779000,0.185,0.000,0.815
779500,0.388,0.000,0.612
780000,0.162,0.000,0.838
780500,0.373,0.000,0.627
781000,0.349,0.000,0.651
781500,0.263,0.000,0.737
782000,0.256,0.000,0.744
782500,0.227,0.000,0.773
783000,0.291,0.000,0.709
783500,0.092,0.000,0.908
784000,0.181,0.000,0.819
784500,0.232,0.000,0.768
785000,0.213,0.000,0.787
785500,0.082,0.000,0.918
786000,0.152,0.000,0.848
786500,0.350,0.000,0.650
787000,0.162,0.000,0.838
787500,0.139,0.000,0.861
788000,0.157,0.000,0.843
788500,0.122,0.000,0.878
789000,0.272,0.000,0.728
789500,0.288,0.000,0.712
790000,0.312,0.000,0.688
790500,0.245,0.000,0.755
791000,0.363,0.000,0.637
791500,0.159,0.000,0.841
792000,0.253,0.000,0.747
792500,0.303,0.000,0.697
793000,0.269,0.000,0.731
793500,0.259,0.000,0.741
794000,0.236,0.000,0.764
794500,0.220,0.000,0.780
795000,0.254,0.000,0.746
795500,0.105,0.000,0.895
796000,0.156,0.000,0.844
796500,0.241,0.000,0.759
797000,0.277,0.000,0.723
797500,0.311,0.000,0.689
798000,0.200,0.000,0.800
798500,0.295,0.000,0.705
799000,0.168,0.000,0.832
799500,0.261,0.000,0.739
800000,0.145,0.000,0.855
800500,0.275,0.000,0.725
801000,0.244,0.000,0.756
801500,0.336,0.000,0.664
802000,0.248,0.000,0.752
802500,0.215,0.000,0.785
803000,0.200,0.000,0.800
803500,0.112,0.000,0.888
804000,0.223,0.000,0.777
804500,0.206,0.000,0.794
805000,0.115,0.000,0.885
805500,0.316,0.000,0.684
806000,0.163,0.000,0.837
806500,0.266,0.000,0.734
807000,0.189,0.000,0.811
807500,0.157,0.000,0.843
808000,0.163,0.000,0.837
808500,0.252,0.000,0.748
809000,0.156,0.000,0.844
809500,0.304,0.000,0.696
810000,0.107,0.000,0.893
810500,0.212,0.000,0.788
811000,0.292,0.000,0.708
811500,0.125,0.000,0.875
812000,0.257,0.000,0.743
812500,0.322,0.000,0.678
813000,0.221,0.000,0.779
813500,0.200,0.000,0.800
814000,0.272,0.000,0.728
814500,0.199,0.000,0.801
815000,0.180,0.000,0.820
815500,0.213,0.000,0.787
816000,0.327,0.000,0.673
816500,0.262,0.000,0.738
817000,0.228,0.000,0.772
817500,0.312,0.000,0.688
818000,0.234,0.000,0.766
818500,0.358,0.000,0.642
819000,0.010,0.174,0.816
819500,0.010,0.163,0.827
820000,0.010,0.192,0.798
820500,0.010,0.083,0.907
821000,0.028,0.042,0.930
821500,0.048,0.038,0.914
822000,0.388,0.000,0.612
822500,0.228,0.000,0.772
823000,0.167,0.000,0.833
823500,0.310,0.000,0.690
824000,0.015,0.083,0.902
824500,0.010,0.133,0.857
825000,0.010,0.120,0.870
825500,0.207,0.002,0.791
826000,0.138,0.000,0.862
826500,0.265,0.000,0.735
827000,0.258,0.000,0.742
827500,0.125,0.000,0.875
828000,0.317,0.000,0.683
828500,0.273,0.000,0.727
829000,0.253,0.000,0.747
829500,0.211,0.000,0.789
830000,0.253,0.000,0.747
830500,0.168,0.000,0.832
831000,0.018,0.075,0.907
831500,0.212,0.000,0.788
832000,0.321,0.000,0.679
832500,0.140,0.000,0.860
833000,0.214,0.000,0.786
833500,0.225,0.000,0.775
834000,0.088,0.000,0.912
834500,0.155,0.000,0.845
835000,0.220,0.000,0.780
835500,0.219,0.000,0.781
836000,0.281,0.000,0.719
836500,0.156,0.000,0.844
837000,0.347,0.000,0.653
837500,0.178,0.000,0.822
838000,0.037,0.020,0.943
838500,0.010,0.174,0.816
839000,0.010,0.177,0.813
839500,0.010,0.178,0.812
840000,0.151,0.000,0.849
840500,0.221,0.000,0.779
841000,0.072,0.010,0.918
841500,0.190,0.000,0.810
842000,0.174,0.000,0.826
842500,0.103,0.000,0.897
843000,0.170,0.000,0.830
843500,0.310,0.000,0.690
844000,0.207,0.000,0.793
844500,0.127,0.000,0.873
845000,0.126,0.000,0.874
845500,0.215,0.000,0.785
846000,0.254,0.000,0.746
846500,0.288,0.000,0.712
847000,0.171,0.000,0.829
847500,0.252,0.000,0.748
848000,0.291,0.000,0.709
848500,0.275,0.000,0.725
849000,0.236,0.000,0.764
849500,0.210,0.000,0.790
850000,0.153,0.001,0.846
850500,0.096,0.003,0.901
851000,0.181,0.000,0.819
851500,0.213,0.000,0.787
852000,0.209,0.000,0.791
852500,0.305,0.000,0.695
853000,0.239,0.000,0.761
853500,0.253,0.000,0.747
854000,0.386,0.000,0.614
854500,0.163,0.000,0.837
855000,0.258,0.000,0.742
855500,0.333,0.000,0.667
856000,0.336,0.000,0.664
856500,0.281,0.000,0.719
857000,0.134,0.000,0.866
857500,0.204,0.000,0.796
858000,0.161,0.000,0.839
858500,0.300,0.000,0.700
859000,0.343,0.000,0.657
859500,0.217,0.000,0.783
860000,0.231,0.000,0.769
860500,0.205,0.000,0.795
861000,0.157,0.000,0.843
861500,0.163,0.000,0.837
862000,0.164,0.000,0.836
862500,0.227,0.000,0.773
863000,0.123,0.000,0.877
863500,0.168,0.000,0.832
864000,0.134,0.000,0.866
864500,0.140,0.000,0.860
865000,0.201,0.000,0.799
865500,0.228,0.000,0.772
866000,0.275,0.000,0.725
866500,0.415,0.000,0.585
867000,0.145,0.000,0.855
867500,0.218,0.000,0.782
868000,0.340,0.000,0.660
868500,0.190,0.000,0.810
869000,0.274,0.000,0.726
869500,0.311,0.000,0.689
870000,0.289,0.000,0.711
870500,0.143,0.000,0.857
871000,0.207,0.000,0.793
871500,0.257,0.000,0.743
872000,0.194,0.000,0.806
872500,0.254,0.000,0.746
873000,0.197,0.000,0.803
873500,0.194,0.001,0.805
874000,0.218,0.000,0.782
874500,0.276,0.000,0.724
875000,0.352,0.000,0.648
875500,0.347,0.000,0.653
876000,0.320,0.000,0.680
876500,0.371,0.000,0.629
877000,0.161,0.005,0.834
877500,0.191,0.000,0.809
878000,0.224,0.000,0.776
878500,0.368,0.000,0.632
879000,0.218,0.000,0.782
879500,0.170,0.000,0.830
880000,0.135,0.000,0.865
880500,0.198,0.000,0.802
881000,0.219,0.000,0.781
881500,0.195,0.000,0.805
882000,0.250,0.000,0.750
882500,0.341,0.000,0.659
883000,0.172,0.000,0.828
883500,0.261,0.000,0.739
884000,0.210,0.000,0.790
884500,0.237,0.000,0.763
885000,0.367,0.000,0.633
885500,0.236,0.000,0.764
886000,0.265,0.000,0.735
886500,0.236,0.000,0.764
887000,0.160,0.000,0.840
887500,0.203,0.000,0.797
888000,0.254,0.000,0.746
888500,0.064,0.009,0.927
889000,0.247,0.000,0.753
889500,0.176,0.000,0.824
890000,0.377,0.000,0.623
890500,0.219,0.000,0.781
891000,0.293,0.000,0.707
891500,0.320,0.000,0.680
892000,0.212,0.000,0.788
892500,0.339,0.000,0.661
893000,0.169,0.000,0.831
893500,0.138,0.000,0.862
894000,0.222,0.000,0.778
894500,0.333,0.000,0.667
895000,0.266,0.000,0.734
895500,0.234,0.000,0.766
896000,0.213,0.000,0.787
896500,0.260,0.000,0.740
897000,0.211,0.000,0.789
897500,0.352,0.000,0.648
898000,0.164,0.000,0.836
898500,0.177,0.000,0.823
899000,0.158,0.000,0.842
899500,0.278,0.000,0.722
900000,0.316,0.000,0.684
900500,0.193,0.000,0.807
901000,0.386,0.000,0.614
901500,0.192,0.000,0.808
902000,0.148,0.000,0.852
902500,0.252,0.000,0.748
903000,0.212,0.000,0.788
903500,0.225,0.000,0.775
904000,0.205,0.000,0.795
904500,0.169,0.000,0.831
905000,0.115,0.000,0.885
905500,0.192,0.000,0.808
906000,0.207,0.000,0.793
906500,0.156,0.000,0.844
907000,0.176,0.000,0.824
907500,0.259,0.000,0.741
908000,0.099,0.000,0.901
908500,0.311,0.000,0.689
909000,0.201,0.000,0.799
909500,0.302,0.000,0.698
910000,0.134,0.000,0.866
910500,0.226,0.000,0.774
911000,0.324,0.000,0.676
911500,0.254,0.000,0.746
912000,0.300,0.000,0.700
912500,0.265,0.000,0.735
913000,0.097,0.000,0.903
913500,0.165,0.000,0.835
914000,0.361,0.000,0.639
914500,0.344,0.000,0.656
915000,0.309,0.000,0.691
915500,0.161,0.000,0.839
916000,0.259,0.000,0.741
916500,0.316,0.000,0.684
917000,0.292,0.000,0.708
917500,0.262,0.000,0.738
918000,0.133,0.000,0.867
918500,0.250,0.000,0.750
919000,0.288,0.000,0.712
919500,0.268,0.000,0.732
920000,0.121,0.000,0.879
920500,0.307,0.000,0.693
921000,0.171,0.000,0.829
921500,0.216,0.000,0.784
922000,0.251,0.000,0.749
922500,0.218,0.000,0.782
923000,0.353,0.000,0.647
923500,0.096,0.000,0.904
924000,0.178,0.000,0.822
924500,0.151,0.000,0.849
925000,0.223,0.000,0.777
925500,0.208,0.000,0.792
926000,0.407,0.000,0.593
926500,0.203,0.000,0.797
927000,0.380,0.000,0.620
927500,0.131,0.000,0.869
928000,0.220,0.000,0.780
928500,0.192,0.000,0.808
929000,0.185,0.000,0.815
929500,0.297,0.000,0.703
930000,0.262,0.000,0.738
930500,0.262,0.000,0.738
931000,0.329,0.000,0.671
931500,0.292,0.000,0.708
932000,0.210,0.000,0.790
932500,0.178,0.000,0.822
933000,0.402,0.000,0.598
933500,0.110,0.000,0.890
934000,0.231,0.000,0.769
934500,0.162,0.000,0.838
935000,0.225,0.000,0.775
935500,0.136,0.000,0.864
936000,0.234,0.000,0.766
936500,0.234,0.000,0.766
937000,0.229,0.000,0.771
937500,0.292,0.000,0.708
938000,0.247,0.000,0.753
938500,0.286,0.000,0.714
939000,0.298,0.000,0.702
939500,0.313,0.000,0.687
940000,0.357,0.000,0.643
940500,0.144,0.000,0.856
941000,0.112,0.000,0.888
941500,0.239,0.000,0.761
942000,0.120,0.000,0.880
942500,0.227,0.000,0.773
943000,0.246,0.000,0.754
943500,0.122,0.000,0.878
944000,0.265,0.000,0.735
944500,0.139,0.000,0.861
945000,0.222,0.000,0.778
945500,0.289,0.000,0.711
946000,0.250,0.000,0.750
946500,0.201,0.000,0.799
947000,0.296,0.000,0.704
947500,0.305,0.000,0.695
948000,0.223,0.000,0.777
948500,0.215,0.000,0.785
949000,0.156,0.000,0.844
949500,0.257,0.000,0.743
950000,0.272,0.000,0.728
950500,0.289,0.000,0.711
951000,0.175,0.000,0.825
951500,0.282,0.000,0.718
952000,0.151,0.000,0.849
952500,0.175,0.000,0.825
953000,0.422,0.000,0.578
953500,0.273,0.000,0.727
954000,0.104,0.000,0.896
954500,0.176,0.000,0.824
955000,0.272,0.000,0.728
955500,0.247,0.000,0.753
956000,0.363,0.000,0.637
956500,0.263,0.000,0.737
957000,0.283,0.000,0.717
957500,0.156,0.000,0.844
958000,0.272,0.000,0.728
958500,0.275,0.000,0.725
959000,0.223,0.000,0.777
959500,0.366,0.000,0.634
960000,0.318,0.000,0.682
960500,0.189,0.000,0.811
961000,0.227,0.000,0.773
961500,0.215,0.000,0.785
962000,0.210,0.000,0.790
962500,0.158,0.000,0.842
963000,0.123,0.000,0.877
963500,0.226,0.000,0.774
964000,0.239,0.000,0.761
964500,0.233,0.000,0.767
965000,0.105,0.000,0.895
965500,0.137,0.000,0.863
966000,0.266,0.000,0.734
966500,0.200,0.000,0.800
967000,0.205,0.000,0.795
967500,0.158,0.000,0.842
968000,0.217,0.000,0.783
968500,0.240,0.000,0.760
969000,0.177,0.000,0.823
969500,0.143,0.000,0.857
970000,0.266,0.000,0.734
970500,0.325,0.000,0.675
971000,0.177,0.000,0.823
971500,0.296,0.000,0.704
972000,0.269,0.000,0.731
972500,0.307,0.000,0.693
973000,0.347,0.000,0.653
973500,0.223,0.000,0.777
974000,0.304,0.000,0.696
974500,0.307,0.000,0.693
975000,0.254,0.000,0.746
975500,0.147,0.000,0.853
976000,0.211,0.000,0.789
976500,0.202,0.000,0.798
977000,0.136,0.003,0.861
977500,0.188,0.000,0.812
978000,0.127,0.000,0.873
978500,0.189,0.000,0.811
979000,0.261,0.000,0.739
979500,0.162,0.000,0.838
980000,0.309,0.000,0.691
980500,0.256,0.000,0.744
981000,0.124,0.000,0.876
981500,0.230,0.000,0.770
982000,0.156,0.000,0.844
982500,0.270,0.000,0.730
983000,0.198,0.000,0.802
983500,0.308,0.000,0.692
984000,0.083,0.000,0.917
984500,0.391,0.000,0.609
985000,0.245,0.000,0.755
985500,0.247,0.000,0.753
986000,0.087,0.000,0.913
986500,0.168,0.000,0.832
987000,0.176,0.000,0.824
987500,0.166,0.000,0.834
988000,0.348,0.000,0.652
988500,0.146,0.000,0.854
989000,0.169,0.000,0.831
989500,0.355,0.000,0.645
990000,0.179,0.000,0.821
990500,0.138,0.000,0.862
991000,0.191,0.000,0.809
991500,0.174,0.000,0.826
992000,0.109,0.020,0.871
992500,0.154,0.000,0.846
993000,0.227,0.000,0.773
993500,0.239,0.000,0.761
994000,0.302,0.000,0.698
994500,0.201,0.000,0.799
995000,0.132,0.000,0.868
995500,0.339,0.000,0.661
996000,0.203,0.000,0.797
996500,0.229,0.000,0.771
997000,0.227,0.000,0.773
997500,0.426,0.000,0.574
998000,0.225,0.000,0.775
998500,0.269,0.000,0.731
999000,0.123,0.000,0.877
999500,0.238,0.000,0.762
1000000,0.260,0.000,0.740
