time,n_A+p,n_B,n_AB
500,0.030,0.244,0.726
1000,0.049,0.017,0.934
1500,0.132,0.000,0.868
2000,0.143,0.000,0.857
2500,0.089,0.005,0.906
3000,0.121,0.010,0.869
3500,0.077,0.005,0.918
4000,0.122,0.012,0.866
4500,0.063,0.001,0.936
5000,0.099,0.018,0.883
5500,0.110,0.000,0.890
6000,0.138,0.000,0.862
6500,0.094,0.000,0.906
7000,0.177,0.001,0.822
7500,0.152,0.000,0.848
8000,0.091,0.000,0.909
8500,0.049,0.028,0.923
9000,0.230,0.000,0.770
9500,0.081,0.000,0.919
10000,0.178,0.000,0.822
10500,0.133,0.000,0.867
11000,0.179,0.000,0.821
11500,0.137,0.000,0.863
12000,0.094,0.000,0.906
12500,0.085,0.000,0.915
13000,0.121,0.000,0.879
13500,0.151,0.000,0.849
14000,0.101,0.024,0.875
14500,0.175,0.000,0.825
15000,0.157,0.000,0.843
15500,0.144,0.000,0.856
16000,0.104,0.000,0.896
16500,0.109,0.000,0.891
17000,0.205,0.000,0.795
17500,0.170,0.002,0.828
18000,0.116,0.006,0.878
18500,0.140,0.000,0.860
19000,0.082,0.014,0.904
19500,0.173,0.000,0.827
20000,0.116,0.016,0.868
20500,0.146,0.000,0.854
21000,0.118,0.003,0.879
21500,0.242,0.000,0.758
22000,0.238,0.000,0.762
22500,0.098,0.001,0.901
23000,0.104,0.012,0.884
23500,0.114,0.000,0.886
24000,0.071,0.005,0.924
24500,0.079,0.036,0.885
25000,0.101,0.006,0.893
25500,0.075,0.038,0.887
26000,0.091,0.002,0.907
26500,0.094,0.004,0.902
27000,0.164,0.004,0.832
27500,0.134,0.000,0.866
28000,0.090,0.046,0.864
28500,0.174,0.000,0.826
29000,0.170,0.000,0.830
29500,0.124,0.023,0.853
30000,0.079,0.000,0.921
30500,0.056,0.027,0.917
31000,0.113,0.029,0.858
31500,0.136,0.000,0.864
32000,0.101,0.001,0.898
32500,0.112,0.000,0.888
33000,0.097,0.009,0.894
33500,0.103,0.009,0.888
34000,0.093,0.000,0.907
34500,0.151,0.002,0.847
35000,0.121,0.000,0.879
35500,0.154,0.000,0.846
36000,0.084,0.002,0.914
36500,0.157,0.000,0.843
37000,0.169,0.000,0.831
37500,0.153,0.001,0.846
38000,0.094,0.000,0.906
38500,0.040,0.036,0.924
39000,0.107,0.019,0.874
39500,0.040,0.094,0.866
40000,0.081,0.021,0.898
40500,0.104,0.000,0.896
41000,0.126,0.000,0.874
41500,0.043,0.027,0.930
42000,0.102,0.005,0.893
42500,0.114,0.000,0.886
43000,0.111,0.000,0.889
43500,0.070,0.008,0.922
44000,0.112,0.007,0.881
44500,0.119,0.000,0.881
45000,0.088,0.000,0.912
45500,0.079,0.000,0.921
46000,0.086,0.032,0.882
46500,0.130,0.000,0.870
47000,0.111,0.000,0.889
47500,0.164,0.000,0.836
48000,0.117,0.000,0.883
48500,0.139,0.000,0.861
49000,0.172,0.000,0.828
49500,0.149,0.000,0.851
50000,0.136,0.008,0.856
50500,0.120,0.013,0.867
51000,0.123,0.000,0.877
51500,0.130,0.000,0.870
52000,0.141,0.000,0.859
52500,0.217,0.000,0.783
53000,0.100,0.000,0.900
53500,0.114,0.000,0.886
54000,0.132,0.000,0.868
54500,0.098,0.000,0.902
55000,0.104,0.012,0.884
55500,0.073,0.016,0.911
56000,0.108,0.006,0.886
56500,0.150,0.000,0.850
57000,0.137,0.000,0.863
57500,0.100,0.001,0.899
58000,0.103,0.000,0.897
58500,0.130,0.000,0.870
59000,0.067,0.008,0.925
59500,0.159,0.000,0.841
60000,0.055,0.016,0.929
60500,0.106,0.000,0.894
61000,0.079,0.000,0.921
61500,0.098,0.020,0.882
62000,0.175,0.001,0.824
62500,0.095,0.004,0.901
63000,0.124,0.002,0.874
63500,0.093,0.007,0.900
64000,0.102,0.000,0.898
64500,0.118,0.000,0.882
65000,0.109,0.026,0.865
65500,0.118,0.000,0.882
66000,0.177,0.000,0.823
66500,0.074,0.027,0.899
67000,0.063,0.000,0.937
67500,0.151,0.001,0.848
68000,0.113,0.001,0.886
68500,0.135,0.000,0.865
69000,0.064,0.019,0.917
69500,0.111,0.000,0.889
70000,0.134,0.000,0.866
70500,0.111,0.001,0.888
71000,0.085,0.025,0.890
71500,0.137,0.006,0.857
72000,0.075,0.022,0.903
72500,0.140,0.000,0.860
73000,0.144,0.005,0.851
73500,0.085,0.017,0.898
74000,0.143,0.000,0.857
74500,0.060,0.019,0.921
75000,0.113,0.000,0.887
75500,0.152,0.000,0.848
76000,0.155,0.000,0.845
76500,0.113,0.000,0.887
77000,0.113,0.000,0.887
77500,0.077,0.000,0.923
78000,0.143,0.000,0.857
78500,0.182,0.009,0.809
79000,0.181,0.000,0.819
79500,0.110,0.000,0.890
80000,0.051,0.038,0.911
80500,0.032,0.032,0.936
81000,0.080,0.020,0.900
81500,0.142,0.005,0.853
82000,0.109,0.003,0.888
82500,0.126,0.000,0.874
83000,0.163,0.000,0.837
83500,0.134,0.000,0.866
84000,0.118,0.003,0.879
84500,0.084,0.005,0.911
85000,0.087,0.003,0.910
85500,0.136,0.000,0.864
86000,0.118,0.000,0.882
86500,0.041,0.014,0.945
87000,0.117,0.026,0.857
87500,0.175,0.000,0.825
88000,0.162,0.003,0.835
88500,0.140,0.000,0.860
89000,0.136,0.000,0.864
89500,0.103,0.000,0.897
90000,0.086,0.007,0.907
90500,0.097,0.009,0.894
91000,0.148,0.000,0.852
91500,0.106,0.000,0.894
92000,0.116,0.001,0.883
92500,0.130,0.000,0.870
93000,0.119,0.012,0.869
93500,0.242,0.000,0.758
94000,0.133,0.009,0.858
94500,0.085,0.011,0.904
95000,0.141,0.000,0.859
95500,0.086,0.011,0.903
96000,0.086,0.002,0.912
96500,0.102,0.012,0.886
97000,0.083,0.008,0.909
97500,0.130,0.004,0.866
98000,0.130,0.000,0.870
98500,0.203,0.000,0.797
99000,0.089,0.037,0.874
99500,0.090,0.019,0.891
100000,0.147,0.000,0.853
100500,0.085,0.007,0.908
101000,0.190,0.000,0.810
101500,0.185,0.001,0.814
102000,0.124,0.008,0.868
102500,0.152,0.001,0.847
103000,0.163,0.001,0.836
103500,0.091,0.010,0.899
104000,0.191,0.000,0.809
104500,0.109,0.000,0.891
105000,0.105,0.000,0.895
105500,0.065,0.009,0.926
106000,0.189,0.000,0.811
106500,0.175,0.000,0.825
107000,0.122,0.001,0.877
107500,0.093,0.040,0.867
108000,0.103,0.000,0.897
108500,0.097,0.003,0.900
109000,0.089,0.019,0.892
109500,0.098,0.008,0.894
110000,0.086,0.003,0.911
110500,0.119,0.000,0.881
111000,0.054,0.024,0.922
111500,0.052,0.010,0.938
112000,0.098,0.004,0.898
112500,0.152,0.000,0.848
113000,0.115,0.000,0.885
113500,0.081,0.072,0.847
114000,0.150,0.000,0.850
114500,0.088,0.017,0.895
115000,0.067,0.003,0.930
115500,0.105,0.000,0.895
116000,0.195,0.000,0.805
116500,0.069,0.000,0.931
117000,0.142,0.002,0.856
117500,0.174,0.000,0.826
118000,0.125,0.000,0.875
118500,0.131,0.001,0.868
119000,0.041,0.001,0.958
119500,0.106,0.000,0.894
120000,0.120,0.000,0.880
120500,0.095,0.001,0.904
121000,0.148,0.000,0.852
121500,0.160,0.000,0.840
122000,0.134,0.001,0.865
122500,0.068,0.000,0.932
123000,0.106,0.000,0.894
123500,0.131,0.000,0.869
124000,0.104,0.000,0.896
124500,0.056,0.028,0.916
125000,0.120,0.009,0.871
125500,0.057,0.016,0.927
126000,0.069,0.007,0.924
126500,0.074,0.000,0.926
127000,0.080,0.027,0.893
127500,0.181,0.000,0.819
128000,0.158,0.000,0.842
128500,0.139,0.000,0.861
129000,0.119,0.017,0.864
129500,0.210,0.000,0.790
130000,0.122,0.000,0.878
130500,0.087,0.000,0.913
131000,0.120,0.033,0.847
131500,0.082,0.000,0.918
132000,0.123,0.000,0.877
132500,0.090,0.018,0.892
133000,0.074,0.011,0.915
133500,0.194,0.000,0.806
134000,0.145,0.000,0.855
134500,0.093,0.000,0.907
135000,0.100,0.005,0.895
135500,0.099,0.030,0.871
136000,0.116,0.000,0.884
136500,0.045,0.035,0.920
137000,0.111,0.022,0.867
137500,0.116,0.001,0.883
138000,0.108,0.013,0.879
138500,0.120,0.000,0.880
139000,0.092,0.009,0.899
139500,0.106,0.002,0.892
140000,0.062,0.055,0.883
140500,0.100,0.000,0.900
141000,0.154,0.000,0.846
141500,0.183,0.006,0.811
142000,0.130,0.000,0.870
142500,0.052,0.046,0.902
143000,0.071,0.045,0.884
143500,0.176,0.001,0.823
144000,0.155,0.000,0.845
144500,0.139,0.000,0.861
145000,0.160,0.000,0.840
145500,0.136,0.023,0.841
146000,0.089,0.001,0.910
146500,0.144,0.000,0.856
147000,0.157,0.001,0.842
147500,0.116,0.000,0.884
148000,0.108,0.010,0.882
148500,0.120,0.002,0.878
149000,0.114,0.000,0.886
149500,0.058,0.009,0.933
150000,0.057,0.052,0.891
150500,0.087,0.000,0.913
151000,0.145,0.000,0.855
151500,0.122,0.000,0.878
152000,0.141,0.001,0.858
152500,0.131,0.011,0.858
153000,0.099,0.000,0.901
153500,0.155,0.001,0.844
154000,0.078,0.019,0.903
154500,0.099,0.015,0.886
155000,0.203,0.000,0.797
155500,0.060,0.003,0.937
156000,0.064,0.005,0.931
156500,0.080,0.003,0.917
157000,0.198,0.000,0.802
157500,0.195,0.000,0.805
158000,0.147,0.000,0.853
158500,0.070,0.044,0.886
159000,0.169,0.002,0.829
159500,0.115,0.000,0.885
160000,0.076,0.005,0.919
160500,0.135,0.000,0.865
161000,0.100,0.000,0.900
161500,0.150,0.002,0.848
162000,0.100,0.022,0.878
162500,0.175,0.002,0.823
163000,0.086,0.007,0.907
163500,0.085,0.013,0.902
164000,0.087,0.000,0.913
164500,0.091,0.000,0.909
165000,0.100,0.012,0.888
165500,0.144,0.000,0.856
166000,0.099,0.000,0.901
166500,0.190,0.000,0.810
167000,0.167,0.000,0.833
167500,0.039,0.017,0.944
168000,0.062,0.032,0.906
168500,0.109,0.007,0.884
169000,0.040,0.035,0.925
169500,0.045,0.085,0.870
170000,0.035,0.051,0.914
170500,0.135,0.002,0.863
171000,0.069,0.014,0.917
171500,0.116,0.000,0.884
172000,0.061,0.003,0.936
172500,0.113,0.007,0.880
173000,0.104,0.001,0.895
173500,0.129,0.000,0.871
174000,0.070,0.000,0.930
174500,0.150,0.000,0.850
175000,0.173,0.000,0.827
175500,0.103,0.000,0.897
176000,0.060,0.010,0.930
176500,0.149,0.000,0.851
177000,0.094,0.010,0.896
177500,0.170,0.000,0.830
178000,0.122,0.000,0.878
178500,0.157,0.000,0.843
179000,0.085,0.013,0.902
179500,0.142,0.021,0.837
180000,0.204,0.002,0.794
180500,0.186,0.000,0.814
181000,0.084,0.000,0.916
181500,0.125,0.001,0.874
182000,0.065,0.038,0.897
182500,0.048,0.052,0.900
183000,0.088,0.030,0.882
183500,0.122,0.000,0.878
184000,0.161,0.002,0.837
184500,0.126,0.000,0.874
185000,0.110,0.000,0.890
185500,0.178,0.000,0.822
186000,0.066,0.020,0.914
186500,0.143,0.005,0.852
187000,0.125,0.000,0.875
187500,0.198,0.000,0.802
188000,0.119,0.000,0.881
188500,0.110,0.011,0.879
189000,0.121,0.000,0.879
189500,0.105,0.000,0.895
190000,0.053,0.013,0.934
190500,0.126,0.000,0.874
191000,0.096,0.001,0.903
191500,0.089,0.000,0.911
192000,0.169,0.000,0.831
192500,0.116,0.036,0.848
193000,0.126,0.000,0.874
193500,0.047,0.028,0.925
194000,0.050,0.031,0.919
194500,0.158,0.001,0.841
195000,0.177,0.000,0.823
195500,0.121,0.016,0.863
196000,0.046,0.029,0.925
196500,0.077,0.013,0.910
197000,0.041,0.021,0.938
197500,0.092,0.006,0.902
198000,0.122,0.000,0.878
198500,0.126,0.000,0.874
199000,0.103,0.008,0.889
199500,0.130,0.000,0.870
200000,0.127,0.000,0.873
200500,0.085,0.000,0.915
201000,0.106,0.002,0.892
201500,0.093,0.000,0.907
202000,0.086,0.000,0.914
202500,0.095,0.001,0.904
203000,0.118,0.002,0.880
203500,0.096,0.000,0.904
204000,0.136,0.000,0.864
204500,0.124,0.004,0.872
205000,0.134,0.000,0.866
205500,0.077,0.019,0.904
206000,0.147,0.000,0.853
206500,0.141,0.000,0.859
207000,0.053,0.029,0.918
207500,0.078,0.025,0.897
208000,0.161,0.001,0.838
208500,0.146,0.000,0.854
209000,0.157,0.000,0.843
209500,0.126,0.015,0.859
210000,0.166,0.000,0.834
210500,0.039,0.004,0.957
211000,0.078,0.000,0.922
211500,0.089,0.013,0.898
212000,0.110,0.008,0.882
212500,0.103,0.006,0.891
213000,0.128,0.000,0.872
213500,0.120,0.000,0.880
214000,0.257,0.000,0.743
214500,0.153,0.001,0.846
215000,0.064,0.023,0.913
215500,0.094,0.000,0.906
216000,0.127,0.000,0.873
216500,0.107,0.003,0.890
217000,0.093,0.018,0.889
217500,0.073,0.034,0.893
218000,0.138,0.002,0.860
218500,0.118,0.006,0.876
219000,0.120,0.000,0.880
219500,0.121,0.000,0.879
220000,0.161,0.002,0.837
220500,0.129,0.005,0.866
221000,0.077,0.000,0.923
221500,0.078,0.009,0.913
222000,0.129,0.002,0.869
222500,0.133,0.001,0.866
223000,0.055,0.013,0.932
223500,0.151,0.000,0.849
224000,0.075,0.009,0.916
224500,0.120,0.028,0.852
225000,0.076,0.001,0.923
225500,0.133,0.000,0.867
226000,0.074,0.008,0.918
226500,0.075,0.019,0.906
227000,0.123,0.017,0.860
227500,0.127,0.000,0.873
228000,0.084,0.023,0.893
228500,0.119,0.002,0.879
229000,0.166,0.000,0.834
229500,0.157,0.000,0.843
230000,0.101,0.000,0.899
230500,0.088,0.000,0.912
231000,0.151,0.000,0.849
231500,0.101,0.000,0.899
232000,0.112,0.003,0.885
232500,0.131,0.000,0.869
233000,0.141,0.000,0.859
233500,0.085,0.000,0.915
234000,0.060,0.030,0.910
234500,0.079,0.018,0.903
235000,0.089,0.000,0.911
235500,0.069,0.013,0.918
236000,0.070,0.038,0.892
236500,0.135,0.000,0.865
237000,0.149,0.000,0.851
237500,0.138,0.000,0.862
238000,0.134,0.000,0.866
238500,0.139,0.000,0.861
239000,0.148,0.000,0.852
239500,0.155,0.000,0.845
240000,0.067,0.000,0.933
240500,0.106,0.004,0.890
241000,0.149,0.000,0.851
241500,0.067,0.045,0.888
242000,0.194,0.000,0.806
242500,0.119,0.000,0.881
243000,0.114,0.001,0.885
243500,0.090,0.000,0.910
244000,0.109,0.011,0.880
244500,0.147,0.000,0.853
245000,0.147,0.000,0.853
245500,0.118,0.001,0.881
246000,0.209,0.000,0.791
246500,0.084,0.000,0.916
247000,0.065,0.048,0.887
247500,0.132,0.000,0.868
248000,0.107,0.021,0.872
248500,0.112,0.000,0.888
249000,0.124,0.002,0.874
249500,0.085,0.000,0.915
250000,0.043,0.020,0.937
250500,0.128,0.000,0.872
251000,0.081,0.031,0.888
251500,0.074,0.000,0.926
252000,0.098,0.017,0.885
252500,0.089,0.000,0.911
253000,0.045,0.028,0.927
253500,0.115,0.000,0.885
254000,0.082,0.004,0.914
254500,0.084,0.001,0.915
255000,0.182,0.000,0.818
255500,0.092,0.004,0.904
256000,0.188,0.000,0.812
256500,0.093,0.001,0.906
257000,0.124,0.000,0.876
257500,0.108,0.013,0.879
258000,0.140,0.000,0.860
258500,0.085,0.024,0.891
259000,0.102,0.000,0.898
259500,0.171,0.000,0.829
260000,0.184,0.000,0.816
260500,0.133,0.000,0.867
261000,0.097,0.000,0.903
261500,0.118,0.000,0.882
262000,0.127,0.000,0.873
262500,0.062,0.025,0.913
263000,0.064,0.003,0.933
263500,0.108,0.003,0.889
264000,0.136,0.000,0.864
264500,0.139,0.000,0.861
265000,0.090,0.000,0.910
265500,0.084,0.010,0.906
266000,0.132,0.010,0.858
266500,0.166,0.020,0.814
267000,0.160,0.000,0.840
267500,0.125,0.021,0.854
268000,0.087,0.002,0.911
268500,0.101,0.000,0.899
269000,0.141,0.001,0.858
269500,0.081,0.015,0.904
270000,0.103,0.000,0.897
270500,0.128,0.000,0.872
271000,0.097,0.011,0.892
271500,0.080,0.018,0.902
272000,0.124,0.000,0.876
272500,0.133,0.000,0.867
273000,0.123,0.023,0.854
273500,0.230,0.000,0.770
274000,0.098,0.001,0.901
274500,0.074,0.000,0.926
275000,0.138,0.000,0.862
275500,0.187,0.000,0.813
276000,0.119,0.001,0.880
276500,0.104,0.000,0.896
277000,0.154,0.000,0.846
277500,0.101,0.000,0.899
278000,0.117,0.000,0.883
278500,0.087,0.010,0.903
279000,0.049,0.015,0.936
279500,0.116,0.004,0.880
280000,0.107,0.000,0.893
280500,0.163,0.000,0.837
281000,0.161,0.012,0.827
281500,0.110,0.001,0.889
282000,0.168,0.000,0.832
282500,0.080,0.006,0.914
283000,0.099,0.022,0.879
283500,0.112,0.000,0.888
284000,0.092,0.001,0.907
284500,0.152,0.001,0.847
285000,0.127,0.005,0.868
285500,0.102,0.004,0.894
286000,0.108,0.000,0.892
286500,0.181,0.001,0.818
287000,0.073,0.000,0.927
287500,0.098,0.000,0.902
288000,0.227,0.000,0.773
288500,0.100,0.000,0.900
289000,0.121,0.000,0.879
289500,0.087,0.012,0.901
290000,0.107,0.000,0.893
290500,0.068,0.000,0.932
291000,0.132,0.015,0.853
291500,0.127,0.000,0.873
292000,0.087,0.000,0.913
292500,0.206,0.000,0.794
293000,0.102,0.000,0.898
293500,0.109,0.001,0.890
294000,0.182,0.000,0.818
294500,0.118,0.000,0.882
295000,0.155,0.000,0.845
295500,0.112,0.001,0.887
296000,0.100,0.002,0.898
296500,0.183,0.012,0.805
297000,0.118,0.000,0.882
297500,0.079,0.011,0.910
298000,0.106,0.008,0.886
298500,0.057,0.020,0.923
299000,0.053,0.071,0.876
299500,0.050,0.031,0.919
300000,0.134,0.000,0.866
300500,0.139,0.000,0.861
301000,0.121,0.017,0.862
301500,0.110,0.008,0.882
302000,0.077,0.000,0.923
302500,0.074,0.017,0.909
303000,0.204,0.000,0.796
303500,0.056,0.032,0.912
304000,0.038,0.031,0.931
304500,0.155,0.000,0.845
305000,0.087,0.000,0.913
305500,0.150,0.001,0.849
306000,0.112,0.000,0.888
306500,0.165,0.000,0.835
307000,0.113,0.005,0.882
307500,0.128,0.001,0.871
308000,0.129,0.000,0.871
308500,0.063,0.015,0.922
309000,0.077,0.012,0.911
309500,0.158,0.000,0.842
310000,0.092,0.000,0.908
310500,0.148,0.000,0.852
311000,0.121,0.000,0.879
311500,0.143,0.008,0.849
312000,0.070,0.000,0.930
312500,0.124,0.000,0.876
313000,0.134,0.000,0.866
313500,0.100,0.000,0.900
314000,0.131,0.001,0.868
314500,0.087,0.000,0.913
315000,0.205,0.000,0.795
315500,0.091,0.005,0.904
316000,0.123,0.000,0.877
316500,0.060,0.015,0.925
317000,0.078,0.031,0.891
317500,0.110,0.031,0.859
318000,0.100,0.005,0.895
318500,0.056,0.012,0.932
319000,0.081,0.000,0.919
319500,0.055,0.017,0.928
320000,0.098,0.012,0.890
320500,0.139,0.005,0.856
321000,0.142,0.000,0.858
321500,0.160,0.000,0.840
322000,0.121,0.000,0.879
322500,0.093,0.000,0.907
323000,0.107,0.019,0.874
323500,0.136,0.000,0.864
324000,0.124,0.001,0.875
324500,0.149,0.019,0.832
325000,0.133,0.000,0.867
325500,0.130,0.000,0.870
326000,0.070,0.004,0.926
326500,0.047,0.039,0.914
327000,0.120,0.000,0.880
327500,0.113,0.001,0.886
328000,0.104,0.000,0.896
328500,0.071,0.011,0.918
329000,0.079,0.014,0.907
329500,0.181,0.001,0.818
330000,0.148,0.000,0.852
330500,0.201,0.001,0.798
331000,0.098,0.000,0.902
331500,0.137,0.000,0.863
332000,0.132,0.010,0.858
332500,0.097,0.004,0.899
333000,0.124,0.020,0.856
333500,0.122,0.024,0.854
334000,0.062,0.007,0.931
334500,0.050,0.032,0.918
335000,0.070,0.009,0.921
335500,0.130,0.003,0.867
336000,0.100,0.020,0.880
336500,0.198,0.000,0.802
337000,0.130,0.000,0.870
337500,0.153,0.000,0.847
338000,0.090,0.007,0.903
338500,0.189,0.005,0.806
339000,0.130,0.004,0.866
339500,0.189,0.000,0.811
340000,0.100,0.000,0.900
340500,0.149,0.007,0.844
341000,0.114,0.000,0.886
341500,0.093,0.000,0.907
342000,0.164,0.003,0.833
342500,0.071,0.015,0.914
343000,0.089,0.000,0.911
343500,0.131,0.000,0.869
344000,0.132,0.002,0.866
344500,0.178,0.000,0.822
345000,0.108,0.000,0.892
345500,0.058,0.047,0.895
346000,0.129,0.000,0.871
346500,0.134,0.000,0.866
347000,0.051,0.024,0.925
347500,0.164,0.000,0.836
348000,0.050,0.007,0.943
348500,0.065,0.000,0.935
349000,0.052,0.044,0.904
349500,0.062,0.013,0.925
350000,0.122,0.000,0.878
350500,0.105,0.000,0.895
351000,0.077,0.000,0.923
351500,0.155,0.000,0.845
352000,0.130,0.000,0.870
352500,0.145,0.000,0.855
353000,0.195,0.000,0.805
353500,0.124,0.011,0.865
354000,0.066,0.000,0.934
354500,0.103,0.004,0.893
355000,0.115,0.000,0.885
355500,0.161,0.000,0.839
356000,0.184,0.000,0.816
356500,0.124,0.004,0.872
357000,0.125,0.001,0.874
357500,0.149,0.000,0.851
358000,0.109,0.000,0.891
358500,0.200,0.000,0.800
359000,0.099,0.000,0.901
359500,0.067,0.014,0.919
360000,0.075,0.027,0.898
360500,0.130,0.000,0.870
361000,0.107,0.004,0.889
361500,0.086,0.001,0.913
362000,0.102,0.000,0.898
362500,0.118,0.008,0.874
363000,0.034,0.044,0.922
363500,0.109,0.021,0.870
364000,0.108,0.000,0.892
364500,0.151,0.000,0.849
365000,0.171,0.000,0.829
365500,0.110,0.001,0.889
366000,0.081,0.005,0.914
366500,0.151,0.000,0.849
367000,0.122,0.000,0.878
367500,0.142,0.000,0.858
368000,0.097,0.016,0.887
368500,0.067,0.014,0.919
369000,0.143,0.001,0.856
369500,0.169,0.002,0.829
370000,0.117,0.000,0.883
370500,0.208,0.000,0.792
371000,0.127,0.000,0.873
371500,0.076,0.023,0.901
372000,0.183,0.000,0.817
372500,0.182,0.000,0.818
373000,0.078,0.004,0.918
373500,0.097,0.000,0.903
374000,0.143,0.001,0.856
374500,0.140,0.000,0.860
375000,0.066,0.006,0.928
375500,0.065,0.020,0.915
376000,0.123,0.001,0.876
376500,0.148,0.000,0.852
377000,0.057,0.034,0.909
377500,0.153,0.000,0.847
378000,0.204,0.000,0.796
378500,0.137,0.000,0.863
379000,0.113,0.000,0.887
379500,0.076,0.029,0.895
380000,0.145,0.000,0.855
380500,0.110,0.001,0.889
381000,0.111,0.000,0.889
381500,0.063,0.032,0.905
382000,0.039,0.030,0.931
382500,0.116,0.018,0.866
383000,0.090,0.005,0.905
383500,0.080,0.000,0.920
384000,0.139,0.000,0.861
384500,0.074,0.007,0.919
385000,0.054,0.015,0.931
385500,0.061,0.021,0.918
386000,0.113,0.000,0.887
386500,0.071,0.011,0.918
387000,0.134,0.017,0.849
387500,0.239,0.000,0.761
388000,0.057,0.002,0.941
388500,0.119,0.007,0.874
389000,0.194,0.000,0.806
389500,0.216,0.000,0.784
390000,0.101,0.000,0.899
390500,0.098,0.000,0.902
391000,0.081,0.000,0.919
391500,0.125,0.000,0.875
392000,0.127,0.000,0.873
392500,0.107,0.000,0.893
393000,0.100,0.000,0.900
393500,0.099,0.004,0.897
394000,0.069,0.020,0.911
394500,0.142,0.000,0.858
395000,0.124,0.003,0.873
395500,0.093,0.000,0.907
396000,0.151,0.003,0.846
396500,0.061,0.000,0.939
397000,0.053,0.052,0.895
397500,0.066,0.005,0.929
398000,0.144,0.000,0.856
398500,0.205,0.000,0.795
399000,0.059,0.004,0.937
399500,0.121,0.000,0.879
400000,0.102,0.000,0.898
400500,0.106,0.012,0.882
401000,0.111,0.021,0.868
401500,0.243,0.000,0.757
402000,0.119,0.001,0.880
402500,0.102,0.001,0.897
403000,0.135,0.001,0.864
403500,0.093,0.000,0.907
404000,0.169,0.000,0.831
404500,0.158,0.000,0.842
405000,0.131,0.001,0.868
405500,0.184,0.000,0.816
406000,0.082,0.029,0.889
406500,0.116,0.022,0.862
407000,0.082,0.001,0.917
407500,0.114,0.000,0.886
408000,0.083,0.020,0.897
408500,0.131,0.010,0.859
409000,0.163,0.000,0.837
409500,0.127,0.000,0.873
410000,0.134,0.001,0.865
410500,0.117,0.002,0.881
411000,0.182,0.000,0.818
411500,0.162,0.001,0.837
412000,0.138,0.000,0.862
412500,0.181,0.000,0.819
413000,0.187,0.000,0.813
413500,0.121,0.000,0.879
414000,0.135,0.000,0.865
414500,0.169,0.005,0.826
415000,0.066,0.008,0.926
415500,0.124,0.001,0.875
416000,0.113,0.000,0.887
416500,0.089,0.020,0.891
417000,0.191,0.000,0.809
417500,0.128,0.000,0.872
418000,0.063,0.021,0.916
418500,0.117,0.000,0.883
419000,0.158,0.000,0.842
419500,0.216,0.000,0.784
420000,0.196,0.000,0.804
420500,0.125,0.000,0.875
421000,0.133,0.000,0.867
421500,0.140,0.000,0.860
422000,0.139,0.000,0.861
422500,0.112,0.000,0.888
423000,0.113,0.019,0.868
423500,0.154,0.000,0.846
424000,0.105,0.012,0.883
424500,0.129,0.000,0.871
425000,0.115,0.003,0.882
425500,0.145,0.000,0.855
426000,0.109,0.003,0.888
426500,0.136,0.005,0.859
427000,0.135,0.005,0.860
427500,0.085,0.016,0.899
428000,0.160,0.000,0.840
428500,0.126,0.003,0.871
429000,0.194,0.000,0.806
429500,0.086,0.000,0.914
430000,0.050,0.033,0.917
430500,0.079,0.015,0.906
431000,0.130,0.000,0.870
431500,0.175,0.001,0.824
432000,0.093,0.007,0.900
432500,0.157,0.000,0.843
433000,0.129,0.000,0.871
433500,0.088,0.011,0.901
434000,0.041,0.011,0.948
434500,0.099,0.018,0.883
435000,0.075,0.013,0.912
435500,0.099,0.001,0.900
436000,0.119,0.000,0.881
436500,0.191,0.011,0.798
437000,0.174,0.000,0.826
437500,0.079,0.002,0.919
438000,0.064,0.021,0.915
438500,0.034,0.099,0.867
439000,0.122,0.012,0.866
439500,0.095,0.020,0.885
440000,0.135,0.014,0.851
440500,0.135,0.000,0.865
441000,0.046,0.044,0.910
441500,0.133,0.001,0.866
442000,0.056,0.034,0.910
442500,0.048,0.033,0.919
443000,0.104,0.037,0.859
443500,0.060,0.011,0.929
444000,0.095,0.000,0.905
444500,0.141,0.012,0.847
445000,0.126,0.030,0.844
445500,0.052,0.029,0.919
446000,0.093,0.000,0.907
446500,0.098,0.007,0.895
447000,0.127,0.006,0.867
447500,0.100,0.007,0.893
448000,0.087,0.004,0.909
448500,0.041,0.051,0.908
449000,0.116,0.000,0.884
449500,0.153,0.000,0.847
450000,0.142,0.000,0.858
450500,0.093,0.000,0.907
451000,0.098,0.000,0.902
451500,0.166,0.000,0.834
452000,0.077,0.000,0.923
452500,0.112,0.000,0.888
453000,0.146,0.000,0.854
453500,0.056,0.001,0.943
454000,0.203,0.000,0.797
454500,0.227,0.000,0.773
455000,0.070,0.028,0.902
455500,0.104,0.000,0.896
456000,0.096,0.000,0.904
456500,0.156,0.002,0.842
457000,0.109,0.000,0.891
457500,0.095,0.000,0.905
458000,0.173,0.004,0.823
458500,0.087,0.010,0.903
459000,0.141,0.000,0.859
459500,0.198,0.000,0.802
460000,0.171,0.000,0.829
460500,0.097,0.001,0.902
461000,0.153,0.003,0.844
461500,0.133,0.000,0.867
462000,0.057,0.011,0.932
462500,0.079,0.043,0.878
463000,0.090,0.000,0.910
463500,0.063,0.016,0.921
464000,0.114,0.000,0.886
464500,0.139,0.000,0.861
465000,0.125,0.000,0.875
465500,0.184,0.000,0.816
466000,0.134,0.000,0.866
466500,0.118,0.000,0.882
467000,0.066,0.000,0.934
467500,0.057,0.020,0.923
468000,0.030,0.054,0.916
468500,0.084,0.003,0.913
469000,0.100,0.000,0.900
469500,0.119,0.018,0.863
470000,0.107,0.001,0.892
470500,0.130,0.017,0.853
471000,0.081,0.000,0.919
471500,0.151,0.005,0.844
472000,0.107,0.006,0.887
472500,0.107,0.002,0.891
473000,0.096,0.024,0.880
473500,0.133,0.002,0.865
474000,0.066,0.023,0.911
474500,0.126,0.019,0.855
475000,0.119,0.022,0.859
475500,0.074,0.076,0.850
476000,0.060,0.055,0.885
476500,0.091,0.000,0.909
477000,0.100,0.002,0.898
477500,0.151,0.009,0.840
478000,0.212,0.000,0.788
478500,0.146,0.000,0.854
479000,0.096,0.005,0.899
479500,0.131,0.006,0.863
480000,0.195,0.000,0.805
480500,0.100,0.010,0.890
481000,0.107,0.024,0.869
481500,0.050,0.042,0.908
482000,0.086,0.005,0.909
482500,0.114,0.001,0.885
483000,0.150,0.001,0.849
483500,0.134,0.005,0.861
484000,0.068,0.015,0.917
484500,0.182,0.000,0.818
485000,0.106,0.001,0.893
485500,0.104,0.000,0.896
486000,0.187,0.000,0.813
486500,0.069,0.005,0.926
487000,0.156,0.000,0.844
487500,0.067,0.008,0.925
488000,0.117,0.000,0.883
488500,0.161,0.000,0.839
489000,0.107,0.000,0.893
489500,0.136,0.001,0.863
490000,0.075,0.000,0.925
490500,0.053,0.005,0.942
491000,0.093,0.011,0.896
491500,0.085,0.000,0.915
492000,0.128,0.002,0.870
492500,0.129,0.003,0.868
493000,0.120,0.011,0.869
493500,0.133,0.000,0.867
494000,0.079,0.044,0.877
494500,0.117,0.000,0.883
495000,0.092,0.019,0.889
495500,0.082,0.001,0.917
496000,0.126,0.001,0.873
496500,0.174,0.000,0.826
497000,0.147,0.000,0.853
497500,0.157,0.000,0.843
498000,0.114,0.000,0.886
498500,0.052,0.033,0.915
499000,0.063,0.012,0.925
499500,0.096,0.000,0.904
500000,0.124,0.000,0.876
500500,0.104,0.013,0.883
501000,0.199,0.015,0.786
501500,0.132,0.000,0.868
502000,0.222,0.000,0.778
502500,0.138,0.021,0.841
503000,0.143,0.000,0.857
503500,0.106,0.000,0.894
504000,0.098,0.012,0.890
504500,0.161,0.000,0.839
505000,0.081,0.014,0.905
505500,0.111,0.001,0.888
506000,0.099,0.017,0.884
506500,0.123,0.002,0.875
507000,0.100,0.000,0.900
507500,0.197,0.000,0.803
508000,0.094,0.001,0.905
508500,0.075,0.008,0.917
509000,0.153,0.007,0.840
509500,0.160,0.000,0.840
510000,0.136,0.000,0.864
510500,0.118,0.001,0.881
511000,0.123,0.000,0.877
511500,0.076,0.048,0.876
512000,0.063,0.015,0.922
512500,0.127,0.000,0.873
513000,0.188,0.000,0.812
513500,0.161,0.001,0.838
514000,0.105,0.003,0.892
514500,0.139,0.000,0.861
515000,0.065,0.025,0.910
515500,0.094,0.005,0.901
516000,0.071,0.011,0.918
516500,0.114,0.001,0.885
517000,0.131,0.000,0.869
517500,0.131,0.000,0.869
518000,0.190,0.000,0.810
518500,0.123,0.000,0.877
519000,0.074,0.008,0.918
519500,0.188,0.000,0.812
520000,0.092,0.000,0.908
520500,0.105,0.006,0.889
521000,0.093,0.005,0.902
521500,0.095,0.002,0.903
522000,0.117,0.000,0.883
522500,0.116,0.000,0.884
523000,0.135,0.000,0.865
523500,0.157,0.000,0.843
524000,0.155,0.000,0.845
524500,0.192,0.000,0.808
525000,0.128,0.009,0.863
525500,0.089,0.008,0.903
526000,0.152,0.000,0.848
526500,0.089,0.000,0.911
527000,0.135,0.000,0.865
527500,0.077,0.027,0.896
528000,0.107,0.000,0.893
528500,0.129,0.021,0.850
529000,0.093,0.006,0.901
529500,0.157,0.000,0.843
530000,0.136,0.000,0.864
530500,0.151,0.000,0.849
531000,0.182,0.000,0.818
531500,0.121,0.002,0.877
532000,0.121,0.001,0.878
532500,0.158,0.000,0.842
533000,0.072,0.021,0.907
533500,0.118,0.001,0.881
534000,0.132,0.000,0.868
534500,0.039,0.016,0.945
535000,0.041,0.029,0.930
535500,0.109,0.000,0.891
536000,0.137,0.006,0.857
536500,0.064,0.046,0.890
537000,0.077,0.018,0.905
537500,0.089,0.009,0.902
538000,0.073,0.008,0.919
538500,0.075,0.002,0.923
539000,0.158,0.000,0.842
539500,0.088,0.018,0.894
540000,0.070,0.010,0.920
540500,0.124,0.020,0.856
541000,0.056,0.003,0.941
541500,0.047,0.012,0.941
542000,0.098,0.000,0.902
542500,0.078,0.000,0.922
543000,0.122,0.012,0.866
543500,0.071,0.020,0.909
544000,0.097,0.003,0.900
544500,0.131,0.001,0.868
545000,0.173,0.000,0.827
545500,0.119,0.000,0.881
546000,0.108,0.004,0.888
546500,0.205,0.000,0.795
547000,0.155,0.000,0.845
547500,0.096,0.004,0.900
548000,0.173,0.000,0.827
548500,0.148,0.000,0.852
549000,0.128,0.000,0.872
549500,0.128,0.000,0.872
550000,0.186,0.001,0.813
550500,0.204,0.000,0.796
551000,0.080,0.000,0.920
551500,0.110,0.000,0.890
552000,0.184,0.000,0.816
552500,0.079,0.022,0.899
553000,0.101,0.027,0.872
553500,0.111,0.000,0.889
554000,0.162,0.002,0.836
554500,0.113,0.000,0.887
555000,0.154,0.000,0.846
555500,0.080,0.000,0.920
556000,0.069,0.000,0.931
556500,0.101,0.002,0.897
557000,0.134,0.000,0.866
557500,0.092,0.004,0.904
558000,0.113,0.001,0.886
558500,0.058,0.006,0.936
559000,0.086,0.040,0.874
559500,0.097,0.018,0.885
560000,0.118,0.003,0.879
560500,0.099,0.000,0.901
561000,0.031,0.066,0.903
561500,0.119,0.001,0.880
562000,0.131,0.000,0.869
562500,0.087,0.000,0.913
563000,0.042,0.021,0.937
563500,0.110,0.000,0.890
564000,0.083,0.023,0.894
564500,0.130,0.002,0.868
565000,0.113,0.016,0.871
565500,0.061,0.015,0.924
566000,0.123,0.000,0.877
566500,0.198,0.000,0.802
567000,0.165,0.000,0.835
567500,0.084,0.000,0.916
568000,0.083,0.000,0.917
568500,0.088,0.036,0.876
569000,0.123,0.006,0.871
569500,0.058,0.008,0.934
570000,0.125,0.004,0.871
570500,0.164,0.000,0.836
571000,0.062,0.048,0.890
571500,0.101,0.007,0.892
572000,0.118,0.000,0.882
572500,0.103,0.000,0.897
573000,0.123,0.001,0.876
573500,0.119,0.000,0.881
574000,0.095,0.002,0.903
574500,0.135,0.000,0.865
575000,0.070,0.007,0.923
575500,0.087,0.007,0.906
576000,0.072,0.047,0.881
576500,0.072,0.039,0.889
577000,0.090,0.016,0.894
577500,0.249,0.000,0.751
578000,0.142,0.000,0.858
578500,0.113,0.016,0.871
579000,0.095,0.000,0.905
579500,0.117,0.000,0.883
580000,0.131,0.002,0.867
580500,0.140,0.001,0.859
581000,0.169,0.000,0.831
581500,0.083,0.000,0.917
582000,0.109,0.000,0.891
582500,0.099,0.001,0.900
583000,0.168,0.013,0.819
583500,0.143,0.000,0.857
584000,0.158,0.000,0.842
584500,0.072,0.018,0.910
585000,0.162,0.000,0.838
585500,0.112,0.002,0.886
586000,0.078,0.010,0.912
586500,0.086,0.001,0.913
587000,0.150,0.004,0.846
587500,0.100,0.005,0.895
588000,0.122,0.000,0.878
588500,0.079,0.000,0.921
589000,0.119,0.000,0.881
589500,0.099,0.007,0.894
590000,0.070,0.008,0.922
590500,0.055,0.045,0.900
591000,0.051,0.016,0.933
591500,0.086,0.008,0.906
592000,0.078,0.000,0.922
592500,0.098,0.007,0.895
593000,0.114,0.000,0.886
593500,0.088,0.013,0.899
594000,0.128,0.000,0.872
594500,0.104,0.014,0.882
595000,0.102,0.001,0.897
595500,0.116,0.000,0.884
596000,0.108,0.000,0.892
596500,0.158,0.002,0.840
597000,0.117,0.006,0.877
597500,0.068,0.010,0.922
598000,0.074,0.001,0.925
598500,0.134,0.012,0.854
599000,0.149,0.000,0.851
599500,0.068,0.012,0.920
600000,0.113,0.000,0.887
600500,0.040,0.024,0.936
601000,0.105,0.000,0.895
601500,0.175,0.000,0.825
602000,0.128,0.000,0.872
602500,0.074,0.029,0.897
603000,0.097,0.003,0.900
603500,0.104,0.000,0.896
604000,0.035,0.029,0.936
604500,0.102,0.000,0.898
605000,0.112,0.000,0.888
605500,0.114,0.002,0.884
606000,0.071,0.012,0.917
606500,0.063,0.033,0.904
607000,0.070,0.024,0.906
607500,0.092,0.015,0.893
608000,0.084,0.006,0.910
608500,0.149,0.001,0.850
609000,0.089,0.000,0.911
609500,0.123,0.000,0.877
610000,0.073,0.021,0.906
610500,0.074,0.005,0.921
611000,0.078,0.000,0.922
611500,0.112,0.000,0.888
612000,0.176,0.001,0.823
612500,0.116,0.000,0.884
613000,0.092,0.010,0.898
613500,0.046,0.012,0.942
614000,0.085,0.025,0.890
614500,0.047,0.007,0.946
615000,0.112,0.008,0.880
615500,0.058,0.008,0.934
616000,0.105,0.012,0.883
616500,0.091,0.000,0.909
617000,0.036,0.066,0.898
617500,0.081,0.013,0.906
618000,0.155,0.005,0.840
618500,0.105,0.000,0.895
619000,0.080,0.027,0.893
619500,0.117,0.012,0.871
620000,0.113,0.000,0.887
620500,0.146,0.000,0.854
621000,0.080,0.012,0.908
621500,0.101,0.005,0.894
622000,0.115,0.000,0.885
622500,0.128,0.000,0.872
623000,0.185,0.000,0.815
623500,0.088,0.013,0.899
624000,0.142,0.000,0.858
624500,0.161,0.000,0.839
625000,0.164,0.000,0.836
625500,0.150,0.000,0.850
626000,0.110,0.022,0.868
626500,0.122,0.000,0.878
627000,0.163,0.006,0.831
627500,0.145,0.001,0.854
628000,0.143,0.001,0.856
628500,0.089,0.009,0.902
629000,0.104,0.000,0.896
629500,0.036,0.110,0.854
630000,0.209,0.000,0.791
630500,0.186,0.000,0.814
631000,0.126,0.001,0.873
631500,0.078,0.000,0.922
632000,0.129,0.000,0.871
632500,0.127,0.000,0.873
633000,0.170,0.000,0.830
633500,0.104,0.013,0.883
634000,0.181,0.000,0.819
634500,0.123,0.003,0.874
635000,0.117,0.000,0.883
635500,0.139,0.008,0.853
636000,0.091,0.001,0.908
636500,0.110,0.000,0.890
637000,0.199,0.000,0.801
637500,0.144,0.000,0.856
638000,0.068,0.005,0.927
638500,0.084,0.000,0.916
639000,0.082,0.014,0.904
639500,0.150,0.003,0.847
640000,0.159,0.000,0.841
640500,0.127,0.000,0.873
641000,0.065,0.015,0.920
641500,0.176,0.000,0.824
642000,0.137,0.000,0.863
642500,0.192,0.000,0.808
643000,0.158,0.000,0.842
643500,0.127,0.000,0.873
644000,0.117,0.003,0.880
644500,0.155,0.000,0.845
645000,0.150,0.000,0.850
645500,0.123,0.000,0.877
646000,0.160,0.000,0.840
646500,0.199,0.000,0.801
647000,0.093,0.009,0.898
647500,0.159,0.000,0.841
648000,0.142,0.000,0.858
648500,0.059,0.008,0.933
649000,0.154,0.002,0.844
649500,0.107,0.044,0.849
650000,0.115,0.003,0.882
650500,0.076,0.000,0.924
651000,0.170,0.000,0.830
651500,0.158,0.000,0.842
652000,0.115,0.000,0.885
652500,0.139,0.000,0.861
653000,0.085,0.018,0.897
653500,0.218,0.003,0.779
654000,0.084,0.000,0.916
654500,0.060,0.013,0.927
655000,0.077,0.010,0.913
655500,0.077,0.008,0.915
656000,0.097,0.066,0.837
656500,0.132,0.018,0.850
657000,0.084,0.011,0.905
657500,0.120,0.008,0.872
658000,0.182,0.000,0.818
658500,0.147,0.000,0.853
659000,0.074,0.000,0.926
659500,0.057,0.023,0.920
660000,0.101,0.000,0.899
660500,0.169,0.006,0.825
661000,0.079,0.024,0.897
661500,0.136,0.005,0.859
662000,0.078,0.014,0.908
662500,0.177,0.000,0.823
663000,0.190,0.000,0.810
663500,0.077,0.029,0.894
664000,0.139,0.006,0.855
664500,0.169,0.002,0.829
665000,0.123,0.000,0.877
665500,0.165,0.000,0.835
666000,0.121,0.000,0.879
666500,0.114,0.000,0.886
667000,0.071,0.000,0.929
667500,0.092,0.000,0.908
668000,0.114,0.009,0.877
668500,0.126,0.000,0.874
669000,0.050,0.020,0.930
669500,0.079,0.006,0.915
670000,0.085,0.000,0.915
670500,0.165,0.003,0.832
671000,0.164,0.000,0.836
671500,0.136,0.017,0.847
672000,0.167,0.000,0.833
672500,0.110,0.000,0.890
673000,0.189,0.000,0.811
673500,0.157,0.000,0.843
674000,0.043,0.002,0.955
674500,0.085,0.000,0.915
675000,0.063,0.037,0.900
675500,0.048,0.018,0.934
676000,0.132,0.001,0.867
676500,0.119,0.005,0.876
677000,0.218,0.000,0.782
677500,0.189,0.000,0.811
678000,0.183,0.000,0.817
678500,0.079,0.012,0.909
679000,0.076,0.002,0.922
679500,0.094,0.012,0.894
680000,0.139,0.000,0.861
680500,0.115,0.000,0.885
681000,0.085,0.015,0.900
681500,0.079,0.000,0.921
682000,0.099,0.000,0.901
682500,0.171,0.017,0.812
683000,0.109,0.000,0.891
683500,0.101,0.013,0.886
684000,0.083,0.001,0.916
684500,0.087,0.012,0.901
685000,0.091,0.000,0.909
685500,0.204,0.000,0.796
686000,0.139,0.000,0.861
686500,0.138,0.022,0.840
687000,0.197,0.000,0.803
687500,0.091,0.012,0.897
688000,0.097,0.000,0.903
688500,0.100,0.007,0.893
689000,0.088,0.000,0.912
689500,0.180,0.005,0.815
690000,0.089,0.020,0.891
690500,0.117,0.009,0.874
691000,0.065,0.003,0.932
691500,0.151,0.000,0.849
692000,0.040,0.039,0.921
692500,0.050,0.031,0.919
693000,0.091,0.024,0.885
693500,0.099,0.000,0.901
694000,0.118,0.000,0.882
694500,0.110,0.000,0.890
695000,0.142,0.000,0.858
695500,0.108,0.000,0.892
696000,0.151,0.000,0.849
696500,0.165,0.000,0.835
697000,0.117,0.000,0.883
697500,0.140,0.001,0.859
698000,0.065,0.000,0.935
698500,0.129,0.000,0.871
699000,0.122,0.000,0.878
699500,0.112,0.000,0.888
700000,0.153,0.007,0.840
700500,0.095,0.024,0.881
701000,0.066,0.042,0.892
701500,0.094,0.000,0.906
702000,0.204,0.000,0.796
702500,0.134,0.000,0.866
703000,0.110,0.000,0.890
703500,0.069,0.004,0.927
704000,0.129,0.001,0.870
704500,0.076,0.003,0.921
705000,0.101,0.003,0.896
705500,0.158,0.003,0.839
706000,0.269,0.000,0.731
706500,0.161,0.000,0.839
707000,0.185,0.000,0.815
707500,0.129,0.009,0.862
708000,0.130,0.000,0.870
708500,0.092,0.009,0.899
709000,0.077,0.008,0.915
709500,0.106,0.019,0.875
710000,0.104,0.001,0.895
710500,0.109,0.001,0.890
711000,0.071,0.023,0.906
711500,0.132,0.000,0.868
712000,0.041,0.011,0.948
712500,0.111,0.002,0.887
713000,0.133,0.012,0.855
713500,0.175,0.000,0.825
714000,0.096,0.038,0.866
714500,0.087,0.015,0.898
715000,0.039,0.045,0.916
715500,0.042,0.035,0.923
716000,0.147,0.000,0.853
716500,0.180,0.001,0.819
717000,0.058,0.000,0.942
717500,0.135,0.000,0.865
718000,0.126,0.000,0.874
718500,0.102,0.000,0.898
719000,0.154,0.000,0.846
719500,0.090,0.000,0.910
720000,0.067,0.023,0.910
720500,0.165,0.000,0.835
721000,0.114,0.000,0.886
721500,0.125,0.000,0.875
722000,0.141,0.000,0.859
722500,0.102,0.002,0.896
723000,0.137,0.001,0.862
723500,0.155,0.000,0.845
724000,0.086,0.000,0.914
724500,0.142,0.000,0.858
725000,0.063,0.022,0.915
725500,0.202,0.000,0.798
726000,0.106,0.002,0.892
726500,0.121,0.000,0.879
727000,0.100,0.009,0.891
727500,0.073,0.003,0.924
728000,0.108,0.021,0.871
728500,0.141,0.005,0.854
729000,0.054,0.045,0.901
729500,0.114,0.022,0.864
730000,0.073,0.006,0.921
730500,0.058,0.021,0.921
731000,0.113,0.001,0.886
731500,0.077,0.000,0.923
732000,0.102,0.000,0.898
732500,0.088,0.002,0.910
733000,0.100,0.006,0.894
733500,0.091,0.006,0.903
734000,0.069,0.026,0.905
734500,0.079,0.008,0.913
735000,0.067,0.000,0.933
735500,0.066,0.015,0.919
736000,0.121,0.000,0.879
736500,0.103,0.000,0.897
737000,0.158,0.000,0.842
737500,0.121,0.000,0.879
738000,0.124,0.000,0.876
738500,0.133,0.000,0.867
739000,0.167,0.000,0.833
739500,0.098,0.021,0.881
740000,0.090,0.000,0.910
740500,0.121,0.000,0.879
741000,0.164,0.000,0.836
741500,0.092,0.008,0.900
742000,0.053,0.004,0.943
742500,0.098,0.010,0.892
743000,0.138,0.000,0.862
743500,0.183,0.000,0.817
744000,0.067,0.007,0.926
744500,0.123,0.000,0.877
745000,0.140,0.004,0.856
745500,0.145,0.000,0.855
746000,0.125,0.000,0.875
746500,0.116,0.000,0.884
747000,0.121,0.005,0.874
747500,0.106,0.020,0.874
748000,0.154,0.001,0.845
748500,0.110,0.003,0.887
749000,0.101,0.001,0.898
749500,0.119,0.000,0.881
750000,0.041,0.090,0.869
750500,0.043,0.013,0.944
751000,0.124,0.000,0.876
751500,0.172,0.000,0.828
752000,0.093,0.010,0.897
752500,0.128,0.000,0.872
753000,0.119,0.000,0.881
753500,0.118,0.000,0.882
754000,0.093,0.005,0.902
754500,0.058,0.053,0.889
755000,0.175,0.001,0.824
755500,0.093,0.000,0.907
756000,0.137,0.000,0.863
756500,0.107,0.019,0.874
757000,0.069,0.024,0.907
757500,0.061,0.006,0.933
758000,0.139,0.002,0.859
758500,0.138,0.000,0.862
759000,0.099,0.017,0.884
759500,0.121,0.000,0.879
760000,0.082,0.007,0.911
760500,0.119,0.000,0.881
761000,0.119,0.005,0.876
761500,0.126,0.013,0.861
762000,0.116,0.000,0.884
762500,0.090,0.018,0.892
763000,0.183,0.000,0.817
763500,0.221,0.000,0.779
764000,0.150,0.000,0.850
764500,0.152,0.000,0.848
765000,0.070,0.026,0.904
765500,0.086,0.000,0.914
766000,0.096,0.000,0.904
766500,0.163,0.000,0.837
767000,0.147,0.000,0.853
767500,0.106,0.000,0.894
768000,0.124,0.003,0.873
768500,0.169,0.014,0.817
769000,0.128,0.000,0.872
769500,0.145,0.000,0.855
770000,0.064,0.033,0.903
770500,0.089,0.001,0.910
771000,0.167,0.000,0.833
771500,0.179,0.000,0.821
772000,0.069,0.013,0.918
772500,0.052,0.006,0.942
773000,0.101,0.003,0.896
773500,0.161,0.000,0.839
774000,0.101,0.007,0.892
774500,0.112,0.027,0.861
775000,0.126,0.000,0.874
775500,0.083,0.034,0.883
776000,0.129,0.000,0.871
776500,0.111,0.000,0.889
777000,0.043,0.021,0.936
777500,0.205,0.000,0.795
778000,0.138,0.017,0.845
778500,0.176,0.000,0.824
779000,0.137,0.000,0.863
779500,0.094,0.010,0.896
780000,0.151,0.002,0.847
780500,0.148,0.000,0.852
781000,0.142,0.005,0.853
781500,0.087,0.034,0.879
782000,0.086,0.000,0.914
782500,0.055,0.002,0.943
783000,0.140,0.000,0.860
783500,0.163,0.000,0.837
784000,0.073,0.003,0.924
784500,0.124,0.000,0.876
785000,0.148,0.000,0.852
785500,0.234,0.000,0.766
786000,0.166,0.005,0.829
786500,0.146,0.000,0.854
787000,0.172,0.000,0.828
787500,0.112,0.000,0.888
788000,0.138,0.000,0.862
788500,0.073,0.000,0.927
789000,0.164,0.000,0.836
789500,0.120,0.000,0.880
790000,0.086,0.000,0.914
790500,0.177,0.005,0.818
791000,0.094,0.000,0.906
791500,0.147,0.000,0.853
792000,0.094,0.002,0.904
792500,0.093,0.004,0.903
793000,0.088,0.002,0.910
793500,0.081,0.046,0.873
794000,0.107,0.001,0.892
794500,0.105,0.003,0.892
795000,0.104,0.000,0.896
795500,0.098,0.010,0.892
796000,0.100,0.000,0.900
796500,0.061,0.027,0.912
797000,0.158,0.000,0.842
797500,0.146,0.000,0.854
798000,0.105,0.000,0.895
798500,0.148,0.000,0.852
799000,0.163,0.000,0.837
799500,0.111,0.004,0.885
800000,0.076,0.026,0.898
800500,0.103,0.001,0.896
801000,0.098,0.018,0.884
801500,0.109,0.000,0.891
802000,0.129,0.004,0.867
802500,0.041,0.013,0.946
803000,0.149,0.000,0.851
803500,0.123,0.000,0.877
804000,0.048,0.023,0.929
804500,0.111,0.000,0.889
805000,0.102,0.000,0.898
805500,0.152,0.000,0.848
806000,0.130,0.000,0.870
806500,0.127,0.003,0.870
807000,0.163,0.002,0.835
807500,0.063,0.043,0.894
808000,0.144,0.001,0.855
808500,0.198,0.000,0.802
809000,0.088,0.009,0.903
809500,0.102,0.004,0.894
810000,0.096,0.000,0.904
810500,0.120,0.002,0.878
811000,0.071,0.054,0.875
811500,0.072,0.015,0.913
812000,0.108,0.017,0.875
812500,0.107,0.000,0.893
813000,0.169,0.000,0.831
813500,0.127,0.005,0.868
814000,0.119,0.008,0.873
814500,0.117,0.000,0.883
815000,0.126,0.000,0.874
815500,0.201,0.001,0.798
816000,0.107,0.017,0.876
816500,0.154,0.000,0.846
817000,0.106,0.011,0.883
817500,0.059,0.025,0.916
818000,0.094,0.016,0.890
818500,0.086,0.029,0.885
819000,0.116,0.001,0.883
819500,0.205,0.000,0.795
820000,0.131,0.002,0.867
820500,0.103,0.002,0.895
821000,0.106,0.010,0.884
821500,0.124,0.003,0.873
822000,0.102,0.002,0.896
822500,0.139,0.000,0.861
823000,0.109,0.024,0.867
823500,0.124,0.000,0.876
824000,0.123,0.000,0.877
824500,0.204,0.000,0.796
825000,0.182,0.001,0.817
825500,0.091,0.009,0.900
826000,0.098,0.000,0.902
826500,0.197,0.002,0.801
827000,0.117,0.000,0.883
827500,0.121,0.000,0.879
828000,0.085,0.002,0.913
828500,0.080,0.022,0.898
829000,0.153,0.000,0.847
829500,0.158,0.000,0.842
830000,0.082,0.008,0.910
830500,0.108,0.005,0.887
831000,0.127,0.006,0.867
831500,0.173,0.000,0.827
832000,0.056,0.025,0.919
832500,0.142,0.000,0.858
833000,0.107,0.000,0.893
833500,0.177,0.015,0.808
834000,0.153,0.000,0.847
834500,0.114,0.000,0.886
835000,0.126,0.000,0.874
835500,0.125,0.013,0.862
836000,0.166,0.000,0.834
836500,0.124,0.017,0.859
837000,0.131,0.004,0.865
837500,0.070,0.011,0.919
838000,0.176,0.000,0.824
838500,0.081,0.000,0.919
839000,0.049,0.019,0.932
839500,0.158,0.002,0.840
840000,0.069,0.041,0.890
840500,0.165,0.000,0.835
841000,0.086,0.000,0.914
841500,0.108,0.000,0.892
842000,0.072,0.020,0.908
842500,0.081,0.000,0.919
843000,0.083,0.001,0.916
843500,0.123,0.001,0.876
844000,0.102,0.020,0.878
844500,0.119,0.000,0.881
845000,0.092,0.000,0.908
845500,0.166,0.001,0.833
846000,0.098,0.003,0.899
846500,0.145,0.000,0.855
847000,0.092,0.000,0.908
847500,0.083,0.012,0.905
848000,0.146,0.000,0.854
848500,0.149,0.000,0.851
849000,0.088,0.000,0.912
849500,0.078,0.026,0.896
850000,0.151,0.001,0.848
850500,0.096,0.001,0.903
851000,0.126,0.000,0.874
851500,0.183,0.000,0.817
852000,0.154,0.006,0.840
852500,0.084,0.000,0.916
853000,0.153,0.000,0.847
853500,0.216,0.002,0.782
854000,0.156,0.000,0.844
854500,0.141,0.000,0.859
855000,0.074,0.056,0.870
855500,0.097,0.009,0.894
856000,0.184,0.019,0.797
856500,0.156,0.000,0.844
857000,0.049,0.027,0.924
857500,0.104,0.003,0.893
858000,0.163,0.002,0.835
858500,0.063,0.084,0.853
859000,0.166,0.000,0.834
859500,0.224,0.000,0.776
860000,0.102,0.000,0.898
860500,0.077,0.001,0.922
861000,0.180,0.000,0.820
861500,0.131,0.000,0.869
862000,0.107,0.000,0.893
862500,0.097,0.001,0.902
863000,0.131,0.001,0.868
863500,0.116,0.009,0.875
864000,0.101,0.005,0.894
864500,0.080,0.000,0.920
865000,0.092,0.002,0.906
865500,0.113,0.000,0.887
866000,0.046,0.011,0.943
866500,0.108,0.011,0.881
867000,0.174,0.006,0.820
867500,0.155,0.000,0.845
868000,0.094,0.001,0.905
868500,0.096,0.000,0.904
869000,0.118,0.001,0.881
869500,0.041,0.017,0.942
870000,0.181,0.000,0.819
870500,0.120,0.013,0.867
871000,0.083,0.016,0.901
871500,0.069,0.010,0.921
872000,0.077,0.021,0.902
872500,0.089,0.011,0.900
873000,0.149,0.000,0.851
873500,0.164,0.007,0.829
874000,0.080,0.000,0.920
874500,0.070,0.020,0.910
875000,0.125,0.007,0.868
875500,0.075,0.003,0.922
876000,0.064,0.008,0.928
876500,0.114,0.001,0.885
877000,0.148,0.000,0.852
877500,0.085,0.000,0.915
878000,0.145,0.000,0.855
878500,0.092,0.027,0.881
879000,0.131,0.000,0.869
879500,0.058,0.009,0.933
880000,0.135,0.000,0.865
880500,0.073,0.004,0.923
881000,0.222,0.000,0.778
881500,0.107,0.008,0.885
882000,0.078,0.000,0.922
882500,0.063,0.005,0.932
883000,0.110,0.015,0.875
883500,0.086,0.000,0.914
884000,0.118,0.002,0.880
884500,0.123,0.001,0.876
885000,0.093,0.019,0.888
885500,0.165,0.000,0.835
886000,0.131,0.000,0.869
886500,0.166,0.000,0.834
887000,0.149,0.009,0.842
887500,0.136,0.000,0.864
888000,0.097,0.001,0.902
888500,0.148,0.000,0.852
889000,0.162,0.000,0.838
889500,0.067,0.026,0.907
890000,0.187,0.001,0.812
890500,0.161,0.000,0.839
891000,0.059,0.015,0.926
891500,0.105,0.025,0.870
892000,0.213,0.000,0.787
892500,0.228,0.000,0.772
893000,0.119,0.000,0.881
893500,0.187,0.000,0.813
894000,0.076,0.021,0.903
894500,0.067,0.023,0.910
895000,0.117,0.000,0.883
895500,0.095,0.013,0.892
896000,0.159,0.000,0.841
896500,0.107,0.021,0.872
897000,0.130,0.000,0.870
897500,0.130,0.006,0.864
898000,0.073,0.004,0.923
898500,0.199,0.000,0.801
899000,0.083,0.004,0.913
899500,0.091,0.000,0.909
900000,0.230,0.000,0.770
900500,0.173,0.000,0.827
901000,0.144,0.001,0.855
901500,0.113,0.022,0.865
902000,0.106,0.000,0.894
902500,0.062,0.026,0.912
903000,0.141,0.000,0.859
903500,0.104,0.005,0.891
904000,0.102,0.000,0.898
904500,0.054,0.034,0.912
905000,0.078,0.020,0.902
905500,0.087,0.005,0.908
906000,0.122,0.005,0.873
906500,0.074,0.000,0.926
907000,0.117,0.007,0.876
907500,0.143,0.008,0.849
908000,0.104,0.000,0.896
908500,0.143,0.000,0.857
909000,0.174,0.000,0.826
909500,0.097,0.000,0.903
910000,0.069,0.006,0.925
910500,0.146,0.000,0.854
911000,0.121,0.000,0.879
911500,0.084,0.000,0.916
912000,0.171,0.000,0.829
912500,0.060,0.031,0.909
913000,0.143,0.002,0.855
913500,0.114,0.000,0.886
914000,0.105,0.000,0.895
914500,0.073,0.004,0.923
915000,0.140,0.000,0.860
915500,0.119,0.000,0.881
916000,0.141,0.000,0.859
916500,0.195,0.000,0.805
917000,0.127,0.002,0.871
917500,0.114,0.000,0.886
918000,0.162,0.003,0.835
918500,0.148,0.000,0.852
919000,0.119,0.000,0.881
919500,0.107,0.000,0.893
920000,0.103,0.026,0.871
920500,0.187,0.000,0.813
921000,0.078,0.000,0.922
921500,0.054,0.005,0.941
922000,0.110,0.001,0.889
922500,0.173,0.000,0.827
923000,0.129,0.000,0.871
923500,0.104,0.000,0.896
924000,0.051,0.000,0.949
924500,0.151,0.002,0.847
925000,0.151,0.000,0.849
925500,0.173,0.000,0.827
926000,0.181,0.000,0.819
926500,0.097,0.000,0.903
927000,0.136,0.000,0.864
927500,0.077,0.001,0.922
928000,0.165,0.000,0.835
928500,0.168,0.009,0.823
929000,0.116,0.022,0.862
929500,0.156,0.000,0.844
930000,0.137,0.011,0.852
930500,0.097,0.000,0.903
931000,0.121,0.005,0.874
931500,0.102,0.005,0.893
932000,0.059,0.025,0.916
932500,0.125,0.000,0.875
933000,0.109,0.008,0.883
933500,0.098,0.022,0.880
934000,0.129,0.001,0.870
934500,0.058,0.006,0.936
935000,0.155,0.000,0.845
935500,0.175,0.001,0.824
936000,0.103,0.006,0.891
936500,0.059,0.015,0.926
937000,0.076,0.010,0.914
937500,0.053,0.030,0.917
938000,0.121,0.013,0.866
938500,0.145,0.000,0.855
939000,0.100,0.013,0.887
939500,0.133,0.001,0.866
940000,0.112,0.001,0.887
940500,0.139,0.000,0.861
941000,0.091,0.012,0.897
941500,0.187,0.000,0.813
942000,0.110,0.000,0.890
942500,0.138,0.001,0.861
943000,0.205,0.000,0.795
943500,0.140,0.000,0.860
944000,0.077,0.030,0.893
944500,0.164,0.001,0.835
945000,0.100,0.000,0.900
945500,0.136,0.000,0.864
946000,0.180,0.000,0.820
946500,0.147,0.000,0.853
947000,0.106,0.018,0.876
947500,0.054,0.027,0.919
948000,0.100,0.002,0.898
948500,0.110,0.002,0.888
949000,0.103,0.000,0.897
949500,0.112,0.000,0.888
950000,0.105,0.002,0.893
950500,0.074,0.020,0.906
951000,0.127,0.000,0.873
951500,0.109,0.000,0.891
952000,0.175,0.000,0.825
952500,0.175,0.001,0.824
953000,0.141,0.000,0.859
953500,0.142,0.000,0.858
954000,0.093,0.003,0.904
954500,0.154,0.001,0.845
955000,0.094,0.001,0.905
955500,0.118,0.003,0.879
956000,0.178,0.002,0.820
956500,0.093,0.013,0.894
957000,0.130,0.003,0.867
957500,0.099,0.000,0.901
958000,0.129,0.000,0.871
958500,0.076,0.002,0.922
959000,0.116,0.000,0.884
959500,0.122,0.004,0.874
960000,0.109,0.038,0.853
960500,0.106,0.013,0.881
961000,0.078,0.013,0.909
961500,0.142,0.015,0.843
962000,0.066,0.013,0.921
962500,0.121,0.002,0.877
963000,0.077,0.001,0.922
963500,0.083,0.016,0.901
964000,0.072,0.041,0.887
964500,0.131,0.001,0.868
965000,0.108,0.000,0.892
965500,0.048,0.016,0.936
966000,0.115,0.034,0.851
966500,0.102,0.007,0.891
967000,0.152,0.000,0.848
967500,0.078,0.000,0.922
968000,0.162,0.000,0.838
968500,0.113,0.000,0.887
969000,0.152,0.000,0.848
969500,0.103,0.000,0.897
970000,0.188,0.000,0.812
970500,0.123,0.000,0.877
971000,0.135,0.000,0.865
971500,0.164,0.000,0.836
972000,0.169,0.000,0.831
972500,0.107,0.000,0.893
973000,0.163,0.023,0.814
973500,0.153,0.000,0.847
974000,0.136,0.000,0.864
974500,0.130,0.000,0.870
975000,0.174,0.001,0.825
975500,0.080,0.000,0.920
976000,0.197,0.000,0.803
976500,0.120,0.005,0.875
977000,0.128,0.006,0.866
977500,0.069,0.000,0.931
978000,0.174,0.000,0.826
978500,0.117,0.000,0.883
979000,0.161,0.000,0.839
979500,0.108,0.000,0.892
980000,0.164,0.009,0.827
980500,0.144,0.000,0.856
981000,0.120,0.003,0.877
981500,0.120,0.000,0.880
982000,0.098,0.000,0.902
982500,0.074,0.000,0.926
983000,0.114,0.001,0.885
983500,0.153,0.000,0.847
984000,0.110,0.000,0.890
984500,0.116,0.000,0.884
985000,0.124,0.001,0.875
985500,0.080,0.005,0.915
986000,0.132,0.000,0.868
986500,0.092,0.018,0.890
987000,0.110,0.023,0.867
987500,0.140,0.000,0.860
988000,0.140,0.000,0.860
988500,0.090,0.000,0.910
989000,0.075,0.013,0.912
989500,0.073,0.014,0.913
990000,0.075,0.060,0.865
990500,0.095,0.000,0.905
991000,0.161,0.000,0.839
991500,0.081,0.011,0.908
992000,0.114,0.002,0.884
992500,0.134,0.016,0.850
993000,0.070,0.002,0.928
993500,0.143,0.002,0.855
994000,0.097,0.000,0.903
994500,0.123,0.000,0.877
995000,0.093,0.005,0.902
995500,0.133,0.000,0.867
996000,0.091,0.009,0.900
996500,0.088,0.000,0.912
997000,0.082,0.013,0.905
997500,0.201,0.000,0.799
998000,0.134,0.000,0.866
998500,0.076,0.024,0.900
999000,0.089,0.000,0.911
999500,0.083,0.001,0.916
1000000,0.111,0.000,0.889
