time,n_A+p,n_B,n_AB
500,0.030,0.735,0.235
1000,0.030,0.220,0.750
1500,0.047,0.218,0.735
2000,0.062,0.122,0.816
2500,0.117,0.034,0.849
3000,0.286,0.000,0.714
3500,0.362,0.000,0.638
4000,0.424,0.000,0.576
4500,0.281,0.000,0.719
5000,0.396,0.000,0.604
5500,0.379,0.000,0.621
6000,0.359,0.000,0.641
6500,0.301,0.000,0.699
7000,0.430,0.000,0.570
7500,0.293,0.000,0.707
8000,0.336,0.000,0.664
8500,0.352,0.000,0.648
9000,0.504,0.000,0.496
9500,0.468,0.000,0.532
10000,0.467,0.000,0.533
10500,0.478,0.000,0.522
11000,0.457,0.000,0.543
11500,0.344,0.000,0.656
12000,0.370,0.000,0.630
12500,0.494,0.000,0.506
13000,0.406,0.000,0.594
13500,0.381,0.000,0.619
14000,0.324,0.000,0.676
14500,0.314,0.000,0.686
15000,0.393,0.003,0.604
15500,0.311,0.000,0.689
16000,0.344,0.000,0.656
16500,0.365,0.000,0.635
17000,0.425,0.000,0.575
17500,0.359,0.001,0.640
18000,0.290,0.000,0.710
18500,0.371,0.000,0.629
19000,0.448,0.000,0.552
19500,0.414,0.000,0.586
20000,0.409,0.000,0.591
20500,0.488,0.000,0.512
21000,0.338,0.000,0.662
21500,0.279,0.000,0.721
22000,0.417,0.000,0.583
22500,0.470,0.000,0.530
23000,0.343,0.000,0.657
23500,0.294,0.000,0.706
24000,0.478,0.000,0.522
24500,0.318,0.000,0.682
25000,0.293,0.000,0.707
25500,0.362,0.000,0.638
26000,0.421,0.000,0.579
26500,0.396,0.000,0.604
27000,0.477,0.000,0.523
27500,0.400,0.000,0.600
28000,0.392,0.000,0.608
28500,0.362,0.000,0.638
29000,0.306,0.000,0.694
29500,0.350,0.000,0.650
30000,0.391,0.000,0.609
30500,0.430,0.000,0.570
31000,0.321,0.000,0.679
31500,0.255,0.010,0.735
32000,0.412,0.000,0.588
32500,0.425,0.000,0.575
33000,0.374,0.000,0.626
33500,0.390,0.000,0.610
34000,0.334,0.000,0.666
34500,0.463,0.000,0.537
35000,0.475,0.000,0.525
35500,0.446,0.000,0.554
36000,0.329,0.000,0.671
36500,0.252,0.000,0.748
37000,0.440,0.000,0.560
37500,0.482,0.000,0.518
38000,0.394,0.000,0.606
38500,0.482,0.000,0.518
39000,0.300,0.000,0.700
39500,0.437,0.000,0.563
40000,0.339,0.000,0.661
40500,0.422,0.000,0.578
41000,0.424,0.000,0.576
41500,0.477,0.000,0.523
42000,0.570,0.000,0.430
42500,0.416,0.000,0.584
43000,0.346,0.000,0.654
43500,0.423,0.000,0.577
44000,0.421,0.000,0.579
44500,0.300,0.000,0.700
45000,0.423,0.000,0.577
45500,0.428,0.000,0.572
46000,0.379,0.000,0.621
46500,0.410,0.000,0.590
47000,0.306,0.000,0.694
47500,0.382,0.000,0.618
48000,0.409,0.000,0.591
48500,0.556,0.000,0.444
49000,0.388,0.000,0.612
49500,0.383,0.000,0.617
50000,0.542,0.000,0.458
50500,0.440,0.000,0.560
51000,0.369,0.000,0.631
51500,0.269,0.000,0.731
52000,0.227,0.000,0.773
52500,0.355,0.000,0.645
53000,0.362,0.000,0.638
53500,0.314,0.000,0.686
54000,0.393,0.000,0.607
54500,0.382,0.000,0.618
55000,0.359,0.000,0.641
55500,0.366,0.000,0.634
56000,0.396,0.000,0.604
56500,0.495,0.000,0.505
57000,0.385,0.000,0.615
57500,0.311,0.000,0.689
58000,0.419,0.000,0.581
58500,0.445,0.000,0.555
59000,0.476,0.000,0.524
59500,0.419,0.000,0.581
60000,0.250,0.000,0.750
60500,0.401,0.000,0.599
61000,0.546,0.000,0.454
61500,0.446,0.000,0.554
62000,0.369,0.000,0.631
62500,0.325,0.000,0.675
63000,0.401,0.000,0.599
63500,0.297,0.000,0.703
64000,0.328,0.000,0.672
64500,0.497,0.000,0.503
65000,0.455,0.000,0.545
65500,0.409,0.000,0.591
66000,0.383,0.000,0.617
66500,0.354,0.000,0.646
67000,0.400,0.000,0.600
67500,0.336,0.000,0.664
68000,0.393,0.000,0.607
68500,0.294,0.000,0.706
69000,0.491,0.000,0.509
69500,0.479,0.000,0.521
70000,0.373,0.000,0.627
70500,0.322,0.000,0.678
71000,0.299,0.000,0.701
71500,0.293,0.000,0.707
72000,0.340,0.000,0.660
72500,0.472,0.000,0.528
73000,0.353,0.000,0.647
73500,0.437,0.000,0.563
74000,0.491,0.000,0.509
74500,0.385,0.000,0.615
75000,0.480,0.000,0.520
75500,0.519,0.000,0.481
76000,0.248,0.000,0.752
76500,0.456,0.000,0.544
77000,0.365,0.000,0.635
77500,0.334,0.000,0.666
78000,0.372,0.000,0.628
78500,0.383,0.000,0.617
79000,0.578,0.000,0.422
79500,0.493,0.000,0.507
80000,0.401,0.000,0.599
80500,0.318,0.000,0.682
81000,0.366,0.000,0.634
81500,0.378,0.000,0.622
82000,0.394,0.000,0.606
82500,0.390,0.000,0.610
83000,0.411,0.000,0.589
83500,0.427,0.000,0.573
84000,0.461,0.000,0.539
84500,0.500,0.000,0.500
85000,0.607,0.000,0.393
85500,0.449,0.000,0.551
86000,0.455,0.000,0.545
86500,0.364,0.000,0.636
87000,0.362,0.000,0.638
87500,0.437,0.000,0.563
88000,0.329,0.000,0.671
88500,0.394,0.000,0.606
89000,0.328,0.000,0.672
89500,0.324,0.000,0.676
90000,0.445,0.000,0.555
90500,0.488,0.000,0.512
91000,0.469,0.000,0.531
91500,0.328,0.000,0.672
92000,0.412,0.000,0.588
92500,0.277,0.000,0.723
93000,0.233,0.000,0.767
93500,0.290,0.003,0.707
94000,0.392,0.000,0.608
94500,0.436,0.000,0.564
95000,0.414,0.000,0.586
95500,0.318,0.000,0.682
96000,0.282,0.000,0.718
96500,0.326,0.000,0.674
97000,0.363,0.000,0.637
97500,0.319,0.000,0.681
98000,0.314,0.008,0.678
98500,0.389,0.000,0.611
99000,0.393,0.000,0.607
99500,0.352,0.000,0.648
100000,0.337,0.000,0.663
100500,0.485,0.000,0.515
101000,0.408,0.000,0.592
101500,0.435,0.000,0.565
102000,0.424,0.000,0.576
102500,0.350,0.000,0.650
103000,0.434,0.000,0.566
103500,0.308,0.000,0.692
104000,0.321,0.000,0.679
104500,0.388,0.000,0.612
105000,0.309,0.000,0.691
105500,0.331,0.000,0.669
106000,0.386,0.000,0.614
106500,0.501,0.000,0.499
107000,0.498,0.000,0.502
107500,0.354,0.000,0.646
108000,0.354,0.000,0.646
108500,0.420,0.000,0.580
109000,0.385,0.000,0.615
109500,0.418,0.000,0.582
110000,0.453,0.000,0.547
110500,0.275,0.000,0.725
111000,0.300,0.000,0.700
111500,0.334,0.000,0.666
112000,0.411,0.000,0.589
112500,0.484,0.000,0.516
113000,0.433,0.000,0.567
113500,0.365,0.000,0.635
114000,0.345,0.000,0.655
114500,0.517,0.000,0.483
115000,0.375,0.000,0.625
115500,0.362,0.000,0.638
116000,0.225,0.001,0.774
116500,0.379,0.000,0.621
117000,0.343,0.000,0.657
117500,0.393,0.000,0.607
118000,0.407,0.000,0.593
118500,0.439,0.000,0.561
119000,0.329,0.000,0.671
119500,0.362,0.000,0.638
120000,0.381,0.000,0.619
120500,0.360,0.000,0.640
121000,0.437,0.000,0.563
121500,0.337,0.000,0.663
122000,0.401,0.000,0.599
122500,0.385,0.000,0.615
123000,0.331,0.000,0.669
123500,0.343,0.000,0.657
124000,0.351,0.000,0.649
124500,0.339,0.000,0.661
125000,0.310,0.002,0.688
125500,0.289,0.000,0.711
126000,0.458,0.000,0.542
126500,0.401,0.000,0.599
127000,0.409,0.000,0.591
127500,0.386,0.000,0.614
128000,0.386,0.000,0.614
128500,0.371,0.000,0.629
129000,0.434,0.000,0.566
129500,0.340,0.000,0.660
130000,0.327,0.000,0.673
130500,0.335,0.000,0.665
131000,0.480,0.000,0.520
131500,0.337,0.000,0.663
132000,0.329,0.000,0.671
132500,0.442,0.000,0.558
133000,0.429,0.000,0.571
133500,0.422,0.000,0.578
134000,0.328,0.000,0.672
134500,0.397,0.000,0.603
135000,0.411,0.000,0.589
135500,0.412,0.000,0.588
136000,0.388,0.000,0.612
136500,0.475,0.000,0.525
137000,0.485,0.000,0.515
137500,0.403,0.000,0.597
138000,0.385,0.000,0.615
138500,0.302,0.000,0.698
139000,0.295,0.000,0.705
139500,0.298,0.000,0.702
140000,0.254,0.000,0.746
140500,0.339,0.000,0.661
141000,0.308,0.000,0.692
141500,0.376,0.000,0.624
142000,0.389,0.000,0.611
142500,0.345,0.000,0.655
143000,0.337,0.000,0.663
143500,0.435,0.000,0.565
144000,0.365,0.000,0.635
144500,0.414,0.000,0.586
145000,0.410,0.000,0.590
145500,0.300,0.000,0.700
146000,0.390,0.000,0.610
146500,0.452,0.000,0.548
147000,0.352,0.000,0.648
147500,0.434,0.000,0.566
148000,0.381,0.000,0.619
148500,0.371,0.000,0.629
149000,0.325,0.000,0.675
149500,0.395,0.000,0.605
150000,0.319,0.000,0.681
150500,0.376,0.000,0.624
151000,0.478,0.000,0.522
151500,0.261,0.000,0.739
152000,0.456,0.000,0.544
152500,0.269,0.000,0.731
153000,0.311,0.004,0.685
153500,0.309,0.000,0.691
154000,0.342,0.000,0.658
154500,0.376,0.000,0.624
155000,0.377,0.000,0.623
155500,0.395,0.000,0.605
156000,0.328,0.000,0.672
156500,0.366,0.000,0.634
157000,0.454,0.000,0.546
157500,0.372,0.000,0.628
158000,0.322,0.000,0.678
158500,0.375,0.000,0.625
159000,0.339,0.000,0.661
159500,0.333,0.000,0.667
160000,0.412,0.001,0.587
160500,0.530,0.000,0.470
161000,0.507,0.000,0.493
161500,0.371,0.000,0.629
162000,0.341,0.000,0.659
162500,0.294,0.000,0.706
163000,0.397,0.000,0.603
163500,0.547,0.000,0.453
164000,0.413,0.000,0.587
164500,0.349,0.000,0.651
165000,0.314,0.000,0.686
165500,0.418,0.000,0.582
166000,0.434,0.000,0.566
166500,0.479,0.000,0.521
167000,0.411,0.000,0.589
167500,0.412,0.000,0.588
168000,0.418,0.000,0.582
168500,0.416,0.000,0.584
169000,0.371,0.000,0.629
169500,0.520,0.000,0.480
170000,0.409,0.000,0.591
170500,0.343,0.000,0.657
171000,0.435,0.000,0.565
171500,0.439,0.000,0.561
172000,0.303,0.000,0.697
172500,0.407,0.000,0.593
173000,0.486,0.000,0.514
173500,0.452,0.000,0.548
174000,0.465,0.000,0.535
174500,0.327,0.000,0.673
175000,0.165,0.019,0.816
175500,0.237,0.000,0.763
176000,0.344,0.000,0.656
176500,0.472,0.000,0.528
177000,0.358,0.000,0.642
177500,0.507,0.000,0.493
178000,0.339,0.000,0.661
178500,0.523,0.000,0.477
179000,0.371,0.000,0.629
179500,0.448,0.000,0.552
180000,0.425,0.000,0.575
180500,0.255,0.000,0.745
181000,0.342,0.004,0.654
181500,0.413,0.000,0.587
182000,0.385,0.000,0.615
182500,0.371,0.000,0.629
183000,0.461,0.000,0.539
183500,0.309,0.000,0.691
184000,0.446,0.000,0.554
184500,0.501,0.000,0.499
185000,0.333,0.000,0.667
185500,0.483,0.000,0.517
186000,0.458,0.000,0.542
186500,0.383,0.000,0.617
187000,0.456,0.000,0.544
187500,0.464,0.000,0.536
188000,0.415,0.000,0.585
188500,0.451,0.000,0.549
189000,0.456,0.000,0.544
189500,0.384,0.000,0.616
190000,0.371,0.000,0.629
190500,0.472,0.000,0.528
191000,0.295,0.000,0.705
191500,0.344,0.000,0.656
192000,0.463,0.000,0.537
192500,0.317,0.000,0.683
193000,0.412,0.000,0.588
193500,0.459,0.000,0.541
194000,0.375,0.000,0.625
194500,0.394,0.000,0.606
195000,0.446,0.000,0.554
195500,0.355,0.000,0.645
196000,0.445,0.000,0.555
196500,0.411,0.000,0.589
197000,0.483,0.000,0.517
197500,0.435,0.000,0.565
198000,0.410,0.000,0.590
198500,0.328,0.000,0.672
199000,0.414,0.000,0.586
199500,0.413,0.000,0.587
200000,0.304,0.000,0.696
200500,0.363,0.000,0.637
201000,0.509,0.000,0.491
201500,0.393,0.000,0.607
202000,0.311,0.000,0.689
202500,0.244,0.000,0.756
203000,0.436,0.000,0.564
203500,0.384,0.000,0.616
204000,0.421,0.000,0.579
204500,0.419,0.000,0.581
205000,0.466,0.000,0.534
205500,0.399,0.000,0.601
206000,0.426,0.000,0.574
206500,0.248,0.000,0.752
207000,0.332,0.000,0.668
207500,0.405,0.000,0.595
208000,0.508,0.000,0.492
208500,0.509,0.000,0.491
209000,0.459,0.000,0.541
209500,0.399,0.000,0.601
210000,0.460,0.000,0.540
210500,0.348,0.000,0.652
211000,0.370,0.000,0.630
211500,0.310,0.000,0.690
212000,0.422,0.000,0.578
212500,0.311,0.000,0.689
213000,0.409,0.000,0.591
213500,0.402,0.000,0.598
214000,0.353,0.000,0.647
214500,0.324,0.000,0.676
215000,0.429,0.000,0.571
215500,0.364,0.000,0.636
216000,0.348,0.000,0.652
216500,0.471,0.000,0.529
217000,0.400,0.000,0.600
217500,0.329,0.000,0.671
218000,0.308,0.000,0.692
218500,0.331,0.000,0.669
219000,0.445,0.000,0.555
219500,0.428,0.000,0.572
220000,0.408,0.000,0.592
220500,0.442,0.000,0.558
221000,0.469,0.000,0.531
221500,0.499,0.000,0.501
222000,0.277,0.000,0.723
222500,0.427,0.000,0.573
223000,0.345,0.000,0.655
223500,0.425,0.000,0.575
224000,0.479,0.000,0.521
224500,0.412,0.000,0.588
225000,0.449,0.000,0.551
225500,0.459,0.000,0.541
226000,0.424,0.000,0.576
226500,0.455,0.000,0.545
227000,0.473,0.000,0.527
227500,0.553,0.000,0.447
228000,0.330,0.000,0.670
228500,0.344,0.000,0.656
229000,0.388,0.000,0.612
229500,0.279,0.000,0.721
230000,0.392,0.009,0.599
230500,0.370,0.000,0.630
231000,0.282,0.000,0.718
231500,0.447,0.000,0.553
232000,0.411,0.000,0.589
232500,0.424,0.000,0.576
233000,0.446,0.000,0.554
233500,0.336,0.000,0.664
234000,0.490,0.000,0.510
234500,0.448,0.000,0.552
235000,0.370,0.000,0.630
235500,0.380,0.000,0.620
236000,0.374,0.000,0.626
236500,0.295,0.000,0.705
237000,0.339,0.000,0.661
237500,0.453,0.000,0.547
238000,0.427,0.000,0.573
238500,0.357,0.000,0.643
239000,0.407,0.000,0.593
239500,0.410,0.000,0.590
240000,0.376,0.000,0.624
240500,0.380,0.000,0.620
241000,0.395,0.000,0.605
241500,0.414,0.000,0.586
242000,0.373,0.000,0.627
242500,0.398,0.000,0.602
243000,0.434,0.000,0.566
243500,0.376,0.000,0.624
244000,0.376,0.000,0.624
244500,0.430,0.000,0.570
245000,0.445,0.000,0.555
245500,0.401,0.000,0.599
246000,0.564,0.000,0.436
246500,0.377,0.000,0.623
247000,0.308,0.000,0.692
247500,0.413,0.000,0.587
248000,0.385,0.002,0.613
248500,0.531,0.000,0.469
249000,0.345,0.000,0.655
249500,0.452,0.000,0.548
250000,0.536,0.000,0.464
250500,0.396,0.000,0.604
251000,0.289,0.000,0.711
251500,0.368,0.000,0.632
252000,0.395,0.000,0.605
252500,0.298,0.000,0.702
253000,0.357,0.000,0.643
253500,0.463,0.000,0.537
254000,0.474,0.000,0.526
254500,0.333,0.000,0.667
255000,0.401,0.000,0.599
255500,0.324,0.000,0.676
256000,0.412,0.000,0.588
256500,0.380,0.000,0.620
257000,0.412,0.000,0.588
257500,0.453,0.000,0.547
258000,0.346,0.000,0.654
258500,0.331,0.000,0.669
259000,0.329,0.000,0.671
259500,0.478,0.000,0.522
260000,0.272,0.000,0.728
260500,0.331,0.000,0.669
261000,0.394,0.000,0.606
261500,0.384,0.000,0.616
262000,0.350,0.000,0.650
262500,0.314,0.012,0.674
263000,0.300,0.000,0.700
263500,0.362,0.000,0.638
264000,0.372,0.000,0.628
264500,0.429,0.000,0.571
265000,0.465,0.000,0.535
265500,0.380,0.000,0.620
266000,0.484,0.000,0.516
266500,0.517,0.000,0.483
267000,0.350,0.000,0.650
267500,0.378,0.000,0.622
268000,0.368,0.000,0.632
268500,0.244,0.000,0.756
269000,0.369,0.000,0.631
269500,0.307,0.000,0.693
270000,0.337,0.000,0.663
270500,0.482,0.000,0.518
271000,0.403,0.000,0.597
271500,0.460,0.000,0.540
272000,0.323,0.000,0.677
272500,0.338,0.000,0.662
273000,0.344,0.000,0.656
273500,0.338,0.000,0.662
274000,0.431,0.000,0.569
274500,0.342,0.000,0.658
275000,0.301,0.000,0.699
275500,0.430,0.000,0.570
276000,0.295,0.000,0.705
276500,0.483,0.000,0.517
277000,0.397,0.000,0.603
277500,0.546,0.001,0.453
278000,0.331,0.000,0.669
278500,0.349,0.000,0.651
279000,0.398,0.000,0.602
279500,0.332,0.000,0.668
280000,0.447,0.000,0.553
280500,0.325,0.000,0.675
281000,0.330,0.000,0.670
281500,0.366,0.000,0.634
282000,0.395,0.000,0.605
282500,0.421,0.000,0.579
283000,0.360,0.000,0.640
283500,0.482,0.000,0.518
284000,0.419,0.000,0.581
284500,0.324,0.000,0.676
285000,0.389,0.000,0.611
285500,0.509,0.000,0.491
286000,0.338,0.000,0.662
286500,0.363,0.000,0.637
287000,0.501,0.000,0.499
287500,0.357,0.000,0.643
288000,0.294,0.000,0.706
288500,0.387,0.000,0.613
289000,0.379,0.000,0.621
289500,0.368,0.000,0.632
290000,0.283,0.000,0.717
290500,0.387,0.000,0.613
291000,0.365,0.000,0.635
291500,0.289,0.011,0.700
292000,0.310,0.000,0.690
292500,0.380,0.000,0.620
293000,0.499,0.000,0.501
293500,0.452,0.000,0.548
294000,0.425,0.000,0.575
294500,0.456,0.000,0.544
295000,0.428,0.000,0.572
295500,0.375,0.000,0.625
296000,0.486,0.000,0.514
296500,0.470,0.000,0.530
297000,0.486,0.000,0.514
297500,0.507,0.000,0.493
298000,0.443,0.000,0.557
298500,0.497,0.000,0.503
299000,0.562,0.000,0.438
299500,0.377,0.000,0.623
300000,0.411,0.000,0.589
300500,0.310,0.000,0.690
301000,0.377,0.000,0.623
301500,0.375,0.000,0.625
302000,0.369,0.000,0.631
302500,0.413,0.000,0.587
303000,0.351,0.000,0.649
303500,0.394,0.000,0.606
304000,0.479,0.000,0.521
304500,0.583,0.000,0.417
305000,0.412,0.000,0.588
305500,0.579,0.000,0.421
306000,0.425,0.000,0.575
306500,0.456,0.000,0.544
307000,0.479,0.000,0.521
307500,0.366,0.000,0.634
308000,0.387,0.000,0.613
308500,0.340,0.000,0.660
309000,0.437,0.000,0.563
309500,0.458,0.000,0.542
310000,0.494,0.000,0.506
310500,0.342,0.000,0.658
311000,0.352,0.000,0.648
311500,0.377,0.000,0.623
312000,0.413,0.000,0.587
312500,0.372,0.000,0.628
313000,0.397,0.000,0.603
313500,0.535,0.000,0.465
314000,0.470,0.000,0.530
314500,0.410,0.000,0.590
315000,0.459,0.000,0.541
315500,0.444,0.000,0.556
316000,0.437,0.000,0.563
316500,0.604,0.000,0.396
317000,0.427,0.000,0.573
317500,0.359,0.000,0.641
318000,0.426,0.000,0.574
318500,0.492,0.000,0.508
319000,0.460,0.000,0.540
319500,0.482,0.000,0.518
320000,0.253,0.000,0.747
320500,0.281,0.000,0.719
321000,0.319,0.000,0.681
321500,0.248,0.000,0.752
322000,0.441,0.000,0.559
322500,0.466,0.000,0.534
323000,0.387,0.000,0.613
323500,0.395,0.000,0.605
324000,0.464,0.000,0.536
324500,0.490,0.000,0.510
325000,0.358,0.000,0.642
325500,0.444,0.000,0.556
326000,0.490,0.000,0.510
326500,0.440,0.000,0.560
327000,0.383,0.000,0.617
327500,0.427,0.000,0.573
328000,0.418,0.000,0.582
328500,0.444,0.000,0.556
329000,0.423,0.000,0.577
329500,0.500,0.000,0.500
330000,0.366,0.000,0.634
330500,0.305,0.000,0.695
331000,0.392,0.000,0.608
331500,0.311,0.000,0.689
332000,0.476,0.000,0.524
332500,0.382,0.000,0.618
333000,0.288,0.000,0.712
333500,0.340,0.000,0.660
334000,0.431,0.000,0.569
334500,0.321,0.000,0.679
335000,0.323,0.000,0.677
335500,0.317,0.000,0.683
336000,0.269,0.000,0.731
336500,0.508,0.000,0.492
337000,0.309,0.000,0.691
337500,0.349,0.000,0.651
338000,0.447,0.000,0.553
338500,0.383,0.000,0.617
339000,0.255,0.000,0.745
339500,0.317,0.000,0.683
340000,0.367,0.000,0.633
340500,0.478,0.000,0.522
341000,0.296,0.000,0.704
341500,0.329,0.003,0.668
342000,0.423,0.000,0.577
342500,0.415,0.000,0.585
343000,0.491,0.000,0.509
343500,0.479,0.000,0.521
344000,0.316,0.000,0.684
344500,0.402,0.000,0.598
345000,0.419,0.000,0.581
345500,0.349,0.002,0.649
346000,0.407,0.000,0.593
346500,0.416,0.000,0.584
347000,0.450,0.000,0.550
347500,0.411,0.000,0.589
348000,0.293,0.000,0.707
348500,0.456,0.000,0.544
349000,0.427,0.000,0.573
349500,0.319,0.000,0.681
350000,0.399,0.000,0.601
350500,0.405,0.000,0.595
351000,0.465,0.000,0.535
351500,0.517,0.000,0.483
352000,0.416,0.000,0.584
352500,0.283,0.000,0.717
353000,0.281,0.000,0.719
353500,0.340,0.000,0.660
354000,0.396,0.000,0.604
354500,0.383,0.000,0.617
355000,0.385,0.000,0.615
355500,0.420,0.000,0.580
356000,0.348,0.000,0.652
356500,0.316,0.000,0.684
357000,0.440,0.000,0.560
357500,0.417,0.000,0.583
358000,0.318,0.000,0.682
358500,0.321,0.000,0.679
359000,0.289,0.000,0.711
359500,0.385,0.000,0.615
360000,0.364,0.000,0.636
360500,0.385,0.000,0.615
361000,0.320,0.000,0.680
361500,0.347,0.000,0.653
362000,0.380,0.000,0.620
362500,0.447,0.000,0.553
363000,0.529,0.000,0.471
363500,0.516,0.000,0.484
364000,0.420,0.000,0.580
364500,0.398,0.000,0.602
365000,0.428,0.000,0.572
365500,0.288,0.000,0.712
366000,0.424,0.000,0.576
366500,0.400,0.000,0.600
367000,0.440,0.000,0.560
367500,0.289,0.000,0.711
368000,0.309,0.000,0.691
368500,0.367,0.000,0.633
369000,0.358,0.000,0.642
369500,0.305,0.000,0.695
370000,0.329,0.000,0.671
370500,0.303,0.000,0.697
371000,0.410,0.000,0.590
371500,0.496,0.000,0.504
372000,0.350,0.000,0.650
372500,0.349,0.000,0.651
373000,0.440,0.000,0.560
373500,0.355,0.000,0.645
374000,0.475,0.000,0.525
374500,0.402,0.000,0.598
375000,0.458,0.000,0.542
375500,0.410,0.000,0.590
376000,0.289,0.000,0.711
376500,0.367,0.000,0.633
377000,0.388,0.000,0.612
377500,0.351,0.000,0.649
378000,0.391,0.000,0.609
378500,0.316,0.000,0.684
379000,0.491,0.000,0.509
379500,0.381,0.000,0.619
380000,0.335,0.000,0.665
380500,0.448,0.000,0.552
381000,0.571,0.000,0.429
381500,0.422,0.000,0.578
382000,0.371,0.000,0.629
382500,0.468,0.000,0.532
383000,0.371,0.000,0.629
383500,0.376,0.000,0.624
384000,0.365,0.000,0.635
384500,0.341,0.000,0.659
385000,0.375,0.000,0.625
385500,0.321,0.000,0.679
386000,0.462,0.000,0.538
386500,0.472,0.000,0.528
387000,0.477,0.000,0.523
387500,0.405,0.000,0.595
388000,0.399,0.000,0.601
388500,0.347,0.000,0.653
389000,0.417,0.000,0.583
389500,0.253,0.000,0.747
390000,0.485,0.000,0.515
390500,0.525,0.000,0.475
391000,0.529,0.000,0.471
391500,0.507,0.000,0.493
392000,0.321,0.000,0.679
392500,0.432,0.000,0.568
393000,0.351,0.000,0.649
393500,0.524,0.000,0.476
394000,0.372,0.000,0.628
394500,0.317,0.000,0.683
395000,0.340,0.000,0.660
395500,0.359,0.000,0.641
396000,0.328,0.000,0.672
396500,0.335,0.000,0.665
397000,0.549,0.000,0.451
397500,0.426,0.000,0.574
398000,0.497,0.000,0.503
398500,0.482,0.000,0.518
399000,0.544,0.000,0.456
399500,0.480,0.000,0.520
400000,0.424,0.000,0.576
400500,0.312,0.000,0.688
401000,0.392,0.000,0.608
401500,0.383,0.000,0.617
402000,0.327,0.002,0.671
402500,0.350,0.000,0.650
403000,0.373,0.000,0.627
403500,0.357,0.000,0.643
404000,0.357,0.000,0.643
404500,0.314,0.000,0.686
405000,0.410,0.000,0.590
405500,0.466,0.000,0.534
406000,0.394,0.000,0.606
406500,0.387,0.000,0.613
407000,0.313,0.000,0.687
407500,0.475,0.000,0.525
408000,0.447,0.000,0.553
408500,0.523,0.000,0.477
409000,0.488,0.000,0.512
409500,0.415,0.000,0.585
410000,0.444,0.000,0.556
410500,0.385,0.000,0.615
411000,0.507,0.000,0.493
411500,0.291,0.000,0.709
412000,0.363,0.000,0.637
412500,0.468,0.000,0.532
413000,0.386,0.000,0.614
413500,0.397,0.000,0.603
414000,0.385,0.000,0.615
414500,0.434,0.000,0.566
415000,0.288,0.000,0.712
415500,0.378,0.000,0.622
416000,0.489,0.000,0.511
416500,0.365,0.000,0.635
417000,0.342,0.000,0.658
417500,0.394,0.000,0.606
418000,0.383,0.000,0.617
418500,0.432,0.000,0.568
419000,0.496,0.000,0.504
419500,0.306,0.000,0.694
420000,0.459,0.000,0.541
420500,0.501,0.000,0.499
421000,0.453,0.000,0.547
421500,0.439,0.000,0.561
422000,0.443,0.000,0.557
422500,0.541,0.000,0.459
423000,0.299,0.000,0.701
423500,0.313,0.000,0.687
424000,0.262,0.000,0.738
424500,0.399,0.000,0.601
425000,0.435,0.000,0.565
425500,0.449,0.000,0.551
426000,0.364,0.000,0.636
426500,0.514,0.000,0.486
427000,0.399,0.000,0.601
427500,0.360,0.000,0.640
428000,0.346,0.000,0.654
428500,0.454,0.000,0.546
429000,0.384,0.000,0.616
429500,0.353,0.000,0.647
430000,0.246,0.000,0.754
430500,0.391,0.000,0.609
431000,0.399,0.000,0.601
431500,0.480,0.000,0.520
432000,0.373,0.000,0.627
432500,0.405,0.000,0.595
433000,0.436,0.000,0.564
433500,0.419,0.000,0.581
434000,0.370,0.000,0.630
434500,0.339,0.000,0.661
435000,0.450,0.000,0.550
435500,0.373,0.000,0.627
436000,0.315,0.000,0.685
436500,0.384,0.000,0.616
437000,0.355,0.000,0.645
437500,0.291,0.000,0.709
438000,0.301,0.000,0.699
438500,0.385,0.000,0.615
439000,0.375,0.000,0.625
439500,0.464,0.000,0.536
440000,0.423,0.000,0.577
440500,0.379,0.000,0.621
441000,0.431,0.000,0.569
441500,0.479,0.000,0.521
442000,0.384,0.000,0.616
442500,0.427,0.000,0.573
443000,0.409,0.000,0.591
443500,0.452,0.000,0.548
444000,0.411,0.000,0.589
444500,0.432,0.000,0.568
445000,0.258,0.000,0.742
445500,0.336,0.000,0.664
446000,0.288,0.000,0.712
446500,0.440,0.000,0.560
447000,0.332,0.000,0.668
447500,0.381,0.000,0.619
448000,0.363,0.000,0.637
448500,0.463,0.000,0.537
449000,0.478,0.000,0.522
449500,0.425,0.000,0.575
450000,0.382,0.000,0.618
450500,0.415,0.000,0.585
451000,0.377,0.000,0.623
451500,0.386,0.000,0.614
452000,0.313,0.000,0.687
452500,0.477,0.000,0.523
453000,0.542,0.000,0.458
453500,0.454,0.000,0.546
454000,0.421,0.000,0.579
454500,0.403,0.000,0.597
455000,0.311,0.000,0.689
455500,0.398,0.000,0.602
456000,0.480,0.000,0.520
456500,0.395,0.000,0.605
457000,0.495,0.000,0.505
457500,0.488,0.000,0.512
458000,0.472,0.000,0.528
458500,0.407,0.000,0.593
459000,0.395,0.000,0.605
459500,0.397,0.000,0.603
460000,0.362,0.000,0.638
460500,0.242,0.000,0.758
461000,0.325,0.000,0.675
461500,0.394,0.000,0.606
462000,0.381,0.000,0.619
462500,0.254,0.000,0.746
463000,0.485,0.000,0.515
463500,0.487,0.000,0.513
464000,0.532,0.000,0.468
464500,0.505,0.000,0.495
465000,0.388,0.000,0.612
465500,0.363,0.000,0.637
466000,0.359,0.000,0.641
466500,0.381,0.000,0.619
467000,0.432,0.000,0.568
467500,0.477,0.000,0.523
468000,0.388,0.000,0.612
468500,0.377,0.000,0.623
469000,0.290,0.000,0.710
469500,0.454,0.000,0.546
470000,0.424,0.000,0.576
470500,0.333,0.000,0.667
471000,0.499,0.000,0.501
471500,0.379,0.000,0.621
472000,0.427,0.000,0.573
472500,0.324,0.000,0.676
473000,0.372,0.000,0.628
473500,0.254,0.000,0.746
474000,0.348,0.000,0.652
474500,0.488,0.000,0.512
475000,0.380,0.000,0.620
475500,0.402,0.000,0.598
476000,0.453,0.000,0.547
476500,0.375,0.000,0.625
477000,0.434,0.000,0.566
477500,0.385,0.000,0.615
478000,0.349,0.000,0.651
478500,0.423,0.000,0.577
479000,0.473,0.000,0.527
479500,0.403,0.000,0.597
480000,0.460,0.000,0.540
480500,0.424,0.000,0.576
481000,0.380,0.000,0.620
481500,0.317,0.000,0.683
482000,0.460,0.000,0.540
482500,0.307,0.000,0.693
483000,0.353,0.000,0.647
483500,0.447,0.000,0.553
484000,0.298,0.000,0.702
484500,0.361,0.000,0.639
485000,0.370,0.000,0.630
485500,0.381,0.000,0.619
486000,0.386,0.000,0.614
486500,0.368,0.000,0.632
487000,0.369,0.000,0.631
487500,0.440,0.000,0.560
488000,0.450,0.000,0.550
488500,0.321,0.000,0.679
489000,0.322,0.000,0.678
489500,0.330,0.000,0.670
490000,0.396,0.000,0.604
490500,0.331,0.000,0.669
491000,0.325,0.000,0.675
491500,0.331,0.000,0.669
492000,0.408,0.000,0.592
492500,0.293,0.000,0.707
493000,0.352,0.000,0.648
493500,0.331,0.000,0.669
494000,0.382,0.000,0.618
494500,0.412,0.000,0.588
495000,0.378,0.000,0.622
495500,0.522,0.000,0.478
496000,0.422,0.000,0.578
496500,0.316,0.000,0.684
497000,0.413,0.000,0.587
497500,0.427,0.000,0.573
498000,0.485,0.000,0.515
498500,0.505,0.000,0.495
499000,0.503,0.000,0.497
499500,0.507,0.000,0.493
500000,0.462,0.000,0.538
500500,0.499,0.000,0.501
501000,0.467,0.000,0.533
501500,0.359,0.000,0.641
502000,0.343,0.000,0.657
502500,0.527,0.000,0.473
503000,0.304,0.000,0.696
503500,0.391,0.000,0.609
504000,0.308,0.000,0.692
504500,0.401,0.000,0.599
505000,0.447,0.000,0.553
505500,0.351,0.000,0.649
506000,0.392,0.000,0.608
506500,0.276,0.000,0.724
507000,0.338,0.000,0.662
507500,0.391,0.000,0.609
508000,0.324,0.000,0.676
508500,0.370,0.000,0.630
509000,0.391,0.000,0.609
509500,0.407,0.000,0.593
510000,0.424,0.000,0.576
510500,0.396,0.000,0.604
511000,0.389,0.000,0.611
511500,0.358,0.000,0.642
512000,0.363,0.000,0.637
512500,0.374,0.000,0.626
513000,0.374,0.000,0.626
513500,0.303,0.000,0.697
514000,0.430,0.000,0.570
514500,0.447,0.000,0.553
515000,0.392,0.000,0.608
515500,0.550,0.000,0.450
516000,0.448,0.000,0.552
516500,0.476,0.000,0.524
517000,0.374,0.000,0.626
517500,0.478,0.000,0.522
518000,0.330,0.000,0.670
518500,0.321,0.000,0.679
519000,0.349,0.000,0.651
519500,0.263,0.000,0.737
520000,0.343,0.000,0.657
520500,0.356,0.000,0.644
521000,0.284,0.000,0.716
521500,0.399,0.000,0.601
522000,0.401,0.000,0.599
522500,0.540,0.000,0.460
523000,0.460,0.000,0.540
523500,0.307,0.000,0.693
524000,0.373,0.000,0.627
524500,0.322,0.000,0.678
525000,0.383,0.000,0.617
525500,0.320,0.000,0.680
526000,0.442,0.000,0.558
526500,0.344,0.000,0.656
527000,0.517,0.000,0.483
527500,0.403,0.000,0.597
528000,0.427,0.000,0.573
528500,0.430,0.000,0.570
529000,0.454,0.000,0.546
529500,0.350,0.000,0.650
530000,0.383,0.000,0.617
530500,0.484,0.000,0.516
531000,0.441,0.000,0.559
531500,0.500,0.000,0.500
532000,0.312,0.005,0.683
532500,0.327,0.000,0.673
533000,0.247,0.000,0.753
533500,0.321,0.000,0.679
534000,0.376,0.000,0.624
534500,0.322,0.000,0.678
535000,0.379,0.000,0.621
535500,0.377,0.000,0.623
536000,0.457,0.000,0.543
536500,0.308,0.000,0.692
537000,0.314,0.000,0.686
537500,0.444,0.000,0.556
538000,0.436,0.000,0.564
538500,0.356,0.000,0.644
539000,0.356,0.000,0.644
539500,0.476,0.000,0.524
540000,0.321,0.000,0.679
540500,0.377,0.000,0.623
541000,0.270,0.000,0.730
541500,0.331,0.007,0.662
542000,0.412,0.000,0.588
542500,0.488,0.000,0.512
543000,0.390,0.000,0.610
543500,0.352,0.000,0.648
544000,0.451,0.000,0.549
544500,0.381,0.000,0.619
545000,0.372,0.000,0.628
545500,0.408,0.000,0.592
546000,0.370,0.000,0.630
546500,0.368,0.000,0.632
547000,0.533,0.000,0.467
547500,0.410,0.000,0.590
548000,0.298,0.000,0.702
548500,0.317,0.000,0.683
549000,0.527,0.000,0.473
549500,0.464,0.000,0.536
550000,0.490,0.000,0.510
550500,0.377,0.000,0.623
551000,0.362,0.000,0.638
551500,0.358,0.000,0.642
552000,0.328,0.000,0.672
552500,0.324,0.000,0.676
553000,0.341,0.000,0.659
553500,0.403,0.000,0.597
554000,0.341,0.000,0.659
554500,0.454,0.000,0.546
555000,0.384,0.000,0.616
555500,0.315,0.000,0.685
556000,0.243,0.000,0.757
556500,0.294,0.000,0.706
557000,0.518,0.000,0.482
557500,0.401,0.000,0.599
558000,0.401,0.000,0.599
558500,0.373,0.000,0.627
559000,0.410,0.000,0.590
559500,0.510,0.000,0.490
560000,0.386,0.000,0.614
560500,0.373,0.000,0.627
561000,0.354,0.000,0.646
561500,0.293,0.000,0.707
562000,0.418,0.000,0.582
562500,0.371,0.000,0.629
563000,0.367,0.000,0.633
563500,0.326,0.002,0.672
564000,0.334,0.000,0.666
564500,0.416,0.000,0.584
565000,0.266,0.000,0.734
565500,0.442,0.000,0.558
566000,0.436,0.000,0.564
566500,0.398,0.000,0.602
567000,0.434,0.000,0.566
567500,0.509,0.000,0.491
568000,0.428,0.000,0.572
568500,0.356,0.000,0.644
569000,0.396,0.000,0.604
569500,0.341,0.000,0.659
570000,0.466,0.000,0.534
570500,0.382,0.000,0.618
571000,0.397,0.000,0.603
571500,0.322,0.000,0.678
572000,0.312,0.000,0.688
572500,0.322,0.000,0.678
573000,0.421,0.000,0.579
573500,0.386,0.011,0.603
574000,0.457,0.000,0.543
574500,0.420,0.000,0.580
575000,0.325,0.012,0.663
575500,0.344,0.000,0.656
576000,0.361,0.000,0.639
576500,0.293,0.000,0.707
577000,0.390,0.000,0.610
577500,0.365,0.000,0.635
578000,0.482,0.000,0.518
578500,0.330,0.000,0.670
579000,0.413,0.000,0.587
579500,0.490,0.000,0.510
580000,0.547,0.000,0.453
580500,0.366,0.000,0.634
581000,0.406,0.000,0.594
581500,0.440,0.000,0.560
582000,0.382,0.000,0.618
582500,0.304,0.000,0.696
583000,0.304,0.006,0.690
583500,0.359,0.000,0.641
584000,0.376,0.000,0.624
584500,0.462,0.000,0.538
585000,0.663,0.000,0.337
585500,0.464,0.000,0.536
586000,0.362,0.000,0.638
586500,0.323,0.000,0.677
587000,0.328,0.000,0.672
587500,0.307,0.000,0.693
588000,0.443,0.000,0.557
588500,0.451,0.000,0.549
589000,0.414,0.000,0.586
589500,0.342,0.000,0.658
590000,0.404,0.000,0.596
590500,0.404,0.000,0.596
591000,0.482,0.000,0.518
591500,0.447,0.000,0.553
592000,0.419,0.000,0.581
592500,0.380,0.000,0.620
593000,0.466,0.000,0.534
593500,0.325,0.000,0.675
594000,0.320,0.000,0.680
594500,0.382,0.000,0.618
595000,0.315,0.000,0.685
595500,0.284,0.000,0.716
596000,0.349,0.000,0.651
596500,0.334,0.000,0.666
597000,0.432,0.000,0.568
597500,0.347,0.000,0.653
598000,0.405,0.000,0.595
598500,0.364,0.000,0.636
599000,0.431,0.000,0.569
599500,0.355,0.000,0.645
600000,0.232,0.000,0.768
600500,0.368,0.000,0.632
601000,0.446,0.000,0.554
601500,0.480,0.000,0.520
602000,0.375,0.000,0.625
602500,0.257,0.000,0.743
603000,0.295,0.000,0.705
603500,0.333,0.000,0.667
604000,0.422,0.000,0.578
604500,0.330,0.000,0.670
605000,0.409,0.000,0.591
605500,0.358,0.000,0.642
606000,0.386,0.000,0.614
606500,0.444,0.000,0.556
607000,0.463,0.000,0.537
607500,0.455,0.000,0.545
608000,0.493,0.000,0.507
608500,0.452,0.000,0.548
609000,0.344,0.000,0.656
609500,0.400,0.000,0.600
610000,0.360,0.000,0.640
610500,0.429,0.000,0.571
611000,0.376,0.000,0.624
611500,0.300,0.000,0.700
612000,0.420,0.000,0.580
612500,0.348,0.000,0.652
613000,0.305,0.000,0.695
613500,0.337,0.000,0.663
614000,0.326,0.000,0.674
614500,0.439,0.000,0.561
615000,0.442,0.000,0.558
615500,0.426,0.000,0.574
616000,0.325,0.000,0.675
616500,0.386,0.000,0.614
617000,0.379,0.000,0.621
617500,0.345,0.000,0.655
618000,0.393,0.000,0.607
618500,0.488,0.000,0.512
619000,0.420,0.000,0.580
619500,0.433,0.000,0.567
620000,0.495,0.000,0.505
620500,0.394,0.000,0.606
621000,0.319,0.000,0.681
621500,0.284,0.003,0.713
622000,0.457,0.000,0.543
622500,0.300,0.000,0.700
623000,0.348,0.000,0.652
623500,0.355,0.000,0.645
624000,0.314,0.000,0.686
624500,0.420,0.000,0.580
625000,0.466,0.000,0.534
625500,0.501,0.000,0.499
626000,0.464,0.000,0.536
626500,0.359,0.000,0.641
627000,0.370,0.000,0.630
627500,0.342,0.000,0.658
628000,0.276,0.000,0.724
628500,0.434,0.000,0.566
629000,0.309,0.000,0.691
629500,0.296,0.000,0.704
630000,0.544,0.000,0.456
630500,0.393,0.000,0.607
631000,0.355,0.000,0.645
631500,0.413,0.000,0.587
632000,0.456,0.000,0.544
632500,0.441,0.000,0.559
633000,0.387,0.000,0.613
633500,0.394,0.000,0.606
634000,0.422,0.000,0.578
634500,0.360,0.000,0.640
635000,0.354,0.000,0.646
635500,0.425,0.000,0.575
636000,0.331,0.000,0.669
636500,0.326,0.000,0.674
637000,0.476,0.000,0.524
637500,0.380,0.000,0.620
638000,0.313,0.000,0.687
638500,0.409,0.000,0.591
639000,0.546,0.000,0.454
639500,0.326,0.000,0.674
640000,0.378,0.000,0.622
640500,0.534,0.000,0.466
641000,0.430,0.000,0.570
641500,0.533,0.000,0.467
642000,0.483,0.000,0.517
642500,0.277,0.000,0.723
643000,0.358,0.000,0.642
643500,0.502,0.000,0.498
644000,0.387,0.000,0.613
644500,0.323,0.000,0.677
645000,0.399,0.000,0.601
645500,0.356,0.000,0.644
646000,0.418,0.000,0.582
646500,0.279,0.000,0.721
647000,0.330,0.000,0.670
647500,0.315,0.000,0.685
648000,0.380,0.000,0.620
648500,0.464,0.000,0.536
649000,0.370,0.000,0.630
649500,0.394,0.000,0.606
650000,0.415,0.000,0.585
650500,0.417,0.000,0.583
651000,0.496,0.000,0.504
651500,0.393,0.000,0.607
652000,0.371,0.000,0.629
652500,0.381,0.000,0.619
653000,0.377,0.001,0.622
653500,0.416,0.000,0.584
654000,0.309,0.000,0.691
654500,0.475,0.000,0.525
655000,0.428,0.000,0.572
655500,0.462,0.000,0.538
656000,0.321,0.000,0.679
656500,0.404,0.000,0.596
657000,0.420,0.000,0.580
657500,0.328,0.000,0.672
658000,0.365,0.000,0.635
658500,0.394,0.000,0.606
659000,0.331,0.000,0.669
659500,0.468,0.000,0.532
660000,0.511,0.000,0.489
660500,0.320,0.000,0.680
661000,0.290,0.000,0.710
661500,0.373,0.000,0.627
662000,0.317,0.000,0.683
662500,0.446,0.000,0.554
663000,0.447,0.000,0.553
663500,0.431,0.000,0.569
664000,0.369,0.000,0.631
664500,0.394,0.000,0.606
665000,0.472,0.000,0.528
665500,0.394,0.000,0.606
666000,0.426,0.000,0.574
666500,0.328,0.000,0.672
667000,0.340,0.000,0.660
667500,0.266,0.000,0.734
668000,0.424,0.000,0.576
668500,0.335,0.000,0.665
669000,0.353,0.000,0.647
669500,0.394,0.000,0.606
670000,0.291,0.000,0.709
670500,0.307,0.002,0.691
671000,0.480,0.000,0.520
671500,0.382,0.000,0.618
672000,0.499,0.000,0.501
672500,0.349,0.000,0.651
673000,0.455,0.000,0.545
673500,0.431,0.000,0.569
674000,0.359,0.000,0.641
674500,0.349,0.000,0.651
675000,0.371,0.000,0.629
675500,0.400,0.000,0.600
676000,0.530,0.000,0.470
676500,0.328,0.000,0.672
677000,0.349,0.000,0.651
677500,0.294,0.000,0.706
678000,0.340,0.000,0.660
678500,0.393,0.000,0.607
679000,0.400,0.000,0.600
679500,0.366,0.000,0.634
680000,0.416,0.000,0.584
680500,0.424,0.000,0.576
681000,0.368,0.004,0.628
681500,0.483,0.000,0.517
682000,0.430,0.000,0.570
682500,0.408,0.000,0.592
683000,0.432,0.000,0.568
683500,0.464,0.000,0.536
684000,0.392,0.000,0.608
684500,0.297,0.000,0.703
685000,0.375,0.000,0.625
685500,0.274,0.000,0.726
686000,0.331,0.000,0.669
686500,0.370,0.000,0.630
687000,0.451,0.000,0.549
687500,0.519,0.000,0.481
688000,0.329,0.000,0.671
688500,0.315,0.000,0.685
689000,0.301,0.000,0.699
689500,0.405,0.000,0.595
690000,0.342,0.000,0.658
690500,0.355,0.000,0.645
691000,0.473,0.000,0.527
691500,0.321,0.000,0.679
692000,0.388,0.000,0.612
692500,0.357,0.000,0.643
693000,0.390,0.000,0.610
693500,0.351,0.000,0.649
694000,0.405,0.000,0.595
694500,0.438,0.000,0.562
695000,0.292,0.000,0.708
695500,0.293,0.000,0.707
696000,0.277,0.002,0.721
696500,0.482,0.000,0.518
697000,0.379,0.000,0.621
697500,0.466,0.000,0.534
698000,0.391,0.000,0.609
698500,0.403,0.000,0.597
699000,0.374,0.000,0.626
699500,0.464,0.000,0.536
700000,0.379,0.000,0.621
700500,0.322,0.000,0.678
701000,0.219,0.000,0.781
701500,0.409,0.000,0.591
702000,0.382,0.000,0.618
702500,0.447,0.000,0.553
703000,0.392,0.000,0.608
703500,0.428,0.000,0.572
704000,0.317,0.000,0.683
704500,0.416,0.000,0.584
705000,0.395,0.000,0.605
705500,0.388,0.000,0.612
706000,0.263,0.000,0.737
706500,0.346,0.001,0.653
707000,0.501,0.000,0.499
707500,0.471,0.000,0.529
708000,0.294,0.000,0.706
708500,0.374,0.000,0.626
709000,0.424,0.000,0.576
709500,0.384,0.000,0.616
710000,0.413,0.000,0.587
710500,0.332,0.000,0.668
711000,0.388,0.000,0.612
711500,0.460,0.000,0.540
712000,0.342,0.000,0.658
712500,0.381,0.000,0.619
713000,0.413,0.000,0.587
713500,0.386,0.000,0.614
714000,0.463,0.000,0.537
714500,0.320,0.000,0.680
715000,0.507,0.000,0.493
715500,0.325,0.000,0.675
716000,0.435,0.000,0.565
716500,0.444,0.000,0.556
717000,0.414,0.000,0.586
717500,0.272,0.012,0.716
718000,0.371,0.000,0.629
718500,0.416,0.000,0.584
719000,0.390,0.000,0.610
719500,0.350,0.000,0.650
720000,0.361,0.000,0.639
720500,0.451,0.000,0.549
721000,0.378,0.000,0.622
721500,0.240,0.000,0.760
722000,0.410,0.000,0.590
722500,0.427,0.000,0.573
723000,0.308,0.000,0.692
723500,0.424,0.000,0.576
724000,0.410,0.000,0.590
724500,0.323,0.000,0.677
725000,0.355,0.000,0.645
725500,0.463,0.000,0.537
726000,0.357,0.000,0.643
726500,0.376,0.000,0.624
727000,0.401,0.000,0.599
727500,0.491,0.000,0.509
728000,0.550,0.000,0.450
728500,0.475,0.000,0.525
729000,0.463,0.000,0.537
729500,0.485,0.000,0.515
730000,0.385,0.000,0.615
730500,0.416,0.000,0.584
731000,0.322,0.000,0.678
731500,0.342,0.000,0.658
732000,0.515,0.000,0.485
732500,0.288,0.000,0.712
733000,0.341,0.000,0.659
733500,0.415,0.000,0.585
734000,0.482,0.000,0.518
734500,0.412,0.000,0.588
735000,0.387,0.000,0.613
735500,0.387,0.000,0.613
736000,0.437,0.000,0.563
736500,0.412,0.000,0.588
737000,0.349,0.000,0.651
737500,0.281,0.000,0.719
738000,0.468,0.000,0.532
738500,0.379,0.000,0.621
739000,0.351,0.000,0.649
739500,0.290,0.005,0.705
740000,0.554,0.000,0.446
740500,0.486,0.000,0.514
741000,0.441,0.000,0.559
741500,0.437,0.000,0.563
742000,0.397,0.000,0.603
742500,0.366,0.000,0.634
743000,0.385,0.000,0.615
743500,0.413,0.000,0.587
744000,0.403,0.000,0.597
744500,0.330,0.000,0.670
745000,0.343,0.000,0.657
745500,0.339,0.016,0.645
746000,0.410,0.000,0.590
746500,0.457,0.000,0.543
747000,0.400,0.000,0.600
747500,0.374,0.000,0.626
748000,0.352,0.000,0.648
748500,0.364,0.000,0.636
749000,0.439,0.000,0.561
749500,0.544,0.000,0.456
750000,0.513,0.000,0.487
750500,0.409,0.000,0.591
751000,0.363,0.000,0.637
751500,0.222,0.000,0.778
752000,0.409,0.000,0.591
752500,0.347,0.000,0.653
753000,0.328,0.000,0.672
753500,0.338,0.000,0.662
754000,0.373,0.000,0.627
754500,0.348,0.000,0.652
755000,0.348,0.000,0.652
755500,0.423,0.000,0.577
756000,0.332,0.000,0.668
756500,0.408,0.000,0.592
757000,0.416,0.000,0.584
757500,0.338,0.000,0.662
758000,0.448,0.000,0.552
758500,0.467,0.000,0.533
759000,0.529,0.000,0.471
759500,0.281,0.003,0.716
760000,0.313,0.000,0.687
760500,0.388,0.000,0.612
761000,0.459,0.000,0.541
761500,0.404,0.000,0.596
762000,0.509,0.000,0.491
762500,0.340,0.000,0.660
763000,0.340,0.000,0.660
763500,0.459,0.000,0.541
764000,0.428,0.000,0.572
764500,0.501,0.000,0.499
765000,0.332,0.000,0.668
765500,0.373,0.000,0.627
766000,0.363,0.000,0.637
766500,0.469,0.000,0.531
767000,0.488,0.000,0.512
767500,0.390,0.000,0.610
768000,0.356,0.000,0.644
768500,0.438,0.000,0.562
769000,0.464,0.000,0.536
769500,0.395,0.000,0.605
770000,0.301,0.000,0.699
770500,0.353,0.000,0.647
771000,0.345,0.000,0.655
771500,0.389,0.000,0.611
772000,0.395,0.000,0.605
772500,0.398,0.000,0.602
773000,0.456,0.000,0.544
773500,0.462,0.000,0.538
774000,0.447,0.000,0.553
774500,0.352,0.000,0.648
775000,0.325,0.000,0.675
775500,0.346,0.000,0.654
776000,0.425,0.000,0.575
776500,0.302,0.000,0.698
777000,0.343,0.000,0.657
777500,0.319,0.002,0.679
778000,0.417,0.000,0.583
778500,0.308,0.000,0.692
779000,0.285,0.000,0.715
779500,0.386,0.000,0.614
780000,0.486,0.000,0.514
780500,0.434,0.000,0.566
781000,0.346,0.000,0.654
781500,0.411,0.000,0.589
782000,0.407,0.000,0.593
782500,0.452,0.000,0.548
783000,0.424,0.000,0.576
783500,0.313,0.000,0.687
784000,0.444,0.000,0.556
784500,0.366,0.000,0.634
785000,0.435,0.000,0.565
785500,0.357,0.000,0.643
786000,0.371,0.000,0.629
786500,0.374,0.000,0.626
787000,0.314,0.000,0.686
787500,0.429,0.000,0.571
788000,0.437,0.000,0.563
788500,0.374,0.000,0.626
789000,0.418,0.000,0.582
789500,0.271,0.000,0.729
790000,0.340,0.000,0.660
790500,0.357,0.000,0.643
791000,0.492,0.000,0.508
791500,0.461,0.000,0.539
792000,0.613,0.000,0.387
792500,0.516,0.000,0.484
793000,0.459,0.000,0.541
793500,0.538,0.000,0.462
794000,0.599,0.000,0.401
794500,0.480,0.000,0.520
795000,0.399,0.000,0.601
795500,0.442,0.000,0.558
796000,0.321,0.000,0.679
796500,0.373,0.000,0.627
797000,0.440,0.000,0.560
797500,0.472,0.000,0.528
798000,0.443,0.000,0.557
798500,0.400,0.000,0.600
799000,0.383,0.000,0.617
799500,0.429,0.000,0.571
800000,0.313,0.000,0.687
800500,0.355,0.000,0.645
801000,0.371,0.000,0.629
801500,0.318,0.000,0.682
802000,0.397,0.000,0.603
802500,0.316,0.000,0.684
803000,0.336,0.000,0.664
803500,0.333,0.001,0.666
804000,0.400,0.000,0.600
804500,0.415,0.000,0.585
805000,0.407,0.000,0.593
805500,0.296,0.000,0.704
806000,0.327,0.000,0.673
806500,0.473,0.000,0.527
807000,0.400,0.000,0.600
807500,0.288,0.000,0.712
808000,0.366,0.000,0.634
808500,0.457,0.000,0.543
809000,0.346,0.000,0.654
809500,0.524,0.000,0.476
810000,0.466,0.000,0.534
810500,0.458,0.000,0.542
811000,0.456,0.000,0.544
811500,0.418,0.000,0.582
812000,0.400,0.000,0.600
812500,0.396,0.000,0.604
813000,0.250,0.000,0.750
813500,0.483,0.000,0.517
814000,0.335,0.000,0.665
814500,0.351,0.000,0.649
815000,0.346,0.000,0.654
815500,0.385,0.000,0.615
816000,0.390,0.000,0.610
816500,0.310,0.000,0.690
817000,0.315,0.000,0.685
817500,0.427,0.000,0.573
818000,0.365,0.000,0.635
818500,0.348,0.000,0.652
819000,0.333,0.000,0.667
819500,0.387,0.000,0.613
820000,0.448,0.000,0.552
820500,0.479,0.000,0.521
821000,0.419,0.000,0.581
821500,0.368,0.000,0.632
822000,0.364,0.000,0.636
822500,0.286,0.000,0.714
823000,0.426,0.000,0.574
823500,0.386,0.000,0.614
824000,0.353,0.000,0.647
824500,0.350,0.000,0.650
825000,0.397,0.000,0.603
825500,0.299,0.000,0.701
826000,0.428,0.000,0.572
826500,0.440,0.000,0.560
827000,0.379,0.000,0.621
827500,0.451,0.000,0.549
828000,0.379,0.000,0.621
828500,0.302,0.000,0.698
829000,0.437,0.001,0.562
829500,0.343,0.000,0.657
830000,0.348,0.000,0.652
830500,0.466,0.000,0.534
831000,0.237,0.000,0.763
831500,0.437,0.000,0.563
832000,0.474,0.000,0.526
832500,0.529,0.000,0.471
833000,0.456,0.000,0.544
833500,0.415,0.000,0.585
834000,0.388,0.000,0.612
834500,0.422,0.000,0.578
835000,0.463,0.000,0.537
835500,0.415,0.000,0.585
836000,0.294,0.000,0.706
836500,0.418,0.000,0.582
837000,0.469,0.000,0.531
837500,0.327,0.000,0.673
838000,0.384,0.000,0.616
838500,0.390,0.000,0.610
839000,0.410,0.000,0.590
839500,0.372,0.000,0.628
840000,0.477,0.000,0.523
840500,0.459,0.000,0.541
841000,0.397,0.000,0.603
841500,0.446,0.000,0.554
842000,0.482,0.000,0.518
842500,0.394,0.000,0.606
843000,0.347,0.000,0.653
843500,0.415,0.000,0.585
844000,0.369,0.000,0.631
844500,0.428,0.000,0.572
845000,0.350,0.000,0.650
845500,0.352,0.000,0.648
846000,0.405,0.000,0.595
846500,0.356,0.000,0.644
847000,0.407,0.000,0.593
847500,0.418,0.000,0.582
848000,0.356,0.000,0.644
848500,0.393,0.000,0.607
849000,0.458,0.000,0.542
849500,0.503,0.000,0.497
850000,0.457,0.000,0.543
850500,0.364,0.000,0.636
851000,0.359,0.000,0.641
851500,0.406,0.000,0.594
852000,0.469,0.000,0.531
852500,0.460,0.000,0.540
853000,0.341,0.000,0.659
853500,0.311,0.000,0.689
854000,0.344,0.000,0.656
854500,0.393,0.000,0.607
855000,0.311,0.000,0.689
855500,0.400,0.000,0.600
856000,0.353,0.000,0.647
856500,0.425,0.000,0.575
857000,0.326,0.000,0.674
857500,0.304,0.001,0.695
858000,0.274,0.000,0.726
858500,0.381,0.000,0.619
859000,0.383,0.000,0.617
859500,0.348,0.000,0.652
860000,0.315,0.000,0.685
860500,0.471,0.000,0.529
861000,0.362,0.000,0.638
861500,0.300,0.000,0.700
862000,0.304,0.000,0.696
862500,0.336,0.000,0.664
863000,0.367,0.000,0.633
863500,0.420,0.000,0.580
864000,0.413,0.000,0.587
864500,0.403,0.000,0.597
865000,0.371,0.000,0.629
865500,0.279,0.000,0.721
866000,0.366,0.000,0.634
866500,0.333,0.000,0.667
867000,0.409,0.000,0.591
867500,0.333,0.000,0.667
868000,0.381,0.000,0.619
868500,0.485,0.000,0.515
869000,0.398,0.000,0.602
869500,0.294,0.000,0.706
870000,0.394,0.000,0.606
870500,0.428,0.000,0.572
871000,0.436,0.000,0.564
871500,0.367,0.000,0.633
872000,0.284,0.000,0.716
872500,0.347,0.000,0.653
873000,0.421,0.000,0.579
873500,0.379,0.000,0.621
874000,0.343,0.000,0.657
874500,0.386,0.000,0.614
875000,0.309,0.000,0.691
875500,0.338,0.000,0.662
876000,0.355,0.000,0.645
876500,0.431,0.000,0.569
877000,0.556,0.000,0.444
877500,0.379,0.000,0.621
878000,0.430,0.000,0.570
878500,0.362,0.000,0.638
879000,0.377,0.000,0.623
879500,0.349,0.000,0.651
880000,0.389,0.000,0.611
880500,0.428,0.000,0.572
881000,0.387,0.000,0.613
881500,0.311,0.000,0.689
882000,0.327,0.000,0.673
882500,0.360,0.000,0.640
883000,0.479,0.000,0.521
883500,0.396,0.000,0.604
884000,0.414,0.000,0.586
884500,0.497,0.000,0.503
885000,0.376,0.000,0.624
885500,0.333,0.008,0.659
886000,0.346,0.000,0.654
886500,0.468,0.000,0.532
887000,0.396,0.000,0.604
887500,0.438,0.000,0.562
888000,0.327,0.000,0.673
888500,0.318,0.000,0.682
889000,0.297,0.000,0.703
889500,0.304,0.000,0.696
890000,0.265,0.000,0.735
890500,0.353,0.000,0.647
891000,0.501,0.000,0.499
891500,0.537,0.000,0.463
892000,0.395,0.000,0.605
892500,0.474,0.000,0.526
893000,0.333,0.000,0.667
893500,0.351,0.000,0.649
894000,0.345,0.000,0.655
894500,0.412,0.000,0.588
895000,0.458,0.000,0.542
895500,0.564,0.000,0.436
896000,0.492,0.000,0.508
896500,0.495,0.000,0.505
897000,0.452,0.000,0.548
897500,0.365,0.000,0.635
898000,0.504,0.000,0.496
898500,0.399,0.000,0.601
899000,0.473,0.000,0.527
899500,0.395,0.000,0.605
900000,0.451,0.000,0.549
900500,0.499,0.000,0.501
901000,0.292,0.000,0.708
901500,0.297,0.000,0.703
902000,0.385,0.000,0.615
902500,0.285,0.000,0.715
903000,0.443,0.000,0.557
903500,0.383,0.000,0.617
904000,0.411,0.000,0.589
904500,0.292,0.000,0.708
905000,0.325,0.001,0.674
905500,0.398,0.000,0.602
906000,0.326,0.000,0.674
906500,0.343,0.000,0.657
907000,0.275,0.000,0.725
907500,0.389,0.000,0.611
908000,0.320,0.000,0.680
908500,0.355,0.000,0.645
909000,0.410,0.000,0.590
909500,0.528,0.000,0.472
910000,0.375,0.000,0.625
910500,0.385,0.000,0.615
911000,0.442,0.000,0.558
911500,0.428,0.000,0.572
912000,0.311,0.000,0.689
912500,0.331,0.000,0.669
913000,0.356,0.000,0.644
913500,0.384,0.008,0.608
914000,0.324,0.001,0.675
914500,0.421,0.000,0.579
915000,0.448,0.000,0.552
915500,0.338,0.000,0.662
916000,0.328,0.000,0.672
916500,0.313,0.000,0.687
917000,0.332,0.000,0.668
917500,0.322,0.000,0.678
918000,0.390,0.000,0.610
918500,0.397,0.000,0.603
919000,0.419,0.000,0.581
919500,0.368,0.000,0.632
920000,0.515,0.000,0.485
920500,0.480,0.000,0.520
921000,0.325,0.000,0.675
921500,0.486,0.000,0.514
922000,0.365,0.000,0.635
922500,0.372,0.000,0.628
923000,0.389,0.000,0.611
923500,0.339,0.000,0.661
924000,0.300,0.000,0.700
924500,0.452,0.000,0.548
925000,0.492,0.000,0.508
925500,0.416,0.000,0.584
926000,0.342,0.000,0.658
926500,0.405,0.000,0.595
927000,0.258,0.006,0.736
927500,0.254,0.004,0.742
928000,0.345,0.000,0.655
928500,0.439,0.000,0.561
929000,0.430,0.000,0.570
929500,0.437,0.000,0.563
930000,0.503,0.000,0.497
930500,0.435,0.000,0.565
931000,0.472,0.000,0.528
931500,0.493,0.000,0.507
932000,0.487,0.000,0.513
932500,0.460,0.000,0.540
933000,0.253,0.000,0.747
933500,0.289,0.000,0.711
934000,0.355,0.000,0.645
934500,0.325,0.000,0.675
935000,0.376,0.000,0.624
935500,0.428,0.000,0.572
936000,0.335,0.000,0.665
936500,0.395,0.000,0.605
937000,0.310,0.000,0.690
937500,0.334,0.000,0.666
938000,0.430,0.000,0.570
938500,0.495,0.000,0.505
939000,0.378,0.000,0.622
939500,0.374,0.000,0.626
940000,0.335,0.000,0.665
940500,0.248,0.003,0.749
941000,0.398,0.000,0.602
941500,0.446,0.000,0.554
942000,0.455,0.000,0.545
942500,0.454,0.000,0.546
943000,0.472,0.000,0.528
943500,0.428,0.000,0.572
944000,0.440,0.000,0.560
944500,0.367,0.000,0.633
945000,0.431,0.000,0.569
945500,0.445,0.000,0.555
946000,0.483,0.000,0.517
946500,0.388,0.000,0.612
947000,0.409,0.000,0.591
947500,0.369,0.000,0.631
948000,0.439,0.000,0.561
948500,0.448,0.000,0.552
949000,0.432,0.000,0.568
949500,0.497,0.000,0.503
950000,0.465,0.000,0.535
950500,0.424,0.000,0.576
951000,0.348,0.000,0.652
951500,0.459,0.000,0.541
952000,0.493,0.000,0.507
952500,0.531,0.000,0.469
953000,0.558,0.000,0.442
953500,0.391,0.000,0.609
954000,0.396,0.000,0.604
954500,0.322,0.000,0.678
955000,0.329,0.000,0.671
955500,0.314,0.000,0.686
956000,0.465,0.000,0.535
956500,0.423,0.000,0.577
957000,0.380,0.000,0.620
957500,0.340,0.000,0.660
958000,0.292,0.000,0.708
958500,0.509,0.000,0.491
959000,0.409,0.000,0.591
959500,0.411,0.000,0.589
960000,0.379,0.000,0.621
960500,0.360,0.000,0.640
961000,0.384,0.000,0.616
961500,0.517,0.000,0.483
962000,0.389,0.000,0.611
962500,0.446,0.000,0.554
963000,0.392,0.000,0.608
963500,0.318,0.000,0.682
964000,0.594,0.000,0.406
964500,0.385,0.000,0.615
965000,0.306,0.000,0.694
965500,0.584,0.000,0.416
966000,0.335,0.000,0.665
966500,0.547,0.000,0.453
967000,0.414,0.000,0.586
967500,0.428,0.000,0.572
968000,0.231,0.000,0.769
968500,0.272,0.000,0.728
969000,0.321,0.000,0.679
969500,0.357,0.000,0.643
970000,0.517,0.000,0.483
970500,0.392,0.000,0.608
971000,0.362,0.000,0.638
971500,0.397,0.000,0.603
972000,0.319,0.000,0.681
972500,0.330,0.000,0.670
973000,0.407,0.000,0.593
973500,0.322,0.000,0.678
974000,0.356,0.000,0.644
974500,0.339,0.000,0.661
975000,0.476,0.000,0.524
975500,0.436,0.000,0.564
976000,0.411,0.000,0.589
976500,0.351,0.000,0.649
977000,0.394,0.000,0.606
977500,0.362,0.000,0.638
978000,0.368,0.000,0.632
978500,0.401,0.000,0.599
979000,0.356,0.000,0.644
979500,0.439,0.000,0.561
980000,0.422,0.000,0.578
980500,0.482,0.000,0.518
981000,0.425,0.000,0.575
981500,0.323,0.000,0.677
982000,0.444,0.000,0.556
982500,0.412,0.000,0.588
983000,0.394,0.000,0.606
983500,0.348,0.000,0.652
984000,0.314,0.000,0.686
984500,0.350,0.000,0.650
985000,0.357,0.000,0.643
985500,0.427,0.000,0.573
986000,0.395,0.000,0.605
986500,0.492,0.000,0.508
987000,0.431,0.000,0.569
987500,0.333,0.000,0.667
988000,0.356,0.000,0.644
988500,0.451,0.000,0.549
989000,0.389,0.000,0.611
989500,0.449,0.000,0.551
990000,0.342,0.000,0.658
990500,0.508,0.000,0.492
991000,0.396,0.000,0.604
991500,0.325,0.000,0.675
992000,0.378,0.000,0.622
992500,0.317,0.000,0.683
993000,0.378,0.000,0.622
993500,0.411,0.000,0.589
994000,0.380,0.003,0.617
994500,0.379,0.000,0.621
995000,0.335,0.000,0.665
995500,0.391,0.000,0.609
996000,0.396,0.000,0.604
996500,0.386,0.000,0.614
997000,0.327,0.000,0.673
997500,0.438,0.000,0.562
998000,0.372,0.000,0.628
998500,0.384,0.000,0.616
999000,0.269,0.006,0.725
999500,0.392,0.000,0.608
1000000,0.445,0.000,0.555
