time,n_A+p,n_B,n_AB
0,0.030,0.970,0.000
500,0.037,0.923,0.040
1000,0.030,0.945,0.025
1500,0.037,0.918,0.045
2000,0.032,0.881,0.087
2500,0.037,0.886,0.077
3000,0.037,0.864,0.099
3500,0.042,0.888,0.069
4000,0.050,0.864,0.087
4500,0.050,0.826,0.124
5000,0.042,0.859,0.099
5500,0.045,0.871,0.084
6000,0.035,0.849,0.117
6500,0.040,0.809,0.151
7000,0.042,0.839,0.119
7500,0.040,0.866,0.094
8000,0.037,0.868,0.094
8500,0.040,0.881,0.079
9000,0.045,0.866,0.089
9500,0.040,0.846,0.114
10000,0.052,0.846,0.102
10500,0.045,0.846,0.109
11000,0.042,0.903,0.055
11500,0.040,0.906,0.055
12000,0.030,0.903,0.067
12500,0.030,0.891,0.079
13000,0.032,0.906,0.062
13500,0.037,0.918,0.045
14000,0.032,0.903,0.065
14500,0.047,0.859,0.094
15000,0.040,0.849,0.112
15500,0.045,0.873,0.082
16000,0.040,0.906,0.055
16500,0.037,0.883,0.079
17000,0.040,0.873,0.087
17500,0.047,0.886,0.067
18000,0.042,0.893,0.065
18500,0.045,0.908,0.047
19000,0.037,0.901,0.062
19500,0.040,0.883,0.077
20000,0.042,0.876,0.082
20500,0.052,0.871,0.077
21000,0.040,0.891,0.069
21500,0.042,0.883,0.074
22000,0.045,0.883,0.072
22500,0.040,0.886,0.074
23000,0.037,0.906,0.057
23500,0.040,0.906,0.055
24000,0.035,0.873,0.092
24500,0.040,0.866,0.094
25000,0.047,0.861,0.092
25500,0.047,0.836,0.117
26000,0.040,0.876,0.084
26500,0.045,0.829,0.127
27000,0.040,0.864,0.097
27500,0.035,0.873,0.092
28000,0.040,0.861,0.099
28500,0.062,0.864,0.074
29000,0.047,0.841,0.112
29500,0.055,0.876,0.069
30000,0.055,0.854,0.092
30500,0.042,0.861,0.097
31000,0.037,0.901,0.062
31500,0.035,0.918,0.047
32000,0.040,0.881,0.079
32500,0.045,0.903,0.052
33000,0.040,0.896,0.065
33500,0.040,0.883,0.077
34000,0.040,0.859,0.102
34500,0.037,0.896,0.067
35000,0.037,0.878,0.084
35500,0.032,0.866,0.102
36000,0.037,0.883,0.079
36500,0.040,0.893,0.067
37000,0.047,0.893,0.060
37500,0.040,0.906,0.055
38000,0.032,0.913,0.055
38500,0.032,0.886,0.082
39000,0.040,0.868,0.092
39500,0.042,0.873,0.084
40000,0.057,0.834,0.109
40500,0.032,0.881,0.087
41000,0.032,0.861,0.107
41500,0.042,0.883,0.074
42000,0.035,0.911,0.055
42500,0.040,0.888,0.072
43000,0.035,0.908,0.057
43500,0.037,0.916,0.047
44000,0.037,0.883,0.079
44500,0.035,0.883,0.082
45000,0.032,0.908,0.060
45500,0.035,0.916,0.050
46000,0.032,0.896,0.072
46500,0.037,0.881,0.082
47000,0.037,0.903,0.060
47500,0.035,0.896,0.069
48000,0.040,0.926,0.035
48500,0.035,0.921,0.045
49000,0.040,0.896,0.065
49500,0.037,0.903,0.060
50000,0.030,0.903,0.067
50500,0.035,0.903,0.062
51000,0.047,0.893,0.060
51500,0.045,0.876,0.079
52000,0.047,0.876,0.077
52500,0.037,0.824,0.139
53000,0.042,0.871,0.087
53500,0.042,0.871,0.087
54000,0.035,0.873,0.092
54500,0.052,0.871,0.077
55000,0.050,0.864,0.087
55500,0.047,0.856,0.097
56000,0.047,0.826,0.127
56500,0.055,0.811,0.134
57000,0.055,0.871,0.074
57500,0.055,0.844,0.102
58000,0.050,0.849,0.102
58500,0.042,0.883,0.074
59000,0.040,0.883,0.077
59500,0.042,0.893,0.065
60000,0.040,0.898,0.062
60500,0.040,0.891,0.069
61000,0.047,0.871,0.082
61500,0.045,0.856,0.099
62000,0.045,0.866,0.089
62500,0.045,0.864,0.092
63000,0.042,0.908,0.050
63500,0.035,0.898,0.067
64000,0.040,0.898,0.062
64500,0.037,0.891,0.072
65000,0.037,0.854,0.109
65500,0.037,0.898,0.065
66000,0.042,0.911,0.047
66500,0.040,0.896,0.065
67000,0.042,0.896,0.062
67500,0.040,0.886,0.074
68000,0.042,0.881,0.077
68500,0.042,0.859,0.099
69000,0.042,0.854,0.104
69500,0.047,0.864,0.089
70000,0.042,0.898,0.060
70500,0.037,0.876,0.087
71000,0.035,0.891,0.074
71500,0.032,0.901,0.067
72000,0.032,0.888,0.079
72500,0.037,0.898,0.065
73000,0.042,0.883,0.074
73500,0.035,0.908,0.057
74000,0.032,0.896,0.072
74500,0.032,0.911,0.057
75000,0.032,0.898,0.069
75500,0.030,0.886,0.084
76000,0.030,0.891,0.079
76500,0.040,0.868,0.092
77000,0.040,0.856,0.104
77500,0.050,0.883,0.067
78000,0.042,0.903,0.055
78500,0.047,0.868,0.084
79000,0.047,0.878,0.074
79500,0.042,0.876,0.082
80000,0.037,0.906,0.057
80500,0.042,0.896,0.062
81000,0.035,0.913,0.052
81500,0.042,0.886,0.072
82000,0.042,0.883,0.074
82500,0.040,0.861,0.099
83000,0.040,0.864,0.097
83500,0.035,0.893,0.072
84000,0.047,0.888,0.065
84500,0.042,0.859,0.099
85000,0.060,0.806,0.134
85500,0.047,0.854,0.099
86000,0.042,0.883,0.074
86500,0.042,0.871,0.087
87000,0.045,0.888,0.067
87500,0.035,0.873,0.092
88000,0.042,0.871,0.087
88500,0.037,0.876,0.087
89000,0.037,0.888,0.074
89500,0.035,0.883,0.082
90000,0.030,0.898,0.072
90500,0.035,0.926,0.040
91000,0.035,0.931,0.035
91500,0.042,0.893,0.065
92000,0.040,0.901,0.060
92500,0.032,0.903,0.065
93000,0.035,0.888,0.077
93500,0.035,0.851,0.114
94000,0.040,0.839,0.122
94500,0.040,0.861,0.099
95000,0.040,0.888,0.072
95500,0.045,0.881,0.074
96000,0.042,0.844,0.114
96500,0.040,0.864,0.097
97000,0.040,0.866,0.094
97500,0.037,0.906,0.057
98000,0.045,0.886,0.069
98500,0.040,0.861,0.099
99000,0.040,0.871,0.089
99500,0.047,0.868,0.084
100000,0.037,0.901,0.062
100500,0.042,0.876,0.082
101000,0.042,0.849,0.109
101500,0.057,0.794,0.149
102000,0.062,0.797,0.141
102500,0.037,0.804,0.159
103000,0.045,0.864,0.092
103500,0.037,0.896,0.067
104000,0.035,0.898,0.067
104500,0.047,0.866,0.087
105000,0.032,0.878,0.089
105500,0.037,0.886,0.077
106000,0.042,0.891,0.067
106500,0.042,0.883,0.074
107000,0.032,0.893,0.074
107500,0.032,0.891,0.077
108000,0.040,0.881,0.079
108500,0.040,0.916,0.045
109000,0.042,0.868,0.089
109500,0.040,0.883,0.077
110000,0.040,0.906,0.055
110500,0.037,0.911,0.052
111000,0.045,0.881,0.074
111500,0.040,0.878,0.082
112000,0.045,0.881,0.074
112500,0.057,0.809,0.134
113000,0.050,0.792,0.159
113500,0.060,0.851,0.089
114000,0.050,0.871,0.079
114500,0.052,0.878,0.069
115000,0.050,0.896,0.055
115500,0.047,0.893,0.060
116000,0.042,0.891,0.067
116500,0.042,0.881,0.077
117000,0.040,0.891,0.069
117500,0.045,0.861,0.094
118000,0.045,0.873,0.082
118500,0.045,0.878,0.077
119000,0.047,0.888,0.065
119500,0.037,0.898,0.065
120000,0.032,0.903,0.065
120500,0.040,0.881,0.079
121000,0.042,0.876,0.082
121500,0.037,0.886,0.077
122000,0.042,0.868,0.089
122500,0.037,0.873,0.089
123000,0.042,0.898,0.060
123500,0.045,0.856,0.099
124000,0.035,0.886,0.079
124500,0.042,0.883,0.074
125000,0.040,0.866,0.094
125500,0.040,0.878,0.082
126000,0.042,0.849,0.109
126500,0.042,0.844,0.114
127000,0.032,0.839,0.129
127500,0.042,0.854,0.104
128000,0.047,0.851,0.102
128500,0.040,0.859,0.102
129000,0.052,0.868,0.079
129500,0.050,0.868,0.082
130000,0.037,0.908,0.055
130500,0.037,0.898,0.065
131000,0.035,0.918,0.047
131500,0.037,0.893,0.069
132000,0.035,0.883,0.082
132500,0.040,0.886,0.074
133000,0.032,0.888,0.079
133500,0.042,0.868,0.089
134000,0.042,0.871,0.087
134500,0.050,0.873,0.077
135000,0.050,0.866,0.084
135500,0.045,0.844,0.112
136000,0.040,0.844,0.117
136500,0.040,0.844,0.117
137000,0.042,0.851,0.107
137500,0.042,0.866,0.092
138000,0.040,0.849,0.112
138500,0.037,0.893,0.069
139000,0.037,0.888,0.074
139500,0.045,0.861,0.094
140000,0.040,0.883,0.077
140500,0.042,0.891,0.067
141000,0.045,0.911,0.045
141500,0.042,0.896,0.062
142000,0.040,0.876,0.084
142500,0.047,0.903,0.050
143000,0.042,0.906,0.052
143500,0.037,0.926,0.037
144000,0.035,0.888,0.077
144500,0.032,0.868,0.099
145000,0.035,0.888,0.077
145500,0.035,0.868,0.097
146000,0.037,0.871,0.092
146500,0.047,0.856,0.097
147000,0.042,0.868,0.089
147500,0.040,0.866,0.094
148000,0.045,0.861,0.094
148500,0.040,0.854,0.107
149000,0.045,0.836,0.119
149500,0.045,0.861,0.094
150000,0.050,0.864,0.087
150500,0.050,0.851,0.099
151000,0.040,0.866,0.094
151500,0.037,0.901,0.062
152000,0.037,0.911,0.052
152500,0.042,0.901,0.057
153000,0.045,0.876,0.079
153500,0.042,0.876,0.082
154000,0.042,0.859,0.099
154500,0.057,0.849,0.094
155000,0.052,0.876,0.072
155500,0.062,0.814,0.124
156000,0.055,0.809,0.136
156500,0.037,0.836,0.127
157000,0.040,0.836,0.124
157500,0.042,0.881,0.077
158000,0.032,0.883,0.084
158500,0.035,0.891,0.074
159000,0.035,0.876,0.089
159500,0.037,0.878,0.084
160000,0.032,0.873,0.094
160500,0.037,0.861,0.102
161000,0.042,0.888,0.069
161500,0.052,0.868,0.079
162000,0.050,0.868,0.082
162500,0.040,0.881,0.079
163000,0.045,0.876,0.079
163500,0.042,0.856,0.102
164000,0.042,0.883,0.074
164500,0.040,0.868,0.092
165000,0.040,0.864,0.097
165500,0.042,0.891,0.067
166000,0.047,0.859,0.094
166500,0.042,0.878,0.079
167000,0.040,0.881,0.079
167500,0.040,0.896,0.065
168000,0.037,0.921,0.042
168500,0.045,0.906,0.050
169000,0.032,0.888,0.079
169500,0.037,0.861,0.102
170000,0.040,0.866,0.094
170500,0.047,0.856,0.097
171000,0.050,0.841,0.109
171500,0.047,0.883,0.069
172000,0.045,0.871,0.084
172500,0.047,0.861,0.092
173000,0.040,0.859,0.102
173500,0.035,0.854,0.112
174000,0.037,0.888,0.074
174500,0.042,0.873,0.084
175000,0.037,0.893,0.069
175500,0.035,0.883,0.082
176000,0.037,0.871,0.092
176500,0.040,0.868,0.092
177000,0.047,0.856,0.097
177500,0.042,0.876,0.082
178000,0.042,0.856,0.102
178500,0.042,0.841,0.117
179000,0.052,0.864,0.084
179500,0.042,0.854,0.104
180000,0.040,0.849,0.112
180500,0.032,0.886,0.082
181000,0.035,0.898,0.067
181500,0.032,0.886,0.082
182000,0.037,0.871,0.092
182500,0.037,0.888,0.074
183000,0.035,0.871,0.094
183500,0.030,0.868,0.102
184000,0.030,0.881,0.089
184500,0.037,0.864,0.099
185000,0.042,0.873,0.084
185500,0.037,0.868,0.094
186000,0.035,0.891,0.074
186500,0.030,0.886,0.084
187000,0.035,0.864,0.102
187500,0.040,0.866,0.094
188000,0.040,0.876,0.084
188500,0.042,0.916,0.042
189000,0.037,0.926,0.037
189500,0.037,0.926,0.037
190000,0.035,0.918,0.047
190500,0.035,0.883,0.082
191000,0.037,0.893,0.069
191500,0.042,0.908,0.050
192000,0.040,0.873,0.087
192500,0.035,0.873,0.092
193000,0.037,0.888,0.074
193500,0.040,0.856,0.104
194000,0.045,0.849,0.107
194500,0.045,0.856,0.099
195000,0.037,0.854,0.109
195500,0.042,0.856,0.102
196000,0.037,0.876,0.087
196500,0.037,0.898,0.065
197000,0.040,0.883,0.077
197500,0.037,0.888,0.074
198000,0.035,0.901,0.065
198500,0.032,0.896,0.072
199000,0.037,0.891,0.072
199500,0.035,0.888,0.077
200000,0.040,0.893,0.067
200500,0.035,0.881,0.084
201000,0.037,0.876,0.087
201500,0.045,0.873,0.082
202000,0.050,0.836,0.114
202500,0.045,0.839,0.117
203000,0.047,0.859,0.094
203500,0.055,0.821,0.124
204000,0.052,0.854,0.094
204500,0.045,0.859,0.097
205000,0.030,0.859,0.112
205500,0.042,0.883,0.074
206000,0.037,0.886,0.077
206500,0.035,0.921,0.045
207000,0.030,0.926,0.045
207500,0.032,0.911,0.057
208000,0.032,0.911,0.057
208500,0.037,0.893,0.069
209000,0.040,0.883,0.077
209500,0.045,0.898,0.057
210000,0.045,0.851,0.104
210500,0.047,0.861,0.092
211000,0.042,0.846,0.112
211500,0.050,0.861,0.089
212000,0.042,0.846,0.112
212500,0.050,0.859,0.092
213000,0.052,0.826,0.122
213500,0.042,0.893,0.065
214000,0.037,0.906,0.057
214500,0.032,0.921,0.047
215000,0.035,0.918,0.047
215500,0.037,0.908,0.055
216000,0.045,0.893,0.062
216500,0.047,0.883,0.069
217000,0.047,0.891,0.062
217500,0.042,0.861,0.097
218000,0.047,0.893,0.060
218500,0.047,0.866,0.087
219000,0.037,0.903,0.060
219500,0.042,0.856,0.102
220000,0.040,0.849,0.112
220500,0.040,0.856,0.104
221000,0.042,0.854,0.104
221500,0.052,0.824,0.124
222000,0.047,0.878,0.074
222500,0.047,0.893,0.060
223000,0.045,0.876,0.079
223500,0.035,0.878,0.087
224000,0.035,0.896,0.069
224500,0.040,0.881,0.079
225000,0.057,0.851,0.092
225500,0.042,0.891,0.067
226000,0.037,0.881,0.082
226500,0.037,0.861,0.102
227000,0.045,0.883,0.072
227500,0.032,0.898,0.069
228000,0.045,0.898,0.057
228500,0.035,0.878,0.087
229000,0.032,0.851,0.117
229500,0.037,0.878,0.084
230000,0.032,0.891,0.077
230500,0.030,0.911,0.060
231000,0.030,0.935,0.035
231500,0.030,0.888,0.082
232000,0.035,0.906,0.060
232500,0.032,0.928,0.040
233000,0.032,0.901,0.067
233500,0.045,0.871,0.084
234000,0.035,0.883,0.082
234500,0.047,0.871,0.082
235000,0.040,0.829,0.132
235500,0.047,0.834,0.119
236000,0.045,0.866,0.089
236500,0.045,0.868,0.087
237000,0.050,0.891,0.060
237500,0.045,0.883,0.072
238000,0.055,0.871,0.074
238500,0.040,0.881,0.079
239000,0.045,0.871,0.084
239500,0.040,0.898,0.062
240000,0.037,0.898,0.065
240500,0.035,0.868,0.097
241000,0.032,0.868,0.099
241500,0.035,0.871,0.094
242000,0.035,0.896,0.069
242500,0.040,0.888,0.072
243000,0.037,0.911,0.052
243500,0.032,0.898,0.069
244000,0.035,0.901,0.065
244500,0.032,0.878,0.089
245000,0.032,0.888,0.079
245500,0.032,0.903,0.065
246000,0.042,0.886,0.072
246500,0.035,0.883,0.082
247000,0.045,0.868,0.087
247500,0.042,0.868,0.089
248000,0.030,0.864,0.107
248500,0.037,0.876,0.087
249000,0.050,0.864,0.087
249500,0.045,0.824,0.132
250000,0.069,0.816,0.114
250500,0.050,0.809,0.141
251000,0.042,0.846,0.112
251500,0.055,0.809,0.136
252000,0.042,0.839,0.119
252500,0.035,0.868,0.097
253000,0.045,0.856,0.099
253500,0.055,0.809,0.136
254000,0.050,0.821,0.129
254500,0.045,0.893,0.062
255000,0.035,0.891,0.074
255500,0.045,0.906,0.050
256000,0.035,0.896,0.069
256500,0.035,0.888,0.077
257000,0.035,0.908,0.057
257500,0.042,0.898,0.060
258000,0.042,0.893,0.065
258500,0.037,0.898,0.065
259000,0.055,0.861,0.084
259500,0.052,0.866,0.082
260000,0.047,0.871,0.082
260500,0.037,0.898,0.065
261000,0.042,0.893,0.065
261500,0.032,0.908,0.060
262000,0.035,0.931,0.035
262500,0.030,0.945,0.025
263000,0.037,0.901,0.062
263500,0.035,0.901,0.065
264000,0.030,0.898,0.072
264500,0.032,0.918,0.050
265000,0.035,0.933,0.032
265500,0.032,0.906,0.062
266000,0.032,0.908,0.060
266500,0.030,0.903,0.067
267000,0.032,0.898,0.069
267500,0.032,0.893,0.074
268000,0.032,0.888,0.079
268500,0.035,0.871,0.094
269000,0.040,0.878,0.082
269500,0.030,0.908,0.062
270000,0.040,0.908,0.052
270500,0.047,0.861,0.092
271000,0.047,0.881,0.072
271500,0.032,0.923,0.045
272000,0.032,0.918,0.050
272500,0.032,0.908,0.060
273000,0.035,0.908,0.057
273500,0.035,0.851,0.114
274000,0.037,0.898,0.065
274500,0.055,0.856,0.089
275000,0.035,0.888,0.077
275500,0.047,0.859,0.094
276000,0.040,0.868,0.092
276500,0.037,0.873,0.089
277000,0.030,0.886,0.084
277500,0.040,0.866,0.094
278000,0.037,0.888,0.074
278500,0.042,0.856,0.102
279000,0.037,0.849,0.114
279500,0.047,0.834,0.119
280000,0.042,0.849,0.109
280500,0.042,0.856,0.102
281000,0.045,0.868,0.087
281500,0.047,0.841,0.112
282000,0.045,0.821,0.134
282500,0.047,0.851,0.102
283000,0.055,0.844,0.102
283500,0.050,0.873,0.077
284000,0.040,0.896,0.065
284500,0.037,0.898,0.065
285000,0.032,0.898,0.069
285500,0.032,0.913,0.055
286000,0.030,0.893,0.077
286500,0.032,0.921,0.047
287000,0.030,0.913,0.057
287500,0.032,0.888,0.079
288000,0.045,0.881,0.074
288500,0.045,0.864,0.092
289000,0.042,0.868,0.089
289500,0.047,0.854,0.099
290000,0.042,0.893,0.065
290500,0.052,0.864,0.084
291000,0.055,0.868,0.077
291500,0.062,0.868,0.069
292000,0.047,0.844,0.109
292500,0.047,0.846,0.107
293000,0.050,0.871,0.079
293500,0.037,0.883,0.079
294000,0.037,0.881,0.082
294500,0.045,0.866,0.089
295000,0.040,0.873,0.087
295500,0.040,0.881,0.079
296000,0.040,0.866,0.094
296500,0.037,0.873,0.089
297000,0.057,0.804,0.139
297500,0.045,0.824,0.132
298000,0.042,0.841,0.117
298500,0.045,0.868,0.087
299000,0.047,0.859,0.094
299500,0.030,0.856,0.114
300000,0.035,0.871,0.094
300500,0.040,0.878,0.082
301000,0.040,0.883,0.077
301500,0.040,0.918,0.042
302000,0.035,0.881,0.084
302500,0.042,0.868,0.089
303000,0.040,0.883,0.077
303500,0.045,0.873,0.082
304000,0.042,0.854,0.104
304500,0.045,0.834,0.122
305000,0.052,0.851,0.097
305500,0.052,0.846,0.102
306000,0.062,0.841,0.097
306500,0.052,0.866,0.082
307000,0.050,0.846,0.104
307500,0.042,0.839,0.119
308000,0.045,0.856,0.099
308500,0.037,0.886,0.077
309000,0.035,0.868,0.097
309500,0.035,0.878,0.087
310000,0.037,0.871,0.092
310500,0.057,0.844,0.099
311000,0.042,0.883,0.074
311500,0.042,0.893,0.065
312000,0.035,0.921,0.045
312500,0.032,0.906,0.062
313000,0.047,0.888,0.065
313500,0.045,0.856,0.099
314000,0.042,0.849,0.109
314500,0.035,0.849,0.117
315000,0.040,0.878,0.082
315500,0.035,0.866,0.099
316000,0.050,0.864,0.087
316500,0.045,0.868,0.087
317000,0.042,0.891,0.067
317500,0.037,0.876,0.087
318000,0.035,0.868,0.097
318500,0.040,0.866,0.094
319000,0.037,0.886,0.077
319500,0.037,0.883,0.079
320000,0.040,0.908,0.052
320500,0.032,0.918,0.050
321000,0.030,0.896,0.074
321500,0.035,0.883,0.082
322000,0.052,0.883,0.065
322500,0.042,0.864,0.094
323000,0.042,0.891,0.067
323500,0.032,0.871,0.097
324000,0.032,0.873,0.094
324500,0.035,0.906,0.060
325000,0.032,0.918,0.050
325500,0.030,0.883,0.087
326000,0.035,0.873,0.092
326500,0.042,0.861,0.097
327000,0.035,0.898,0.067
327500,0.040,0.881,0.079
328000,0.037,0.888,0.074
328500,0.035,0.888,0.077
329000,0.035,0.873,0.092
329500,0.045,0.844,0.112
330000,0.035,0.881,0.084
330500,0.035,0.868,0.097
331000,0.030,0.906,0.065
331500,0.032,0.891,0.077
332000,0.042,0.901,0.057
332500,0.040,0.898,0.062
333000,0.045,0.891,0.065
333500,0.042,0.918,0.040
334000,0.045,0.883,0.072
334500,0.042,0.881,0.077
335000,0.037,0.901,0.062
335500,0.042,0.846,0.112
336000,0.045,0.861,0.094
336500,0.045,0.871,0.084
337000,0.047,0.876,0.077
337500,0.040,0.861,0.099
338000,0.047,0.859,0.094
338500,0.047,0.861,0.092
339000,0.060,0.859,0.082
339500,0.040,0.861,0.099
340000,0.042,0.851,0.107
340500,0.055,0.866,0.079
341000,0.050,0.864,0.087
341500,0.050,0.888,0.062
342000,0.042,0.873,0.084
342500,0.052,0.901,0.047
343000,0.045,0.871,0.084
343500,0.045,0.893,0.062
344000,0.045,0.893,0.062
344500,0.040,0.876,0.084
345000,0.050,0.851,0.099
345500,0.055,0.868,0.077
346000,0.045,0.856,0.099
346500,0.055,0.868,0.077
347000,0.052,0.866,0.082
347500,0.045,0.868,0.087
348000,0.057,0.851,0.092
348500,0.057,0.851,0.092
349000,0.040,0.873,0.087
349500,0.032,0.839,0.129
350000,0.035,0.883,0.082
350500,0.037,0.918,0.045
351000,0.040,0.861,0.099
351500,0.035,0.873,0.092
352000,0.042,0.873,0.084
352500,0.037,0.878,0.084
353000,0.035,0.876,0.089
353500,0.047,0.854,0.099
354000,0.042,0.826,0.132
354500,0.045,0.898,0.057
355000,0.040,0.868,0.092
355500,0.037,0.908,0.055
356000,0.040,0.898,0.062
356500,0.042,0.876,0.082
357000,0.050,0.836,0.114
357500,0.060,0.816,0.124
358000,0.052,0.831,0.117
358500,0.052,0.836,0.112
359000,0.047,0.883,0.069
359500,0.042,0.868,0.089
360000,0.055,0.846,0.099
360500,0.050,0.794,0.156
361000,0.052,0.846,0.102
361500,0.040,0.876,0.084
362000,0.032,0.856,0.112
362500,0.032,0.881,0.087
363000,0.035,0.876,0.089
363500,0.030,0.906,0.065
364000,0.035,0.928,0.037
364500,0.032,0.906,0.062
365000,0.035,0.888,0.077
365500,0.037,0.893,0.069
366000,0.042,0.886,0.072
366500,0.037,0.871,0.092
367000,0.042,0.903,0.055
367500,0.035,0.903,0.062
368000,0.037,0.864,0.099
368500,0.035,0.913,0.052
369000,0.040,0.878,0.082
369500,0.042,0.878,0.079
370000,0.045,0.836,0.119
370500,0.050,0.841,0.109
371000,0.042,0.839,0.119
371500,0.042,0.851,0.107
372000,0.032,0.881,0.087
372500,0.042,0.883,0.074
373000,0.040,0.876,0.084
373500,0.042,0.861,0.097
374000,0.030,0.886,0.084
374500,0.037,0.891,0.072
375000,0.037,0.898,0.065
375500,0.040,0.868,0.092
376000,0.037,0.844,0.119
376500,0.042,0.811,0.146
377000,0.045,0.809,0.146
377500,0.040,0.854,0.107
378000,0.032,0.876,0.092
378500,0.037,0.861,0.102
379000,0.052,0.851,0.097
379500,0.037,0.859,0.104
380000,0.035,0.891,0.074
380500,0.030,0.923,0.047
381000,0.030,0.916,0.055
381500,0.032,0.898,0.069
382000,0.030,0.898,0.072
382500,0.042,0.893,0.065
383000,0.035,0.856,0.109
383500,0.050,0.871,0.079
384000,0.040,0.861,0.099
384500,0.045,0.873,0.082
385000,0.050,0.856,0.094
385500,0.057,0.859,0.084
386000,0.052,0.878,0.069
386500,0.040,0.896,0.065
387000,0.055,0.851,0.094
387500,0.067,0.804,0.129
388000,0.057,0.824,0.119
388500,0.050,0.826,0.124
389000,0.055,0.851,0.094
389500,0.050,0.881,0.069
390000,0.047,0.854,0.099
390500,0.060,0.826,0.114
391000,0.040,0.864,0.097
391500,0.045,0.851,0.104
392000,0.052,0.876,0.072
392500,0.047,0.888,0.065
393000,0.045,0.844,0.112
393500,0.042,0.849,0.109
394000,0.035,0.886,0.079
394500,0.035,0.868,0.097
395000,0.050,0.859,0.092
395500,0.050,0.866,0.084
396000,0.040,0.861,0.099
396500,0.047,0.851,0.102
397000,0.045,0.844,0.112
397500,0.040,0.878,0.082
398000,0.035,0.876,0.089
398500,0.042,0.871,0.087
399000,0.035,0.898,0.067
399500,0.050,0.873,0.077
400000,0.037,0.864,0.099
400500,0.050,0.846,0.104
401000,0.047,0.864,0.089
401500,0.047,0.886,0.067
402000,0.037,0.903,0.060
402500,0.035,0.896,0.069
403000,0.040,0.888,0.072
403500,0.042,0.876,0.082
404000,0.040,0.854,0.107
404500,0.042,0.856,0.102
405000,0.050,0.861,0.089
405500,0.062,0.864,0.074
406000,0.062,0.861,0.077
406500,0.050,0.873,0.077
407000,0.052,0.868,0.079
407500,0.050,0.854,0.097
408000,0.057,0.856,0.087
408500,0.055,0.873,0.072
409000,0.057,0.878,0.065
409500,0.047,0.851,0.102
410000,0.047,0.878,0.074
410500,0.050,0.883,0.067
411000,0.047,0.898,0.055
411500,0.040,0.868,0.092
412000,0.040,0.861,0.099
412500,0.047,0.881,0.072
413000,0.040,0.854,0.107
413500,0.047,0.859,0.094
414000,0.057,0.811,0.132
414500,0.052,0.834,0.114
415000,0.042,0.841,0.117
415500,0.040,0.866,0.094
416000,0.035,0.881,0.084
416500,0.032,0.876,0.092
417000,0.030,0.878,0.092
417500,0.032,0.873,0.094
418000,0.032,0.891,0.077
418500,0.032,0.906,0.062
419000,0.035,0.886,0.079
419500,0.037,0.896,0.067
420000,0.045,0.876,0.079
420500,0.047,0.871,0.082
421000,0.042,0.846,0.112
421500,0.037,0.896,0.067
422000,0.042,0.871,0.087
422500,0.050,0.849,0.102
423000,0.055,0.868,0.077
423500,0.047,0.861,0.092
424000,0.052,0.839,0.109
424500,0.060,0.868,0.072
425000,0.042,0.856,0.102
425500,0.042,0.856,0.102
426000,0.037,0.878,0.084
426500,0.042,0.891,0.067
427000,0.045,0.854,0.102
427500,0.045,0.821,0.134
428000,0.062,0.826,0.112
428500,0.042,0.864,0.094
429000,0.045,0.876,0.079
429500,0.037,0.893,0.069
430000,0.035,0.896,0.069
430500,0.042,0.908,0.050
431000,0.042,0.878,0.079
431500,0.047,0.886,0.067
432000,0.040,0.856,0.104
432500,0.035,0.868,0.097
433000,0.042,0.859,0.099
433500,0.042,0.864,0.094
434000,0.052,0.861,0.087
434500,0.052,0.851,0.097
435000,0.045,0.859,0.097
435500,0.060,0.846,0.094
436000,0.045,0.908,0.047
436500,0.040,0.898,0.062
437000,0.037,0.856,0.107
437500,0.040,0.836,0.124
438000,0.042,0.846,0.112
438500,0.032,0.854,0.114
439000,0.060,0.859,0.082
439500,0.067,0.831,0.102
440000,0.052,0.849,0.099
440500,0.052,0.824,0.124
441000,0.057,0.849,0.094
441500,0.050,0.851,0.099
442000,0.042,0.856,0.102
442500,0.055,0.844,0.102
443000,0.062,0.846,0.092
443500,0.042,0.898,0.060
444000,0.037,0.908,0.055
444500,0.030,0.881,0.089
445000,0.030,0.891,0.079
445500,0.045,0.854,0.102
446000,0.042,0.844,0.114
446500,0.042,0.886,0.072
447000,0.032,0.866,0.102
447500,0.035,0.866,0.099
448000,0.030,0.906,0.065
448500,0.032,0.891,0.077
449000,0.032,0.888,0.079
449500,0.035,0.921,0.045
450000,0.032,0.916,0.052
450500,0.035,0.916,0.050
451000,0.040,0.881,0.079
451500,0.030,0.891,0.079
452000,0.040,0.873,0.087
452500,0.040,0.868,0.092
453000,0.042,0.866,0.092
453500,0.042,0.881,0.077
454000,0.030,0.883,0.087
454500,0.040,0.898,0.062
455000,0.035,0.876,0.089
455500,0.037,0.911,0.052
456000,0.037,0.898,0.065
456500,0.040,0.886,0.074
457000,0.030,0.906,0.065
457500,0.037,0.891,0.072
458000,0.037,0.866,0.097
458500,0.030,0.908,0.062
459000,0.030,0.898,0.072
459500,0.032,0.881,0.087
460000,0.037,0.851,0.112
460500,0.032,0.888,0.079
461000,0.035,0.864,0.102
461500,0.045,0.864,0.092
462000,0.042,0.891,0.067
462500,0.045,0.888,0.067
463000,0.037,0.871,0.092
463500,0.035,0.898,0.067
464000,0.045,0.871,0.084
464500,0.047,0.881,0.072
465000,0.045,0.873,0.082
465500,0.042,0.846,0.112
466000,0.047,0.856,0.097
466500,0.047,0.866,0.087
467000,0.035,0.878,0.087
467500,0.040,0.891,0.069
468000,0.045,0.888,0.067
468500,0.040,0.891,0.069
469000,0.040,0.856,0.104
469500,0.047,0.878,0.074
470000,0.047,0.873,0.079
470500,0.040,0.896,0.065
471000,0.045,0.886,0.069
471500,0.045,0.898,0.057
472000,0.040,0.903,0.057
472500,0.040,0.881,0.079
473000,0.042,0.864,0.094
473500,0.042,0.878,0.079
474000,0.035,0.883,0.082
474500,0.035,0.883,0.082
475000,0.040,0.866,0.094
475500,0.037,0.886,0.077
476000,0.035,0.891,0.074
476500,0.040,0.866,0.094
477000,0.037,0.878,0.084
477500,0.035,0.891,0.074
478000,0.042,0.878,0.079
478500,0.037,0.873,0.089
479000,0.030,0.876,0.094
479500,0.032,0.871,0.097
480000,0.037,0.883,0.079
480500,0.037,0.891,0.072
481000,0.035,0.866,0.099
481500,0.032,0.878,0.089
482000,0.047,0.868,0.084
482500,0.042,0.864,0.094
483000,0.037,0.888,0.074
483500,0.045,0.898,0.057
484000,0.050,0.868,0.082
484500,0.035,0.906,0.060
485000,0.037,0.908,0.055
485500,0.032,0.901,0.067
486000,0.042,0.888,0.069
486500,0.035,0.883,0.082
487000,0.037,0.878,0.084
487500,0.042,0.893,0.065
488000,0.047,0.876,0.077
488500,0.050,0.881,0.069
489000,0.050,0.859,0.092
489500,0.040,0.834,0.127
490000,0.050,0.851,0.099
490500,0.042,0.888,0.069
491000,0.052,0.881,0.067
491500,0.047,0.893,0.060
492000,0.040,0.868,0.092
492500,0.052,0.871,0.077
493000,0.047,0.854,0.099
493500,0.045,0.849,0.107
494000,0.045,0.846,0.109
494500,0.047,0.861,0.092
495000,0.045,0.846,0.109
495500,0.040,0.864,0.097
496000,0.042,0.873,0.084
496500,0.050,0.856,0.094
497000,0.045,0.846,0.109
497500,0.040,0.906,0.055
498000,0.045,0.849,0.107
498500,0.037,0.873,0.089
499000,0.047,0.871,0.082
499500,0.047,0.903,0.050
500000,0.042,0.881,0.077
500500,0.042,0.876,0.082
501000,0.052,0.854,0.094
501500,0.047,0.839,0.114
502000,0.047,0.846,0.107
502500,0.042,0.841,0.117
503000,0.042,0.854,0.104
503500,0.035,0.893,0.072
504000,0.045,0.891,0.065
504500,0.040,0.861,0.099
505000,0.042,0.851,0.107
505500,0.045,0.849,0.107
506000,0.050,0.841,0.109
506500,0.047,0.836,0.117
507000,0.045,0.839,0.117
507500,0.047,0.824,0.129
508000,0.052,0.836,0.112
508500,0.045,0.854,0.102
509000,0.062,0.854,0.084
509500,0.047,0.829,0.124
510000,0.047,0.886,0.067
510500,0.047,0.878,0.074
511000,0.047,0.886,0.067
511500,0.035,0.888,0.077
512000,0.042,0.873,0.084
512500,0.040,0.918,0.042
513000,0.037,0.898,0.065
513500,0.032,0.901,0.067
514000,0.047,0.876,0.077
514500,0.047,0.883,0.069
515000,0.040,0.886,0.074
515500,0.037,0.906,0.057
516000,0.035,0.898,0.067
516500,0.037,0.896,0.067
517000,0.037,0.888,0.074
517500,0.035,0.898,0.067
518000,0.032,0.923,0.045
518500,0.030,0.891,0.079
519000,0.040,0.886,0.074
519500,0.030,0.906,0.065
520000,0.035,0.888,0.077
520500,0.042,0.873,0.084
521000,0.045,0.886,0.069
521500,0.032,0.893,0.074
522000,0.030,0.911,0.060
522500,0.035,0.883,0.082
523000,0.045,0.873,0.082
523500,0.047,0.896,0.057
524000,0.055,0.893,0.052
524500,0.045,0.868,0.087
525000,0.047,0.854,0.099
525500,0.050,0.846,0.104
526000,0.047,0.856,0.097
526500,0.047,0.873,0.079
527000,0.042,0.908,0.050
527500,0.042,0.906,0.052
528000,0.050,0.896,0.055
528500,0.055,0.866,0.079
529000,0.060,0.841,0.099
529500,0.047,0.856,0.097
530000,0.042,0.866,0.092
530500,0.055,0.816,0.129
531000,0.052,0.826,0.122
531500,0.045,0.854,0.102
532000,0.040,0.868,0.092
532500,0.055,0.876,0.069
533000,0.035,0.888,0.077
533500,0.035,0.896,0.069
534000,0.042,0.898,0.060
534500,0.042,0.891,0.067
535000,0.037,0.913,0.050
535500,0.035,0.878,0.087
536000,0.045,0.881,0.074
536500,0.045,0.849,0.107
537000,0.062,0.841,0.097
537500,0.055,0.841,0.104
538000,0.052,0.841,0.107
538500,0.047,0.819,0.134
539000,0.037,0.878,0.084
539500,0.042,0.881,0.077
540000,0.040,0.906,0.055
540500,0.035,0.921,0.045
541000,0.032,0.883,0.084
541500,0.037,0.906,0.057
542000,0.030,0.888,0.082
542500,0.032,0.886,0.082
543000,0.040,0.876,0.084
543500,0.040,0.868,0.092
544000,0.040,0.854,0.107
544500,0.055,0.826,0.119
545000,0.045,0.859,0.097
545500,0.040,0.883,0.077
546000,0.035,0.913,0.052
546500,0.035,0.871,0.094
547000,0.037,0.891,0.072
547500,0.035,0.886,0.079
548000,0.035,0.881,0.084
548500,0.037,0.891,0.072
549000,0.037,0.896,0.067
549500,0.040,0.868,0.092
550000,0.045,0.878,0.077
550500,0.047,0.868,0.084
551000,0.042,0.886,0.072
551500,0.037,0.868,0.094
552000,0.040,0.883,0.077
552500,0.037,0.871,0.092
553000,0.040,0.876,0.084
553500,0.037,0.866,0.097
554000,0.032,0.846,0.122
554500,0.042,0.903,0.055
555000,0.047,0.873,0.079
555500,0.042,0.868,0.089
556000,0.037,0.898,0.065
556500,0.045,0.881,0.074
557000,0.040,0.851,0.109
557500,0.037,0.886,0.077
558000,0.042,0.886,0.072
558500,0.040,0.873,0.087
559000,0.047,0.856,0.097
559500,0.037,0.851,0.112
560000,0.047,0.876,0.077
560500,0.055,0.849,0.097
561000,0.037,0.903,0.060
561500,0.042,0.878,0.079
562000,0.057,0.878,0.065
562500,0.045,0.856,0.099
563000,0.045,0.859,0.097
563500,0.052,0.876,0.072
564000,0.045,0.878,0.077
564500,0.045,0.876,0.079
565000,0.045,0.886,0.069
565500,0.042,0.871,0.087
566000,0.042,0.873,0.084
566500,0.042,0.878,0.079
567000,0.040,0.871,0.089
567500,0.037,0.864,0.099
568000,0.042,0.873,0.084
568500,0.055,0.854,0.092
569000,0.052,0.861,0.087
569500,0.040,0.871,0.089
570000,0.045,0.886,0.069
570500,0.042,0.896,0.062
571000,0.045,0.851,0.104
571500,0.045,0.834,0.122
572000,0.079,0.794,0.127
572500,0.060,0.764,0.176
573000,0.062,0.782,0.156
573500,0.052,0.829,0.119
574000,0.050,0.846,0.104
574500,0.050,0.871,0.079
575000,0.047,0.841,0.112
575500,0.042,0.871,0.087
576000,0.042,0.871,0.087
576500,0.045,0.891,0.065
577000,0.045,0.864,0.092
577500,0.047,0.854,0.099
578000,0.047,0.883,0.069
578500,0.042,0.903,0.055
579000,0.052,0.878,0.069
579500,0.040,0.844,0.117
580000,0.040,0.866,0.094
580500,0.032,0.906,0.062
581000,0.030,0.888,0.082
581500,0.030,0.898,0.072
582000,0.040,0.878,0.082
582500,0.040,0.896,0.065
583000,0.045,0.876,0.079
583500,0.045,0.849,0.107
584000,0.042,0.854,0.104
584500,0.050,0.856,0.094
585000,0.052,0.868,0.079
585500,0.047,0.849,0.104
586000,0.042,0.873,0.084
586500,0.037,0.871,0.092
587000,0.052,0.846,0.102
587500,0.060,0.829,0.112
588000,0.045,0.841,0.114
588500,0.040,0.871,0.089
589000,0.037,0.891,0.072
589500,0.050,0.878,0.072
590000,0.035,0.898,0.067
590500,0.052,0.878,0.069
591000,0.042,0.871,0.087
591500,0.037,0.873,0.089
592000,0.032,0.896,0.072
592500,0.045,0.893,0.062
593000,0.040,0.876,0.084
593500,0.045,0.871,0.084
594000,0.042,0.856,0.102
594500,0.035,0.886,0.079
595000,0.032,0.918,0.050
595500,0.042,0.868,0.089
596000,0.040,0.901,0.060
596500,0.035,0.908,0.057
597000,0.030,0.921,0.050
597500,0.030,0.918,0.052
598000,0.035,0.888,0.077
598500,0.037,0.913,0.050
599000,0.037,0.903,0.060
599500,0.037,0.881,0.082
600000,0.047,0.861,0.092
600500,0.037,0.849,0.114
601000,0.037,0.876,0.087
601500,0.035,0.893,0.072
602000,0.037,0.891,0.072
602500,0.032,0.891,0.077
603000,0.035,0.876,0.089
603500,0.032,0.864,0.104
604000,0.032,0.886,0.082
604500,0.035,0.911,0.055
605000,0.040,0.913,0.047
605500,0.040,0.896,0.065
606000,0.042,0.864,0.094
606500,0.047,0.831,0.122
607000,0.042,0.854,0.104
607500,0.040,0.861,0.099
608000,0.052,0.888,0.060
608500,0.045,0.893,0.062
609000,0.045,0.888,0.067
609500,0.042,0.866,0.092
610000,0.045,0.868,0.087
610500,0.042,0.856,0.102
611000,0.042,0.829,0.129
611500,0.042,0.876,0.082
612000,0.045,0.888,0.067
612500,0.045,0.841,0.114
613000,0.040,0.866,0.094
613500,0.035,0.891,0.074
614000,0.047,0.868,0.084
614500,0.067,0.811,0.122
615000,0.055,0.844,0.102
615500,0.042,0.866,0.092
616000,0.040,0.854,0.107
616500,0.037,0.849,0.114
617000,0.032,0.893,0.074
617500,0.032,0.886,0.082
618000,0.045,0.888,0.067
618500,0.037,0.888,0.074
619000,0.042,0.881,0.077
619500,0.040,0.878,0.082
620000,0.037,0.878,0.084
620500,0.040,0.881,0.079
621000,0.032,0.913,0.055
621500,0.045,0.849,0.107
622000,0.045,0.876,0.079
622500,0.040,0.859,0.102
623000,0.050,0.883,0.067
623500,0.045,0.893,0.062
624000,0.037,0.898,0.065
624500,0.037,0.898,0.065
625000,0.037,0.876,0.087
625500,0.032,0.903,0.065
626000,0.037,0.861,0.102
626500,0.035,0.908,0.057
627000,0.040,0.903,0.057
627500,0.037,0.893,0.069
628000,0.032,0.903,0.065
628500,0.030,0.916,0.055
629000,0.032,0.908,0.060
629500,0.035,0.896,0.069
630000,0.032,0.903,0.065
630500,0.037,0.873,0.089
631000,0.032,0.888,0.079
631500,0.030,0.896,0.074
632000,0.042,0.876,0.082
632500,0.032,0.866,0.102
633000,0.037,0.859,0.104
633500,0.037,0.866,0.097
634000,0.032,0.868,0.099
634500,0.030,0.866,0.104
635000,0.035,0.913,0.052
635500,0.035,0.901,0.065
636000,0.037,0.901,0.062
636500,0.030,0.888,0.082
637000,0.030,0.901,0.069
637500,0.032,0.901,0.067
638000,0.030,0.916,0.055
638500,0.040,0.898,0.062
639000,0.035,0.893,0.072
639500,0.032,0.883,0.084
640000,0.037,0.854,0.109
640500,0.047,0.871,0.082
641000,0.042,0.861,0.097
641500,0.042,0.864,0.094
642000,0.037,0.868,0.094
642500,0.037,0.881,0.082
643000,0.037,0.891,0.072
643500,0.030,0.898,0.072
644000,0.030,0.918,0.052
644500,0.037,0.903,0.060
645000,0.042,0.866,0.092
645500,0.030,0.898,0.072
646000,0.035,0.878,0.087
646500,0.040,0.868,0.092
647000,0.035,0.898,0.067
647500,0.037,0.873,0.089
648000,0.030,0.849,0.122
648500,0.037,0.844,0.119
649000,0.042,0.839,0.119
649500,0.050,0.854,0.097
650000,0.040,0.888,0.072
650500,0.035,0.876,0.089
651000,0.040,0.906,0.055
651500,0.035,0.891,0.074
652000,0.032,0.891,0.077
652500,0.037,0.906,0.057
653000,0.040,0.893,0.067
653500,0.030,0.883,0.087
654000,0.037,0.878,0.084
654500,0.042,0.881,0.077
655000,0.055,0.846,0.099
655500,0.047,0.849,0.104
656000,0.040,0.868,0.092
656500,0.040,0.849,0.112
657000,0.037,0.841,0.122
657500,0.045,0.868,0.087
658000,0.055,0.883,0.062
658500,0.062,0.819,0.119
659000,0.057,0.831,0.112
659500,0.057,0.824,0.119
660000,0.079,0.821,0.099
660500,0.067,0.846,0.087
661000,0.057,0.849,0.094
661500,0.060,0.834,0.107
662000,0.055,0.844,0.102
662500,0.055,0.876,0.069
663000,0.057,0.836,0.107
663500,0.040,0.866,0.094
664000,0.035,0.898,0.067
664500,0.040,0.849,0.112
665000,0.042,0.851,0.107
665500,0.040,0.888,0.072
666000,0.045,0.846,0.109
666500,0.042,0.861,0.097
667000,0.040,0.908,0.052
667500,0.032,0.901,0.067
668000,0.035,0.923,0.042
668500,0.037,0.883,0.079
669000,0.047,0.881,0.072
669500,0.052,0.873,0.074
670000,0.035,0.881,0.084
670500,0.037,0.866,0.097
671000,0.037,0.866,0.097
671500,0.045,0.876,0.079
672000,0.042,0.864,0.094
672500,0.035,0.861,0.104
673000,0.037,0.861,0.102
673500,0.045,0.883,0.072
674000,0.037,0.886,0.077
674500,0.040,0.891,0.069
675000,0.040,0.868,0.092
675500,0.035,0.898,0.067
676000,0.037,0.881,0.082
676500,0.042,0.871,0.087
677000,0.047,0.819,0.134
677500,0.045,0.826,0.129
678000,0.042,0.844,0.114
678500,0.062,0.841,0.097
679000,0.065,0.819,0.117
679500,0.047,0.854,0.099
680000,0.045,0.851,0.104
680500,0.042,0.846,0.112
681000,0.040,0.876,0.084
681500,0.035,0.864,0.102
682000,0.040,0.856,0.104
682500,0.047,0.829,0.124
683000,0.035,0.846,0.119
683500,0.035,0.883,0.082
684000,0.042,0.878,0.079
684500,0.050,0.878,0.072
685000,0.045,0.871,0.084
685500,0.047,0.866,0.087
686000,0.040,0.903,0.057
686500,0.050,0.866,0.084
687000,0.040,0.854,0.107
687500,0.047,0.878,0.074
688000,0.050,0.856,0.094
688500,0.057,0.811,0.132
689000,0.050,0.859,0.092
689500,0.042,0.868,0.089
690000,0.057,0.871,0.072
690500,0.047,0.883,0.069
691000,0.042,0.873,0.084
691500,0.037,0.898,0.065
692000,0.040,0.898,0.062
692500,0.037,0.913,0.050
693000,0.037,0.901,0.062
693500,0.045,0.878,0.077
694000,0.035,0.896,0.069
694500,0.040,0.868,0.092
695000,0.032,0.896,0.072
695500,0.032,0.911,0.057
696000,0.035,0.866,0.099
696500,0.032,0.861,0.107
697000,0.035,0.881,0.084
697500,0.042,0.891,0.067
698000,0.037,0.878,0.084
698500,0.037,0.859,0.104
699000,0.040,0.883,0.077
699500,0.030,0.906,0.065
700000,0.030,0.921,0.050
700500,0.037,0.873,0.089
701000,0.037,0.866,0.097
701500,0.037,0.883,0.079
702000,0.040,0.851,0.109
702500,0.037,0.856,0.107
703000,0.042,0.861,0.097
703500,0.037,0.873,0.089
704000,0.035,0.883,0.082
704500,0.030,0.891,0.079
705000,0.035,0.893,0.072
705500,0.037,0.923,0.040
706000,0.040,0.898,0.062
706500,0.040,0.878,0.082
707000,0.042,0.826,0.132
707500,0.042,0.826,0.132
708000,0.047,0.844,0.109
708500,0.042,0.873,0.084
709000,0.045,0.873,0.082
709500,0.037,0.898,0.065
710000,0.032,0.898,0.069
710500,0.037,0.913,0.050
711000,0.035,0.901,0.065
711500,0.037,0.911,0.052
712000,0.040,0.888,0.072
712500,0.042,0.868,0.089
713000,0.052,0.873,0.074
713500,0.042,0.886,0.072
714000,0.037,0.873,0.089
714500,0.055,0.811,0.134
715000,0.047,0.794,0.159
715500,0.067,0.799,0.134
716000,0.065,0.844,0.092
716500,0.040,0.881,0.079
717000,0.040,0.881,0.079
717500,0.037,0.866,0.097
718000,0.032,0.881,0.087
718500,0.035,0.896,0.069
719000,0.040,0.893,0.067
719500,0.045,0.878,0.077
720000,0.040,0.888,0.072
720500,0.037,0.891,0.072
721000,0.032,0.916,0.052
721500,0.040,0.896,0.065
722000,0.042,0.849,0.109
722500,0.042,0.854,0.104
723000,0.067,0.826,0.107
723500,0.057,0.851,0.092
724000,0.042,0.839,0.119
724500,0.047,0.881,0.072
725000,0.050,0.873,0.077
725500,0.042,0.866,0.092
726000,0.050,0.876,0.074
726500,0.042,0.878,0.079
727000,0.055,0.849,0.097
727500,0.037,0.856,0.107
728000,0.055,0.831,0.114
728500,0.047,0.824,0.129
729000,0.047,0.816,0.136
729500,0.032,0.851,0.117
730000,0.032,0.896,0.072
730500,0.040,0.908,0.052
731000,0.040,0.881,0.079
731500,0.035,0.876,0.089
732000,0.042,0.886,0.072
732500,0.035,0.883,0.082
733000,0.042,0.891,0.067
733500,0.037,0.873,0.089
734000,0.035,0.886,0.079
734500,0.037,0.868,0.094
735000,0.035,0.873,0.092
735500,0.037,0.883,0.079
736000,0.035,0.886,0.079
736500,0.032,0.886,0.082
737000,0.040,0.886,0.074
737500,0.045,0.829,0.127
738000,0.047,0.859,0.094
738500,0.040,0.851,0.109
739000,0.037,0.891,0.072
739500,0.042,0.876,0.082
740000,0.035,0.888,0.077
740500,0.040,0.866,0.094
741000,0.040,0.878,0.082
741500,0.045,0.878,0.077
742000,0.042,0.891,0.067
742500,0.042,0.871,0.087
743000,0.052,0.836,0.112
743500,0.040,0.896,0.065
744000,0.042,0.913,0.045
744500,0.040,0.901,0.060
745000,0.040,0.886,0.074
745500,0.040,0.866,0.094
746000,0.057,0.831,0.112
746500,0.045,0.834,0.122
747000,0.050,0.854,0.097
747500,0.045,0.891,0.065
748000,0.037,0.888,0.074
748500,0.032,0.901,0.067
749000,0.045,0.873,0.082
749500,0.040,0.873,0.087
750000,0.037,0.901,0.062
750500,0.035,0.888,0.077
751000,0.035,0.908,0.057
751500,0.037,0.901,0.062
752000,0.037,0.908,0.055
752500,0.042,0.901,0.057
753000,0.032,0.896,0.072
753500,0.032,0.876,0.092
754000,0.042,0.876,0.082
754500,0.040,0.883,0.077
755000,0.042,0.903,0.055
755500,0.037,0.916,0.047
756000,0.040,0.903,0.057
756500,0.032,0.898,0.069
757000,0.037,0.903,0.060
757500,0.047,0.891,0.062
758000,0.035,0.898,0.067
758500,0.037,0.891,0.072
759000,0.035,0.893,0.072
759500,0.035,0.906,0.060
760000,0.032,0.913,0.055
760500,0.037,0.916,0.047
761000,0.040,0.893,0.067
761500,0.042,0.878,0.079
762000,0.050,0.859,0.092
762500,0.042,0.859,0.099
763000,0.035,0.886,0.079
763500,0.037,0.883,0.079
764000,0.037,0.908,0.055
764500,0.037,0.893,0.069
765000,0.037,0.908,0.055
765500,0.040,0.868,0.092
766000,0.042,0.881,0.077
766500,0.040,0.856,0.104
767000,0.042,0.873,0.084
767500,0.042,0.831,0.127
768000,0.040,0.839,0.122
768500,0.037,0.886,0.077
769000,0.030,0.921,0.050
769500,0.035,0.896,0.069
770000,0.032,0.931,0.037
770500,0.032,0.903,0.065
771000,0.032,0.888,0.079
771500,0.035,0.898,0.067
772000,0.040,0.888,0.072
772500,0.037,0.903,0.060
773000,0.042,0.866,0.092
773500,0.057,0.854,0.089
774000,0.050,0.864,0.087
774500,0.050,0.841,0.109
775000,0.042,0.806,0.151
775500,0.052,0.844,0.104
776000,0.037,0.871,0.092
776500,0.035,0.841,0.124
777000,0.040,0.864,0.097
777500,0.035,0.888,0.077
778000,0.047,0.836,0.117
778500,0.045,0.846,0.109
779000,0.047,0.846,0.107
779500,0.050,0.826,0.124
780000,0.045,0.856,0.099
780500,0.055,0.839,0.107
781000,0.047,0.851,0.102
781500,0.040,0.883,0.077
782000,0.040,0.896,0.065
782500,0.040,0.893,0.067
783000,0.035,0.881,0.084
783500,0.037,0.878,0.084
784000,0.047,0.881,0.072
784500,0.040,0.873,0.087
785000,0.047,0.883,0.069
785500,0.035,0.854,0.112
786000,0.037,0.864,0.099
786500,0.037,0.871,0.092
787000,0.055,0.883,0.062
787500,0.040,0.866,0.094
788000,0.045,0.873,0.082
788500,0.037,0.876,0.087
789000,0.037,0.878,0.084
789500,0.045,0.883,0.072
790000,0.052,0.849,0.099
790500,0.050,0.883,0.067
791000,0.045,0.873,0.082
791500,0.047,0.856,0.097
792000,0.040,0.868,0.092
792500,0.050,0.846,0.104
793000,0.052,0.841,0.107
793500,0.045,0.826,0.129
794000,0.047,0.864,0.089
794500,0.032,0.849,0.119
795000,0.045,0.849,0.107
795500,0.055,0.846,0.099
796000,0.045,0.868,0.087
796500,0.050,0.849,0.102
797000,0.045,0.844,0.112
797500,0.047,0.859,0.094
798000,0.047,0.844,0.109
798500,0.045,0.824,0.132
799000,0.055,0.846,0.099
799500,0.050,0.819,0.132
800000,0.060,0.834,0.107
800500,0.050,0.861,0.089
801000,0.052,0.841,0.107
801500,0.042,0.871,0.087
802000,0.037,0.868,0.094
802500,0.037,0.878,0.084
803000,0.042,0.849,0.109
803500,0.037,0.864,0.099
804000,0.040,0.888,0.072
804500,0.037,0.873,0.089
805000,0.040,0.896,0.065
805500,0.037,0.898,0.065
806000,0.035,0.878,0.087
806500,0.045,0.871,0.084
807000,0.035,0.868,0.097
807500,0.042,0.871,0.087
808000,0.042,0.893,0.065
808500,0.037,0.876,0.087
809000,0.035,0.891,0.074
809500,0.032,0.916,0.052
810000,0.030,0.918,0.052
810500,0.032,0.906,0.062
811000,0.032,0.906,0.062
811500,0.035,0.908,0.057
812000,0.030,0.901,0.069
812500,0.030,0.893,0.077
813000,0.032,0.898,0.069
813500,0.040,0.898,0.062
814000,0.032,0.906,0.062
814500,0.040,0.864,0.097
815000,0.035,0.868,0.097
815500,0.035,0.871,0.094
816000,0.032,0.883,0.084
816500,0.045,0.859,0.097
817000,0.042,0.839,0.119
817500,0.052,0.831,0.117
818000,0.047,0.868,0.084
818500,0.037,0.871,0.092
819000,0.035,0.893,0.072
819500,0.037,0.876,0.087
820000,0.035,0.888,0.077
820500,0.035,0.871,0.094
821000,0.047,0.861,0.092
821500,0.037,0.903,0.060
822000,0.037,0.908,0.055
822500,0.040,0.878,0.082
823000,0.037,0.873,0.089
823500,0.042,0.851,0.107
824000,0.040,0.876,0.084
824500,0.045,0.878,0.077
825000,0.035,0.913,0.052
825500,0.045,0.846,0.109
826000,0.040,0.893,0.067
826500,0.037,0.888,0.074
827000,0.037,0.898,0.065
827500,0.032,0.893,0.074
828000,0.037,0.893,0.069
828500,0.032,0.901,0.067
829000,0.037,0.876,0.087
829500,0.037,0.854,0.109
830000,0.032,0.868,0.099
830500,0.037,0.881,0.082
831000,0.042,0.886,0.072
831500,0.052,0.873,0.074
832000,0.042,0.846,0.112
832500,0.052,0.864,0.084
833000,0.047,0.819,0.134
833500,0.042,0.836,0.122
834000,0.062,0.841,0.097
834500,0.042,0.844,0.114
835000,0.045,0.844,0.112
835500,0.055,0.804,0.141
836000,0.050,0.841,0.109
836500,0.052,0.841,0.107
837000,0.047,0.876,0.077
837500,0.045,0.888,0.067
838000,0.047,0.866,0.087
838500,0.047,0.868,0.084
839000,0.050,0.881,0.069
839500,0.045,0.856,0.099
840000,0.040,0.888,0.072
840500,0.052,0.856,0.092
841000,0.067,0.819,0.114
841500,0.060,0.821,0.119
842000,0.052,0.829,0.119
842500,0.045,0.854,0.102
843000,0.042,0.836,0.122
843500,0.055,0.834,0.112
844000,0.052,0.859,0.089
844500,0.047,0.856,0.097
845000,0.045,0.901,0.055
845500,0.035,0.916,0.050
846000,0.035,0.881,0.084
846500,0.042,0.844,0.114
847000,0.055,0.819,0.127
847500,0.045,0.844,0.112
848000,0.047,0.844,0.109
848500,0.047,0.829,0.124
849000,0.045,0.841,0.114
849500,0.050,0.844,0.107
850000,0.042,0.851,0.107
850500,0.050,0.859,0.092
851000,0.037,0.873,0.089
851500,0.042,0.886,0.072
852000,0.040,0.906,0.055
852500,0.050,0.876,0.074
853000,0.047,0.854,0.099
853500,0.047,0.861,0.092
854000,0.052,0.868,0.079
854500,0.045,0.841,0.114
855000,0.037,0.859,0.104
855500,0.042,0.876,0.082
856000,0.037,0.896,0.067
856500,0.042,0.901,0.057
857000,0.042,0.873,0.084
857500,0.047,0.876,0.077
858000,0.050,0.861,0.089
858500,0.042,0.886,0.072
859000,0.040,0.873,0.087
859500,0.037,0.898,0.065
860000,0.035,0.856,0.109
860500,0.047,0.888,0.065
861000,0.035,0.836,0.129
861500,0.040,0.868,0.092
862000,0.040,0.881,0.079
862500,0.035,0.903,0.062
863000,0.040,0.906,0.055
863500,0.037,0.873,0.089
864000,0.050,0.876,0.074
864500,0.042,0.864,0.094
865000,0.045,0.868,0.087
865500,0.037,0.881,0.082
866000,0.045,0.881,0.074
866500,0.040,0.854,0.107
867000,0.042,0.883,0.074
867500,0.050,0.864,0.087
868000,0.052,0.871,0.077
868500,0.037,0.844,0.119
869000,0.040,0.893,0.067
869500,0.037,0.901,0.062
870000,0.037,0.891,0.072
870500,0.045,0.883,0.072
871000,0.035,0.916,0.050
871500,0.042,0.888,0.069
872000,0.035,0.878,0.087
872500,0.042,0.866,0.092
873000,0.037,0.883,0.079
873500,0.050,0.871,0.079
874000,0.045,0.871,0.084
874500,0.042,0.849,0.109
875000,0.045,0.903,0.052
875500,0.040,0.896,0.065
876000,0.042,0.856,0.102
876500,0.045,0.854,0.102
877000,0.060,0.846,0.094
877500,0.050,0.816,0.134
878000,0.062,0.834,0.104
878500,0.052,0.826,0.122
879000,0.057,0.831,0.112
879500,0.055,0.856,0.089
880000,0.062,0.846,0.092
880500,0.045,0.839,0.117
881000,0.042,0.868,0.089
881500,0.037,0.829,0.134
882000,0.050,0.844,0.107
882500,0.047,0.839,0.114
883000,0.050,0.846,0.104
883500,0.040,0.831,0.129
884000,0.037,0.856,0.107
884500,0.045,0.839,0.117
885000,0.047,0.846,0.107
885500,0.045,0.871,0.084
886000,0.040,0.873,0.087
886500,0.050,0.866,0.084
887000,0.052,0.849,0.099
887500,0.045,0.854,0.102
888000,0.052,0.868,0.079
888500,0.042,0.846,0.112
889000,0.052,0.873,0.074
889500,0.045,0.854,0.102
890000,0.052,0.868,0.079
890500,0.065,0.824,0.112
891000,0.047,0.854,0.099
891500,0.047,0.851,0.102
892000,0.032,0.868,0.099
892500,0.040,0.861,0.099
893000,0.035,0.861,0.104
893500,0.032,0.883,0.084
894000,0.032,0.908,0.060
894500,0.032,0.926,0.042
895000,0.030,0.931,0.040
895500,0.042,0.891,0.067
896000,0.035,0.883,0.082
896500,0.042,0.871,0.087
897000,0.032,0.883,0.084
897500,0.032,0.881,0.087
898000,0.047,0.856,0.097
898500,0.035,0.893,0.072
899000,0.032,0.901,0.067
899500,0.032,0.913,0.055
900000,0.040,0.888,0.072
900500,0.040,0.868,0.092
901000,0.037,0.921,0.042
901500,0.042,0.896,0.062
902000,0.050,0.883,0.067
902500,0.042,0.891,0.067
903000,0.040,0.891,0.069
903500,0.035,0.916,0.050
904000,0.037,0.903,0.060
904500,0.040,0.901,0.060
905000,0.035,0.888,0.077
905500,0.042,0.866,0.092
906000,0.042,0.881,0.077
906500,0.035,0.854,0.112
907000,0.032,0.891,0.077
907500,0.030,0.903,0.067
908000,0.032,0.911,0.057
908500,0.035,0.898,0.067
909000,0.032,0.903,0.065
909500,0.047,0.891,0.062
910000,0.047,0.856,0.097
910500,0.047,0.846,0.107
911000,0.045,0.891,0.065
911500,0.045,0.918,0.037
912000,0.037,0.896,0.067
912500,0.045,0.871,0.084
913000,0.050,0.841,0.109
913500,0.052,0.886,0.062
914000,0.042,0.868,0.089
914500,0.042,0.881,0.077
915000,0.040,0.881,0.079
915500,0.042,0.891,0.067
916000,0.060,0.864,0.077
916500,0.047,0.856,0.097
917000,0.035,0.893,0.072
917500,0.040,0.903,0.057
918000,0.037,0.906,0.057
918500,0.035,0.906,0.060
919000,0.035,0.888,0.077
919500,0.035,0.888,0.077
920000,0.040,0.888,0.072
920500,0.042,0.876,0.082
921000,0.037,0.923,0.040
921500,0.035,0.908,0.057
922000,0.040,0.896,0.065
922500,0.037,0.896,0.067
923000,0.037,0.901,0.062
923500,0.035,0.906,0.060
924000,0.042,0.896,0.062
924500,0.042,0.873,0.084
925000,0.037,0.906,0.057
925500,0.047,0.883,0.069
926000,0.042,0.886,0.072
926500,0.042,0.871,0.087
927000,0.037,0.896,0.067
927500,0.040,0.913,0.047
928000,0.035,0.896,0.069
928500,0.032,0.903,0.065
929000,0.032,0.896,0.072
929500,0.035,0.896,0.069
930000,0.032,0.908,0.060
930500,0.032,0.908,0.060
931000,0.032,0.903,0.065
931500,0.035,0.886,0.079
932000,0.035,0.896,0.069
932500,0.047,0.871,0.082
933000,0.037,0.861,0.102
933500,0.050,0.841,0.109
934000,0.050,0.826,0.124
934500,0.032,0.864,0.104
935000,0.045,0.849,0.107
935500,0.040,0.876,0.084
936000,0.032,0.903,0.065
936500,0.037,0.891,0.072
937000,0.040,0.871,0.089
937500,0.042,0.841,0.117
938000,0.045,0.839,0.117
938500,0.045,0.868,0.087
939000,0.037,0.876,0.087
939500,0.040,0.898,0.062
940000,0.035,0.876,0.089
940500,0.040,0.866,0.094
941000,0.037,0.846,0.117
941500,0.032,0.849,0.119
942000,0.032,0.901,0.067
942500,0.042,0.866,0.092
943000,0.040,0.866,0.094
943500,0.040,0.866,0.094
944000,0.040,0.866,0.094
944500,0.037,0.856,0.107
945000,0.042,0.846,0.112
945500,0.042,0.856,0.102
946000,0.040,0.876,0.084
946500,0.035,0.871,0.094
947000,0.047,0.888,0.065
947500,0.042,0.861,0.097
948000,0.045,0.856,0.099
948500,0.047,0.856,0.097
949000,0.047,0.854,0.099
949500,0.047,0.861,0.092
950000,0.042,0.846,0.112
950500,0.035,0.868,0.097
951000,0.042,0.856,0.102
951500,0.045,0.878,0.077
952000,0.040,0.893,0.067
952500,0.037,0.916,0.047
953000,0.042,0.908,0.050
953500,0.057,0.878,0.065
954000,0.042,0.866,0.092
954500,0.050,0.821,0.129
955000,0.037,0.868,0.094
955500,0.035,0.886,0.079
956000,0.037,0.888,0.074
956500,0.042,0.856,0.102
957000,0.052,0.859,0.089
957500,0.047,0.871,0.082
958000,0.045,0.866,0.089
958500,0.045,0.851,0.104
959000,0.055,0.849,0.097
959500,0.052,0.856,0.092
960000,0.047,0.871,0.082
960500,0.050,0.888,0.062
961000,0.047,0.873,0.079
961500,0.047,0.868,0.084
962000,0.045,0.829,0.127
962500,0.045,0.854,0.102
963000,0.042,0.851,0.107
963500,0.047,0.809,0.144
964000,0.045,0.864,0.092
964500,0.042,0.868,0.089
965000,0.040,0.861,0.099
965500,0.037,0.893,0.069
966000,0.037,0.849,0.114
966500,0.042,0.878,0.079
967000,0.057,0.851,0.092
967500,0.037,0.861,0.102
968000,0.047,0.864,0.089
968500,0.037,0.878,0.084
969000,0.042,0.866,0.092
969500,0.052,0.839,0.109
970000,0.050,0.826,0.124
970500,0.042,0.854,0.104
971000,0.047,0.871,0.082
971500,0.047,0.851,0.102
972000,0.060,0.836,0.104
972500,0.050,0.829,0.122
973000,0.055,0.841,0.104
973500,0.047,0.854,0.099
974000,0.047,0.873,0.079
974500,0.035,0.849,0.117
975000,0.045,0.881,0.074
975500,0.035,0.886,0.079
976000,0.040,0.896,0.065
976500,0.052,0.886,0.062
977000,0.040,0.866,0.094
977500,0.042,0.861,0.097
978000,0.060,0.851,0.089
978500,0.045,0.886,0.069
979000,0.060,0.851,0.089
979500,0.042,0.868,0.089
980000,0.040,0.906,0.055
980500,0.040,0.903,0.057
981000,0.035,0.916,0.050
981500,0.032,0.901,0.067
982000,0.040,0.888,0.072
982500,0.042,0.864,0.094
983000,0.045,0.831,0.124
983500,0.052,0.856,0.092
984000,0.052,0.866,0.082
984500,0.037,0.866,0.097
985000,0.047,0.841,0.112
985500,0.050,0.864,0.087
986000,0.055,0.873,0.072
986500,0.047,0.849,0.104
987000,0.047,0.876,0.077
987500,0.045,0.866,0.089
988000,0.032,0.854,0.114
988500,0.030,0.898,0.072
989000,0.035,0.908,0.057
989500,0.030,0.916,0.055
990000,0.032,0.893,0.074
990500,0.030,0.921,0.050
991000,0.037,0.901,0.062
991500,0.032,0.868,0.099
992000,0.040,0.878,0.082
992500,0.040,0.903,0.057
993000,0.045,0.866,0.089
993500,0.050,0.851,0.099
994000,0.045,0.871,0.084
994500,0.065,0.859,0.077
995000,0.060,0.844,0.097
995500,0.050,0.856,0.094
996000,0.045,0.799,0.156
996500,0.040,0.871,0.089
997000,0.045,0.876,0.079
997500,0.047,0.871,0.082
998000,0.042,0.864,0.094
998500,0.055,0.866,0.079
999000,0.055,0.841,0.104
999500,0.042,0.856,0.102
1000000,0.037,0.864,0.099
