time,n_A+p,n_B,n_AB
500,0.045,0.028,0.927
1000,0.026,0.015,0.959
1500,0.011,0.085,0.904
2000,0.010,0.065,0.925
2500,0.031,0.042,0.927
3000,0.041,0.016,0.943
3500,0.119,0.000,0.881
4000,0.260,0.000,0.740
4500,0.134,0.002,0.864
5000,0.236,0.000,0.764
5500,0.117,0.000,0.883
6000,0.123,0.000,0.877
6500,0.145,0.000,0.855
7000,0.030,0.016,0.954
7500,0.012,0.020,0.968
8000,0.102,0.000,0.898
8500,0.096,0.000,0.904
9000,0.024,0.010,0.966
9500,0.039,0.017,0.944
10000,0.171,0.000,0.829
10500,0.093,0.000,0.907
11000,0.096,0.000,0.904
11500,0.106,0.004,0.890
12000,0.066,0.000,0.934
12500,0.125,0.000,0.875
13000,0.087,0.000,0.913
13500,0.030,0.061,0.909
14000,0.021,0.043,0.936
14500,0.178,0.000,0.822
15000,0.092,0.006,0.902
15500,0.186,0.000,0.814
16000,0.148,0.000,0.852
16500,0.032,0.021,0.947
17000,0.019,0.000,0.981
17500,0.087,0.000,0.913
18000,0.011,0.079,0.910
18500,0.014,0.065,0.921
19000,0.089,0.000,0.911
19500,0.046,0.000,0.954
20000,0.107,0.000,0.893
20500,0.112,0.000,0.888
21000,0.113,0.000,0.887
21500,0.100,0.000,0.900
22000,0.048,0.029,0.923
22500,0.126,0.001,0.873
23000,0.169,0.000,0.831
23500,0.119,0.000,0.881
24000,0.143,0.000,0.857
24500,0.159,0.000,0.841
25000,0.114,0.000,0.886
25500,0.138,0.002,0.860
26000,0.129,0.000,0.871
26500,0.164,0.000,0.836
27000,0.165,0.000,0.835
27500,0.094,0.001,0.905
28000,0.095,0.000,0.905
28500,0.011,0.066,0.923
29000,0.017,0.048,0.935
29500,0.037,0.018,0.945
30000,0.036,0.028,0.936
30500,0.019,0.029,0.952
31000,0.056,0.021,0.923
31500,0.075,0.000,0.925
32000,0.110,0.000,0.890
32500,0.126,0.000,0.874
33000,0.074,0.006,0.920
33500,0.019,0.020,0.961
34000,0.074,0.000,0.926
34500,0.126,0.000,0.874
35000,0.026,0.022,0.952
35500,0.010,0.105,0.885
36000,0.096,0.000,0.904
36500,0.017,0.045,0.938
37000,0.035,0.007,0.958
37500,0.131,0.000,0.869
38000,0.148,0.000,0.852
38500,0.106,0.000,0.894
39000,0.067,0.000,0.933
39500,0.152,0.000,0.848
40000,0.113,0.000,0.887
40500,0.145,0.000,0.855
41000,0.058,0.002,0.940
41500,0.010,0.045,0.945
42000,0.011,0.063,0.926
42500,0.044,0.011,0.945
43000,0.133,0.000,0.867
43500,0.131,0.000,0.869
44000,0.011,0.066,0.923
44500,0.010,0.090,0.900
45000,0.099,0.000,0.901
45500,0.080,0.000,0.920
46000,0.023,0.000,0.977
46500,0.045,0.056,0.899
47000,0.036,0.000,0.964
47500,0.093,0.000,0.907
48000,0.122,0.000,0.878
48500,0.075,0.001,0.924
49000,0.071,0.031,0.898
49500,0.029,0.037,0.934
50000,0.102,0.000,0.898
50500,0.115,0.000,0.885
51000,0.010,0.126,0.864
51500,0.011,0.028,0.961
52000,0.098,0.001,0.901
52500,0.111,0.001,0.888
53000,0.050,0.002,0.948
53500,0.188,0.000,0.812
54000,0.059,0.000,0.941
54500,0.045,0.000,0.955
55000,0.188,0.000,0.812
55500,0.098,0.004,0.898
56000,0.028,0.013,0.959
56500,0.063,0.000,0.937
57000,0.106,0.000,0.894
57500,0.149,0.000,0.851
58000,0.033,0.022,0.945
58500,0.155,0.000,0.845
59000,0.073,0.000,0.927
59500,0.011,0.084,0.905
60000,0.101,0.000,0.899
60500,0.011,0.048,0.941
61000,0.121,0.000,0.879
61500,0.085,0.000,0.915
62000,0.029,0.003,0.968
62500,0.048,0.003,0.949
63000,0.095,0.000,0.905
63500,0.089,0.000,0.911
64000,0.056,0.028,0.916
64500,0.036,0.049,0.915
65000,0.072,0.000,0.928
65500,0.059,0.006,0.935
66000,0.113,0.000,0.887
66500,0.118,0.001,0.881
67000,0.073,0.000,0.927
67500,0.146,0.000,0.854
68000,0.068,0.029,0.903
68500,0.026,0.027,0.947
69000,0.061,0.000,0.939
69500,0.104,0.000,0.896
70000,0.054,0.000,0.946
70500,0.047,0.008,0.945
71000,0.047,0.024,0.929
71500,0.062,0.000,0.938
72000,0.104,0.002,0.894
72500,0.095,0.021,0.884
73000,0.078,0.005,0.917
73500,0.124,0.000,0.876
74000,0.247,0.000,0.753
74500,0.096,0.000,0.904
75000,0.150,0.000,0.850
75500,0.154,0.000,0.846
76000,0.166,0.000,0.834
76500,0.041,0.000,0.959
77000,0.147,0.000,0.853
77500,0.045,0.000,0.955
78000,0.079,0.000,0.921
78500,0.076,0.000,0.924
79000,0.010,0.084,0.906
79500,0.034,0.025,0.941
80000,0.116,0.001,0.883
80500,0.057,0.000,0.943
81000,0.013,0.048,0.939
81500,0.111,0.000,0.889
82000,0.063,0.000,0.937
82500,0.058,0.000,0.942
83000,0.102,0.000,0.898
83500,0.015,0.059,0.926
84000,0.010,0.070,0.920
84500,0.012,0.055,0.933
85000,0.102,0.000,0.898
85500,0.142,0.000,0.858
86000,0.040,0.102,0.858
86500,0.043,0.000,0.957
87000,0.183,0.000,0.817
87500,0.012,0.036,0.952
88000,0.026,0.023,0.951
88500,0.072,0.000,0.928
89000,0.128,0.000,0.872
89500,0.049,0.000,0.951
90000,0.118,0.000,0.882
90500,0.116,0.000,0.884
91000,0.119,0.000,0.881
91500,0.155,0.000,0.845
92000,0.185,0.000,0.815
92500,0.106,0.000,0.894
93000,0.153,0.000,0.847
93500,0.179,0.000,0.821
94000,0.010,0.086,0.904
94500,0.036,0.025,0.939
95000,0.061,0.001,0.938
95500,0.131,0.000,0.869
96000,0.140,0.014,0.846
96500,0.059,0.000,0.941
97000,0.066,0.000,0.934
97500,0.240,0.000,0.760
98000,0.093,0.000,0.907
98500,0.101,0.000,0.899
99000,0.037,0.012,0.951
99500,0.116,0.000,0.884
100000,0.086,0.008,0.906
100500,0.097,0.000,0.903
101000,0.179,0.000,0.821
101500,0.065,0.000,0.935
102000,0.136,0.009,0.855
102500,0.074,0.000,0.926
103000,0.010,0.036,0.954
103500,0.058,0.005,0.937
104000,0.106,0.000,0.894
104500,0.193,0.000,0.807
105000,0.159,0.000,0.841
105500,0.070,0.036,0.894
106000,0.055,0.000,0.945
106500,0.051,0.000,0.949
107000,0.088,0.001,0.911
107500,0.107,0.020,0.873
108000,0.111,0.000,0.889
108500,0.072,0.006,0.922
109000,0.143,0.000,0.857
109500,0.103,0.000,0.897
110000,0.119,0.000,0.881
110500,0.046,0.019,0.935
111000,0.088,0.000,0.912
111500,0.113,0.000,0.887
112000,0.111,0.000,0.889
112500,0.016,0.048,0.936
113000,0.010,0.026,0.964
113500,0.185,0.000,0.815
114000,0.075,0.000,0.925
114500,0.058,0.000,0.942
115000,0.012,0.070,0.918
115500,0.010,0.037,0.953
116000,0.038,0.014,0.948
116500,0.081,0.000,0.919
117000,0.076,0.000,0.924
117500,0.036,0.013,0.951
118000,0.047,0.007,0.946
118500,0.014,0.005,0.981
119000,0.022,0.017,0.961
119500,0.120,0.000,0.880
120000,0.037,0.000,0.963
120500,0.086,0.000,0.914
121000,0.101,0.004,0.895
121500,0.159,0.000,0.841
122000,0.141,0.000,0.859
122500,0.084,0.000,0.916
123000,0.139,0.000,0.861
123500,0.083,0.000,0.917
124000,0.021,0.039,0.940
124500,0.183,0.000,0.817
125000,0.122,0.000,0.878
125500,0.054,0.030,0.916
126000,0.087,0.000,0.913
126500,0.055,0.004,0.941
127000,0.027,0.041,0.932
127500,0.010,0.087,0.903
128000,0.158,0.000,0.842
128500,0.120,0.000,0.880
129000,0.136,0.000,0.864
129500,0.044,0.023,0.933
130000,0.010,0.106,0.884
130500,0.011,0.038,0.951
131000,0.021,0.028,0.951
131500,0.010,0.069,0.921
132000,0.013,0.023,0.964
132500,0.087,0.000,0.913
133000,0.178,0.000,0.822
133500,0.162,0.000,0.838
134000,0.156,0.000,0.844
134500,0.088,0.000,0.912
135000,0.157,0.000,0.843
135500,0.104,0.000,0.896
136000,0.051,0.003,0.946
136500,0.121,0.039,0.840
137000,0.034,0.060,0.906
137500,0.113,0.002,0.885
138000,0.048,0.004,0.948
138500,0.127,0.000,0.873
139000,0.090,0.000,0.910
139500,0.047,0.000,0.953
140000,0.111,0.012,0.877
140500,0.127,0.000,0.873
141000,0.039,0.000,0.961
141500,0.165,0.000,0.835
142000,0.127,0.000,0.873
142500,0.093,0.000,0.907
143000,0.178,0.000,0.822
143500,0.116,0.000,0.884
144000,0.066,0.009,0.925
144500,0.081,0.000,0.919
145000,0.191,0.000,0.809
145500,0.079,0.000,0.921
146000,0.200,0.000,0.800
146500,0.160,0.000,0.840
147000,0.142,0.000,0.858
147500,0.128,0.000,0.872
148000,0.151,0.000,0.849
148500,0.014,0.076,0.910
149000,0.074,0.000,0.926
149500,0.127,0.000,0.873
150000,0.099,0.000,0.901
150500,0.200,0.000,0.800
151000,0.050,0.000,0.950
151500,0.180,0.000,0.820
152000,0.111,0.000,0.889
152500,0.104,0.000,0.896
153000,0.130,0.000,0.870
153500,0.178,0.000,0.822
154000,0.056,0.018,0.926
154500,0.011,0.043,0.946
155000,0.010,0.025,0.965
155500,0.189,0.000,0.811
156000,0.092,0.000,0.908
156500,0.129,0.000,0.871
157000,0.057,0.000,0.943
157500,0.072,0.001,0.927
158000,0.037,0.000,0.963
158500,0.134,0.001,0.865
159000,0.101,0.000,0.899
159500,0.031,0.000,0.969
160000,0.198,0.000,0.802
160500,0.069,0.000,0.931
161000,0.067,0.000,0.933
161500,0.126,0.000,0.874
162000,0.148,0.000,0.852
162500,0.054,0.000,0.946
163000,0.122,0.000,0.878
163500,0.224,0.000,0.776
164000,0.087,0.003,0.910
164500,0.108,0.003,0.889
165000,0.118,0.000,0.882
165500,0.028,0.032,0.940
166000,0.078,0.000,0.922
166500,0.151,0.000,0.849
167000,0.104,0.000,0.896
167500,0.073,0.000,0.927
168000,0.081,0.000,0.919
168500,0.127,0.000,0.873
169000,0.039,0.012,0.949
169500,0.091,0.000,0.909
170000,0.041,0.005,0.954
170500,0.011,0.042,0.947
171000,0.010,0.055,0.935
171500,0.040,0.011,0.949
172000,0.188,0.000,0.812
172500,0.140,0.000,0.860
173000,0.100,0.000,0.900
173500,0.118,0.000,0.882
174000,0.182,0.000,0.818
174500,0.081,0.000,0.919
175000,0.236,0.000,0.764
175500,0.058,0.000,0.942
176000,0.101,0.000,0.899
176500,0.136,0.001,0.863
177000,0.105,0.000,0.895
177500,0.086,0.000,0.914
178000,0.135,0.002,0.863
178500,0.011,0.043,0.946
179000,0.085,0.000,0.915
179500,0.064,0.074,0.862
180000,0.017,0.052,0.931
180500,0.013,0.089,0.898
181000,0.045,0.063,0.892
181500,0.039,0.000,0.961
182000,0.029,0.011,0.960
182500,0.136,0.001,0.863
183000,0.010,0.037,0.953
183500,0.067,0.000,0.933
184000,0.072,0.000,0.928
184500,0.122,0.000,0.878
185000,0.108,0.000,0.892
185500,0.094,0.000,0.906
186000,0.091,0.005,0.904
186500,0.090,0.008,0.902
187000,0.103,0.000,0.897
187500,0.183,0.000,0.817
188000,0.076,0.001,0.923
188500,0.075,0.014,0.911
189000,0.042,0.000,0.958
189500,0.157,0.000,0.843
190000,0.093,0.000,0.907
190500,0.108,0.000,0.892
191000,0.084,0.011,0.905
191500,0.109,0.000,0.891
192000,0.096,0.000,0.904
192500,0.133,0.000,0.867
193000,0.069,0.000,0.931
193500,0.011,0.023,0.966
194000,0.099,0.000,0.901
194500,0.021,0.045,0.934
195000,0.073,0.006,0.921
195500,0.048,0.000,0.952
196000,0.067,0.011,0.922
196500,0.034,0.038,0.928
197000,0.075,0.000,0.925
197500,0.070,0.000,0.930
198000,0.103,0.000,0.897
198500,0.114,0.000,0.886
199000,0.055,0.023,0.922
199500,0.176,0.000,0.824
200000,0.113,0.002,0.885
200500,0.129,0.000,0.871
201000,0.028,0.004,0.968
201500,0.141,0.000,0.859
202000,0.146,0.000,0.854
202500,0.060,0.006,0.934
203000,0.125,0.000,0.875
203500,0.010,0.020,0.970
204000,0.047,0.008,0.945
204500,0.010,0.056,0.934
205000,0.174,0.000,0.826
205500,0.147,0.000,0.853
206000,0.088,0.000,0.912
206500,0.077,0.009,0.914
207000,0.057,0.015,0.928
207500,0.122,0.000,0.878
208000,0.085,0.000,0.915
208500,0.142,0.000,0.858
209000,0.072,0.004,0.924
209500,0.055,0.000,0.945
210000,0.107,0.000,0.893
210500,0.059,0.000,0.941
211000,0.078,0.000,0.922
211500,0.182,0.000,0.818
212000,0.032,0.029,0.939
212500,0.137,0.003,0.860
213000,0.039,0.002,0.959
213500,0.010,0.087,0.903
214000,0.087,0.000,0.913
214500,0.134,0.000,0.866
215000,0.057,0.000,0.943
215500,0.022,0.050,0.928
216000,0.010,0.046,0.944
216500,0.037,0.025,0.938
217000,0.083,0.000,0.917
217500,0.036,0.015,0.949
218000,0.166,0.000,0.834
218500,0.031,0.079,0.890
219000,0.191,0.000,0.809
219500,0.106,0.002,0.892
220000,0.031,0.031,0.938
220500,0.127,0.000,0.873
221000,0.048,0.000,0.952
221500,0.049,0.007,0.944
222000,0.031,0.000,0.969
222500,0.087,0.001,0.912
223000,0.011,0.056,0.933
223500,0.010,0.098,0.892
224000,0.010,0.049,0.941
224500,0.010,0.097,0.893
225000,0.127,0.000,0.873
225500,0.057,0.000,0.943
226000,0.071,0.000,0.929
226500,0.091,0.000,0.909
227000,0.144,0.000,0.856
227500,0.033,0.000,0.967
228000,0.060,0.000,0.940
228500,0.134,0.000,0.866
229000,0.157,0.000,0.843
229500,0.056,0.018,0.926
230000,0.129,0.000,0.871
230500,0.117,0.001,0.882
231000,0.045,0.024,0.931
231500,0.048,0.000,0.952
232000,0.010,0.029,0.961
232500,0.024,0.097,0.879
233000,0.066,0.000,0.934
233500,0.081,0.000,0.919
234000,0.100,0.000,0.900
234500,0.056,0.014,0.930
235000,0.160,0.000,0.840
235500,0.093,0.001,0.906
236000,0.079,0.011,0.910
236500,0.020,0.054,0.926
237000,0.010,0.050,0.940
237500,0.039,0.006,0.955
238000,0.084,0.000,0.916
238500,0.108,0.000,0.892
239000,0.077,0.000,0.923
239500,0.064,0.000,0.936
240000,0.093,0.000,0.907
240500,0.077,0.027,0.896
241000,0.125,0.005,0.870
241500,0.019,0.015,0.966
242000,0.104,0.000,0.896
242500,0.074,0.000,0.926
243000,0.187,0.000,0.813
243500,0.123,0.000,0.877
244000,0.130,0.000,0.870
244500,0.119,0.000,0.881
245000,0.043,0.045,0.912
245500,0.043,0.056,0.901
246000,0.149,0.000,0.851
246500,0.069,0.000,0.931
247000,0.028,0.000,0.972
247500,0.146,0.000,0.854
248000,0.020,0.098,0.882
248500,0.029,0.000,0.971
249000,0.072,0.000,0.928
249500,0.100,0.000,0.900
250000,0.010,0.081,0.909
250500,0.016,0.017,0.967
251000,0.031,0.005,0.964
251500,0.145,0.000,0.855
252000,0.013,0.052,0.935
252500,0.131,0.000,0.869
253000,0.143,0.000,0.857
253500,0.090,0.000,0.910
254000,0.040,0.014,0.946
254500,0.146,0.000,0.854
255000,0.046,0.053,0.901
255500,0.030,0.011,0.959
256000,0.074,0.002,0.924
256500,0.145,0.000,0.855
257000,0.110,0.000,0.890
257500,0.132,0.000,0.868
258000,0.040,0.000,0.960
258500,0.232,0.000,0.768
259000,0.035,0.030,0.935
259500,0.036,0.011,0.953
260000,0.102,0.000,0.898
260500,0.058,0.000,0.942
261000,0.069,0.002,0.929
261500,0.076,0.001,0.923
262000,0.105,0.000,0.895
262500,0.084,0.000,0.916
263000,0.123,0.019,0.858
263500,0.102,0.000,0.898
264000,0.147,0.000,0.853
264500,0.091,0.000,0.909
265000,0.094,0.000,0.906
265500,0.070,0.000,0.930
266000,0.148,0.000,0.852
266500,0.117,0.000,0.883
267000,0.076,0.000,0.924
267500,0.029,0.022,0.949
268000,0.028,0.035,0.937
268500,0.010,0.037,0.953
269000,0.057,0.001,0.942
269500,0.092,0.000,0.908
270000,0.084,0.000,0.916
270500,0.028,0.004,0.968
271000,0.010,0.115,0.875
271500,0.216,0.000,0.784
272000,0.213,0.000,0.787
272500,0.091,0.000,0.909
273000,0.092,0.005,0.903
273500,0.180,0.000,0.820
274000,0.131,0.000,0.869
274500,0.067,0.000,0.933
275000,0.133,0.000,0.867
275500,0.086,0.002,0.912
276000,0.046,0.000,0.954
276500,0.074,0.000,0.926
277000,0.188,0.000,0.812
277500,0.069,0.000,0.931
278000,0.082,0.000,0.918
278500,0.097,0.000,0.903
279000,0.044,0.032,0.924
279500,0.186,0.001,0.813
280000,0.133,0.000,0.867
280500,0.042,0.000,0.958
281000,0.226,0.000,0.774
281500,0.196,0.000,0.804
282000,0.117,0.000,0.883
282500,0.043,0.000,0.957
283000,0.105,0.000,0.895
283500,0.174,0.000,0.826
284000,0.123,0.012,0.865
284500,0.093,0.000,0.907
285000,0.098,0.036,0.866
285500,0.294,0.000,0.706
286000,0.070,0.000,0.930
286500,0.061,0.002,0.937
287000,0.149,0.000,0.851
287500,0.066,0.031,0.903
288000,0.163,0.000,0.837
288500,0.023,0.008,0.969
289000,0.079,0.005,0.916
289500,0.090,0.000,0.910
290000,0.122,0.000,0.878
290500,0.028,0.073,0.899
291000,0.010,0.124,0.866
291500,0.014,0.071,0.915
292000,0.010,0.105,0.885
292500,0.010,0.067,0.923
293000,0.128,0.000,0.872
293500,0.071,0.000,0.929
294000,0.155,0.002,0.843
294500,0.065,0.033,0.902
295000,0.061,0.000,0.939
295500,0.172,0.000,0.828
296000,0.014,0.033,0.953
296500,0.048,0.000,0.952
297000,0.153,0.002,0.845
297500,0.147,0.000,0.853
298000,0.148,0.000,0.852
298500,0.129,0.000,0.871
299000,0.173,0.000,0.827
299500,0.187,0.000,0.813
300000,0.127,0.000,0.873
300500,0.075,0.000,0.925
301000,0.135,0.000,0.865
301500,0.084,0.011,0.905
302000,0.014,0.040,0.946
302500,0.130,0.000,0.870
303000,0.099,0.000,0.901
303500,0.062,0.013,0.925
304000,0.099,0.000,0.901
304500,0.103,0.000,0.897
305000,0.038,0.020,0.942
305500,0.151,0.000,0.849
306000,0.079,0.000,0.921
306500,0.055,0.000,0.945
307000,0.055,0.027,0.918
307500,0.156,0.000,0.844
308000,0.169,0.000,0.831
308500,0.034,0.083,0.883
309000,0.010,0.154,0.836
309500,0.063,0.000,0.937
310000,0.046,0.000,0.954
310500,0.142,0.001,0.857
311000,0.091,0.000,0.909
311500,0.060,0.020,0.920
312000,0.092,0.001,0.907
312500,0.041,0.050,0.909
313000,0.049,0.014,0.937
313500,0.104,0.027,0.869
314000,0.045,0.000,0.955
314500,0.129,0.000,0.871
315000,0.060,0.000,0.940
315500,0.061,0.000,0.939
316000,0.153,0.000,0.847
316500,0.063,0.002,0.935
317000,0.071,0.000,0.929
317500,0.080,0.000,0.920
318000,0.063,0.010,0.927
318500,0.028,0.003,0.969
319000,0.107,0.000,0.893
319500,0.032,0.015,0.953
320000,0.118,0.000,0.882
320500,0.055,0.000,0.945
321000,0.089,0.000,0.911
321500,0.011,0.025,0.964
322000,0.097,0.000,0.903
322500,0.124,0.000,0.876
323000,0.037,0.000,0.963
323500,0.011,0.072,0.917
324000,0.010,0.101,0.889
324500,0.010,0.109,0.881
325000,0.039,0.015,0.946
325500,0.108,0.004,0.888
326000,0.046,0.004,0.950
326500,0.103,0.000,0.897
327000,0.036,0.035,0.929
327500,0.012,0.163,0.825
328000,0.070,0.000,0.930
328500,0.162,0.000,0.838
329000,0.045,0.074,0.881
329500,0.168,0.000,0.832
330000,0.104,0.000,0.896
330500,0.075,0.030,0.895
331000,0.116,0.001,0.883
331500,0.020,0.043,0.937
332000,0.100,0.000,0.900
332500,0.075,0.000,0.925
333000,0.090,0.002,0.908
333500,0.095,0.000,0.905
334000,0.033,0.008,0.959
334500,0.019,0.034,0.947
335000,0.110,0.000,0.890
335500,0.090,0.000,0.910
336000,0.142,0.000,0.858
336500,0.160,0.000,0.840
337000,0.044,0.000,0.956
337500,0.075,0.000,0.925
338000,0.114,0.000,0.886
338500,0.121,0.003,0.876
339000,0.148,0.003,0.849
339500,0.109,0.000,0.891
340000,0.093,0.002,0.905
340500,0.021,0.037,0.942
341000,0.018,0.023,0.959
341500,0.095,0.001,0.904
342000,0.098,0.000,0.902
342500,0.041,0.000,0.959
343000,0.059,0.010,0.931
343500,0.130,0.001,0.869
344000,0.088,0.000,0.912
344500,0.095,0.000,0.905
345000,0.089,0.000,0.911
345500,0.012,0.100,0.888
346000,0.058,0.000,0.942
346500,0.010,0.106,0.884
347000,0.035,0.002,0.963
347500,0.010,0.101,0.889
348000,0.111,0.000,0.889
348500,0.177,0.000,0.823
349000,0.078,0.049,0.873
349500,0.076,0.000,0.924
350000,0.154,0.000,0.846
350500,0.054,0.000,0.946
351000,0.045,0.035,0.920
351500,0.030,0.065,0.905
352000,0.032,0.039,0.929
352500,0.056,0.001,0.943
353000,0.061,0.000,0.939
353500,0.083,0.014,0.903
354000,0.081,0.000,0.919
354500,0.078,0.000,0.922
355000,0.120,0.000,0.880
355500,0.023,0.015,0.962
356000,0.134,0.001,0.865
356500,0.037,0.021,0.942
357000,0.010,0.120,0.870
357500,0.151,0.000,0.849
358000,0.071,0.000,0.929
358500,0.082,0.000,0.918
359000,0.067,0.000,0.933
359500,0.054,0.005,0.941
360000,0.118,0.001,0.881
360500,0.010,0.077,0.913
361000,0.056,0.000,0.944
361500,0.010,0.023,0.967
362000,0.010,0.098,0.892
362500,0.121,0.001,0.878
363000,0.014,0.039,0.947
363500,0.018,0.066,0.916
364000,0.126,0.000,0.874
364500,0.093,0.000,0.907
365000,0.115,0.000,0.885
365500,0.089,0.000,0.911
366000,0.012,0.124,0.864
366500,0.010,0.023,0.967
367000,0.012,0.017,0.971
367500,0.014,0.073,0.913
368000,0.037,0.015,0.948
368500,0.058,0.000,0.942
369000,0.068,0.000,0.932
369500,0.212,0.000,0.788
370000,0.149,0.000,0.851
370500,0.070,0.000,0.930
371000,0.010,0.087,0.903
371500,0.010,0.077,0.913
372000,0.052,0.001,0.947
372500,0.030,0.008,0.962
373000,0.010,0.128,0.862
373500,0.086,0.005,0.909
374000,0.109,0.000,0.891
374500,0.156,0.000,0.844
375000,0.080,0.000,0.920
375500,0.094,0.000,0.906
376000,0.057,0.005,0.938
376500,0.010,0.035,0.955
377000,0.079,0.000,0.921
377500,0.120,0.002,0.878
378000,0.074,0.002,0.924
378500,0.122,0.000,0.878
379000,0.076,0.006,0.918
379500,0.116,0.000,0.884
380000,0.050,0.012,0.938
380500,0.058,0.017,0.925
381000,0.080,0.000,0.920
381500,0.039,0.000,0.961
382000,0.074,0.014,0.912
382500,0.063,0.024,0.913
383000,0.103,0.016,0.881
383500,0.156,0.000,0.844
384000,0.198,0.000,0.802
384500,0.092,0.017,0.891
385000,0.052,0.000,0.948
385500,0.078,0.007,0.915
386000,0.071,0.002,0.927
386500,0.106,0.000,0.894
387000,0.079,0.004,0.917
387500,0.126,0.000,0.874
388000,0.134,0.000,0.866
388500,0.119,0.000,0.881
389000,0.138,0.000,0.862
389500,0.018,0.025,0.957
390000,0.049,0.036,0.915
390500,0.062,0.000,0.938
391000,0.105,0.000,0.895
391500,0.126,0.000,0.874
392000,0.097,0.000,0.903
392500,0.023,0.030,0.947
393000,0.024,0.005,0.971
393500,0.071,0.002,0.927
394000,0.020,0.047,0.933
394500,0.041,0.012,0.947
395000,0.112,0.000,0.888
395500,0.058,0.003,0.939
396000,0.037,0.030,0.933
396500,0.010,0.097,0.893
397000,0.010,0.072,0.918
397500,0.125,0.000,0.875
398000,0.039,0.000,0.961
398500,0.103,0.000,0.897
399000,0.103,0.000,0.897
399500,0.020,0.000,0.980
400000,0.128,0.000,0.872
400500,0.016,0.047,0.937
401000,0.090,0.001,0.909
401500,0.143,0.000,0.857
402000,0.035,0.035,0.930
402500,0.120,0.000,0.880
403000,0.113,0.000,0.887
403500,0.057,0.000,0.943
404000,0.092,0.000,0.908
404500,0.074,0.015,0.911
405000,0.106,0.001,0.893
405500,0.113,0.000,0.887
406000,0.012,0.040,0.948
406500,0.011,0.072,0.917
407000,0.010,0.184,0.806
407500,0.064,0.026,0.910
408000,0.010,0.116,0.874
408500,0.059,0.020,0.921
409000,0.012,0.058,0.930
409500,0.125,0.000,0.875
410000,0.072,0.000,0.928
410500,0.025,0.048,0.927
411000,0.041,0.000,0.959
411500,0.099,0.000,0.901
412000,0.082,0.000,0.918
412500,0.041,0.049,0.910
413000,0.101,0.000,0.899
413500,0.102,0.000,0.898
414000,0.037,0.000,0.963
414500,0.010,0.089,0.901
415000,0.010,0.125,0.865
415500,0.010,0.077,0.913
416000,0.069,0.014,0.917
416500,0.110,0.007,0.883
417000,0.011,0.098,0.891
417500,0.124,0.004,0.872
418000,0.042,0.053,0.905
418500,0.088,0.000,0.912
419000,0.010,0.046,0.944
419500,0.066,0.000,0.934
420000,0.114,0.000,0.886
420500,0.022,0.000,0.978
421000,0.069,0.005,0.926
421500,0.090,0.000,0.910
422000,0.103,0.000,0.897
422500,0.122,0.000,0.878
423000,0.122,0.000,0.878
423500,0.150,0.000,0.850
424000,0.114,0.000,0.886
424500,0.079,0.004,0.917
425000,0.073,0.000,0.927
425500,0.051,0.003,0.946
426000,0.152,0.000,0.848
426500,0.052,0.000,0.948
427000,0.087,0.000,0.913
427500,0.196,0.000,0.804
428000,0.047,0.000,0.953
428500,0.065,0.000,0.935
429000,0.131,0.002,0.867
429500,0.077,0.000,0.923
430000,0.276,0.000,0.724
430500,0.153,0.000,0.847
431000,0.073,0.000,0.927
431500,0.012,0.019,0.969
432000,0.010,0.059,0.931
432500,0.035,0.001,0.964
433000,0.089,0.000,0.911
433500,0.097,0.000,0.903
434000,0.123,0.000,0.877
434500,0.161,0.001,0.838
435000,0.075,0.000,0.925
435500,0.048,0.021,0.931
436000,0.013,0.043,0.944
436500,0.084,0.000,0.916
437000,0.026,0.000,0.974
437500,0.086,0.004,0.910
438000,0.083,0.000,0.917
438500,0.065,0.000,0.935
439000,0.080,0.032,0.888
439500,0.044,0.027,0.929
440000,0.121,0.000,0.879
440500,0.067,0.000,0.933
441000,0.110,0.000,0.890
441500,0.048,0.037,0.915
442000,0.101,0.000,0.899
442500,0.030,0.023,0.947
443000,0.010,0.024,0.966
443500,0.010,0.052,0.938
444000,0.082,0.000,0.918
444500,0.159,0.000,0.841
445000,0.162,0.000,0.838
445500,0.024,0.014,0.962
446000,0.063,0.000,0.937
446500,0.075,0.049,0.876
447000,0.024,0.003,0.973
447500,0.021,0.000,0.979
448000,0.010,0.045,0.945
448500,0.073,0.000,0.927
449000,0.071,0.000,0.929
449500,0.046,0.000,0.954
450000,0.104,0.000,0.896
450500,0.033,0.014,0.953
451000,0.076,0.000,0.924
451500,0.010,0.087,0.903
452000,0.010,0.103,0.887
452500,0.017,0.075,0.908
453000,0.122,0.000,0.878
453500,0.162,0.000,0.838
454000,0.134,0.000,0.866
454500,0.133,0.000,0.867
455000,0.053,0.031,0.916
455500,0.049,0.000,0.951
456000,0.079,0.000,0.921
456500,0.065,0.009,0.926
457000,0.042,0.011,0.947
457500,0.067,0.000,0.933
458000,0.055,0.008,0.937
458500,0.065,0.018,0.917
459000,0.050,0.000,0.950
459500,0.033,0.001,0.966
460000,0.183,0.000,0.817
460500,0.138,0.000,0.862
461000,0.128,0.000,0.872
461500,0.054,0.002,0.944
462000,0.045,0.021,0.934
462500,0.045,0.000,0.955
463000,0.026,0.048,0.926
463500,0.055,0.001,0.944
464000,0.100,0.000,0.900
464500,0.031,0.029,0.940
465000,0.010,0.073,0.917
465500,0.010,0.116,0.874
466000,0.082,0.014,0.904
466500,0.041,0.033,0.926
467000,0.097,0.001,0.902
467500,0.097,0.000,0.903
468000,0.105,0.000,0.895
468500,0.099,0.000,0.901
469000,0.213,0.000,0.787
469500,0.151,0.000,0.849
470000,0.138,0.000,0.862
470500,0.098,0.000,0.902
471000,0.114,0.000,0.886
471500,0.058,0.000,0.942
472000,0.020,0.022,0.958
472500,0.083,0.029,0.888
473000,0.108,0.000,0.892
473500,0.081,0.000,0.919
474000,0.114,0.000,0.886
474500,0.031,0.074,0.895
475000,0.132,0.001,0.867
475500,0.279,0.000,0.721
476000,0.066,0.000,0.934
476500,0.097,0.000,0.903
477000,0.063,0.000,0.937
477500,0.108,0.000,0.892
478000,0.186,0.001,0.813
478500,0.086,0.000,0.914
479000,0.044,0.061,0.895
479500,0.031,0.002,0.967
480000,0.068,0.000,0.932
480500,0.183,0.000,0.817
481000,0.124,0.000,0.876
481500,0.121,0.000,0.879
482000,0.116,0.000,0.884
482500,0.089,0.000,0.911
483000,0.102,0.000,0.898
483500,0.067,0.001,0.932
484000,0.147,0.000,0.853
484500,0.010,0.099,0.891
485000,0.079,0.001,0.920
485500,0.098,0.000,0.902
486000,0.078,0.000,0.922
486500,0.171,0.000,0.829
487000,0.226,0.000,0.774
487500,0.051,0.038,0.911
488000,0.057,0.000,0.943
488500,0.071,0.018,0.911
489000,0.199,0.000,0.801
489500,0.114,0.000,0.886
490000,0.054,0.002,0.944
490500,0.232,0.000,0.768
491000,0.136,0.000,0.864
491500,0.135,0.000,0.865
492000,0.105,0.001,0.894
492500,0.094,0.000,0.906
493000,0.103,0.000,0.897
493500,0.045,0.025,0.930
494000,0.010,0.031,0.959
494500,0.118,0.006,0.876
495000,0.094,0.000,0.906
495500,0.134,0.000,0.866
496000,0.147,0.000,0.853
496500,0.139,0.000,0.861
497000,0.154,0.000,0.846
497500,0.088,0.000,0.912
498000,0.154,0.000,0.846
498500,0.102,0.000,0.898
499000,0.129,0.000,0.871
499500,0.070,0.000,0.930
500000,0.058,0.004,0.938
500500,0.010,0.051,0.939
501000,0.035,0.000,0.965
501500,0.155,0.000,0.845
502000,0.047,0.000,0.953
502500,0.032,0.018,0.950
503000,0.029,0.003,0.968
503500,0.107,0.000,0.893
504000,0.102,0.000,0.898
504500,0.030,0.057,0.913
505000,0.104,0.000,0.896
505500,0.030,0.009,0.961
506000,0.067,0.000,0.933
506500,0.127,0.000,0.873
507000,0.059,0.022,0.919
507500,0.130,0.000,0.870
508000,0.044,0.000,0.956
508500,0.162,0.000,0.838
509000,0.078,0.000,0.922
509500,0.086,0.000,0.914
510000,0.017,0.096,0.887
510500,0.081,0.003,0.916
511000,0.066,0.037,0.897
511500,0.081,0.002,0.917
512000,0.109,0.002,0.889
512500,0.146,0.000,0.854
513000,0.066,0.018,0.916
513500,0.071,0.000,0.929
514000,0.051,0.032,0.917
514500,0.012,0.033,0.955
515000,0.049,0.009,0.942
515500,0.080,0.023,0.897
516000,0.017,0.057,0.926
516500,0.026,0.002,0.972
517000,0.021,0.056,0.923
517500,0.051,0.001,0.948
518000,0.177,0.000,0.823
518500,0.109,0.005,0.886
519000,0.052,0.038,0.910
519500,0.067,0.000,0.933
520000,0.062,0.000,0.938
520500,0.061,0.011,0.928
521000,0.010,0.075,0.915
521500,0.010,0.047,0.943
522000,0.178,0.000,0.822
522500,0.084,0.004,0.912
523000,0.093,0.006,0.901
523500,0.171,0.000,0.829
524000,0.052,0.000,0.948
524500,0.080,0.000,0.920
525000,0.085,0.001,0.914
525500,0.090,0.000,0.910
526000,0.016,0.054,0.930
526500,0.011,0.099,0.890
527000,0.072,0.000,0.928
527500,0.117,0.000,0.883
528000,0.182,0.000,0.818
528500,0.045,0.000,0.955
529000,0.010,0.048,0.942
529500,0.022,0.014,0.964
530000,0.010,0.054,0.936
530500,0.093,0.000,0.907
531000,0.023,0.046,0.931
531500,0.015,0.071,0.914
532000,0.135,0.001,0.864
532500,0.076,0.000,0.924
533000,0.011,0.046,0.943
533500,0.104,0.004,0.892
534000,0.054,0.023,0.923
534500,0.128,0.000,0.872
535000,0.035,0.036,0.929
535500,0.016,0.016,0.968
536000,0.020,0.006,0.974
536500,0.126,0.000,0.874
537000,0.048,0.000,0.952
537500,0.079,0.000,0.921
538000,0.095,0.000,0.905
538500,0.053,0.009,0.938
539000,0.155,0.000,0.845
539500,0.096,0.000,0.904
540000,0.034,0.002,0.964
540500,0.153,0.000,0.847
541000,0.069,0.000,0.931
541500,0.028,0.000,0.972
542000,0.099,0.023,0.878
542500,0.128,0.004,0.868
543000,0.056,0.007,0.937
543500,0.216,0.000,0.784
544000,0.137,0.000,0.863
544500,0.010,0.081,0.909
545000,0.010,0.085,0.905
545500,0.010,0.074,0.916
546000,0.010,0.061,0.929
546500,0.010,0.078,0.912
547000,0.016,0.065,0.919
547500,0.187,0.005,0.808
548000,0.133,0.000,0.867
548500,0.060,0.009,0.931
549000,0.097,0.000,0.903
549500,0.083,0.000,0.917
550000,0.126,0.000,0.874
550500,0.161,0.000,0.839
551000,0.086,0.008,0.906
551500,0.132,0.000,0.868
552000,0.148,0.000,0.852
552500,0.121,0.000,0.879
553000,0.094,0.029,0.877
553500,0.147,0.000,0.853
554000,0.080,0.000,0.920
554500,0.069,0.000,0.931
555000,0.029,0.014,0.957
555500,0.101,0.000,0.899
556000,0.090,0.000,0.910
556500,0.137,0.000,0.863
557000,0.038,0.017,0.945
557500,0.126,0.001,0.873
558000,0.054,0.027,0.919
558500,0.010,0.042,0.948
559000,0.099,0.000,0.901
559500,0.130,0.000,0.870
560000,0.087,0.000,0.913
560500,0.184,0.000,0.816
561000,0.010,0.057,0.933
561500,0.087,0.005,0.908
562000,0.134,0.000,0.866
562500,0.119,0.000,0.881
563000,0.010,0.111,0.879
563500,0.010,0.051,0.939
564000,0.050,0.002,0.948
564500,0.055,0.000,0.945
565000,0.041,0.009,0.950
565500,0.109,0.000,0.891
566000,0.054,0.024,0.922
566500,0.178,0.000,0.822
567000,0.187,0.000,0.813
567500,0.028,0.001,0.971
568000,0.081,0.000,0.919
568500,0.148,0.000,0.852
569000,0.090,0.000,0.910
569500,0.174,0.001,0.825
570000,0.113,0.000,0.887
570500,0.010,0.067,0.923
571000,0.121,0.005,0.874
571500,0.096,0.000,0.904
572000,0.110,0.000,0.890
572500,0.063,0.000,0.937
573000,0.147,0.000,0.853
573500,0.032,0.038,0.930
574000,0.094,0.000,0.906
574500,0.010,0.064,0.926
575000,0.070,0.006,0.924
575500,0.047,0.047,0.906
576000,0.090,0.001,0.909
576500,0.065,0.000,0.935
577000,0.132,0.000,0.868
577500,0.157,0.000,0.843
578000,0.137,0.000,0.863
578500,0.101,0.000,0.899
579000,0.060,0.023,0.917
579500,0.065,0.000,0.935
580000,0.085,0.000,0.915
580500,0.088,0.000,0.912
581000,0.106,0.000,0.894
581500,0.105,0.000,0.895
582000,0.072,0.000,0.928
582500,0.169,0.000,0.831
583000,0.119,0.000,0.881
583500,0.117,0.000,0.883
584000,0.013,0.046,0.941
584500,0.032,0.035,0.933
585000,0.112,0.000,0.888
585500,0.114,0.000,0.886
586000,0.140,0.000,0.860
586500,0.014,0.139,0.847
587000,0.010,0.072,0.918
587500,0.028,0.053,0.919
588000,0.051,0.038,0.911
588500,0.065,0.014,0.921
589000,0.123,0.001,0.876
589500,0.020,0.036,0.944
590000,0.016,0.015,0.969
590500,0.142,0.000,0.858
591000,0.011,0.128,0.861
591500,0.046,0.001,0.953
592000,0.169,0.000,0.831
592500,0.111,0.000,0.889
593000,0.133,0.000,0.867
593500,0.082,0.000,0.918
594000,0.146,0.000,0.854
594500,0.103,0.000,0.897
595000,0.198,0.000,0.802
595500,0.076,0.000,0.924
596000,0.053,0.041,0.906
596500,0.038,0.057,0.905
597000,0.018,0.052,0.930
597500,0.047,0.024,0.929
598000,0.124,0.000,0.876
598500,0.077,0.000,0.923
599000,0.067,0.000,0.933
599500,0.058,0.000,0.942
600000,0.101,0.000,0.899
600500,0.180,0.000,0.820
601000,0.146,0.000,0.854
601500,0.044,0.013,0.943
602000,0.075,0.005,0.920
602500,0.078,0.000,0.922
603000,0.088,0.000,0.912
603500,0.165,0.000,0.835
604000,0.121,0.000,0.879
604500,0.077,0.000,0.923
605000,0.010,0.025,0.965
605500,0.088,0.002,0.910
606000,0.121,0.004,0.875
606500,0.084,0.000,0.916
607000,0.180,0.000,0.820
607500,0.011,0.088,0.901
608000,0.022,0.048,0.930
608500,0.129,0.000,0.871
609000,0.054,0.001,0.945
609500,0.084,0.000,0.916
610000,0.029,0.034,0.937
610500,0.114,0.000,0.886
611000,0.043,0.027,0.930
611500,0.055,0.013,0.932
612000,0.128,0.000,0.872
612500,0.045,0.000,0.955
613000,0.119,0.000,0.881
613500,0.168,0.000,0.832
614000,0.060,0.000,0.940
614500,0.073,0.000,0.927
615000,0.127,0.000,0.873
615500,0.056,0.000,0.944
616000,0.169,0.000,0.831
616500,0.096,0.000,0.904
617000,0.057,0.000,0.943
617500,0.261,0.000,0.739
618000,0.085,0.000,0.915
618500,0.048,0.044,0.908
619000,0.011,0.023,0.966
619500,0.061,0.025,0.914
620000,0.085,0.003,0.912
620500,0.114,0.000,0.886
621000,0.114,0.000,0.886
621500,0.062,0.027,0.911
622000,0.020,0.027,0.953
622500,0.142,0.000,0.858
623000,0.104,0.000,0.896
623500,0.119,0.000,0.881
624000,0.063,0.038,0.899
624500,0.059,0.000,0.941
625000,0.098,0.000,0.902
625500,0.104,0.000,0.896
626000,0.015,0.027,0.958
626500,0.069,0.000,0.931
627000,0.102,0.000,0.898
627500,0.010,0.029,0.961
628000,0.021,0.013,0.966
628500,0.032,0.009,0.959
629000,0.076,0.000,0.924
629500,0.093,0.000,0.907
630000,0.069,0.000,0.931
630500,0.157,0.000,0.843
631000,0.084,0.000,0.916
631500,0.120,0.005,0.875
632000,0.205,0.000,0.795
632500,0.094,0.009,0.897
633000,0.093,0.000,0.907
633500,0.064,0.000,0.936
634000,0.037,0.033,0.930
634500,0.135,0.000,0.865
635000,0.211,0.000,0.789
635500,0.048,0.079,0.873
636000,0.057,0.021,0.922
636500,0.170,0.004,0.826
637000,0.148,0.000,0.852
637500,0.040,0.015,0.945
638000,0.146,0.000,0.854
638500,0.032,0.059,0.909
639000,0.010,0.177,0.813
639500,0.076,0.022,0.902
640000,0.127,0.000,0.873
640500,0.104,0.000,0.896
641000,0.119,0.000,0.881
641500,0.137,0.000,0.863
642000,0.102,0.000,0.898
642500,0.032,0.065,0.903
643000,0.107,0.000,0.893
643500,0.087,0.010,0.903
644000,0.062,0.000,0.938
644500,0.080,0.000,0.920
645000,0.216,0.000,0.784
645500,0.035,0.038,0.927
646000,0.173,0.000,0.827
646500,0.066,0.006,0.928
647000,0.022,0.044,0.934
647500,0.096,0.000,0.904
648000,0.039,0.000,0.961
648500,0.081,0.000,0.919
649000,0.208,0.000,0.792
649500,0.134,0.000,0.866
650000,0.105,0.000,0.895
650500,0.125,0.000,0.875
651000,0.085,0.000,0.915
651500,0.275,0.000,0.725
652000,0.076,0.000,0.924
652500,0.166,0.002,0.832
653000,0.157,0.000,0.843
653500,0.019,0.081,0.900
654000,0.079,0.000,0.921
654500,0.109,0.000,0.891
655000,0.096,0.035,0.869
655500,0.161,0.001,0.838
656000,0.137,0.000,0.863
656500,0.076,0.027,0.897
657000,0.106,0.000,0.894
657500,0.101,0.000,0.899
658000,0.162,0.000,0.838
658500,0.084,0.000,0.916
659000,0.088,0.007,0.905
659500,0.238,0.000,0.762
660000,0.074,0.000,0.926
660500,0.242,0.000,0.758
661000,0.087,0.002,0.911
661500,0.076,0.002,0.922
662000,0.145,0.000,0.855
662500,0.187,0.000,0.813
663000,0.114,0.000,0.886
663500,0.025,0.044,0.931
664000,0.030,0.007,0.963
664500,0.176,0.000,0.824
665000,0.013,0.049,0.938
665500,0.022,0.030,0.948
666000,0.058,0.000,0.942
666500,0.067,0.000,0.933
667000,0.121,0.000,0.879
667500,0.228,0.000,0.772
668000,0.079,0.000,0.921
668500,0.011,0.049,0.940
669000,0.112,0.000,0.888
669500,0.028,0.050,0.922
670000,0.044,0.014,0.942
670500,0.010,0.091,0.899
671000,0.059,0.014,0.927
671500,0.015,0.085,0.900
672000,0.117,0.001,0.882
672500,0.023,0.005,0.972
673000,0.010,0.054,0.936
673500,0.039,0.051,0.910
674000,0.060,0.000,0.940
674500,0.100,0.000,0.900
675000,0.101,0.000,0.899
675500,0.024,0.003,0.973
676000,0.047,0.042,0.911
676500,0.073,0.000,0.927
677000,0.113,0.000,0.887
677500,0.065,0.007,0.928
678000,0.108,0.002,0.890
678500,0.093,0.000,0.907
679000,0.072,0.034,0.894
679500,0.060,0.001,0.939
680000,0.047,0.007,0.946
680500,0.103,0.000,0.897
681000,0.240,0.000,0.760
681500,0.041,0.001,0.958
682000,0.119,0.000,0.881
682500,0.010,0.128,0.862
683000,0.073,0.000,0.927
683500,0.059,0.000,0.941
684000,0.064,0.000,0.936
684500,0.072,0.000,0.928
685000,0.070,0.023,0.907
685500,0.140,0.000,0.860
686000,0.134,0.001,0.865
686500,0.068,0.004,0.928
687000,0.065,0.000,0.935
687500,0.096,0.000,0.904
688000,0.030,0.002,0.968
688500,0.107,0.000,0.893
689000,0.010,0.050,0.940
689500,0.111,0.011,0.878
690000,0.126,0.000,0.874
690500,0.122,0.000,0.878
691000,0.067,0.000,0.933
691500,0.189,0.000,0.811
692000,0.100,0.000,0.900
692500,0.079,0.001,0.920
693000,0.114,0.001,0.885
693500,0.132,0.000,0.868
694000,0.082,0.000,0.918
694500,0.042,0.004,0.954
695000,0.165,0.000,0.835
695500,0.036,0.000,0.964
696000,0.021,0.020,0.959
696500,0.010,0.076,0.914
697000,0.033,0.034,0.933
697500,0.069,0.000,0.931
698000,0.116,0.011,0.873
698500,0.159,0.000,0.841
699000,0.010,0.126,0.864
699500,0.059,0.001,0.940
700000,0.103,0.000,0.897
700500,0.041,0.021,0.938
701000,0.165,0.000,0.835
701500,0.010,0.070,0.920
702000,0.016,0.073,0.911
702500,0.021,0.039,0.940
703000,0.061,0.008,0.931
703500,0.061,0.000,0.939
704000,0.020,0.049,0.931
704500,0.258,0.000,0.742
705000,0.159,0.000,0.841
705500,0.166,0.000,0.834
706000,0.176,0.000,0.824
706500,0.098,0.000,0.902
707000,0.078,0.012,0.910
707500,0.097,0.000,0.903
708000,0.112,0.002,0.886
708500,0.133,0.000,0.867
709000,0.193,0.000,0.807
709500,0.063,0.000,0.937
710000,0.105,0.003,0.892
710500,0.062,0.000,0.938
711000,0.042,0.005,0.953
711500,0.142,0.003,0.855
712000,0.070,0.000,0.930
712500,0.186,0.000,0.814
713000,0.132,0.000,0.868
713500,0.023,0.032,0.945
714000,0.046,0.000,0.954
714500,0.145,0.000,0.855
715000,0.052,0.025,0.923
715500,0.054,0.007,0.939
716000,0.053,0.000,0.947
716500,0.076,0.005,0.919
717000,0.035,0.047,0.918
717500,0.163,0.000,0.837
718000,0.053,0.033,0.914
718500,0.087,0.000,0.913
719000,0.101,0.000,0.899
719500,0.090,0.001,0.909
720000,0.058,0.016,0.926
720500,0.036,0.038,0.926
721000,0.010,0.095,0.895
721500,0.061,0.005,0.934
722000,0.075,0.013,0.912
722500,0.017,0.084,0.899
723000,0.068,0.004,0.928
723500,0.089,0.000,0.911
724000,0.044,0.041,0.915
724500,0.034,0.019,0.947
725000,0.046,0.000,0.954
725500,0.010,0.056,0.934
726000,0.047,0.015,0.938
726500,0.094,0.000,0.906
727000,0.140,0.000,0.860
727500,0.028,0.045,0.927
728000,0.010,0.061,0.929
728500,0.037,0.030,0.933
729000,0.064,0.000,0.936
729500,0.072,0.003,0.925
730000,0.034,0.000,0.966
730500,0.054,0.013,0.933
731000,0.079,0.000,0.921
731500,0.013,0.029,0.958
732000,0.058,0.000,0.942
732500,0.012,0.065,0.923
733000,0.040,0.055,0.905
733500,0.280,0.000,0.720
734000,0.040,0.000,0.960
734500,0.090,0.002,0.908
735000,0.090,0.000,0.910
735500,0.016,0.020,0.964
736000,0.125,0.000,0.875
736500,0.084,0.000,0.916
737000,0.118,0.003,0.879
737500,0.108,0.000,0.892
738000,0.071,0.007,0.922
738500,0.122,0.000,0.878
739000,0.026,0.006,0.968
739500,0.094,0.000,0.906
740000,0.056,0.007,0.937
740500,0.052,0.000,0.948
741000,0.149,0.000,0.851
741500,0.093,0.000,0.907
742000,0.053,0.004,0.943
742500,0.093,0.000,0.907
743000,0.112,0.000,0.888
743500,0.137,0.000,0.863
744000,0.019,0.057,0.924
744500,0.053,0.042,0.905
745000,0.082,0.000,0.918
745500,0.111,0.000,0.889
746000,0.051,0.037,0.912
746500,0.115,0.000,0.885
747000,0.065,0.013,0.922
747500,0.083,0.000,0.917
748000,0.106,0.004,0.890
748500,0.135,0.000,0.865
749000,0.060,0.000,0.940
749500,0.179,0.000,0.821
750000,0.075,0.000,0.925
750500,0.060,0.000,0.940
751000,0.047,0.003,0.950
751500,0.073,0.000,0.927
752000,0.108,0.000,0.892
752500,0.094,0.032,0.874
753000,0.096,0.000,0.904
753500,0.142,0.000,0.858
754000,0.142,0.000,0.858
754500,0.120,0.000,0.880
755000,0.035,0.000,0.965
755500,0.084,0.001,0.915
756000,0.108,0.000,0.892
756500,0.064,0.031,0.905
757000,0.039,0.009,0.952
757500,0.110,0.000,0.890
758000,0.151,0.001,0.848
758500,0.158,0.000,0.842
759000,0.047,0.000,0.953
759500,0.147,0.000,0.853
760000,0.074,0.000,0.926
760500,0.042,0.028,0.930
761000,0.071,0.000,0.929
761500,0.152,0.000,0.848
762000,0.140,0.000,0.860
762500,0.144,0.000,0.856
763000,0.145,0.000,0.855
763500,0.013,0.007,0.980
764000,0.079,0.000,0.921
764500,0.042,0.046,0.912
765000,0.064,0.001,0.935
765500,0.163,0.000,0.837
766000,0.110,0.000,0.890
766500,0.076,0.001,0.923
767000,0.130,0.001,0.869
767500,0.121,0.000,0.879
768000,0.078,0.000,0.922
768500,0.127,0.000,0.873
769000,0.165,0.000,0.835
769500,0.032,0.050,0.918
770000,0.031,0.034,0.935
770500,0.140,0.000,0.860
771000,0.074,0.002,0.924
771500,0.150,0.000,0.850
772000,0.083,0.000,0.917
772500,0.207,0.000,0.793
773000,0.085,0.000,0.915
773500,0.126,0.000,0.874
774000,0.054,0.000,0.946
774500,0.089,0.000,0.911
775000,0.085,0.001,0.914
775500,0.010,0.096,0.894
776000,0.024,0.000,0.976
776500,0.010,0.085,0.905
777000,0.121,0.017,0.862
777500,0.099,0.000,0.901
778000,0.067,0.000,0.933
778500,0.073,0.002,0.925
779000,0.084,0.000,0.916
779500,0.061,0.000,0.939
780000,0.010,0.060,0.930
780500,0.188,0.000,0.812
781000,0.102,0.000,0.898
781500,0.018,0.062,0.920
782000,0.013,0.027,0.960
782500,0.101,0.000,0.899
783000,0.080,0.000,0.920
783500,0.159,0.000,0.841
784000,0.112,0.000,0.888
784500,0.196,0.000,0.804
785000,0.032,0.000,0.968
785500,0.134,0.000,0.866
786000,0.103,0.000,0.897
786500,0.057,0.001,0.942
787000,0.077,0.000,0.923
787500,0.113,0.000,0.887
788000,0.156,0.000,0.844
788500,0.066,0.001,0.933
789000,0.068,0.004,0.928
789500,0.159,0.000,0.841
790000,0.099,0.000,0.901
790500,0.084,0.003,0.913
791000,0.021,0.034,0.945
791500,0.144,0.000,0.856
792000,0.010,0.111,0.879
792500,0.010,0.062,0.928
793000,0.134,0.000,0.866
793500,0.058,0.000,0.942
794000,0.010,0.149,0.841
794500,0.075,0.000,0.925
795000,0.147,0.000,0.853
795500,0.137,0.000,0.863
796000,0.154,0.000,0.846
796500,0.073,0.000,0.927
797000,0.055,0.000,0.945
797500,0.018,0.087,0.895
798000,0.032,0.000,0.968
798500,0.060,0.000,0.940
799000,0.093,0.000,0.907
799500,0.038,0.119,0.843
800000,0.017,0.031,0.952
800500,0.087,0.041,0.872
801000,0.129,0.000,0.871
801500,0.063,0.019,0.918
802000,0.060,0.000,0.940
802500,0.103,0.000,0.897
803000,0.079,0.002,0.919
803500,0.037,0.035,0.928
804000,0.091,0.003,0.906
804500,0.097,0.000,0.903
805000,0.113,0.000,0.887
805500,0.104,0.001,0.895
806000,0.120,0.000,0.880
806500,0.064,0.011,0.925
807000,0.097,0.002,0.901
807500,0.109,0.000,0.891
808000,0.080,0.000,0.920
808500,0.094,0.000,0.906
809000,0.146,0.000,0.854
809500,0.024,0.016,0.960
810000,0.010,0.140,0.850
810500,0.083,0.000,0.917
811000,0.134,0.000,0.866
811500,0.019,0.050,0.931
812000,0.026,0.001,0.973
812500,0.162,0.000,0.838
813000,0.066,0.000,0.934
813500,0.029,0.018,0.953
814000,0.089,0.000,0.911
814500,0.060,0.000,0.940
815000,0.089,0.000,0.911
815500,0.079,0.000,0.921
816000,0.171,0.000,0.829
816500,0.152,0.000,0.848
817000,0.134,0.000,0.866
817500,0.088,0.000,0.912
818000,0.154,0.000,0.846
818500,0.122,0.000,0.878
819000,0.059,0.000,0.941
819500,0.112,0.000,0.888
820000,0.143,0.000,0.857
820500,0.131,0.000,0.869
821000,0.064,0.000,0.936
821500,0.095,0.000,0.905
822000,0.176,0.000,0.824
822500,0.122,0.001,0.877
823000,0.020,0.002,0.978
823500,0.177,0.000,0.823
824000,0.110,0.000,0.890
824500,0.057,0.001,0.942
825000,0.148,0.000,0.852
825500,0.083,0.000,0.917
826000,0.082,0.000,0.918
826500,0.095,0.000,0.905
827000,0.121,0.000,0.879
827500,0.051,0.002,0.947
828000,0.023,0.000,0.977
828500,0.085,0.000,0.915
829000,0.090,0.000,0.910
829500,0.097,0.000,0.903
830000,0.189,0.000,0.811
830500,0.125,0.000,0.875
831000,0.218,0.000,0.782
831500,0.016,0.034,0.950
832000,0.153,0.000,0.847
832500,0.016,0.007,0.977
833000,0.046,0.010,0.944
833500,0.062,0.000,0.938
834000,0.081,0.000,0.919
834500,0.102,0.000,0.898
835000,0.043,0.015,0.942
835500,0.084,0.000,0.916
836000,0.162,0.000,0.838
836500,0.057,0.003,0.940
837000,0.063,0.001,0.936
837500,0.093,0.000,0.907
838000,0.061,0.000,0.939
838500,0.129,0.017,0.854
839000,0.175,0.000,0.825
839500,0.116,0.000,0.884
840000,0.122,0.000,0.878
840500,0.258,0.000,0.742
841000,0.070,0.000,0.930
841500,0.096,0.000,0.904
842000,0.223,0.000,0.777
842500,0.073,0.009,0.918
843000,0.118,0.000,0.882
843500,0.108,0.000,0.892
844000,0.031,0.002,0.967
844500,0.125,0.000,0.875
845000,0.084,0.000,0.916
845500,0.145,0.000,0.855
846000,0.014,0.023,0.963
846500,0.068,0.000,0.932
847000,0.169,0.000,0.831
847500,0.091,0.000,0.909
848000,0.148,0.000,0.852
848500,0.072,0.026,0.902
849000,0.160,0.000,0.840
849500,0.157,0.000,0.843
850000,0.134,0.000,0.866
850500,0.010,0.056,0.934
851000,0.024,0.049,0.927
851500,0.108,0.000,0.892
852000,0.116,0.000,0.884
852500,0.134,0.000,0.866
853000,0.129,0.000,0.871
853500,0.054,0.000,0.946
854000,0.036,0.032,0.932
854500,0.158,0.000,0.842
855000,0.142,0.000,0.858
855500,0.077,0.000,0.923
856000,0.143,0.000,0.857
856500,0.184,0.000,0.816
857000,0.084,0.000,0.916
857500,0.122,0.002,0.876
858000,0.159,0.000,0.841
858500,0.046,0.033,0.921
859000,0.088,0.003,0.909
859500,0.067,0.000,0.933
860000,0.011,0.092,0.897
860500,0.076,0.000,0.924
861000,0.176,0.000,0.824
861500,0.110,0.000,0.890
862000,0.013,0.068,0.919
862500,0.205,0.000,0.795
863000,0.082,0.025,0.893
863500,0.069,0.000,0.931
864000,0.105,0.000,0.895
864500,0.052,0.011,0.937
865000,0.040,0.011,0.949
865500,0.118,0.001,0.881
866000,0.059,0.000,0.941
866500,0.162,0.000,0.838
867000,0.028,0.028,0.944
867500,0.021,0.037,0.942
868000,0.098,0.001,0.901
868500,0.100,0.000,0.900
869000,0.114,0.006,0.880
869500,0.098,0.000,0.902
870000,0.146,0.000,0.854
870500,0.135,0.000,0.865
871000,0.087,0.000,0.913
871500,0.012,0.078,0.910
872000,0.134,0.000,0.866
872500,0.173,0.000,0.827
873000,0.104,0.000,0.896
873500,0.133,0.000,0.867
874000,0.092,0.000,0.908
874500,0.012,0.026,0.962
875000,0.072,0.002,0.926
875500,0.018,0.009,0.973
876000,0.094,0.000,0.906
876500,0.067,0.000,0.933
877000,0.179,0.000,0.821
877500,0.092,0.000,0.908
878000,0.076,0.000,0.924
878500,0.087,0.000,0.913
879000,0.017,0.069,0.914
879500,0.059,0.000,0.941
880000,0.090,0.014,0.896
880500,0.096,0.000,0.904
881000,0.152,0.011,0.837
881500,0.015,0.052,0.933
882000,0.101,0.000,0.899
882500,0.095,0.000,0.905
883000,0.017,0.024,0.959
883500,0.032,0.060,0.908
884000,0.043,0.021,0.936
884500,0.037,0.003,0.960
885000,0.064,0.006,0.930
885500,0.058,0.000,0.942
886000,0.107,0.000,0.893
886500,0.103,0.000,0.897
887000,0.014,0.053,0.933
887500,0.096,0.000,0.904
888000,0.043,0.050,0.907
888500,0.068,0.000,0.932
889000,0.128,0.000,0.872
889500,0.071,0.000,0.929
890000,0.029,0.006,0.965
890500,0.088,0.000,0.912
891000,0.142,0.000,0.858
891500,0.091,0.000,0.909
892000,0.172,0.000,0.828
892500,0.123,0.000,0.877
893000,0.180,0.000,0.820
893500,0.131,0.000,0.869
894000,0.033,0.010,0.957
894500,0.153,0.000,0.847
895000,0.144,0.000,0.856
895500,0.186,0.000,0.814
896000,0.104,0.006,0.890
896500,0.154,0.000,0.846
897000,0.030,0.021,0.949
897500,0.045,0.032,0.923
898000,0.010,0.047,0.943
898500,0.061,0.028,0.911
899000,0.033,0.047,0.920
899500,0.010,0.059,0.931
900000,0.037,0.076,0.887
900500,0.111,0.000,0.889
901000,0.162,0.001,0.837
901500,0.012,0.058,0.930
902000,0.091,0.001,0.908
902500,0.010,0.095,0.895
903000,0.088,0.000,0.912
903500,0.138,0.000,0.862
904000,0.136,0.000,0.864
904500,0.150,0.001,0.849
905000,0.068,0.000,0.932
905500,0.095,0.002,0.903
906000,0.042,0.066,0.892
906500,0.010,0.094,0.896
907000,0.161,0.000,0.839
907500,0.101,0.000,0.899
908000,0.112,0.000,0.888
908500,0.067,0.000,0.933
909000,0.111,0.000,0.889
909500,0.119,0.000,0.881
910000,0.119,0.004,0.877
910500,0.010,0.034,0.956
911000,0.084,0.000,0.916
911500,0.057,0.050,0.893
912000,0.010,0.056,0.934
912500,0.068,0.000,0.932
913000,0.010,0.036,0.954
913500,0.058,0.038,0.904
914000,0.132,0.000,0.868
914500,0.108,0.000,0.892
915000,0.098,0.000,0.902
915500,0.125,0.000,0.875
916000,0.043,0.006,0.951
916500,0.101,0.000,0.899
917000,0.259,0.000,0.741
917500,0.072,0.000,0.928
918000,0.032,0.041,0.927
918500,0.054,0.000,0.946
919000,0.119,0.000,0.881
919500,0.121,0.000,0.879
920000,0.098,0.000,0.902
920500,0.076,0.000,0.924
921000,0.087,0.000,0.913
921500,0.040,0.006,0.954
922000,0.077,0.007,0.916
922500,0.025,0.061,0.914
923000,0.174,0.001,0.825
923500,0.100,0.000,0.900
924000,0.132,0.000,0.868
924500,0.078,0.000,0.922
925000,0.077,0.001,0.922
925500,0.062,0.000,0.938
926000,0.152,0.000,0.848
926500,0.095,0.000,0.905
927000,0.016,0.002,0.982
927500,0.156,0.000,0.844
928000,0.036,0.011,0.953
928500,0.106,0.000,0.894
929000,0.147,0.000,0.853
929500,0.078,0.000,0.922
930000,0.055,0.021,0.924
930500,0.093,0.000,0.907
931000,0.216,0.000,0.784
931500,0.169,0.000,0.831
932000,0.010,0.089,0.901
932500,0.013,0.052,0.935
933000,0.140,0.000,0.860
933500,0.106,0.000,0.894
934000,0.116,0.000,0.884
934500,0.159,0.000,0.841
935000,0.118,0.000,0.882
935500,0.125,0.000,0.875
936000,0.054,0.000,0.946
936500,0.010,0.028,0.962
937000,0.114,0.000,0.886
937500,0.073,0.000,0.927
938000,0.022,0.041,0.937
938500,0.024,0.024,0.952
939000,0.171,0.000,0.829
939500,0.122,0.000,0.878
940000,0.053,0.007,0.940
940500,0.195,0.000,0.805
941000,0.017,0.053,0.930
941500,0.176,0.000,0.824
942000,0.034,0.000,0.966
942500,0.041,0.054,0.905
943000,0.146,0.000,0.854
943500,0.057,0.043,0.900
944000,0.012,0.077,0.911
944500,0.039,0.004,0.957
945000,0.039,0.000,0.961
945500,0.020,0.035,0.945
946000,0.105,0.000,0.895
946500,0.023,0.000,0.977
947000,0.030,0.025,0.945
947500,0.265,0.000,0.735
948000,0.012,0.052,0.936
948500,0.070,0.022,0.908
949000,0.073,0.000,0.927
949500,0.109,0.000,0.891
950000,0.076,0.000,0.924
950500,0.074,0.000,0.926
951000,0.125,0.000,0.875
951500,0.116,0.010,0.874
952000,0.170,0.000,0.830
952500,0.100,0.000,0.900
953000,0.112,0.000,0.888
953500,0.010,0.042,0.948
954000,0.051,0.001,0.948
954500,0.158,0.000,0.842
955000,0.101,0.000,0.899
955500,0.082,0.006,0.912
956000,0.068,0.000,0.932
956500,0.220,0.000,0.780
957000,0.138,0.000,0.862
957500,0.136,0.001,0.863
958000,0.063,0.018,0.919
958500,0.044,0.000,0.956
959000,0.065,0.000,0.935
959500,0.094,0.000,0.906
960000,0.252,0.000,0.748
960500,0.157,0.000,0.843
961000,0.012,0.015,0.973
961500,0.059,0.000,0.941
962000,0.083,0.000,0.917
962500,0.011,0.080,0.909
963000,0.010,0.010,0.980
963500,0.155,0.001,0.844
964000,0.127,0.000,0.873
964500,0.121,0.000,0.879
965000,0.042,0.021,0.937
965500,0.058,0.000,0.942
966000,0.195,0.000,0.805
966500,0.039,0.035,0.926
967000,0.106,0.000,0.894
967500,0.010,0.021,0.969
968000,0.107,0.000,0.893
968500,0.076,0.002,0.922
969000,0.058,0.001,0.941
969500,0.153,0.000,0.847
970000,0.097,0.000,0.903
970500,0.014,0.032,0.954
971000,0.055,0.000,0.945
971500,0.163,0.000,0.837
972000,0.049,0.011,0.940
972500,0.075,0.000,0.925
973000,0.065,0.003,0.932
973500,0.081,0.004,0.915
974000,0.114,0.000,0.886
974500,0.076,0.000,0.924
975000,0.010,0.063,0.927
975500,0.075,0.006,0.919
976000,0.107,0.000,0.893
976500,0.048,0.008,0.944
977000,0.101,0.000,0.899
977500,0.048,0.016,0.936
978000,0.120,0.000,0.880
978500,0.055,0.000,0.945
979000,0.038,0.003,0.959
979500,0.088,0.000,0.912
980000,0.032,0.012,0.956
980500,0.021,0.005,0.974
981000,0.017,0.031,0.952
981500,0.048,0.002,0.950
982000,0.010,0.071,0.919
982500,0.048,0.002,0.950
983000,0.139,0.000,0.861
983500,0.138,0.000,0.862
984000,0.091,0.000,0.909
984500,0.070,0.000,0.930
985000,0.029,0.000,0.971
985500,0.135,0.000,0.865
986000,0.118,0.014,0.868
986500,0.077,0.000,0.923
987000,0.149,0.000,0.851
987500,0.117,0.000,0.883
988000,0.132,0.000,0.868
988500,0.183,0.000,0.817
989000,0.059,0.000,0.941
989500,0.166,0.000,0.834
990000,0.078,0.000,0.922
990500,0.066,0.002,0.932
991000,0.039,0.000,0.961
991500,0.132,0.000,0.868
992000,0.040,0.014,0.946
992500,0.028,0.000,0.972
993000,0.080,0.000,0.920
993500,0.066,0.002,0.932
994000,0.101,0.000,0.899
994500,0.029,0.005,0.966
995000,0.216,0.000,0.784
995500,0.021,0.034,0.945
996000,0.083,0.001,0.916
996500,0.026,0.029,0.945
997000,0.089,0.001,0.910
997500,0.041,0.038,0.921
998000,0.115,0.000,0.885
998500,0.081,0.028,0.891
999000,0.013,0.055,0.932
999500,0.010,0.027,0.963
1000000,0.010,0.008,0.982
