time,n_A+p,n_B,n_AB
1000,0.030,0.953,0.017
2000,0.030,0.947,0.023
3000,0.032,0.930,0.038
4000,0.032,0.927,0.041
5000,0.033,0.913,0.054
6000,0.031,0.929,0.040
7000,0.031,0.902,0.067
8000,0.031,0.907,0.062
9000,0.032,0.914,0.054
10000,0.033,0.910,0.057
11000,0.034,0.918,0.048
12000,0.036,0.909,0.055
13000,0.035,0.927,0.038
14000,0.031,0.925,0.044
15000,0.034,0.923,0.043
16000,0.034,0.918,0.048
17000,0.033,0.932,0.035
18000,0.031,0.930,0.039
19000,0.030,0.923,0.047
20000,0.031,0.921,0.048
21000,0.032,0.923,0.045
22000,0.033,0.927,0.040
23000,0.031,0.922,0.047
24000,0.032,0.922,0.046
25000,0.032,0.909,0.059
26000,0.033,0.913,0.054
27000,0.033,0.916,0.051
28000,0.034,0.907,0.059
29000,0.030,0.908,0.062
30000,0.034,0.921,0.045
31000,0.032,0.918,0.050
32000,0.035,0.895,0.070
33000,0.034,0.903,0.063
34000,0.032,0.915,0.053
35000,0.030,0.920,0.050
36000,0.032,0.917,0.051
37000,0.031,0.913,0.056
38000,0.032,0.924,0.044
39000,0.033,0.922,0.045
40000,0.037,0.910,0.053
41000,0.038,0.906,0.056
42000,0.037,0.910,0.053
43000,0.035,0.910,0.055
44000,0.033,0.912,0.055
45000,0.031,0.907,0.062
46000,0.030,0.914,0.056
47000,0.031,0.917,0.052
48000,0.033,0.918,0.049
49000,0.034,0.921,0.045
50000,0.032,0.917,0.051
51000,0.032,0.912,0.056
52000,0.033,0.916,0.051
53000,0.032,0.920,0.048
54000,0.033,0.918,0.049
55000,0.034,0.911,0.055
56000,0.031,0.903,0.066
57000,0.033,0.916,0.051
58000,0.035,0.900,0.065
59000,0.035,0.914,0.051
60000,0.033,0.924,0.043
61000,0.036,0.922,0.042
62000,0.033,0.919,0.048
63000,0.033,0.905,0.062
64000,0.033,0.908,0.059
65000,0.032,0.901,0.067
66000,0.033,0.914,0.053
67000,0.034,0.903,0.063
68000,0.037,0.891,0.072
69000,0.038,0.913,0.049
70000,0.038,0.908,0.054
71000,0.033,0.918,0.049
72000,0.036,0.912,0.052
73000,0.034,0.916,0.050
74000,0.035,0.916,0.049
75000,0.034,0.911,0.055
76000,0.035,0.879,0.086
77000,0.034,0.879,0.087
78000,0.040,0.905,0.055
79000,0.039,0.880,0.081
80000,0.035,0.889,0.076
81000,0.035,0.898,0.067
82000,0.036,0.907,0.057
83000,0.036,0.915,0.049
84000,0.033,0.922,0.045
85000,0.033,0.916,0.051
86000,0.032,0.917,0.051
87000,0.033,0.926,0.041
88000,0.034,0.916,0.050
89000,0.037,0.905,0.058
90000,0.037,0.903,0.060
91000,0.032,0.900,0.068
92000,0.032,0.909,0.059
93000,0.032,0.929,0.039
94000,0.035,0.928,0.037
95000,0.036,0.914,0.050
96000,0.036,0.911,0.053
97000,0.034,0.913,0.053
98000,0.031,0.901,0.068
99000,0.033,0.915,0.052
100000,0.031,0.901,0.068
101000,0.035,0.909,0.056
102000,0.034,0.905,0.061
103000,0.031,0.903,0.066
104000,0.034,0.908,0.058
105000,0.037,0.913,0.050
106000,0.037,0.909,0.054
107000,0.034,0.916,0.050
108000,0.038,0.898,0.064
109000,0.037,0.904,0.059
110000,0.037,0.907,0.056
111000,0.035,0.920,0.045
112000,0.038,0.901,0.061
113000,0.035,0.906,0.059
114000,0.032,0.903,0.065
115000,0.035,0.922,0.043
116000,0.032,0.935,0.033
117000,0.031,0.937,0.032
118000,0.034,0.931,0.035
119000,0.033,0.935,0.032
120000,0.033,0.927,0.040
121000,0.035,0.927,0.038
122000,0.033,0.927,0.040
123000,0.031,0.922,0.047
124000,0.032,0.933,0.035
125000,0.033,0.927,0.040
126000,0.032,0.930,0.038
127000,0.032,0.934,0.034
128000,0.033,0.940,0.027
129000,0.033,0.931,0.036
130000,0.031,0.930,0.039
131000,0.032,0.930,0.038
132000,0.033,0.920,0.047
133000,0.036,0.928,0.036
134000,0.034,0.923,0.043
135000,0.032,0.909,0.059
136000,0.031,0.902,0.067
137000,0.035,0.900,0.065
138000,0.036,0.898,0.066
139000,0.032,0.900,0.068
140000,0.037,0.909,0.054
141000,0.038,0.905,0.057
142000,0.033,0.904,0.063
143000,0.032,0.913,0.055
144000,0.034,0.918,0.048
145000,0.033,0.918,0.049
146000,0.033,0.914,0.053
147000,0.036,0.918,0.046
148000,0.036,0.907,0.057
149000,0.037,0.901,0.062
150000,0.035,0.899,0.066
151000,0.034,0.890,0.076
152000,0.039,0.888,0.073
153000,0.032,0.896,0.072
154000,0.036,0.899,0.065
155000,0.034,0.910,0.056
156000,0.033,0.919,0.048
157000,0.037,0.910,0.053
158000,0.033,0.917,0.050
159000,0.033,0.913,0.054
160000,0.035,0.908,0.057
161000,0.036,0.922,0.042
162000,0.031,0.912,0.057
163000,0.031,0.908,0.061
164000,0.041,0.907,0.052
165000,0.036,0.899,0.065
166000,0.034,0.911,0.055
167000,0.035,0.908,0.057
168000,0.033,0.888,0.079
169000,0.035,0.890,0.075
170000,0.035,0.891,0.074
171000,0.035,0.899,0.066
172000,0.031,0.907,0.062
173000,0.032,0.926,0.042
174000,0.030,0.934,0.036
175000,0.033,0.926,0.041
176000,0.035,0.924,0.041
177000,0.037,0.918,0.045
178000,0.033,0.913,0.054
179000,0.035,0.924,0.041
180000,0.033,0.913,0.054
181000,0.034,0.901,0.065
182000,0.040,0.885,0.075
183000,0.040,0.892,0.068
184000,0.039,0.903,0.058
185000,0.038,0.913,0.049
186000,0.036,0.894,0.070
187000,0.036,0.908,0.056
188000,0.034,0.925,0.041
189000,0.034,0.918,0.048
190000,0.039,0.904,0.057
191000,0.036,0.889,0.075
192000,0.042,0.878,0.080
193000,0.037,0.899,0.064
194000,0.033,0.915,0.052
195000,0.033,0.917,0.050
196000,0.035,0.921,0.044
197000,0.034,0.917,0.049
198000,0.036,0.917,0.047
199000,0.036,0.926,0.038
200000,0.031,0.934,0.035
201000,0.034,0.926,0.040
202000,0.037,0.910,0.053
203000,0.035,0.923,0.042
204000,0.035,0.932,0.033
205000,0.033,0.932,0.035
206000,0.034,0.916,0.050
207000,0.036,0.904,0.060
208000,0.031,0.908,0.061
209000,0.032,0.910,0.058
210000,0.032,0.913,0.055
211000,0.032,0.919,0.049
212000,0.032,0.919,0.049
213000,0.033,0.920,0.047
214000,0.033,0.925,0.042
215000,0.033,0.909,0.058
216000,0.034,0.919,0.047
217000,0.034,0.916,0.050
218000,0.033,0.923,0.044
219000,0.031,0.921,0.048
220000,0.031,0.915,0.054
221000,0.033,0.932,0.035
222000,0.030,0.929,0.041
223000,0.035,0.920,0.045
224000,0.038,0.918,0.044
225000,0.035,0.907,0.058
226000,0.034,0.900,0.066
227000,0.036,0.909,0.055
228000,0.036,0.915,0.049
229000,0.035,0.926,0.039
230000,0.032,0.928,0.040
231000,0.036,0.917,0.047
232000,0.035,0.915,0.050
233000,0.036,0.917,0.047
234000,0.035,0.917,0.048
235000,0.035,0.904,0.061
236000,0.035,0.915,0.050
237000,0.034,0.924,0.042
238000,0.036,0.922,0.042
239000,0.032,0.921,0.047
240000,0.032,0.930,0.038
241000,0.032,0.915,0.053
242000,0.035,0.901,0.064
243000,0.031,0.905,0.064
244000,0.032,0.903,0.065
245000,0.033,0.910,0.057
246000,0.037,0.912,0.051
247000,0.033,0.919,0.048
248000,0.032,0.918,0.050
249000,0.033,0.916,0.051
250000,0.032,0.914,0.054
251000,0.032,0.917,0.051
252000,0.033,0.925,0.042
253000,0.035,0.906,0.059
254000,0.035,0.898,0.067
255000,0.035,0.891,0.074
256000,0.033,0.911,0.056
257000,0.035,0.906,0.059
258000,0.034,0.918,0.048
259000,0.031,0.910,0.059
260000,0.035,0.916,0.049
261000,0.032,0.907,0.061
262000,0.031,0.922,0.047
263000,0.033,0.908,0.059
264000,0.031,0.905,0.064
265000,0.031,0.918,0.051
266000,0.034,0.904,0.062
267000,0.030,0.906,0.064
268000,0.034,0.911,0.055
269000,0.033,0.902,0.065
270000,0.035,0.907,0.058
271000,0.030,0.911,0.059
272000,0.042,0.920,0.038
273000,0.037,0.908,0.055
274000,0.036,0.900,0.064
275000,0.036,0.900,0.064
276000,0.035,0.913,0.052
277000,0.036,0.907,0.057
278000,0.034,0.892,0.074
279000,0.034,0.901,0.065
280000,0.044,0.896,0.060
281000,0.038,0.912,0.050
282000,0.038,0.909,0.053
283000,0.041,0.908,0.051
284000,0.037,0.905,0.058
285000,0.034,0.899,0.067
286000,0.038,0.905,0.057
287000,0.035,0.921,0.044
288000,0.036,0.921,0.043
289000,0.032,0.924,0.044
290000,0.031,0.927,0.042
291000,0.031,0.937,0.032
292000,0.036,0.923,0.041
293000,0.035,0.921,0.044
294000,0.033,0.919,0.048
295000,0.031,0.915,0.054
296000,0.031,0.927,0.042
297000,0.031,0.921,0.048
298000,0.033,0.920,0.047
299000,0.033,0.915,0.052
300000,0.039,0.901,0.060
301000,0.034,0.905,0.061
302000,0.035,0.891,0.074
303000,0.032,0.905,0.063
304000,0.031,0.926,0.043
305000,0.031,0.923,0.046
306000,0.033,0.913,0.054
307000,0.036,0.910,0.054
308000,0.033,0.919,0.048
309000,0.034,0.919,0.047
310000,0.033,0.914,0.053
311000,0.034,0.913,0.053
312000,0.035,0.923,0.042
313000,0.033,0.931,0.036
314000,0.034,0.920,0.046
315000,0.035,0.903,0.062
316000,0.038,0.906,0.056
317000,0.036,0.905,0.059
318000,0.033,0.915,0.052
319000,0.034,0.909,0.057
320000,0.033,0.905,0.062
321000,0.036,0.903,0.061
322000,0.039,0.895,0.066
323000,0.038,0.898,0.064
324000,0.036,0.896,0.068
325000,0.033,0.903,0.064
326000,0.033,0.909,0.058
327000,0.036,0.907,0.057
328000,0.042,0.880,0.078
329000,0.039,0.887,0.074
330000,0.037,0.888,0.075
331000,0.044,0.894,0.062
332000,0.041,0.897,0.062
333000,0.034,0.909,0.057
334000,0.035,0.898,0.067
335000,0.035,0.906,0.059
336000,0.038,0.908,0.054
337000,0.033,0.913,0.054
338000,0.036,0.909,0.055
339000,0.037,0.911,0.052
340000,0.039,0.922,0.039
341000,0.036,0.918,0.046
342000,0.031,0.915,0.054
343000,0.031,0.913,0.056
344000,0.033,0.917,0.050
345000,0.034,0.896,0.070
346000,0.034,0.900,0.066
347000,0.033,0.890,0.077
348000,0.033,0.914,0.053
349000,0.034,0.898,0.068
350000,0.035,0.907,0.058
351000,0.039,0.916,0.045
352000,0.035,0.916,0.049
353000,0.033,0.914,0.053
354000,0.031,0.909,0.060
355000,0.031,0.914,0.055
356000,0.032,0.916,0.052
357000,0.031,0.911,0.058
358000,0.031,0.918,0.051
359000,0.030,0.904,0.066
360000,0.032,0.906,0.062
361000,0.035,0.915,0.050
362000,0.036,0.912,0.052
363000,0.036,0.903,0.061
364000,0.035,0.910,0.055
365000,0.034,0.907,0.059
366000,0.032,0.915,0.053
367000,0.036,0.913,0.051
368000,0.035,0.913,0.052
369000,0.037,0.905,0.058
370000,0.034,0.905,0.061
371000,0.031,0.905,0.064
372000,0.032,0.899,0.069
373000,0.033,0.908,0.059
374000,0.031,0.929,0.040
375000,0.031,0.929,0.040
376000,0.030,0.936,0.034
377000,0.033,0.925,0.042
378000,0.033,0.919,0.048
379000,0.031,0.916,0.053
380000,0.032,0.927,0.041
381000,0.031,0.921,0.048
382000,0.035,0.907,0.058
383000,0.032,0.915,0.053
384000,0.032,0.913,0.055
385000,0.033,0.913,0.054
386000,0.034,0.922,0.044
387000,0.034,0.922,0.044
388000,0.032,0.916,0.052
389000,0.035,0.914,0.051
390000,0.032,0.917,0.051
391000,0.032,0.921,0.047
392000,0.031,0.929,0.040
393000,0.030,0.924,0.046
394000,0.032,0.928,0.040
395000,0.033,0.935,0.032
396000,0.031,0.937,0.032
397000,0.033,0.922,0.045
398000,0.032,0.905,0.063
399000,0.036,0.890,0.074
400000,0.031,0.917,0.052
401000,0.032,0.910,0.058
402000,0.038,0.894,0.068
403000,0.032,0.916,0.052
404000,0.034,0.913,0.053
405000,0.034,0.894,0.072
406000,0.036,0.897,0.067
407000,0.038,0.910,0.052
408000,0.035,0.902,0.063
409000,0.037,0.909,0.054
410000,0.035,0.898,0.067
411000,0.032,0.912,0.056
412000,0.034,0.908,0.058
413000,0.037,0.923,0.040
414000,0.031,0.916,0.053
415000,0.035,0.894,0.071
416000,0.039,0.898,0.063
417000,0.037,0.893,0.070
418000,0.034,0.895,0.071
419000,0.033,0.904,0.063
420000,0.041,0.908,0.051
421000,0.039,0.906,0.055
422000,0.036,0.896,0.068
423000,0.036,0.917,0.047
424000,0.034,0.916,0.050
425000,0.033,0.914,0.053
426000,0.032,0.902,0.066
427000,0.032,0.915,0.053
428000,0.034,0.918,0.048
429000,0.039,0.915,0.046
430000,0.033,0.900,0.067
431000,0.034,0.908,0.058
432000,0.033,0.922,0.045
433000,0.032,0.932,0.036
434000,0.031,0.930,0.039
435000,0.032,0.937,0.031
436000,0.031,0.929,0.040
437000,0.033,0.915,0.052
438000,0.040,0.913,0.047
439000,0.041,0.901,0.058
440000,0.036,0.911,0.053
441000,0.034,0.919,0.047
442000,0.031,0.922,0.047
443000,0.032,0.931,0.037
444000,0.031,0.933,0.036
445000,0.032,0.932,0.036
446000,0.031,0.932,0.037
447000,0.032,0.922,0.046
448000,0.033,0.930,0.037
449000,0.031,0.911,0.058
450000,0.032,0.904,0.064
451000,0.031,0.914,0.055
452000,0.033,0.909,0.058
453000,0.032,0.909,0.059
454000,0.033,0.911,0.056
455000,0.035,0.918,0.047
456000,0.035,0.907,0.058
457000,0.034,0.928,0.038
458000,0.036,0.921,0.043
459000,0.037,0.914,0.049
460000,0.035,0.901,0.064
461000,0.034,0.907,0.059
462000,0.033,0.910,0.057
463000,0.036,0.909,0.055
464000,0.034,0.924,0.042
465000,0.034,0.919,0.047
466000,0.030,0.931,0.039
467000,0.032,0.912,0.056
468000,0.032,0.925,0.043
469000,0.036,0.919,0.045
470000,0.036,0.926,0.038
471000,0.034,0.922,0.044
472000,0.033,0.918,0.049
473000,0.036,0.922,0.042
474000,0.033,0.908,0.059
475000,0.033,0.927,0.040
476000,0.031,0.929,0.040
477000,0.033,0.930,0.037
478000,0.034,0.925,0.041
479000,0.030,0.921,0.049
480000,0.036,0.919,0.045
481000,0.038,0.919,0.043
482000,0.034,0.915,0.051
483000,0.038,0.898,0.064
484000,0.036,0.905,0.059
485000,0.033,0.910,0.057
486000,0.034,0.911,0.055
487000,0.034,0.911,0.055
488000,0.034,0.916,0.050
489000,0.030,0.932,0.038
490000,0.033,0.928,0.039
491000,0.033,0.913,0.054
492000,0.031,0.909,0.060
493000,0.038,0.905,0.057
494000,0.037,0.895,0.068
495000,0.039,0.895,0.066
496000,0.038,0.909,0.053
497000,0.032,0.915,0.053
498000,0.031,0.903,0.066
499000,0.037,0.912,0.051
500000,0.037,0.906,0.057
501000,0.031,0.912,0.057
502000,0.031,0.911,0.058
503000,0.033,0.908,0.059
504000,0.036,0.913,0.051
505000,0.036,0.934,0.030
506000,0.032,0.922,0.046
507000,0.032,0.922,0.046
508000,0.034,0.935,0.031
509000,0.032,0.940,0.028
510000,0.033,0.937,0.030
511000,0.034,0.934,0.032
512000,0.036,0.918,0.046
513000,0.036,0.902,0.062
514000,0.034,0.902,0.064
515000,0.036,0.914,0.050
516000,0.036,0.915,0.049
517000,0.036,0.905,0.059
518000,0.034,0.893,0.073
519000,0.031,0.910,0.059
520000,0.031,0.911,0.058
521000,0.034,0.914,0.052
522000,0.039,0.890,0.071
523000,0.035,0.912,0.053
524000,0.034,0.915,0.051
525000,0.030,0.902,0.068
526000,0.033,0.909,0.058
527000,0.032,0.918,0.050
528000,0.031,0.916,0.053
529000,0.035,0.911,0.054
530000,0.034,0.911,0.055
531000,0.033,0.915,0.052
532000,0.033,0.922,0.045
533000,0.031,0.918,0.051
534000,0.033,0.921,0.046
535000,0.033,0.921,0.046
536000,0.033,0.927,0.040
537000,0.033,0.933,0.034
538000,0.030,0.933,0.037
539000,0.033,0.936,0.031
540000,0.033,0.925,0.042
541000,0.032,0.913,0.055
542000,0.033,0.924,0.043
543000,0.034,0.914,0.052
544000,0.036,0.918,0.046
545000,0.037,0.916,0.047
546000,0.035,0.905,0.060
547000,0.034,0.904,0.062
548000,0.032,0.925,0.043
549000,0.031,0.930,0.039
550000,0.032,0.923,0.045
551000,0.033,0.910,0.057
552000,0.032,0.919,0.049
553000,0.033,0.905,0.062
554000,0.033,0.914,0.053
555000,0.032,0.919,0.049
556000,0.034,0.925,0.041
557000,0.031,0.930,0.039
558000,0.034,0.924,0.042
559000,0.031,0.931,0.038
560000,0.030,0.935,0.035
561000,0.033,0.918,0.049
562000,0.032,0.926,0.042
563000,0.032,0.910,0.058
564000,0.032,0.909,0.059
565000,0.037,0.906,0.057
566000,0.033,0.908,0.059
567000,0.032,0.906,0.062
568000,0.033,0.903,0.064
569000,0.035,0.907,0.058
570000,0.037,0.912,0.051
571000,0.032,0.912,0.056
572000,0.031,0.917,0.052
573000,0.032,0.905,0.063
574000,0.032,0.907,0.061
575000,0.033,0.914,0.053
576000,0.035,0.915,0.050
577000,0.036,0.904,0.060
578000,0.033,0.909,0.058
579000,0.034,0.905,0.061
580000,0.034,0.894,0.072
581000,0.036,0.909,0.055
582000,0.038,0.911,0.051
583000,0.037,0.915,0.048
584000,0.033,0.897,0.070
585000,0.032,0.902,0.066
586000,0.032,0.910,0.058
587000,0.031,0.918,0.051
588000,0.030,0.925,0.045
589000,0.033,0.928,0.039
590000,0.034,0.926,0.040
591000,0.035,0.917,0.048
592000,0.034,0.917,0.049
593000,0.033,0.918,0.049
594000,0.034,0.909,0.057
595000,0.033,0.912,0.055
596000,0.034,0.915,0.051
597000,0.031,0.917,0.052
598000,0.033,0.915,0.052
599000,0.033,0.909,0.058
600000,0.031,0.914,0.055
601000,0.035,0.914,0.051
602000,0.033,0.915,0.052
603000,0.032,0.921,0.047
604000,0.033,0.927,0.040
605000,0.034,0.918,0.048
606000,0.036,0.921,0.043
607000,0.039,0.913,0.048
608000,0.036,0.919,0.045
609000,0.031,0.925,0.044
610000,0.032,0.915,0.053
611000,0.035,0.908,0.057
612000,0.033,0.901,0.066
613000,0.033,0.913,0.054
614000,0.038,0.896,0.066
615000,0.035,0.900,0.065
616000,0.036,0.917,0.047
617000,0.034,0.925,0.041
618000,0.032,0.908,0.060
619000,0.034,0.900,0.066
620000,0.032,0.905,0.063
621000,0.033,0.907,0.060
622000,0.033,0.911,0.056
623000,0.039,0.890,0.071
624000,0.036,0.895,0.069
625000,0.037,0.896,0.067
626000,0.036,0.913,0.051
627000,0.033,0.905,0.062
628000,0.032,0.904,0.064
629000,0.038,0.903,0.059
630000,0.033,0.912,0.055
631000,0.030,0.908,0.062
632000,0.032,0.922,0.046
633000,0.035,0.923,0.042
634000,0.036,0.914,0.050
635000,0.033,0.917,0.050
636000,0.032,0.914,0.054
637000,0.035,0.917,0.048
638000,0.033,0.919,0.048
639000,0.033,0.921,0.046
640000,0.035,0.921,0.044
641000,0.038,0.904,0.058
642000,0.033,0.904,0.063
643000,0.035,0.907,0.058
644000,0.037,0.905,0.058
645000,0.036,0.893,0.071
646000,0.035,0.898,0.067
647000,0.040,0.898,0.062
648000,0.040,0.903,0.057
649000,0.039,0.904,0.057
650000,0.033,0.928,0.039
651000,0.033,0.925,0.042
652000,0.033,0.919,0.048
653000,0.032,0.912,0.056
654000,0.035,0.909,0.056
655000,0.037,0.894,0.069
656000,0.036,0.910,0.054
657000,0.037,0.903,0.060
658000,0.033,0.904,0.063
659000,0.035,0.914,0.051
660000,0.032,0.913,0.055
661000,0.034,0.918,0.048
662000,0.034,0.921,0.045
663000,0.032,0.910,0.058
664000,0.033,0.925,0.042
665000,0.034,0.913,0.053
666000,0.032,0.918,0.050
667000,0.035,0.918,0.047
668000,0.035,0.915,0.050
669000,0.032,0.921,0.047
670000,0.035,0.910,0.055
671000,0.042,0.902,0.056
672000,0.036,0.887,0.077
673000,0.035,0.901,0.064
674000,0.036,0.902,0.062
675000,0.036,0.911,0.053
676000,0.033,0.915,0.052
677000,0.037,0.911,0.052
678000,0.036,0.918,0.046
679000,0.037,0.915,0.048
680000,0.035,0.906,0.059
681000,0.031,0.906,0.063
682000,0.033,0.909,0.058
683000,0.033,0.911,0.056
684000,0.031,0.923,0.046
685000,0.033,0.924,0.043
686000,0.031,0.921,0.048
687000,0.037,0.901,0.062
688000,0.034,0.917,0.049
689000,0.036,0.907,0.057
690000,0.031,0.923,0.046
691000,0.032,0.918,0.050
692000,0.031,0.904,0.065
693000,0.030,0.922,0.048
694000,0.031,0.927,0.042
695000,0.035,0.922,0.043
696000,0.031,0.911,0.058
697000,0.033,0.898,0.069
698000,0.032,0.906,0.062
699000,0.034,0.911,0.055
700000,0.032,0.924,0.044
701000,0.034,0.922,0.044
702000,0.036,0.917,0.047
703000,0.033,0.906,0.061
704000,0.032,0.897,0.071
705000,0.036,0.896,0.068
706000,0.038,0.895,0.067
707000,0.038,0.906,0.056
708000,0.036,0.900,0.064
709000,0.035,0.914,0.051
710000,0.034,0.903,0.063
711000,0.032,0.907,0.061
712000,0.031,0.928,0.041
713000,0.032,0.936,0.032
714000,0.032,0.914,0.054
715000,0.034,0.914,0.052
716000,0.036,0.905,0.059
717000,0.034,0.906,0.060
718000,0.038,0.901,0.061
719000,0.038,0.901,0.061
720000,0.039,0.911,0.050
721000,0.036,0.912,0.052
722000,0.037,0.914,0.049
723000,0.036,0.901,0.063
724000,0.033,0.905,0.062
725000,0.031,0.932,0.037
726000,0.031,0.923,0.046
727000,0.032,0.928,0.040
728000,0.031,0.921,0.048
729000,0.034,0.913,0.053
730000,0.035,0.903,0.062
731000,0.035,0.882,0.083
732000,0.038,0.886,0.076
733000,0.035,0.900,0.065
734000,0.043,0.906,0.051
735000,0.037,0.901,0.062
736000,0.042,0.905,0.053
737000,0.037,0.893,0.070
738000,0.033,0.898,0.069
739000,0.034,0.912,0.054
740000,0.035,0.897,0.068
741000,0.037,0.898,0.065
742000,0.037,0.888,0.075
743000,0.034,0.897,0.069
744000,0.036,0.902,0.062
745000,0.034,0.910,0.056
746000,0.038,0.902,0.060
747000,0.037,0.897,0.066
748000,0.032,0.904,0.064
749000,0.034,0.913,0.053
750000,0.035,0.918,0.047
751000,0.036,0.908,0.056
752000,0.038,0.897,0.065
753000,0.034,0.904,0.062
754000,0.033,0.911,0.056
755000,0.033,0.905,0.062
756000,0.034,0.907,0.059
757000,0.037,0.905,0.058
758000,0.032,0.903,0.065
759000,0.037,0.906,0.057
760000,0.039,0.908,0.053
761000,0.036,0.901,0.063
762000,0.033,0.904,0.063
763000,0.034,0.902,0.064
764000,0.034,0.901,0.065
765000,0.030,0.901,0.069
766000,0.032,0.901,0.067
767000,0.034,0.893,0.073
768000,0.037,0.895,0.068
769000,0.040,0.894,0.066
770000,0.032,0.902,0.066
771000,0.034,0.905,0.061
772000,0.031,0.905,0.064
773000,0.034,0.906,0.060
774000,0.032,0.910,0.058
775000,0.033,0.905,0.062
776000,0.036,0.903,0.061
777000,0.038,0.909,0.053
778000,0.035,0.890,0.075
779000,0.035,0.893,0.072
780000,0.043,0.884,0.073
781000,0.036,0.902,0.062
782000,0.036,0.904,0.060
783000,0.039,0.905,0.056
784000,0.034,0.900,0.066
785000,0.034,0.904,0.062
786000,0.032,0.910,0.058
787000,0.033,0.921,0.046
788000,0.033,0.918,0.049
789000,0.030,0.922,0.048
790000,0.033,0.918,0.049
791000,0.036,0.918,0.046
792000,0.040,0.921,0.039
793000,0.037,0.932,0.031
794000,0.040,0.913,0.047
795000,0.033,0.906,0.061
796000,0.033,0.910,0.057
797000,0.037,0.912,0.051
798000,0.036,0.914,0.050
799000,0.037,0.915,0.048
800000,0.037,0.911,0.052
801000,0.033,0.916,0.051
802000,0.033,0.908,0.059
803000,0.033,0.897,0.070
804000,0.032,0.919,0.049
805000,0.034,0.922,0.044
806000,0.035,0.920,0.045
807000,0.034,0.912,0.054
808000,0.030,0.918,0.052
809000,0.033,0.923,0.044
810000,0.032,0.918,0.050
811000,0.032,0.914,0.054
812000,0.035,0.898,0.067
813000,0.033,0.912,0.055
814000,0.032,0.925,0.043
815000,0.032,0.924,0.044
816000,0.031,0.918,0.051
817000,0.034,0.920,0.046
818000,0.035,0.928,0.037
819000,0.032,0.917,0.051
820000,0.032,0.923,0.045
821000,0.036,0.924,0.040
822000,0.038,0.915,0.047
823000,0.037,0.925,0.038
824000,0.034,0.928,0.038
825000,0.034,0.925,0.041
826000,0.033,0.922,0.045
827000,0.032,0.914,0.054
828000,0.031,0.914,0.055
829000,0.033,0.921,0.046
830000,0.032,0.930,0.038
831000,0.032,0.930,0.038
832000,0.030,0.920,0.050
833000,0.030,0.919,0.051
834000,0.032,0.926,0.042
835000,0.031,0.930,0.039
836000,0.034,0.918,0.048
837000,0.036,0.920,0.044
838000,0.033,0.918,0.049
839000,0.031,0.924,0.045
840000,0.033,0.915,0.052
841000,0.036,0.908,0.056
842000,0.032,0.900,0.068
843000,0.038,0.897,0.065
844000,0.037,0.900,0.063
845000,0.033,0.915,0.052
846000,0.032,0.922,0.046
847000,0.030,0.927,0.043
848000,0.032,0.929,0.039
849000,0.032,0.924,0.044
850000,0.036,0.906,0.058
851000,0.034,0.901,0.065
852000,0.038,0.892,0.070
853000,0.040,0.888,0.072
854000,0.037,0.905,0.058
855000,0.034,0.909,0.057
856000,0.039,0.905,0.056
857000,0.039,0.910,0.051
858000,0.035,0.894,0.071
859000,0.035,0.892,0.073
860000,0.035,0.898,0.067
861000,0.032,0.913,0.055
862000,0.032,0.920,0.048
863000,0.032,0.916,0.052
864000,0.036,0.893,0.071
865000,0.033,0.909,0.058
866000,0.037,0.909,0.054
867000,0.033,0.897,0.070
868000,0.035,0.892,0.073
869000,0.033,0.905,0.062
870000,0.033,0.905,0.062
871000,0.030,0.916,0.054
872000,0.031,0.926,0.043
873000,0.032,0.929,0.039
874000,0.031,0.927,0.042
875000,0.035,0.921,0.044
876000,0.036,0.911,0.053
877000,0.037,0.907,0.056
878000,0.031,0.915,0.054
879000,0.034,0.917,0.049
880000,0.032,0.914,0.054
881000,0.031,0.934,0.035
882000,0.030,0.926,0.044
883000,0.031,0.928,0.041
884000,0.030,0.941,0.029
885000,0.031,0.928,0.041
886000,0.033,0.931,0.036
887000,0.031,0.926,0.043
888000,0.031,0.921,0.048
889000,0.032,0.901,0.067
890000,0.035,0.903,0.062
891000,0.035,0.921,0.044
892000,0.034,0.922,0.044
893000,0.035,0.920,0.045
894000,0.032,0.908,0.060
895000,0.035,0.906,0.059
896000,0.032,0.895,0.073
897000,0.033,0.917,0.050
898000,0.035,0.933,0.032
899000,0.034,0.911,0.055
900000,0.036,0.909,0.055
901000,0.036,0.909,0.055
902000,0.035,0.904,0.061
903000,0.035,0.900,0.065
904000,0.032,0.915,0.053
905000,0.037,0.920,0.043
906000,0.040,0.921,0.039
907000,0.033,0.928,0.039
908000,0.035,0.915,0.050
909000,0.035,0.916,0.049
910000,0.032,0.921,0.047
911000,0.032,0.927,0.041
912000,0.030,0.923,0.047
913000,0.032,0.925,0.043
914000,0.033,0.920,0.047
915000,0.034,0.915,0.051
916000,0.032,0.919,0.049
917000,0.036,0.920,0.044
918000,0.033,0.927,0.040
919000,0.030,0.926,0.044
920000,0.034,0.911,0.055
921000,0.038,0.903,0.059
922000,0.037,0.904,0.059
923000,0.038,0.917,0.045
924000,0.035,0.899,0.066
925000,0.041,0.897,0.062
926000,0.039,0.895,0.066
927000,0.036,0.896,0.068
928000,0.038,0.905,0.057
929000,0.038,0.897,0.065
930000,0.038,0.898,0.064
931000,0.038,0.903,0.059
932000,0.038,0.893,0.069
933000,0.038,0.896,0.066
934000,0.032,0.898,0.070
935000,0.032,0.921,0.047
936000,0.030,0.926,0.044
937000,0.033,0.930,0.037
938000,0.033,0.914,0.053
939000,0.033,0.924,0.043
940000,0.032,0.922,0.046
941000,0.033,0.916,0.051
942000,0.037,0.915,0.048
943000,0.034,0.895,0.071
944000,0.033,0.902,0.065
945000,0.034,0.919,0.047
946000,0.033,0.924,0.043
947000,0.031,0.923,0.046
948000,0.035,0.920,0.045
949000,0.037,0.911,0.052
950000,0.032,0.926,0.042
951000,0.033,0.905,0.062
952000,0.033,0.899,0.068
953000,0.030,0.911,0.059
954000,0.031,0.923,0.046
955000,0.033,0.917,0.050
956000,0.033,0.917,0.050
957000,0.035,0.907,0.058
958000,0.034,0.914,0.052
959000,0.033,0.913,0.054
960000,0.031,0.907,0.062
961000,0.031,0.907,0.062
962000,0.033,0.903,0.064
963000,0.035,0.893,0.072
964000,0.039,0.897,0.064
965000,0.040,0.886,0.074
966000,0.038,0.890,0.072
967000,0.040,0.895,0.065
968000,0.036,0.891,0.073
969000,0.039,0.906,0.055
970000,0.037,0.907,0.056
971000,0.033,0.916,0.051
972000,0.035,0.915,0.050
973000,0.033,0.911,0.056
974000,0.036,0.921,0.043
975000,0.036,0.921,0.043
976000,0.035,0.922,0.043
977000,0.032,0.919,0.049
978000,0.031,0.913,0.056
979000,0.033,0.920,0.047
980000,0.034,0.907,0.059
981000,0.033,0.908,0.059
982000,0.035,0.904,0.061
983000,0.036,0.895,0.069
984000,0.041,0.902,0.057
985000,0.039,0.898,0.063
986000,0.041,0.902,0.057
987000,0.040,0.908,0.052
988000,0.042,0.886,0.072
989000,0.037,0.895,0.068
990000,0.040,0.888,0.072
991000,0.039,0.891,0.070
992000,0.035,0.921,0.044
993000,0.037,0.911,0.052
994000,0.035,0.906,0.059
995000,0.032,0.908,0.060
996000,0.031,0.903,0.066
997000,0.036,0.897,0.067
998000,0.041,0.894,0.065
999000,0.036,0.898,0.066
1000000,0.038,0.900,0.062
