time,n_A+p,n_B,n_AB
500,0.050,0.688,0.262
1000,0.050,0.499,0.450
1500,0.050,0.335,0.615
2000,0.050,0.262,0.688
2500,0.056,0.254,0.690
3000,0.058,0.234,0.708
3500,0.081,0.190,0.730
4000,0.136,0.093,0.771
4500,0.259,0.026,0.715
5000,0.439,0.004,0.557
5500,0.568,0.001,0.432
6000,0.542,0.000,0.458
6500,0.667,0.000,0.333
7000,0.605,0.000,0.395
7500,0.598,0.000,0.402
8000,0.616,0.000,0.384
8500,0.714,0.000,0.286
9000,0.726,0.000,0.274
9500,0.704,0.000,0.296
10000,0.724,0.000,0.276
10500,0.699,0.000,0.301
11000,0.684,0.000,0.316
11500,0.681,0.000,0.319
12000,0.692,0.000,0.308
12500,0.703,0.000,0.297
13000,0.759,0.000,0.241
13500,0.710,0.000,0.290
14000,0.708,0.000,0.292
14500,0.684,0.000,0.316
15000,0.692,0.000,0.308
15500,0.767,0.000,0.233
16000,0.750,0.000,0.250
16500,0.736,0.000,0.264
17000,0.749,0.000,0.251
17500,0.669,0.000,0.331
18000,0.662,0.000,0.338
18500,0.636,0.000,0.364
19000,0.718,0.000,0.282
19500,0.776,0.000,0.224
20000,0.787,0.000,0.213
20500,0.749,0.000,0.251
21000,0.800,0.000,0.200
21500,0.752,0.000,0.248
22000,0.723,0.000,0.277
22500,0.685,0.000,0.315
23000,0.768,0.000,0.232
23500,0.780,0.000,0.220
24000,0.762,0.000,0.238
24500,0.792,0.000,0.208
25000,0.740,0.000,0.260
25500,0.677,0.000,0.323
26000,0.676,0.000,0.324
26500,0.745,0.000,0.255
27000,0.716,0.000,0.284
27500,0.740,0.000,0.260
28000,0.746,0.000,0.254
28500,0.764,0.000,0.236
29000,0.821,0.000,0.179
29500,0.833,0.000,0.167
30000,0.768,0.000,0.232
30500,0.769,0.000,0.231
31000,0.707,0.000,0.293
31500,0.706,0.000,0.294
32000,0.709,0.000,0.291
32500,0.750,0.000,0.250
33000,0.757,0.000,0.243
33500,0.762,0.000,0.238
34000,0.800,0.000,0.200
34500,0.759,0.000,0.241
35000,0.750,0.000,0.250
35500,0.662,0.000,0.338
36000,0.744,0.000,0.256
36500,0.713,0.000,0.287
37000,0.716,0.000,0.284
37500,0.663,0.000,0.337
38000,0.721,0.000,0.279
38500,0.734,0.000,0.266
39000,0.785,0.000,0.215
39500,0.726,0.000,0.274
40000,0.736,0.000,0.264
40500,0.694,0.000,0.306
41000,0.748,0.000,0.252
41500,0.770,0.000,0.230
42000,0.713,0.000,0.287
42500,0.736,0.000,0.264
43000,0.722,0.000,0.278
43500,0.694,0.000,0.306
44000,0.684,0.000,0.316
44500,0.707,0.000,0.293
45000,0.712,0.000,0.288
45500,0.727,0.000,0.273
46000,0.690,0.000,0.310
46500,0.665,0.000,0.335
47000,0.619,0.000,0.381
47500,0.688,0.000,0.312
48000,0.729,0.000,0.271
48500,0.757,0.000,0.243
49000,0.807,0.000,0.193
49500,0.796,0.000,0.204
50000,0.764,0.000,0.236
50500,0.768,0.000,0.232
51000,0.775,0.000,0.225
51500,0.814,0.000,0.186
52000,0.817,0.000,0.183
52500,0.882,0.000,0.118
53000,0.902,0.000,0.098
53500,0.882,0.000,0.118
54000,0.832,0.000,0.168
54500,0.844,0.000,0.156
55000,0.801,0.000,0.199
55500,0.760,0.000,0.240
56000,0.804,0.000,0.196
56500,0.788,0.000,0.212
57000,0.772,0.000,0.228
57500,0.780,0.000,0.220
58000,0.657,0.000,0.343
58500,0.677,0.000,0.323
59000,0.554,0.000,0.446
59500,0.658,0.000,0.342
60000,0.677,0.000,0.323
60500,0.710,0.000,0.290
61000,0.749,0.000,0.251
61500,0.785,0.000,0.215
62000,0.795,0.000,0.205
62500,0.716,0.000,0.284
63000,0.584,0.000,0.416
63500,0.630,0.000,0.370
64000,0.613,0.000,0.387
64500,0.700,0.000,0.300
65000,0.707,0.000,0.293
65500,0.743,0.000,0.257
66000,0.700,0.000,0.300
66500,0.736,0.000,0.264
67000,0.750,0.000,0.250
67500,0.762,0.000,0.238
68000,0.718,0.000,0.282
68500,0.715,0.000,0.285
69000,0.704,0.000,0.296
69500,0.741,0.000,0.259
70000,0.716,0.000,0.284
70500,0.763,0.000,0.237
71000,0.789,0.000,0.211
71500,0.781,0.000,0.219
72000,0.798,0.000,0.202
72500,0.759,0.000,0.241
73000,0.785,0.000,0.215
73500,0.770,0.000,0.230
74000,0.737,0.000,0.263
74500,0.794,0.000,0.206
75000,0.780,0.000,0.220
75500,0.838,0.000,0.162
76000,0.848,0.000,0.152
76500,0.824,0.000,0.176
77000,0.839,0.000,0.161
77500,0.801,0.000,0.199
78000,0.768,0.000,0.232
78500,0.689,0.000,0.311
79000,0.657,0.000,0.343
79500,0.700,0.000,0.300
80000,0.697,0.000,0.303
80500,0.762,0.000,0.238
81000,0.777,0.000,0.223
81500,0.717,0.000,0.283
82000,0.720,0.000,0.280
82500,0.795,0.000,0.205
83000,0.805,0.000,0.195
83500,0.827,0.000,0.173
84000,0.815,0.000,0.185
84500,0.809,0.000,0.191
85000,0.792,0.000,0.208
85500,0.735,0.000,0.265
86000,0.776,0.000,0.224
86500,0.720,0.000,0.280
87000,0.741,0.000,0.259
87500,0.697,0.000,0.303
88000,0.724,0.000,0.276
88500,0.733,0.000,0.267
89000,0.712,0.000,0.288
89500,0.689,0.000,0.311
90000,0.686,0.000,0.314
90500,0.757,0.000,0.243
91000,0.661,0.000,0.339
91500,0.726,0.000,0.274
92000,0.716,0.000,0.284
92500,0.716,0.000,0.284
93000,0.691,0.000,0.309
93500,0.722,0.000,0.278
94000,0.717,0.000,0.283
94500,0.676,0.000,0.324
95000,0.680,0.000,0.320
95500,0.698,0.000,0.302
96000,0.688,0.000,0.312
96500,0.658,0.000,0.342
97000,0.686,0.000,0.314
97500,0.663,0.000,0.337
98000,0.701,0.000,0.299
98500,0.588,0.000,0.412
99000,0.576,0.000,0.424
99500,0.646,0.000,0.354
100000,0.643,0.000,0.357
100500,0.674,0.000,0.326
101000,0.739,0.000,0.261
101500,0.698,0.000,0.302
102000,0.642,0.000,0.358
102500,0.658,0.000,0.342
103000,0.630,0.000,0.370
103500,0.674,0.000,0.326
104000,0.790,0.000,0.210
104500,0.781,0.000,0.219
105000,0.791,0.000,0.209
105500,0.718,0.000,0.282
106000,0.795,0.000,0.205
106500,0.776,0.000,0.224
107000,0.691,0.000,0.309
107500,0.740,0.000,0.260
108000,0.690,0.000,0.310
108500,0.655,0.000,0.345
109000,0.716,0.000,0.284
109500,0.680,0.000,0.320
110000,0.657,0.000,0.343
110500,0.649,0.000,0.351
111000,0.695,0.000,0.305
111500,0.709,0.000,0.291
112000,0.621,0.000,0.379
112500,0.639,0.000,0.361
113000,0.748,0.000,0.252
113500,0.713,0.000,0.287
114000,0.723,0.000,0.277
114500,0.709,0.000,0.291
115000,0.723,0.000,0.277
115500,0.726,0.000,0.274
116000,0.764,0.000,0.236
116500,0.821,0.000,0.179
117000,0.816,0.000,0.184
117500,0.832,0.000,0.168
118000,0.779,0.000,0.221
118500,0.717,0.000,0.283
119000,0.711,0.000,0.289
119500,0.794,0.000,0.206
120000,0.767,0.000,0.233
120500,0.782,0.000,0.218
121000,0.762,0.000,0.238
121500,0.765,0.000,0.235
122000,0.692,0.000,0.308
122500,0.737,0.000,0.263
123000,0.726,0.000,0.274
123500,0.734,0.000,0.266
124000,0.707,0.000,0.293
124500,0.718,0.000,0.282
125000,0.692,0.000,0.308
125500,0.673,0.000,0.327
126000,0.725,0.000,0.275
126500,0.706,0.000,0.294
127000,0.771,0.000,0.229
127500,0.705,0.000,0.295
128000,0.683,0.000,0.317
128500,0.776,0.000,0.224
129000,0.793,0.000,0.207
129500,0.755,0.000,0.245
130000,0.788,0.000,0.212
130500,0.772,0.000,0.228
131000,0.777,0.000,0.223
131500,0.757,0.000,0.243
132000,0.708,0.000,0.292
132500,0.738,0.000,0.262
133000,0.763,0.000,0.237
133500,0.715,0.000,0.285
134000,0.688,0.000,0.312
134500,0.663,0.000,0.337
135000,0.595,0.000,0.405
135500,0.655,0.000,0.345
136000,0.736,0.000,0.264
136500,0.754,0.000,0.246
137000,0.761,0.000,0.239
137500,0.792,0.000,0.208
138000,0.766,0.000,0.234
138500,0.783,0.000,0.217
139000,0.771,0.000,0.229
139500,0.769,0.000,0.231
140000,0.697,0.000,0.303
140500,0.755,0.000,0.245
141000,0.720,0.000,0.280
141500,0.633,0.000,0.367
142000,0.721,0.000,0.279
142500,0.707,0.000,0.293
143000,0.659,0.000,0.341
143500,0.724,0.000,0.276
144000,0.762,0.000,0.238
144500,0.738,0.000,0.262
145000,0.782,0.000,0.218
145500,0.815,0.000,0.185
146000,0.835,0.000,0.165
146500,0.782,0.000,0.218
147000,0.741,0.000,0.259
147500,0.737,0.000,0.263
148000,0.725,0.000,0.275
148500,0.711,0.000,0.289
149000,0.669,0.000,0.331
149500,0.699,0.000,0.301
150000,0.704,0.000,0.296
150500,0.683,0.000,0.317
151000,0.666,0.000,0.334
151500,0.662,0.000,0.338
152000,0.690,0.000,0.310
152500,0.703,0.000,0.297
153000,0.710,0.000,0.290
153500,0.707,0.000,0.293
154000,0.766,0.000,0.234
154500,0.724,0.000,0.276
155000,0.721,0.000,0.279
155500,0.728,0.000,0.272
156000,0.704,0.000,0.296
156500,0.720,0.000,0.280
157000,0.741,0.000,0.259
157500,0.668,0.000,0.332
158000,0.687,0.000,0.313
158500,0.592,0.000,0.408
159000,0.641,0.000,0.359
159500,0.669,0.000,0.331
160000,0.660,0.000,0.340
160500,0.646,0.000,0.354
161000,0.738,0.000,0.262
161500,0.757,0.000,0.243
162000,0.777,0.000,0.223
162500,0.778,0.000,0.222
163000,0.765,0.000,0.235
163500,0.742,0.000,0.258
164000,0.744,0.000,0.256
164500,0.742,0.000,0.258
165000,0.769,0.000,0.231
165500,0.782,0.000,0.218
166000,0.800,0.000,0.200
166500,0.788,0.000,0.212
167000,0.777,0.000,0.223
167500,0.715,0.000,0.285
168000,0.741,0.000,0.259
168500,0.786,0.000,0.214
169000,0.727,0.000,0.273
169500,0.749,0.000,0.251
170000,0.661,0.000,0.339
170500,0.737,0.000,0.263
171000,0.745,0.000,0.255
171500,0.753,0.000,0.247
172000,0.785,0.000,0.215
172500,0.842,0.000,0.158
173000,0.855,0.000,0.145
173500,0.800,0.000,0.200
174000,0.817,0.000,0.183
174500,0.778,0.000,0.222
175000,0.831,0.000,0.169
175500,0.875,0.000,0.125
176000,0.875,0.000,0.125
176500,0.924,0.000,0.076
177000,0.917,0.000,0.083
177500,0.903,0.000,0.097
178000,0.909,0.000,0.091
178500,0.859,0.000,0.141
179000,0.857,0.000,0.143
179500,0.820,0.000,0.180
180000,0.859,0.000,0.141
180500,0.827,0.000,0.173
181000,0.838,0.000,0.162
181500,0.779,0.000,0.221
182000,0.726,0.000,0.274
182500,0.746,0.000,0.254
183000,0.733,0.000,0.267
183500,0.774,0.000,0.226
184000,0.759,0.000,0.241
184500,0.780,0.000,0.220
185000,0.777,0.000,0.223
185500,0.766,0.000,0.234
186000,0.748,0.000,0.252
186500,0.674,0.000,0.326
187000,0.625,0.000,0.375
187500,0.582,0.000,0.418
188000,0.581,0.000,0.419
188500,0.624,0.000,0.376
189000,0.635,0.000,0.365
189500,0.686,0.000,0.314
190000,0.722,0.000,0.278
190500,0.742,0.000,0.258
191000,0.700,0.000,0.300
191500,0.713,0.000,0.287
192000,0.799,0.000,0.201
192500,0.770,0.000,0.230
193000,0.816,0.000,0.184
193500,0.739,0.000,0.261
194000,0.761,0.000,0.239
194500,0.796,0.000,0.204
195000,0.862,0.000,0.138
195500,0.817,0.000,0.183
196000,0.848,0.000,0.152
196500,0.800,0.000,0.200
197000,0.812,0.000,0.188
197500,0.779,0.000,0.221
198000,0.749,0.000,0.251
198500,0.749,0.000,0.251
199000,0.750,0.000,0.250
199500,0.781,0.000,0.219
200000,0.784,0.000,0.216
200500,0.746,0.000,0.254
201000,0.687,0.000,0.313
201500,0.725,0.000,0.275
202000,0.706,0.000,0.294
202500,0.762,0.000,0.238
203000,0.749,0.000,0.251
203500,0.734,0.000,0.266
204000,0.690,0.000,0.310
204500,0.685,0.000,0.315
205000,0.635,0.000,0.365
205500,0.592,0.000,0.408
206000,0.618,0.000,0.382
206500,0.670,0.000,0.330
207000,0.690,0.000,0.310
207500,0.773,0.000,0.227
208000,0.805,0.000,0.195
208500,0.819,0.000,0.181
209000,0.816,0.000,0.184
209500,0.829,0.000,0.171
210000,0.783,0.000,0.217
210500,0.813,0.000,0.187
211000,0.781,0.000,0.219
211500,0.779,0.000,0.221
212000,0.747,0.000,0.253
212500,0.698,0.000,0.302
213000,0.670,0.000,0.330
213500,0.704,0.000,0.296
214000,0.710,0.000,0.290
214500,0.779,0.000,0.221
215000,0.853,0.000,0.147
215500,0.834,0.000,0.166
216000,0.823,0.000,0.177
216500,0.794,0.000,0.206
217000,0.833,0.000,0.167
217500,0.799,0.000,0.201
218000,0.718,0.000,0.282
218500,0.748,0.000,0.252
219000,0.733,0.000,0.267
219500,0.689,0.000,0.311
220000,0.674,0.000,0.326
220500,0.722,0.000,0.278
221000,0.707,0.000,0.293
221500,0.671,0.000,0.329
222000,0.692,0.000,0.308
222500,0.644,0.000,0.356
223000,0.603,0.000,0.397
223500,0.652,0.000,0.348
224000,0.723,0.000,0.277
224500,0.754,0.000,0.246
225000,0.717,0.000,0.283
225500,0.644,0.000,0.356
226000,0.603,0.000,0.397
226500,0.622,0.000,0.378
227000,0.703,0.000,0.297
227500,0.801,0.000,0.199
228000,0.776,0.000,0.224
228500,0.772,0.000,0.228
229000,0.730,0.000,0.270
229500,0.690,0.000,0.310
230000,0.627,0.000,0.373
230500,0.575,0.000,0.425
231000,0.612,0.000,0.388
231500,0.574,0.000,0.426
232000,0.653,0.000,0.347
232500,0.724,0.000,0.276
233000,0.750,0.000,0.250
233500,0.699,0.000,0.301
234000,0.718,0.000,0.282
234500,0.662,0.000,0.338
235000,0.733,0.000,0.267
235500,0.770,0.000,0.230
236000,0.744,0.000,0.256
236500,0.706,0.000,0.294
237000,0.775,0.000,0.225
237500,0.753,0.000,0.247
238000,0.646,0.000,0.354
238500,0.690,0.000,0.310
239000,0.691,0.000,0.309
239500,0.700,0.000,0.300
240000,0.707,0.000,0.293
240500,0.731,0.000,0.269
241000,0.644,0.000,0.356
241500,0.708,0.000,0.292
242000,0.744,0.000,0.256
242500,0.695,0.000,0.305
243000,0.604,0.000,0.396
243500,0.604,0.000,0.396
244000,0.615,0.000,0.385
244500,0.658,0.000,0.342
245000,0.664,0.000,0.336
245500,0.749,0.000,0.251
246000,0.769,0.000,0.231
246500,0.694,0.000,0.306
247000,0.710,0.000,0.290
247500,0.766,0.000,0.234
248000,0.832,0.000,0.168
248500,0.866,0.000,0.134
249000,0.897,0.000,0.103
249500,0.893,0.000,0.107
250000,0.864,0.000,0.136
250500,0.835,0.000,0.165
251000,0.808,0.000,0.192
251500,0.785,0.000,0.215
252000,0.787,0.000,0.213
252500,0.806,0.000,0.194
253000,0.775,0.000,0.225
253500,0.751,0.000,0.249
254000,0.730,0.000,0.270
254500,0.724,0.000,0.276
255000,0.715,0.000,0.285
255500,0.749,0.000,0.251
256000,0.827,0.000,0.173
256500,0.769,0.000,0.231
257000,0.769,0.000,0.231
257500,0.739,0.000,0.261
258000,0.730,0.000,0.270
258500,0.758,0.000,0.242
259000,0.745,0.000,0.255
259500,0.752,0.000,0.248
260000,0.701,0.000,0.299
260500,0.683,0.000,0.317
261000,0.644,0.000,0.356
261500,0.648,0.000,0.352
262000,0.653,0.000,0.347
262500,0.634,0.000,0.366
263000,0.670,0.000,0.330
263500,0.642,0.000,0.358
264000,0.617,0.000,0.383
264500,0.655,0.000,0.345
265000,0.679,0.000,0.321
265500,0.715,0.000,0.285
266000,0.712,0.000,0.288
266500,0.719,0.000,0.281
267000,0.686,0.000,0.314
267500,0.677,0.000,0.323
268000,0.686,0.000,0.314
268500,0.674,0.000,0.326
269000,0.695,0.000,0.305
269500,0.648,0.000,0.352
270000,0.623,0.000,0.377
270500,0.648,0.000,0.352
271000,0.705,0.000,0.295
271500,0.716,0.000,0.284
272000,0.682,0.000,0.318
272500,0.717,0.000,0.283
273000,0.729,0.000,0.271
273500,0.752,0.000,0.248
274000,0.709,0.000,0.291
274500,0.721,0.000,0.279
275000,0.777,0.000,0.223
275500,0.750,0.000,0.250
276000,0.711,0.000,0.289
276500,0.744,0.000,0.256
277000,0.823,0.000,0.177
277500,0.824,0.000,0.176
278000,0.842,0.000,0.158
278500,0.841,0.000,0.159
279000,0.808,0.000,0.192
279500,0.754,0.000,0.246
280000,0.733,0.000,0.267
280500,0.737,0.000,0.263
281000,0.718,0.000,0.282
281500,0.702,0.000,0.298
282000,0.745,0.000,0.255
282500,0.750,0.000,0.250
283000,0.745,0.000,0.255
283500,0.732,0.000,0.268
284000,0.677,0.000,0.323
284500,0.684,0.000,0.316
285000,0.711,0.000,0.289
285500,0.728,0.000,0.272
286000,0.726,0.000,0.274
286500,0.776,0.000,0.224
287000,0.705,0.000,0.295
287500,0.737,0.000,0.263
288000,0.718,0.000,0.282
288500,0.736,0.000,0.264
289000,0.707,0.000,0.293
289500,0.770,0.000,0.230
290000,0.761,0.000,0.239
290500,0.780,0.000,0.220
291000,0.805,0.000,0.195
291500,0.767,0.000,0.233
292000,0.712,0.000,0.288
292500,0.663,0.000,0.337
293000,0.717,0.000,0.283
293500,0.679,0.000,0.321
294000,0.733,0.000,0.267
294500,0.733,0.000,0.267
295000,0.705,0.000,0.295
295500,0.724,0.000,0.276
296000,0.756,0.000,0.244
296500,0.785,0.000,0.215
297000,0.803,0.000,0.197
297500,0.794,0.000,0.206
298000,0.780,0.000,0.220
298500,0.750,0.000,0.250
299000,0.719,0.000,0.281
299500,0.732,0.000,0.268
300000,0.775,0.000,0.225
300500,0.788,0.000,0.212
301000,0.805,0.000,0.195
301500,0.775,0.000,0.225
302000,0.794,0.000,0.206
302500,0.775,0.000,0.225
303000,0.754,0.000,0.246
303500,0.766,0.000,0.234
304000,0.812,0.000,0.188
304500,0.816,0.000,0.184
305000,0.853,0.000,0.147
305500,0.840,0.000,0.160
306000,0.889,0.000,0.111
306500,0.860,0.000,0.140
307000,0.816,0.000,0.184
307500,0.735,0.000,0.265
308000,0.705,0.000,0.295
308500,0.692,0.000,0.308
309000,0.710,0.000,0.290
309500,0.662,0.000,0.338
310000,0.617,0.000,0.383
310500,0.669,0.000,0.331
311000,0.727,0.000,0.273
311500,0.729,0.000,0.271
312000,0.710,0.000,0.290
312500,0.642,0.000,0.358
313000,0.599,0.000,0.401
313500,0.598,0.000,0.402
314000,0.579,0.000,0.421
314500,0.580,0.000,0.420
315000,0.641,0.000,0.359
315500,0.598,0.000,0.402
316000,0.604,0.000,0.396
316500,0.595,0.000,0.405
317000,0.617,0.000,0.383
317500,0.619,0.000,0.381
318000,0.701,0.000,0.299
318500,0.702,0.000,0.298
319000,0.696,0.000,0.304
319500,0.674,0.000,0.326
320000,0.692,0.000,0.308
320500,0.690,0.000,0.310
321000,0.672,0.000,0.328
321500,0.643,0.000,0.357
322000,0.652,0.000,0.348
322500,0.680,0.000,0.320
323000,0.692,0.000,0.308
323500,0.689,0.000,0.311
324000,0.771,0.000,0.229
324500,0.772,0.000,0.228
325000,0.827,0.000,0.173
325500,0.794,0.000,0.206
326000,0.815,0.000,0.185
326500,0.826,0.000,0.174
327000,0.825,0.000,0.175
327500,0.771,0.000,0.229
328000,0.794,0.000,0.206
328500,0.726,0.000,0.274
329000,0.628,0.000,0.372
329500,0.751,0.000,0.249
330000,0.789,0.000,0.211
330500,0.829,0.000,0.171
331000,0.715,0.000,0.285
331500,0.711,0.000,0.289
332000,0.723,0.000,0.277
332500,0.729,0.000,0.271
333000,0.721,0.000,0.279
333500,0.715,0.000,0.285
334000,0.716,0.000,0.284
334500,0.712,0.000,0.288
335000,0.671,0.000,0.329
335500,0.658,0.000,0.342
336000,0.636,0.000,0.364
336500,0.623,0.000,0.377
337000,0.683,0.000,0.317
337500,0.756,0.000,0.244
338000,0.779,0.000,0.221
338500,0.760,0.000,0.240
339000,0.706,0.000,0.294
339500,0.730,0.000,0.270
340000,0.749,0.000,0.251
340500,0.780,0.000,0.220
341000,0.815,0.000,0.185
341500,0.845,0.000,0.155
342000,0.874,0.000,0.126
342500,0.843,0.000,0.157
343000,0.862,0.000,0.138
343500,0.835,0.000,0.165
344000,0.845,0.000,0.155
344500,0.870,0.000,0.130
345000,0.886,0.000,0.114
345500,0.785,0.000,0.215
346000,0.758,0.000,0.242
346500,0.780,0.000,0.220
347000,0.811,0.000,0.189
347500,0.782,0.000,0.218
348000,0.686,0.000,0.314
348500,0.629,0.000,0.371
349000,0.642,0.000,0.358
349500,0.676,0.000,0.324
350000,0.698,0.000,0.302
350500,0.748,0.000,0.252
351000,0.717,0.000,0.283
351500,0.741,0.000,0.259
352000,0.792,0.000,0.208
352500,0.758,0.000,0.242
353000,0.783,0.000,0.217
353500,0.761,0.000,0.239
354000,0.733,0.000,0.267
354500,0.722,0.000,0.278
355000,0.759,0.000,0.241
355500,0.778,0.000,0.222
356000,0.726,0.000,0.274
356500,0.733,0.000,0.267
357000,0.686,0.000,0.314
357500,0.724,0.000,0.276
358000,0.707,0.000,0.293
358500,0.655,0.000,0.345
359000,0.723,0.000,0.277
359500,0.724,0.000,0.276
360000,0.705,0.000,0.295
360500,0.744,0.000,0.256
361000,0.654,0.000,0.346
361500,0.703,0.000,0.297
362000,0.683,0.000,0.317
362500,0.697,0.000,0.303
363000,0.621,0.000,0.379
363500,0.618,0.000,0.382
364000,0.636,0.000,0.364
364500,0.610,0.000,0.390
365000,0.690,0.000,0.310
365500,0.693,0.000,0.307
366000,0.663,0.000,0.337
366500,0.652,0.000,0.348
367000,0.777,0.000,0.223
367500,0.764,0.000,0.236
368000,0.711,0.000,0.289
368500,0.728,0.000,0.272
369000,0.740,0.000,0.260
369500,0.705,0.000,0.295
370000,0.731,0.000,0.269
370500,0.698,0.000,0.302
371000,0.684,0.000,0.316
371500,0.777,0.000,0.223
372000,0.725,0.000,0.275
372500,0.756,0.000,0.244
373000,0.788,0.000,0.212
373500,0.805,0.000,0.195
374000,0.769,0.000,0.231
374500,0.783,0.000,0.217
375000,0.770,0.000,0.230
375500,0.793,0.000,0.207
376000,0.792,0.000,0.208
376500,0.820,0.000,0.180
377000,0.778,0.000,0.222
377500,0.775,0.000,0.225
378000,0.757,0.000,0.243
378500,0.796,0.000,0.204
379000,0.830,0.000,0.170
379500,0.832,0.000,0.168
380000,0.853,0.000,0.147
380500,0.793,0.000,0.207
381000,0.798,0.000,0.202
381500,0.715,0.000,0.285
382000,0.724,0.000,0.276
382500,0.683,0.000,0.317
383000,0.684,0.000,0.316
383500,0.745,0.000,0.255
384000,0.729,0.000,0.271
384500,0.721,0.000,0.279
385000,0.748,0.000,0.252
385500,0.689,0.000,0.311
386000,0.702,0.000,0.298
386500,0.641,0.000,0.359
387000,0.671,0.000,0.329
387500,0.694,0.000,0.306
388000,0.686,0.000,0.314
388500,0.712,0.000,0.288
389000,0.711,0.000,0.289
389500,0.698,0.000,0.302
390000,0.717,0.000,0.283
390500,0.750,0.000,0.250
391000,0.814,0.000,0.186
391500,0.791,0.000,0.209
392000,0.749,0.000,0.251
392500,0.750,0.000,0.250
393000,0.738,0.000,0.262
393500,0.721,0.000,0.279
394000,0.640,0.000,0.360
394500,0.649,0.000,0.351
395000,0.660,0.000,0.340
395500,0.651,0.000,0.349
396000,0.634,0.000,0.366
396500,0.664,0.000,0.336
397000,0.625,0.000,0.375
397500,0.693,0.000,0.307
398000,0.678,0.000,0.322
398500,0.666,0.000,0.334
399000,0.727,0.000,0.273
399500,0.678,0.000,0.322
400000,0.684,0.000,0.316
400500,0.689,0.000,0.311
401000,0.671,0.000,0.329
401500,0.692,0.000,0.308
402000,0.729,0.000,0.271
402500,0.786,0.000,0.214
403000,0.753,0.000,0.247
403500,0.788,0.000,0.212
404000,0.821,0.000,0.179
404500,0.798,0.000,0.202
405000,0.822,0.000,0.178
405500,0.807,0.000,0.193
406000,0.839,0.000,0.161
406500,0.850,0.000,0.150
407000,0.856,0.000,0.144
407500,0.890,0.000,0.110
408000,0.828,0.000,0.172
408500,0.811,0.000,0.189
409000,0.788,0.000,0.212
409500,0.761,0.000,0.239
410000,0.806,0.000,0.194
410500,0.703,0.000,0.297
411000,0.653,0.000,0.347
411500,0.653,0.000,0.347
412000,0.595,0.000,0.405
412500,0.613,0.000,0.387
413000,0.645,0.000,0.355
413500,0.677,0.000,0.323
414000,0.662,0.000,0.338
414500,0.721,0.000,0.279
415000,0.681,0.000,0.319
415500,0.760,0.000,0.240
416000,0.714,0.000,0.286
416500,0.744,0.000,0.256
417000,0.746,0.000,0.254
417500,0.702,0.000,0.298
418000,0.744,0.000,0.256
418500,0.777,0.000,0.223
419000,0.812,0.000,0.188
419500,0.886,0.000,0.114
420000,0.884,0.000,0.116
420500,0.858,0.000,0.142
421000,0.821,0.000,0.179
421500,0.837,0.000,0.163
422000,0.862,0.000,0.138
422500,0.836,0.000,0.164
423000,0.830,0.000,0.170
423500,0.838,0.000,0.162
424000,0.918,0.000,0.082
424500,0.886,0.000,0.114
425000,0.881,0.000,0.119
425500,0.896,0.000,0.104
426000,0.867,0.000,0.133
426500,0.857,0.000,0.143
427000,0.815,0.000,0.185
427500,0.783,0.000,0.217
428000,0.789,0.000,0.211
428500,0.828,0.000,0.172
429000,0.807,0.000,0.193
429500,0.818,0.000,0.182
430000,0.840,0.000,0.160
430500,0.817,0.000,0.183
431000,0.784,0.000,0.216
431500,0.773,0.000,0.227
432000,0.690,0.000,0.310
432500,0.701,0.000,0.299
433000,0.736,0.000,0.264
433500,0.732,0.000,0.268
434000,0.786,0.000,0.214
434500,0.716,0.000,0.284
435000,0.728,0.000,0.272
435500,0.800,0.000,0.200
436000,0.760,0.000,0.240
436500,0.847,0.000,0.153
437000,0.812,0.000,0.188
437500,0.807,0.000,0.193
438000,0.811,0.000,0.189
438500,0.763,0.000,0.237
439000,0.758,0.000,0.242
439500,0.799,0.000,0.201
440000,0.804,0.000,0.196
440500,0.828,0.000,0.172
441000,0.811,0.000,0.189
441500,0.856,0.000,0.144
442000,0.850,0.000,0.150
442500,0.800,0.000,0.200
443000,0.767,0.000,0.233
443500,0.808,0.000,0.192
444000,0.844,0.000,0.156
444500,0.804,0.000,0.196
445000,0.698,0.000,0.302
445500,0.711,0.000,0.289
446000,0.668,0.000,0.332
446500,0.755,0.000,0.245
447000,0.738,0.000,0.262
447500,0.748,0.000,0.252
448000,0.755,0.000,0.245
448500,0.751,0.000,0.249
449000,0.821,0.000,0.179
449500,0.799,0.000,0.201
450000,0.812,0.000,0.188
450500,0.794,0.000,0.206
451000,0.772,0.000,0.228
451500,0.726,0.000,0.274
452000,0.678,0.000,0.322
452500,0.764,0.000,0.236
453000,0.757,0.000,0.243
453500,0.702,0.000,0.298
454000,0.675,0.000,0.325
454500,0.689,0.000,0.311
455000,0.696,0.000,0.304
455500,0.723,0.000,0.277
456000,0.674,0.000,0.326
456500,0.740,0.000,0.260
457000,0.832,0.000,0.168
457500,0.855,0.000,0.145
458000,0.764,0.000,0.236
458500,0.741,0.000,0.259
459000,0.782,0.000,0.218
459500,0.700,0.000,0.300
460000,0.722,0.000,0.278
460500,0.768,0.000,0.232
461000,0.725,0.000,0.275
461500,0.678,0.000,0.322
462000,0.669,0.000,0.331
462500,0.749,0.000,0.251
463000,0.698,0.000,0.302
463500,0.697,0.000,0.303
464000,0.694,0.000,0.306
464500,0.648,0.000,0.352
465000,0.696,0.000,0.304
465500,0.672,0.000,0.328
466000,0.734,0.000,0.266
466500,0.740,0.000,0.260
467000,0.740,0.000,0.260
467500,0.752,0.000,0.248
468000,0.744,0.000,0.256
468500,0.680,0.000,0.320
469000,0.700,0.000,0.300
469500,0.693,0.000,0.307
470000,0.670,0.000,0.330
470500,0.622,0.000,0.378
471000,0.646,0.000,0.354
471500,0.605,0.000,0.395
472000,0.708,0.000,0.292
472500,0.669,0.000,0.331
473000,0.664,0.000,0.336
473500,0.684,0.000,0.316
474000,0.713,0.000,0.287
474500,0.745,0.000,0.255
475000,0.744,0.000,0.256
475500,0.765,0.000,0.235
476000,0.793,0.000,0.207
476500,0.798,0.000,0.202
477000,0.723,0.000,0.277
477500,0.712,0.000,0.288
478000,0.761,0.000,0.239
478500,0.782,0.000,0.218
479000,0.751,0.000,0.249
479500,0.743,0.000,0.257
480000,0.791,0.000,0.209
480500,0.818,0.000,0.182
481000,0.771,0.000,0.229
481500,0.681,0.000,0.319
482000,0.748,0.000,0.252
482500,0.815,0.000,0.185
483000,0.831,0.000,0.169
483500,0.855,0.000,0.145
484000,0.843,0.000,0.157
484500,0.821,0.000,0.179
485000,0.842,0.000,0.158
485500,0.824,0.000,0.176
486000,0.740,0.000,0.260
486500,0.677,0.000,0.323
487000,0.678,0.000,0.322
487500,0.701,0.000,0.299
488000,0.729,0.000,0.271
488500,0.790,0.000,0.210
489000,0.784,0.000,0.216
489500,0.711,0.000,0.289
490000,0.631,0.000,0.369
490500,0.667,0.000,0.333
491000,0.644,0.000,0.356
491500,0.661,0.000,0.339
492000,0.730,0.000,0.270
492500,0.711,0.000,0.289
493000,0.741,0.000,0.259
493500,0.722,0.000,0.278
494000,0.703,0.000,0.297
494500,0.696,0.000,0.304
495000,0.733,0.000,0.267
495500,0.703,0.000,0.297
496000,0.745,0.000,0.255
496500,0.693,0.000,0.307
497000,0.775,0.000,0.225
497500,0.766,0.000,0.234
498000,0.718,0.000,0.282
498500,0.725,0.000,0.275
499000,0.772,0.000,0.228
499500,0.739,0.000,0.261
500000,0.759,0.000,0.241
500500,0.767,0.000,0.233
501000,0.746,0.000,0.254
501500,0.792,0.000,0.208
502000,0.771,0.000,0.229
502500,0.798,0.000,0.202
503000,0.795,0.000,0.205
503500,0.806,0.000,0.194
504000,0.819,0.000,0.181
504500,0.827,0.000,0.173
505000,0.750,0.000,0.250
505500,0.803,0.000,0.197
506000,0.811,0.000,0.189
506500,0.822,0.000,0.178
507000,0.826,0.000,0.174
507500,0.753,0.000,0.247
508000,0.787,0.000,0.213
508500,0.765,0.000,0.235
509000,0.740,0.000,0.260
509500,0.727,0.000,0.273
510000,0.717,0.000,0.283
510500,0.716,0.000,0.284
511000,0.741,0.000,0.259
511500,0.782,0.000,0.218
512000,0.772,0.000,0.228
512500,0.766,0.000,0.234
513000,0.785,0.000,0.215
513500,0.736,0.000,0.264
514000,0.680,0.000,0.320
514500,0.690,0.000,0.310
515000,0.764,0.000,0.236
515500,0.694,0.000,0.306
516000,0.710,0.000,0.290
516500,0.659,0.000,0.341
517000,0.705,0.000,0.295
517500,0.752,0.000,0.248
518000,0.772,0.000,0.228
518500,0.699,0.000,0.301
519000,0.650,0.000,0.350
519500,0.698,0.000,0.302
520000,0.750,0.000,0.250
520500,0.719,0.000,0.281
521000,0.761,0.000,0.239
521500,0.788,0.000,0.212
522000,0.759,0.000,0.241
522500,0.817,0.000,0.183
523000,0.741,0.000,0.259
523500,0.772,0.000,0.228
524000,0.746,0.000,0.254
524500,0.708,0.000,0.292
525000,0.690,0.000,0.310
525500,0.682,0.000,0.318
526000,0.750,0.000,0.250
526500,0.712,0.000,0.288
527000,0.663,0.000,0.337
527500,0.660,0.000,0.340
528000,0.653,0.000,0.347
528500,0.678,0.000,0.322
529000,0.658,0.000,0.342
529500,0.756,0.000,0.244
530000,0.722,0.000,0.278
530500,0.618,0.000,0.382
531000,0.629,0.000,0.371
531500,0.715,0.000,0.285
532000,0.686,0.000,0.314
532500,0.667,0.000,0.333
533000,0.710,0.000,0.290
533500,0.696,0.000,0.304
534000,0.703,0.000,0.297
534500,0.677,0.000,0.323
535000,0.660,0.000,0.340
535500,0.713,0.000,0.287
536000,0.642,0.000,0.358
536500,0.649,0.000,0.351
537000,0.641,0.000,0.359
537500,0.649,0.000,0.351
538000,0.597,0.000,0.403
538500,0.617,0.000,0.383
539000,0.625,0.000,0.375
539500,0.658,0.000,0.342
540000,0.718,0.000,0.282
540500,0.654,0.000,0.346
541000,0.727,0.000,0.273
541500,0.722,0.000,0.278
542000,0.740,0.000,0.260
542500,0.778,0.000,0.222
543000,0.762,0.000,0.238
543500,0.737,0.000,0.263
544000,0.769,0.000,0.231
544500,0.784,0.000,0.216
545000,0.761,0.000,0.239
545500,0.745,0.000,0.255
546000,0.743,0.000,0.257
546500,0.748,0.000,0.252
547000,0.808,0.000,0.192
547500,0.788,0.000,0.212
548000,0.759,0.000,0.241
548500,0.818,0.000,0.182
549000,0.815,0.000,0.185
549500,0.759,0.000,0.241
550000,0.837,0.000,0.163
550500,0.845,0.000,0.155
551000,0.829,0.000,0.171
551500,0.803,0.000,0.197
552000,0.827,0.000,0.173
552500,0.759,0.000,0.241
553000,0.769,0.000,0.231
553500,0.758,0.000,0.242
554000,0.819,0.000,0.181
554500,0.837,0.000,0.163
555000,0.872,0.000,0.128
555500,0.896,0.000,0.104
556000,0.878,0.000,0.122
556500,0.915,0.000,0.085
557000,0.846,0.000,0.154
557500,0.815,0.000,0.185
558000,0.790,0.000,0.210
558500,0.753,0.000,0.247
559000,0.786,0.000,0.214
559500,0.698,0.000,0.302
560000,0.697,0.000,0.303
560500,0.701,0.000,0.299
561000,0.765,0.000,0.235
561500,0.716,0.000,0.284
562000,0.737,0.000,0.263
562500,0.736,0.000,0.264
563000,0.765,0.000,0.235
563500,0.752,0.000,0.248
564000,0.734,0.000,0.266
564500,0.710,0.000,0.290
565000,0.762,0.000,0.238
565500,0.810,0.000,0.190
566000,0.764,0.000,0.236
566500,0.796,0.000,0.204
567000,0.775,0.000,0.225
567500,0.797,0.000,0.203
568000,0.783,0.000,0.217
568500,0.797,0.000,0.203
569000,0.789,0.000,0.211
569500,0.734,0.000,0.266
570000,0.773,0.000,0.227
570500,0.741,0.000,0.259
571000,0.762,0.000,0.238
571500,0.753,0.000,0.247
572000,0.740,0.000,0.260
572500,0.758,0.000,0.242
573000,0.768,0.000,0.232
573500,0.798,0.000,0.202
574000,0.738,0.000,0.262
574500,0.701,0.000,0.299
575000,0.707,0.000,0.293
575500,0.628,0.000,0.372
576000,0.661,0.000,0.339
576500,0.715,0.000,0.285
577000,0.743,0.000,0.257
577500,0.695,0.000,0.305
578000,0.748,0.000,0.252
578500,0.760,0.000,0.240
579000,0.762,0.000,0.238
579500,0.749,0.000,0.251
580000,0.798,0.000,0.202
580500,0.719,0.000,0.281
581000,0.646,0.000,0.354
581500,0.698,0.000,0.302
582000,0.761,0.000,0.239
582500,0.779,0.000,0.221
583000,0.818,0.000,0.182
583500,0.840,0.000,0.160
584000,0.801,0.000,0.199
584500,0.730,0.000,0.270
585000,0.691,0.000,0.309
585500,0.686,0.000,0.314
586000,0.673,0.000,0.327
586500,0.684,0.000,0.316
587000,0.747,0.000,0.253
587500,0.661,0.000,0.339
588000,0.658,0.000,0.342
588500,0.732,0.000,0.268
589000,0.726,0.000,0.274
589500,0.765,0.000,0.235
590000,0.683,0.000,0.317
590500,0.818,0.000,0.182
591000,0.829,0.000,0.171
591500,0.798,0.000,0.202
592000,0.785,0.000,0.215
592500,0.793,0.000,0.207
593000,0.741,0.000,0.259
593500,0.755,0.000,0.245
594000,0.797,0.000,0.203
594500,0.739,0.000,0.261
595000,0.664,0.000,0.336
595500,0.696,0.000,0.304
596000,0.739,0.000,0.261
596500,0.720,0.000,0.280
597000,0.723,0.000,0.277
597500,0.708,0.000,0.292
598000,0.722,0.000,0.278
598500,0.710,0.000,0.290
599000,0.676,0.000,0.324
599500,0.659,0.000,0.341
600000,0.706,0.000,0.294
600500,0.703,0.000,0.297
601000,0.736,0.000,0.264
601500,0.749,0.000,0.251
602000,0.742,0.000,0.258
602500,0.733,0.000,0.267
603000,0.669,0.000,0.331
603500,0.567,0.000,0.433
604000,0.625,0.000,0.375
604500,0.652,0.000,0.348
605000,0.621,0.000,0.379
605500,0.584,0.000,0.416
606000,0.662,0.000,0.338
606500,0.682,0.000,0.318
607000,0.726,0.000,0.274
607500,0.681,0.000,0.319
608000,0.779,0.000,0.221
608500,0.758,0.000,0.242
609000,0.765,0.000,0.235
609500,0.811,0.000,0.189
610000,0.786,0.000,0.214
610500,0.762,0.000,0.238
611000,0.818,0.000,0.182
611500,0.786,0.000,0.214
612000,0.729,0.000,0.271
612500,0.767,0.000,0.233
613000,0.710,0.000,0.290
613500,0.709,0.000,0.291
614000,0.690,0.000,0.310
614500,0.634,0.000,0.366
615000,0.621,0.000,0.379
615500,0.669,0.000,0.331
616000,0.672,0.000,0.328
616500,0.665,0.000,0.335
617000,0.696,0.000,0.304
617500,0.626,0.000,0.374
618000,0.615,0.000,0.385
618500,0.662,0.000,0.338
619000,0.709,0.000,0.291
619500,0.709,0.000,0.291
620000,0.662,0.000,0.338
620500,0.690,0.000,0.310
621000,0.651,0.000,0.349
621500,0.672,0.000,0.328
622000,0.654,0.000,0.346
622500,0.685,0.000,0.315
623000,0.626,0.000,0.374
623500,0.670,0.000,0.330
624000,0.727,0.000,0.273
624500,0.733,0.000,0.267
625000,0.640,0.000,0.360
625500,0.599,0.000,0.401
626000,0.604,0.000,0.396
626500,0.721,0.000,0.279
627000,0.727,0.000,0.273
627500,0.795,0.000,0.205
628000,0.747,0.000,0.253
628500,0.722,0.000,0.278
629000,0.715,0.000,0.285
629500,0.708,0.000,0.292
630000,0.712,0.000,0.288
630500,0.686,0.000,0.314
631000,0.723,0.000,0.277
631500,0.677,0.000,0.323
632000,0.685,0.000,0.315
632500,0.676,0.000,0.324
633000,0.702,0.000,0.298
633500,0.673,0.000,0.327
634000,0.693,0.000,0.307
634500,0.711,0.000,0.289
635000,0.765,0.000,0.235
635500,0.766,0.000,0.234
636000,0.738,0.000,0.262
636500,0.795,0.000,0.205
637000,0.810,0.000,0.190
637500,0.861,0.000,0.139
638000,0.797,0.000,0.203
638500,0.727,0.000,0.273
639000,0.715,0.000,0.285
639500,0.711,0.000,0.289
640000,0.805,0.000,0.195
640500,0.806,0.000,0.194
641000,0.840,0.000,0.160
641500,0.782,0.000,0.218
642000,0.738,0.000,0.262
642500,0.766,0.000,0.234
643000,0.747,0.000,0.253
643500,0.720,0.000,0.280
644000,0.725,0.000,0.275
644500,0.618,0.000,0.382
645000,0.593,0.000,0.407
645500,0.596,0.000,0.404
646000,0.678,0.000,0.322
646500,0.726,0.000,0.274
647000,0.719,0.000,0.281
647500,0.780,0.000,0.220
648000,0.788,0.000,0.212
648500,0.792,0.000,0.208
649000,0.766,0.000,0.234
649500,0.742,0.000,0.258
650000,0.669,0.000,0.331
650500,0.742,0.000,0.258
651000,0.717,0.000,0.283
651500,0.756,0.000,0.244
652000,0.761,0.000,0.239
652500,0.789,0.000,0.211
653000,0.763,0.000,0.237
653500,0.797,0.000,0.203
654000,0.729,0.000,0.271
654500,0.723,0.000,0.277
655000,0.702,0.000,0.298
655500,0.725,0.000,0.275
656000,0.755,0.000,0.245
656500,0.663,0.000,0.337
657000,0.646,0.000,0.354
657500,0.636,0.000,0.364
658000,0.655,0.000,0.345
658500,0.735,0.000,0.265
659000,0.742,0.000,0.258
659500,0.697,0.000,0.303
660000,0.704,0.000,0.296
660500,0.683,0.000,0.317
661000,0.735,0.000,0.265
661500,0.708,0.000,0.292
662000,0.715,0.000,0.285
662500,0.699,0.000,0.301
663000,0.741,0.000,0.259
663500,0.801,0.000,0.199
664000,0.791,0.000,0.209
664500,0.719,0.000,0.281
665000,0.772,0.000,0.228
665500,0.697,0.000,0.303
666000,0.723,0.000,0.277
666500,0.709,0.000,0.291
667000,0.626,0.000,0.374
667500,0.713,0.000,0.287
668000,0.738,0.000,0.262
668500,0.699,0.000,0.301
669000,0.734,0.000,0.266
669500,0.735,0.000,0.265
670000,0.724,0.000,0.276
670500,0.697,0.000,0.303
671000,0.708,0.000,0.292
671500,0.698,0.000,0.302
672000,0.767,0.000,0.233
672500,0.747,0.000,0.253
673000,0.722,0.000,0.278
673500,0.734,0.000,0.266
674000,0.725,0.000,0.275
674500,0.691,0.000,0.309
675000,0.704,0.000,0.296
675500,0.693,0.000,0.307
676000,0.703,0.000,0.297
676500,0.659,0.000,0.341
677000,0.646,0.000,0.354
677500,0.628,0.000,0.372
678000,0.641,0.000,0.359
678500,0.638,0.000,0.362
679000,0.702,0.000,0.298
679500,0.715,0.000,0.285
680000,0.721,0.000,0.279
680500,0.701,0.000,0.299
681000,0.688,0.000,0.312
681500,0.711,0.000,0.289
682000,0.748,0.000,0.252
682500,0.794,0.000,0.206
683000,0.743,0.000,0.257
683500,0.749,0.000,0.251
684000,0.706,0.000,0.294
684500,0.743,0.000,0.257
685000,0.703,0.000,0.297
685500,0.726,0.000,0.274
686000,0.735,0.000,0.265
686500,0.807,0.000,0.193
687000,0.780,0.000,0.220
687500,0.768,0.000,0.232
688000,0.786,0.000,0.214
688500,0.721,0.000,0.279
689000,0.705,0.000,0.295
689500,0.711,0.000,0.289
690000,0.694,0.000,0.306
690500,0.750,0.000,0.250
691000,0.752,0.000,0.248
691500,0.745,0.000,0.255
692000,0.752,0.000,0.248
692500,0.728,0.000,0.272
693000,0.701,0.000,0.299
693500,0.625,0.000,0.375
694000,0.625,0.000,0.375
694500,0.606,0.000,0.394
695000,0.589,0.000,0.411
695500,0.602,0.000,0.398
696000,0.719,0.000,0.281
696500,0.709,0.000,0.291
697000,0.744,0.000,0.256
697500,0.725,0.000,0.275
698000,0.756,0.000,0.244
698500,0.785,0.000,0.215
699000,0.737,0.000,0.263
699500,0.801,0.000,0.199
700000,0.750,0.000,0.250
700500,0.687,0.000,0.313
701000,0.696,0.000,0.304
701500,0.737,0.000,0.263
702000,0.681,0.000,0.319
702500,0.710,0.000,0.290
703000,0.697,0.000,0.303
703500,0.718,0.000,0.282
704000,0.727,0.000,0.273
704500,0.707,0.000,0.293
705000,0.693,0.000,0.307
705500,0.691,0.000,0.309
706000,0.664,0.000,0.336
706500,0.697,0.000,0.303
707000,0.754,0.000,0.246
707500,0.732,0.000,0.268
708000,0.725,0.000,0.275
708500,0.802,0.000,0.198
709000,0.822,0.000,0.178
709500,0.816,0.000,0.184
710000,0.739,0.000,0.261
710500,0.732,0.000,0.268
711000,0.678,0.000,0.322
711500,0.770,0.000,0.230
712000,0.776,0.000,0.224
712500,0.697,0.000,0.303
713000,0.680,0.000,0.320
713500,0.674,0.000,0.326
714000,0.698,0.000,0.302
714500,0.649,0.000,0.351
715000,0.634,0.000,0.366
715500,0.646,0.000,0.354
716000,0.674,0.000,0.326
716500,0.734,0.000,0.266
717000,0.696,0.000,0.304
717500,0.750,0.000,0.250
718000,0.783,0.000,0.217
718500,0.824,0.000,0.176
719000,0.797,0.000,0.203
719500,0.726,0.000,0.274
720000,0.742,0.000,0.258
720500,0.697,0.000,0.303
721000,0.675,0.000,0.325
721500,0.685,0.000,0.315
722000,0.657,0.000,0.343
722500,0.658,0.000,0.342
723000,0.701,0.000,0.299
723500,0.711,0.000,0.289
724000,0.685,0.000,0.315
724500,0.685,0.000,0.315
725000,0.690,0.000,0.310
725500,0.717,0.000,0.283
726000,0.776,0.000,0.224
726500,0.777,0.000,0.223
727000,0.713,0.000,0.287
727500,0.618,0.000,0.382
728000,0.669,0.000,0.331
728500,0.710,0.000,0.290
729000,0.637,0.000,0.363
729500,0.581,0.000,0.419
730000,0.612,0.000,0.388
730500,0.615,0.000,0.385
731000,0.631,0.000,0.369
731500,0.711,0.000,0.289
732000,0.664,0.000,0.336
732500,0.709,0.000,0.291
733000,0.785,0.000,0.215
733500,0.732,0.000,0.268
734000,0.735,0.000,0.265
734500,0.742,0.000,0.258
735000,0.760,0.000,0.240
735500,0.733,0.000,0.267
736000,0.726,0.000,0.274
736500,0.723,0.000,0.277
737000,0.755,0.000,0.245
737500,0.752,0.000,0.248
738000,0.769,0.000,0.231
738500,0.759,0.000,0.241
739000,0.671,0.000,0.329
739500,0.733,0.000,0.267
740000,0.711,0.000,0.289
740500,0.769,0.000,0.231
741000,0.731,0.000,0.269
741500,0.750,0.000,0.250
742000,0.751,0.000,0.249
742500,0.808,0.000,0.192
743000,0.804,0.000,0.196
743500,0.790,0.000,0.210
744000,0.790,0.000,0.210
744500,0.846,0.000,0.154
745000,0.769,0.000,0.231
745500,0.768,0.000,0.232
746000,0.678,0.000,0.322
746500,0.721,0.000,0.279
747000,0.717,0.000,0.283
747500,0.747,0.000,0.253
748000,0.720,0.000,0.280
748500,0.790,0.000,0.210
749000,0.825,0.000,0.175
749500,0.820,0.000,0.180
750000,0.786,0.000,0.214
750500,0.808,0.000,0.192
751000,0.755,0.000,0.245
751500,0.788,0.000,0.212
752000,0.754,0.000,0.246
752500,0.753,0.000,0.247
753000,0.747,0.000,0.253
753500,0.748,0.000,0.252
754000,0.683,0.000,0.317
754500,0.811,0.000,0.189
755000,0.790,0.000,0.210
755500,0.790,0.000,0.210
756000,0.747,0.000,0.253
756500,0.744,0.000,0.256
757000,0.646,0.000,0.354
757500,0.593,0.000,0.407
758000,0.637,0.000,0.363
758500,0.651,0.000,0.349
759000,0.646,0.000,0.354
759500,0.642,0.000,0.358
760000,0.652,0.000,0.348
760500,0.666,0.000,0.334
761000,0.718,0.000,0.282
761500,0.720,0.000,0.280
762000,0.710,0.000,0.290
762500,0.677,0.000,0.323
763000,0.671,0.000,0.329
763500,0.648,0.000,0.352
764000,0.622,0.000,0.378
764500,0.666,0.000,0.334
765000,0.701,0.000,0.299
765500,0.744,0.000,0.256
766000,0.770,0.000,0.230
766500,0.752,0.000,0.248
767000,0.742,0.000,0.258
767500,0.650,0.000,0.350
768000,0.678,0.000,0.322
768500,0.712,0.000,0.288
769000,0.685,0.000,0.315
769500,0.640,0.000,0.360
770000,0.637,0.000,0.363
770500,0.626,0.000,0.374
771000,0.626,0.000,0.374
771500,0.681,0.000,0.319
772000,0.635,0.000,0.365
772500,0.725,0.000,0.275
773000,0.710,0.000,0.290
773500,0.658,0.000,0.342
774000,0.643,0.000,0.357
774500,0.610,0.000,0.390
775000,0.611,0.000,0.389
775500,0.690,0.000,0.310
776000,0.673,0.000,0.327
776500,0.703,0.000,0.297
777000,0.712,0.000,0.288
777500,0.733,0.000,0.267
778000,0.742,0.000,0.258
778500,0.806,0.000,0.194
779000,0.780,0.000,0.220
779500,0.684,0.000,0.316
780000,0.723,0.000,0.277
780500,0.665,0.000,0.335
781000,0.611,0.000,0.389
781500,0.611,0.000,0.389
782000,0.660,0.000,0.340
782500,0.683,0.000,0.317
783000,0.677,0.000,0.323
783500,0.702,0.000,0.298
784000,0.738,0.000,0.262
784500,0.712,0.000,0.288
785000,0.737,0.000,0.263
785500,0.773,0.000,0.227
786000,0.725,0.000,0.275
786500,0.698,0.000,0.302
787000,0.690,0.000,0.310
787500,0.696,0.000,0.304
788000,0.696,0.000,0.304
788500,0.725,0.000,0.275
789000,0.735,0.000,0.265
789500,0.762,0.000,0.238
790000,0.768,0.000,0.232
790500,0.759,0.000,0.241
791000,0.751,0.000,0.249
791500,0.738,0.000,0.262
792000,0.772,0.000,0.228
792500,0.794,0.000,0.206
793000,0.840,0.000,0.160
793500,0.799,0.000,0.201
794000,0.811,0.000,0.189
794500,0.826,0.000,0.174
795000,0.808,0.000,0.192
795500,0.798,0.000,0.202
796000,0.822,0.000,0.178
796500,0.818,0.000,0.182
797000,0.852,0.000,0.148
797500,0.841,0.000,0.159
798000,0.820,0.000,0.180
798500,0.812,0.000,0.188
799000,0.836,0.000,0.164
799500,0.829,0.000,0.171
800000,0.789,0.000,0.211
800500,0.775,0.000,0.225
801000,0.794,0.000,0.206
801500,0.783,0.000,0.217
802000,0.771,0.000,0.229
802500,0.743,0.000,0.257
803000,0.742,0.000,0.258
803500,0.764,0.000,0.236
804000,0.739,0.000,0.261
804500,0.723,0.000,0.277
805000,0.754,0.000,0.246
805500,0.705,0.000,0.295
806000,0.746,0.000,0.254
806500,0.715,0.000,0.285
807000,0.717,0.000,0.283
807500,0.699,0.000,0.301
808000,0.711,0.000,0.289
808500,0.691,0.000,0.309
809000,0.715,0.000,0.285
809500,0.700,0.000,0.300
810000,0.580,0.000,0.420
810500,0.599,0.000,0.401
811000,0.632,0.000,0.368
811500,0.682,0.000,0.318
812000,0.669,0.000,0.331
812500,0.640,0.000,0.360
813000,0.693,0.000,0.307
813500,0.772,0.000,0.228
814000,0.747,0.000,0.253
814500,0.781,0.000,0.219
815000,0.756,0.000,0.244
815500,0.768,0.000,0.232
816000,0.719,0.000,0.281
816500,0.737,0.000,0.263
817000,0.808,0.000,0.192
817500,0.838,0.000,0.162
818000,0.867,0.000,0.133
818500,0.848,0.000,0.152
819000,0.824,0.000,0.176
819500,0.825,0.000,0.175
820000,0.787,0.000,0.213
820500,0.734,0.000,0.266
821000,0.814,0.000,0.186
821500,0.798,0.000,0.202
822000,0.785,0.000,0.215
822500,0.780,0.000,0.220
823000,0.776,0.000,0.224
823500,0.768,0.000,0.232
824000,0.720,0.000,0.280
824500,0.764,0.000,0.236
825000,0.693,0.000,0.307
825500,0.689,0.000,0.311
826000,0.726,0.000,0.274
826500,0.724,0.000,0.276
827000,0.768,0.000,0.232
827500,0.790,0.000,0.210
828000,0.768,0.000,0.232
828500,0.767,0.000,0.233
829000,0.728,0.000,0.272
829500,0.828,0.000,0.172
830000,0.826,0.000,0.174
830500,0.799,0.000,0.201
831000,0.775,0.000,0.225
831500,0.768,0.000,0.232
832000,0.815,0.000,0.185
832500,0.782,0.000,0.218
833000,0.751,0.000,0.249
833500,0.708,0.000,0.292
834000,0.686,0.000,0.314
834500,0.658,0.000,0.342
835000,0.659,0.000,0.341
835500,0.675,0.000,0.325
836000,0.710,0.000,0.290
836500,0.598,0.000,0.402
837000,0.683,0.000,0.317
837500,0.701,0.000,0.299
838000,0.708,0.000,0.292
838500,0.704,0.000,0.296
839000,0.731,0.000,0.269
839500,0.773,0.000,0.227
840000,0.772,0.000,0.228
840500,0.786,0.000,0.214
841000,0.722,0.000,0.278
841500,0.837,0.000,0.163
842000,0.868,0.000,0.132
842500,0.793,0.000,0.207
843000,0.785,0.000,0.215
843500,0.752,0.000,0.248
844000,0.752,0.000,0.248
844500,0.751,0.000,0.249
845000,0.735,0.000,0.265
845500,0.731,0.000,0.269
846000,0.750,0.000,0.250
846500,0.778,0.000,0.222
847000,0.787,0.000,0.213
847500,0.796,0.000,0.204
848000,0.786,0.000,0.214
848500,0.820,0.000,0.180
849000,0.828,0.000,0.172
849500,0.800,0.000,0.200
850000,0.735,0.000,0.265
850500,0.743,0.000,0.257
851000,0.770,0.000,0.230
851500,0.817,0.000,0.183
852000,0.791,0.000,0.209
852500,0.709,0.000,0.291
853000,0.735,0.000,0.265
853500,0.729,0.000,0.271
854000,0.681,0.000,0.319
854500,0.677,0.000,0.323
855000,0.645,0.000,0.355
855500,0.699,0.000,0.301
856000,0.712,0.000,0.288
856500,0.735,0.000,0.265
857000,0.686,0.000,0.314
857500,0.683,0.000,0.317
858000,0.648,0.000,0.352
858500,0.693,0.000,0.307
859000,0.721,0.000,0.279
859500,0.691,0.000,0.309
860000,0.690,0.000,0.310
860500,0.711,0.000,0.289
861000,0.773,0.000,0.227
861500,0.772,0.000,0.228
862000,0.757,0.000,0.243
862500,0.684,0.000,0.316
863000,0.698,0.000,0.302
863500,0.643,0.000,0.357
864000,0.620,0.000,0.380
864500,0.683,0.000,0.317
865000,0.672,0.000,0.328
865500,0.646,0.000,0.354
866000,0.718,0.000,0.282
866500,0.749,0.000,0.251
867000,0.741,0.000,0.259
867500,0.743,0.000,0.257
868000,0.769,0.000,0.231
868500,0.715,0.000,0.285
869000,0.725,0.000,0.275
869500,0.652,0.000,0.348
870000,0.715,0.000,0.285
870500,0.677,0.000,0.323
871000,0.687,0.000,0.313
871500,0.609,0.000,0.391
872000,0.610,0.000,0.390
872500,0.604,0.000,0.396
873000,0.629,0.000,0.371
873500,0.726,0.000,0.274
874000,0.729,0.000,0.271
874500,0.775,0.000,0.225
875000,0.743,0.000,0.257
875500,0.683,0.000,0.317
876000,0.666,0.000,0.334
876500,0.713,0.000,0.287
877000,0.742,0.000,0.258
877500,0.746,0.000,0.254
878000,0.754,0.000,0.246
878500,0.747,0.000,0.253
879000,0.720,0.000,0.280
879500,0.714,0.000,0.286
880000,0.713,0.000,0.287
880500,0.647,0.000,0.353
881000,0.685,0.000,0.315
881500,0.683,0.000,0.317
882000,0.675,0.000,0.325
882500,0.698,0.000,0.302
883000,0.750,0.000,0.250
883500,0.710,0.000,0.290
884000,0.683,0.000,0.317
884500,0.720,0.000,0.280
885000,0.747,0.000,0.253
885500,0.750,0.000,0.250
886000,0.797,0.000,0.203
886500,0.737,0.000,0.263
887000,0.735,0.000,0.265
887500,0.754,0.000,0.246
888000,0.733,0.000,0.267
888500,0.724,0.000,0.276
889000,0.684,0.000,0.316
889500,0.671,0.000,0.329
890000,0.640,0.000,0.360
890500,0.671,0.000,0.329
891000,0.678,0.000,0.322
891500,0.672,0.000,0.328
892000,0.715,0.000,0.285
892500,0.714,0.000,0.286
893000,0.755,0.000,0.245
893500,0.714,0.000,0.286
894000,0.702,0.000,0.298
894500,0.690,0.000,0.310
895000,0.729,0.000,0.271
895500,0.624,0.000,0.376
896000,0.601,0.000,0.399
896500,0.613,0.000,0.387
897000,0.684,0.000,0.316
897500,0.730,0.000,0.270
898000,0.782,0.000,0.218
898500,0.752,0.000,0.248
899000,0.729,0.000,0.271
899500,0.760,0.000,0.240
900000,0.792,0.000,0.208
900500,0.830,0.000,0.170
901000,0.754,0.000,0.246
901500,0.730,0.000,0.270
902000,0.740,0.000,0.260
902500,0.781,0.000,0.219
903000,0.801,0.000,0.199
903500,0.778,0.000,0.222
904000,0.796,0.000,0.204
904500,0.796,0.000,0.204
905000,0.802,0.000,0.198
905500,0.856,0.000,0.144
906000,0.907,0.000,0.093
906500,0.895,0.000,0.105
907000,0.909,0.000,0.091
907500,0.897,0.000,0.103
908000,0.908,0.000,0.092
908500,0.882,0.000,0.118
909000,0.856,0.000,0.144
909500,0.838,0.000,0.162
910000,0.854,0.000,0.146
910500,0.847,0.000,0.153
911000,0.828,0.000,0.172
911500,0.802,0.000,0.198
912000,0.823,0.000,0.177
912500,0.811,0.000,0.189
913000,0.754,0.000,0.246
913500,0.764,0.000,0.236
914000,0.773,0.000,0.227
914500,0.781,0.000,0.219
915000,0.803,0.000,0.197
915500,0.721,0.000,0.279
916000,0.712,0.000,0.288
916500,0.680,0.000,0.320
917000,0.693,0.000,0.307
917500,0.718,0.000,0.282
918000,0.712,0.000,0.288
918500,0.744,0.000,0.256
919000,0.757,0.000,0.243
919500,0.741,0.000,0.259
920000,0.660,0.000,0.340
920500,0.610,0.000,0.390
921000,0.639,0.000,0.361
921500,0.752,0.000,0.248
922000,0.760,0.000,0.240
922500,0.761,0.000,0.239
923000,0.787,0.000,0.213
923500,0.795,0.000,0.205
924000,0.768,0.000,0.232
924500,0.753,0.000,0.247
925000,0.781,0.000,0.219
925500,0.790,0.000,0.210
926000,0.776,0.000,0.224
926500,0.812,0.000,0.188
927000,0.844,0.000,0.156
927500,0.805,0.000,0.195
928000,0.761,0.000,0.239
928500,0.762,0.000,0.238
929000,0.764,0.000,0.236
929500,0.689,0.000,0.311
930000,0.714,0.000,0.286
930500,0.726,0.000,0.274
931000,0.641,0.000,0.359
931500,0.669,0.000,0.331
932000,0.688,0.000,0.312
932500,0.730,0.000,0.270
933000,0.709,0.000,0.291
933500,0.736,0.000,0.264
934000,0.701,0.000,0.299
934500,0.678,0.000,0.322
935000,0.707,0.000,0.293
935500,0.616,0.000,0.384
936000,0.624,0.000,0.376
936500,0.604,0.000,0.396
937000,0.615,0.000,0.385
937500,0.657,0.000,0.343
938000,0.664,0.000,0.336
938500,0.739,0.000,0.261
939000,0.767,0.000,0.233
939500,0.772,0.000,0.228
940000,0.771,0.000,0.229
940500,0.739,0.000,0.261
941000,0.734,0.000,0.266
941500,0.768,0.000,0.232
942000,0.783,0.000,0.217
942500,0.768,0.000,0.232
943000,0.815,0.000,0.185
943500,0.774,0.000,0.226
944000,0.733,0.000,0.267
944500,0.712,0.000,0.288
945000,0.732,0.000,0.268
945500,0.742,0.000,0.258
946000,0.768,0.000,0.232
946500,0.794,0.000,0.206
947000,0.753,0.000,0.247
947500,0.771,0.000,0.229
948000,0.755,0.000,0.245
948500,0.711,0.000,0.289
949000,0.755,0.000,0.245
949500,0.747,0.000,0.253
950000,0.761,0.000,0.239
950500,0.725,0.000,0.275
951000,0.716,0.000,0.284
951500,0.708,0.000,0.292
952000,0.653,0.000,0.347
952500,0.668,0.000,0.332
953000,0.709,0.000,0.291
953500,0.746,0.000,0.254
954000,0.684,0.000,0.316
954500,0.712,0.000,0.288
955000,0.660,0.000,0.340
955500,0.645,0.000,0.355
956000,0.709,0.000,0.291
956500,0.731,0.000,0.269
957000,0.717,0.000,0.283
957500,0.718,0.000,0.282
958000,0.769,0.000,0.231
958500,0.772,0.000,0.228
959000,0.741,0.000,0.259
959500,0.712,0.000,0.288
960000,0.718,0.000,0.282
960500,0.703,0.000,0.297
961000,0.721,0.000,0.279
961500,0.715,0.000,0.285
962000,0.726,0.000,0.274
962500,0.668,0.000,0.332
963000,0.699,0.000,0.301
963500,0.709,0.000,0.291
964000,0.674,0.000,0.326
964500,0.720,0.000,0.280
965000,0.734,0.000,0.266
965500,0.742,0.000,0.258
966000,0.762,0.000,0.238
966500,0.752,0.000,0.248
967000,0.770,0.000,0.230
967500,0.712,0.000,0.288
968000,0.676,0.000,0.324
968500,0.710,0.000,0.290
969000,0.676,0.000,0.324
969500,0.651,0.000,0.349
970000,0.695,0.000,0.305
970500,0.755,0.000,0.245
971000,0.706,0.000,0.294
971500,0.670,0.000,0.330
972000,0.725,0.000,0.275
972500,0.739,0.000,0.261
973000,0.678,0.000,0.322
973500,0.698,0.000,0.302
974000,0.710,0.000,0.290
974500,0.754,0.000,0.246
975000,0.750,0.000,0.250
975500,0.727,0.000,0.273
976000,0.720,0.000,0.280
976500,0.695,0.000,0.305
977000,0.682,0.000,0.318
977500,0.640,0.000,0.360
978000,0.726,0.000,0.274
978500,0.750,0.000,0.250
979000,0.720,0.000,0.280
979500,0.727,0.000,0.273
980000,0.688,0.000,0.312
980500,0.744,0.000,0.256
981000,0.789,0.000,0.211
981500,0.803,0.000,0.197
982000,0.752,0.000,0.248
982500,0.806,0.000,0.194
983000,0.741,0.000,0.259
983500,0.758,0.000,0.242
984000,0.784,0.000,0.216
984500,0.789,0.000,0.211
985000,0.708,0.000,0.292
985500,0.708,0.000,0.292
986000,0.693,0.000,0.307
986500,0.657,0.000,0.343
987000,0.619,0.000,0.381
987500,0.665,0.000,0.335
988000,0.665,0.000,0.335
988500,0.726,0.000,0.274
989000,0.689,0.000,0.311
989500,0.727,0.000,0.273
990000,0.806,0.000,0.194
990500,0.757,0.000,0.243
991000,0.774,0.000,0.226
991500,0.775,0.000,0.225
992000,0.825,0.000,0.175
992500,0.868,0.000,0.132
993000,0.843,0.000,0.157
993500,0.833,0.000,0.167
994000,0.786,0.000,0.214
994500,0.808,0.000,0.192
995000,0.766,0.000,0.234
995500,0.816,0.000,0.184
996000,0.791,0.000,0.209
996500,0.752,0.000,0.248
997000,0.746,0.000,0.254
997500,0.735,0.000,0.265
998000,0.739,0.000,0.261
998500,0.710,0.000,0.290
999000,0.670,0.000,0.330
999500,0.715,0.000,0.285
1000000,0.720,0.000,0.280
