time,n_A+p,n_B,n_AB
500,0.010,0.972,0.018
1000,0.010,0.961,0.029
1500,0.010,0.963,0.027
2000,0.010,0.980,0.010
2500,0.010,0.976,0.014
3000,0.010,0.960,0.030
3500,0.010,0.964,0.026
4000,0.010,0.966,0.024
4500,0.010,0.966,0.024
5000,0.010,0.971,0.019
5500,0.010,0.974,0.016
6000,0.010,0.947,0.043
6500,0.010,0.955,0.035
7000,0.010,0.959,0.031
7500,0.010,0.942,0.048
8000,0.010,0.959,0.031
8500,0.010,0.957,0.033
9000,0.010,0.966,0.024
9500,0.010,0.978,0.012
10000,0.010,0.983,0.007
10500,0.010,0.981,0.009
11000,0.010,0.973,0.017
11500,0.010,0.983,0.007
12000,0.010,0.967,0.023
12500,0.010,0.977,0.013
13000,0.010,0.973,0.017
13500,0.010,0.974,0.016
14000,0.010,0.979,0.011
14500,0.010,0.975,0.015
15000,0.010,0.973,0.017
15500,0.010,0.979,0.011
16000,0.010,0.983,0.007
16500,0.010,0.985,0.005
17000,0.010,0.982,0.008
17500,0.010,0.988,0.002
18000,0.010,0.983,0.007
18500,0.010,0.988,0.002
19000,0.010,0.968,0.022
19500,0.010,0.952,0.038
20000,0.010,0.950,0.040
20500,0.010,0.958,0.032
21000,0.010,0.968,0.022
21500,0.010,0.967,0.023
22000,0.010,0.973,0.017
22500,0.010,0.959,0.031
23000,0.010,0.966,0.024
23500,0.010,0.955,0.035
24000,0.010,0.961,0.029
24500,0.010,0.952,0.038
25000,0.010,0.975,0.015
25500,0.010,0.986,0.004
26000,0.010,0.971,0.019
26500,0.010,0.950,0.040
27000,0.010,0.967,0.023
27500,0.010,0.974,0.016
28000,0.010,0.971,0.019
28500,0.010,0.960,0.030
29000,0.010,0.965,0.025
29500,0.010,0.973,0.017
30000,0.010,0.966,0.024
30500,0.010,0.964,0.026
31000,0.010,0.952,0.038
31500,0.010,0.967,0.023
32000,0.010,0.957,0.033
32500,0.010,0.969,0.021
33000,0.010,0.961,0.029
33500,0.010,0.971,0.019
34000,0.010,0.974,0.016
34500,0.010,0.948,0.042
35000,0.010,0.969,0.021
35500,0.010,0.974,0.016
36000,0.010,0.967,0.023
36500,0.010,0.975,0.015
37000,0.010,0.953,0.037
37500,0.010,0.973,0.017
38000,0.010,0.951,0.039
38500,0.010,0.945,0.045
39000,0.010,0.925,0.065
39500,0.010,0.925,0.065
40000,0.010,0.940,0.050
40500,0.010,0.964,0.026
41000,0.010,0.975,0.015
41500,0.010,0.964,0.026
42000,0.010,0.973,0.017
42500,0.010,0.935,0.054
43000,0.010,0.936,0.054
43500,0.010,0.971,0.019
44000,0.010,0.950,0.040
44500,0.010,0.951,0.039
45000,0.010,0.971,0.019
45500,0.010,0.960,0.030
46000,0.010,0.945,0.045
46500,0.010,0.941,0.049
47000,0.010,0.959,0.031
47500,0.010,0.980,0.010
48000,0.010,0.967,0.023
48500,0.010,0.977,0.013
49000,0.010,0.965,0.025
49500,0.010,0.974,0.016
50000,0.010,0.963,0.027
50500,0.010,0.975,0.015
51000,0.010,0.951,0.039
51500,0.010,0.964,0.026
52000,0.010,0.972,0.018
52500,0.010,0.971,0.019
53000,0.010,0.971,0.019
53500,0.010,0.957,0.033
54000,0.010,0.978,0.012
54500,0.010,0.976,0.014
55000,0.010,0.971,0.019
55500,0.010,0.970,0.020
56000,0.010,0.969,0.021
56500,0.010,0.958,0.032
57000,0.010,0.957,0.033
57500,0.010,0.973,0.017
58000,0.010,0.962,0.028
58500,0.010,0.969,0.021
59000,0.010,0.955,0.035
59500,0.010,0.967,0.023
60000,0.010,0.968,0.022
60500,0.010,0.974,0.016
61000,0.010,0.967,0.023
61500,0.010,0.968,0.022
62000,0.010,0.968,0.022
62500,0.010,0.959,0.031
63000,0.010,0.962,0.028
63500,0.010,0.972,0.018
64000,0.010,0.972,0.018
64500,0.010,0.958,0.032
65000,0.010,0.962,0.028
65500,0.010,0.971,0.019
66000,0.010,0.978,0.012
66500,0.010,0.962,0.028
67000,0.010,0.955,0.035
67500,0.010,0.962,0.028
68000,0.010,0.982,0.008
68500,0.010,0.974,0.016
69000,0.010,0.957,0.033
69500,0.010,0.974,0.016
70000,0.010,0.971,0.019
70500,0.010,0.961,0.029
71000,0.010,0.970,0.020
71500,0.010,0.955,0.035
72000,0.010,0.961,0.029
72500,0.010,0.971,0.019
73000,0.010,0.977,0.013
73500,0.010,0.971,0.019
74000,0.010,0.968,0.022
74500,0.010,0.955,0.035
75000,0.010,0.979,0.011
75500,0.010,0.974,0.016
76000,0.010,0.983,0.007
76500,0.010,0.983,0.007
77000,0.010,0.985,0.005
77500,0.010,0.978,0.012
78000,0.010,0.969,0.021
78500,0.010,0.976,0.014
79000,0.010,0.971,0.019
79500,0.010,0.978,0.012
80000,0.010,0.976,0.014
80500,0.010,0.979,0.011
81000,0.010,0.975,0.015
81500,0.010,0.971,0.019
82000,0.010,0.967,0.023
82500,0.010,0.957,0.033
83000,0.010,0.970,0.020
83500,0.010,0.969,0.021
84000,0.010,0.955,0.035
84500,0.010,0.967,0.023
85000,0.010,0.961,0.029
85500,0.010,0.953,0.037
86000,0.010,0.956,0.034
86500,0.010,0.966,0.024
87000,0.010,0.947,0.043
87500,0.010,0.963,0.027
88000,0.010,0.966,0.024
88500,0.010,0.965,0.025
89000,0.010,0.959,0.031
89500,0.010,0.964,0.026
90000,0.010,0.941,0.049
90500,0.010,0.965,0.025
91000,0.010,0.945,0.045
91500,0.010,0.968,0.022
92000,0.010,0.969,0.021
92500,0.010,0.965,0.025
93000,0.010,0.983,0.007
93500,0.010,0.986,0.004
94000,0.010,0.985,0.005
94500,0.010,0.970,0.020
95000,0.010,0.973,0.017
95500,0.010,0.981,0.009
96000,0.010,0.963,0.027
96500,0.010,0.971,0.019
97000,0.010,0.970,0.020
97500,0.010,0.952,0.038
98000,0.010,0.962,0.028
98500,0.010,0.955,0.035
99000,0.010,0.972,0.018
99500,0.010,0.971,0.019
100000,0.010,0.977,0.013
100500,0.010,0.977,0.013
101000,0.010,0.970,0.020
101500,0.010,0.973,0.017
102000,0.010,0.972,0.018
102500,0.010,0.955,0.035
103000,0.010,0.956,0.034
103500,0.010,0.959,0.031
104000,0.010,0.964,0.026
104500,0.010,0.962,0.028
105000,0.010,0.970,0.020
105500,0.010,0.967,0.023
106000,0.010,0.970,0.020
106500,0.010,0.973,0.017
107000,0.010,0.976,0.014
107500,0.010,0.953,0.037
108000,0.010,0.967,0.023
108500,0.010,0.963,0.027
109000,0.010,0.951,0.039
109500,0.010,0.942,0.048
110000,0.010,0.963,0.027
110500,0.010,0.965,0.025
111000,0.010,0.974,0.016
111500,0.010,0.955,0.035
112000,0.010,0.971,0.019
112500,0.010,0.950,0.040
113000,0.010,0.950,0.040
113500,0.010,0.936,0.053
114000,0.010,0.944,0.046
114500,0.010,0.950,0.040
115000,0.010,0.972,0.018
115500,0.010,0.976,0.014
116000,0.010,0.980,0.010
116500,0.010,0.977,0.013
117000,0.010,0.971,0.019
117500,0.010,0.956,0.034
118000,0.010,0.967,0.023
118500,0.010,0.964,0.026
119000,0.010,0.972,0.018
119500,0.010,0.976,0.014
120000,0.010,0.972,0.018
120500,0.010,0.963,0.027
121000,0.010,0.963,0.027
121500,0.010,0.964,0.026
122000,0.010,0.932,0.057
122500,0.010,0.938,0.052
123000,0.010,0.941,0.049
123500,0.010,0.954,0.036
124000,0.010,0.958,0.032
124500,0.010,0.938,0.052
125000,0.010,0.939,0.051
125500,0.010,0.961,0.029
126000,0.010,0.962,0.028
126500,0.010,0.978,0.012
127000,0.010,0.969,0.021
127500,0.010,0.973,0.017
128000,0.010,0.971,0.019
128500,0.010,0.963,0.027
129000,0.010,0.958,0.032
129500,0.010,0.971,0.019
130000,0.010,0.970,0.020
130500,0.010,0.961,0.029
131000,0.010,0.942,0.048
131500,0.010,0.937,0.053
132000,0.010,0.958,0.032
132500,0.010,0.977,0.013
133000,0.010,0.977,0.013
133500,0.010,0.976,0.014
134000,0.010,0.952,0.038
134500,0.010,0.951,0.039
135000,0.010,0.966,0.024
135500,0.010,0.978,0.012
136000,0.010,0.983,0.007
136500,0.010,0.970,0.020
137000,0.010,0.966,0.024
137500,0.010,0.984,0.006
138000,0.010,0.977,0.013
138500,0.010,0.975,0.015
139000,0.010,0.973,0.017
139500,0.010,0.966,0.024
140000,0.010,0.975,0.015
140500,0.010,0.972,0.018
141000,0.010,0.974,0.016
141500,0.010,0.964,0.026
142000,0.010,0.966,0.024
142500,0.010,0.974,0.016
143000,0.010,0.973,0.017
143500,0.010,0.979,0.011
144000,0.010,0.972,0.018
144500,0.010,0.976,0.014
145000,0.010,0.980,0.010
145500,0.010,0.970,0.020
146000,0.010,0.965,0.025
146500,0.010,0.977,0.013
147000,0.010,0.957,0.033
147500,0.010,0.971,0.019
148000,0.010,0.968,0.022
148500,0.010,0.963,0.027
149000,0.010,0.968,0.022
149500,0.010,0.969,0.021
150000,0.010,0.981,0.009
150500,0.010,0.977,0.013
151000,0.010,0.981,0.009
151500,0.010,0.973,0.017
152000,0.010,0.973,0.017
152500,0.010,0.980,0.010
153000,0.010,0.963,0.027
153500,0.010,0.956,0.034
154000,0.010,0.961,0.029
154500,0.010,0.950,0.040
155000,0.010,0.957,0.033
155500,0.010,0.957,0.033
156000,0.010,0.971,0.019
156500,0.010,0.977,0.013
157000,0.010,0.978,0.012
157500,0.010,0.975,0.015
158000,0.010,0.968,0.022
158500,0.010,0.968,0.022
159000,0.010,0.966,0.024
159500,0.010,0.978,0.012
160000,0.010,0.965,0.025
160500,0.010,0.974,0.016
161000,0.010,0.982,0.008
161500,0.010,0.967,0.023
162000,0.010,0.977,0.013
162500,0.010,0.973,0.017
163000,0.010,0.970,0.020
163500,0.010,0.973,0.017
164000,0.010,0.975,0.015
164500,0.010,0.968,0.022
165000,0.010,0.965,0.025
165500,0.010,0.975,0.015
166000,0.010,0.975,0.015
166500,0.010,0.972,0.018
167000,0.010,0.976,0.014
167500,0.010,0.978,0.012
168000,0.010,0.980,0.010
168500,0.010,0.970,0.020
169000,0.010,0.981,0.009
169500,0.010,0.978,0.012
170000,0.010,0.984,0.006
170500,0.010,0.979,0.011
171000,0.010,0.974,0.016
171500,0.010,0.961,0.029
172000,0.010,0.965,0.025
172500,0.010,0.972,0.018
173000,0.010,0.955,0.035
173500,0.010,0.946,0.044
174000,0.010,0.971,0.019
174500,0.010,0.962,0.028
175000,0.010,0.974,0.016
175500,0.010,0.949,0.041
176000,0.010,0.960,0.030
176500,0.010,0.962,0.028
177000,0.010,0.973,0.017
177500,0.010,0.964,0.026
178000,0.010,0.969,0.021
178500,0.010,0.968,0.022
179000,0.010,0.964,0.026
179500,0.010,0.955,0.035
180000,0.010,0.943,0.047
180500,0.010,0.944,0.046
181000,0.010,0.954,0.036
181500,0.010,0.961,0.029
182000,0.010,0.974,0.016
182500,0.010,0.971,0.019
183000,0.010,0.981,0.009
183500,0.010,0.975,0.015
184000,0.010,0.967,0.023
184500,0.010,0.974,0.016
185000,0.010,0.978,0.012
185500,0.010,0.977,0.013
186000,0.010,0.972,0.018
186500,0.010,0.958,0.032
187000,0.010,0.973,0.017
187500,0.010,0.968,0.022
188000,0.010,0.956,0.034
188500,0.010,0.942,0.048
189000,0.010,0.960,0.030
189500,0.010,0.959,0.031
190000,0.010,0.953,0.037
190500,0.010,0.956,0.034
191000,0.010,0.978,0.012
191500,0.010,0.967,0.023
192000,0.010,0.953,0.037
192500,0.010,0.971,0.019
193000,0.010,0.980,0.010
193500,0.010,0.977,0.013
194000,0.010,0.953,0.037
194500,0.010,0.935,0.055
195000,0.010,0.944,0.046
195500,0.010,0.968,0.022
196000,0.010,0.969,0.021
196500,0.010,0.981,0.009
197000,0.010,0.983,0.007
197500,0.010,0.979,0.011
198000,0.010,0.974,0.016
198500,0.010,0.964,0.026
199000,0.010,0.971,0.019
199500,0.010,0.955,0.035
200000,0.010,0.959,0.031
200500,0.010,0.954,0.036
201000,0.010,0.963,0.027
201500,0.010,0.948,0.042
202000,0.010,0.950,0.040
202500,0.010,0.970,0.020
203000,0.010,0.964,0.026
203500,0.010,0.973,0.017
204000,0.010,0.981,0.009
204500,0.010,0.970,0.020
205000,0.010,0.976,0.014
205500,0.010,0.974,0.016
206000,0.010,0.961,0.029
206500,0.010,0.976,0.014
207000,0.010,0.975,0.015
207500,0.010,0.977,0.013
208000,0.010,0.983,0.007
208500,0.010,0.976,0.014
209000,0.010,0.970,0.020
209500,0.010,0.962,0.028
210000,0.010,0.965,0.025
210500,0.010,0.959,0.031
211000,0.010,0.967,0.023
211500,0.010,0.981,0.009
212000,0.010,0.978,0.012
212500,0.010,0.975,0.015
213000,0.010,0.939,0.051
213500,0.010,0.944,0.046
214000,0.010,0.960,0.030
214500,0.010,0.978,0.012
215000,0.010,0.977,0.013
215500,0.010,0.971,0.019
216000,0.010,0.974,0.016
216500,0.010,0.974,0.016
217000,0.010,0.970,0.020
217500,0.010,0.965,0.025
218000,0.010,0.963,0.027
218500,0.010,0.964,0.026
219000,0.010,0.960,0.030
219500,0.010,0.955,0.035
220000,0.010,0.956,0.034
220500,0.010,0.951,0.039
221000,0.010,0.956,0.034
221500,0.010,0.963,0.027
222000,0.010,0.965,0.025
222500,0.010,0.963,0.027
223000,0.010,0.956,0.034
223500,0.010,0.952,0.038
224000,0.010,0.972,0.018
224500,0.010,0.971,0.019
225000,0.010,0.981,0.009
225500,0.010,0.965,0.025
226000,0.010,0.976,0.014
226500,0.010,0.975,0.015
227000,0.010,0.971,0.019
227500,0.010,0.965,0.025
228000,0.010,0.960,0.030
228500,0.010,0.971,0.019
229000,0.010,0.976,0.014
229500,0.010,0.960,0.030
230000,0.010,0.951,0.039
230500,0.010,0.956,0.034
231000,0.010,0.973,0.017
231500,0.010,0.971,0.019
232000,0.010,0.965,0.025
232500,0.010,0.955,0.035
233000,0.010,0.945,0.045
233500,0.010,0.960,0.030
234000,0.010,0.953,0.037
234500,0.010,0.970,0.020
235000,0.010,0.974,0.016
235500,0.010,0.979,0.011
236000,0.010,0.973,0.017
236500,0.010,0.954,0.036
237000,0.010,0.953,0.037
237500,0.010,0.957,0.033
238000,0.010,0.947,0.043
238500,0.010,0.954,0.036
239000,0.010,0.948,0.042
239500,0.010,0.955,0.035
240000,0.010,0.961,0.029
240500,0.010,0.939,0.051
241000,0.010,0.957,0.033
241500,0.010,0.969,0.021
242000,0.010,0.939,0.051
242500,0.010,0.975,0.015
243000,0.010,0.980,0.010
243500,0.010,0.981,0.009
244000,0.010,0.970,0.020
244500,0.010,0.968,0.022
245000,0.010,0.964,0.026
245500,0.010,0.967,0.023
246000,0.010,0.962,0.028
246500,0.010,0.972,0.018
247000,0.010,0.983,0.007
247500,0.010,0.974,0.016
248000,0.010,0.972,0.018
248500,0.010,0.972,0.018
249000,0.010,0.975,0.015
249500,0.010,0.973,0.017
250000,0.010,0.972,0.018
250500,0.010,0.969,0.021
251000,0.010,0.961,0.029
251500,0.010,0.978,0.012
252000,0.010,0.978,0.012
252500,0.010,0.969,0.021
253000,0.010,0.968,0.022
253500,0.010,0.969,0.021
254000,0.010,0.971,0.019
254500,0.010,0.957,0.033
255000,0.010,0.967,0.023
255500,0.010,0.966,0.024
256000,0.010,0.966,0.024
256500,0.010,0.966,0.024
257000,0.010,0.967,0.023
257500,0.010,0.977,0.013
258000,0.010,0.959,0.031
258500,0.010,0.967,0.023
259000,0.010,0.970,0.020
259500,0.010,0.967,0.023
260000,0.010,0.967,0.023
260500,0.010,0.968,0.022
261000,0.010,0.967,0.023
261500,0.010,0.970,0.020
262000,0.010,0.972,0.018
262500,0.010,0.974,0.016
263000,0.010,0.965,0.025
263500,0.010,0.969,0.021
264000,0.010,0.950,0.040
264500,0.010,0.962,0.028
265000,0.010,0.962,0.028
265500,0.010,0.972,0.018
266000,0.010,0.964,0.026
266500,0.010,0.961,0.029
267000,0.010,0.953,0.037
267500,0.010,0.976,0.014
268000,0.010,0.959,0.031
268500,0.010,0.966,0.024
269000,0.010,0.959,0.031
269500,0.010,0.982,0.008
270000,0.010,0.973,0.017
270500,0.010,0.960,0.030
271000,0.010,0.947,0.043
271500,0.010,0.955,0.035
272000,0.010,0.951,0.039
272500,0.010,0.955,0.035
273000,0.010,0.952,0.038
273500,0.010,0.971,0.019
274000,0.010,0.966,0.024
274500,0.010,0.966,0.024
275000,0.010,0.967,0.023
275500,0.010,0.950,0.040
276000,0.010,0.964,0.026
276500,0.010,0.960,0.030
277000,0.010,0.971,0.019
277500,0.010,0.963,0.027
278000,0.010,0.971,0.019
278500,0.010,0.975,0.015
279000,0.010,0.976,0.014
279500,0.010,0.980,0.010
280000,0.010,0.978,0.012
280500,0.010,0.973,0.017
281000,0.010,0.967,0.023
281500,0.010,0.971,0.019
282000,0.010,0.980,0.010
282500,0.010,0.972,0.018
283000,0.010,0.972,0.018
283500,0.010,0.974,0.016
284000,0.010,0.947,0.043
284500,0.010,0.963,0.027
285000,0.010,0.949,0.041
285500,0.010,0.928,0.062
286000,0.010,0.960,0.030
286500,0.010,0.970,0.020
287000,0.010,0.967,0.023
287500,0.010,0.969,0.021
288000,0.010,0.966,0.024
288500,0.010,0.951,0.039
289000,0.010,0.964,0.026
289500,0.010,0.970,0.020
290000,0.010,0.964,0.026
290500,0.010,0.963,0.027
291000,0.010,0.965,0.025
291500,0.010,0.953,0.037
292000,0.010,0.963,0.027
292500,0.010,0.959,0.031
293000,0.010,0.972,0.018
293500,0.010,0.969,0.021
294000,0.010,0.974,0.016
294500,0.010,0.969,0.021
295000,0.010,0.981,0.009
295500,0.010,0.967,0.023
296000,0.010,0.971,0.019
296500,0.010,0.980,0.010
297000,0.010,0.971,0.019
297500,0.010,0.976,0.014
298000,0.010,0.968,0.022
298500,0.010,0.962,0.028
299000,0.010,0.964,0.026
299500,0.010,0.967,0.023
300000,0.010,0.972,0.018
300500,0.010,0.971,0.019
301000,0.010,0.969,0.021
301500,0.010,0.976,0.014
302000,0.010,0.977,0.013
302500,0.010,0.980,0.010
303000,0.010,0.983,0.007
303500,0.010,0.977,0.013
304000,0.010,0.979,0.011
304500,0.010,0.972,0.018
305000,0.010,0.977,0.013
305500,0.010,0.962,0.028
306000,0.010,0.957,0.033
306500,0.010,0.966,0.024
307000,0.010,0.961,0.029
307500,0.010,0.944,0.046
308000,0.010,0.966,0.024
308500,0.010,0.951,0.039
309000,0.010,0.951,0.039
309500,0.010,0.965,0.025
310000,0.010,0.979,0.011
310500,0.010,0.981,0.009
311000,0.010,0.982,0.008
311500,0.010,0.972,0.018
312000,0.010,0.971,0.019
312500,0.010,0.983,0.007
313000,0.010,0.963,0.027
313500,0.010,0.963,0.027
314000,0.010,0.973,0.017
314500,0.010,0.968,0.022
315000,0.010,0.978,0.012
315500,0.010,0.984,0.006
316000,0.010,0.981,0.009
316500,0.010,0.980,0.010
317000,0.010,0.973,0.017
317500,0.010,0.970,0.020
318000,0.010,0.962,0.028
318500,0.010,0.964,0.026
319000,0.010,0.968,0.022
319500,0.010,0.952,0.038
320000,0.010,0.935,0.054
320500,0.010,0.949,0.041
321000,0.010,0.966,0.024
321500,0.010,0.966,0.024
322000,0.010,0.974,0.016
322500,0.010,0.985,0.005
323000,0.010,0.984,0.006
323500,0.010,0.989,0.001
324000,0.010,0.971,0.019
324500,0.010,0.963,0.027
325000,0.010,0.957,0.033
325500,0.010,0.959,0.031
326000,0.010,0.965,0.025
326500,0.010,0.972,0.018
327000,0.010,0.973,0.017
327500,0.010,0.951,0.039
328000,0.010,0.945,0.045
328500,0.010,0.970,0.020
329000,0.010,0.977,0.013
329500,0.010,0.959,0.031
330000,0.010,0.956,0.034
330500,0.010,0.974,0.016
331000,0.010,0.955,0.035
331500,0.010,0.957,0.033
332000,0.010,0.955,0.035
332500,0.010,0.958,0.032
333000,0.010,0.928,0.061
333500,0.010,0.952,0.038
334000,0.010,0.967,0.023
334500,0.010,0.967,0.023
335000,0.010,0.967,0.023
335500,0.010,0.960,0.030
336000,0.010,0.929,0.060
336500,0.010,0.948,0.042
337000,0.010,0.949,0.041
337500,0.010,0.953,0.037
338000,0.010,0.961,0.029
338500,0.010,0.948,0.042
339000,0.010,0.966,0.024
339500,0.010,0.973,0.017
340000,0.010,0.942,0.048
340500,0.010,0.968,0.022
341000,0.010,0.961,0.029
341500,0.010,0.971,0.019
342000,0.010,0.970,0.020
342500,0.010,0.978,0.012
343000,0.010,0.979,0.011
343500,0.010,0.972,0.018
344000,0.010,0.982,0.008
344500,0.010,0.974,0.016
345000,0.010,0.977,0.013
345500,0.010,0.975,0.015
346000,0.010,0.972,0.018
346500,0.010,0.959,0.031
347000,0.010,0.967,0.023
347500,0.010,0.970,0.020
348000,0.010,0.975,0.015
348500,0.010,0.960,0.030
349000,0.010,0.956,0.034
349500,0.010,0.972,0.018
350000,0.010,0.980,0.010
350500,0.010,0.963,0.027
351000,0.010,0.977,0.013
351500,0.010,0.973,0.017
352000,0.010,0.979,0.011
352500,0.010,0.969,0.021
353000,0.010,0.960,0.030
353500,0.010,0.971,0.019
354000,0.010,0.973,0.017
354500,0.010,0.971,0.019
355000,0.010,0.981,0.009
355500,0.010,0.972,0.018
356000,0.010,0.974,0.016
356500,0.010,0.969,0.021
357000,0.010,0.973,0.017
357500,0.010,0.968,0.022
358000,0.010,0.963,0.027
358500,0.010,0.969,0.021
359000,0.010,0.969,0.021
359500,0.010,0.976,0.014
360000,0.010,0.971,0.019
360500,0.010,0.982,0.008
361000,0.010,0.966,0.024
361500,0.010,0.966,0.024
362000,0.010,0.970,0.020
362500,0.010,0.962,0.028
363000,0.010,0.955,0.035
363500,0.010,0.959,0.031
364000,0.010,0.966,0.024
364500,0.010,0.964,0.026
365000,0.010,0.967,0.023
365500,0.010,0.953,0.037
366000,0.010,0.973,0.017
366500,0.010,0.971,0.019
367000,0.010,0.969,0.021
367500,0.010,0.982,0.008
368000,0.010,0.982,0.008
368500,0.010,0.971,0.019
369000,0.010,0.974,0.016
369500,0.010,0.975,0.015
370000,0.010,0.987,0.003
370500,0.010,0.972,0.018
371000,0.010,0.965,0.025
371500,0.010,0.969,0.021
372000,0.010,0.972,0.018
372500,0.010,0.947,0.043
373000,0.010,0.959,0.031
373500,0.010,0.978,0.012
374000,0.010,0.984,0.006
374500,0.010,0.977,0.013
375000,0.010,0.968,0.022
375500,0.010,0.962,0.028
376000,0.010,0.962,0.028
376500,0.010,0.966,0.024
377000,0.010,0.957,0.033
377500,0.010,0.960,0.030
378000,0.010,0.967,0.023
378500,0.010,0.952,0.038
379000,0.010,0.956,0.034
379500,0.010,0.960,0.030
380000,0.010,0.964,0.026
380500,0.010,0.977,0.013
381000,0.010,0.960,0.030
381500,0.010,0.953,0.037
382000,0.010,0.955,0.035
382500,0.010,0.947,0.043
383000,0.010,0.932,0.057
383500,0.010,0.935,0.054
384000,0.010,0.955,0.035
384500,0.010,0.961,0.029
385000,0.010,0.973,0.017
385500,0.010,0.963,0.027
386000,0.010,0.982,0.008
386500,0.010,0.982,0.008
387000,0.010,0.965,0.025
387500,0.010,0.972,0.018
388000,0.010,0.957,0.033
388500,0.010,0.974,0.016
389000,0.010,0.967,0.023
389500,0.010,0.978,0.012
390000,0.010,0.961,0.029
390500,0.010,0.960,0.030
391000,0.010,0.956,0.034
391500,0.010,0.968,0.022
392000,0.010,0.954,0.036
392500,0.010,0.965,0.025
393000,0.010,0.970,0.020
393500,0.010,0.942,0.048
394000,0.010,0.962,0.028
394500,0.010,0.957,0.033
395000,0.010,0.948,0.042
395500,0.010,0.953,0.037
396000,0.010,0.953,0.037
396500,0.010,0.971,0.019
397000,0.010,0.975,0.015
397500,0.010,0.965,0.025
398000,0.010,0.963,0.027
398500,0.010,0.964,0.026
399000,0.010,0.953,0.037
399500,0.010,0.968,0.022
400000,0.010,0.972,0.018
400500,0.010,0.972,0.018
401000,0.010,0.975,0.015
401500,0.010,0.966,0.024
402000,0.010,0.950,0.040
402500,0.010,0.953,0.037
403000,0.010,0.973,0.017
403500,0.010,0.963,0.027
404000,0.010,0.959,0.031
404500,0.010,0.955,0.035
405000,0.010,0.969,0.021
405500,0.010,0.963,0.027
406000,0.010,0.972,0.018
406500,0.010,0.978,0.012
407000,0.010,0.963,0.027
407500,0.010,0.943,0.047
408000,0.010,0.958,0.032
408500,0.010,0.970,0.020
409000,0.010,0.964,0.026
409500,0.010,0.964,0.026
410000,0.010,0.974,0.016
410500,0.010,0.975,0.015
411000,0.010,0.963,0.027
411500,0.010,0.981,0.009
412000,0.010,0.983,0.007
412500,0.010,0.977,0.013
413000,0.010,0.970,0.020
413500,0.010,0.971,0.019
414000,0.010,0.957,0.033
414500,0.010,0.963,0.027
415000,0.010,0.966,0.024
415500,0.010,0.975,0.015
416000,0.010,0.972,0.018
416500,0.010,0.966,0.024
417000,0.010,0.965,0.025
417500,0.010,0.966,0.024
418000,0.010,0.969,0.021
418500,0.010,0.960,0.030
419000,0.010,0.963,0.027
419500,0.010,0.977,0.013
420000,0.010,0.972,0.018
420500,0.010,0.982,0.008
421000,0.010,0.980,0.010
421500,0.010,0.973,0.017
422000,0.010,0.979,0.011
422500,0.010,0.971,0.019
423000,0.010,0.974,0.016
423500,0.010,0.969,0.021
424000,0.010,0.970,0.020
424500,0.010,0.974,0.016
425000,0.010,0.956,0.034
425500,0.010,0.967,0.023
426000,0.010,0.970,0.020
426500,0.010,0.965,0.025
427000,0.010,0.979,0.011
427500,0.010,0.969,0.021
428000,0.010,0.976,0.014
428500,0.010,0.985,0.005
429000,0.010,0.976,0.014
429500,0.010,0.970,0.020
430000,0.010,0.966,0.024
430500,0.010,0.978,0.012
431000,0.010,0.969,0.021
431500,0.010,0.974,0.016
432000,0.010,0.983,0.007
432500,0.010,0.979,0.011
433000,0.010,0.971,0.019
433500,0.010,0.949,0.041
434000,0.010,0.959,0.031
434500,0.010,0.962,0.028
435000,0.010,0.973,0.017
435500,0.010,0.964,0.026
436000,0.010,0.971,0.019
436500,0.010,0.977,0.013
437000,0.010,0.964,0.026
437500,0.010,0.957,0.033
438000,0.010,0.959,0.031
438500,0.010,0.969,0.021
439000,0.010,0.972,0.018
439500,0.010,0.962,0.028
440000,0.010,0.948,0.042
440500,0.010,0.952,0.038
441000,0.010,0.954,0.036
441500,0.010,0.954,0.036
442000,0.010,0.948,0.042
442500,0.010,0.977,0.013
443000,0.010,0.984,0.006
443500,0.010,0.969,0.021
444000,0.010,0.965,0.025
444500,0.010,0.971,0.019
445000,0.010,0.978,0.012
445500,0.010,0.970,0.020
446000,0.010,0.975,0.015
446500,0.010,0.970,0.020
447000,0.010,0.984,0.006
447500,0.010,0.973,0.017
448000,0.010,0.957,0.033
448500,0.010,0.968,0.022
449000,0.010,0.958,0.032
449500,0.010,0.964,0.026
450000,0.010,0.961,0.029
450500,0.010,0.970,0.020
451000,0.010,0.978,0.012
451500,0.010,0.960,0.030
452000,0.010,0.975,0.015
452500,0.010,0.971,0.019
453000,0.010,0.970,0.020
453500,0.010,0.976,0.014
454000,0.010,0.974,0.016
454500,0.010,0.968,0.022
455000,0.010,0.964,0.026
455500,0.010,0.978,0.012
456000,0.010,0.959,0.031
456500,0.010,0.950,0.040
457000,0.010,0.965,0.025
457500,0.010,0.952,0.038
458000,0.010,0.954,0.036
458500,0.010,0.952,0.038
459000,0.010,0.983,0.007
459500,0.010,0.988,0.002
460000,0.010,0.953,0.037
460500,0.010,0.961,0.029
461000,0.010,0.956,0.034
461500,0.010,0.959,0.031
462000,0.010,0.935,0.054
462500,0.010,0.957,0.033
463000,0.010,0.966,0.024
463500,0.010,0.975,0.015
464000,0.010,0.980,0.010
464500,0.010,0.962,0.028
465000,0.010,0.974,0.016
465500,0.010,0.970,0.020
466000,0.010,0.979,0.011
466500,0.010,0.972,0.018
467000,0.010,0.969,0.021
467500,0.010,0.967,0.023
468000,0.010,0.952,0.038
468500,0.010,0.966,0.024
469000,0.010,0.959,0.031
469500,0.010,0.977,0.013
470000,0.010,0.965,0.025
470500,0.010,0.979,0.011
471000,0.010,0.977,0.013
471500,0.010,0.976,0.014
472000,0.010,0.970,0.020
472500,0.010,0.981,0.009
473000,0.010,0.969,0.021
473500,0.010,0.970,0.020
474000,0.010,0.972,0.018
474500,0.010,0.971,0.019
475000,0.010,0.970,0.020
475500,0.010,0.964,0.026
476000,0.010,0.972,0.018
476500,0.010,0.965,0.025
477000,0.010,0.962,0.028
477500,0.010,0.978,0.012
478000,0.010,0.979,0.011
478500,0.010,0.975,0.015
479000,0.010,0.976,0.014
479500,0.010,0.962,0.028
480000,0.010,0.972,0.018
480500,0.010,0.948,0.042
481000,0.010,0.950,0.040
481500,0.010,0.970,0.020
482000,0.010,0.975,0.015
482500,0.010,0.963,0.027
483000,0.010,0.981,0.009
483500,0.010,0.967,0.023
484000,0.010,0.964,0.026
484500,0.010,0.968,0.022
485000,0.010,0.978,0.012
485500,0.010,0.986,0.004
486000,0.010,0.974,0.016
486500,0.010,0.963,0.027
487000,0.010,0.943,0.047
487500,0.010,0.951,0.039
488000,0.010,0.976,0.014
488500,0.010,0.966,0.024
489000,0.010,0.920,0.070
489500,0.010,0.958,0.032
490000,0.010,0.955,0.035
490500,0.010,0.961,0.029
491000,0.010,0.940,0.050
491500,0.010,0.955,0.035
492000,0.010,0.953,0.037
492500,0.010,0.970,0.020
493000,0.010,0.967,0.023
493500,0.010,0.966,0.024
494000,0.010,0.952,0.038
494500,0.010,0.960,0.030
495000,0.010,0.968,0.022
495500,0.010,0.959,0.031
496000,0.010,0.974,0.016
496500,0.010,0.969,0.021
497000,0.010,0.966,0.024
497500,0.010,0.962,0.028
498000,0.010,0.964,0.026
498500,0.010,0.971,0.019
499000,0.010,0.973,0.017
499500,0.010,0.965,0.025
500000,0.010,0.976,0.014
500500,0.010,0.971,0.019
501000,0.010,0.966,0.024
501500,0.010,0.975,0.015
502000,0.010,0.961,0.029
502500,0.010,0.979,0.011
503000,0.010,0.959,0.031
503500,0.010,0.975,0.015
504000,0.010,0.972,0.018
504500,0.010,0.951,0.039
505000,0.010,0.972,0.018
505500,0.010,0.968,0.022
506000,0.010,0.975,0.015
506500,0.010,0.968,0.022
507000,0.010,0.957,0.033
507500,0.010,0.966,0.024
508000,0.010,0.977,0.013
508500,0.010,0.976,0.014
509000,0.010,0.974,0.016
509500,0.010,0.968,0.022
510000,0.010,0.962,0.028
510500,0.010,0.969,0.021
511000,0.010,0.961,0.029
511500,0.010,0.973,0.017
512000,0.010,0.962,0.028
512500,0.010,0.962,0.028
513000,0.010,0.955,0.035
513500,0.010,0.975,0.015
514000,0.010,0.973,0.017
514500,0.010,0.976,0.014
515000,0.010,0.975,0.015
515500,0.010,0.981,0.009
516000,0.010,0.977,0.013
516500,0.010,0.983,0.007
517000,0.010,0.980,0.010
517500,0.010,0.975,0.015
518000,0.010,0.970,0.020
518500,0.010,0.964,0.026
519000,0.010,0.963,0.027
519500,0.010,0.973,0.017
520000,0.010,0.978,0.012
520500,0.010,0.982,0.008
521000,0.010,0.974,0.016
521500,0.010,0.971,0.019
522000,0.010,0.973,0.017
522500,0.010,0.969,0.021
523000,0.010,0.975,0.015
523500,0.010,0.971,0.019
524000,0.010,0.958,0.032
524500,0.010,0.971,0.019
525000,0.010,0.972,0.018
525500,0.010,0.960,0.030
526000,0.010,0.979,0.011
526500,0.010,0.986,0.004
527000,0.010,0.975,0.015
527500,0.010,0.976,0.014
528000,0.010,0.982,0.008
528500,0.010,0.972,0.018
529000,0.010,0.970,0.020
529500,0.010,0.955,0.035
530000,0.010,0.956,0.034
530500,0.010,0.955,0.035
531000,0.010,0.928,0.062
531500,0.010,0.957,0.033
532000,0.010,0.973,0.017
532500,0.010,0.975,0.015
533000,0.010,0.975,0.015
533500,0.010,0.960,0.030
534000,0.010,0.963,0.027
534500,0.010,0.971,0.019
535000,0.010,0.984,0.006
535500,0.010,0.959,0.031
536000,0.010,0.951,0.039
536500,0.010,0.975,0.015
537000,0.010,0.980,0.010
537500,0.010,0.960,0.030
538000,0.010,0.972,0.018
538500,0.010,0.969,0.021
539000,0.010,0.972,0.018
539500,0.010,0.967,0.023
540000,0.010,0.973,0.017
540500,0.010,0.973,0.017
541000,0.010,0.971,0.019
541500,0.010,0.974,0.016
542000,0.010,0.961,0.029
542500,0.010,0.958,0.032
543000,0.010,0.960,0.030
543500,0.010,0.960,0.030
544000,0.010,0.950,0.040
544500,0.010,0.969,0.021
545000,0.010,0.977,0.013
545500,0.010,0.971,0.019
546000,0.010,0.959,0.031
546500,0.010,0.970,0.020
547000,0.010,0.966,0.024
547500,0.010,0.956,0.034
548000,0.010,0.977,0.013
548500,0.010,0.976,0.014
549000,0.010,0.974,0.016
549500,0.010,0.960,0.030
550000,0.010,0.970,0.020
550500,0.010,0.962,0.028
551000,0.010,0.962,0.028
551500,0.010,0.944,0.046
552000,0.010,0.962,0.028
552500,0.010,0.963,0.027
553000,0.010,0.965,0.025
553500,0.010,0.979,0.011
554000,0.010,0.975,0.015
554500,0.010,0.964,0.026
555000,0.010,0.969,0.021
555500,0.010,0.982,0.008
556000,0.010,0.984,0.006
556500,0.010,0.962,0.028
557000,0.010,0.976,0.014
557500,0.010,0.977,0.013
558000,0.010,0.974,0.016
558500,0.010,0.947,0.043
559000,0.010,0.963,0.027
559500,0.010,0.961,0.029
560000,0.010,0.955,0.035
560500,0.010,0.967,0.023
561000,0.010,0.970,0.020
561500,0.010,0.955,0.035
562000,0.010,0.969,0.021
562500,0.010,0.954,0.036
563000,0.010,0.971,0.019
563500,0.010,0.970,0.020
564000,0.010,0.975,0.015
564500,0.010,0.988,0.002
565000,0.010,0.985,0.005
565500,0.010,0.983,0.007
566000,0.010,0.973,0.017
566500,0.010,0.966,0.024
567000,0.010,0.977,0.013
567500,0.010,0.985,0.005
568000,0.010,0.982,0.008
568500,0.010,0.980,0.010
569000,0.010,0.976,0.014
569500,0.010,0.977,0.013
570000,0.010,0.980,0.010
570500,0.010,0.974,0.016
571000,0.010,0.984,0.006
571500,0.010,0.980,0.010
572000,0.010,0.982,0.008
572500,0.010,0.975,0.015
573000,0.010,0.979,0.011
573500,0.010,0.978,0.012
574000,0.010,0.976,0.014
574500,0.010,0.975,0.015
575000,0.010,0.981,0.009
575500,0.010,0.985,0.005
576000,0.010,0.976,0.014
576500,0.010,0.978,0.012
577000,0.010,0.984,0.006
577500,0.010,0.975,0.015
578000,0.010,0.964,0.026
578500,0.010,0.960,0.030
579000,0.010,0.967,0.023
579500,0.010,0.983,0.007
580000,0.010,0.976,0.014
580500,0.010,0.969,0.021
581000,0.010,0.979,0.011
581500,0.010,0.967,0.023
582000,0.010,0.976,0.014
582500,0.010,0.971,0.019
583000,0.010,0.962,0.028
583500,0.010,0.952,0.038
584000,0.010,0.957,0.033
584500,0.010,0.962,0.028
585000,0.010,0.971,0.019
585500,0.010,0.944,0.046
586000,0.010,0.965,0.025
586500,0.010,0.960,0.030
587000,0.010,0.970,0.020
587500,0.010,0.969,0.021
588000,0.010,0.956,0.034
588500,0.010,0.953,0.037
589000,0.010,0.962,0.028
589500,0.010,0.959,0.031
590000,0.010,0.959,0.031
590500,0.010,0.971,0.019
591000,0.010,0.970,0.020
591500,0.010,0.974,0.016
592000,0.010,0.981,0.009
592500,0.010,0.976,0.014
593000,0.010,0.974,0.016
593500,0.010,0.970,0.020
594000,0.010,0.960,0.030
594500,0.010,0.953,0.037
595000,0.010,0.974,0.016
595500,0.010,0.964,0.026
596000,0.010,0.979,0.011
596500,0.010,0.973,0.017
597000,0.010,0.955,0.035
597500,0.010,0.957,0.033
598000,0.010,0.962,0.028
598500,0.010,0.957,0.033
599000,0.010,0.963,0.027
599500,0.010,0.965,0.025
600000,0.010,0.970,0.020
600500,0.010,0.964,0.026
601000,0.010,0.969,0.021
601500,0.010,0.955,0.035
602000,0.010,0.962,0.028
602500,0.010,0.966,0.024
603000,0.010,0.977,0.013
603500,0.010,0.960,0.030
604000,0.010,0.973,0.017
604500,0.010,0.975,0.015
605000,0.010,0.982,0.008
605500,0.010,0.971,0.019
606000,0.010,0.974,0.016
606500,0.010,0.967,0.023
607000,0.010,0.949,0.041
607500,0.010,0.956,0.034
608000,0.010,0.967,0.023
608500,0.010,0.965,0.025
609000,0.010,0.969,0.021
609500,0.010,0.960,0.030
610000,0.010,0.964,0.026
610500,0.010,0.970,0.020
611000,0.010,0.952,0.038
611500,0.010,0.952,0.038
612000,0.010,0.958,0.032
612500,0.010,0.953,0.037
613000,0.010,0.961,0.029
613500,0.010,0.966,0.024
614000,0.010,0.958,0.032
614500,0.010,0.976,0.014
615000,0.010,0.970,0.020
615500,0.010,0.967,0.023
616000,0.010,0.970,0.020
616500,0.010,0.972,0.018
617000,0.010,0.969,0.021
617500,0.010,0.976,0.014
618000,0.010,0.974,0.016
618500,0.010,0.973,0.017
619000,0.010,0.969,0.021
619500,0.010,0.952,0.038
620000,0.010,0.969,0.021
620500,0.010,0.965,0.025
621000,0.010,0.960,0.030
621500,0.010,0.958,0.032
622000,0.010,0.967,0.023
622500,0.010,0.984,0.006
623000,0.010,0.976,0.014
623500,0.010,0.976,0.014
624000,0.010,0.974,0.016
624500,0.010,0.966,0.024
625000,0.010,0.965,0.025
625500,0.010,0.970,0.020
626000,0.010,0.965,0.025
626500,0.010,0.951,0.039
627000,0.010,0.961,0.029
627500,0.010,0.964,0.026
628000,0.010,0.962,0.028
628500,0.010,0.959,0.031
629000,0.010,0.981,0.009
629500,0.010,0.965,0.025
630000,0.010,0.950,0.040
630500,0.010,0.976,0.014
631000,0.010,0.977,0.013
631500,0.010,0.957,0.033
632000,0.010,0.959,0.031
632500,0.010,0.959,0.031
633000,0.010,0.974,0.016
633500,0.010,0.962,0.028
634000,0.010,0.954,0.036
634500,0.010,0.972,0.018
635000,0.010,0.957,0.033
635500,0.010,0.965,0.025
636000,0.010,0.955,0.035
636500,0.010,0.958,0.032
637000,0.010,0.969,0.021
637500,0.010,0.980,0.010
638000,0.010,0.976,0.014
638500,0.010,0.953,0.037
639000,0.010,0.959,0.031
639500,0.010,0.977,0.013
640000,0.010,0.950,0.040
640500,0.010,0.959,0.031
641000,0.010,0.953,0.037
641500,0.010,0.961,0.029
642000,0.010,0.968,0.022
642500,0.010,0.962,0.028
643000,0.010,0.971,0.019
643500,0.010,0.960,0.030
644000,0.010,0.946,0.044
644500,0.010,0.954,0.036
645000,0.010,0.976,0.014
645500,0.010,0.958,0.032
646000,0.010,0.970,0.020
646500,0.010,0.965,0.025
647000,0.010,0.973,0.017
647500,0.010,0.964,0.026
648000,0.010,0.965,0.025
648500,0.010,0.953,0.037
649000,0.010,0.974,0.016
649500,0.010,0.971,0.019
650000,0.010,0.951,0.039
650500,0.010,0.952,0.038
651000,0.010,0.950,0.040
651500,0.010,0.961,0.029
652000,0.010,0.963,0.027
652500,0.010,0.969,0.021
653000,0.010,0.967,0.023
653500,0.010,0.972,0.018
654000,0.010,0.957,0.033
654500,0.010,0.963,0.027
655000,0.010,0.963,0.027
655500,0.010,0.958,0.032
656000,0.010,0.959,0.031
656500,0.010,0.956,0.034
657000,0.010,0.959,0.031
657500,0.010,0.959,0.031
658000,0.010,0.960,0.030
658500,0.010,0.953,0.037
659000,0.010,0.965,0.025
659500,0.010,0.971,0.019
660000,0.010,0.974,0.016
660500,0.010,0.938,0.052
661000,0.010,0.954,0.036
661500,0.010,0.966,0.024
662000,0.010,0.971,0.019
662500,0.010,0.971,0.019
663000,0.010,0.958,0.032
663500,0.010,0.968,0.022
664000,0.010,0.945,0.045
664500,0.010,0.957,0.033
665000,0.010,0.970,0.020
665500,0.010,0.970,0.020
666000,0.010,0.959,0.031
666500,0.010,0.957,0.033
667000,0.010,0.934,0.055
667500,0.010,0.963,0.027
668000,0.010,0.969,0.021
668500,0.010,0.976,0.014
669000,0.010,0.967,0.023
669500,0.010,0.944,0.046
670000,0.010,0.968,0.022
670500,0.010,0.955,0.035
671000,0.010,0.962,0.028
671500,0.010,0.971,0.019
672000,0.010,0.949,0.041
672500,0.010,0.962,0.028
673000,0.010,0.976,0.014
673500,0.010,0.981,0.009
674000,0.010,0.978,0.012
674500,0.010,0.959,0.031
675000,0.010,0.974,0.016
675500,0.010,0.973,0.017
676000,0.010,0.972,0.018
676500,0.010,0.956,0.034
677000,0.010,0.955,0.035
677500,0.010,0.941,0.049
678000,0.010,0.967,0.023
678500,0.010,0.971,0.019
679000,0.010,0.980,0.010
679500,0.010,0.976,0.014
680000,0.010,0.970,0.020
680500,0.010,0.979,0.011
681000,0.010,0.957,0.033
681500,0.010,0.966,0.024
682000,0.010,0.967,0.023
682500,0.010,0.976,0.014
683000,0.010,0.972,0.018
683500,0.010,0.979,0.011
684000,0.010,0.955,0.035
684500,0.010,0.971,0.019
685000,0.010,0.971,0.019
685500,0.010,0.984,0.006
686000,0.010,0.957,0.033
686500,0.010,0.966,0.024
687000,0.010,0.975,0.015
687500,0.010,0.980,0.010
688000,0.010,0.970,0.020
688500,0.010,0.984,0.006
689000,0.010,0.962,0.028
689500,0.010,0.959,0.031
690000,0.010,0.968,0.022
690500,0.010,0.981,0.009
691000,0.010,0.974,0.016
691500,0.010,0.962,0.028
692000,0.010,0.958,0.032
692500,0.010,0.962,0.028
693000,0.010,0.972,0.018
693500,0.010,0.953,0.037
694000,0.010,0.956,0.034
694500,0.010,0.948,0.042
695000,0.010,0.963,0.027
695500,0.010,0.964,0.026
696000,0.010,0.973,0.017
696500,0.010,0.976,0.014
697000,0.010,0.965,0.025
697500,0.010,0.947,0.043
698000,0.010,0.967,0.023
698500,0.010,0.961,0.029
699000,0.010,0.956,0.034
699500,0.010,0.949,0.041
700000,0.010,0.968,0.022
700500,0.010,0.957,0.033
701000,0.010,0.974,0.016
701500,0.010,0.960,0.030
702000,0.010,0.969,0.021
702500,0.010,0.973,0.017
703000,0.010,0.976,0.014
703500,0.010,0.974,0.016
704000,0.010,0.972,0.018
704500,0.010,0.947,0.043
705000,0.010,0.951,0.039
705500,0.010,0.952,0.038
706000,0.010,0.952,0.038
706500,0.010,0.976,0.014
707000,0.010,0.962,0.028
707500,0.010,0.968,0.022
708000,0.010,0.968,0.022
708500,0.010,0.963,0.027
709000,0.010,0.958,0.032
709500,0.010,0.954,0.036
710000,0.010,0.972,0.018
710500,0.010,0.975,0.015
711000,0.010,0.975,0.015
711500,0.010,0.969,0.021
712000,0.010,0.967,0.023
712500,0.010,0.957,0.033
713000,0.010,0.976,0.014
713500,0.010,0.976,0.014
714000,0.010,0.974,0.016
714500,0.010,0.979,0.011
715000,0.010,0.963,0.027
715500,0.010,0.960,0.030
716000,0.010,0.952,0.038
716500,0.010,0.964,0.026
717000,0.010,0.948,0.042
717500,0.010,0.968,0.022
718000,0.010,0.972,0.018
718500,0.010,0.976,0.014
719000,0.010,0.973,0.017
719500,0.010,0.980,0.010
720000,0.010,0.975,0.015
720500,0.010,0.961,0.029
721000,0.010,0.969,0.021
721500,0.010,0.971,0.019
722000,0.010,0.984,0.006
722500,0.010,0.983,0.007
723000,0.010,0.974,0.016
723500,0.010,0.969,0.021
724000,0.010,0.967,0.023
724500,0.010,0.968,0.022
725000,0.010,0.959,0.031
725500,0.010,0.970,0.020
726000,0.010,0.967,0.023
726500,0.010,0.952,0.038
727000,0.010,0.956,0.034
727500,0.010,0.966,0.024
728000,0.010,0.957,0.033
728500,0.010,0.965,0.025
729000,0.010,0.958,0.032
729500,0.010,0.968,0.022
730000,0.010,0.960,0.030
730500,0.010,0.952,0.038
731000,0.010,0.955,0.035
731500,0.010,0.974,0.016
732000,0.010,0.943,0.047
732500,0.010,0.969,0.021
733000,0.010,0.974,0.016
733500,0.010,0.979,0.011
734000,0.010,0.973,0.017
734500,0.010,0.947,0.043
735000,0.010,0.954,0.036
735500,0.010,0.959,0.031
736000,0.010,0.957,0.033
736500,0.010,0.960,0.030
737000,0.010,0.926,0.064
737500,0.010,0.950,0.040
738000,0.010,0.962,0.028
738500,0.010,0.945,0.045
739000,0.010,0.963,0.027
739500,0.010,0.972,0.018
740000,0.010,0.971,0.019
740500,0.010,0.969,0.021
741000,0.010,0.973,0.017
741500,0.010,0.946,0.044
742000,0.010,0.969,0.021
742500,0.010,0.970,0.020
743000,0.010,0.975,0.015
743500,0.010,0.963,0.027
744000,0.010,0.973,0.017
744500,0.010,0.952,0.038
745000,0.010,0.974,0.016
745500,0.010,0.968,0.022
746000,0.010,0.957,0.033
746500,0.010,0.967,0.023
747000,0.010,0.979,0.011
747500,0.010,0.966,0.024
748000,0.010,0.959,0.031
748500,0.010,0.971,0.019
749000,0.010,0.971,0.019
749500,0.010,0.966,0.024
750000,0.010,0.971,0.019
750500,0.010,0.972,0.018
751000,0.010,0.968,0.022
751500,0.010,0.972,0.018
752000,0.010,0.972,0.018
752500,0.010,0.978,0.012
753000,0.010,0.985,0.005
753500,0.010,0.967,0.023
754000,0.010,0.944,0.046
754500,0.010,0.951,0.039
755000,0.010,0.975,0.015
755500,0.010,0.974,0.016
756000,0.010,0.979,0.011
756500,0.010,0.979,0.011
757000,0.010,0.969,0.021
757500,0.010,0.980,0.010
758000,0.010,0.977,0.013
758500,0.010,0.974,0.016
759000,0.010,0.964,0.026
759500,0.010,0.964,0.026
760000,0.010,0.969,0.021
760500,0.010,0.981,0.009
761000,0.010,0.975,0.015
761500,0.010,0.973,0.017
762000,0.010,0.959,0.031
762500,0.010,0.977,0.013
763000,0.010,0.970,0.020
763500,0.010,0.972,0.018
764000,0.010,0.976,0.014
764500,0.010,0.980,0.010
765000,0.010,0.969,0.021
765500,0.010,0.968,0.022
766000,0.010,0.966,0.024
766500,0.010,0.951,0.039
767000,0.010,0.951,0.039
767500,0.010,0.959,0.031
768000,0.010,0.966,0.024
768500,0.010,0.958,0.032
769000,0.010,0.969,0.021
769500,0.010,0.975,0.015
770000,0.010,0.969,0.021
770500,0.010,0.976,0.014
771000,0.010,0.975,0.015
771500,0.010,0.963,0.027
772000,0.010,0.956,0.034
772500,0.010,0.961,0.029
773000,0.010,0.957,0.033
773500,0.010,0.959,0.031
774000,0.010,0.966,0.024
774500,0.010,0.963,0.027
775000,0.010,0.965,0.025
775500,0.010,0.943,0.047
776000,0.010,0.961,0.029
776500,0.010,0.967,0.023
777000,0.010,0.972,0.018
777500,0.010,0.971,0.019
778000,0.010,0.983,0.007
778500,0.010,0.985,0.005
779000,0.010,0.972,0.018
779500,0.010,0.960,0.030
780000,0.010,0.977,0.013
780500,0.010,0.983,0.007
781000,0.010,0.970,0.020
781500,0.010,0.966,0.024
782000,0.010,0.972,0.018
782500,0.010,0.963,0.027
783000,0.010,0.971,0.019
783500,0.010,0.979,0.011
784000,0.010,0.975,0.015
784500,0.010,0.985,0.005
785000,0.010,0.968,0.022
785500,0.010,0.953,0.037
786000,0.010,0.954,0.036
786500,0.010,0.949,0.041
787000,0.010,0.930,0.059
787500,0.010,0.939,0.051
788000,0.010,0.974,0.016
788500,0.010,0.968,0.022
789000,0.010,0.969,0.021
789500,0.010,0.950,0.040
790000,0.010,0.968,0.022
790500,0.010,0.979,0.011
791000,0.010,0.968,0.022
791500,0.010,0.960,0.030
792000,0.010,0.954,0.036
792500,0.010,0.962,0.028
793000,0.010,0.968,0.022
793500,0.010,0.971,0.019
794000,0.010,0.960,0.030
794500,0.010,0.942,0.048
795000,0.010,0.956,0.034
795500,0.010,0.969,0.021
796000,0.010,0.963,0.027
796500,0.010,0.953,0.037
797000,0.010,0.969,0.021
797500,0.010,0.960,0.030
798000,0.010,0.968,0.022
798500,0.010,0.960,0.030
799000,0.010,0.969,0.021
799500,0.010,0.955,0.035
800000,0.010,0.962,0.028
800500,0.010,0.963,0.027
801000,0.010,0.956,0.034
801500,0.010,0.959,0.031
802000,0.010,0.963,0.027
802500,0.010,0.975,0.015
803000,0.010,0.974,0.016
803500,0.010,0.955,0.035
804000,0.010,0.965,0.025
804500,0.010,0.959,0.031
805000,0.010,0.963,0.027
805500,0.010,0.973,0.017
806000,0.010,0.973,0.017
806500,0.010,0.968,0.022
807000,0.010,0.964,0.026
807500,0.010,0.961,0.029
808000,0.010,0.960,0.030
808500,0.010,0.961,0.029
809000,0.010,0.964,0.026
809500,0.010,0.970,0.020
810000,0.010,0.965,0.025
810500,0.010,0.963,0.027
811000,0.010,0.970,0.020
811500,0.010,0.950,0.040
812000,0.010,0.972,0.018
812500,0.010,0.979,0.011
813000,0.010,0.980,0.010
813500,0.010,0.979,0.011
814000,0.010,0.975,0.015
814500,0.010,0.967,0.023
815000,0.010,0.967,0.023
815500,0.010,0.961,0.029
816000,0.010,0.965,0.025
816500,0.010,0.957,0.033
817000,0.010,0.955,0.035
817500,0.010,0.964,0.026
818000,0.010,0.976,0.014
818500,0.010,0.961,0.029
819000,0.010,0.972,0.018
819500,0.010,0.977,0.013
820000,0.010,0.966,0.024
820500,0.010,0.963,0.027
821000,0.010,0.969,0.021
821500,0.010,0.972,0.018
822000,0.010,0.971,0.019
822500,0.010,0.961,0.029
823000,0.010,0.977,0.013
823500,0.010,0.977,0.013
824000,0.010,0.982,0.008
824500,0.010,0.980,0.010
825000,0.010,0.978,0.012
825500,0.010,0.966,0.024
826000,0.010,0.977,0.013
826500,0.010,0.962,0.028
827000,0.010,0.951,0.039
827500,0.010,0.959,0.031
828000,0.010,0.954,0.036
828500,0.010,0.974,0.016
829000,0.010,0.980,0.010
829500,0.010,0.981,0.009
830000,0.010,0.973,0.017
830500,0.010,0.967,0.023
831000,0.010,0.970,0.020
831500,0.010,0.954,0.036
832000,0.010,0.968,0.022
832500,0.010,0.966,0.024
833000,0.010,0.974,0.016
833500,0.010,0.975,0.015
834000,0.010,0.956,0.034
834500,0.010,0.962,0.028
835000,0.010,0.973,0.017
835500,0.010,0.951,0.039
836000,0.010,0.950,0.040
836500,0.010,0.972,0.018
837000,0.010,0.984,0.006
837500,0.010,0.979,0.011
838000,0.010,0.971,0.019
838500,0.010,0.972,0.018
839000,0.010,0.974,0.016
839500,0.010,0.948,0.042
840000,0.010,0.958,0.032
840500,0.010,0.960,0.030
841000,0.010,0.959,0.031
841500,0.010,0.970,0.020
842000,0.010,0.980,0.010
842500,0.010,0.985,0.005
843000,0.010,0.982,0.008
843500,0.010,0.974,0.016
844000,0.010,0.978,0.012
844500,0.010,0.978,0.012
845000,0.010,0.980,0.010
845500,0.010,0.976,0.014
846000,0.010,0.981,0.009
846500,0.010,0.964,0.026
847000,0.010,0.976,0.014
847500,0.010,0.958,0.032
848000,0.010,0.974,0.016
848500,0.010,0.967,0.023
849000,0.010,0.962,0.028
849500,0.010,0.979,0.011
850000,0.010,0.972,0.018
850500,0.010,0.963,0.027
851000,0.010,0.974,0.016
851500,0.010,0.963,0.027
852000,0.010,0.966,0.024
852500,0.010,0.965,0.025
853000,0.010,0.967,0.023
853500,0.010,0.971,0.019
854000,0.010,0.982,0.008
854500,0.010,0.973,0.017
855000,0.010,0.966,0.024
855500,0.010,0.970,0.020
856000,0.010,0.965,0.025
856500,0.010,0.960,0.030
857000,0.010,0.963,0.027
857500,0.010,0.962,0.028
858000,0.010,0.970,0.020
858500,0.010,0.975,0.015
859000,0.010,0.968,0.022
859500,0.010,0.965,0.025
860000,0.010,0.972,0.018
860500,0.010,0.975,0.015
861000,0.010,0.974,0.016
861500,0.010,0.958,0.032
862000,0.010,0.950,0.040
862500,0.010,0.960,0.030
863000,0.010,0.977,0.013
863500,0.010,0.967,0.023
864000,0.010,0.971,0.019
864500,0.010,0.981,0.009
865000,0.010,0.962,0.028
865500,0.010,0.965,0.025
866000,0.010,0.953,0.037
866500,0.010,0.942,0.048
867000,0.010,0.934,0.055
867500,0.010,0.968,0.022
868000,0.010,0.971,0.019
868500,0.010,0.982,0.008
869000,0.010,0.967,0.023
869500,0.010,0.961,0.029
870000,0.010,0.983,0.007
870500,0.010,0.981,0.009
871000,0.010,0.971,0.019
871500,0.010,0.945,0.045
872000,0.010,0.975,0.015
872500,0.010,0.962,0.028
873000,0.010,0.981,0.009
873500,0.010,0.936,0.054
874000,0.010,0.959,0.031
874500,0.010,0.954,0.036
875000,0.010,0.974,0.016
875500,0.010,0.960,0.030
876000,0.010,0.947,0.043
876500,0.010,0.977,0.013
877000,0.010,0.976,0.014
877500,0.010,0.967,0.023
878000,0.010,0.965,0.025
878500,0.010,0.979,0.011
879000,0.010,0.968,0.022
879500,0.010,0.968,0.022
880000,0.010,0.981,0.009
880500,0.010,0.958,0.032
881000,0.010,0.970,0.020
881500,0.010,0.972,0.018
882000,0.010,0.972,0.018
882500,0.010,0.952,0.038
883000,0.010,0.966,0.024
883500,0.010,0.954,0.036
884000,0.010,0.964,0.026
884500,0.010,0.930,0.059
885000,0.010,0.949,0.041
885500,0.010,0.939,0.051
886000,0.010,0.945,0.045
886500,0.010,0.954,0.036
887000,0.010,0.964,0.026
887500,0.010,0.963,0.027
888000,0.010,0.968,0.022
888500,0.010,0.981,0.009
889000,0.010,0.974,0.016
889500,0.010,0.960,0.030
890000,0.010,0.966,0.024
890500,0.010,0.972,0.018
891000,0.010,0.965,0.025
891500,0.010,0.964,0.026
892000,0.010,0.974,0.016
892500,0.010,0.969,0.021
893000,0.010,0.967,0.023
893500,0.010,0.987,0.003
894000,0.010,0.980,0.010
894500,0.010,0.972,0.018
895000,0.010,0.963,0.027
895500,0.010,0.972,0.018
896000,0.010,0.975,0.015
896500,0.010,0.965,0.025
897000,0.010,0.982,0.008
897500,0.010,0.953,0.037
898000,0.010,0.970,0.020
898500,0.010,0.956,0.034
899000,0.010,0.949,0.041
899500,0.010,0.960,0.030
900000,0.010,0.973,0.017
900500,0.010,0.961,0.029
901000,0.010,0.972,0.018
901500,0.010,0.978,0.012
902000,0.010,0.981,0.009
902500,0.010,0.984,0.006
903000,0.010,0.984,0.006
903500,0.010,0.964,0.026
904000,0.010,0.968,0.022
904500,0.010,0.983,0.007
905000,0.010,0.963,0.027
905500,0.010,0.978,0.012
906000,0.010,0.980,0.010
906500,0.010,0.963,0.027
907000,0.010,0.945,0.045
907500,0.010,0.931,0.058
908000,0.010,0.962,0.028
908500,0.010,0.976,0.014
909000,0.010,0.973,0.017
909500,0.010,0.957,0.033
910000,0.010,0.984,0.006
910500,0.010,0.978,0.012
911000,0.010,0.969,0.021
911500,0.010,0.972,0.018
912000,0.010,0.970,0.020
912500,0.010,0.967,0.023
913000,0.010,0.974,0.016
913500,0.010,0.966,0.024
914000,0.010,0.967,0.023
914500,0.010,0.957,0.033
915000,0.010,0.970,0.020
915500,0.010,0.973,0.017
916000,0.010,0.968,0.022
916500,0.010,0.975,0.015
917000,0.010,0.966,0.024
917500,0.010,0.957,0.033
918000,0.010,0.985,0.005
918500,0.010,0.980,0.010
919000,0.010,0.982,0.008
919500,0.010,0.979,0.011
920000,0.010,0.977,0.013
920500,0.010,0.977,0.013
921000,0.010,0.965,0.025
921500,0.010,0.972,0.018
922000,0.010,0.973,0.017
922500,0.010,0.945,0.045
923000,0.010,0.951,0.039
923500,0.010,0.961,0.029
924000,0.010,0.974,0.016
924500,0.010,0.951,0.039
925000,0.010,0.977,0.013
925500,0.010,0.974,0.016
926000,0.010,0.966,0.024
926500,0.010,0.961,0.029
927000,0.010,0.955,0.035
927500,0.010,0.966,0.024
928000,0.010,0.972,0.018
928500,0.010,0.974,0.016
929000,0.010,0.968,0.022
929500,0.010,0.971,0.019
930000,0.010,0.972,0.018
930500,0.010,0.983,0.007
931000,0.010,0.971,0.019
931500,0.010,0.965,0.025
932000,0.010,0.966,0.024
932500,0.010,0.976,0.014
933000,0.010,0.950,0.040
933500,0.010,0.951,0.039
934000,0.010,0.956,0.034
934500,0.010,0.961,0.029
935000,0.010,0.972,0.018
935500,0.010,0.977,0.013
936000,0.010,0.970,0.020
936500,0.010,0.977,0.013
937000,0.010,0.967,0.023
937500,0.010,0.981,0.009
938000,0.010,0.957,0.033
938500,0.010,0.959,0.031
939000,0.010,0.961,0.029
939500,0.010,0.948,0.042
940000,0.010,0.957,0.033
940500,0.010,0.959,0.031
941000,0.010,0.959,0.031
941500,0.010,0.959,0.031
942000,0.010,0.951,0.039
942500,0.010,0.972,0.018
943000,0.010,0.966,0.024
943500,0.010,0.958,0.032
944000,0.010,0.967,0.023
944500,0.010,0.961,0.029
945000,0.010,0.966,0.024
945500,0.010,0.980,0.010
946000,0.010,0.959,0.031
946500,0.010,0.954,0.036
947000,0.010,0.961,0.029
947500,0.010,0.959,0.031
948000,0.010,0.950,0.040
948500,0.010,0.938,0.052
949000,0.010,0.938,0.052
949500,0.010,0.965,0.025
950000,0.010,0.971,0.019
950500,0.010,0.978,0.012
951000,0.010,0.968,0.022
951500,0.010,0.968,0.022
952000,0.010,0.965,0.025
952500,0.010,0.965,0.025
953000,0.010,0.961,0.029
953500,0.010,0.946,0.044
954000,0.010,0.953,0.037
954500,0.010,0.953,0.037
955000,0.010,0.964,0.026
955500,0.010,0.974,0.016
956000,0.010,0.982,0.008
956500,0.010,0.975,0.015
957000,0.010,0.967,0.023
957500,0.010,0.963,0.027
958000,0.010,0.970,0.020
958500,0.010,0.977,0.013
959000,0.010,0.963,0.027
959500,0.010,0.973,0.017
960000,0.010,0.971,0.019
960500,0.010,0.980,0.010
961000,0.010,0.977,0.013
961500,0.010,0.968,0.022
962000,0.010,0.975,0.015
962500,0.010,0.971,0.019
963000,0.010,0.962,0.028
963500,0.010,0.963,0.027
964000,0.010,0.975,0.015
964500,0.010,0.981,0.009
965000,0.010,0.972,0.018
965500,0.010,0.977,0.013
966000,0.010,0.974,0.016
966500,0.010,0.964,0.026
967000,0.010,0.972,0.018
967500,0.010,0.967,0.023
968000,0.010,0.978,0.012
968500,0.010,0.965,0.025
969000,0.010,0.962,0.028
969500,0.010,0.979,0.011
970000,0.010,0.966,0.024
970500,0.010,0.956,0.034
971000,0.010,0.972,0.018
971500,0.010,0.969,0.021
972000,0.010,0.962,0.028
972500,0.010,0.966,0.024
973000,0.010,0.975,0.015
973500,0.010,0.971,0.019
974000,0.010,0.956,0.034
974500,0.010,0.965,0.025
975000,0.010,0.974,0.016
975500,0.010,0.973,0.017
976000,0.010,0.975,0.015
976500,0.010,0.970,0.020
977000,0.010,0.953,0.037
977500,0.010,0.969,0.021
978000,0.010,0.972,0.018
978500,0.010,0.953,0.037
979000,0.010,0.971,0.019
979500,0.010,0.973,0.017
980000,0.010,0.966,0.024
980500,0.010,0.965,0.025
981000,0.010,0.964,0.026
981500,0.010,0.964,0.026
982000,0.010,0.914,0.076
982500,0.010,0.958,0.032
983000,0.010,0.976,0.014
983500,0.010,0.975,0.015
984000,0.010,0.956,0.034
984500,0.010,0.963,0.027
985000,0.010,0.986,0.004
985500,0.010,0.973,0.017
986000,0.010,0.968,0.022
986500,0.010,0.966,0.024
987000,0.010,0.941,0.049
987500,0.010,0.952,0.038
988000,0.010,0.959,0.031
988500,0.010,0.969,0.021
989000,0.010,0.982,0.008
989500,0.010,0.983,0.007
990000,0.010,0.972,0.018
990500,0.010,0.973,0.017
991000,0.010,0.955,0.035
991500,0.010,0.951,0.039
992000,0.010,0.960,0.030
992500,0.010,0.960,0.030
993000,0.010,0.958,0.032
993500,0.010,0.974,0.016
994000,0.010,0.972,0.018
994500,0.010,0.970,0.020
995000,0.010,0.968,0.022
995500,0.010,0.984,0.006
996000,0.010,0.965,0.025
996500,0.010,0.959,0.031
997000,0.010,0.944,0.046
997500,0.010,0.958,0.032
998000,0.010,0.957,0.033
998500,0.010,0.963,0.027
999000,0.010,0.967,0.023
999500,0.010,0.963,0.027
1000000,0.010,0.974,0.016
