time,n_A+p,n_B,n_AB
500,0.050,0.867,0.083
1000,0.050,0.834,0.116
1500,0.050,0.814,0.136
2000,0.050,0.822,0.128
2500,0.050,0.788,0.162
3000,0.050,0.793,0.156
3500,0.050,0.774,0.176
4000,0.050,0.778,0.171
4500,0.050,0.788,0.161
5000,0.050,0.782,0.167
5500,0.050,0.777,0.173
6000,0.050,0.785,0.165
6500,0.050,0.823,0.127
7000,0.050,0.825,0.125
7500,0.050,0.810,0.140
8000,0.050,0.800,0.149
8500,0.050,0.803,0.147
9000,0.050,0.798,0.152
9500,0.050,0.815,0.135
10000,0.050,0.793,0.156
10500,0.050,0.766,0.184
11000,0.050,0.796,0.153
11500,0.050,0.795,0.155
12000,0.050,0.789,0.161
12500,0.050,0.776,0.173
13000,0.050,0.789,0.161
13500,0.050,0.810,0.140
14000,0.050,0.800,0.150
14500,0.050,0.771,0.178
15000,0.050,0.772,0.177
15500,0.050,0.784,0.165
16000,0.050,0.788,0.162
16500,0.050,0.788,0.162
17000,0.050,0.805,0.145
17500,0.050,0.785,0.165
18000,0.050,0.793,0.157
18500,0.050,0.792,0.158
19000,0.050,0.796,0.153
19500,0.050,0.781,0.169
20000,0.050,0.797,0.153
20500,0.050,0.797,0.153
21000,0.050,0.793,0.157
21500,0.050,0.816,0.134
22000,0.050,0.798,0.152
22500,0.050,0.818,0.132
23000,0.050,0.810,0.139
23500,0.050,0.808,0.142
24000,0.050,0.794,0.156
24500,0.050,0.764,0.186
25000,0.050,0.757,0.193
25500,0.050,0.777,0.172
26000,0.050,0.774,0.176
26500,0.050,0.756,0.194
27000,0.050,0.758,0.192
27500,0.050,0.751,0.199
28000,0.050,0.811,0.138
28500,0.050,0.795,0.155
29000,0.050,0.825,0.125
29500,0.050,0.810,0.139
30000,0.050,0.829,0.121
30500,0.050,0.827,0.123
31000,0.050,0.794,0.156
31500,0.050,0.792,0.157
32000,0.050,0.788,0.161
32500,0.050,0.762,0.188
33000,0.050,0.777,0.173
33500,0.050,0.760,0.190
34000,0.050,0.758,0.192
34500,0.050,0.793,0.156
35000,0.050,0.789,0.160
35500,0.050,0.792,0.157
36000,0.050,0.799,0.151
36500,0.050,0.808,0.141
37000,0.050,0.780,0.169
37500,0.050,0.777,0.172
38000,0.050,0.761,0.189
38500,0.051,0.762,0.186
39000,0.050,0.769,0.180
39500,0.050,0.747,0.203
40000,0.050,0.736,0.214
40500,0.050,0.729,0.221
41000,0.050,0.745,0.205
41500,0.050,0.744,0.206
42000,0.050,0.752,0.198
42500,0.050,0.769,0.181
43000,0.050,0.755,0.195
43500,0.050,0.740,0.210
44000,0.050,0.759,0.191
44500,0.050,0.801,0.149
45000,0.050,0.792,0.157
45500,0.050,0.815,0.135
46000,0.050,0.809,0.141
46500,0.050,0.819,0.131
47000,0.050,0.792,0.157
47500,0.050,0.776,0.173
48000,0.050,0.797,0.152
48500,0.050,0.777,0.173
49000,0.050,0.797,0.152
49500,0.050,0.795,0.155
50000,0.050,0.784,0.165
50500,0.050,0.808,0.142
51000,0.050,0.819,0.131
51500,0.050,0.825,0.125
52000,0.050,0.824,0.126
52500,0.050,0.810,0.139
53000,0.050,0.792,0.158
53500,0.050,0.794,0.156
54000,0.050,0.806,0.144
54500,0.050,0.782,0.167
55000,0.050,0.786,0.164
55500,0.050,0.783,0.166
56000,0.050,0.762,0.188
56500,0.050,0.781,0.168
57000,0.050,0.814,0.136
57500,0.050,0.795,0.155
58000,0.050,0.785,0.164
58500,0.050,0.727,0.223
59000,0.050,0.701,0.249
59500,0.050,0.718,0.232
60000,0.050,0.744,0.206
60500,0.050,0.745,0.205
61000,0.050,0.795,0.155
61500,0.050,0.784,0.165
62000,0.050,0.792,0.157
62500,0.050,0.797,0.152
63000,0.051,0.795,0.153
63500,0.051,0.792,0.157
64000,0.051,0.766,0.183
64500,0.050,0.792,0.158
65000,0.050,0.766,0.183
65500,0.050,0.788,0.161
66000,0.050,0.800,0.149
66500,0.050,0.785,0.164
67000,0.050,0.760,0.190
67500,0.050,0.785,0.164
68000,0.050,0.772,0.178
68500,0.050,0.766,0.184
69000,0.050,0.802,0.148
69500,0.050,0.745,0.205
70000,0.050,0.775,0.174
70500,0.050,0.763,0.187
71000,0.050,0.789,0.161
71500,0.050,0.791,0.158
72000,0.050,0.797,0.153
72500,0.050,0.779,0.170
73000,0.050,0.752,0.198
73500,0.050,0.776,0.173
74000,0.050,0.725,0.225
74500,0.050,0.737,0.213
75000,0.050,0.778,0.172
75500,0.050,0.771,0.178
76000,0.050,0.789,0.161
76500,0.050,0.816,0.134
77000,0.050,0.824,0.126
77500,0.050,0.815,0.135
78000,0.050,0.776,0.173
78500,0.050,0.800,0.149
79000,0.050,0.816,0.134
79500,0.050,0.809,0.141
80000,0.050,0.809,0.141
80500,0.050,0.783,0.167
81000,0.050,0.759,0.191
81500,0.050,0.741,0.209
82000,0.050,0.752,0.198
82500,0.050,0.745,0.205
83000,0.050,0.697,0.253
83500,0.050,0.728,0.222
84000,0.052,0.725,0.223
84500,0.051,0.697,0.253
85000,0.051,0.745,0.205
85500,0.050,0.708,0.242
86000,0.050,0.730,0.220
86500,0.050,0.722,0.228
87000,0.050,0.714,0.236
87500,0.050,0.747,0.203
88000,0.050,0.730,0.220
88500,0.050,0.759,0.191
89000,0.050,0.744,0.206
89500,0.050,0.753,0.197
90000,0.050,0.727,0.223
90500,0.050,0.754,0.196
91000,0.050,0.749,0.201
91500,0.050,0.723,0.227
92000,0.050,0.774,0.175
92500,0.050,0.752,0.198
93000,0.050,0.777,0.172
93500,0.050,0.781,0.169
94000,0.050,0.787,0.162
94500,0.050,0.782,0.167
95000,0.050,0.789,0.160
95500,0.050,0.772,0.178
96000,0.050,0.749,0.201
96500,0.050,0.738,0.212
97000,0.050,0.776,0.174
97500,0.050,0.769,0.181
98000,0.050,0.768,0.181
98500,0.050,0.791,0.158
99000,0.050,0.790,0.160
99500,0.050,0.778,0.171
100000,0.050,0.782,0.168
100500,0.050,0.771,0.178
101000,0.050,0.775,0.174
101500,0.050,0.789,0.161
102000,0.050,0.790,0.159
102500,0.050,0.752,0.198
103000,0.050,0.762,0.188
103500,0.050,0.762,0.188
104000,0.050,0.760,0.190
104500,0.050,0.766,0.184
105000,0.050,0.759,0.191
105500,0.050,0.782,0.168
106000,0.050,0.757,0.193
106500,0.050,0.756,0.194
107000,0.050,0.762,0.188
107500,0.050,0.746,0.204
108000,0.050,0.750,0.200
108500,0.050,0.749,0.201
109000,0.050,0.768,0.181
109500,0.050,0.797,0.152
110000,0.050,0.794,0.155
110500,0.050,0.770,0.180
111000,0.050,0.758,0.192
111500,0.050,0.781,0.168
112000,0.050,0.775,0.174
112500,0.050,0.776,0.173
113000,0.050,0.756,0.194
113500,0.050,0.761,0.189
114000,0.050,0.792,0.157
114500,0.050,0.780,0.170
115000,0.050,0.785,0.164
115500,0.050,0.783,0.166
116000,0.050,0.788,0.161
116500,0.050,0.819,0.131
117000,0.050,0.785,0.165
117500,0.050,0.756,0.194
118000,0.050,0.770,0.180
118500,0.050,0.773,0.177
119000,0.050,0.773,0.177
119500,0.050,0.809,0.140
120000,0.050,0.811,0.138
120500,0.050,0.810,0.140
121000,0.050,0.803,0.146
121500,0.052,0.777,0.171
122000,0.051,0.778,0.171
122500,0.051,0.753,0.197
123000,0.050,0.772,0.177
123500,0.050,0.783,0.167
124000,0.050,0.761,0.189
124500,0.050,0.795,0.155
125000,0.050,0.797,0.153
125500,0.050,0.777,0.173
126000,0.050,0.776,0.174
126500,0.050,0.767,0.183
127000,0.050,0.797,0.153
127500,0.050,0.763,0.186
128000,0.050,0.761,0.189
128500,0.050,0.765,0.185
129000,0.050,0.744,0.206
129500,0.050,0.763,0.187
130000,0.050,0.737,0.213
130500,0.050,0.748,0.202
131000,0.050,0.752,0.198
131500,0.050,0.760,0.190
132000,0.050,0.770,0.179
132500,0.050,0.785,0.165
133000,0.050,0.738,0.212
133500,0.050,0.761,0.189
134000,0.050,0.783,0.166
134500,0.051,0.815,0.134
135000,0.051,0.788,0.161
135500,0.050,0.768,0.181
136000,0.050,0.798,0.152
136500,0.050,0.777,0.173
137000,0.050,0.751,0.199
137500,0.050,0.781,0.169
138000,0.050,0.795,0.154
138500,0.050,0.792,0.157
139000,0.050,0.781,0.169
139500,0.050,0.789,0.160
140000,0.050,0.771,0.178
140500,0.050,0.807,0.143
141000,0.050,0.783,0.166
141500,0.050,0.770,0.180
142000,0.050,0.801,0.148
142500,0.050,0.776,0.173
143000,0.050,0.786,0.164
143500,0.050,0.741,0.209
144000,0.050,0.728,0.222
144500,0.050,0.738,0.212
145000,0.050,0.765,0.184
145500,0.050,0.767,0.183
146000,0.050,0.755,0.195
146500,0.050,0.779,0.171
147000,0.050,0.803,0.147
147500,0.050,0.820,0.130
148000,0.050,0.824,0.126
148500,0.050,0.797,0.152
149000,0.050,0.784,0.165
149500,0.050,0.773,0.177
150000,0.050,0.748,0.202
150500,0.050,0.723,0.227
151000,0.050,0.758,0.192
151500,0.050,0.730,0.220
152000,0.050,0.747,0.203
152500,0.050,0.773,0.176
153000,0.050,0.781,0.168
153500,0.050,0.774,0.175
154000,0.050,0.757,0.193
154500,0.050,0.771,0.178
155000,0.050,0.815,0.135
155500,0.050,0.797,0.152
156000,0.050,0.766,0.184
156500,0.050,0.809,0.140
157000,0.050,0.773,0.176
157500,0.050,0.767,0.183
158000,0.050,0.734,0.216
158500,0.050,0.767,0.183
159000,0.050,0.780,0.169
159500,0.050,0.754,0.196
160000,0.050,0.727,0.223
160500,0.050,0.772,0.178
161000,0.050,0.753,0.197
161500,0.050,0.772,0.178
162000,0.050,0.733,0.217
162500,0.050,0.773,0.176
163000,0.050,0.794,0.156
163500,0.050,0.787,0.163
164000,0.050,0.767,0.182
164500,0.050,0.787,0.163
165000,0.050,0.763,0.186
165500,0.050,0.764,0.185
166000,0.050,0.761,0.189
166500,0.050,0.764,0.185
167000,0.050,0.760,0.190
167500,0.050,0.736,0.214
168000,0.050,0.745,0.205
168500,0.050,0.722,0.228
169000,0.050,0.728,0.222
169500,0.050,0.756,0.194
170000,0.050,0.776,0.173
170500,0.050,0.752,0.198
171000,0.050,0.749,0.201
171500,0.050,0.757,0.193
172000,0.050,0.771,0.178
172500,0.050,0.793,0.157
173000,0.050,0.810,0.140
173500,0.050,0.774,0.176
174000,0.050,0.784,0.166
174500,0.050,0.815,0.135
175000,0.050,0.826,0.124
175500,0.050,0.814,0.136
176000,0.050,0.800,0.150
176500,0.050,0.802,0.148
177000,0.050,0.778,0.172
177500,0.050,0.785,0.165
178000,0.050,0.730,0.220
178500,0.050,0.744,0.206
179000,0.050,0.757,0.193
179500,0.050,0.757,0.193
180000,0.050,0.747,0.203
180500,0.050,0.736,0.214
181000,0.050,0.715,0.235
181500,0.050,0.710,0.240
182000,0.050,0.713,0.237
182500,0.050,0.742,0.208
183000,0.050,0.742,0.208
183500,0.050,0.738,0.212
184000,0.050,0.731,0.219
184500,0.050,0.718,0.232
185000,0.050,0.714,0.236
185500,0.050,0.716,0.234
186000,0.050,0.749,0.201
186500,0.050,0.746,0.204
187000,0.050,0.714,0.236
187500,0.050,0.728,0.222
188000,0.050,0.768,0.181
188500,0.050,0.775,0.175
189000,0.050,0.747,0.203
189500,0.050,0.738,0.212
190000,0.050,0.775,0.175
190500,0.050,0.792,0.157
191000,0.050,0.785,0.165
191500,0.050,0.769,0.180
192000,0.050,0.768,0.182
192500,0.050,0.778,0.172
193000,0.050,0.735,0.215
193500,0.050,0.701,0.249
194000,0.050,0.755,0.195
194500,0.050,0.732,0.218
195000,0.050,0.794,0.156
195500,0.050,0.808,0.142
196000,0.050,0.793,0.157
196500,0.050,0.759,0.191
197000,0.050,0.766,0.183
197500,0.050,0.764,0.185
198000,0.050,0.758,0.192
198500,0.050,0.757,0.193
199000,0.050,0.766,0.184
199500,0.050,0.762,0.188
200000,0.050,0.761,0.189
200500,0.050,0.763,0.186
201000,0.050,0.791,0.159
201500,0.050,0.799,0.151
202000,0.050,0.781,0.169
202500,0.050,0.819,0.131
203000,0.050,0.762,0.188
203500,0.050,0.740,0.210
204000,0.050,0.764,0.186
204500,0.050,0.749,0.201
205000,0.050,0.784,0.166
205500,0.050,0.774,0.176
206000,0.050,0.782,0.168
206500,0.050,0.762,0.188
207000,0.050,0.743,0.207
207500,0.050,0.744,0.206
208000,0.050,0.795,0.154
208500,0.050,0.790,0.160
209000,0.050,0.751,0.199
209500,0.050,0.760,0.190
210000,0.050,0.768,0.182
210500,0.050,0.770,0.180
211000,0.050,0.779,0.171
211500,0.050,0.819,0.131
212000,0.050,0.812,0.137
212500,0.050,0.761,0.189
213000,0.050,0.777,0.173
213500,0.050,0.758,0.192
214000,0.050,0.761,0.189
214500,0.050,0.768,0.181
215000,0.050,0.756,0.194
215500,0.051,0.797,0.152
216000,0.050,0.762,0.188
216500,0.050,0.779,0.171
217000,0.050,0.765,0.185
217500,0.050,0.779,0.170
218000,0.050,0.748,0.202
218500,0.050,0.761,0.189
219000,0.050,0.762,0.188
219500,0.050,0.736,0.214
220000,0.050,0.763,0.187
220500,0.050,0.763,0.186
221000,0.050,0.764,0.186
221500,0.050,0.750,0.200
222000,0.050,0.749,0.201
222500,0.050,0.754,0.196
223000,0.050,0.758,0.192
223500,0.050,0.749,0.201
224000,0.050,0.750,0.200
224500,0.050,0.798,0.152
225000,0.050,0.768,0.182
225500,0.050,0.752,0.198
226000,0.050,0.755,0.195
226500,0.050,0.770,0.179
227000,0.050,0.761,0.189
227500,0.050,0.753,0.197
228000,0.050,0.758,0.192
228500,0.050,0.769,0.181
229000,0.050,0.781,0.168
229500,0.050,0.768,0.182
230000,0.050,0.787,0.163
230500,0.050,0.795,0.154
231000,0.050,0.788,0.161
231500,0.050,0.785,0.164
232000,0.050,0.813,0.137
232500,0.050,0.819,0.131
233000,0.050,0.810,0.140
233500,0.050,0.763,0.187
234000,0.050,0.812,0.138
234500,0.050,0.771,0.178
235000,0.050,0.759,0.191
235500,0.050,0.782,0.168
236000,0.050,0.776,0.173
236500,0.050,0.788,0.161
237000,0.050,0.766,0.184
237500,0.050,0.798,0.151
238000,0.050,0.756,0.194
238500,0.050,0.780,0.170
239000,0.050,0.764,0.186
239500,0.050,0.788,0.162
240000,0.050,0.784,0.166
240500,0.050,0.781,0.168
241000,0.050,0.804,0.145
241500,0.050,0.797,0.153
242000,0.050,0.771,0.178
242500,0.050,0.781,0.169
243000,0.050,0.763,0.187
243500,0.050,0.789,0.161
244000,0.050,0.813,0.137
244500,0.050,0.770,0.179
245000,0.050,0.809,0.141
245500,0.050,0.786,0.164
246000,0.050,0.810,0.140
246500,0.050,0.790,0.159
247000,0.050,0.773,0.176
247500,0.050,0.771,0.178
248000,0.050,0.768,0.182
248500,0.050,0.753,0.197
249000,0.050,0.736,0.214
249500,0.050,0.762,0.188
250000,0.050,0.772,0.178
250500,0.050,0.786,0.163
251000,0.050,0.774,0.175
251500,0.050,0.770,0.179
252000,0.050,0.762,0.188
252500,0.050,0.786,0.163
253000,0.050,0.777,0.173
253500,0.050,0.777,0.173
254000,0.050,0.771,0.178
254500,0.050,0.728,0.222
255000,0.050,0.774,0.175
255500,0.050,0.746,0.204
256000,0.050,0.771,0.179
256500,0.050,0.762,0.188
257000,0.050,0.757,0.193
257500,0.050,0.771,0.178
258000,0.050,0.776,0.174
258500,0.050,0.792,0.157
259000,0.050,0.804,0.146
259500,0.050,0.787,0.162
260000,0.050,0.809,0.140
260500,0.050,0.807,0.142
261000,0.050,0.774,0.176
261500,0.050,0.762,0.188
262000,0.050,0.778,0.172
262500,0.050,0.807,0.142
263000,0.050,0.799,0.150
263500,0.050,0.781,0.169
264000,0.050,0.779,0.170
264500,0.050,0.776,0.173
265000,0.050,0.789,0.160
265500,0.050,0.772,0.177
266000,0.050,0.768,0.182
266500,0.050,0.752,0.198
267000,0.050,0.753,0.197
267500,0.050,0.731,0.219
268000,0.050,0.761,0.189
268500,0.050,0.749,0.201
269000,0.050,0.743,0.207
269500,0.050,0.741,0.209
270000,0.050,0.756,0.194
270500,0.050,0.765,0.184
271000,0.050,0.739,0.211
271500,0.050,0.699,0.251
272000,0.050,0.713,0.237
272500,0.050,0.748,0.202
273000,0.050,0.750,0.200
273500,0.050,0.769,0.180
274000,0.050,0.776,0.174
274500,0.050,0.796,0.154
275000,0.050,0.814,0.136
275500,0.050,0.792,0.157
276000,0.050,0.784,0.166
276500,0.050,0.784,0.165
277000,0.050,0.779,0.170
277500,0.050,0.770,0.180
278000,0.050,0.755,0.195
278500,0.050,0.745,0.205
279000,0.050,0.776,0.174
279500,0.050,0.735,0.215
280000,0.050,0.751,0.199
280500,0.050,0.757,0.193
281000,0.050,0.783,0.167
281500,0.050,0.771,0.179
282000,0.050,0.783,0.167
282500,0.050,0.747,0.203
283000,0.050,0.733,0.217
283500,0.050,0.744,0.206
284000,0.050,0.772,0.177
284500,0.050,0.771,0.179
285000,0.050,0.807,0.143
285500,0.050,0.817,0.133
286000,0.050,0.769,0.180
286500,0.050,0.776,0.174
287000,0.050,0.791,0.159
287500,0.050,0.783,0.167
288000,0.050,0.727,0.223
288500,0.050,0.750,0.200
289000,0.050,0.778,0.172
289500,0.050,0.770,0.180
290000,0.050,0.779,0.170
290500,0.050,0.795,0.154
291000,0.050,0.798,0.151
291500,0.050,0.800,0.149
292000,0.050,0.794,0.155
292500,0.050,0.726,0.224
293000,0.050,0.752,0.198
293500,0.050,0.759,0.191
294000,0.050,0.786,0.163
294500,0.050,0.798,0.151
295000,0.050,0.762,0.188
295500,0.050,0.760,0.190
296000,0.050,0.805,0.145
296500,0.050,0.806,0.144
297000,0.050,0.811,0.139
297500,0.050,0.805,0.145
298000,0.050,0.782,0.168
298500,0.050,0.734,0.216
299000,0.050,0.762,0.188
299500,0.050,0.746,0.204
300000,0.050,0.744,0.206
300500,0.053,0.756,0.191
301000,0.050,0.755,0.195
301500,0.050,0.755,0.195
302000,0.050,0.740,0.210
302500,0.050,0.756,0.194
303000,0.050,0.774,0.175
303500,0.050,0.794,0.156
304000,0.050,0.795,0.154
304500,0.050,0.771,0.179
305000,0.050,0.785,0.164
305500,0.050,0.787,0.162
306000,0.050,0.732,0.218
306500,0.050,0.731,0.219
307000,0.050,0.754,0.196
307500,0.050,0.780,0.170
308000,0.050,0.747,0.203
308500,0.050,0.773,0.176
309000,0.050,0.822,0.128
309500,0.050,0.835,0.115
310000,0.050,0.799,0.150
310500,0.050,0.797,0.152
311000,0.050,0.808,0.141
311500,0.050,0.837,0.113
312000,0.050,0.824,0.126
312500,0.050,0.827,0.123
313000,0.050,0.811,0.138
313500,0.050,0.807,0.142
314000,0.050,0.823,0.127
314500,0.050,0.811,0.139
315000,0.050,0.813,0.137
315500,0.050,0.777,0.172
316000,0.050,0.768,0.182
316500,0.050,0.776,0.174
317000,0.050,0.732,0.218
317500,0.050,0.775,0.175
318000,0.050,0.777,0.173
318500,0.050,0.818,0.132
319000,0.050,0.799,0.150
319500,0.050,0.753,0.197
320000,0.050,0.751,0.199
320500,0.050,0.751,0.199
321000,0.050,0.757,0.193
321500,0.050,0.753,0.197
322000,0.050,0.788,0.161
322500,0.050,0.794,0.156
323000,0.050,0.790,0.159
323500,0.050,0.764,0.186
324000,0.050,0.757,0.193
324500,0.050,0.778,0.172
325000,0.050,0.796,0.153
325500,0.050,0.770,0.179
326000,0.050,0.777,0.173
326500,0.050,0.755,0.195
327000,0.050,0.733,0.217
327500,0.050,0.759,0.191
328000,0.050,0.774,0.175
328500,0.050,0.800,0.149
329000,0.050,0.800,0.149
329500,0.050,0.776,0.174
330000,0.050,0.752,0.198
330500,0.050,0.751,0.199
331000,0.050,0.759,0.191
331500,0.050,0.755,0.195
332000,0.050,0.778,0.172
332500,0.050,0.810,0.140
333000,0.050,0.811,0.138
333500,0.050,0.821,0.129
334000,0.050,0.819,0.131
334500,0.050,0.811,0.139
335000,0.050,0.785,0.165
335500,0.050,0.752,0.198
336000,0.050,0.745,0.205
336500,0.050,0.761,0.189
337000,0.050,0.760,0.190
337500,0.050,0.790,0.159
338000,0.050,0.770,0.179
338500,0.050,0.730,0.220
339000,0.050,0.748,0.202
339500,0.050,0.740,0.210
340000,0.050,0.735,0.215
340500,0.050,0.766,0.184
341000,0.050,0.763,0.187
341500,0.050,0.760,0.190
342000,0.050,0.798,0.152
342500,0.050,0.797,0.153
343000,0.050,0.756,0.194
343500,0.050,0.756,0.194
344000,0.050,0.770,0.180
344500,0.050,0.731,0.219
345000,0.050,0.730,0.220
345500,0.050,0.760,0.190
346000,0.050,0.763,0.186
346500,0.050,0.780,0.169
347000,0.050,0.761,0.189
347500,0.050,0.774,0.175
348000,0.050,0.758,0.192
348500,0.050,0.753,0.197
349000,0.050,0.740,0.210
349500,0.050,0.762,0.188
350000,0.050,0.761,0.189
350500,0.050,0.795,0.155
351000,0.050,0.759,0.191
351500,0.050,0.782,0.167
352000,0.050,0.777,0.172
352500,0.050,0.778,0.172
353000,0.050,0.765,0.185
353500,0.050,0.761,0.189
354000,0.050,0.768,0.182
354500,0.050,0.778,0.172
355000,0.050,0.776,0.174
355500,0.050,0.789,0.160
356000,0.050,0.806,0.144
356500,0.050,0.803,0.146
357000,0.050,0.776,0.174
357500,0.050,0.763,0.187
358000,0.050,0.753,0.197
358500,0.050,0.767,0.182
359000,0.050,0.745,0.205
359500,0.050,0.768,0.181
360000,0.050,0.750,0.200
360500,0.050,0.776,0.174
361000,0.050,0.781,0.169
361500,0.050,0.747,0.203
362000,0.050,0.742,0.208
362500,0.050,0.772,0.178
363000,0.050,0.770,0.179
363500,0.050,0.771,0.178
364000,0.050,0.757,0.193
364500,0.050,0.766,0.184
365000,0.050,0.757,0.193
365500,0.050,0.746,0.204
366000,0.050,0.764,0.186
366500,0.050,0.747,0.203
367000,0.050,0.785,0.165
367500,0.050,0.753,0.197
368000,0.050,0.749,0.201
368500,0.050,0.776,0.173
369000,0.050,0.797,0.153
369500,0.050,0.791,0.159
370000,0.050,0.772,0.177
370500,0.050,0.745,0.205
371000,0.050,0.758,0.192
371500,0.050,0.746,0.204
372000,0.050,0.776,0.174
372500,0.050,0.773,0.177
373000,0.050,0.761,0.189
373500,0.050,0.760,0.190
374000,0.050,0.780,0.170
374500,0.050,0.773,0.176
375000,0.050,0.809,0.140
375500,0.050,0.775,0.174
376000,0.050,0.767,0.182
376500,0.050,0.756,0.194
377000,0.050,0.760,0.190
377500,0.050,0.797,0.153
378000,0.050,0.799,0.151
378500,0.050,0.782,0.168
379000,0.050,0.775,0.174
379500,0.050,0.774,0.175
380000,0.050,0.796,0.153
380500,0.050,0.797,0.152
381000,0.050,0.784,0.165
381500,0.050,0.805,0.145
382000,0.050,0.755,0.195
382500,0.050,0.730,0.220
383000,0.053,0.750,0.197
383500,0.051,0.757,0.192
384000,0.050,0.767,0.183
384500,0.050,0.740,0.210
385000,0.050,0.732,0.218
385500,0.050,0.738,0.212
386000,0.050,0.774,0.175
386500,0.050,0.777,0.173
387000,0.050,0.783,0.167
387500,0.050,0.814,0.136
388000,0.050,0.784,0.166
388500,0.050,0.759,0.191
389000,0.050,0.795,0.155
389500,0.050,0.747,0.203
390000,0.050,0.736,0.214
390500,0.050,0.777,0.173
391000,0.050,0.802,0.148
391500,0.050,0.804,0.145
392000,0.050,0.774,0.176
392500,0.050,0.756,0.194
393000,0.050,0.780,0.169
393500,0.050,0.758,0.192
394000,0.050,0.773,0.177
394500,0.050,0.788,0.162
395000,0.050,0.788,0.161
395500,0.050,0.767,0.183
396000,0.050,0.758,0.192
396500,0.050,0.780,0.169
397000,0.050,0.758,0.192
397500,0.050,0.766,0.183
398000,0.050,0.796,0.154
398500,0.050,0.781,0.169
399000,0.050,0.783,0.166
399500,0.050,0.793,0.156
400000,0.050,0.832,0.118
400500,0.050,0.820,0.130
401000,0.050,0.781,0.168
401500,0.050,0.804,0.146
402000,0.050,0.754,0.196
402500,0.050,0.778,0.172
403000,0.050,0.773,0.177
403500,0.050,0.770,0.180
404000,0.050,0.743,0.207
404500,0.050,0.767,0.183
405000,0.050,0.736,0.214
405500,0.050,0.765,0.184
406000,0.050,0.764,0.185
406500,0.050,0.757,0.193
407000,0.050,0.792,0.157
407500,0.050,0.796,0.154
408000,0.050,0.809,0.141
408500,0.050,0.786,0.163
409000,0.050,0.784,0.166
409500,0.050,0.768,0.181
410000,0.050,0.764,0.185
410500,0.050,0.781,0.169
411000,0.050,0.779,0.170
411500,0.050,0.775,0.175
412000,0.050,0.762,0.188
412500,0.050,0.789,0.161
413000,0.050,0.792,0.158
413500,0.050,0.797,0.152
414000,0.050,0.765,0.185
414500,0.050,0.791,0.158
415000,0.050,0.759,0.191
415500,0.050,0.752,0.198
416000,0.050,0.769,0.180
416500,0.050,0.751,0.199
417000,0.050,0.760,0.190
417500,0.050,0.767,0.182
418000,0.050,0.763,0.186
418500,0.050,0.770,0.179
419000,0.050,0.776,0.174
419500,0.050,0.755,0.195
420000,0.050,0.776,0.173
420500,0.050,0.793,0.157
421000,0.050,0.744,0.206
421500,0.050,0.768,0.182
422000,0.050,0.757,0.193
422500,0.050,0.697,0.253
423000,0.050,0.740,0.210
423500,0.050,0.728,0.222
424000,0.050,0.741,0.209
424500,0.050,0.761,0.189
425000,0.050,0.814,0.136
425500,0.050,0.809,0.141
426000,0.050,0.792,0.158
426500,0.050,0.798,0.152
427000,0.050,0.799,0.151
427500,0.050,0.792,0.157
428000,0.050,0.762,0.188
428500,0.050,0.767,0.182
429000,0.050,0.783,0.167
429500,0.050,0.765,0.184
430000,0.050,0.782,0.168
430500,0.050,0.766,0.184
431000,0.050,0.794,0.155
431500,0.050,0.775,0.174
432000,0.050,0.770,0.179
432500,0.050,0.780,0.170
433000,0.050,0.805,0.145
433500,0.050,0.804,0.145
434000,0.050,0.819,0.131
434500,0.050,0.775,0.175
435000,0.050,0.763,0.187
435500,0.050,0.754,0.196
436000,0.050,0.770,0.180
436500,0.050,0.766,0.184
437000,0.050,0.770,0.180
437500,0.050,0.783,0.167
438000,0.050,0.792,0.158
438500,0.050,0.772,0.177
439000,0.050,0.769,0.180
439500,0.050,0.759,0.191
440000,0.050,0.732,0.218
440500,0.050,0.713,0.237
441000,0.050,0.748,0.202
441500,0.050,0.763,0.187
442000,0.050,0.786,0.163
442500,0.050,0.785,0.165
443000,0.050,0.785,0.165
443500,0.050,0.728,0.222
444000,0.050,0.735,0.215
444500,0.050,0.780,0.170
445000,0.050,0.782,0.168
445500,0.050,0.778,0.171
446000,0.050,0.770,0.180
446500,0.050,0.764,0.186
447000,0.050,0.775,0.174
447500,0.050,0.792,0.157
448000,0.050,0.792,0.158
448500,0.050,0.806,0.144
449000,0.050,0.781,0.169
449500,0.050,0.756,0.194
450000,0.050,0.781,0.169
450500,0.050,0.747,0.203
451000,0.050,0.771,0.179
451500,0.050,0.759,0.191
452000,0.050,0.787,0.162
452500,0.050,0.791,0.159
453000,0.050,0.805,0.145
453500,0.050,0.785,0.165
454000,0.050,0.765,0.184
454500,0.050,0.798,0.152
455000,0.050,0.801,0.149
455500,0.050,0.773,0.176
456000,0.050,0.770,0.179
456500,0.050,0.756,0.194
457000,0.050,0.750,0.200
457500,0.050,0.753,0.197
458000,0.050,0.759,0.191
458500,0.050,0.752,0.198
459000,0.050,0.721,0.229
459500,0.050,0.736,0.214
460000,0.050,0.797,0.153
460500,0.050,0.818,0.132
461000,0.050,0.796,0.153
461500,0.050,0.781,0.168
462000,0.050,0.758,0.192
462500,0.050,0.794,0.155
463000,0.050,0.774,0.176
463500,0.050,0.791,0.159
464000,0.050,0.777,0.172
464500,0.050,0.781,0.168
465000,0.050,0.774,0.175
465500,0.050,0.773,0.177
466000,0.050,0.782,0.167
466500,0.050,0.758,0.192
467000,0.050,0.729,0.221
467500,0.050,0.707,0.243
468000,0.050,0.729,0.221
468500,0.050,0.754,0.196
469000,0.050,0.728,0.222
469500,0.050,0.720,0.230
470000,0.050,0.763,0.187
470500,0.050,0.768,0.181
471000,0.050,0.783,0.166
471500,0.050,0.794,0.156
472000,0.050,0.792,0.157
472500,0.050,0.769,0.180
473000,0.050,0.782,0.168
473500,0.050,0.768,0.182
474000,0.050,0.783,0.167
474500,0.050,0.814,0.136
475000,0.050,0.801,0.148
475500,0.050,0.799,0.151
476000,0.050,0.767,0.183
476500,0.050,0.748,0.202
477000,0.050,0.751,0.199
477500,0.050,0.731,0.219
478000,0.050,0.749,0.201
478500,0.050,0.802,0.148
479000,0.050,0.783,0.166
479500,0.050,0.791,0.158
480000,0.050,0.805,0.145
480500,0.050,0.791,0.158
481000,0.050,0.814,0.136
481500,0.050,0.805,0.145
482000,0.050,0.774,0.175
482500,0.050,0.775,0.175
483000,0.050,0.816,0.134
483500,0.050,0.782,0.167
484000,0.050,0.779,0.171
484500,0.050,0.769,0.180
485000,0.050,0.792,0.158
485500,0.050,0.787,0.163
486000,0.050,0.808,0.141
486500,0.050,0.791,0.159
487000,0.050,0.774,0.175
487500,0.050,0.756,0.194
488000,0.050,0.772,0.178
488500,0.050,0.755,0.195
489000,0.050,0.762,0.188
489500,0.050,0.753,0.197
490000,0.050,0.760,0.190
490500,0.051,0.748,0.202
491000,0.050,0.755,0.195
491500,0.050,0.756,0.194
492000,0.050,0.731,0.219
492500,0.050,0.724,0.226
493000,0.050,0.756,0.194
493500,0.050,0.744,0.206
494000,0.050,0.746,0.204
494500,0.050,0.725,0.225
495000,0.050,0.736,0.214
495500,0.050,0.766,0.183
496000,0.050,0.764,0.185
496500,0.050,0.756,0.194
497000,0.050,0.753,0.197
497500,0.050,0.763,0.187
498000,0.050,0.787,0.162
498500,0.050,0.763,0.186
499000,0.050,0.757,0.193
499500,0.050,0.761,0.189
500000,0.050,0.768,0.182
500500,0.050,0.737,0.213
501000,0.050,0.755,0.195
501500,0.050,0.786,0.163
502000,0.050,0.768,0.182
502500,0.050,0.782,0.167
503000,0.050,0.814,0.136
503500,0.050,0.776,0.173
504000,0.050,0.786,0.164
504500,0.050,0.781,0.169
505000,0.050,0.741,0.209
505500,0.050,0.750,0.200
506000,0.050,0.750,0.200
506500,0.050,0.788,0.162
507000,0.050,0.745,0.205
507500,0.050,0.761,0.189
508000,0.050,0.741,0.209
508500,0.051,0.693,0.256
509000,0.051,0.722,0.228
509500,0.051,0.734,0.216
510000,0.050,0.716,0.234
510500,0.050,0.721,0.229
511000,0.050,0.748,0.202
511500,0.050,0.716,0.234
512000,0.050,0.769,0.180
512500,0.050,0.769,0.181
513000,0.050,0.804,0.146
513500,0.050,0.760,0.190
514000,0.050,0.759,0.191
514500,0.050,0.775,0.175
515000,0.050,0.762,0.188
515500,0.050,0.734,0.216
516000,0.050,0.729,0.221
516500,0.050,0.750,0.200
517000,0.050,0.768,0.181
517500,0.050,0.766,0.183
518000,0.052,0.757,0.191
518500,0.050,0.752,0.198
519000,0.050,0.756,0.194
519500,0.050,0.754,0.196
520000,0.050,0.745,0.205
520500,0.050,0.723,0.227
521000,0.050,0.772,0.177
521500,0.050,0.753,0.197
522000,0.050,0.742,0.208
522500,0.050,0.746,0.204
523000,0.050,0.747,0.203
523500,0.050,0.790,0.160
524000,0.050,0.788,0.161
524500,0.050,0.762,0.188
525000,0.050,0.822,0.128
525500,0.050,0.815,0.135
526000,0.050,0.786,0.163
526500,0.050,0.772,0.178
527000,0.050,0.768,0.181
527500,0.050,0.757,0.193
528000,0.050,0.725,0.225
528500,0.051,0.731,0.218
529000,0.051,0.704,0.245
529500,0.051,0.756,0.194
530000,0.050,0.802,0.148
530500,0.050,0.781,0.169
531000,0.050,0.750,0.200
531500,0.050,0.772,0.177
532000,0.050,0.740,0.210
532500,0.050,0.753,0.197
533000,0.050,0.767,0.183
533500,0.050,0.727,0.223
534000,0.050,0.725,0.225
534500,0.050,0.767,0.183
535000,0.050,0.775,0.174
535500,0.050,0.776,0.174
536000,0.050,0.779,0.171
536500,0.050,0.768,0.182
537000,0.050,0.763,0.187
537500,0.050,0.755,0.195
538000,0.050,0.774,0.176
538500,0.050,0.795,0.155
539000,0.050,0.811,0.138
539500,0.050,0.807,0.142
540000,0.050,0.808,0.141
540500,0.050,0.763,0.187
541000,0.050,0.736,0.214
541500,0.050,0.698,0.252
542000,0.050,0.744,0.206
542500,0.050,0.738,0.212
543000,0.050,0.758,0.192
543500,0.050,0.777,0.172
544000,0.050,0.762,0.188
544500,0.050,0.721,0.229
545000,0.050,0.749,0.201
545500,0.050,0.731,0.219
546000,0.050,0.731,0.219
546500,0.050,0.751,0.199
547000,0.050,0.771,0.179
547500,0.050,0.779,0.170
548000,0.050,0.792,0.157
548500,0.050,0.789,0.161
549000,0.050,0.777,0.172
549500,0.050,0.827,0.123
550000,0.050,0.816,0.134
550500,0.050,0.798,0.151
551000,0.050,0.779,0.171
551500,0.050,0.791,0.158
552000,0.050,0.778,0.172
552500,0.050,0.783,0.167
553000,0.050,0.777,0.172
553500,0.050,0.780,0.169
554000,0.050,0.807,0.142
554500,0.050,0.816,0.134
555000,0.050,0.779,0.171
555500,0.050,0.797,0.152
556000,0.050,0.772,0.178
556500,0.050,0.792,0.158
557000,0.050,0.770,0.180
557500,0.050,0.764,0.186
558000,0.050,0.778,0.172
558500,0.050,0.796,0.153
559000,0.050,0.762,0.188
559500,0.050,0.763,0.187
560000,0.050,0.780,0.169
560500,0.050,0.762,0.188
561000,0.050,0.745,0.205
561500,0.050,0.748,0.202
562000,0.050,0.791,0.158
562500,0.050,0.799,0.151
563000,0.050,0.781,0.169
563500,0.050,0.772,0.177
564000,0.050,0.735,0.215
564500,0.050,0.726,0.224
565000,0.050,0.741,0.209
565500,0.050,0.758,0.192
566000,0.050,0.747,0.203
566500,0.050,0.759,0.191
567000,0.050,0.756,0.194
567500,0.050,0.771,0.178
568000,0.050,0.763,0.187
568500,0.050,0.757,0.193
569000,0.050,0.752,0.198
569500,0.050,0.722,0.228
570000,0.050,0.738,0.212
570500,0.050,0.742,0.208
571000,0.050,0.749,0.201
571500,0.050,0.747,0.203
572000,0.050,0.786,0.163
572500,0.050,0.748,0.202
573000,0.050,0.759,0.191
573500,0.050,0.788,0.161
574000,0.050,0.764,0.186
574500,0.050,0.762,0.188
575000,0.050,0.756,0.194
575500,0.050,0.793,0.156
576000,0.050,0.743,0.207
576500,0.050,0.754,0.196
577000,0.050,0.795,0.155
577500,0.050,0.803,0.146
578000,0.050,0.746,0.204
578500,0.050,0.761,0.189
579000,0.050,0.778,0.172
579500,0.050,0.766,0.184
580000,0.050,0.796,0.154
580500,0.050,0.801,0.148
581000,0.050,0.770,0.180
581500,0.050,0.755,0.195
582000,0.050,0.733,0.217
582500,0.050,0.739,0.211
583000,0.050,0.726,0.224
583500,0.050,0.735,0.215
584000,0.050,0.794,0.156
584500,0.050,0.797,0.153
585000,0.050,0.784,0.166
585500,0.050,0.754,0.196
586000,0.050,0.770,0.180
586500,0.050,0.766,0.183
587000,0.050,0.785,0.164
587500,0.050,0.749,0.201
588000,0.050,0.738,0.212
588500,0.050,0.750,0.200
589000,0.050,0.758,0.192
589500,0.050,0.796,0.153
590000,0.050,0.785,0.165
590500,0.050,0.769,0.181
591000,0.050,0.756,0.194
591500,0.050,0.781,0.168
592000,0.050,0.772,0.178
592500,0.050,0.757,0.193
593000,0.050,0.767,0.182
593500,0.050,0.780,0.169
594000,0.050,0.783,0.167
594500,0.050,0.794,0.155
595000,0.050,0.769,0.180
595500,0.050,0.782,0.167
596000,0.050,0.773,0.176
596500,0.050,0.762,0.188
597000,0.050,0.772,0.178
597500,0.050,0.768,0.181
598000,0.050,0.750,0.200
598500,0.052,0.736,0.212
599000,0.051,0.757,0.193
599500,0.050,0.740,0.210
600000,0.050,0.775,0.174
600500,0.050,0.767,0.183
601000,0.050,0.775,0.174
601500,0.050,0.735,0.215
602000,0.050,0.757,0.193
602500,0.050,0.785,0.165
603000,0.050,0.724,0.226
603500,0.050,0.729,0.221
604000,0.050,0.759,0.191
604500,0.050,0.762,0.188
605000,0.050,0.744,0.206
605500,0.050,0.758,0.192
606000,0.050,0.773,0.177
606500,0.050,0.736,0.214
607000,0.050,0.742,0.208
607500,0.050,0.769,0.181
608000,0.050,0.746,0.204
608500,0.050,0.753,0.197
609000,0.050,0.737,0.213
609500,0.050,0.737,0.213
610000,0.050,0.771,0.179
610500,0.050,0.775,0.174
611000,0.050,0.777,0.173
611500,0.050,0.740,0.210
612000,0.050,0.801,0.149
612500,0.050,0.783,0.167
613000,0.050,0.785,0.165
613500,0.050,0.788,0.161
614000,0.050,0.792,0.158
614500,0.050,0.788,0.162
615000,0.050,0.807,0.143
615500,0.050,0.790,0.160
616000,0.050,0.802,0.148
616500,0.050,0.783,0.167
617000,0.050,0.798,0.151
617500,0.050,0.840,0.110
618000,0.050,0.813,0.137
618500,0.050,0.810,0.139
619000,0.050,0.814,0.136
619500,0.050,0.781,0.168
620000,0.050,0.800,0.150
620500,0.050,0.786,0.164
621000,0.050,0.769,0.180
621500,0.050,0.774,0.176
622000,0.050,0.769,0.180
622500,0.050,0.755,0.195
623000,0.050,0.765,0.185
623500,0.050,0.780,0.169
624000,0.050,0.814,0.136
624500,0.050,0.787,0.163
625000,0.050,0.771,0.179
625500,0.050,0.751,0.199
626000,0.050,0.776,0.174
626500,0.050,0.790,0.159
627000,0.050,0.803,0.146
627500,0.050,0.795,0.154
628000,0.050,0.795,0.155
628500,0.050,0.776,0.174
629000,0.050,0.756,0.194
629500,0.050,0.744,0.206
630000,0.050,0.765,0.184
630500,0.050,0.765,0.185
631000,0.050,0.787,0.162
631500,0.050,0.768,0.182
632000,0.050,0.749,0.201
632500,0.050,0.742,0.208
633000,0.050,0.708,0.242
633500,0.050,0.753,0.197
634000,0.050,0.764,0.185
634500,0.050,0.770,0.180
635000,0.050,0.764,0.185
635500,0.050,0.747,0.203
636000,0.050,0.770,0.179
636500,0.050,0.796,0.153
637000,0.050,0.786,0.164
637500,0.050,0.792,0.158
638000,0.050,0.796,0.153
638500,0.050,0.811,0.139
639000,0.050,0.776,0.174
639500,0.050,0.802,0.148
640000,0.050,0.810,0.140
640500,0.050,0.805,0.144
641000,0.050,0.767,0.183
641500,0.050,0.792,0.158
642000,0.050,0.754,0.196
642500,0.050,0.736,0.214
643000,0.050,0.750,0.200
643500,0.050,0.782,0.167
644000,0.050,0.759,0.191
644500,0.050,0.786,0.163
645000,0.050,0.761,0.189
645500,0.050,0.772,0.177
646000,0.050,0.784,0.166
646500,0.050,0.764,0.186
647000,0.050,0.787,0.162
647500,0.050,0.810,0.140
648000,0.050,0.801,0.149
648500,0.050,0.780,0.170
649000,0.050,0.789,0.161
649500,0.050,0.785,0.164
650000,0.050,0.765,0.185
650500,0.050,0.813,0.137
651000,0.050,0.775,0.174
651500,0.050,0.799,0.151
652000,0.050,0.787,0.162
652500,0.050,0.785,0.165
653000,0.050,0.797,0.153
653500,0.050,0.772,0.178
654000,0.050,0.769,0.181
654500,0.050,0.765,0.184
655000,0.050,0.796,0.153
655500,0.050,0.788,0.161
656000,0.050,0.780,0.169
656500,0.050,0.766,0.183
657000,0.050,0.804,0.146
657500,0.050,0.757,0.193
658000,0.050,0.804,0.146
658500,0.050,0.802,0.148
659000,0.050,0.832,0.118
659500,0.050,0.785,0.164
660000,0.050,0.769,0.181
660500,0.050,0.746,0.204
661000,0.050,0.782,0.167
661500,0.050,0.771,0.179
662000,0.050,0.800,0.149
662500,0.050,0.798,0.152
663000,0.050,0.804,0.145
663500,0.050,0.804,0.145
664000,0.050,0.828,0.122
664500,0.050,0.797,0.153
665000,0.050,0.817,0.133
665500,0.050,0.772,0.177
666000,0.050,0.746,0.204
666500,0.050,0.745,0.205
667000,0.050,0.736,0.214
667500,0.050,0.738,0.212
668000,0.050,0.773,0.177
668500,0.050,0.788,0.161
669000,0.050,0.781,0.168
669500,0.050,0.773,0.176
670000,0.050,0.760,0.190
670500,0.050,0.764,0.185
671000,0.050,0.740,0.210
671500,0.050,0.786,0.163
672000,0.050,0.781,0.168
672500,0.050,0.759,0.191
673000,0.050,0.773,0.177
673500,0.050,0.755,0.195
674000,0.050,0.761,0.189
674500,0.050,0.748,0.202
675000,0.050,0.749,0.201
675500,0.050,0.742,0.208
676000,0.050,0.765,0.185
676500,0.050,0.769,0.180
677000,0.050,0.720,0.230
677500,0.050,0.756,0.194
678000,0.050,0.762,0.188
678500,0.050,0.789,0.161
679000,0.050,0.760,0.190
679500,0.050,0.779,0.170
680000,0.050,0.778,0.171
680500,0.050,0.773,0.177
681000,0.050,0.757,0.193
681500,0.050,0.752,0.198
682000,0.050,0.735,0.215
682500,0.050,0.735,0.215
683000,0.050,0.718,0.232
683500,0.050,0.731,0.219
684000,0.050,0.739,0.211
684500,0.050,0.729,0.221
685000,0.050,0.728,0.222
685500,0.050,0.749,0.201
686000,0.050,0.736,0.214
686500,0.050,0.754,0.196
687000,0.050,0.731,0.219
687500,0.050,0.745,0.205
688000,0.050,0.785,0.164
688500,0.050,0.803,0.147
689000,0.050,0.816,0.134
689500,0.050,0.820,0.130
690000,0.050,0.832,0.118
690500,0.050,0.840,0.110
691000,0.050,0.800,0.149
691500,0.050,0.817,0.133
692000,0.050,0.804,0.145
692500,0.050,0.823,0.127
693000,0.050,0.799,0.150
693500,0.050,0.769,0.181
694000,0.050,0.781,0.169
694500,0.050,0.757,0.193
695000,0.050,0.780,0.170
695500,0.050,0.747,0.203
696000,0.050,0.730,0.220
696500,0.050,0.744,0.206
697000,0.050,0.740,0.210
697500,0.050,0.761,0.189
698000,0.050,0.765,0.184
698500,0.050,0.769,0.181
699000,0.050,0.761,0.189
699500,0.050,0.750,0.200
700000,0.050,0.770,0.179
700500,0.050,0.779,0.171
701000,0.050,0.771,0.178
701500,0.050,0.793,0.157
702000,0.050,0.781,0.169
702500,0.050,0.781,0.169
703000,0.050,0.779,0.171
703500,0.050,0.768,0.182
704000,0.050,0.759,0.191
704500,0.050,0.739,0.211
705000,0.050,0.763,0.186
705500,0.050,0.776,0.174
706000,0.050,0.797,0.153
706500,0.050,0.789,0.160
707000,0.050,0.785,0.164
707500,0.050,0.760,0.190
708000,0.050,0.753,0.197
708500,0.050,0.756,0.194
709000,0.050,0.750,0.200
709500,0.050,0.771,0.178
710000,0.050,0.792,0.158
710500,0.050,0.821,0.129
711000,0.050,0.827,0.123
711500,0.050,0.812,0.138
712000,0.050,0.792,0.158
712500,0.050,0.799,0.151
713000,0.050,0.801,0.149
713500,0.050,0.775,0.174
714000,0.050,0.784,0.166
714500,0.050,0.790,0.159
715000,0.050,0.772,0.177
715500,0.050,0.798,0.152
716000,0.050,0.785,0.165
716500,0.050,0.762,0.188
717000,0.050,0.764,0.186
717500,0.050,0.747,0.203
718000,0.050,0.733,0.217
718500,0.050,0.742,0.208
719000,0.050,0.781,0.168
719500,0.050,0.759,0.191
720000,0.050,0.758,0.192
720500,0.050,0.746,0.204
721000,0.050,0.773,0.176
721500,0.050,0.788,0.162
722000,0.050,0.796,0.154
722500,0.050,0.736,0.214
723000,0.050,0.762,0.188
723500,0.050,0.766,0.183
724000,0.050,0.802,0.147
724500,0.050,0.783,0.167
725000,0.050,0.798,0.152
725500,0.050,0.785,0.165
726000,0.050,0.760,0.190
726500,0.050,0.748,0.202
727000,0.050,0.749,0.201
727500,0.050,0.751,0.199
728000,0.050,0.762,0.188
728500,0.050,0.785,0.165
729000,0.050,0.795,0.155
729500,0.050,0.788,0.161
730000,0.050,0.802,0.147
730500,0.050,0.799,0.150
731000,0.050,0.785,0.164
731500,0.050,0.777,0.173
732000,0.050,0.797,0.152
732500,0.050,0.746,0.204
733000,0.050,0.748,0.202
733500,0.050,0.759,0.191
734000,0.050,0.766,0.184
734500,0.050,0.769,0.181
735000,0.050,0.747,0.203
735500,0.050,0.770,0.179
736000,0.050,0.771,0.178
736500,0.050,0.776,0.174
737000,0.050,0.780,0.169
737500,0.050,0.784,0.166
738000,0.050,0.745,0.205
738500,0.050,0.740,0.210
739000,0.050,0.737,0.213
739500,0.050,0.746,0.204
740000,0.050,0.745,0.205
740500,0.050,0.733,0.217
741000,0.050,0.740,0.210
741500,0.050,0.707,0.243
742000,0.050,0.746,0.204
742500,0.050,0.741,0.209
743000,0.050,0.768,0.181
743500,0.050,0.747,0.203
744000,0.050,0.745,0.205
744500,0.050,0.723,0.227
745000,0.050,0.771,0.178
745500,0.050,0.775,0.174
746000,0.050,0.761,0.189
746500,0.050,0.775,0.175
747000,0.050,0.764,0.186
747500,0.050,0.757,0.193
748000,0.050,0.766,0.184
748500,0.050,0.782,0.167
749000,0.050,0.766,0.183
749500,0.050,0.769,0.180
750000,0.050,0.770,0.179
750500,0.050,0.743,0.207
751000,0.050,0.718,0.232
751500,0.050,0.733,0.217
752000,0.050,0.760,0.190
752500,0.050,0.778,0.172
753000,0.050,0.770,0.180
753500,0.050,0.773,0.176
754000,0.050,0.750,0.200
754500,0.050,0.756,0.194
755000,0.050,0.732,0.218
755500,0.050,0.749,0.201
756000,0.050,0.750,0.200
756500,0.050,0.748,0.202
757000,0.050,0.790,0.160
757500,0.050,0.771,0.179
758000,0.050,0.787,0.162
758500,0.050,0.776,0.173
759000,0.050,0.781,0.169
759500,0.050,0.754,0.196
760000,0.050,0.766,0.183
760500,0.050,0.786,0.164
761000,0.050,0.761,0.189
761500,0.050,0.733,0.217
762000,0.050,0.736,0.214
762500,0.050,0.747,0.203
763000,0.050,0.757,0.193
763500,0.050,0.755,0.195
764000,0.050,0.712,0.238
764500,0.050,0.750,0.200
765000,0.050,0.724,0.226
765500,0.050,0.717,0.233
766000,0.050,0.740,0.210
766500,0.050,0.736,0.214
767000,0.050,0.758,0.192
767500,0.050,0.733,0.217
768000,0.050,0.768,0.181
768500,0.050,0.750,0.200
769000,0.050,0.772,0.177
769500,0.050,0.806,0.144
770000,0.050,0.801,0.148
770500,0.050,0.753,0.197
771000,0.050,0.735,0.215
771500,0.050,0.778,0.172
772000,0.050,0.729,0.221
772500,0.050,0.722,0.228
773000,0.050,0.732,0.218
773500,0.050,0.695,0.255
774000,0.050,0.754,0.196
774500,0.050,0.774,0.175
775000,0.050,0.774,0.176
775500,0.050,0.776,0.174
776000,0.050,0.783,0.166
776500,0.050,0.807,0.143
777000,0.050,0.807,0.142
777500,0.050,0.772,0.177
778000,0.050,0.747,0.203
778500,0.050,0.758,0.192
779000,0.050,0.747,0.203
779500,0.050,0.740,0.210
780000,0.050,0.742,0.208
780500,0.050,0.777,0.172
781000,0.050,0.787,0.162
781500,0.050,0.759,0.191
782000,0.050,0.777,0.173
782500,0.050,0.779,0.171
783000,0.050,0.803,0.146
783500,0.050,0.780,0.169
784000,0.050,0.776,0.174
784500,0.050,0.769,0.180
785000,0.050,0.791,0.159
785500,0.050,0.780,0.170
786000,0.050,0.802,0.148
786500,0.050,0.805,0.144
787000,0.050,0.804,0.145
787500,0.050,0.840,0.110
788000,0.050,0.797,0.152
788500,0.050,0.774,0.175
789000,0.050,0.767,0.182
789500,0.050,0.767,0.182
790000,0.050,0.769,0.181
790500,0.050,0.791,0.158
791000,0.050,0.769,0.180
791500,0.050,0.785,0.165
792000,0.050,0.809,0.140
792500,0.050,0.784,0.165
793000,0.051,0.790,0.158
793500,0.051,0.781,0.168
794000,0.051,0.780,0.169
794500,0.050,0.771,0.178
795000,0.050,0.785,0.164
795500,0.050,0.745,0.205
796000,0.051,0.733,0.216
796500,0.051,0.767,0.181
797000,0.050,0.758,0.192
797500,0.050,0.772,0.177
798000,0.050,0.766,0.183
798500,0.050,0.746,0.204
799000,0.050,0.784,0.166
799500,0.050,0.822,0.128
800000,0.050,0.803,0.146
800500,0.050,0.815,0.135
801000,0.050,0.795,0.155
801500,0.050,0.760,0.190
802000,0.050,0.755,0.195
802500,0.050,0.767,0.182
803000,0.050,0.782,0.167
803500,0.050,0.789,0.160
804000,0.050,0.787,0.163
804500,0.050,0.758,0.192
805000,0.050,0.780,0.169
805500,0.050,0.753,0.197
806000,0.050,0.765,0.184
806500,0.050,0.787,0.163
807000,0.050,0.771,0.179
807500,0.050,0.785,0.164
808000,0.050,0.765,0.184
808500,0.050,0.740,0.210
809000,0.050,0.743,0.207
809500,0.050,0.763,0.187
810000,0.050,0.744,0.206
810500,0.050,0.757,0.193
811000,0.050,0.781,0.169
811500,0.050,0.759,0.191
812000,0.050,0.784,0.165
812500,0.050,0.790,0.159
813000,0.050,0.815,0.135
813500,0.050,0.782,0.167
814000,0.050,0.806,0.143
814500,0.050,0.809,0.140
815000,0.050,0.784,0.165
815500,0.050,0.792,0.157
816000,0.050,0.780,0.169
816500,0.050,0.831,0.119
817000,0.050,0.818,0.132
817500,0.050,0.813,0.137
818000,0.050,0.812,0.137
818500,0.050,0.789,0.160
819000,0.050,0.814,0.136
819500,0.050,0.774,0.175
820000,0.050,0.775,0.174
820500,0.050,0.751,0.199
821000,0.050,0.758,0.192
821500,0.050,0.752,0.198
822000,0.050,0.753,0.197
822500,0.050,0.766,0.184
823000,0.050,0.785,0.164
823500,0.050,0.788,0.162
824000,0.050,0.762,0.188
824500,0.050,0.728,0.222
825000,0.051,0.733,0.217
825500,0.050,0.731,0.219
826000,0.050,0.741,0.209
826500,0.050,0.731,0.219
827000,0.050,0.753,0.197
827500,0.050,0.756,0.194
828000,0.050,0.784,0.165
828500,0.050,0.777,0.173
829000,0.050,0.792,0.157
829500,0.050,0.773,0.177
830000,0.051,0.760,0.189
830500,0.051,0.737,0.213
831000,0.051,0.730,0.220
831500,0.051,0.762,0.188
832000,0.050,0.786,0.163
832500,0.050,0.812,0.138
833000,0.050,0.787,0.163
833500,0.050,0.766,0.183
834000,0.050,0.767,0.183
834500,0.050,0.772,0.177
835000,0.050,0.753,0.197
835500,0.050,0.755,0.195
836000,0.050,0.757,0.193
836500,0.050,0.774,0.175
837000,0.050,0.769,0.180
837500,0.050,0.788,0.162
838000,0.050,0.781,0.168
838500,0.050,0.792,0.158
839000,0.050,0.767,0.183
839500,0.050,0.803,0.147
840000,0.050,0.817,0.133
840500,0.050,0.778,0.172
841000,0.050,0.764,0.186
841500,0.050,0.747,0.203
842000,0.050,0.753,0.197
842500,0.050,0.760,0.190
843000,0.050,0.777,0.172
843500,0.050,0.776,0.174
844000,0.050,0.765,0.184
844500,0.050,0.775,0.174
845000,0.050,0.752,0.198
845500,0.050,0.761,0.189
846000,0.050,0.728,0.222
846500,0.050,0.732,0.218
847000,0.050,0.744,0.206
847500,0.050,0.723,0.227
848000,0.050,0.738,0.212
848500,0.050,0.731,0.219
849000,0.050,0.713,0.237
849500,0.050,0.722,0.228
850000,0.050,0.756,0.194
850500,0.050,0.768,0.181
851000,0.050,0.763,0.186
851500,0.050,0.769,0.181
852000,0.050,0.742,0.208
852500,0.050,0.749,0.201
853000,0.050,0.789,0.161
853500,0.050,0.771,0.179
854000,0.050,0.788,0.161
854500,0.050,0.799,0.150
855000,0.050,0.787,0.162
855500,0.050,0.809,0.141
856000,0.050,0.780,0.170
856500,0.050,0.768,0.182
857000,0.050,0.759,0.191
857500,0.050,0.777,0.173
858000,0.050,0.750,0.200
858500,0.050,0.779,0.171
859000,0.050,0.769,0.181
859500,0.050,0.804,0.145
860000,0.050,0.775,0.174
860500,0.051,0.764,0.185
861000,0.051,0.750,0.200
861500,0.051,0.751,0.198
862000,0.050,0.752,0.198
862500,0.050,0.725,0.225
863000,0.050,0.757,0.193
863500,0.050,0.776,0.173
864000,0.050,0.813,0.137
864500,0.050,0.798,0.152
865000,0.050,0.765,0.184
865500,0.050,0.775,0.174
866000,0.050,0.790,0.159
866500,0.050,0.822,0.128
867000,0.050,0.816,0.134
867500,0.050,0.789,0.160
868000,0.050,0.770,0.180
868500,0.050,0.768,0.181
869000,0.050,0.789,0.161
869500,0.050,0.762,0.188
870000,0.050,0.786,0.164
870500,0.050,0.776,0.173
871000,0.050,0.782,0.167
871500,0.050,0.781,0.168
872000,0.050,0.762,0.188
872500,0.050,0.772,0.178
873000,0.050,0.762,0.188
873500,0.051,0.765,0.183
874000,0.051,0.739,0.211
874500,0.050,0.758,0.192
875000,0.050,0.785,0.165
875500,0.050,0.803,0.146
876000,0.050,0.807,0.142
876500,0.050,0.784,0.165
877000,0.050,0.801,0.148
877500,0.050,0.791,0.159
878000,0.050,0.786,0.164
878500,0.050,0.752,0.198
879000,0.050,0.726,0.224
879500,0.050,0.733,0.217
880000,0.050,0.711,0.239
880500,0.050,0.676,0.273
881000,0.050,0.720,0.230
881500,0.050,0.763,0.187
882000,0.050,0.747,0.203
882500,0.050,0.767,0.182
883000,0.050,0.771,0.179
883500,0.050,0.744,0.206
884000,0.050,0.758,0.192
884500,0.050,0.776,0.173
885000,0.050,0.778,0.171
885500,0.050,0.735,0.215
886000,0.050,0.724,0.226
886500,0.050,0.755,0.195
887000,0.050,0.779,0.170
887500,0.050,0.788,0.162
888000,0.050,0.829,0.121
888500,0.050,0.763,0.187
889000,0.050,0.769,0.180
889500,0.050,0.806,0.143
890000,0.050,0.781,0.168
890500,0.050,0.737,0.213
891000,0.050,0.757,0.193
891500,0.050,0.782,0.168
892000,0.050,0.754,0.196
892500,0.050,0.747,0.203
893000,0.050,0.752,0.198
893500,0.050,0.764,0.185
894000,0.050,0.761,0.189
894500,0.050,0.753,0.197
895000,0.050,0.756,0.194
895500,0.050,0.760,0.190
896000,0.050,0.766,0.184
896500,0.050,0.764,0.186
897000,0.050,0.772,0.177
897500,0.050,0.811,0.138
898000,0.050,0.783,0.167
898500,0.050,0.793,0.156
899000,0.050,0.785,0.164
899500,0.050,0.768,0.182
900000,0.050,0.713,0.237
900500,0.050,0.739,0.211
901000,0.050,0.776,0.173
901500,0.050,0.781,0.169
902000,0.050,0.712,0.238
902500,0.050,0.739,0.211
903000,0.050,0.707,0.243
903500,0.050,0.718,0.232
904000,0.050,0.743,0.207
904500,0.050,0.760,0.190
905000,0.050,0.736,0.214
905500,0.050,0.752,0.198
906000,0.050,0.758,0.192
906500,0.050,0.735,0.215
907000,0.050,0.770,0.179
907500,0.050,0.816,0.134
908000,0.050,0.800,0.150
908500,0.050,0.780,0.169
909000,0.050,0.815,0.135
909500,0.050,0.805,0.145
910000,0.050,0.805,0.145
910500,0.050,0.817,0.133
911000,0.050,0.761,0.189
911500,0.050,0.794,0.156
912000,0.050,0.837,0.113
912500,0.050,0.806,0.143
913000,0.050,0.796,0.153
913500,0.050,0.816,0.134
914000,0.050,0.817,0.133
914500,0.050,0.805,0.144
915000,0.050,0.770,0.180
915500,0.050,0.802,0.147
916000,0.050,0.812,0.138
916500,0.050,0.756,0.194
917000,0.050,0.741,0.209
917500,0.050,0.725,0.225
918000,0.050,0.730,0.220
918500,0.050,0.783,0.166
919000,0.050,0.774,0.176
919500,0.050,0.747,0.203
920000,0.050,0.767,0.182
920500,0.050,0.802,0.148
921000,0.050,0.785,0.165
921500,0.050,0.765,0.185
922000,0.050,0.753,0.197
922500,0.050,0.747,0.203
923000,0.050,0.737,0.213
923500,0.050,0.750,0.200
924000,0.050,0.791,0.159
924500,0.050,0.814,0.136
925000,0.050,0.801,0.148
925500,0.050,0.789,0.160
926000,0.050,0.797,0.152
926500,0.050,0.762,0.188
927000,0.050,0.797,0.153
927500,0.050,0.789,0.160
928000,0.050,0.817,0.133
928500,0.050,0.802,0.147
929000,0.050,0.773,0.177
929500,0.050,0.750,0.200
930000,0.050,0.793,0.157
930500,0.050,0.744,0.206
931000,0.050,0.766,0.184
931500,0.050,0.753,0.197
932000,0.050,0.728,0.222
932500,0.050,0.755,0.195
933000,0.050,0.789,0.161
933500,0.050,0.742,0.208
934000,0.050,0.743,0.207
934500,0.050,0.739,0.211
935000,0.050,0.730,0.220
935500,0.050,0.739,0.211
936000,0.050,0.738,0.212
936500,0.050,0.735,0.215
937000,0.050,0.748,0.202
937500,0.050,0.761,0.189
938000,0.050,0.759,0.191
938500,0.050,0.731,0.219
939000,0.050,0.781,0.169
939500,0.050,0.751,0.199
940000,0.050,0.767,0.182
940500,0.050,0.735,0.215
941000,0.050,0.715,0.235
941500,0.050,0.718,0.232
942000,0.050,0.784,0.165
942500,0.050,0.782,0.167
943000,0.050,0.787,0.163
943500,0.050,0.776,0.174
944000,0.050,0.755,0.195
944500,0.050,0.771,0.178
945000,0.050,0.761,0.189
945500,0.050,0.779,0.171
946000,0.050,0.790,0.160
946500,0.050,0.798,0.152
947000,0.050,0.796,0.153
947500,0.050,0.807,0.142
948000,0.050,0.795,0.155
948500,0.050,0.790,0.160
949000,0.050,0.822,0.128
949500,0.050,0.815,0.135
950000,0.050,0.802,0.148
950500,0.050,0.783,0.166
951000,0.050,0.766,0.184
951500,0.050,0.762,0.188
952000,0.050,0.738,0.212
952500,0.050,0.764,0.185
953000,0.050,0.774,0.175
953500,0.050,0.755,0.195
954000,0.050,0.764,0.186
954500,0.050,0.768,0.181
955000,0.050,0.772,0.177
955500,0.050,0.786,0.163
956000,0.050,0.762,0.188
956500,0.050,0.755,0.195
957000,0.050,0.748,0.202
957500,0.050,0.735,0.215
958000,0.050,0.774,0.176
958500,0.050,0.767,0.182
959000,0.050,0.803,0.146
959500,0.050,0.803,0.147
960000,0.050,0.820,0.130
960500,0.050,0.834,0.116
961000,0.050,0.816,0.134
961500,0.050,0.803,0.146
962000,0.050,0.765,0.184
962500,0.050,0.770,0.180
963000,0.050,0.785,0.164
963500,0.050,0.801,0.148
964000,0.050,0.784,0.165
964500,0.050,0.814,0.136
965000,0.050,0.770,0.180
965500,0.050,0.765,0.185
966000,0.050,0.784,0.165
966500,0.050,0.799,0.151
967000,0.050,0.797,0.153
967500,0.050,0.799,0.151
968000,0.050,0.766,0.184
968500,0.050,0.775,0.174
969000,0.050,0.729,0.221
969500,0.050,0.755,0.195
970000,0.050,0.790,0.159
970500,0.050,0.746,0.204
971000,0.050,0.760,0.190
971500,0.050,0.746,0.204
972000,0.050,0.729,0.221
972500,0.050,0.744,0.206
973000,0.050,0.723,0.227
973500,0.050,0.695,0.255
974000,0.050,0.713,0.237
974500,0.050,0.777,0.173
975000,0.050,0.749,0.201
975500,0.050,0.763,0.187
976000,0.050,0.726,0.224
976500,0.050,0.752,0.198
977000,0.050,0.728,0.222
977500,0.050,0.762,0.188
978000,0.050,0.753,0.197
978500,0.050,0.749,0.201
979000,0.050,0.750,0.200
979500,0.050,0.765,0.184
980000,0.050,0.757,0.193
980500,0.050,0.775,0.175
981000,0.050,0.746,0.204
981500,0.050,0.774,0.175
982000,0.050,0.725,0.225
982500,0.050,0.751,0.199
983000,0.050,0.775,0.174
983500,0.050,0.771,0.179
984000,0.050,0.758,0.192
984500,0.050,0.804,0.146
985000,0.050,0.800,0.150
985500,0.050,0.773,0.176
986000,0.050,0.762,0.188
986500,0.050,0.773,0.177
987000,0.050,0.759,0.191
987500,0.050,0.787,0.163
988000,0.050,0.782,0.167
988500,0.050,0.779,0.171
989000,0.050,0.784,0.166
989500,0.050,0.780,0.169
990000,0.050,0.786,0.163
990500,0.050,0.753,0.197
991000,0.050,0.743,0.207
991500,0.050,0.694,0.256
992000,0.050,0.734,0.216
992500,0.050,0.750,0.200
993000,0.050,0.771,0.178
993500,0.050,0.754,0.196
994000,0.050,0.756,0.194
994500,0.050,0.785,0.165
995000,0.050,0.802,0.147
995500,0.050,0.737,0.213
996000,0.050,0.778,0.172
996500,0.050,0.756,0.194
997000,0.050,0.721,0.229
997500,0.050,0.718,0.232
998000,0.050,0.712,0.238
998500,0.050,0.766,0.183
999000,0.050,0.760,0.190
999500,0.050,0.742,0.208
1000000,0.050,0.761,0.189
