time,n_A+p,n_B,n_AB
500,0.010,0.977,0.013
1000,0.010,0.949,0.041
1500,0.010,0.912,0.078
2000,0.010,0.876,0.114
2500,0.010,0.811,0.178
3000,0.010,0.750,0.240
3500,0.010,0.692,0.298
4000,0.010,0.609,0.381
4500,0.013,0.507,0.480
5000,0.013,0.432,0.555
5500,0.015,0.338,0.648
6000,0.021,0.286,0.693
6500,0.019,0.221,0.760
7000,0.024,0.171,0.806
7500,0.040,0.125,0.835
8000,0.047,0.104,0.848
8500,0.051,0.076,0.872
9000,0.058,0.073,0.868
9500,0.056,0.064,0.880
10000,0.060,0.057,0.883
10500,0.073,0.048,0.879
11000,0.074,0.039,0.886
11500,0.083,0.037,0.880
12000,0.084,0.034,0.883
12500,0.071,0.045,0.883
13000,0.080,0.042,0.878
13500,0.083,0.048,0.869
14000,0.095,0.050,0.855
14500,0.092,0.036,0.871
15000,0.091,0.045,0.863
15500,0.081,0.044,0.875
16000,0.070,0.061,0.869
16500,0.070,0.048,0.882
17000,0.072,0.041,0.887
17500,0.083,0.052,0.865
18000,0.089,0.044,0.867
18500,0.111,0.052,0.837
19000,0.104,0.056,0.840
19500,0.111,0.050,0.840
20000,0.103,0.043,0.854
20500,0.088,0.044,0.868
21000,0.087,0.042,0.870
21500,0.089,0.045,0.866
22000,0.094,0.039,0.867
22500,0.089,0.044,0.866
23000,0.086,0.041,0.874
23500,0.084,0.030,0.886
24000,0.093,0.040,0.867
24500,0.102,0.035,0.862
25000,0.088,0.037,0.874
25500,0.089,0.041,0.870
26000,0.083,0.044,0.873
26500,0.086,0.043,0.871
27000,0.085,0.050,0.866
27500,0.078,0.042,0.881
28000,0.067,0.044,0.889
28500,0.064,0.037,0.898
29000,0.053,0.043,0.903
29500,0.051,0.053,0.895
30000,0.064,0.054,0.882
30500,0.073,0.059,0.867
31000,0.076,0.066,0.858
31500,0.073,0.064,0.863
32000,0.078,0.051,0.871
32500,0.087,0.054,0.858
33000,0.067,0.046,0.887
33500,0.064,0.059,0.876
34000,0.060,0.052,0.887
34500,0.066,0.067,0.867
35000,0.069,0.077,0.854
35500,0.064,0.082,0.855
36000,0.054,0.066,0.880
36500,0.060,0.074,0.865
37000,0.070,0.065,0.865
37500,0.073,0.066,0.861
38000,0.064,0.057,0.879
38500,0.061,0.070,0.869
39000,0.060,0.087,0.853
39500,0.057,0.085,0.858
40000,0.065,0.076,0.859
40500,0.058,0.082,0.861
41000,0.053,0.090,0.856
41500,0.051,0.073,0.877
42000,0.056,0.084,0.861
42500,0.053,0.076,0.870
43000,0.065,0.067,0.868
43500,0.077,0.060,0.863
44000,0.072,0.059,0.869
44500,0.066,0.057,0.877
45000,0.066,0.059,0.875
45500,0.061,0.068,0.871
46000,0.065,0.057,0.878
46500,0.065,0.056,0.880
47000,0.086,0.058,0.856
47500,0.086,0.057,0.857
48000,0.086,0.055,0.858
48500,0.066,0.057,0.877
49000,0.073,0.063,0.864
49500,0.071,0.062,0.867
50000,0.065,0.067,0.869
50500,0.058,0.067,0.875
51000,0.073,0.067,0.861
51500,0.068,0.051,0.881
52000,0.072,0.042,0.886
52500,0.077,0.039,0.883
53000,0.071,0.057,0.871
53500,0.061,0.051,0.887
54000,0.062,0.054,0.884
54500,0.059,0.063,0.879
55000,0.054,0.070,0.876
55500,0.062,0.066,0.872
56000,0.055,0.068,0.877
56500,0.064,0.059,0.877
57000,0.067,0.059,0.875
57500,0.064,0.062,0.875
58000,0.066,0.069,0.865
58500,0.077,0.059,0.863
59000,0.079,0.063,0.859
59500,0.079,0.062,0.859
60000,0.068,0.060,0.872
60500,0.065,0.058,0.878
61000,0.055,0.077,0.867
61500,0.056,0.083,0.861
62000,0.067,0.064,0.870
62500,0.070,0.059,0.871
63000,0.079,0.050,0.872
63500,0.079,0.050,0.872
64000,0.070,0.057,0.872
64500,0.073,0.045,0.881
65000,0.075,0.051,0.873
65500,0.082,0.067,0.852
66000,0.065,0.064,0.872
66500,0.062,0.063,0.875
67000,0.069,0.057,0.874
67500,0.079,0.054,0.867
68000,0.075,0.052,0.873
68500,0.086,0.063,0.851
69000,0.082,0.061,0.857
69500,0.081,0.053,0.866
70000,0.084,0.040,0.876
70500,0.074,0.056,0.870
71000,0.076,0.049,0.875
71500,0.078,0.059,0.864
72000,0.071,0.062,0.867
72500,0.076,0.061,0.863
73000,0.064,0.060,0.875
73500,0.064,0.070,0.867
74000,0.076,0.068,0.856
74500,0.089,0.057,0.854
75000,0.090,0.051,0.859
75500,0.093,0.045,0.862
76000,0.097,0.045,0.858
76500,0.089,0.043,0.869
77000,0.085,0.044,0.871
77500,0.087,0.048,0.866
78000,0.076,0.043,0.881
78500,0.084,0.048,0.869
79000,0.097,0.046,0.857
79500,0.082,0.048,0.871
80000,0.096,0.046,0.858
80500,0.088,0.048,0.863
81000,0.080,0.050,0.870
81500,0.084,0.045,0.871
82000,0.067,0.047,0.886
82500,0.054,0.058,0.888
83000,0.067,0.056,0.877
83500,0.068,0.065,0.868
84000,0.066,0.060,0.873
84500,0.070,0.060,0.871
85000,0.074,0.049,0.878
85500,0.070,0.052,0.878
86000,0.068,0.054,0.878
86500,0.070,0.056,0.874
87000,0.076,0.061,0.863
87500,0.084,0.054,0.862
88000,0.088,0.057,0.854
88500,0.094,0.049,0.857
89000,0.088,0.063,0.849
89500,0.084,0.065,0.852
90000,0.081,0.066,0.854
90500,0.074,0.060,0.866
91000,0.079,0.067,0.854
91500,0.075,0.062,0.863
92000,0.061,0.073,0.866
92500,0.064,0.067,0.869
93000,0.077,0.059,0.863
93500,0.075,0.050,0.875
94000,0.094,0.042,0.864
94500,0.085,0.041,0.874
95000,0.081,0.045,0.874
95500,0.070,0.045,0.885
96000,0.075,0.043,0.882
96500,0.083,0.040,0.878
97000,0.082,0.058,0.861
97500,0.067,0.068,0.866
98000,0.066,0.063,0.871
98500,0.061,0.048,0.891
99000,0.064,0.066,0.871
99500,0.064,0.068,0.869
100000,0.080,0.061,0.859
100500,0.080,0.060,0.860
101000,0.076,0.059,0.865
101500,0.080,0.042,0.878
102000,0.067,0.045,0.888
102500,0.071,0.062,0.867
103000,0.071,0.070,0.860
103500,0.087,0.056,0.857
104000,0.069,0.063,0.869
104500,0.072,0.075,0.853
105000,0.067,0.067,0.867
105500,0.071,0.056,0.872
106000,0.079,0.057,0.864
106500,0.077,0.059,0.864
107000,0.071,0.059,0.870
107500,0.068,0.052,0.879
108000,0.069,0.059,0.873
108500,0.067,0.070,0.864
109000,0.080,0.061,0.859
109500,0.086,0.050,0.864
110000,0.086,0.046,0.868
110500,0.092,0.055,0.852
111000,0.086,0.059,0.855
111500,0.067,0.055,0.878
112000,0.060,0.048,0.892
112500,0.057,0.057,0.886
113000,0.065,0.051,0.885
113500,0.057,0.062,0.880
114000,0.057,0.067,0.877
114500,0.064,0.063,0.873
115000,0.068,0.060,0.871
115500,0.072,0.064,0.864
116000,0.070,0.061,0.869
116500,0.068,0.059,0.873
117000,0.070,0.052,0.878
117500,0.065,0.051,0.884
118000,0.059,0.062,0.878
118500,0.061,0.052,0.887
119000,0.067,0.043,0.890
119500,0.067,0.058,0.875
120000,0.069,0.057,0.875
120500,0.080,0.059,0.861
121000,0.071,0.067,0.863
121500,0.057,0.071,0.871
122000,0.070,0.057,0.873
122500,0.071,0.057,0.872
123000,0.065,0.064,0.871
123500,0.069,0.063,0.869
124000,0.071,0.063,0.865
124500,0.076,0.054,0.870
125000,0.085,0.064,0.852
125500,0.075,0.059,0.866
126000,0.070,0.066,0.864
126500,0.080,0.051,0.870
127000,0.074,0.048,0.878
127500,0.072,0.046,0.881
128000,0.073,0.051,0.876
128500,0.071,0.059,0.870
129000,0.071,0.064,0.865
129500,0.069,0.057,0.875
130000,0.064,0.066,0.870
130500,0.062,0.064,0.874
131000,0.063,0.057,0.881
131500,0.057,0.064,0.879
132000,0.061,0.063,0.875
132500,0.068,0.062,0.870
133000,0.068,0.052,0.880
133500,0.068,0.048,0.884
134000,0.064,0.051,0.885
134500,0.070,0.052,0.877
135000,0.075,0.045,0.879
135500,0.059,0.050,0.890
136000,0.076,0.063,0.861
136500,0.073,0.060,0.866
137000,0.089,0.051,0.859
137500,0.082,0.044,0.874
138000,0.079,0.051,0.870
138500,0.084,0.045,0.871
139000,0.086,0.056,0.857
139500,0.083,0.046,0.871
140000,0.095,0.046,0.859
140500,0.086,0.043,0.872
141000,0.065,0.042,0.894
141500,0.080,0.042,0.878
142000,0.093,0.045,0.861
142500,0.084,0.040,0.876
143000,0.072,0.040,0.887
143500,0.081,0.046,0.873
144000,0.081,0.059,0.861
144500,0.099,0.044,0.857
145000,0.092,0.049,0.860
145500,0.105,0.042,0.854
146000,0.087,0.043,0.869
146500,0.090,0.040,0.870
147000,0.077,0.043,0.880
147500,0.075,0.048,0.877
148000,0.079,0.049,0.872
148500,0.070,0.055,0.875
149000,0.083,0.047,0.870
149500,0.078,0.038,0.884
150000,0.085,0.040,0.876
150500,0.091,0.051,0.857
151000,0.090,0.043,0.867
151500,0.081,0.030,0.889
152000,0.075,0.034,0.890
152500,0.074,0.040,0.886
153000,0.080,0.045,0.875
153500,0.086,0.044,0.870
154000,0.076,0.052,0.871
154500,0.072,0.053,0.875
155000,0.073,0.064,0.864
155500,0.078,0.063,0.859
156000,0.082,0.062,0.856
156500,0.070,0.053,0.876
157000,0.076,0.051,0.872
157500,0.067,0.048,0.886
158000,0.064,0.052,0.884
158500,0.072,0.064,0.864
159000,0.077,0.058,0.866
159500,0.084,0.053,0.863
160000,0.091,0.044,0.865
160500,0.097,0.042,0.861
161000,0.076,0.029,0.895
161500,0.089,0.029,0.882
162000,0.099,0.035,0.866
162500,0.098,0.041,0.862
163000,0.085,0.048,0.868
163500,0.088,0.065,0.847
164000,0.081,0.047,0.872
164500,0.085,0.045,0.870
165000,0.074,0.065,0.861
165500,0.086,0.075,0.838
166000,0.072,0.059,0.868
166500,0.086,0.060,0.853
167000,0.100,0.059,0.841
167500,0.082,0.051,0.867
168000,0.099,0.049,0.852
168500,0.076,0.044,0.880
169000,0.082,0.051,0.867
169500,0.095,0.051,0.854
170000,0.086,0.051,0.862
170500,0.095,0.048,0.858
171000,0.099,0.048,0.854
171500,0.087,0.043,0.870
172000,0.085,0.051,0.864
172500,0.077,0.053,0.870
173000,0.075,0.058,0.866
173500,0.076,0.046,0.877
174000,0.093,0.049,0.859
174500,0.096,0.054,0.850
175000,0.093,0.056,0.851
175500,0.085,0.057,0.858
176000,0.087,0.060,0.853
176500,0.075,0.059,0.866
177000,0.088,0.059,0.852
177500,0.069,0.057,0.874
178000,0.061,0.054,0.885
178500,0.065,0.053,0.882
179000,0.059,0.051,0.891
179500,0.065,0.054,0.881
180000,0.072,0.048,0.880
180500,0.060,0.040,0.900
181000,0.066,0.053,0.881
181500,0.062,0.042,0.896
182000,0.072,0.052,0.876
182500,0.066,0.057,0.877
183000,0.071,0.056,0.873
183500,0.066,0.052,0.881
184000,0.068,0.058,0.874
184500,0.078,0.062,0.860
185000,0.069,0.063,0.868
185500,0.081,0.046,0.873
186000,0.081,0.051,0.869
186500,0.084,0.049,0.867
187000,0.088,0.043,0.869
187500,0.072,0.058,0.871
188000,0.084,0.054,0.862
188500,0.080,0.049,0.871
189000,0.073,0.061,0.865
189500,0.081,0.050,0.870
190000,0.082,0.057,0.862
190500,0.070,0.055,0.874
191000,0.081,0.049,0.871
191500,0.074,0.054,0.872
192000,0.058,0.057,0.885
192500,0.073,0.052,0.874
193000,0.073,0.052,0.874
193500,0.084,0.061,0.855
194000,0.073,0.067,0.859
194500,0.068,0.060,0.872
195000,0.067,0.056,0.878
195500,0.068,0.053,0.878
196000,0.075,0.056,0.868
196500,0.079,0.054,0.867
197000,0.086,0.051,0.864
197500,0.076,0.049,0.874
198000,0.088,0.048,0.864
198500,0.080,0.055,0.865
199000,0.094,0.050,0.857
199500,0.089,0.044,0.866
200000,0.076,0.035,0.889
200500,0.084,0.038,0.878
201000,0.077,0.048,0.875
201500,0.065,0.066,0.869
202000,0.068,0.057,0.875
202500,0.065,0.043,0.892
203000,0.063,0.033,0.905
203500,0.070,0.044,0.886
204000,0.071,0.035,0.894
204500,0.073,0.041,0.885
205000,0.063,0.065,0.872
205500,0.072,0.056,0.872
206000,0.062,0.055,0.883
206500,0.059,0.068,0.873
207000,0.065,0.059,0.877
207500,0.075,0.059,0.866
208000,0.077,0.059,0.864
208500,0.063,0.057,0.880
209000,0.055,0.060,0.884
209500,0.068,0.059,0.873
210000,0.071,0.061,0.868
210500,0.066,0.054,0.880
211000,0.065,0.065,0.871
211500,0.058,0.062,0.881
212000,0.056,0.072,0.873
212500,0.060,0.058,0.881
213000,0.058,0.051,0.891
213500,0.067,0.056,0.878
214000,0.062,0.056,0.881
214500,0.067,0.061,0.872
215000,0.065,0.066,0.869
215500,0.064,0.065,0.871
216000,0.070,0.059,0.870
216500,0.066,0.066,0.869
217000,0.082,0.051,0.868
217500,0.063,0.057,0.880
218000,0.064,0.061,0.875
218500,0.071,0.054,0.874
219000,0.083,0.043,0.874
219500,0.077,0.054,0.868
220000,0.078,0.054,0.868
220500,0.074,0.051,0.875
221000,0.074,0.054,0.872
221500,0.085,0.052,0.863
222000,0.075,0.041,0.883
222500,0.076,0.051,0.873
223000,0.076,0.056,0.868
223500,0.076,0.054,0.870
224000,0.058,0.040,0.902
224500,0.065,0.056,0.880
225000,0.077,0.043,0.880
225500,0.093,0.041,0.866
226000,0.090,0.060,0.850
226500,0.088,0.066,0.847
227000,0.088,0.054,0.857
227500,0.077,0.061,0.862
228000,0.072,0.050,0.878
228500,0.073,0.040,0.887
229000,0.084,0.049,0.868
229500,0.076,0.043,0.880
230000,0.081,0.054,0.865
230500,0.066,0.052,0.881
231000,0.071,0.062,0.867
231500,0.059,0.056,0.886
232000,0.050,0.061,0.889
232500,0.052,0.087,0.861
233000,0.057,0.076,0.867
233500,0.057,0.067,0.876
234000,0.055,0.070,0.875
234500,0.080,0.079,0.842
235000,0.076,0.077,0.847
235500,0.075,0.068,0.857
236000,0.060,0.057,0.883
236500,0.072,0.056,0.872
237000,0.084,0.057,0.860
237500,0.076,0.047,0.877
238000,0.084,0.043,0.873
238500,0.076,0.050,0.875
239000,0.082,0.051,0.867
239500,0.080,0.042,0.879
240000,0.087,0.046,0.867
240500,0.086,0.056,0.859
241000,0.083,0.055,0.862
241500,0.073,0.049,0.878
242000,0.064,0.050,0.886
242500,0.066,0.057,0.877
243000,0.061,0.050,0.888
243500,0.065,0.068,0.867
244000,0.071,0.055,0.874
244500,0.081,0.050,0.869
245000,0.072,0.059,0.869
245500,0.070,0.056,0.875
246000,0.072,0.045,0.882
246500,0.071,0.049,0.880
247000,0.062,0.062,0.876
247500,0.081,0.058,0.861
248000,0.077,0.053,0.869
248500,0.066,0.054,0.880
249000,0.076,0.060,0.864
249500,0.076,0.042,0.881
250000,0.075,0.046,0.878
250500,0.070,0.054,0.876
251000,0.073,0.049,0.877
251500,0.092,0.052,0.856
252000,0.089,0.051,0.860
252500,0.082,0.056,0.863
253000,0.076,0.069,0.856
253500,0.067,0.066,0.867
254000,0.077,0.059,0.864
254500,0.069,0.055,0.876
255000,0.061,0.070,0.869
255500,0.063,0.062,0.875
256000,0.076,0.065,0.860
256500,0.075,0.070,0.855
257000,0.067,0.052,0.881
257500,0.077,0.053,0.869
258000,0.075,0.043,0.881
258500,0.086,0.051,0.863
259000,0.086,0.051,0.863
259500,0.075,0.068,0.857
260000,0.074,0.061,0.864
260500,0.075,0.057,0.869
261000,0.070,0.054,0.876
261500,0.059,0.052,0.888
262000,0.062,0.054,0.883
262500,0.067,0.056,0.878
263000,0.067,0.051,0.883
263500,0.079,0.050,0.871
264000,0.082,0.051,0.867
264500,0.093,0.048,0.859
265000,0.091,0.047,0.862
265500,0.071,0.049,0.880
266000,0.083,0.067,0.851
266500,0.082,0.069,0.850
267000,0.085,0.059,0.856
267500,0.072,0.059,0.870
268000,0.072,0.062,0.865
268500,0.074,0.067,0.860
269000,0.075,0.065,0.861
269500,0.081,0.053,0.866
270000,0.088,0.047,0.864
270500,0.083,0.040,0.878
271000,0.088,0.044,0.867
271500,0.075,0.059,0.866
272000,0.069,0.067,0.865
272500,0.064,0.068,0.869
273000,0.074,0.063,0.863
273500,0.074,0.059,0.866
274000,0.066,0.053,0.880
274500,0.062,0.043,0.894
275000,0.067,0.053,0.880
275500,0.067,0.052,0.881
276000,0.063,0.064,0.874
276500,0.064,0.058,0.878
277000,0.067,0.054,0.879
277500,0.070,0.061,0.868
278000,0.076,0.053,0.870
278500,0.085,0.049,0.866
279000,0.087,0.045,0.868
279500,0.073,0.059,0.867
280000,0.084,0.056,0.860
280500,0.070,0.055,0.875
281000,0.082,0.064,0.855
281500,0.084,0.056,0.861
282000,0.077,0.060,0.862
282500,0.076,0.049,0.876
283000,0.075,0.051,0.875
283500,0.074,0.056,0.869
284000,0.067,0.050,0.883
284500,0.068,0.060,0.873
285000,0.061,0.059,0.880
285500,0.075,0.065,0.860
286000,0.079,0.062,0.859
286500,0.065,0.067,0.869
287000,0.067,0.068,0.865
287500,0.073,0.066,0.861
288000,0.065,0.063,0.872
288500,0.079,0.064,0.858
289000,0.082,0.063,0.855
289500,0.067,0.073,0.860
290000,0.065,0.057,0.879
290500,0.051,0.057,0.891
291000,0.058,0.050,0.893
291500,0.067,0.048,0.885
292000,0.059,0.055,0.885
292500,0.053,0.059,0.888
293000,0.058,0.050,0.893
293500,0.067,0.047,0.886
294000,0.072,0.046,0.882
294500,0.072,0.046,0.882
295000,0.066,0.062,0.871
295500,0.067,0.057,0.877
296000,0.068,0.071,0.861
296500,0.067,0.069,0.864
297000,0.067,0.080,0.853
297500,0.072,0.058,0.870
298000,0.072,0.049,0.880
298500,0.069,0.041,0.890
299000,0.073,0.037,0.889
299500,0.070,0.043,0.887
300000,0.070,0.053,0.876
300500,0.087,0.056,0.858
301000,0.078,0.044,0.878
301500,0.096,0.044,0.860
302000,0.098,0.046,0.856
302500,0.075,0.043,0.882
303000,0.076,0.050,0.875
303500,0.072,0.058,0.870
304000,0.080,0.055,0.865
304500,0.076,0.049,0.875
305000,0.065,0.053,0.882
305500,0.067,0.064,0.870
306000,0.071,0.064,0.866
306500,0.059,0.063,0.877
307000,0.064,0.066,0.870
307500,0.067,0.051,0.882
308000,0.064,0.069,0.867
308500,0.063,0.073,0.864
309000,0.060,0.085,0.855
309500,0.070,0.081,0.850
310000,0.064,0.068,0.869
310500,0.054,0.065,0.881
311000,0.069,0.061,0.870
311500,0.068,0.049,0.883
312000,0.073,0.054,0.873
312500,0.075,0.054,0.871
313000,0.084,0.054,0.862
313500,0.063,0.065,0.872
314000,0.057,0.080,0.864
314500,0.054,0.082,0.864
315000,0.051,0.072,0.876
315500,0.068,0.067,0.865
316000,0.066,0.077,0.857
316500,0.059,0.069,0.872
317000,0.058,0.067,0.875
317500,0.067,0.080,0.854
318000,0.054,0.076,0.870
318500,0.059,0.070,0.871
319000,0.075,0.072,0.853
319500,0.080,0.081,0.840
320000,0.081,0.071,0.849
320500,0.069,0.059,0.873
321000,0.062,0.067,0.871
321500,0.071,0.058,0.871
322000,0.065,0.051,0.884
322500,0.064,0.057,0.879
323000,0.071,0.060,0.869
323500,0.075,0.056,0.868
324000,0.060,0.052,0.887
324500,0.067,0.053,0.880
325000,0.067,0.047,0.886
325500,0.075,0.042,0.883
326000,0.079,0.056,0.866
326500,0.082,0.051,0.867
327000,0.085,0.054,0.861
327500,0.081,0.044,0.875
328000,0.088,0.043,0.869
328500,0.097,0.042,0.861
329000,0.101,0.039,0.860
329500,0.088,0.051,0.861
330000,0.082,0.041,0.877
330500,0.084,0.036,0.880
331000,0.085,0.050,0.866
331500,0.096,0.047,0.857
332000,0.099,0.053,0.848
332500,0.090,0.058,0.852
333000,0.080,0.070,0.850
333500,0.080,0.067,0.853
334000,0.074,0.070,0.856
334500,0.070,0.060,0.869
335000,0.077,0.054,0.869
335500,0.081,0.051,0.868
336000,0.070,0.057,0.873
336500,0.071,0.044,0.885
337000,0.077,0.039,0.883
337500,0.072,0.046,0.882
338000,0.084,0.050,0.866
338500,0.084,0.048,0.868
339000,0.092,0.054,0.853
339500,0.088,0.049,0.863
340000,0.083,0.041,0.877
340500,0.081,0.052,0.867
341000,0.076,0.051,0.873
341500,0.085,0.043,0.873
342000,0.078,0.036,0.886
342500,0.076,0.044,0.879
343000,0.102,0.037,0.861
343500,0.098,0.037,0.865
344000,0.094,0.035,0.871
344500,0.076,0.044,0.879
345000,0.076,0.043,0.881
345500,0.087,0.037,0.876
346000,0.079,0.059,0.862
346500,0.084,0.065,0.851
347000,0.074,0.070,0.856
347500,0.072,0.064,0.863
348000,0.073,0.060,0.867
348500,0.059,0.063,0.878
349000,0.057,0.061,0.882
349500,0.060,0.061,0.878
350000,0.076,0.052,0.871
350500,0.084,0.045,0.871
351000,0.076,0.048,0.875
351500,0.082,0.045,0.873
352000,0.079,0.050,0.871
352500,0.082,0.048,0.870
353000,0.081,0.040,0.880
353500,0.076,0.040,0.883
354000,0.083,0.052,0.865
354500,0.079,0.047,0.874
355000,0.085,0.059,0.857
355500,0.069,0.071,0.860
356000,0.068,0.058,0.874
356500,0.073,0.049,0.877
357000,0.074,0.061,0.865
357500,0.084,0.048,0.868
358000,0.087,0.043,0.871
358500,0.082,0.052,0.866
359000,0.082,0.052,0.866
359500,0.093,0.055,0.852
360000,0.074,0.062,0.863
360500,0.064,0.078,0.858
361000,0.058,0.063,0.879
361500,0.064,0.065,0.872
362000,0.068,0.060,0.872
362500,0.059,0.057,0.883
363000,0.062,0.064,0.873
363500,0.064,0.065,0.871
364000,0.060,0.062,0.878
364500,0.060,0.058,0.882
365000,0.069,0.067,0.865
365500,0.071,0.058,0.870
366000,0.071,0.061,0.868
366500,0.082,0.060,0.858
367000,0.093,0.070,0.837
367500,0.085,0.064,0.851
368000,0.085,0.066,0.849
368500,0.071,0.062,0.867
369000,0.079,0.061,0.860
369500,0.080,0.064,0.857
370000,0.071,0.065,0.864
370500,0.069,0.064,0.868
371000,0.060,0.053,0.887
371500,0.072,0.069,0.859
372000,0.082,0.054,0.864
372500,0.072,0.059,0.869
373000,0.076,0.066,0.858
373500,0.076,0.046,0.878
374000,0.085,0.041,0.875
374500,0.070,0.049,0.881
375000,0.083,0.053,0.864
375500,0.079,0.054,0.867
376000,0.078,0.044,0.878
376500,0.078,0.057,0.865
377000,0.069,0.056,0.875
377500,0.057,0.056,0.887
378000,0.074,0.059,0.867
378500,0.070,0.063,0.867
379000,0.076,0.063,0.861
379500,0.069,0.058,0.873
380000,0.075,0.044,0.881
380500,0.081,0.062,0.857
381000,0.083,0.061,0.856
381500,0.082,0.052,0.866
382000,0.087,0.057,0.856
382500,0.076,0.052,0.872
383000,0.081,0.057,0.863
383500,0.063,0.063,0.874
384000,0.072,0.045,0.882
384500,0.062,0.051,0.886
385000,0.076,0.052,0.871
385500,0.086,0.057,0.856
386000,0.091,0.054,0.854
386500,0.087,0.050,0.864
387000,0.077,0.051,0.871
387500,0.068,0.055,0.877
388000,0.080,0.046,0.874
388500,0.074,0.046,0.879
389000,0.057,0.063,0.881
389500,0.074,0.059,0.867
390000,0.073,0.053,0.874
390500,0.079,0.040,0.881
391000,0.080,0.051,0.869
391500,0.072,0.040,0.888
392000,0.081,0.044,0.875
392500,0.070,0.057,0.872
393000,0.064,0.055,0.881
393500,0.090,0.058,0.853
394000,0.097,0.048,0.855
394500,0.074,0.051,0.875
395000,0.071,0.052,0.877
395500,0.088,0.065,0.847
396000,0.082,0.064,0.855
396500,0.067,0.069,0.865
397000,0.065,0.065,0.871
397500,0.062,0.063,0.875
398000,0.071,0.059,0.869
398500,0.067,0.054,0.879
399000,0.067,0.067,0.867
399500,0.049,0.061,0.891
400000,0.043,0.076,0.880
400500,0.069,0.070,0.861
401000,0.069,0.067,0.864
401500,0.077,0.066,0.857
402000,0.065,0.071,0.864
402500,0.062,0.068,0.869
403000,0.068,0.070,0.863
403500,0.059,0.058,0.882
404000,0.067,0.059,0.875
404500,0.069,0.054,0.877
405000,0.062,0.053,0.884
405500,0.068,0.057,0.875
406000,0.070,0.074,0.855
406500,0.066,0.071,0.863
407000,0.075,0.059,0.866
407500,0.083,0.060,0.857
408000,0.085,0.067,0.849
408500,0.078,0.058,0.865
409000,0.070,0.052,0.877
409500,0.077,0.051,0.872
410000,0.071,0.046,0.883
410500,0.070,0.056,0.874
411000,0.069,0.060,0.871
411500,0.076,0.058,0.867
412000,0.073,0.052,0.875
412500,0.079,0.052,0.869
413000,0.077,0.053,0.870
413500,0.068,0.050,0.882
414000,0.070,0.048,0.882
414500,0.069,0.065,0.867
415000,0.071,0.059,0.870
415500,0.075,0.057,0.868
416000,0.070,0.061,0.869
416500,0.077,0.050,0.872
417000,0.079,0.060,0.861
417500,0.095,0.060,0.845
418000,0.108,0.060,0.831
418500,0.090,0.050,0.860
419000,0.085,0.058,0.857
419500,0.090,0.050,0.861
420000,0.073,0.041,0.887
420500,0.075,0.054,0.871
421000,0.068,0.062,0.871
421500,0.074,0.057,0.869
422000,0.064,0.062,0.873
422500,0.062,0.052,0.885
423000,0.066,0.055,0.879
423500,0.086,0.058,0.856
424000,0.089,0.065,0.845
424500,0.081,0.069,0.851
425000,0.083,0.067,0.851
425500,0.070,0.082,0.849
426000,0.070,0.078,0.853
426500,0.074,0.072,0.854
427000,0.073,0.079,0.848
427500,0.061,0.065,0.874
428000,0.069,0.067,0.865
428500,0.058,0.061,0.880
429000,0.069,0.060,0.871
429500,0.093,0.051,0.856
430000,0.075,0.046,0.878
430500,0.076,0.046,0.877
431000,0.081,0.057,0.862
431500,0.075,0.057,0.868
432000,0.080,0.064,0.857
432500,0.070,0.057,0.873
433000,0.065,0.068,0.867
433500,0.058,0.061,0.880
434000,0.051,0.062,0.886
434500,0.061,0.070,0.870
435000,0.062,0.072,0.865
435500,0.068,0.070,0.862
436000,0.072,0.064,0.865
436500,0.073,0.050,0.877
437000,0.071,0.062,0.867
437500,0.064,0.063,0.873
438000,0.068,0.080,0.852
438500,0.067,0.069,0.865
439000,0.065,0.059,0.876
439500,0.064,0.052,0.884
440000,0.070,0.053,0.876
440500,0.061,0.058,0.881
441000,0.058,0.079,0.863
441500,0.057,0.065,0.879
442000,0.059,0.053,0.887
442500,0.059,0.064,0.877
443000,0.059,0.066,0.875
443500,0.062,0.064,0.873
444000,0.056,0.067,0.877
444500,0.066,0.064,0.871
445000,0.061,0.066,0.873
445500,0.071,0.069,0.860
446000,0.076,0.069,0.856
446500,0.068,0.067,0.865
447000,0.062,0.076,0.862
447500,0.064,0.065,0.871
448000,0.068,0.071,0.860
448500,0.073,0.059,0.868
449000,0.072,0.054,0.873
449500,0.074,0.045,0.880
450000,0.088,0.045,0.866
450500,0.086,0.045,0.869
451000,0.105,0.046,0.848
451500,0.103,0.053,0.843
452000,0.096,0.043,0.861
452500,0.086,0.051,0.863
453000,0.087,0.048,0.865
453500,0.081,0.047,0.872
454000,0.074,0.050,0.877
454500,0.075,0.049,0.876
455000,0.059,0.060,0.881
455500,0.067,0.051,0.882
456000,0.076,0.059,0.865
456500,0.068,0.053,0.879
457000,0.071,0.057,0.872
457500,0.070,0.067,0.863
458000,0.070,0.069,0.862
458500,0.064,0.074,0.862
459000,0.081,0.057,0.862
459500,0.097,0.046,0.857
460000,0.086,0.054,0.860
460500,0.066,0.043,0.890
461000,0.065,0.062,0.873
461500,0.071,0.074,0.854
462000,0.066,0.063,0.871
462500,0.066,0.064,0.871
463000,0.077,0.062,0.861
463500,0.062,0.084,0.854
464000,0.070,0.062,0.868
464500,0.065,0.064,0.871
465000,0.057,0.064,0.879
465500,0.054,0.068,0.878
466000,0.058,0.072,0.869
466500,0.068,0.071,0.860
467000,0.064,0.067,0.869
467500,0.062,0.076,0.861
468000,0.074,0.061,0.865
468500,0.063,0.048,0.890
469000,0.067,0.044,0.889
469500,0.074,0.045,0.880
470000,0.080,0.051,0.869
470500,0.077,0.042,0.881
471000,0.072,0.034,0.895
471500,0.081,0.042,0.877
472000,0.072,0.049,0.878
472500,0.072,0.043,0.884
473000,0.077,0.055,0.868
473500,0.078,0.041,0.882
474000,0.071,0.053,0.876
474500,0.071,0.061,0.868
475000,0.074,0.049,0.876
475500,0.070,0.044,0.886
476000,0.066,0.047,0.887
476500,0.079,0.046,0.875
477000,0.069,0.043,0.888
477500,0.068,0.049,0.884
478000,0.065,0.053,0.882
478500,0.052,0.053,0.894
479000,0.068,0.061,0.871
479500,0.065,0.050,0.886
480000,0.061,0.051,0.888
480500,0.065,0.054,0.881
481000,0.073,0.055,0.871
481500,0.075,0.048,0.876
482000,0.067,0.057,0.876
482500,0.072,0.056,0.873
483000,0.075,0.053,0.872
483500,0.073,0.054,0.873
484000,0.071,0.048,0.881
484500,0.073,0.061,0.865
485000,0.068,0.053,0.879
485500,0.074,0.057,0.869
486000,0.075,0.044,0.880
486500,0.089,0.044,0.867
487000,0.084,0.043,0.873
487500,0.086,0.048,0.867
488000,0.092,0.048,0.859
488500,0.095,0.046,0.859
489000,0.091,0.043,0.866
489500,0.088,0.040,0.871
490000,0.087,0.043,0.870
490500,0.096,0.038,0.866
491000,0.090,0.041,0.869
491500,0.081,0.061,0.858
492000,0.082,0.057,0.861
492500,0.073,0.053,0.874
493000,0.080,0.058,0.862
493500,0.077,0.070,0.853
494000,0.067,0.057,0.877
494500,0.070,0.052,0.878
495000,0.069,0.050,0.882
495500,0.072,0.056,0.873
496000,0.081,0.069,0.851
496500,0.080,0.062,0.858
497000,0.080,0.062,0.858
497500,0.085,0.064,0.851
498000,0.080,0.053,0.867
498500,0.078,0.053,0.869
499000,0.083,0.054,0.863
499500,0.077,0.051,0.871
500000,0.078,0.053,0.869
500500,0.085,0.057,0.859
501000,0.070,0.064,0.867
501500,0.072,0.054,0.873
502000,0.083,0.042,0.875
502500,0.073,0.048,0.878
503000,0.066,0.051,0.883
503500,0.066,0.051,0.883
504000,0.070,0.054,0.875
504500,0.076,0.058,0.865
505000,0.080,0.060,0.860
505500,0.086,0.046,0.867
506000,0.091,0.038,0.871
506500,0.082,0.050,0.868
507000,0.089,0.041,0.870
507500,0.089,0.041,0.869
508000,0.086,0.046,0.868
508500,0.080,0.050,0.870
509000,0.070,0.048,0.882
509500,0.074,0.044,0.882
510000,0.072,0.041,0.888
510500,0.078,0.041,0.882
511000,0.073,0.043,0.884
511500,0.071,0.038,0.891
512000,0.087,0.042,0.872
512500,0.085,0.050,0.866
513000,0.079,0.053,0.868
513500,0.071,0.048,0.881
514000,0.079,0.045,0.876
514500,0.079,0.042,0.879
515000,0.072,0.043,0.885
515500,0.074,0.039,0.886
516000,0.072,0.041,0.887
516500,0.073,0.037,0.889
517000,0.069,0.040,0.892
517500,0.063,0.049,0.889
518000,0.059,0.051,0.889
518500,0.058,0.051,0.891
519000,0.057,0.048,0.896
519500,0.049,0.067,0.884
520000,0.071,0.073,0.856
520500,0.074,0.062,0.864
521000,0.079,0.069,0.853
521500,0.073,0.060,0.867
522000,0.070,0.059,0.871
522500,0.069,0.053,0.878
523000,0.071,0.079,0.851
523500,0.064,0.078,0.859
524000,0.073,0.071,0.856
524500,0.068,0.072,0.860
525000,0.079,0.059,0.862
525500,0.077,0.063,0.860
526000,0.066,0.073,0.862
526500,0.061,0.075,0.864
527000,0.051,0.072,0.876
527500,0.062,0.075,0.862
528000,0.058,0.068,0.875
528500,0.069,0.038,0.893
529000,0.077,0.040,0.883
529500,0.068,0.043,0.888
530000,0.082,0.046,0.872
530500,0.085,0.046,0.869
531000,0.079,0.048,0.873
531500,0.068,0.041,0.891
532000,0.066,0.050,0.884
532500,0.073,0.057,0.870
533000,0.081,0.058,0.862
533500,0.092,0.052,0.855
534000,0.084,0.068,0.849
534500,0.069,0.061,0.871
535000,0.057,0.062,0.881
535500,0.053,0.067,0.880
536000,0.060,0.061,0.878
536500,0.051,0.051,0.897
537000,0.067,0.049,0.885
537500,0.059,0.069,0.873
538000,0.056,0.076,0.868
538500,0.062,0.059,0.878
539000,0.062,0.057,0.880
539500,0.070,0.057,0.873
540000,0.064,0.070,0.865
540500,0.054,0.081,0.865
541000,0.052,0.069,0.879
541500,0.052,0.081,0.867
542000,0.055,0.083,0.862
542500,0.067,0.083,0.851
543000,0.060,0.085,0.855
543500,0.065,0.079,0.857
544000,0.070,0.056,0.874
544500,0.068,0.055,0.877
545000,0.064,0.062,0.874
545500,0.058,0.056,0.886
546000,0.059,0.064,0.877
546500,0.064,0.059,0.876
547000,0.049,0.064,0.887
547500,0.057,0.050,0.894
548000,0.059,0.045,0.896
548500,0.077,0.049,0.874
549000,0.076,0.047,0.876
549500,0.073,0.044,0.882
550000,0.073,0.040,0.887
550500,0.071,0.038,0.890
551000,0.065,0.043,0.892
551500,0.069,0.057,0.874
552000,0.061,0.070,0.869
552500,0.061,0.086,0.853
553000,0.058,0.073,0.869
553500,0.058,0.061,0.881
554000,0.064,0.062,0.874
554500,0.058,0.073,0.870
555000,0.072,0.068,0.860
555500,0.072,0.051,0.876
556000,0.063,0.056,0.882
556500,0.078,0.052,0.870
557000,0.069,0.057,0.874
557500,0.070,0.057,0.873
558000,0.079,0.059,0.862
558500,0.071,0.043,0.886
559000,0.073,0.048,0.879
559500,0.075,0.038,0.887
560000,0.072,0.049,0.880
560500,0.088,0.039,0.873
561000,0.076,0.036,0.888
561500,0.079,0.043,0.878
562000,0.067,0.054,0.879
562500,0.061,0.056,0.883
563000,0.066,0.051,0.883
563500,0.073,0.049,0.877
564000,0.075,0.040,0.884
564500,0.080,0.050,0.871
565000,0.068,0.067,0.865
565500,0.069,0.051,0.880
566000,0.063,0.073,0.864
566500,0.056,0.076,0.868
567000,0.070,0.069,0.862
567500,0.065,0.068,0.868
568000,0.069,0.073,0.858
568500,0.073,0.059,0.869
569000,0.081,0.060,0.859
569500,0.091,0.055,0.853
570000,0.089,0.052,0.859
570500,0.099,0.062,0.839
571000,0.082,0.057,0.862
571500,0.089,0.051,0.860
572000,0.074,0.048,0.879
572500,0.073,0.061,0.866
573000,0.083,0.056,0.861
573500,0.096,0.052,0.852
574000,0.079,0.065,0.857
574500,0.082,0.064,0.855
575000,0.081,0.052,0.867
575500,0.067,0.043,0.891
576000,0.075,0.052,0.873
576500,0.080,0.070,0.850
577000,0.081,0.065,0.854
577500,0.071,0.080,0.850
578000,0.065,0.059,0.876
578500,0.074,0.050,0.875
579000,0.083,0.064,0.853
579500,0.068,0.060,0.873
580000,0.069,0.069,0.863
580500,0.057,0.067,0.876
581000,0.064,0.064,0.872
581500,0.079,0.055,0.866
582000,0.083,0.063,0.854
582500,0.070,0.056,0.874
583000,0.074,0.055,0.870
583500,0.068,0.047,0.885
584000,0.055,0.042,0.903
584500,0.072,0.035,0.894
585000,0.091,0.032,0.877
585500,0.083,0.038,0.879
586000,0.071,0.036,0.893
586500,0.089,0.044,0.867
587000,0.089,0.046,0.864
587500,0.077,0.043,0.880
588000,0.084,0.051,0.865
588500,0.085,0.048,0.868
589000,0.075,0.046,0.879
589500,0.055,0.062,0.882
590000,0.058,0.055,0.887
590500,0.064,0.051,0.884
591000,0.062,0.046,0.891
591500,0.061,0.037,0.901
592000,0.062,0.054,0.883
592500,0.077,0.059,0.865
593000,0.084,0.059,0.857
593500,0.075,0.052,0.872
594000,0.086,0.051,0.864
594500,0.091,0.059,0.850
595000,0.086,0.058,0.857
595500,0.072,0.059,0.869
596000,0.072,0.052,0.876
596500,0.068,0.049,0.884
597000,0.077,0.050,0.873
597500,0.083,0.044,0.873
598000,0.084,0.043,0.874
598500,0.098,0.051,0.851
599000,0.075,0.058,0.867
599500,0.069,0.059,0.873
600000,0.074,0.056,0.871
600500,0.068,0.057,0.875
601000,0.073,0.068,0.859
601500,0.074,0.049,0.876
602000,0.096,0.052,0.852
602500,0.092,0.044,0.863
603000,0.076,0.040,0.884
603500,0.063,0.046,0.891
604000,0.066,0.055,0.879
604500,0.057,0.048,0.896
605000,0.069,0.048,0.884
605500,0.061,0.064,0.875
606000,0.065,0.070,0.865
606500,0.058,0.062,0.879
607000,0.057,0.064,0.879
607500,0.060,0.077,0.862
608000,0.056,0.072,0.872
608500,0.050,0.059,0.890
609000,0.059,0.057,0.883
609500,0.070,0.065,0.865
610000,0.052,0.065,0.883
610500,0.060,0.071,0.868
611000,0.059,0.064,0.878
611500,0.056,0.057,0.888
612000,0.071,0.051,0.878
612500,0.071,0.054,0.874
613000,0.103,0.054,0.843
613500,0.089,0.054,0.856
614000,0.098,0.057,0.846
614500,0.095,0.039,0.866
615000,0.098,0.036,0.866
615500,0.086,0.043,0.871
616000,0.081,0.051,0.868
616500,0.075,0.047,0.878
617000,0.074,0.046,0.880
617500,0.073,0.049,0.879
618000,0.076,0.046,0.878
618500,0.079,0.049,0.872
619000,0.084,0.044,0.872
619500,0.085,0.037,0.878
620000,0.077,0.040,0.884
620500,0.075,0.048,0.876
621000,0.081,0.059,0.860
621500,0.086,0.059,0.855
622000,0.072,0.045,0.882
622500,0.082,0.042,0.876
623000,0.095,0.042,0.863
623500,0.081,0.048,0.871
624000,0.090,0.048,0.861
624500,0.094,0.047,0.859
625000,0.082,0.055,0.863
625500,0.067,0.060,0.873
626000,0.067,0.057,0.877
626500,0.081,0.053,0.866
627000,0.075,0.052,0.873
627500,0.076,0.061,0.862
628000,0.077,0.063,0.860
628500,0.065,0.060,0.875
629000,0.079,0.067,0.855
629500,0.077,0.069,0.854
630000,0.070,0.070,0.860
630500,0.064,0.056,0.880
631000,0.069,0.057,0.875
631500,0.077,0.051,0.872
632000,0.076,0.041,0.883
632500,0.081,0.049,0.870
633000,0.075,0.038,0.886
633500,0.084,0.049,0.868
634000,0.085,0.045,0.870
634500,0.073,0.057,0.870
635000,0.076,0.069,0.855
635500,0.073,0.081,0.846
636000,0.073,0.070,0.857
636500,0.080,0.070,0.850
637000,0.084,0.066,0.851
637500,0.081,0.066,0.853
638000,0.081,0.064,0.855
638500,0.092,0.056,0.851
639000,0.091,0.057,0.853
639500,0.099,0.058,0.843
640000,0.100,0.061,0.839
640500,0.083,0.058,0.860
641000,0.070,0.060,0.869
641500,0.072,0.064,0.863
642000,0.071,0.050,0.879
642500,0.084,0.059,0.857
643000,0.077,0.059,0.865
643500,0.067,0.055,0.878
644000,0.062,0.058,0.880
644500,0.070,0.052,0.878
645000,0.065,0.054,0.881
645500,0.065,0.053,0.882
646000,0.068,0.054,0.877
646500,0.087,0.046,0.866
647000,0.084,0.059,0.858
647500,0.074,0.067,0.860
648000,0.078,0.064,0.858
648500,0.070,0.054,0.875
649000,0.064,0.051,0.885
649500,0.059,0.056,0.885
650000,0.053,0.060,0.886
650500,0.068,0.060,0.872
651000,0.055,0.068,0.877
651500,0.064,0.069,0.868
652000,0.068,0.069,0.863
652500,0.069,0.063,0.868
653000,0.069,0.069,0.863
653500,0.062,0.075,0.862
654000,0.083,0.072,0.846
654500,0.069,0.069,0.863
655000,0.061,0.053,0.885
655500,0.057,0.050,0.893
656000,0.072,0.059,0.869
656500,0.073,0.066,0.861
657000,0.079,0.061,0.861
657500,0.069,0.066,0.866
658000,0.056,0.066,0.878
658500,0.069,0.065,0.867
659000,0.065,0.053,0.882
659500,0.066,0.059,0.876
660000,0.064,0.058,0.878
660500,0.077,0.050,0.873
661000,0.070,0.053,0.876
661500,0.066,0.054,0.879
662000,0.055,0.053,0.892
662500,0.058,0.061,0.881
663000,0.062,0.059,0.878
663500,0.053,0.054,0.893
664000,0.049,0.064,0.887
664500,0.056,0.067,0.878
665000,0.053,0.076,0.870
665500,0.058,0.072,0.869
666000,0.062,0.059,0.878
666500,0.077,0.048,0.874
667000,0.079,0.048,0.873
667500,0.066,0.046,0.888
668000,0.070,0.044,0.885
668500,0.081,0.044,0.875
669000,0.070,0.046,0.883
669500,0.072,0.051,0.876
670000,0.060,0.068,0.871
670500,0.064,0.069,0.867
671000,0.066,0.061,0.872
671500,0.056,0.044,0.900
672000,0.062,0.044,0.893
672500,0.059,0.055,0.886
673000,0.051,0.070,0.878
673500,0.059,0.076,0.866
674000,0.049,0.085,0.867
674500,0.053,0.083,0.864
675000,0.069,0.083,0.848
675500,0.062,0.087,0.851
676000,0.067,0.078,0.855
676500,0.071,0.073,0.856
677000,0.068,0.070,0.863
677500,0.080,0.066,0.855
678000,0.084,0.048,0.868
678500,0.084,0.060,0.856
679000,0.068,0.069,0.863
679500,0.056,0.058,0.886
680000,0.061,0.073,0.865
680500,0.066,0.056,0.878
681000,0.067,0.047,0.886
681500,0.064,0.056,0.880
682000,0.061,0.056,0.883
682500,0.058,0.082,0.861
683000,0.059,0.081,0.861
683500,0.059,0.072,0.869
684000,0.054,0.073,0.872
684500,0.055,0.089,0.855
685000,0.049,0.074,0.877
685500,0.043,0.059,0.899
686000,0.064,0.068,0.868
686500,0.072,0.060,0.867
687000,0.065,0.059,0.876
687500,0.065,0.054,0.881
688000,0.062,0.064,0.874
688500,0.080,0.059,0.861
689000,0.059,0.058,0.882
689500,0.071,0.054,0.875
690000,0.077,0.062,0.861
690500,0.084,0.058,0.859
691000,0.096,0.057,0.847
691500,0.090,0.048,0.861
692000,0.066,0.048,0.886
692500,0.057,0.054,0.889
693000,0.065,0.051,0.885
693500,0.068,0.059,0.873
694000,0.072,0.056,0.871
694500,0.076,0.060,0.863
695000,0.088,0.046,0.865
695500,0.082,0.061,0.857
696000,0.080,0.067,0.854
696500,0.077,0.058,0.865
697000,0.075,0.062,0.863
697500,0.073,0.056,0.872
698000,0.070,0.077,0.852
698500,0.073,0.066,0.862
699000,0.079,0.067,0.855
699500,0.085,0.054,0.861
700000,0.067,0.059,0.874
700500,0.074,0.059,0.867
701000,0.080,0.069,0.851
701500,0.097,0.071,0.832
702000,0.090,0.062,0.847
702500,0.079,0.049,0.872
703000,0.074,0.052,0.873
703500,0.073,0.051,0.876
704000,0.073,0.053,0.874
704500,0.088,0.059,0.853
705000,0.065,0.061,0.875
705500,0.074,0.061,0.865
706000,0.071,0.075,0.854
706500,0.074,0.077,0.849
707000,0.065,0.073,0.862
707500,0.071,0.081,0.849
708000,0.067,0.074,0.859
708500,0.064,0.069,0.867
709000,0.064,0.079,0.857
709500,0.060,0.063,0.877
710000,0.066,0.066,0.868
710500,0.072,0.060,0.868
711000,0.056,0.071,0.873
711500,0.074,0.063,0.863
712000,0.075,0.066,0.859
712500,0.070,0.068,0.862
713000,0.077,0.071,0.852
713500,0.092,0.062,0.845
714000,0.082,0.045,0.873
714500,0.080,0.038,0.882
715000,0.079,0.043,0.878
715500,0.083,0.040,0.877
716000,0.087,0.042,0.871
716500,0.079,0.053,0.868
717000,0.090,0.052,0.858
717500,0.086,0.057,0.857
718000,0.075,0.050,0.876
718500,0.067,0.051,0.882
719000,0.068,0.072,0.861
719500,0.061,0.073,0.865
720000,0.059,0.057,0.884
720500,0.073,0.050,0.876
721000,0.074,0.057,0.869
721500,0.075,0.057,0.868
722000,0.076,0.059,0.865
722500,0.074,0.050,0.876
723000,0.068,0.041,0.892
723500,0.069,0.054,0.877
724000,0.065,0.053,0.882
724500,0.072,0.046,0.882
725000,0.080,0.050,0.870
725500,0.078,0.046,0.876
726000,0.082,0.038,0.880
726500,0.078,0.043,0.880
727000,0.083,0.054,0.863
727500,0.068,0.046,0.885
728000,0.090,0.050,0.860
728500,0.071,0.052,0.877
729000,0.076,0.056,0.868
729500,0.080,0.060,0.861
730000,0.073,0.051,0.876
730500,0.079,0.053,0.868
731000,0.072,0.052,0.876
731500,0.068,0.060,0.872
732000,0.077,0.058,0.864
732500,0.065,0.051,0.884
733000,0.059,0.061,0.879
733500,0.058,0.071,0.871
734000,0.058,0.068,0.874
734500,0.070,0.045,0.885
735000,0.079,0.051,0.871
735500,0.068,0.053,0.879
736000,0.085,0.049,0.867
736500,0.079,0.062,0.859
737000,0.086,0.064,0.851
737500,0.078,0.069,0.854
738000,0.072,0.071,0.856
738500,0.070,0.060,0.871
739000,0.071,0.065,0.865
739500,0.070,0.072,0.858
740000,0.065,0.060,0.875
740500,0.072,0.046,0.882
741000,0.076,0.051,0.872
741500,0.082,0.056,0.862
742000,0.082,0.049,0.870
742500,0.074,0.046,0.880
743000,0.072,0.042,0.886
743500,0.068,0.052,0.879
744000,0.058,0.052,0.889
744500,0.062,0.046,0.891
745000,0.054,0.045,0.900
745500,0.060,0.057,0.883
746000,0.061,0.060,0.879
746500,0.063,0.066,0.872
747000,0.060,0.072,0.867
747500,0.077,0.059,0.864
748000,0.086,0.044,0.870
748500,0.081,0.059,0.860
749000,0.077,0.054,0.868
749500,0.082,0.061,0.857
750000,0.089,0.060,0.851
750500,0.077,0.059,0.865
751000,0.068,0.060,0.871
751500,0.067,0.054,0.879
752000,0.071,0.059,0.870
752500,0.069,0.068,0.864
753000,0.070,0.058,0.873
753500,0.070,0.060,0.869
754000,0.071,0.070,0.859
754500,0.083,0.066,0.851
755000,0.075,0.055,0.869
755500,0.077,0.044,0.878
756000,0.069,0.045,0.886
756500,0.069,0.059,0.872
757000,0.080,0.061,0.859
757500,0.080,0.064,0.857
758000,0.073,0.054,0.872
758500,0.080,0.059,0.861
759000,0.079,0.064,0.858
759500,0.080,0.057,0.863
760000,0.072,0.061,0.867
760500,0.071,0.057,0.871
761000,0.073,0.051,0.875
761500,0.074,0.055,0.870
762000,0.060,0.048,0.891
762500,0.067,0.050,0.883
763000,0.083,0.043,0.874
763500,0.086,0.057,0.857
764000,0.091,0.060,0.849
764500,0.073,0.075,0.852
765000,0.061,0.063,0.875
765500,0.066,0.058,0.876
766000,0.057,0.060,0.883
766500,0.050,0.076,0.874
767000,0.059,0.074,0.866
767500,0.075,0.065,0.859
768000,0.070,0.059,0.870
768500,0.082,0.048,0.870
769000,0.084,0.052,0.864
769500,0.070,0.055,0.874
770000,0.082,0.056,0.862
770500,0.087,0.061,0.852
771000,0.102,0.073,0.825
771500,0.090,0.070,0.839
772000,0.082,0.061,0.857
772500,0.082,0.053,0.865
773000,0.087,0.059,0.854
773500,0.090,0.054,0.855
774000,0.074,0.069,0.857
774500,0.076,0.053,0.871
775000,0.079,0.051,0.870
775500,0.086,0.056,0.858
776000,0.089,0.054,0.856
776500,0.083,0.054,0.863
777000,0.081,0.048,0.871
777500,0.076,0.044,0.879
778000,0.077,0.062,0.861
778500,0.089,0.068,0.843
779000,0.081,0.065,0.855
779500,0.075,0.051,0.875
780000,0.079,0.042,0.879
780500,0.096,0.048,0.857
781000,0.077,0.043,0.879
781500,0.081,0.056,0.863
782000,0.081,0.057,0.863
782500,0.076,0.058,0.866
783000,0.076,0.050,0.875
783500,0.070,0.069,0.861
784000,0.058,0.064,0.879
784500,0.048,0.072,0.880
785000,0.067,0.065,0.869
785500,0.082,0.052,0.866
786000,0.076,0.057,0.868
786500,0.075,0.055,0.870
787000,0.059,0.062,0.878
787500,0.065,0.059,0.877
788000,0.061,0.075,0.864
788500,0.070,0.071,0.859
789000,0.086,0.064,0.851
789500,0.099,0.053,0.848
790000,0.098,0.043,0.859
790500,0.077,0.054,0.868
791000,0.067,0.064,0.869
791500,0.074,0.060,0.865
792000,0.077,0.053,0.869
792500,0.077,0.037,0.886
793000,0.077,0.054,0.868
793500,0.062,0.053,0.885
794000,0.066,0.042,0.892
794500,0.077,0.055,0.868
795000,0.072,0.062,0.866
795500,0.074,0.057,0.869
796000,0.079,0.051,0.870
796500,0.091,0.053,0.856
797000,0.083,0.046,0.871
797500,0.089,0.052,0.858
798000,0.081,0.053,0.866
798500,0.057,0.053,0.890
799000,0.067,0.044,0.889
799500,0.059,0.056,0.886
800000,0.070,0.035,0.894
800500,0.071,0.048,0.880
801000,0.070,0.057,0.872
801500,0.064,0.065,0.872
802000,0.066,0.059,0.876
802500,0.070,0.050,0.880
803000,0.076,0.059,0.865
803500,0.074,0.058,0.868
804000,0.069,0.051,0.880
804500,0.072,0.051,0.877
805000,0.080,0.046,0.874
805500,0.075,0.033,0.893
806000,0.076,0.049,0.874
806500,0.071,0.066,0.863
807000,0.089,0.061,0.850
807500,0.084,0.063,0.853
808000,0.082,0.062,0.857
808500,0.083,0.058,0.860
809000,0.071,0.050,0.880
809500,0.070,0.051,0.878
810000,0.070,0.038,0.892
810500,0.070,0.044,0.886
811000,0.073,0.042,0.885
811500,0.065,0.037,0.898
812000,0.071,0.039,0.889
812500,0.062,0.053,0.884
813000,0.060,0.056,0.884
813500,0.064,0.054,0.881
814000,0.073,0.054,0.873
814500,0.069,0.038,0.893
815000,0.083,0.046,0.871
815500,0.081,0.050,0.870
816000,0.071,0.045,0.883
816500,0.073,0.044,0.882
817000,0.073,0.050,0.877
817500,0.071,0.060,0.868
818000,0.064,0.059,0.877
818500,0.060,0.050,0.890
819000,0.070,0.057,0.873
819500,0.060,0.050,0.889
820000,0.062,0.054,0.883
820500,0.070,0.061,0.869
821000,0.081,0.054,0.865
821500,0.077,0.049,0.873
822000,0.071,0.051,0.878
822500,0.075,0.052,0.873
823000,0.059,0.060,0.881
823500,0.065,0.070,0.865
824000,0.072,0.073,0.854
824500,0.070,0.065,0.865
825000,0.064,0.060,0.876
825500,0.071,0.053,0.876
826000,0.067,0.049,0.885
826500,0.061,0.045,0.894
827000,0.066,0.042,0.892
827500,0.079,0.048,0.874
828000,0.072,0.046,0.881
828500,0.067,0.043,0.890
829000,0.081,0.039,0.880
829500,0.074,0.049,0.877
830000,0.070,0.063,0.867
830500,0.063,0.081,0.857
831000,0.057,0.075,0.869
831500,0.064,0.072,0.864
832000,0.070,0.068,0.861
832500,0.064,0.059,0.877
833000,0.076,0.059,0.865
833500,0.079,0.054,0.867
834000,0.066,0.050,0.885
834500,0.064,0.073,0.862
835000,0.062,0.070,0.868
835500,0.059,0.050,0.891
836000,0.059,0.052,0.889
836500,0.065,0.056,0.880
837000,0.068,0.060,0.871
837500,0.062,0.067,0.871
838000,0.073,0.067,0.859
838500,0.076,0.053,0.870
839000,0.085,0.046,0.869
839500,0.087,0.051,0.863
840000,0.074,0.061,0.865
840500,0.091,0.045,0.864
841000,0.082,0.048,0.870
841500,0.090,0.042,0.868
842000,0.070,0.039,0.891
842500,0.085,0.048,0.868
843000,0.079,0.040,0.881
843500,0.073,0.049,0.877
844000,0.072,0.059,0.868
844500,0.076,0.056,0.868
845000,0.067,0.056,0.877
845500,0.084,0.052,0.864
846000,0.079,0.057,0.864
846500,0.067,0.056,0.878
847000,0.059,0.064,0.878
847500,0.057,0.068,0.875
848000,0.056,0.061,0.882
848500,0.062,0.053,0.884
849000,0.058,0.072,0.869
849500,0.055,0.087,0.857
850000,0.051,0.100,0.850
850500,0.080,0.085,0.836
851000,0.073,0.076,0.851
851500,0.070,0.082,0.849
852000,0.069,0.063,0.869
852500,0.061,0.065,0.874
853000,0.062,0.057,0.881
853500,0.068,0.058,0.874
854000,0.065,0.049,0.886
854500,0.073,0.056,0.872
855000,0.077,0.066,0.857
855500,0.068,0.060,0.872
856000,0.062,0.045,0.892
856500,0.064,0.056,0.881
857000,0.059,0.053,0.888
857500,0.069,0.057,0.874
858000,0.070,0.056,0.875
858500,0.067,0.054,0.879
859000,0.059,0.060,0.880
859500,0.066,0.067,0.867
860000,0.067,0.057,0.877
860500,0.053,0.061,0.885
861000,0.052,0.074,0.874
861500,0.047,0.076,0.877
862000,0.057,0.062,0.881
862500,0.059,0.053,0.887
863000,0.071,0.057,0.872
863500,0.070,0.059,0.871
864000,0.068,0.049,0.883
864500,0.076,0.058,0.867
865000,0.073,0.066,0.861
865500,0.079,0.055,0.866
866000,0.093,0.056,0.852
866500,0.095,0.050,0.855
867000,0.090,0.050,0.860
867500,0.091,0.049,0.860
868000,0.092,0.042,0.866
868500,0.090,0.037,0.873
869000,0.080,0.045,0.875
869500,0.081,0.044,0.875
870000,0.071,0.050,0.879
870500,0.066,0.054,0.879
871000,0.059,0.053,0.888
871500,0.066,0.052,0.882
872000,0.070,0.056,0.873
872500,0.068,0.051,0.880
873000,0.079,0.039,0.882
873500,0.078,0.040,0.882
874000,0.070,0.043,0.887
874500,0.056,0.045,0.899
875000,0.064,0.050,0.886
875500,0.068,0.062,0.870
876000,0.069,0.064,0.867
876500,0.070,0.069,0.862
877000,0.074,0.059,0.868
877500,0.063,0.056,0.882
878000,0.061,0.058,0.881
878500,0.065,0.048,0.887
879000,0.068,0.048,0.884
879500,0.076,0.047,0.876
880000,0.075,0.049,0.876
880500,0.070,0.046,0.883
881000,0.076,0.039,0.885
881500,0.059,0.058,0.882
882000,0.063,0.070,0.867
882500,0.068,0.069,0.863
883000,0.077,0.060,0.863
883500,0.070,0.051,0.878
884000,0.070,0.064,0.866
884500,0.084,0.051,0.865
885000,0.088,0.053,0.859
885500,0.070,0.049,0.881
886000,0.061,0.052,0.887
886500,0.068,0.046,0.886
887000,0.075,0.052,0.873
887500,0.081,0.046,0.873
888000,0.071,0.043,0.885
888500,0.069,0.053,0.878
889000,0.059,0.060,0.881
889500,0.065,0.058,0.878
890000,0.077,0.070,0.854
890500,0.077,0.065,0.857
891000,0.071,0.054,0.875
891500,0.059,0.052,0.889
892000,0.067,0.059,0.874
892500,0.061,0.066,0.874
893000,0.072,0.051,0.878
893500,0.083,0.037,0.880
894000,0.081,0.048,0.871
894500,0.090,0.053,0.856
895000,0.096,0.062,0.842
895500,0.087,0.066,0.847
896000,0.083,0.065,0.852
896500,0.092,0.068,0.840
897000,0.065,0.068,0.868
897500,0.072,0.070,0.857
898000,0.083,0.061,0.857
898500,0.083,0.063,0.854
899000,0.074,0.048,0.877
899500,0.096,0.054,0.850
900000,0.086,0.044,0.870
900500,0.077,0.036,0.886
901000,0.073,0.036,0.890
901500,0.075,0.053,0.871
902000,0.073,0.048,0.879
902500,0.077,0.047,0.875
903000,0.079,0.048,0.873
903500,0.076,0.042,0.882
904000,0.092,0.038,0.869
904500,0.073,0.049,0.878
905000,0.075,0.056,0.869
905500,0.066,0.053,0.881
906000,0.066,0.056,0.879
906500,0.068,0.056,0.876
907000,0.068,0.054,0.878
907500,0.077,0.056,0.866
908000,0.074,0.044,0.882
908500,0.076,0.032,0.892
909000,0.065,0.035,0.901
909500,0.071,0.048,0.881
910000,0.084,0.051,0.866
910500,0.079,0.059,0.862
911000,0.088,0.048,0.865
911500,0.071,0.033,0.896
912000,0.071,0.048,0.881
912500,0.062,0.043,0.894
913000,0.080,0.042,0.878
913500,0.106,0.038,0.855
914000,0.091,0.057,0.852
914500,0.083,0.064,0.854
915000,0.085,0.062,0.853
915500,0.081,0.057,0.863
916000,0.083,0.050,0.867
916500,0.084,0.053,0.863
917000,0.077,0.051,0.871
917500,0.073,0.065,0.861
918000,0.074,0.071,0.854
918500,0.086,0.078,0.836
919000,0.065,0.071,0.865
919500,0.062,0.075,0.862
920000,0.067,0.070,0.864
920500,0.055,0.053,0.891
921000,0.069,0.041,0.891
921500,0.064,0.056,0.880
922000,0.071,0.062,0.867
922500,0.069,0.058,0.874
923000,0.062,0.057,0.880
923500,0.066,0.061,0.872
924000,0.072,0.054,0.874
924500,0.080,0.057,0.864
925000,0.086,0.065,0.850
925500,0.091,0.067,0.842
926000,0.088,0.069,0.843
926500,0.091,0.073,0.835
927000,0.074,0.059,0.868
927500,0.080,0.059,0.861
928000,0.087,0.047,0.865
928500,0.092,0.043,0.864
929000,0.102,0.043,0.855
929500,0.095,0.042,0.864
930000,0.090,0.042,0.869
930500,0.079,0.046,0.875
931000,0.070,0.050,0.880
931500,0.077,0.043,0.879
932000,0.070,0.058,0.873
932500,0.078,0.054,0.868
933000,0.070,0.064,0.865
933500,0.064,0.046,0.890
934000,0.063,0.056,0.882
934500,0.070,0.067,0.863
935000,0.075,0.070,0.854
935500,0.079,0.051,0.870
936000,0.081,0.045,0.874
936500,0.085,0.070,0.845
937000,0.083,0.066,0.852
937500,0.066,0.067,0.867
938000,0.058,0.065,0.878
938500,0.054,0.070,0.875
939000,0.063,0.081,0.857
939500,0.070,0.076,0.854
940000,0.063,0.069,0.868
940500,0.062,0.060,0.877
941000,0.073,0.059,0.868
941500,0.068,0.062,0.871
942000,0.064,0.067,0.870
942500,0.065,0.064,0.872
943000,0.061,0.058,0.880
943500,0.065,0.070,0.865
944000,0.067,0.067,0.867
944500,0.075,0.073,0.852
945000,0.086,0.085,0.829
945500,0.070,0.071,0.859
946000,0.075,0.066,0.859
946500,0.069,0.062,0.869
947000,0.071,0.066,0.863
947500,0.072,0.064,0.865
948000,0.073,0.069,0.859
948500,0.093,0.058,0.849
949000,0.091,0.065,0.843
949500,0.077,0.070,0.853
950000,0.094,0.062,0.844
950500,0.099,0.052,0.849
951000,0.076,0.061,0.863
951500,0.078,0.060,0.862
952000,0.078,0.051,0.871
952500,0.077,0.060,0.863
953000,0.072,0.069,0.859
953500,0.086,0.066,0.848
954000,0.082,0.058,0.860
954500,0.077,0.059,0.863
955000,0.060,0.059,0.881
955500,0.061,0.060,0.879
956000,0.071,0.065,0.864
956500,0.060,0.057,0.883
957000,0.062,0.073,0.865
957500,0.065,0.073,0.863
958000,0.060,0.066,0.874
958500,0.058,0.069,0.873
959000,0.057,0.064,0.880
959500,0.056,0.077,0.867
960000,0.061,0.084,0.856
960500,0.054,0.079,0.867
961000,0.053,0.070,0.877
961500,0.059,0.056,0.885
962000,0.059,0.054,0.886
962500,0.062,0.051,0.887
963000,0.062,0.065,0.873
963500,0.073,0.062,0.864
964000,0.073,0.051,0.876
964500,0.076,0.059,0.865
965000,0.066,0.049,0.885
965500,0.069,0.048,0.883
966000,0.075,0.056,0.869
966500,0.070,0.072,0.858
967000,0.060,0.059,0.881
967500,0.061,0.057,0.881
968000,0.058,0.066,0.877
968500,0.060,0.070,0.870
969000,0.073,0.056,0.870
969500,0.085,0.057,0.858
970000,0.090,0.060,0.849
970500,0.074,0.064,0.862
971000,0.061,0.056,0.883
971500,0.058,0.061,0.880
972000,0.064,0.057,0.879
972500,0.055,0.071,0.874
973000,0.070,0.063,0.867
973500,0.082,0.059,0.859
974000,0.067,0.056,0.878
974500,0.065,0.047,0.888
975000,0.080,0.059,0.861
975500,0.090,0.054,0.855
976000,0.103,0.060,0.837
976500,0.087,0.055,0.857
977000,0.086,0.048,0.865
977500,0.086,0.040,0.875
978000,0.074,0.044,0.881
978500,0.080,0.054,0.866
979000,0.079,0.056,0.866
979500,0.084,0.054,0.862
980000,0.070,0.064,0.865
980500,0.072,0.059,0.870
981000,0.070,0.056,0.875
981500,0.066,0.043,0.891
982000,0.066,0.056,0.878
982500,0.057,0.058,0.886
983000,0.052,0.051,0.896
983500,0.057,0.073,0.870
984000,0.059,0.070,0.872
984500,0.059,0.077,0.864
985000,0.070,0.069,0.861
985500,0.091,0.068,0.842
986000,0.087,0.058,0.854
986500,0.075,0.056,0.870
987000,0.069,0.064,0.868
987500,0.065,0.065,0.871
988000,0.083,0.070,0.847
988500,0.075,0.060,0.865
989000,0.073,0.069,0.857
989500,0.065,0.068,0.868
990000,0.070,0.064,0.866
990500,0.071,0.061,0.867
991000,0.070,0.065,0.866
991500,0.081,0.065,0.855
992000,0.096,0.048,0.856
992500,0.074,0.056,0.871
993000,0.083,0.043,0.875
993500,0.077,0.041,0.883
994000,0.082,0.043,0.875
994500,0.088,0.046,0.866
995000,0.081,0.052,0.867
995500,0.071,0.053,0.876
996000,0.083,0.064,0.854
996500,0.084,0.065,0.852
997000,0.071,0.069,0.859
997500,0.067,0.063,0.870
998000,0.070,0.060,0.869
998500,0.075,0.051,0.874
999000,0.072,0.045,0.882
999500,0.070,0.042,0.888
1000000,0.064,0.046,0.890
