time,n_A+p,n_B,n_AB
500,0.030,0.541,0.429
1000,0.030,0.192,0.778
1500,0.032,0.101,0.867
2000,0.144,0.037,0.819
2500,0.167,0.002,0.831
3000,0.368,0.000,0.632
3500,0.256,0.000,0.744
4000,0.309,0.000,0.691
4500,0.315,0.000,0.685
5000,0.388,0.000,0.612
5500,0.403,0.000,0.597
6000,0.381,0.000,0.619
6500,0.308,0.000,0.692
7000,0.303,0.000,0.697
7500,0.280,0.000,0.720
8000,0.405,0.000,0.595
8500,0.324,0.000,0.676
9000,0.421,0.000,0.579
9500,0.327,0.000,0.673
10000,0.343,0.000,0.657
10500,0.282,0.000,0.718
11000,0.356,0.000,0.644
11500,0.417,0.000,0.583
12000,0.355,0.000,0.645
12500,0.241,0.000,0.759
13000,0.378,0.000,0.622
13500,0.234,0.000,0.766
14000,0.354,0.000,0.646
14500,0.258,0.000,0.742
15000,0.272,0.000,0.728
15500,0.247,0.005,0.748
16000,0.233,0.000,0.767
16500,0.263,0.000,0.737
17000,0.343,0.000,0.657
17500,0.218,0.000,0.782
18000,0.308,0.000,0.692
18500,0.322,0.000,0.678
19000,0.279,0.000,0.721
19500,0.436,0.000,0.564
20000,0.248,0.000,0.752
20500,0.312,0.000,0.688
21000,0.290,0.000,0.710
21500,0.360,0.000,0.640
22000,0.402,0.000,0.598
22500,0.328,0.000,0.672
23000,0.318,0.000,0.682
23500,0.350,0.000,0.650
24000,0.287,0.000,0.713
24500,0.443,0.000,0.557
25000,0.365,0.000,0.635
25500,0.335,0.000,0.665
26000,0.315,0.000,0.685
26500,0.310,0.000,0.690
27000,0.330,0.000,0.670
27500,0.343,0.000,0.657
28000,0.365,0.000,0.635
28500,0.358,0.000,0.642
29000,0.306,0.000,0.694
29500,0.266,0.000,0.734
30000,0.395,0.000,0.605
30500,0.373,0.000,0.627
31000,0.320,0.000,0.680
31500,0.373,0.000,0.627
32000,0.299,0.000,0.701
32500,0.336,0.000,0.664
33000,0.401,0.000,0.599
33500,0.219,0.000,0.781
34000,0.336,0.000,0.664
34500,0.331,0.000,0.669
35000,0.364,0.000,0.636
35500,0.310,0.000,0.690
36000,0.121,0.001,0.878
36500,0.282,0.000,0.718
37000,0.354,0.000,0.646
37500,0.312,0.000,0.688
38000,0.316,0.000,0.684
38500,0.359,0.000,0.641
39000,0.396,0.000,0.604
39500,0.325,0.000,0.675
40000,0.296,0.000,0.704
40500,0.326,0.000,0.674
41000,0.243,0.000,0.757
41500,0.357,0.000,0.643
42000,0.348,0.000,0.652
42500,0.356,0.000,0.644
43000,0.320,0.000,0.680
43500,0.334,0.000,0.666
44000,0.287,0.000,0.713
44500,0.301,0.000,0.699
45000,0.462,0.000,0.538
45500,0.262,0.000,0.738
46000,0.264,0.000,0.736
46500,0.265,0.000,0.735
47000,0.251,0.000,0.749
47500,0.316,0.000,0.684
48000,0.501,0.000,0.499
48500,0.328,0.000,0.672
49000,0.276,0.019,0.705
49500,0.314,0.000,0.686
50000,0.246,0.000,0.754
50500,0.240,0.000,0.760
51000,0.386,0.000,0.614
51500,0.152,0.024,0.824
52000,0.265,0.017,0.718
52500,0.340,0.000,0.660
53000,0.335,0.000,0.665
53500,0.326,0.000,0.674
54000,0.311,0.013,0.676
54500,0.362,0.000,0.638
55000,0.288,0.000,0.712
55500,0.326,0.000,0.674
56000,0.404,0.000,0.596
56500,0.238,0.000,0.762
57000,0.219,0.000,0.781
57500,0.250,0.000,0.750
58000,0.381,0.000,0.619
58500,0.288,0.000,0.712
59000,0.408,0.000,0.592
59500,0.285,0.000,0.715
60000,0.397,0.000,0.603
60500,0.301,0.000,0.699
61000,0.324,0.000,0.676
61500,0.413,0.000,0.587
62000,0.312,0.000,0.688
62500,0.305,0.000,0.695
63000,0.375,0.000,0.625
63500,0.362,0.000,0.638
64000,0.356,0.000,0.644
64500,0.348,0.000,0.652
65000,0.409,0.000,0.591
65500,0.360,0.000,0.640
66000,0.274,0.000,0.726
66500,0.412,0.000,0.588
67000,0.353,0.000,0.647
67500,0.352,0.000,0.648
68000,0.308,0.000,0.692
68500,0.233,0.000,0.767
69000,0.324,0.000,0.676
69500,0.232,0.000,0.768
70000,0.303,0.000,0.697
70500,0.312,0.000,0.688
71000,0.288,0.000,0.712
71500,0.416,0.000,0.584
72000,0.316,0.000,0.684
72500,0.417,0.000,0.583
73000,0.393,0.000,0.607
73500,0.300,0.000,0.700
74000,0.346,0.000,0.654
74500,0.323,0.000,0.677
75000,0.339,0.000,0.661
75500,0.247,0.000,0.753
76000,0.175,0.000,0.825
76500,0.372,0.000,0.628
77000,0.242,0.000,0.758
77500,0.269,0.000,0.731
78000,0.239,0.000,0.761
78500,0.295,0.000,0.705
79000,0.327,0.000,0.673
79500,0.307,0.000,0.693
80000,0.226,0.000,0.774
80500,0.280,0.000,0.720
81000,0.392,0.000,0.608
81500,0.420,0.000,0.580
82000,0.287,0.000,0.713
82500,0.237,0.000,0.763
83000,0.314,0.000,0.686
83500,0.371,0.000,0.629
84000,0.369,0.000,0.631
84500,0.305,0.000,0.695
85000,0.390,0.000,0.610
85500,0.416,0.000,0.584
86000,0.379,0.000,0.621
86500,0.320,0.000,0.680
87000,0.329,0.000,0.671
87500,0.277,0.000,0.723
88000,0.207,0.000,0.793
88500,0.376,0.000,0.624
89000,0.392,0.000,0.608
89500,0.338,0.000,0.662
90000,0.238,0.000,0.762
90500,0.263,0.000,0.737
91000,0.393,0.000,0.607
91500,0.369,0.000,0.631
92000,0.554,0.000,0.446
92500,0.303,0.000,0.697
93000,0.400,0.000,0.600
93500,0.317,0.000,0.683
94000,0.296,0.000,0.704
94500,0.247,0.000,0.753
95000,0.428,0.000,0.572
95500,0.374,0.000,0.626
96000,0.444,0.000,0.556
96500,0.356,0.000,0.644
97000,0.342,0.000,0.658
97500,0.266,0.000,0.734
98000,0.309,0.000,0.691
98500,0.367,0.000,0.633
99000,0.314,0.000,0.686
99500,0.332,0.000,0.668
100000,0.444,0.000,0.556
100500,0.409,0.000,0.591
101000,0.329,0.000,0.671
101500,0.373,0.000,0.627
102000,0.348,0.000,0.652
102500,0.349,0.000,0.651
103000,0.290,0.000,0.710
103500,0.266,0.000,0.734
104000,0.334,0.000,0.666
104500,0.450,0.000,0.550
105000,0.346,0.000,0.654
105500,0.280,0.000,0.720
106000,0.305,0.000,0.695
106500,0.328,0.000,0.672
107000,0.408,0.000,0.592
107500,0.489,0.000,0.511
108000,0.377,0.000,0.623
108500,0.334,0.000,0.666
109000,0.247,0.000,0.753
109500,0.288,0.000,0.712
110000,0.356,0.000,0.644
110500,0.335,0.000,0.665
111000,0.310,0.000,0.690
111500,0.447,0.000,0.553
112000,0.322,0.000,0.678
112500,0.306,0.018,0.676
113000,0.252,0.000,0.748
113500,0.324,0.000,0.676
114000,0.423,0.000,0.577
114500,0.286,0.000,0.714
115000,0.415,0.000,0.585
115500,0.303,0.000,0.697
116000,0.372,0.000,0.628
116500,0.318,0.000,0.682
117000,0.350,0.000,0.650
117500,0.345,0.000,0.655
118000,0.460,0.000,0.540
118500,0.321,0.000,0.679
119000,0.274,0.000,0.726
119500,0.390,0.000,0.610
120000,0.337,0.000,0.663
120500,0.287,0.000,0.713
121000,0.324,0.013,0.663
121500,0.301,0.000,0.699
122000,0.389,0.000,0.611
122500,0.275,0.000,0.725
123000,0.257,0.000,0.743
123500,0.413,0.000,0.587
124000,0.322,0.000,0.678
124500,0.254,0.000,0.746
125000,0.365,0.000,0.635
125500,0.314,0.000,0.686
126000,0.318,0.000,0.682
126500,0.274,0.000,0.726
127000,0.355,0.000,0.645
127500,0.311,0.000,0.689
128000,0.332,0.000,0.668
128500,0.269,0.000,0.731
129000,0.248,0.000,0.752
129500,0.273,0.000,0.727
130000,0.252,0.000,0.748
130500,0.424,0.000,0.576
131000,0.299,0.000,0.701
131500,0.278,0.000,0.722
132000,0.375,0.000,0.625
132500,0.368,0.000,0.632
133000,0.356,0.000,0.644
133500,0.326,0.000,0.674
134000,0.334,0.000,0.666
134500,0.428,0.000,0.572
135000,0.378,0.000,0.622
135500,0.352,0.000,0.648
136000,0.349,0.000,0.651
136500,0.302,0.000,0.698
137000,0.309,0.000,0.691
137500,0.253,0.000,0.747
138000,0.248,0.000,0.752
138500,0.332,0.000,0.668
139000,0.260,0.000,0.740
139500,0.363,0.000,0.637
140000,0.293,0.000,0.707
140500,0.355,0.000,0.645
141000,0.399,0.000,0.601
141500,0.344,0.000,0.656
142000,0.406,0.000,0.594
142500,0.271,0.000,0.729
143000,0.349,0.000,0.651
143500,0.321,0.000,0.679
144000,0.329,0.000,0.671
144500,0.268,0.000,0.732
145000,0.393,0.000,0.607
145500,0.326,0.000,0.674
146000,0.306,0.000,0.694
146500,0.333,0.000,0.667
147000,0.394,0.000,0.606
147500,0.292,0.000,0.708
148000,0.348,0.000,0.652
148500,0.477,0.000,0.523
149000,0.272,0.000,0.728
149500,0.427,0.000,0.573
150000,0.325,0.000,0.675
150500,0.324,0.000,0.676
151000,0.270,0.000,0.730
151500,0.400,0.000,0.600
152000,0.404,0.000,0.596
152500,0.304,0.000,0.696
153000,0.278,0.000,0.722
153500,0.317,0.000,0.683
154000,0.303,0.000,0.697
154500,0.363,0.000,0.637
155000,0.288,0.000,0.712
155500,0.303,0.000,0.697
156000,0.381,0.000,0.619
156500,0.339,0.000,0.661
157000,0.248,0.000,0.752
157500,0.479,0.000,0.521
158000,0.501,0.000,0.499
158500,0.398,0.000,0.602
159000,0.341,0.000,0.659
159500,0.232,0.000,0.768
160000,0.412,0.000,0.588
160500,0.367,0.000,0.633
161000,0.405,0.000,0.595
161500,0.360,0.000,0.640
162000,0.305,0.000,0.695
162500,0.354,0.000,0.646
163000,0.241,0.000,0.759
163500,0.302,0.000,0.698
164000,0.427,0.000,0.573
164500,0.337,0.000,0.663
165000,0.308,0.000,0.692
165500,0.277,0.000,0.723
166000,0.314,0.000,0.686
166500,0.351,0.000,0.649
167000,0.351,0.000,0.649
167500,0.408,0.000,0.592
168000,0.365,0.000,0.635
168500,0.456,0.000,0.544
169000,0.283,0.000,0.717
169500,0.227,0.000,0.773
170000,0.285,0.000,0.715
170500,0.256,0.000,0.744
171000,0.293,0.000,0.707
171500,0.290,0.000,0.710
172000,0.338,0.000,0.662
172500,0.399,0.000,0.601
173000,0.362,0.000,0.638
173500,0.361,0.000,0.639
174000,0.380,0.000,0.620
174500,0.307,0.000,0.693
175000,0.346,0.000,0.654
175500,0.357,0.000,0.643
176000,0.451,0.000,0.549
176500,0.292,0.000,0.708
177000,0.481,0.000,0.519
177500,0.259,0.000,0.741
178000,0.303,0.001,0.696
178500,0.443,0.000,0.557
179000,0.331,0.000,0.669
179500,0.309,0.000,0.691
180000,0.312,0.000,0.688
180500,0.257,0.000,0.743
181000,0.347,0.000,0.653
181500,0.340,0.000,0.660
182000,0.328,0.000,0.672
182500,0.316,0.000,0.684
183000,0.343,0.000,0.657
183500,0.269,0.000,0.731
184000,0.335,0.000,0.665
184500,0.363,0.000,0.637
185000,0.372,0.000,0.628
185500,0.362,0.002,0.636
186000,0.281,0.000,0.719
186500,0.336,0.000,0.664
187000,0.360,0.000,0.640
187500,0.430,0.000,0.570
188000,0.323,0.000,0.677
188500,0.322,0.000,0.678
189000,0.302,0.000,0.698
189500,0.388,0.000,0.612
190000,0.479,0.000,0.521
190500,0.308,0.000,0.692
191000,0.345,0.000,0.655
191500,0.274,0.000,0.726
192000,0.400,0.000,0.600
192500,0.321,0.000,0.679
193000,0.296,0.000,0.704
193500,0.279,0.000,0.721
194000,0.386,0.000,0.614
194500,0.230,0.009,0.761
195000,0.351,0.000,0.649
195500,0.272,0.000,0.728
196000,0.434,0.000,0.566
196500,0.299,0.000,0.701
197000,0.396,0.000,0.604
197500,0.296,0.000,0.704
198000,0.393,0.000,0.607
198500,0.381,0.000,0.619
199000,0.304,0.000,0.696
199500,0.341,0.000,0.659
200000,0.274,0.000,0.726
200500,0.254,0.004,0.742
201000,0.269,0.000,0.731
201500,0.439,0.000,0.561
202000,0.437,0.000,0.563
202500,0.465,0.000,0.535
203000,0.388,0.000,0.612
203500,0.361,0.000,0.639
204000,0.364,0.000,0.636
204500,0.295,0.000,0.705
205000,0.383,0.000,0.617
205500,0.378,0.000,0.622
206000,0.346,0.000,0.654
206500,0.198,0.000,0.802
207000,0.196,0.000,0.804
207500,0.232,0.000,0.768
208000,0.303,0.000,0.697
208500,0.211,0.000,0.789
209000,0.245,0.000,0.755
209500,0.296,0.000,0.704
210000,0.350,0.000,0.650
210500,0.282,0.000,0.718
211000,0.267,0.000,0.733
211500,0.407,0.000,0.593
212000,0.224,0.000,0.776
212500,0.431,0.000,0.569
213000,0.365,0.000,0.635
213500,0.306,0.000,0.694
214000,0.273,0.000,0.727
214500,0.329,0.000,0.671
215000,0.407,0.000,0.593
215500,0.339,0.000,0.661
216000,0.311,0.000,0.689
216500,0.290,0.000,0.710
217000,0.406,0.000,0.594
217500,0.268,0.000,0.732
218000,0.288,0.002,0.710
218500,0.303,0.004,0.693
219000,0.270,0.000,0.730
219500,0.432,0.000,0.568
220000,0.310,0.000,0.690
220500,0.334,0.000,0.666
221000,0.473,0.000,0.527
221500,0.375,0.000,0.625
222000,0.297,0.000,0.703
222500,0.229,0.000,0.771
223000,0.371,0.000,0.629
223500,0.351,0.000,0.649
224000,0.378,0.000,0.622
224500,0.182,0.002,0.816
225000,0.263,0.003,0.734
225500,0.377,0.000,0.623
226000,0.276,0.000,0.724
226500,0.347,0.000,0.653
227000,0.306,0.000,0.694
227500,0.288,0.000,0.712
228000,0.337,0.000,0.663
228500,0.402,0.000,0.598
229000,0.371,0.000,0.629
229500,0.298,0.000,0.702
230000,0.293,0.000,0.707
230500,0.370,0.000,0.630
231000,0.262,0.000,0.738
231500,0.298,0.000,0.702
232000,0.378,0.000,0.622
232500,0.251,0.007,0.742
233000,0.272,0.000,0.728
233500,0.438,0.000,0.562
234000,0.484,0.000,0.516
234500,0.191,0.000,0.809
235000,0.259,0.004,0.737
235500,0.396,0.000,0.604
236000,0.467,0.000,0.533
236500,0.348,0.000,0.652
237000,0.396,0.000,0.604
237500,0.224,0.014,0.762
238000,0.269,0.000,0.731
238500,0.383,0.000,0.617
239000,0.239,0.000,0.761
239500,0.255,0.009,0.736
240000,0.495,0.000,0.505
240500,0.279,0.000,0.721
241000,0.290,0.000,0.710
241500,0.395,0.000,0.605
242000,0.386,0.000,0.614
242500,0.396,0.000,0.604
243000,0.408,0.000,0.592
243500,0.370,0.000,0.630
244000,0.323,0.000,0.677
244500,0.305,0.000,0.695
245000,0.280,0.000,0.720
245500,0.296,0.002,0.702
246000,0.186,0.000,0.814
246500,0.495,0.000,0.505
247000,0.304,0.000,0.696
247500,0.334,0.000,0.666
248000,0.325,0.000,0.675
248500,0.306,0.000,0.694
249000,0.317,0.000,0.683
249500,0.321,0.012,0.667
250000,0.286,0.000,0.714
250500,0.230,0.000,0.770
251000,0.226,0.000,0.774
251500,0.357,0.000,0.643
252000,0.287,0.000,0.713
252500,0.314,0.000,0.686
253000,0.371,0.000,0.629
253500,0.317,0.000,0.683
254000,0.387,0.000,0.613
254500,0.195,0.000,0.805
255000,0.311,0.000,0.689
255500,0.241,0.000,0.759
256000,0.383,0.000,0.617
256500,0.344,0.000,0.656
257000,0.249,0.000,0.751
257500,0.264,0.000,0.736
258000,0.324,0.000,0.676
258500,0.245,0.000,0.755
259000,0.257,0.000,0.743
259500,0.313,0.000,0.687
260000,0.319,0.000,0.681
260500,0.308,0.000,0.692
261000,0.366,0.000,0.634
261500,0.411,0.000,0.589
262000,0.390,0.000,0.610
262500,0.272,0.000,0.728
263000,0.302,0.000,0.698
263500,0.336,0.000,0.664
264000,0.365,0.000,0.635
264500,0.342,0.000,0.658
265000,0.353,0.000,0.647
265500,0.379,0.000,0.621
266000,0.325,0.000,0.675
266500,0.324,0.000,0.676
267000,0.320,0.000,0.680
267500,0.266,0.000,0.734
268000,0.287,0.000,0.713
268500,0.232,0.000,0.768
269000,0.306,0.000,0.694
269500,0.263,0.000,0.737
270000,0.337,0.001,0.662
270500,0.415,0.000,0.585
271000,0.343,0.000,0.657
271500,0.391,0.000,0.609
272000,0.257,0.000,0.743
272500,0.315,0.000,0.685
273000,0.296,0.000,0.704
273500,0.317,0.000,0.683
274000,0.408,0.000,0.592
274500,0.343,0.000,0.657
275000,0.338,0.000,0.662
275500,0.361,0.000,0.639
276000,0.362,0.000,0.638
276500,0.257,0.000,0.743
277000,0.309,0.000,0.691
277500,0.372,0.000,0.628
278000,0.440,0.000,0.560
278500,0.340,0.000,0.660
279000,0.410,0.000,0.590
279500,0.252,0.000,0.748
280000,0.320,0.000,0.680
280500,0.360,0.000,0.640
281000,0.335,0.000,0.665
281500,0.236,0.000,0.764
282000,0.391,0.000,0.609
282500,0.331,0.000,0.669
283000,0.401,0.000,0.599
283500,0.332,0.000,0.668
284000,0.420,0.000,0.580
284500,0.367,0.000,0.633
285000,0.312,0.000,0.688
285500,0.288,0.000,0.712
286000,0.315,0.000,0.685
286500,0.306,0.000,0.694
287000,0.324,0.000,0.676
287500,0.177,0.000,0.823
288000,0.253,0.000,0.747
288500,0.274,0.000,0.726
289000,0.356,0.000,0.644
289500,0.364,0.000,0.636
290000,0.471,0.000,0.529
290500,0.269,0.000,0.731
291000,0.321,0.000,0.679
291500,0.296,0.000,0.704
292000,0.327,0.000,0.673
292500,0.344,0.000,0.656
293000,0.220,0.000,0.780
293500,0.215,0.000,0.785
294000,0.303,0.000,0.697
294500,0.278,0.000,0.722
295000,0.335,0.000,0.665
295500,0.282,0.000,0.718
296000,0.326,0.000,0.674
296500,0.460,0.000,0.540
297000,0.336,0.000,0.664
297500,0.486,0.000,0.514
298000,0.339,0.000,0.661
298500,0.369,0.000,0.631
299000,0.246,0.000,0.754
299500,0.263,0.000,0.737
300000,0.264,0.000,0.736
300500,0.280,0.000,0.720
301000,0.316,0.000,0.684
301500,0.310,0.000,0.690
302000,0.287,0.000,0.713
302500,0.318,0.000,0.682
303000,0.338,0.000,0.662
303500,0.364,0.000,0.636
304000,0.286,0.000,0.714
304500,0.387,0.000,0.613
305000,0.308,0.000,0.692
305500,0.451,0.000,0.549
306000,0.328,0.000,0.672
306500,0.523,0.000,0.477
307000,0.346,0.000,0.654
307500,0.456,0.000,0.544
308000,0.340,0.000,0.660
308500,0.250,0.000,0.750
309000,0.234,0.000,0.766
309500,0.400,0.000,0.600
310000,0.414,0.000,0.586
310500,0.278,0.000,0.722
311000,0.284,0.000,0.716
311500,0.352,0.000,0.648
312000,0.376,0.000,0.624
312500,0.345,0.000,0.655
313000,0.278,0.000,0.722
313500,0.264,0.000,0.736
314000,0.354,0.000,0.646
314500,0.316,0.000,0.684
315000,0.277,0.000,0.723
315500,0.435,0.000,0.565
316000,0.334,0.000,0.666
316500,0.253,0.000,0.747
317000,0.269,0.000,0.731
317500,0.290,0.000,0.710
318000,0.390,0.000,0.610
318500,0.341,0.000,0.659
319000,0.202,0.000,0.798
319500,0.327,0.000,0.673
320000,0.415,0.000,0.585
320500,0.280,0.000,0.720
321000,0.192,0.000,0.808
321500,0.351,0.000,0.649
322000,0.219,0.000,0.781
322500,0.317,0.000,0.683
323000,0.321,0.000,0.679
323500,0.370,0.000,0.630
324000,0.387,0.000,0.613
324500,0.305,0.000,0.695
325000,0.310,0.000,0.690
325500,0.286,0.000,0.714
326000,0.248,0.000,0.752
326500,0.354,0.000,0.646
327000,0.320,0.000,0.680
327500,0.303,0.000,0.697
328000,0.337,0.000,0.663
328500,0.196,0.000,0.804
329000,0.289,0.000,0.711
329500,0.364,0.000,0.636
330000,0.405,0.000,0.595
330500,0.261,0.000,0.739
331000,0.286,0.000,0.714
331500,0.215,0.000,0.785
332000,0.266,0.000,0.734
332500,0.342,0.000,0.658
333000,0.386,0.000,0.614
333500,0.316,0.000,0.684
334000,0.255,0.000,0.745
334500,0.293,0.000,0.707
335000,0.254,0.000,0.746
335500,0.379,0.000,0.621
336000,0.311,0.000,0.689
336500,0.403,0.000,0.597
337000,0.343,0.000,0.657
337500,0.328,0.000,0.672
338000,0.351,0.000,0.649
338500,0.261,0.000,0.739
339000,0.320,0.000,0.680
339500,0.329,0.000,0.671
340000,0.325,0.000,0.675
340500,0.402,0.000,0.598
341000,0.353,0.000,0.647
341500,0.307,0.000,0.693
342000,0.348,0.000,0.652
342500,0.360,0.000,0.640
343000,0.325,0.000,0.675
343500,0.325,0.000,0.675
344000,0.279,0.000,0.721
344500,0.442,0.000,0.558
345000,0.385,0.000,0.615
345500,0.296,0.000,0.704
346000,0.336,0.000,0.664
346500,0.369,0.000,0.631
347000,0.223,0.002,0.775
347500,0.323,0.000,0.677
348000,0.348,0.000,0.652
348500,0.327,0.000,0.673
349000,0.354,0.000,0.646
349500,0.235,0.000,0.765
350000,0.358,0.000,0.642
350500,0.340,0.000,0.660
351000,0.250,0.000,0.750
351500,0.334,0.000,0.666
352000,0.324,0.000,0.676
352500,0.376,0.000,0.624
353000,0.304,0.000,0.696
353500,0.357,0.000,0.643
354000,0.266,0.000,0.734
354500,0.264,0.000,0.736
355000,0.351,0.000,0.649
355500,0.378,0.000,0.622
356000,0.287,0.000,0.713
356500,0.311,0.000,0.689
357000,0.285,0.001,0.714
357500,0.408,0.000,0.592
358000,0.272,0.000,0.728
358500,0.376,0.000,0.624
359000,0.483,0.000,0.517
359500,0.261,0.000,0.739
360000,0.317,0.000,0.683
360500,0.424,0.000,0.576
361000,0.399,0.000,0.601
361500,0.332,0.000,0.668
362000,0.264,0.000,0.736
362500,0.284,0.000,0.716
363000,0.320,0.000,0.680
363500,0.379,0.000,0.621
364000,0.372,0.000,0.628
364500,0.307,0.000,0.693
365000,0.376,0.000,0.624
365500,0.276,0.000,0.724
366000,0.278,0.000,0.722
366500,0.289,0.000,0.711
367000,0.409,0.000,0.591
367500,0.337,0.000,0.663
368000,0.291,0.000,0.709
368500,0.368,0.000,0.632
369000,0.371,0.000,0.629
369500,0.274,0.000,0.726
370000,0.292,0.000,0.708
370500,0.316,0.000,0.684
371000,0.351,0.000,0.649
371500,0.430,0.000,0.570
372000,0.243,0.000,0.757
372500,0.320,0.000,0.680
373000,0.240,0.000,0.760
373500,0.287,0.000,0.713
374000,0.371,0.000,0.629
374500,0.324,0.000,0.676
375000,0.385,0.000,0.615
375500,0.294,0.020,0.686
376000,0.337,0.000,0.663
376500,0.328,0.000,0.672
377000,0.347,0.000,0.653
377500,0.307,0.000,0.693
378000,0.413,0.000,0.587
378500,0.413,0.000,0.587
379000,0.324,0.000,0.676
379500,0.274,0.000,0.726
380000,0.271,0.000,0.729
380500,0.249,0.000,0.751
381000,0.290,0.000,0.710
381500,0.438,0.000,0.562
382000,0.272,0.000,0.728
382500,0.345,0.000,0.655
383000,0.333,0.000,0.667
383500,0.440,0.000,0.560
384000,0.344,0.000,0.656
384500,0.315,0.000,0.685
385000,0.377,0.000,0.623
385500,0.444,0.000,0.556
386000,0.427,0.000,0.573
386500,0.318,0.000,0.682
387000,0.272,0.001,0.727
387500,0.369,0.000,0.631
388000,0.349,0.000,0.651
388500,0.327,0.000,0.673
389000,0.359,0.000,0.641
389500,0.311,0.000,0.689
390000,0.358,0.000,0.642
390500,0.422,0.000,0.578
391000,0.391,0.000,0.609
391500,0.411,0.000,0.589
392000,0.309,0.000,0.691
392500,0.326,0.000,0.674
393000,0.403,0.000,0.597
393500,0.283,0.000,0.717
394000,0.321,0.000,0.679
394500,0.256,0.000,0.744
395000,0.298,0.000,0.702
395500,0.262,0.011,0.727
396000,0.226,0.000,0.774
396500,0.371,0.000,0.629
397000,0.390,0.000,0.610
397500,0.365,0.000,0.635
398000,0.288,0.000,0.712
398500,0.288,0.000,0.712
399000,0.296,0.000,0.704
399500,0.326,0.000,0.674
400000,0.304,0.000,0.696
400500,0.266,0.000,0.734
401000,0.372,0.000,0.628
401500,0.242,0.000,0.758
402000,0.290,0.000,0.710
402500,0.409,0.000,0.591
403000,0.292,0.000,0.708
403500,0.440,0.000,0.560
404000,0.224,0.000,0.776
404500,0.403,0.000,0.597
405000,0.331,0.000,0.669
405500,0.373,0.000,0.627
406000,0.289,0.006,0.705
406500,0.230,0.000,0.770
407000,0.302,0.000,0.698
407500,0.371,0.000,0.629
408000,0.335,0.000,0.665
408500,0.335,0.000,0.665
409000,0.278,0.000,0.722
409500,0.360,0.000,0.640
410000,0.315,0.000,0.685
410500,0.356,0.000,0.644
411000,0.201,0.000,0.799
411500,0.221,0.002,0.777
412000,0.367,0.000,0.633
412500,0.320,0.000,0.680
413000,0.376,0.000,0.624
413500,0.331,0.000,0.669
414000,0.484,0.000,0.516
414500,0.297,0.000,0.703
415000,0.354,0.000,0.646
415500,0.418,0.000,0.582
416000,0.314,0.000,0.686
416500,0.293,0.000,0.707
417000,0.356,0.000,0.644
417500,0.418,0.000,0.582
418000,0.445,0.000,0.555
418500,0.412,0.000,0.588
419000,0.306,0.000,0.694
419500,0.287,0.000,0.713
420000,0.338,0.000,0.662
420500,0.285,0.000,0.715
421000,0.354,0.000,0.646
421500,0.200,0.000,0.800
422000,0.294,0.000,0.706
422500,0.270,0.000,0.730
423000,0.234,0.000,0.766
423500,0.336,0.000,0.664
424000,0.363,0.000,0.637
424500,0.253,0.000,0.747
425000,0.266,0.000,0.734
425500,0.316,0.000,0.684
426000,0.353,0.000,0.647
426500,0.408,0.000,0.592
427000,0.347,0.000,0.653
427500,0.319,0.000,0.681
428000,0.300,0.000,0.700
428500,0.302,0.000,0.698
429000,0.338,0.000,0.662
429500,0.272,0.000,0.728
430000,0.418,0.000,0.582
430500,0.366,0.000,0.634
431000,0.242,0.000,0.758
431500,0.370,0.000,0.630
432000,0.299,0.000,0.701
432500,0.342,0.000,0.658
433000,0.248,0.000,0.752
433500,0.376,0.000,0.624
434000,0.333,0.000,0.667
434500,0.318,0.000,0.682
435000,0.289,0.000,0.711
435500,0.450,0.000,0.550
436000,0.334,0.000,0.666
436500,0.421,0.000,0.579
437000,0.360,0.000,0.640
437500,0.299,0.000,0.701
438000,0.255,0.000,0.745
438500,0.251,0.000,0.749
439000,0.301,0.000,0.699
439500,0.288,0.005,0.707
440000,0.282,0.000,0.718
440500,0.369,0.000,0.631
441000,0.284,0.000,0.716
441500,0.350,0.000,0.650
442000,0.283,0.000,0.717
442500,0.346,0.000,0.654
443000,0.257,0.004,0.739
443500,0.243,0.000,0.757
444000,0.251,0.000,0.749
444500,0.231,0.000,0.769
445000,0.259,0.006,0.735
445500,0.376,0.000,0.624
446000,0.303,0.000,0.697
446500,0.309,0.000,0.691
447000,0.248,0.000,0.752
447500,0.421,0.000,0.579
448000,0.268,0.000,0.732
448500,0.247,0.000,0.753
449000,0.297,0.006,0.697
449500,0.456,0.000,0.544
450000,0.288,0.000,0.712
450500,0.318,0.000,0.682
451000,0.362,0.000,0.638
451500,0.340,0.000,0.660
452000,0.467,0.000,0.533
452500,0.317,0.000,0.683
453000,0.336,0.000,0.664
453500,0.317,0.000,0.683
454000,0.361,0.000,0.639
454500,0.327,0.000,0.673
455000,0.301,0.000,0.699
455500,0.293,0.000,0.707
456000,0.349,0.000,0.651
456500,0.350,0.000,0.650
457000,0.366,0.000,0.634
457500,0.368,0.000,0.632
458000,0.346,0.000,0.654
458500,0.277,0.000,0.723
459000,0.375,0.000,0.625
459500,0.353,0.000,0.647
460000,0.357,0.000,0.643
460500,0.206,0.000,0.794
461000,0.385,0.000,0.615
461500,0.384,0.000,0.616
462000,0.367,0.000,0.633
462500,0.311,0.000,0.689
463000,0.407,0.000,0.593
463500,0.304,0.000,0.696
464000,0.324,0.000,0.676
464500,0.307,0.000,0.693
465000,0.270,0.000,0.730
465500,0.237,0.014,0.749
466000,0.289,0.000,0.711
466500,0.343,0.000,0.657
467000,0.333,0.000,0.667
467500,0.291,0.000,0.709
468000,0.406,0.000,0.594
468500,0.325,0.000,0.675
469000,0.404,0.000,0.596
469500,0.309,0.000,0.691
470000,0.293,0.000,0.707
470500,0.331,0.000,0.669
471000,0.295,0.000,0.705
471500,0.260,0.000,0.740
472000,0.366,0.000,0.634
472500,0.308,0.000,0.692
473000,0.387,0.000,0.613
473500,0.285,0.000,0.715
474000,0.253,0.000,0.747
474500,0.382,0.000,0.618
475000,0.337,0.000,0.663
475500,0.349,0.000,0.651
476000,0.348,0.000,0.652
476500,0.324,0.000,0.676
477000,0.382,0.000,0.618
477500,0.305,0.000,0.695
478000,0.321,0.000,0.679
478500,0.386,0.000,0.614
479000,0.237,0.000,0.763
479500,0.352,0.000,0.648
480000,0.305,0.000,0.695
480500,0.344,0.000,0.656
481000,0.346,0.000,0.654
481500,0.471,0.000,0.529
482000,0.409,0.000,0.591
482500,0.339,0.000,0.661
483000,0.389,0.000,0.611
483500,0.256,0.000,0.744
484000,0.392,0.000,0.608
484500,0.371,0.000,0.629
485000,0.422,0.000,0.578
485500,0.240,0.000,0.760
486000,0.305,0.000,0.695
486500,0.214,0.000,0.786
487000,0.415,0.000,0.585
487500,0.467,0.000,0.533
488000,0.280,0.000,0.720
488500,0.429,0.000,0.571
489000,0.400,0.000,0.600
489500,0.297,0.000,0.703
490000,0.292,0.000,0.708
490500,0.332,0.000,0.668
491000,0.265,0.000,0.735
491500,0.283,0.000,0.717
492000,0.308,0.001,0.691
492500,0.406,0.000,0.594
493000,0.340,0.000,0.660
493500,0.254,0.006,0.740
494000,0.313,0.000,0.687
494500,0.360,0.000,0.640
495000,0.353,0.000,0.647
495500,0.460,0.000,0.540
496000,0.391,0.000,0.609
496500,0.341,0.000,0.659
497000,0.352,0.000,0.648
497500,0.334,0.000,0.666
498000,0.277,0.000,0.723
498500,0.278,0.000,0.722
499000,0.297,0.000,0.703
499500,0.323,0.000,0.677
500000,0.492,0.000,0.508
500500,0.364,0.000,0.636
501000,0.306,0.000,0.694
501500,0.441,0.000,0.559
502000,0.245,0.000,0.755
502500,0.335,0.000,0.665
503000,0.304,0.000,0.696
503500,0.358,0.000,0.642
504000,0.247,0.000,0.753
504500,0.509,0.000,0.491
505000,0.346,0.000,0.654
505500,0.390,0.000,0.610
506000,0.446,0.000,0.554
506500,0.273,0.000,0.727
507000,0.336,0.000,0.664
507500,0.270,0.000,0.730
508000,0.240,0.000,0.760
508500,0.344,0.000,0.656
509000,0.307,0.000,0.693
509500,0.305,0.000,0.695
510000,0.353,0.000,0.647
510500,0.454,0.000,0.546
511000,0.428,0.000,0.572
511500,0.396,0.000,0.604
512000,0.394,0.000,0.606
512500,0.240,0.000,0.760
513000,0.336,0.000,0.664
513500,0.303,0.000,0.697
514000,0.371,0.000,0.629
514500,0.388,0.000,0.612
515000,0.369,0.000,0.631
515500,0.259,0.000,0.741
516000,0.476,0.000,0.524
516500,0.382,0.000,0.618
517000,0.338,0.000,0.662
517500,0.319,0.000,0.681
518000,0.313,0.000,0.687
518500,0.241,0.000,0.759
519000,0.308,0.000,0.692
519500,0.304,0.000,0.696
520000,0.380,0.000,0.620
520500,0.457,0.000,0.543
521000,0.382,0.000,0.618
521500,0.444,0.000,0.556
522000,0.296,0.000,0.704
522500,0.327,0.000,0.673
523000,0.350,0.000,0.650
523500,0.351,0.000,0.649
524000,0.295,0.000,0.705
524500,0.264,0.000,0.736
525000,0.277,0.000,0.723
525500,0.316,0.000,0.684
526000,0.231,0.000,0.769
526500,0.399,0.000,0.601
527000,0.260,0.000,0.740
527500,0.256,0.000,0.744
528000,0.242,0.000,0.758
528500,0.379,0.000,0.621
529000,0.318,0.000,0.682
529500,0.333,0.000,0.667
530000,0.328,0.000,0.672
530500,0.424,0.000,0.576
531000,0.288,0.000,0.712
531500,0.360,0.000,0.640
532000,0.341,0.000,0.659
532500,0.422,0.000,0.578
533000,0.248,0.000,0.752
533500,0.135,0.021,0.844
534000,0.229,0.012,0.759
534500,0.238,0.000,0.762
535000,0.198,0.000,0.802
535500,0.348,0.000,0.652
536000,0.291,0.000,0.709
536500,0.413,0.000,0.587
537000,0.328,0.000,0.672
537500,0.405,0.000,0.595
538000,0.275,0.000,0.725
538500,0.352,0.000,0.648
539000,0.330,0.000,0.670
539500,0.360,0.000,0.640
540000,0.311,0.000,0.689
540500,0.332,0.000,0.668
541000,0.312,0.000,0.688
541500,0.342,0.000,0.658
542000,0.316,0.000,0.684
542500,0.274,0.000,0.726
543000,0.237,0.000,0.763
543500,0.308,0.000,0.692
544000,0.321,0.000,0.679
544500,0.325,0.000,0.675
545000,0.304,0.000,0.696
545500,0.210,0.000,0.790
546000,0.279,0.005,0.716
546500,0.422,0.000,0.578
547000,0.365,0.000,0.635
547500,0.353,0.000,0.647
548000,0.393,0.000,0.607
548500,0.306,0.000,0.694
549000,0.461,0.000,0.539
549500,0.358,0.000,0.642
550000,0.502,0.000,0.498
550500,0.365,0.000,0.635
551000,0.338,0.000,0.662
551500,0.385,0.000,0.615
552000,0.346,0.000,0.654
552500,0.227,0.000,0.773
553000,0.275,0.000,0.725
553500,0.238,0.000,0.762
554000,0.410,0.000,0.590
554500,0.221,0.000,0.779
555000,0.392,0.000,0.608
555500,0.400,0.000,0.600
556000,0.298,0.020,0.682
556500,0.257,0.000,0.743
557000,0.335,0.000,0.665
557500,0.281,0.000,0.719
558000,0.316,0.000,0.684
558500,0.209,0.000,0.791
559000,0.325,0.002,0.673
559500,0.326,0.000,0.674
560000,0.448,0.000,0.552
560500,0.365,0.000,0.635
561000,0.241,0.000,0.759
561500,0.246,0.000,0.754
562000,0.182,0.000,0.818
562500,0.349,0.000,0.651
563000,0.409,0.000,0.591
563500,0.332,0.000,0.668
564000,0.365,0.000,0.635
564500,0.355,0.000,0.645
565000,0.301,0.000,0.699
565500,0.356,0.000,0.644
566000,0.427,0.000,0.573
566500,0.444,0.000,0.556
567000,0.388,0.000,0.612
567500,0.378,0.000,0.622
568000,0.430,0.000,0.570
568500,0.432,0.000,0.568
569000,0.349,0.000,0.651
569500,0.431,0.000,0.569
570000,0.461,0.000,0.539
570500,0.362,0.000,0.638
571000,0.436,0.000,0.564
571500,0.331,0.000,0.669
572000,0.269,0.000,0.731
572500,0.387,0.000,0.613
573000,0.323,0.000,0.677
573500,0.230,0.000,0.770
574000,0.432,0.000,0.568
574500,0.334,0.000,0.666
575000,0.479,0.000,0.521
575500,0.318,0.000,0.682
576000,0.257,0.000,0.743
576500,0.261,0.000,0.739
577000,0.320,0.000,0.680
577500,0.189,0.000,0.811
578000,0.277,0.000,0.723
578500,0.323,0.000,0.677
579000,0.334,0.000,0.666
579500,0.364,0.000,0.636
580000,0.265,0.000,0.735
580500,0.338,0.000,0.662
581000,0.339,0.000,0.661
581500,0.338,0.000,0.662
582000,0.337,0.000,0.663
582500,0.337,0.000,0.663
583000,0.456,0.000,0.544
583500,0.369,0.000,0.631
584000,0.336,0.000,0.664
584500,0.268,0.000,0.732
585000,0.321,0.000,0.679
585500,0.291,0.000,0.709
586000,0.324,0.000,0.676
586500,0.350,0.000,0.650
587000,0.330,0.000,0.670
587500,0.446,0.000,0.554
588000,0.328,0.000,0.672
588500,0.325,0.000,0.675
589000,0.430,0.000,0.570
589500,0.300,0.000,0.700
590000,0.400,0.000,0.600
590500,0.327,0.000,0.673
591000,0.303,0.000,0.697
591500,0.327,0.000,0.673
592000,0.345,0.000,0.655
592500,0.242,0.000,0.758
593000,0.314,0.000,0.686
593500,0.375,0.000,0.625
594000,0.258,0.000,0.742
594500,0.364,0.000,0.636
595000,0.305,0.000,0.695
595500,0.421,0.000,0.579
596000,0.429,0.000,0.571
596500,0.209,0.000,0.791
597000,0.347,0.000,0.653
597500,0.315,0.000,0.685
598000,0.323,0.000,0.677
598500,0.325,0.000,0.675
599000,0.233,0.000,0.767
599500,0.271,0.000,0.729
600000,0.371,0.000,0.629
600500,0.259,0.000,0.741
601000,0.412,0.001,0.587
601500,0.291,0.000,0.709
602000,0.399,0.000,0.601
602500,0.392,0.000,0.608
603000,0.417,0.000,0.583
603500,0.274,0.000,0.726
604000,0.234,0.004,0.762
604500,0.375,0.000,0.625
605000,0.359,0.000,0.641
605500,0.345,0.000,0.655
606000,0.366,0.000,0.634
606500,0.247,0.001,0.752
607000,0.252,0.000,0.748
607500,0.320,0.000,0.680
608000,0.278,0.000,0.722
608500,0.356,0.000,0.644
609000,0.284,0.000,0.716
609500,0.291,0.000,0.709
610000,0.311,0.000,0.689
610500,0.382,0.000,0.618
611000,0.311,0.000,0.689
611500,0.441,0.000,0.559
612000,0.340,0.000,0.660
612500,0.399,0.000,0.601
613000,0.270,0.000,0.730
613500,0.311,0.000,0.689
614000,0.414,0.000,0.586
614500,0.389,0.000,0.611
615000,0.312,0.000,0.688
615500,0.232,0.000,0.768
616000,0.268,0.000,0.732
616500,0.289,0.000,0.711
617000,0.269,0.000,0.731
617500,0.223,0.000,0.777
618000,0.230,0.000,0.770
618500,0.189,0.016,0.795
619000,0.315,0.000,0.685
619500,0.258,0.000,0.742
620000,0.367,0.000,0.633
620500,0.423,0.000,0.577
621000,0.316,0.000,0.684
621500,0.366,0.000,0.634
622000,0.404,0.000,0.596
622500,0.386,0.000,0.614
623000,0.398,0.000,0.602
623500,0.353,0.000,0.647
624000,0.385,0.000,0.615
624500,0.427,0.000,0.573
625000,0.369,0.000,0.631
625500,0.408,0.000,0.592
626000,0.324,0.000,0.676
626500,0.225,0.000,0.775
627000,0.280,0.000,0.720
627500,0.272,0.000,0.728
628000,0.346,0.000,0.654
628500,0.266,0.000,0.734
629000,0.407,0.000,0.593
629500,0.286,0.000,0.714
630000,0.361,0.000,0.639
630500,0.294,0.000,0.706
631000,0.323,0.000,0.677
631500,0.338,0.000,0.662
632000,0.278,0.000,0.722
632500,0.393,0.000,0.607
633000,0.275,0.000,0.725
633500,0.360,0.000,0.640
634000,0.399,0.000,0.601
634500,0.398,0.000,0.602
635000,0.242,0.000,0.758
635500,0.357,0.000,0.643
636000,0.427,0.000,0.573
636500,0.334,0.000,0.666
637000,0.442,0.000,0.558
637500,0.264,0.000,0.736
638000,0.264,0.000,0.736
638500,0.261,0.000,0.739
639000,0.398,0.000,0.602
639500,0.283,0.000,0.717
640000,0.314,0.000,0.686
640500,0.337,0.000,0.663
641000,0.328,0.000,0.672
641500,0.458,0.000,0.542
642000,0.412,0.000,0.588
642500,0.333,0.000,0.667
643000,0.357,0.000,0.643
643500,0.416,0.000,0.584
644000,0.318,0.000,0.682
644500,0.261,0.000,0.739
645000,0.264,0.000,0.736
645500,0.349,0.000,0.651
646000,0.344,0.000,0.656
646500,0.307,0.000,0.693
647000,0.283,0.000,0.717
647500,0.313,0.000,0.687
648000,0.286,0.000,0.714
648500,0.312,0.000,0.688
649000,0.345,0.000,0.655
649500,0.443,0.000,0.557
650000,0.307,0.000,0.693
650500,0.279,0.000,0.721
651000,0.277,0.000,0.723
651500,0.317,0.000,0.683
652000,0.327,0.000,0.673
652500,0.326,0.001,0.673
653000,0.376,0.001,0.623
653500,0.339,0.000,0.661
654000,0.480,0.000,0.520
654500,0.413,0.000,0.587
655000,0.376,0.000,0.624
655500,0.292,0.000,0.708
656000,0.225,0.000,0.775
656500,0.361,0.000,0.639
657000,0.348,0.000,0.652
657500,0.224,0.000,0.776
658000,0.328,0.000,0.672
658500,0.275,0.000,0.725
659000,0.255,0.000,0.745
659500,0.314,0.000,0.686
660000,0.373,0.000,0.627
660500,0.334,0.000,0.666
661000,0.411,0.000,0.589
661500,0.406,0.000,0.594
662000,0.312,0.000,0.688
662500,0.344,0.000,0.656
663000,0.360,0.000,0.640
663500,0.349,0.000,0.651
664000,0.291,0.000,0.709
664500,0.335,0.001,0.664
665000,0.300,0.000,0.700
665500,0.458,0.000,0.542
666000,0.322,0.000,0.678
666500,0.284,0.000,0.716
667000,0.366,0.000,0.634
667500,0.288,0.000,0.712
668000,0.332,0.000,0.668
668500,0.228,0.000,0.772
669000,0.361,0.000,0.639
669500,0.392,0.000,0.608
670000,0.389,0.000,0.611
670500,0.320,0.000,0.680
671000,0.352,0.000,0.648
671500,0.243,0.000,0.757
672000,0.316,0.000,0.684
672500,0.214,0.000,0.786
673000,0.321,0.000,0.679
673500,0.360,0.000,0.640
674000,0.213,0.000,0.787
674500,0.435,0.000,0.565
675000,0.305,0.000,0.695
675500,0.250,0.000,0.750
676000,0.292,0.000,0.708
676500,0.387,0.000,0.613
677000,0.376,0.000,0.624
677500,0.288,0.000,0.712
678000,0.417,0.000,0.583
678500,0.336,0.000,0.664
679000,0.396,0.000,0.604
679500,0.371,0.000,0.629
680000,0.360,0.000,0.640
680500,0.348,0.000,0.652
681000,0.255,0.000,0.745
681500,0.338,0.000,0.662
682000,0.359,0.000,0.641
682500,0.241,0.000,0.759
683000,0.316,0.000,0.684
683500,0.303,0.000,0.697
684000,0.347,0.000,0.653
684500,0.259,0.000,0.741
685000,0.403,0.000,0.597
685500,0.322,0.000,0.678
686000,0.376,0.000,0.624
686500,0.310,0.000,0.690
687000,0.377,0.000,0.623
687500,0.356,0.000,0.644
688000,0.174,0.000,0.826
688500,0.315,0.000,0.685
689000,0.418,0.000,0.582
689500,0.279,0.000,0.721
690000,0.251,0.001,0.748
690500,0.301,0.000,0.699
691000,0.331,0.000,0.669
691500,0.296,0.000,0.704
692000,0.309,0.000,0.691
692500,0.294,0.000,0.706
693000,0.375,0.000,0.625
693500,0.388,0.000,0.612
694000,0.303,0.000,0.697
694500,0.291,0.000,0.709
695000,0.357,0.000,0.643
695500,0.368,0.000,0.632
696000,0.328,0.000,0.672
696500,0.360,0.000,0.640
697000,0.244,0.000,0.756
697500,0.254,0.000,0.746
698000,0.365,0.000,0.635
698500,0.314,0.000,0.686
699000,0.352,0.000,0.648
699500,0.303,0.000,0.697
700000,0.336,0.000,0.664
700500,0.314,0.000,0.686
701000,0.298,0.000,0.702
701500,0.323,0.000,0.677
702000,0.336,0.000,0.664
702500,0.393,0.000,0.607
703000,0.357,0.000,0.643
703500,0.378,0.000,0.622
704000,0.232,0.000,0.768
704500,0.258,0.000,0.742
705000,0.291,0.000,0.709
705500,0.479,0.000,0.521
706000,0.410,0.000,0.590
706500,0.259,0.000,0.741
707000,0.422,0.000,0.578
707500,0.341,0.000,0.659
708000,0.209,0.001,0.790
708500,0.257,0.000,0.743
709000,0.320,0.000,0.680
709500,0.295,0.000,0.705
710000,0.427,0.000,0.573
710500,0.449,0.000,0.551
711000,0.339,0.000,0.661
711500,0.385,0.000,0.615
712000,0.380,0.000,0.620
712500,0.355,0.000,0.645
713000,0.249,0.000,0.751
713500,0.489,0.000,0.511
714000,0.388,0.000,0.612
714500,0.323,0.000,0.677
715000,0.394,0.000,0.606
715500,0.369,0.000,0.631
716000,0.426,0.000,0.574
716500,0.404,0.000,0.596
717000,0.413,0.000,0.587
717500,0.363,0.000,0.637
718000,0.378,0.000,0.622
718500,0.298,0.000,0.702
719000,0.383,0.000,0.617
719500,0.360,0.000,0.640
720000,0.296,0.000,0.704
720500,0.336,0.000,0.664
721000,0.245,0.000,0.755
721500,0.202,0.000,0.798
722000,0.366,0.000,0.634
722500,0.234,0.000,0.766
723000,0.291,0.000,0.709
723500,0.351,0.000,0.649
724000,0.437,0.000,0.563
724500,0.443,0.000,0.557
725000,0.350,0.000,0.650
725500,0.390,0.000,0.610
726000,0.329,0.000,0.671
726500,0.326,0.000,0.674
727000,0.298,0.000,0.702
727500,0.368,0.000,0.632
728000,0.406,0.000,0.594
728500,0.468,0.000,0.532
729000,0.328,0.000,0.672
729500,0.278,0.000,0.722
730000,0.491,0.000,0.509
730500,0.444,0.000,0.556
731000,0.362,0.000,0.638
731500,0.234,0.000,0.766
732000,0.275,0.000,0.725
732500,0.312,0.000,0.688
733000,0.208,0.006,0.786
733500,0.435,0.000,0.565
734000,0.386,0.000,0.614
734500,0.312,0.000,0.688
735000,0.342,0.000,0.658
735500,0.376,0.000,0.624
736000,0.284,0.000,0.716
736500,0.385,0.000,0.615
737000,0.414,0.000,0.586
737500,0.403,0.000,0.597
738000,0.232,0.000,0.768
738500,0.212,0.000,0.788
739000,0.345,0.000,0.655
739500,0.365,0.000,0.635
740000,0.295,0.000,0.705
740500,0.282,0.000,0.718
741000,0.362,0.000,0.638
741500,0.285,0.007,0.708
742000,0.287,0.000,0.713
742500,0.306,0.000,0.694
743000,0.364,0.000,0.636
743500,0.322,0.000,0.678
744000,0.345,0.000,0.655
744500,0.399,0.000,0.601
745000,0.292,0.000,0.708
745500,0.235,0.001,0.764
746000,0.326,0.000,0.674
746500,0.428,0.000,0.572
747000,0.458,0.000,0.542
747500,0.444,0.000,0.556
748000,0.446,0.000,0.554
748500,0.376,0.000,0.624
749000,0.227,0.000,0.773
749500,0.293,0.000,0.707
750000,0.291,0.000,0.709
750500,0.281,0.000,0.719
751000,0.216,0.000,0.784
751500,0.323,0.000,0.677
752000,0.337,0.002,0.661
752500,0.249,0.000,0.751
753000,0.330,0.000,0.670
753500,0.319,0.000,0.681
754000,0.307,0.000,0.693
754500,0.232,0.001,0.767
755000,0.355,0.000,0.645
755500,0.339,0.000,0.661
756000,0.279,0.000,0.721
756500,0.220,0.000,0.780
757000,0.276,0.000,0.724
757500,0.332,0.000,0.668
758000,0.377,0.000,0.623
758500,0.388,0.000,0.612
759000,0.296,0.000,0.704
759500,0.251,0.000,0.749
760000,0.287,0.002,0.711
760500,0.232,0.000,0.768
761000,0.282,0.000,0.718
761500,0.387,0.000,0.613
762000,0.357,0.000,0.643
762500,0.346,0.000,0.654
763000,0.396,0.000,0.604
763500,0.235,0.000,0.765
764000,0.260,0.000,0.740
764500,0.440,0.000,0.560
765000,0.294,0.000,0.706
765500,0.266,0.000,0.734
766000,0.305,0.000,0.695
766500,0.270,0.000,0.730
767000,0.167,0.000,0.833
767500,0.423,0.000,0.577
768000,0.398,0.000,0.602
768500,0.283,0.000,0.717
769000,0.360,0.000,0.640
769500,0.423,0.000,0.577
770000,0.278,0.000,0.722
770500,0.387,0.000,0.613
771000,0.370,0.000,0.630
771500,0.288,0.000,0.712
772000,0.354,0.000,0.646
772500,0.275,0.000,0.725
773000,0.375,0.000,0.625
773500,0.299,0.000,0.701
774000,0.253,0.000,0.747
774500,0.347,0.000,0.653
775000,0.343,0.000,0.657
775500,0.308,0.000,0.692
776000,0.453,0.000,0.547
776500,0.314,0.000,0.686
777000,0.197,0.000,0.803
777500,0.310,0.001,0.689
778000,0.267,0.000,0.733
778500,0.283,0.000,0.717
779000,0.373,0.000,0.627
779500,0.379,0.000,0.621
780000,0.208,0.000,0.792
780500,0.306,0.002,0.692
781000,0.347,0.000,0.653
781500,0.301,0.000,0.699
782000,0.272,0.000,0.728
782500,0.416,0.000,0.584
783000,0.290,0.000,0.710
783500,0.366,0.000,0.634
784000,0.307,0.000,0.693
784500,0.372,0.000,0.628
785000,0.266,0.000,0.734
785500,0.410,0.000,0.590
786000,0.308,0.000,0.692
786500,0.337,0.000,0.663
787000,0.301,0.000,0.699
787500,0.278,0.000,0.722
788000,0.301,0.000,0.699
788500,0.300,0.000,0.700
789000,0.220,0.000,0.780
789500,0.278,0.000,0.722
790000,0.383,0.000,0.617
790500,0.311,0.000,0.689
791000,0.361,0.000,0.639
791500,0.207,0.000,0.793
792000,0.316,0.000,0.684
792500,0.339,0.000,0.661
793000,0.283,0.000,0.717
793500,0.415,0.000,0.585
794000,0.294,0.000,0.706
794500,0.287,0.000,0.713
795000,0.317,0.000,0.683
795500,0.318,0.001,0.681
796000,0.247,0.000,0.753
796500,0.315,0.000,0.685
797000,0.333,0.000,0.667
797500,0.291,0.000,0.709
798000,0.326,0.006,0.668
798500,0.233,0.007,0.760
799000,0.398,0.000,0.602
799500,0.396,0.000,0.604
800000,0.330,0.006,0.664
800500,0.227,0.000,0.773
801000,0.315,0.000,0.685
801500,0.396,0.000,0.604
802000,0.248,0.000,0.752
802500,0.409,0.000,0.591
803000,0.274,0.000,0.726
803500,0.281,0.000,0.719
804000,0.375,0.000,0.625
804500,0.285,0.000,0.715
805000,0.278,0.000,0.722
805500,0.341,0.000,0.659
806000,0.286,0.000,0.714
806500,0.378,0.000,0.622
807000,0.355,0.000,0.645
807500,0.378,0.000,0.622
808000,0.288,0.000,0.712
808500,0.249,0.000,0.751
809000,0.339,0.000,0.661
809500,0.235,0.000,0.765
810000,0.316,0.000,0.684
810500,0.348,0.000,0.652
811000,0.348,0.000,0.652
811500,0.410,0.000,0.590
812000,0.429,0.000,0.571
812500,0.341,0.000,0.659
813000,0.267,0.000,0.733
813500,0.257,0.000,0.743
814000,0.371,0.000,0.629
814500,0.341,0.000,0.659
815000,0.281,0.000,0.719
815500,0.363,0.000,0.637
816000,0.357,0.003,0.640
816500,0.264,0.000,0.736
817000,0.324,0.000,0.676
817500,0.397,0.000,0.603
818000,0.322,0.000,0.678
818500,0.366,0.000,0.634
819000,0.371,0.000,0.629
819500,0.367,0.000,0.633
820000,0.398,0.000,0.602
820500,0.271,0.000,0.729
821000,0.362,0.000,0.638
821500,0.343,0.000,0.657
822000,0.395,0.000,0.605
822500,0.401,0.000,0.599
823000,0.364,0.000,0.636
823500,0.256,0.000,0.744
824000,0.412,0.000,0.588
824500,0.314,0.000,0.686
825000,0.451,0.000,0.549
825500,0.359,0.000,0.641
826000,0.252,0.000,0.748
826500,0.289,0.000,0.711
827000,0.312,0.000,0.688
827500,0.448,0.000,0.552
828000,0.289,0.000,0.711
828500,0.278,0.000,0.722
829000,0.357,0.000,0.643
829500,0.319,0.000,0.681
830000,0.402,0.000,0.598
830500,0.365,0.000,0.635
831000,0.311,0.000,0.689
831500,0.358,0.000,0.642
832000,0.365,0.000,0.635
832500,0.384,0.000,0.616
833000,0.344,0.000,0.656
833500,0.331,0.000,0.669
834000,0.248,0.000,0.752
834500,0.358,0.000,0.642
835000,0.321,0.000,0.679
835500,0.445,0.000,0.555
836000,0.380,0.000,0.620
836500,0.371,0.000,0.629
837000,0.292,0.000,0.708
837500,0.257,0.000,0.743
838000,0.250,0.000,0.750
838500,0.319,0.000,0.681
839000,0.390,0.000,0.610
839500,0.232,0.000,0.768
840000,0.424,0.000,0.576
840500,0.427,0.000,0.573
841000,0.311,0.000,0.689
841500,0.381,0.000,0.619
842000,0.297,0.000,0.703
842500,0.374,0.000,0.626
843000,0.270,0.000,0.730
843500,0.381,0.000,0.619
844000,0.282,0.000,0.718
844500,0.414,0.000,0.586
845000,0.407,0.000,0.593
845500,0.395,0.000,0.605
846000,0.395,0.000,0.605
846500,0.310,0.000,0.690
847000,0.245,0.000,0.755
847500,0.273,0.000,0.727
848000,0.313,0.000,0.687
848500,0.411,0.000,0.589
849000,0.370,0.000,0.630
849500,0.328,0.000,0.672
850000,0.284,0.000,0.716
850500,0.313,0.000,0.687
851000,0.245,0.000,0.755
851500,0.371,0.000,0.629
852000,0.417,0.000,0.583
852500,0.439,0.000,0.561
853000,0.218,0.000,0.782
853500,0.259,0.000,0.741
854000,0.295,0.000,0.705
854500,0.310,0.000,0.690
855000,0.313,0.000,0.687
855500,0.232,0.022,0.746
856000,0.291,0.000,0.709
856500,0.267,0.000,0.733
857000,0.312,0.000,0.688
857500,0.368,0.000,0.632
858000,0.335,0.000,0.665
858500,0.217,0.000,0.783
859000,0.292,0.000,0.708
859500,0.258,0.000,0.742
860000,0.252,0.000,0.748
860500,0.238,0.000,0.762
861000,0.402,0.000,0.598
861500,0.373,0.000,0.627
862000,0.309,0.000,0.691
862500,0.397,0.000,0.603
863000,0.343,0.000,0.657
863500,0.323,0.000,0.677
864000,0.299,0.000,0.701
864500,0.371,0.000,0.629
865000,0.409,0.000,0.591
865500,0.362,0.000,0.638
866000,0.373,0.000,0.627
866500,0.285,0.000,0.715
867000,0.463,0.000,0.537
867500,0.307,0.000,0.693
868000,0.334,0.000,0.666
868500,0.343,0.000,0.657
869000,0.313,0.000,0.687
869500,0.355,0.000,0.645
870000,0.225,0.000,0.775
870500,0.292,0.000,0.708
871000,0.336,0.000,0.664
871500,0.249,0.009,0.742
872000,0.329,0.000,0.671
872500,0.361,0.000,0.639
873000,0.295,0.000,0.705
873500,0.231,0.000,0.769
874000,0.288,0.000,0.712
874500,0.344,0.003,0.653
875000,0.370,0.000,0.630
875500,0.355,0.000,0.645
876000,0.278,0.000,0.722
876500,0.285,0.000,0.715
877000,0.391,0.000,0.609
877500,0.410,0.000,0.590
878000,0.251,0.000,0.749
878500,0.261,0.000,0.739
879000,0.252,0.000,0.748
879500,0.394,0.000,0.606
880000,0.315,0.000,0.685
880500,0.342,0.000,0.658
881000,0.263,0.000,0.737
881500,0.327,0.000,0.673
882000,0.422,0.000,0.578
882500,0.454,0.000,0.546
883000,0.374,0.000,0.626
883500,0.312,0.000,0.688
884000,0.292,0.000,0.708
884500,0.503,0.000,0.497
885000,0.487,0.000,0.513
885500,0.304,0.000,0.696
886000,0.308,0.000,0.692
886500,0.348,0.000,0.652
887000,0.263,0.000,0.737
887500,0.337,0.000,0.663
888000,0.381,0.000,0.619
888500,0.448,0.000,0.552
889000,0.305,0.000,0.695
889500,0.483,0.000,0.517
890000,0.317,0.000,0.683
890500,0.231,0.000,0.769
891000,0.194,0.021,0.785
891500,0.264,0.000,0.736
892000,0.276,0.000,0.724
892500,0.240,0.000,0.760
893000,0.311,0.000,0.689
893500,0.224,0.000,0.776
894000,0.323,0.000,0.677
894500,0.288,0.000,0.712
895000,0.368,0.000,0.632
895500,0.443,0.000,0.557
896000,0.305,0.000,0.695
896500,0.426,0.000,0.574
897000,0.351,0.000,0.649
897500,0.239,0.000,0.761
898000,0.281,0.018,0.701
898500,0.290,0.000,0.710
899000,0.279,0.000,0.721
899500,0.451,0.000,0.549
900000,0.478,0.000,0.522
900500,0.298,0.000,0.702
901000,0.455,0.000,0.545
901500,0.377,0.000,0.623
902000,0.216,0.000,0.784
902500,0.427,0.000,0.573
903000,0.278,0.000,0.722
903500,0.316,0.000,0.684
904000,0.279,0.000,0.721
904500,0.448,0.000,0.552
905000,0.249,0.000,0.751
905500,0.276,0.000,0.724
906000,0.389,0.000,0.611
906500,0.253,0.000,0.747
907000,0.303,0.000,0.697
907500,0.298,0.000,0.702
908000,0.362,0.000,0.638
908500,0.345,0.000,0.655
909000,0.287,0.000,0.713
909500,0.320,0.000,0.680
910000,0.439,0.000,0.561
910500,0.376,0.000,0.624
911000,0.345,0.000,0.655
911500,0.458,0.000,0.542
912000,0.322,0.000,0.678
912500,0.377,0.000,0.623
913000,0.326,0.000,0.674
913500,0.369,0.000,0.631
914000,0.407,0.000,0.593
914500,0.324,0.000,0.676
915000,0.371,0.000,0.629
915500,0.299,0.000,0.701
916000,0.453,0.000,0.547
916500,0.241,0.000,0.759
917000,0.343,0.000,0.657
917500,0.352,0.000,0.648
918000,0.314,0.000,0.686
918500,0.248,0.000,0.752
919000,0.353,0.000,0.647
919500,0.338,0.000,0.662
920000,0.403,0.000,0.597
920500,0.362,0.000,0.638
921000,0.399,0.000,0.601
921500,0.388,0.000,0.612
922000,0.312,0.000,0.688
922500,0.277,0.000,0.723
923000,0.310,0.000,0.690
923500,0.396,0.000,0.604
924000,0.361,0.000,0.639
924500,0.330,0.000,0.670
925000,0.324,0.000,0.676
925500,0.407,0.000,0.593
926000,0.405,0.000,0.595
926500,0.271,0.000,0.729
927000,0.326,0.000,0.674
927500,0.323,0.000,0.677
928000,0.364,0.000,0.636
928500,0.350,0.000,0.650
929000,0.371,0.000,0.629
929500,0.317,0.000,0.683
930000,0.277,0.000,0.723
930500,0.224,0.000,0.776
931000,0.267,0.000,0.733
931500,0.145,0.011,0.844
932000,0.417,0.001,0.582
932500,0.300,0.000,0.700
933000,0.305,0.000,0.695
933500,0.352,0.000,0.648
934000,0.427,0.000,0.573
934500,0.376,0.000,0.624
935000,0.366,0.000,0.634
935500,0.334,0.000,0.666
936000,0.322,0.000,0.678
936500,0.306,0.000,0.694
937000,0.340,0.000,0.660
937500,0.445,0.000,0.555
938000,0.269,0.000,0.731
938500,0.268,0.000,0.732
939000,0.234,0.001,0.765
939500,0.344,0.000,0.656
940000,0.365,0.000,0.635
940500,0.339,0.000,0.661
941000,0.280,0.000,0.720
941500,0.429,0.000,0.571
942000,0.364,0.000,0.636
942500,0.298,0.005,0.697
943000,0.309,0.000,0.691
943500,0.294,0.000,0.706
944000,0.311,0.000,0.689
944500,0.354,0.000,0.646
945000,0.392,0.000,0.608
945500,0.436,0.000,0.564
946000,0.432,0.000,0.568
946500,0.310,0.000,0.690
947000,0.351,0.000,0.649
947500,0.305,0.000,0.695
948000,0.396,0.000,0.604
948500,0.331,0.000,0.669
949000,0.312,0.000,0.688
949500,0.309,0.000,0.691
950000,0.395,0.000,0.605
950500,0.340,0.000,0.660
951000,0.398,0.000,0.602
951500,0.534,0.000,0.466
952000,0.416,0.000,0.584
952500,0.390,0.000,0.610
953000,0.369,0.000,0.631
953500,0.407,0.000,0.593
954000,0.252,0.000,0.748
954500,0.363,0.000,0.637
955000,0.315,0.000,0.685
955500,0.364,0.000,0.636
956000,0.313,0.000,0.687
956500,0.339,0.000,0.661
957000,0.255,0.000,0.745
957500,0.320,0.000,0.680
958000,0.339,0.000,0.661
958500,0.284,0.000,0.716
959000,0.362,0.000,0.638
959500,0.296,0.000,0.704
960000,0.181,0.000,0.819
960500,0.322,0.000,0.678
961000,0.278,0.000,0.722
961500,0.274,0.000,0.726
962000,0.321,0.000,0.679
962500,0.304,0.000,0.696
963000,0.331,0.000,0.669
963500,0.249,0.000,0.751
964000,0.292,0.000,0.708
964500,0.383,0.000,0.617
965000,0.317,0.000,0.683
965500,0.276,0.000,0.724
966000,0.382,0.000,0.618
966500,0.276,0.000,0.724
967000,0.356,0.000,0.644
967500,0.412,0.000,0.588
968000,0.359,0.000,0.641
968500,0.283,0.000,0.717
969000,0.359,0.000,0.641
969500,0.399,0.000,0.601
970000,0.333,0.000,0.667
970500,0.340,0.000,0.660
971000,0.410,0.000,0.590
971500,0.369,0.000,0.631
972000,0.381,0.000,0.619
972500,0.325,0.000,0.675
973000,0.359,0.000,0.641
973500,0.344,0.000,0.656
974000,0.253,0.000,0.747
974500,0.297,0.000,0.703
975000,0.378,0.000,0.622
975500,0.359,0.000,0.641
976000,0.358,0.000,0.642
976500,0.305,0.000,0.695
977000,0.349,0.000,0.651
977500,0.255,0.000,0.745
978000,0.284,0.000,0.716
978500,0.270,0.000,0.730
979000,0.379,0.000,0.621
979500,0.277,0.000,0.723
980000,0.404,0.000,0.596
980500,0.371,0.000,0.629
981000,0.235,0.000,0.765
981500,0.326,0.000,0.674
982000,0.281,0.000,0.719
982500,0.359,0.000,0.641
983000,0.405,0.000,0.595
983500,0.360,0.000,0.640
984000,0.278,0.000,0.722
984500,0.488,0.000,0.512
985000,0.247,0.000,0.753
985500,0.249,0.000,0.751
986000,0.310,0.000,0.690
986500,0.307,0.000,0.693
987000,0.269,0.000,0.731
987500,0.306,0.000,0.694
988000,0.327,0.000,0.673
988500,0.374,0.000,0.626
989000,0.359,0.000,0.641
989500,0.417,0.000,0.583
990000,0.329,0.000,0.671
990500,0.372,0.000,0.628
991000,0.312,0.000,0.688
991500,0.505,0.000,0.495
992000,0.500,0.000,0.500
992500,0.280,0.000,0.720
993000,0.358,0.000,0.642
993500,0.358,0.000,0.642
994000,0.345,0.000,0.655
994500,0.310,0.003,0.687
995000,0.360,0.000,0.640
995500,0.227,0.000,0.773
996000,0.252,0.000,0.748
996500,0.402,0.000,0.598
997000,0.276,0.000,0.724
997500,0.434,0.000,0.566
998000,0.342,0.000,0.658
998500,0.280,0.006,0.714
999000,0.320,0.000,0.680
999500,0.356,0.000,0.644
1000000,0.341,0.000,0.659
