time,n_A+p,n_B,n_AB
500,0.010,0.546,0.444
1000,0.010,0.381,0.609
1500,0.010,0.389,0.601
2000,0.010,0.475,0.515
2500,0.010,0.379,0.611
3000,0.010,0.579,0.411
3500,0.010,0.408,0.582
4000,0.010,0.411,0.579
4500,0.010,0.678,0.312
5000,0.010,0.636,0.354
5500,0.010,0.439,0.551
6000,0.010,0.664,0.326
6500,0.010,0.398,0.592
7000,0.010,0.570,0.420
7500,0.010,0.475,0.515
8000,0.010,0.505,0.485
8500,0.010,0.601,0.389
9000,0.010,0.591,0.399
9500,0.010,0.400,0.590
10000,0.010,0.379,0.611
10500,0.010,0.663,0.327
11000,0.010,0.525,0.465
11500,0.010,0.526,0.464
12000,0.010,0.401,0.589
12500,0.010,0.424,0.566
13000,0.010,0.386,0.604
13500,0.010,0.550,0.440
14000,0.010,0.468,0.522
14500,0.010,0.463,0.527
15000,0.010,0.502,0.488
15500,0.010,0.492,0.498
16000,0.010,0.815,0.175
16500,0.010,0.302,0.688
17000,0.010,0.580,0.410
17500,0.010,0.415,0.575
18000,0.010,0.396,0.594
18500,0.010,0.331,0.659
19000,0.010,0.476,0.514
19500,0.010,0.517,0.473
20000,0.010,0.588,0.402
20500,0.010,0.393,0.597
21000,0.010,0.348,0.642
21500,0.010,0.709,0.281
22000,0.010,0.520,0.470
22500,0.010,0.325,0.665
23000,0.010,0.262,0.728
23500,0.010,0.412,0.578
24000,0.010,0.381,0.609
24500,0.010,0.486,0.504
25000,0.010,0.395,0.595
25500,0.010,0.405,0.585
26000,0.010,0.434,0.556
26500,0.010,0.540,0.450
27000,0.010,0.576,0.414
27500,0.010,0.419,0.571
28000,0.010,0.372,0.618
28500,0.010,0.593,0.397
29000,0.010,0.305,0.685
29500,0.010,0.696,0.294
30000,0.010,0.396,0.594
30500,0.010,0.396,0.594
31000,0.010,0.327,0.663
31500,0.010,0.286,0.704
32000,0.010,0.326,0.664
32500,0.010,0.548,0.442
33000,0.010,0.475,0.515
33500,0.010,0.863,0.127
34000,0.010,0.427,0.563
34500,0.010,0.549,0.441
35000,0.010,0.381,0.609
35500,0.010,0.240,0.750
36000,0.010,0.521,0.469
36500,0.010,0.491,0.499
37000,0.010,0.461,0.529
37500,0.010,0.389,0.601
38000,0.010,0.389,0.601
38500,0.010,0.267,0.723
39000,0.010,0.280,0.710
39500,0.010,0.502,0.488
40000,0.010,0.609,0.381
40500,0.010,0.488,0.502
41000,0.010,0.544,0.446
41500,0.010,0.416,0.574
42000,0.010,0.551,0.439
42500,0.010,0.348,0.642
43000,0.010,0.347,0.643
43500,0.010,0.553,0.437
44000,0.010,0.527,0.463
44500,0.010,0.583,0.407
45000,0.010,0.478,0.512
45500,0.010,0.431,0.559
46000,0.010,0.495,0.495
46500,0.010,0.512,0.478
47000,0.010,0.407,0.583
47500,0.010,0.491,0.499
48000,0.010,0.381,0.609
48500,0.010,0.669,0.321
49000,0.010,0.506,0.484
49500,0.010,0.703,0.287
50000,0.010,0.405,0.585
50500,0.010,0.271,0.719
51000,0.010,0.485,0.505
51500,0.010,0.414,0.576
52000,0.010,0.487,0.503
52500,0.010,0.423,0.567
53000,0.010,0.532,0.458
53500,0.010,0.489,0.501
54000,0.010,0.511,0.479
54500,0.010,0.625,0.365
55000,0.010,0.396,0.594
55500,0.010,0.400,0.590
56000,0.010,0.462,0.528
56500,0.010,0.630,0.360
57000,0.010,0.536,0.454
57500,0.010,0.494,0.496
58000,0.010,0.350,0.640
58500,0.010,0.380,0.610
59000,0.010,0.556,0.434
59500,0.010,0.445,0.545
60000,0.010,0.545,0.445
60500,0.010,0.288,0.702
61000,0.010,0.551,0.439
61500,0.010,0.419,0.571
62000,0.010,0.428,0.562
62500,0.010,0.348,0.642
63000,0.010,0.398,0.592
63500,0.010,0.514,0.476
64000,0.010,0.394,0.596
64500,0.010,0.413,0.577
65000,0.010,0.303,0.687
65500,0.010,0.485,0.505
66000,0.010,0.483,0.507
66500,0.010,0.299,0.691
67000,0.010,0.609,0.381
67500,0.010,0.546,0.444
68000,0.010,0.643,0.347
68500,0.010,0.540,0.450
69000,0.010,0.653,0.337
69500,0.010,0.329,0.661
70000,0.010,0.390,0.600
70500,0.010,0.318,0.672
71000,0.010,0.533,0.457
71500,0.010,0.594,0.396
72000,0.010,0.324,0.666
72500,0.010,0.618,0.372
73000,0.010,0.404,0.586
73500,0.010,0.558,0.432
74000,0.010,0.276,0.714
74500,0.010,0.553,0.437
75000,0.010,0.542,0.448
75500,0.010,0.366,0.624
76000,0.010,0.583,0.407
76500,0.010,0.520,0.470
77000,0.010,0.339,0.651
77500,0.010,0.385,0.605
78000,0.010,0.579,0.411
78500,0.010,0.372,0.618
79000,0.010,0.493,0.497
79500,0.010,0.382,0.608
80000,0.010,0.632,0.358
80500,0.010,0.411,0.579
81000,0.010,0.484,0.506
81500,0.010,0.606,0.384
82000,0.010,0.567,0.423
82500,0.010,0.457,0.533
83000,0.010,0.605,0.385
83500,0.010,0.299,0.691
84000,0.010,0.321,0.669
84500,0.010,0.633,0.357
85000,0.010,0.414,0.576
85500,0.010,0.486,0.504
86000,0.010,0.469,0.521
86500,0.010,0.372,0.618
87000,0.010,0.466,0.524
87500,0.010,0.341,0.649
88000,0.010,0.335,0.655
88500,0.010,0.347,0.643
89000,0.010,0.430,0.560
89500,0.010,0.710,0.280
90000,0.010,0.187,0.803
90500,0.010,0.578,0.412
91000,0.010,0.367,0.623
91500,0.010,0.490,0.500
92000,0.010,0.448,0.542
92500,0.010,0.453,0.537
93000,0.010,0.397,0.593
93500,0.010,0.268,0.722
94000,0.010,0.634,0.356
94500,0.010,0.523,0.467
95000,0.010,0.394,0.596
95500,0.010,0.530,0.460
96000,0.010,0.415,0.575
96500,0.010,0.419,0.571
97000,0.010,0.432,0.558
97500,0.010,0.485,0.505
98000,0.010,0.468,0.522
98500,0.010,0.404,0.586
99000,0.010,0.519,0.471
99500,0.010,0.667,0.323
100000,0.010,0.425,0.565
100500,0.010,0.537,0.453
101000,0.010,0.539,0.451
101500,0.010,0.589,0.401
102000,0.010,0.445,0.545
102500,0.010,0.527,0.463
103000,0.010,0.414,0.576
103500,0.010,0.249,0.741
104000,0.010,0.476,0.514
104500,0.010,0.372,0.618
105000,0.010,0.548,0.442
105500,0.010,0.408,0.582
106000,0.010,0.581,0.409
106500,0.010,0.443,0.547
107000,0.010,0.425,0.565
107500,0.010,0.357,0.633
108000,0.010,0.513,0.477
108500,0.010,0.554,0.436
109000,0.010,0.402,0.588
109500,0.010,0.691,0.299
110000,0.010,0.494,0.496
110500,0.010,0.681,0.309
111000,0.010,0.388,0.602
111500,0.010,0.357,0.633
112000,0.010,0.545,0.445
112500,0.010,0.575,0.415
113000,0.010,0.284,0.706
113500,0.010,0.362,0.628
114000,0.010,0.498,0.492
114500,0.010,0.265,0.725
115000,0.010,0.432,0.558
115500,0.010,0.345,0.645
116000,0.010,0.502,0.488
116500,0.010,0.556,0.434
117000,0.010,0.459,0.531
117500,0.010,0.536,0.454
118000,0.010,0.298,0.692
118500,0.010,0.525,0.465
119000,0.010,0.560,0.430
119500,0.010,0.421,0.569
120000,0.010,0.588,0.402
120500,0.010,0.269,0.721
121000,0.010,0.407,0.583
121500,0.010,0.431,0.559
122000,0.010,0.390,0.600
122500,0.010,0.341,0.649
123000,0.010,0.517,0.473
123500,0.010,0.578,0.412
124000,0.010,0.418,0.572
124500,0.010,0.600,0.390
125000,0.010,0.322,0.668
125500,0.010,0.542,0.448
126000,0.010,0.244,0.746
126500,0.010,0.376,0.614
127000,0.010,0.478,0.512
127500,0.010,0.586,0.404
128000,0.010,0.527,0.463
128500,0.010,0.441,0.549
129000,0.010,0.286,0.704
129500,0.010,0.351,0.639
130000,0.010,0.431,0.559
130500,0.010,0.504,0.486
131000,0.010,0.538,0.452
131500,0.010,0.410,0.580
132000,0.010,0.476,0.514
132500,0.010,0.864,0.126
133000,0.010,0.607,0.383
133500,0.010,0.383,0.607
134000,0.010,0.385,0.605
134500,0.010,0.381,0.609
135000,0.010,0.490,0.500
135500,0.010,0.361,0.629
136000,0.010,0.708,0.282
136500,0.010,0.554,0.436
137000,0.010,0.193,0.797
137500,0.010,0.557,0.433
138000,0.010,0.374,0.616
138500,0.010,0.558,0.432
139000,0.010,0.374,0.616
139500,0.010,0.256,0.734
140000,0.010,0.405,0.585
140500,0.010,0.570,0.420
141000,0.010,0.505,0.485
141500,0.010,0.423,0.567
142000,0.010,0.462,0.528
142500,0.010,0.394,0.596
143000,0.010,0.564,0.426
143500,0.010,0.598,0.392
144000,0.010,0.593,0.397
144500,0.010,0.426,0.564
145000,0.010,0.429,0.561
145500,0.010,0.376,0.614
146000,0.010,0.452,0.538
146500,0.010,0.350,0.640
147000,0.010,0.385,0.605
147500,0.010,0.397,0.593
148000,0.010,0.404,0.586
148500,0.010,0.426,0.564
149000,0.010,0.471,0.519
149500,0.010,0.436,0.554
150000,0.010,0.588,0.402
150500,0.010,0.677,0.313
151000,0.010,0.468,0.522
151500,0.010,0.515,0.475
152000,0.010,0.540,0.450
152500,0.010,0.459,0.531
153000,0.010,0.353,0.637
153500,0.010,0.417,0.573
154000,0.010,0.285,0.705
154500,0.010,0.364,0.626
155000,0.010,0.585,0.405
155500,0.010,0.556,0.434
156000,0.010,0.307,0.683
156500,0.010,0.785,0.205
157000,0.010,0.600,0.390
157500,0.010,0.580,0.410
158000,0.010,0.358,0.632
158500,0.010,0.349,0.641
159000,0.010,0.323,0.667
159500,0.010,0.311,0.679
160000,0.010,0.584,0.406
160500,0.010,0.353,0.637
161000,0.010,0.313,0.677
161500,0.010,0.602,0.388
162000,0.010,0.520,0.470
162500,0.010,0.393,0.597
163000,0.010,0.445,0.545
163500,0.010,0.367,0.623
164000,0.010,0.498,0.492
164500,0.010,0.331,0.659
165000,0.010,0.376,0.614
165500,0.010,0.379,0.611
166000,0.010,0.490,0.500
166500,0.010,0.565,0.425
167000,0.010,0.561,0.429
167500,0.010,0.459,0.531
168000,0.010,0.374,0.616
168500,0.010,0.397,0.593
169000,0.010,0.282,0.708
169500,0.010,0.349,0.641
170000,0.010,0.582,0.408
170500,0.010,0.455,0.535
171000,0.010,0.467,0.523
171500,0.010,0.333,0.657
172000,0.010,0.480,0.510
172500,0.010,0.360,0.630
173000,0.010,0.509,0.481
173500,0.010,0.449,0.541
174000,0.010,0.439,0.551
174500,0.010,0.494,0.496
175000,0.010,0.349,0.641
175500,0.010,0.455,0.535
176000,0.010,0.688,0.302
176500,0.010,0.519,0.471
177000,0.010,0.350,0.640
177500,0.010,0.548,0.442
178000,0.010,0.541,0.449
178500,0.010,0.600,0.390
179000,0.010,0.330,0.660
179500,0.010,0.348,0.642
180000,0.010,0.401,0.589
180500,0.010,0.476,0.514
181000,0.010,0.300,0.690
181500,0.010,0.377,0.613
182000,0.010,0.289,0.701
182500,0.010,0.575,0.415
183000,0.010,0.305,0.685
183500,0.010,0.272,0.718
184000,0.010,0.285,0.705
184500,0.010,0.333,0.657
185000,0.010,0.573,0.417
185500,0.010,0.370,0.620
186000,0.010,0.384,0.606
186500,0.010,0.546,0.444
187000,0.010,0.435,0.555
187500,0.010,0.575,0.415
188000,0.010,0.593,0.397
188500,0.010,0.593,0.397
189000,0.010,0.446,0.544
189500,0.010,0.515,0.475
190000,0.010,0.382,0.608
190500,0.010,0.424,0.566
191000,0.010,0.471,0.519
191500,0.010,0.379,0.611
192000,0.010,0.407,0.583
192500,0.010,0.550,0.440
193000,0.010,0.321,0.669
193500,0.010,0.457,0.533
194000,0.010,0.287,0.703
194500,0.010,0.416,0.574
195000,0.010,0.454,0.536
195500,0.010,0.565,0.425
196000,0.010,0.283,0.707
196500,0.010,0.394,0.596
197000,0.010,0.298,0.692
197500,0.010,0.513,0.477
198000,0.010,0.387,0.603
198500,0.010,0.564,0.426
199000,0.010,0.373,0.617
199500,0.010,0.430,0.560
200000,0.010,0.485,0.505
200500,0.010,0.567,0.423
201000,0.010,0.604,0.386
201500,0.010,0.504,0.486
202000,0.010,0.442,0.548
202500,0.010,0.484,0.506
203000,0.010,0.326,0.664
203500,0.010,0.323,0.667
204000,0.010,0.478,0.512
204500,0.010,0.565,0.425
205000,0.010,0.246,0.744
205500,0.010,0.575,0.415
206000,0.010,0.518,0.472
206500,0.010,0.352,0.638
207000,0.010,0.570,0.420
207500,0.010,0.492,0.498
208000,0.010,0.326,0.664
208500,0.010,0.315,0.675
209000,0.010,0.466,0.524
209500,0.010,0.313,0.677
210000,0.010,0.435,0.555
210500,0.010,0.187,0.803
211000,0.010,0.423,0.567
211500,0.010,0.397,0.593
212000,0.010,0.435,0.555
212500,0.010,0.389,0.601
213000,0.010,0.404,0.586
213500,0.010,0.703,0.287
214000,0.010,0.300,0.690
214500,0.010,0.499,0.491
215000,0.010,0.415,0.575
215500,0.010,0.270,0.720
216000,0.010,0.422,0.568
216500,0.010,0.453,0.537
217000,0.010,0.424,0.566
217500,0.010,0.668,0.322
218000,0.010,0.214,0.776
218500,0.010,0.531,0.459
219000,0.010,0.427,0.563
219500,0.010,0.403,0.587
220000,0.010,0.435,0.555
220500,0.010,0.539,0.451
221000,0.010,0.390,0.600
221500,0.010,0.475,0.515
222000,0.010,0.626,0.364
222500,0.010,0.362,0.628
223000,0.010,0.423,0.567
223500,0.010,0.425,0.565
224000,0.010,0.408,0.582
224500,0.010,0.469,0.521
225000,0.010,0.450,0.540
225500,0.010,0.524,0.466
226000,0.010,0.701,0.289
226500,0.010,0.487,0.503
227000,0.010,0.647,0.343
227500,0.010,0.618,0.372
228000,0.010,0.443,0.547
228500,0.010,0.528,0.462
229000,0.010,0.410,0.580
229500,0.010,0.402,0.588
230000,0.010,0.394,0.596
230500,0.010,0.325,0.665
231000,0.010,0.338,0.652
231500,0.010,0.474,0.516
232000,0.010,0.376,0.614
232500,0.010,0.422,0.568
233000,0.010,0.515,0.475
233500,0.010,0.483,0.507
234000,0.010,0.456,0.534
234500,0.010,0.299,0.691
235000,0.010,0.411,0.579
235500,0.010,0.405,0.585
236000,0.010,0.288,0.702
236500,0.010,0.546,0.444
237000,0.010,0.558,0.432
237500,0.010,0.379,0.611
238000,0.010,0.474,0.516
238500,0.010,0.518,0.472
239000,0.010,0.614,0.376
239500,0.010,0.539,0.451
240000,0.010,0.533,0.457
240500,0.010,0.256,0.734
241000,0.010,0.562,0.428
241500,0.010,0.346,0.644
242000,0.010,0.452,0.538
242500,0.010,0.312,0.678
243000,0.010,0.433,0.557
243500,0.010,0.342,0.648
244000,0.010,0.376,0.614
244500,0.010,0.397,0.593
245000,0.010,0.452,0.538
245500,0.010,0.533,0.457
246000,0.010,0.637,0.353
246500,0.010,0.528,0.462
247000,0.010,0.538,0.452
247500,0.010,0.526,0.464
248000,0.010,0.587,0.403
248500,0.010,0.560,0.430
249000,0.010,0.267,0.723
249500,0.010,0.458,0.532
250000,0.010,0.479,0.511
250500,0.010,0.404,0.586
251000,0.010,0.477,0.513
251500,0.010,0.645,0.345
252000,0.010,0.622,0.368
252500,0.010,0.274,0.716
253000,0.010,0.368,0.622
253500,0.010,0.395,0.595
254000,0.010,0.379,0.611
254500,0.010,0.536,0.454
255000,0.010,0.467,0.523
255500,0.010,0.331,0.659
256000,0.010,0.643,0.347
256500,0.010,0.600,0.390
257000,0.010,0.398,0.592
257500,0.010,0.641,0.349
258000,0.010,0.668,0.322
258500,0.010,0.534,0.456
259000,0.010,0.396,0.594
259500,0.010,0.316,0.674
260000,0.010,0.381,0.609
260500,0.010,0.387,0.603
261000,0.010,0.407,0.583
261500,0.010,0.311,0.679
262000,0.010,0.492,0.498
262500,0.010,0.552,0.438
263000,0.010,0.421,0.569
263500,0.010,0.564,0.426
264000,0.010,0.367,0.623
264500,0.010,0.574,0.416
265000,0.010,0.383,0.607
265500,0.010,0.442,0.548
266000,0.010,0.485,0.505
266500,0.010,0.415,0.575
267000,0.010,0.413,0.577
267500,0.010,0.425,0.565
268000,0.010,0.410,0.580
268500,0.010,0.614,0.376
269000,0.010,0.711,0.279
269500,0.010,0.504,0.486
270000,0.010,0.617,0.373
270500,0.010,0.643,0.347
271000,0.010,0.406,0.584
271500,0.010,0.294,0.696
272000,0.010,0.483,0.507
272500,0.010,0.516,0.474
273000,0.010,0.751,0.239
273500,0.010,0.655,0.335
274000,0.010,0.280,0.710
274500,0.010,0.513,0.477
275000,0.010,0.439,0.551
275500,0.010,0.452,0.538
276000,0.010,0.295,0.695
276500,0.010,0.306,0.684
277000,0.010,0.391,0.599
277500,0.010,0.371,0.619
278000,0.010,0.270,0.720
278500,0.010,0.479,0.511
279000,0.010,0.370,0.620
279500,0.010,0.426,0.564
280000,0.010,0.446,0.544
280500,0.010,0.505,0.485
281000,0.010,0.331,0.659
281500,0.010,0.399,0.591
282000,0.010,0.398,0.592
282500,0.010,0.512,0.478
283000,0.010,0.387,0.603
283500,0.010,0.325,0.665
284000,0.010,0.422,0.568
284500,0.010,0.356,0.634
285000,0.010,0.469,0.521
285500,0.010,0.343,0.647
286000,0.010,0.298,0.692
286500,0.010,0.514,0.476
287000,0.010,0.444,0.546
287500,0.010,0.389,0.601
288000,0.010,0.644,0.346
288500,0.010,0.338,0.652
289000,0.010,0.380,0.610
289500,0.010,0.454,0.536
290000,0.010,0.613,0.377
290500,0.010,0.296,0.694
291000,0.010,0.429,0.561
291500,0.010,0.332,0.658
292000,0.010,0.345,0.645
292500,0.010,0.490,0.500
293000,0.010,0.491,0.499
293500,0.010,0.335,0.655
294000,0.010,0.446,0.544
294500,0.010,0.271,0.719
295000,0.010,0.483,0.507
295500,0.010,0.414,0.576
296000,0.010,0.507,0.483
296500,0.010,0.391,0.599
297000,0.010,0.536,0.454
297500,0.010,0.369,0.621
298000,0.010,0.494,0.496
298500,0.010,0.342,0.648
299000,0.010,0.473,0.517
299500,0.010,0.541,0.449
300000,0.010,0.532,0.458
300500,0.010,0.414,0.576
301000,0.010,0.295,0.695
301500,0.010,0.420,0.570
302000,0.010,0.190,0.800
302500,0.010,0.357,0.633
303000,0.010,0.474,0.516
303500,0.010,0.493,0.497
304000,0.010,0.249,0.741
304500,0.010,0.480,0.510
305000,0.010,0.370,0.620
305500,0.010,0.261,0.729
306000,0.010,0.360,0.630
306500,0.010,0.635,0.355
307000,0.010,0.449,0.541
307500,0.010,0.456,0.534
308000,0.010,0.548,0.442
308500,0.010,0.364,0.626
309000,0.010,0.393,0.597
309500,0.010,0.526,0.464
310000,0.010,0.632,0.358
310500,0.010,0.563,0.427
311000,0.010,0.505,0.485
311500,0.010,0.424,0.566
312000,0.010,0.470,0.520
312500,0.010,0.559,0.431
313000,0.010,0.331,0.659
313500,0.010,0.529,0.461
314000,0.010,0.419,0.571
314500,0.010,0.121,0.869
315000,0.010,0.352,0.638
315500,0.010,0.236,0.754
316000,0.010,0.333,0.657
316500,0.010,0.524,0.466
317000,0.010,0.337,0.653
317500,0.010,0.589,0.401
318000,0.010,0.468,0.522
318500,0.010,0.605,0.385
319000,0.010,0.322,0.668
319500,0.010,0.406,0.584
320000,0.010,0.396,0.594
320500,0.010,0.414,0.576
321000,0.010,0.401,0.589
321500,0.010,0.486,0.504
322000,0.010,0.433,0.557
322500,0.010,0.493,0.497
323000,0.010,0.284,0.706
323500,0.010,0.508,0.482
324000,0.010,0.335,0.655
324500,0.010,0.550,0.440
325000,0.010,0.371,0.619
325500,0.010,0.428,0.562
326000,0.010,0.274,0.716
326500,0.010,0.666,0.324
327000,0.010,0.411,0.579
327500,0.010,0.524,0.466
328000,0.010,0.733,0.257
328500,0.010,0.634,0.356
329000,0.010,0.526,0.464
329500,0.010,0.560,0.430
330000,0.010,0.464,0.526
330500,0.010,0.454,0.536
331000,0.010,0.428,0.562
331500,0.010,0.316,0.674
332000,0.010,0.426,0.564
332500,0.010,0.514,0.476
333000,0.010,0.575,0.415
333500,0.010,0.289,0.701
334000,0.010,0.465,0.525
334500,0.010,0.305,0.685
335000,0.010,0.378,0.612
335500,0.010,0.389,0.601
336000,0.010,0.441,0.549
336500,0.010,0.573,0.417
337000,0.010,0.495,0.495
337500,0.010,0.559,0.431
338000,0.010,0.383,0.607
338500,0.010,0.601,0.389
339000,0.010,0.520,0.470
339500,0.010,0.408,0.582
340000,0.010,0.560,0.430
340500,0.010,0.594,0.396
341000,0.010,0.523,0.467
341500,0.010,0.433,0.557
342000,0.010,0.503,0.487
342500,0.010,0.367,0.623
343000,0.010,0.470,0.520
343500,0.010,0.540,0.450
344000,0.010,0.505,0.485
344500,0.010,0.492,0.498
345000,0.010,0.243,0.747
345500,0.010,0.621,0.369
346000,0.010,0.693,0.297
346500,0.010,0.543,0.447
347000,0.010,0.422,0.568
347500,0.010,0.238,0.752
348000,0.010,0.373,0.617
348500,0.010,0.460,0.530
349000,0.010,0.386,0.604
349500,0.010,0.656,0.334
350000,0.010,0.413,0.577
350500,0.010,0.565,0.425
351000,0.010,0.410,0.580
351500,0.010,0.227,0.763
352000,0.010,0.516,0.474
352500,0.010,0.436,0.554
353000,0.010,0.522,0.468
353500,0.010,0.479,0.511
354000,0.010,0.502,0.488
354500,0.010,0.387,0.603
355000,0.010,0.541,0.449
355500,0.010,0.429,0.561
356000,0.010,0.381,0.609
356500,0.010,0.455,0.535
357000,0.010,0.617,0.373
357500,0.010,0.301,0.689
358000,0.010,0.414,0.576
358500,0.010,0.586,0.404
359000,0.010,0.387,0.603
359500,0.010,0.525,0.465
360000,0.010,0.312,0.678
360500,0.010,0.347,0.643
361000,0.010,0.389,0.601
361500,0.010,0.341,0.649
362000,0.010,0.411,0.579
362500,0.010,0.501,0.489
363000,0.010,0.411,0.579
363500,0.010,0.486,0.504
364000,0.010,0.495,0.495
364500,0.010,0.376,0.614
365000,0.010,0.523,0.467
365500,0.010,0.409,0.581
366000,0.010,0.378,0.612
366500,0.010,0.239,0.751
367000,0.010,0.512,0.478
367500,0.010,0.450,0.540
368000,0.010,0.499,0.491
368500,0.010,0.426,0.564
369000,0.010,0.278,0.712
369500,0.010,0.383,0.607
370000,0.010,0.416,0.574
370500,0.010,0.425,0.565
371000,0.010,0.572,0.418
371500,0.010,0.649,0.341
372000,0.010,0.374,0.616
372500,0.010,0.529,0.461
373000,0.010,0.411,0.579
373500,0.010,0.222,0.768
374000,0.010,0.642,0.348
374500,0.010,0.388,0.602
375000,0.010,0.413,0.577
375500,0.010,0.467,0.523
376000,0.010,0.550,0.440
376500,0.010,0.279,0.711
377000,0.010,0.507,0.483
377500,0.010,0.449,0.541
378000,0.010,0.659,0.331
378500,0.010,0.465,0.525
379000,0.010,0.280,0.710
379500,0.010,0.356,0.634
380000,0.010,0.490,0.500
380500,0.010,0.295,0.695
381000,0.010,0.317,0.673
381500,0.010,0.428,0.562
382000,0.010,0.562,0.428
382500,0.010,0.396,0.594
383000,0.010,0.392,0.598
383500,0.010,0.331,0.659
384000,0.010,0.467,0.523
384500,0.010,0.212,0.778
385000,0.010,0.511,0.479
385500,0.010,0.577,0.413
386000,0.010,0.345,0.645
386500,0.010,0.484,0.506
387000,0.010,0.499,0.491
387500,0.010,0.550,0.440
388000,0.010,0.474,0.516
388500,0.010,0.321,0.669
389000,0.010,0.255,0.735
389500,0.010,0.564,0.426
390000,0.010,0.590,0.400
390500,0.010,0.445,0.545
391000,0.010,0.387,0.603
391500,0.010,0.393,0.597
392000,0.010,0.496,0.494
392500,0.010,0.584,0.406
393000,0.010,0.494,0.496
393500,0.010,0.414,0.576
394000,0.010,0.552,0.438
394500,0.010,0.520,0.470
395000,0.010,0.560,0.430
395500,0.010,0.567,0.423
396000,0.010,0.407,0.583
396500,0.010,0.369,0.621
397000,0.010,0.427,0.563
397500,0.010,0.326,0.664
398000,0.010,0.587,0.403
398500,0.010,0.532,0.458
399000,0.010,0.390,0.600
399500,0.010,0.387,0.603
400000,0.010,0.732,0.258
400500,0.010,0.712,0.278
401000,0.010,0.428,0.562
401500,0.010,0.414,0.576
402000,0.010,0.325,0.665
402500,0.010,0.375,0.615
403000,0.010,0.351,0.639
403500,0.010,0.297,0.693
404000,0.010,0.358,0.632
404500,0.010,0.513,0.477
405000,0.010,0.583,0.407
405500,0.010,0.546,0.444
406000,0.010,0.500,0.490
406500,0.010,0.550,0.440
407000,0.010,0.518,0.472
407500,0.010,0.528,0.462
408000,0.010,0.450,0.540
408500,0.010,0.501,0.489
409000,0.010,0.285,0.705
409500,0.010,0.339,0.651
410000,0.010,0.587,0.403
410500,0.010,0.528,0.462
411000,0.010,0.372,0.618
411500,0.010,0.570,0.420
412000,0.010,0.600,0.390
412500,0.010,0.278,0.712
413000,0.010,0.518,0.472
413500,0.010,0.432,0.558
414000,0.010,0.383,0.607
414500,0.010,0.455,0.535
415000,0.010,0.709,0.281
415500,0.010,0.332,0.658
416000,0.010,0.715,0.275
416500,0.010,0.607,0.383
417000,0.010,0.400,0.590
417500,0.010,0.489,0.501
418000,0.010,0.443,0.547
418500,0.010,0.756,0.234
419000,0.010,0.440,0.550
419500,0.010,0.559,0.431
420000,0.010,0.315,0.675
420500,0.010,0.661,0.329
421000,0.010,0.551,0.439
421500,0.010,0.360,0.630
422000,0.010,0.473,0.517
422500,0.010,0.435,0.555
423000,0.010,0.523,0.467
423500,0.010,0.407,0.583
424000,0.010,0.399,0.591
424500,0.010,0.448,0.542
425000,0.010,0.437,0.553
425500,0.010,0.430,0.560
426000,0.010,0.491,0.499
426500,0.010,0.568,0.422
427000,0.010,0.477,0.513
427500,0.010,0.358,0.632
428000,0.010,0.281,0.709
428500,0.010,0.378,0.612
429000,0.010,0.438,0.552
429500,0.010,0.440,0.550
430000,0.010,0.470,0.520
430500,0.010,0.531,0.459
431000,0.010,0.606,0.384
431500,0.010,0.476,0.514
432000,0.010,0.394,0.596
432500,0.010,0.550,0.440
433000,0.010,0.513,0.477
433500,0.010,0.631,0.359
434000,0.010,0.468,0.522
434500,0.010,0.446,0.544
435000,0.010,0.446,0.544
435500,0.010,0.581,0.409
436000,0.010,0.527,0.463
436500,0.010,0.447,0.543
437000,0.010,0.535,0.455
437500,0.010,0.548,0.442
438000,0.010,0.462,0.528
438500,0.010,0.485,0.505
439000,0.010,0.480,0.510
439500,0.010,0.314,0.676
440000,0.010,0.498,0.492
440500,0.010,0.289,0.701
441000,0.010,0.338,0.652
441500,0.010,0.481,0.509
442000,0.010,0.493,0.497
442500,0.010,0.530,0.460
443000,0.010,0.298,0.692
443500,0.010,0.570,0.420
444000,0.010,0.306,0.684
444500,0.010,0.457,0.533
445000,0.010,0.414,0.576
445500,0.010,0.540,0.450
446000,0.010,0.489,0.501
446500,0.010,0.572,0.418
447000,0.010,0.365,0.625
447500,0.010,0.344,0.646
448000,0.010,0.535,0.455
448500,0.010,0.424,0.566
449000,0.010,0.624,0.366
449500,0.010,0.631,0.359
450000,0.010,0.543,0.447
450500,0.010,0.400,0.590
451000,0.010,0.497,0.493
451500,0.010,0.300,0.690
452000,0.010,0.342,0.648
452500,0.010,0.408,0.582
453000,0.010,0.501,0.489
453500,0.010,0.400,0.590
454000,0.010,0.726,0.264
454500,0.010,0.559,0.431
455000,0.010,0.551,0.439
455500,0.010,0.510,0.480
456000,0.010,0.467,0.523
456500,0.010,0.394,0.596
457000,0.010,0.503,0.487
457500,0.010,0.546,0.444
458000,0.010,0.654,0.336
458500,0.010,0.479,0.511
459000,0.010,0.457,0.533
459500,0.010,0.503,0.487
460000,0.010,0.404,0.586
460500,0.010,0.688,0.302
461000,0.010,0.361,0.629
461500,0.010,0.425,0.565
462000,0.010,0.217,0.773
462500,0.010,0.346,0.644
463000,0.010,0.491,0.499
463500,0.010,0.623,0.367
464000,0.010,0.457,0.533
464500,0.010,0.610,0.380
465000,0.010,0.327,0.663
465500,0.010,0.340,0.650
466000,0.010,0.485,0.505
466500,0.010,0.292,0.698
467000,0.010,0.386,0.604
467500,0.010,0.562,0.428
468000,0.010,0.432,0.558
468500,0.010,0.614,0.376
469000,0.010,0.274,0.716
469500,0.010,0.434,0.556
470000,0.010,0.493,0.497
470500,0.010,0.405,0.585
471000,0.010,0.467,0.523
471500,0.010,0.548,0.442
472000,0.010,0.464,0.526
472500,0.010,0.306,0.684
473000,0.010,0.653,0.337
473500,0.010,0.528,0.462
474000,0.010,0.433,0.557
474500,0.010,0.585,0.405
475000,0.010,0.314,0.676
475500,0.010,0.663,0.327
476000,0.010,0.513,0.477
476500,0.010,0.363,0.627
477000,0.010,0.427,0.563
477500,0.010,0.368,0.622
478000,0.010,0.546,0.444
478500,0.010,0.587,0.403
479000,0.010,0.599,0.391
479500,0.010,0.335,0.655
480000,0.010,0.594,0.396
480500,0.010,0.284,0.706
481000,0.010,0.476,0.514
481500,0.010,0.425,0.565
482000,0.010,0.361,0.629
482500,0.010,0.416,0.574
483000,0.010,0.612,0.378
483500,0.010,0.565,0.425
484000,0.010,0.479,0.511
484500,0.010,0.614,0.376
485000,0.010,0.329,0.661
485500,0.010,0.354,0.636
486000,0.010,0.708,0.282
486500,0.010,0.463,0.527
487000,0.010,0.836,0.154
487500,0.010,0.626,0.364
488000,0.010,0.513,0.477
488500,0.010,0.285,0.705
489000,0.010,0.563,0.427
489500,0.010,0.363,0.627
490000,0.010,0.481,0.509
490500,0.010,0.548,0.442
491000,0.010,0.465,0.525
491500,0.010,0.437,0.553
492000,0.010,0.469,0.521
492500,0.010,0.294,0.696
493000,0.010,0.452,0.538
493500,0.010,0.428,0.562
494000,0.010,0.668,0.322
494500,0.010,0.348,0.642
495000,0.010,0.339,0.651
495500,0.010,0.523,0.467
496000,0.010,0.361,0.629
496500,0.010,0.593,0.397
497000,0.010,0.401,0.589
497500,0.010,0.531,0.459
498000,0.010,0.477,0.513
498500,0.010,0.402,0.588
499000,0.010,0.504,0.486
499500,0.010,0.689,0.301
500000,0.010,0.367,0.623
500500,0.010,0.486,0.504
501000,0.010,0.454,0.536
501500,0.010,0.372,0.618
502000,0.010,0.425,0.565
502500,0.010,0.413,0.577
503000,0.010,0.456,0.534
503500,0.010,0.512,0.478
504000,0.010,0.418,0.572
504500,0.010,0.306,0.684
505000,0.010,0.631,0.359
505500,0.010,0.425,0.565
506000,0.010,0.438,0.552
506500,0.010,0.465,0.525
507000,0.010,0.505,0.485
507500,0.010,0.350,0.640
508000,0.010,0.242,0.748
508500,0.010,0.507,0.483
509000,0.010,0.183,0.807
509500,0.010,0.316,0.674
510000,0.010,0.675,0.315
510500,0.010,0.436,0.554
511000,0.010,0.421,0.569
511500,0.010,0.272,0.718
512000,0.010,0.408,0.582
512500,0.010,0.474,0.516
513000,0.010,0.664,0.326
513500,0.010,0.528,0.462
514000,0.010,0.381,0.609
514500,0.010,0.572,0.418
515000,0.010,0.485,0.505
515500,0.010,0.511,0.479
516000,0.010,0.564,0.426
516500,0.010,0.455,0.535
517000,0.010,0.572,0.418
517500,0.010,0.444,0.546
518000,0.010,0.714,0.276
518500,0.010,0.474,0.516
519000,0.010,0.354,0.636
519500,0.010,0.326,0.664
520000,0.010,0.499,0.491
520500,0.010,0.354,0.636
521000,0.010,0.441,0.549
521500,0.010,0.392,0.598
522000,0.010,0.295,0.695
522500,0.010,0.534,0.456
523000,0.010,0.305,0.685
523500,0.010,0.347,0.643
524000,0.010,0.413,0.577
524500,0.010,0.639,0.351
525000,0.010,0.493,0.497
525500,0.010,0.289,0.701
526000,0.010,0.568,0.422
526500,0.010,0.506,0.484
527000,0.010,0.463,0.527
527500,0.010,0.489,0.501
528000,0.010,0.500,0.490
528500,0.010,0.385,0.605
529000,0.010,0.589,0.401
529500,0.010,0.406,0.584
530000,0.010,0.474,0.516
530500,0.010,0.363,0.627
531000,0.010,0.513,0.477
531500,0.010,0.536,0.454
532000,0.010,0.587,0.403
532500,0.010,0.539,0.451
533000,0.010,0.508,0.482
533500,0.010,0.302,0.688
534000,0.010,0.611,0.379
534500,0.010,0.336,0.654
535000,0.010,0.563,0.427
535500,0.010,0.441,0.549
536000,0.010,0.305,0.685
536500,0.010,0.547,0.443
537000,0.010,0.383,0.607
537500,0.010,0.644,0.346
538000,0.010,0.414,0.576
538500,0.010,0.308,0.682
539000,0.010,0.448,0.542
539500,0.010,0.582,0.408
540000,0.010,0.319,0.671
540500,0.010,0.618,0.372
541000,0.010,0.362,0.628
541500,0.010,0.716,0.274
542000,0.010,0.525,0.465
542500,0.010,0.253,0.737
543000,0.010,0.354,0.636
543500,0.010,0.596,0.394
544000,0.010,0.512,0.478
544500,0.010,0.533,0.457
545000,0.010,0.608,0.382
545500,0.010,0.552,0.438
546000,0.010,0.503,0.487
546500,0.010,0.400,0.590
547000,0.010,0.511,0.479
547500,0.010,0.563,0.427
548000,0.010,0.459,0.531
548500,0.010,0.357,0.633
549000,0.010,0.263,0.727
549500,0.010,0.348,0.642
550000,0.010,0.589,0.401
550500,0.010,0.339,0.651
551000,0.010,0.368,0.622
551500,0.010,0.424,0.566
552000,0.010,0.535,0.455
552500,0.010,0.540,0.450
553000,0.010,0.514,0.476
553500,0.010,0.367,0.623
554000,0.010,0.323,0.667
554500,0.010,0.432,0.558
555000,0.010,0.266,0.724
555500,0.010,0.443,0.547
556000,0.010,0.434,0.556
556500,0.010,0.568,0.422
557000,0.010,0.485,0.505
557500,0.010,0.658,0.332
558000,0.010,0.308,0.682
558500,0.010,0.595,0.395
559000,0.010,0.414,0.576
559500,0.010,0.222,0.768
560000,0.010,0.381,0.609
560500,0.010,0.542,0.448
561000,0.010,0.534,0.456
561500,0.010,0.604,0.386
562000,0.010,0.558,0.432
562500,0.010,0.590,0.400
563000,0.010,0.494,0.496
563500,0.010,0.474,0.516
564000,0.010,0.524,0.466
564500,0.010,0.474,0.516
565000,0.010,0.423,0.567
565500,0.010,0.415,0.575
566000,0.010,0.317,0.673
566500,0.010,0.567,0.423
567000,0.010,0.321,0.669
567500,0.010,0.376,0.614
568000,0.010,0.301,0.689
568500,0.010,0.599,0.391
569000,0.010,0.477,0.513
569500,0.010,0.571,0.419
570000,0.010,0.593,0.397
570500,0.010,0.589,0.401
571000,0.010,0.352,0.638
571500,0.010,0.264,0.726
572000,0.010,0.408,0.582
572500,0.010,0.641,0.349
573000,0.010,0.431,0.559
573500,0.010,0.455,0.535
574000,0.010,0.664,0.326
574500,0.010,0.415,0.575
575000,0.010,0.324,0.666
575500,0.010,0.506,0.484
576000,0.010,0.436,0.554
576500,0.010,0.481,0.509
577000,0.010,0.369,0.621
577500,0.010,0.401,0.589
578000,0.010,0.321,0.669
578500,0.010,0.348,0.642
579000,0.010,0.394,0.596
579500,0.010,0.369,0.621
580000,0.010,0.448,0.542
580500,0.010,0.447,0.543
581000,0.010,0.486,0.504
581500,0.010,0.333,0.657
582000,0.010,0.400,0.590
582500,0.010,0.609,0.381
583000,0.010,0.461,0.529
583500,0.010,0.535,0.455
584000,0.010,0.561,0.429
584500,0.010,0.493,0.497
585000,0.010,0.583,0.407
585500,0.010,0.477,0.513
586000,0.010,0.524,0.466
586500,0.010,0.472,0.518
587000,0.010,0.292,0.698
587500,0.010,0.325,0.665
588000,0.010,0.572,0.418
588500,0.010,0.304,0.686
589000,0.010,0.269,0.721
589500,0.010,0.598,0.392
590000,0.010,0.376,0.614
590500,0.010,0.432,0.558
591000,0.010,0.399,0.591
591500,0.010,0.441,0.549
592000,0.010,0.524,0.466
592500,0.010,0.438,0.552
593000,0.010,0.655,0.335
593500,0.010,0.700,0.290
594000,0.010,0.408,0.582
594500,0.010,0.542,0.448
595000,0.010,0.268,0.722
595500,0.010,0.708,0.282
596000,0.010,0.341,0.649
596500,0.010,0.257,0.733
597000,0.010,0.450,0.540
597500,0.010,0.577,0.413
598000,0.010,0.613,0.377
598500,0.010,0.737,0.253
599000,0.010,0.508,0.482
599500,0.010,0.530,0.460
600000,0.010,0.526,0.464
600500,0.010,0.593,0.397
601000,0.010,0.541,0.449
601500,0.010,0.500,0.490
602000,0.010,0.474,0.516
602500,0.010,0.736,0.254
603000,0.010,0.376,0.614
603500,0.010,0.348,0.642
604000,0.010,0.580,0.410
604500,0.010,0.677,0.313
605000,0.010,0.314,0.676
605500,0.010,0.549,0.441
606000,0.010,0.346,0.644
606500,0.010,0.347,0.643
607000,0.010,0.506,0.484
607500,0.010,0.521,0.469
608000,0.010,0.468,0.522
608500,0.010,0.332,0.658
609000,0.010,0.492,0.498
609500,0.010,0.511,0.479
610000,0.010,0.317,0.673
610500,0.010,0.348,0.642
611000,0.010,0.427,0.563
611500,0.010,0.427,0.563
612000,0.010,0.441,0.549
612500,0.010,0.404,0.586
613000,0.010,0.515,0.475
613500,0.010,0.451,0.539
614000,0.010,0.542,0.448
614500,0.010,0.335,0.655
615000,0.010,0.387,0.603
615500,0.010,0.630,0.360
616000,0.010,0.441,0.549
616500,0.010,0.331,0.659
617000,0.010,0.371,0.619
617500,0.010,0.526,0.464
618000,0.010,0.757,0.233
618500,0.010,0.507,0.483
619000,0.010,0.481,0.509
619500,0.010,0.433,0.557
620000,0.010,0.472,0.518
620500,0.010,0.490,0.500
621000,0.010,0.374,0.616
621500,0.010,0.299,0.691
622000,0.010,0.428,0.562
622500,0.010,0.249,0.741
623000,0.010,0.447,0.543
623500,0.010,0.516,0.474
624000,0.010,0.431,0.559
624500,0.010,0.334,0.656
625000,0.010,0.477,0.513
625500,0.010,0.219,0.771
626000,0.010,0.570,0.420
626500,0.010,0.518,0.472
627000,0.010,0.344,0.646
627500,0.010,0.442,0.548
628000,0.010,0.422,0.568
628500,0.010,0.432,0.558
629000,0.010,0.613,0.377
629500,0.010,0.461,0.529
630000,0.010,0.454,0.536
630500,0.010,0.368,0.622
631000,0.010,0.456,0.534
631500,0.010,0.446,0.544
632000,0.010,0.380,0.610
632500,0.010,0.523,0.467
633000,0.010,0.542,0.448
633500,0.010,0.548,0.442
634000,0.010,0.613,0.377
634500,0.010,0.440,0.550
635000,0.010,0.737,0.253
635500,0.010,0.642,0.348
636000,0.010,0.587,0.403
636500,0.010,0.501,0.489
637000,0.010,0.420,0.570
637500,0.010,0.503,0.487
638000,0.010,0.313,0.677
638500,0.010,0.336,0.654
639000,0.010,0.473,0.517
639500,0.010,0.368,0.622
640000,0.010,0.412,0.578
640500,0.010,0.431,0.559
641000,0.010,0.384,0.606
641500,0.010,0.522,0.468
642000,0.010,0.447,0.543
642500,0.010,0.494,0.496
643000,0.010,0.308,0.682
643500,0.010,0.493,0.497
644000,0.010,0.419,0.571
644500,0.010,0.326,0.664
645000,0.010,0.356,0.634
645500,0.010,0.385,0.605
646000,0.010,0.371,0.619
646500,0.010,0.541,0.449
647000,0.010,0.292,0.698
647500,0.010,0.397,0.593
648000,0.010,0.460,0.530
648500,0.010,0.355,0.635
649000,0.010,0.483,0.507
649500,0.010,0.473,0.517
650000,0.010,0.473,0.517
650500,0.010,0.195,0.795
651000,0.010,0.314,0.676
651500,0.010,0.435,0.555
652000,0.010,0.407,0.583
652500,0.010,0.361,0.629
653000,0.010,0.384,0.606
653500,0.010,0.451,0.539
654000,0.010,0.425,0.565
654500,0.010,0.778,0.212
655000,0.010,0.523,0.467
655500,0.010,0.365,0.625
656000,0.010,0.490,0.500
656500,0.010,0.458,0.532
657000,0.010,0.442,0.548
657500,0.010,0.496,0.494
658000,0.010,0.396,0.594
658500,0.010,0.575,0.415
659000,0.010,0.600,0.390
659500,0.010,0.335,0.655
660000,0.010,0.444,0.546
660500,0.010,0.323,0.667
661000,0.010,0.327,0.663
661500,0.010,0.552,0.438
662000,0.010,0.441,0.549
662500,0.010,0.420,0.570
663000,0.010,0.477,0.513
663500,0.010,0.445,0.545
664000,0.010,0.449,0.541
664500,0.010,0.399,0.591
665000,0.010,0.582,0.408
665500,0.010,0.383,0.607
666000,0.010,0.398,0.592
666500,0.010,0.494,0.496
667000,0.010,0.568,0.422
667500,0.010,0.492,0.498
668000,0.010,0.388,0.602
668500,0.010,0.391,0.599
669000,0.010,0.319,0.671
669500,0.010,0.277,0.713
670000,0.010,0.620,0.370
670500,0.010,0.457,0.533
671000,0.010,0.378,0.612
671500,0.010,0.558,0.432
672000,0.010,0.446,0.544
672500,0.010,0.656,0.334
673000,0.010,0.560,0.430
673500,0.010,0.442,0.548
674000,0.010,0.357,0.633
674500,0.010,0.515,0.475
675000,0.010,0.303,0.687
675500,0.010,0.317,0.673
676000,0.010,0.320,0.670
676500,0.010,0.568,0.422
677000,0.010,0.451,0.539
677500,0.010,0.521,0.469
678000,0.010,0.558,0.432
678500,0.010,0.662,0.328
679000,0.010,0.527,0.463
679500,0.010,0.421,0.569
680000,0.010,0.395,0.595
680500,0.010,0.582,0.408
681000,0.010,0.591,0.399
681500,0.010,0.552,0.438
682000,0.010,0.625,0.365
682500,0.010,0.584,0.406
683000,0.010,0.566,0.424
683500,0.010,0.501,0.489
684000,0.010,0.394,0.596
684500,0.010,0.511,0.479
685000,0.010,0.299,0.691
685500,0.010,0.401,0.589
686000,0.010,0.651,0.339
686500,0.010,0.343,0.647
687000,0.010,0.439,0.551
687500,0.010,0.518,0.472
688000,0.010,0.427,0.563
688500,0.010,0.259,0.731
689000,0.010,0.614,0.376
689500,0.010,0.365,0.625
690000,0.010,0.373,0.617
690500,0.010,0.450,0.540
691000,0.010,0.429,0.561
691500,0.010,0.462,0.528
692000,0.010,0.419,0.571
692500,0.010,0.667,0.323
693000,0.010,0.533,0.457
693500,0.010,0.490,0.500
694000,0.010,0.387,0.603
694500,0.010,0.499,0.491
695000,0.010,0.433,0.557
695500,0.010,0.489,0.501
696000,0.010,0.468,0.522
696500,0.010,0.358,0.632
697000,0.010,0.508,0.482
697500,0.010,0.409,0.581
698000,0.010,0.499,0.491
698500,0.010,0.473,0.517
699000,0.010,0.410,0.580
699500,0.010,0.354,0.636
700000,0.010,0.334,0.656
700500,0.010,0.262,0.728
701000,0.010,0.480,0.510
701500,0.010,0.275,0.715
702000,0.010,0.294,0.696
702500,0.010,0.378,0.612
703000,0.010,0.469,0.521
703500,0.010,0.419,0.571
704000,0.010,0.506,0.484
704500,0.010,0.456,0.534
705000,0.010,0.628,0.362
705500,0.010,0.302,0.688
706000,0.010,0.370,0.620
706500,0.010,0.349,0.641
707000,0.010,0.254,0.736
707500,0.010,0.391,0.599
708000,0.010,0.291,0.699
708500,0.010,0.599,0.391
709000,0.010,0.317,0.673
709500,0.010,0.395,0.595
710000,0.010,0.428,0.562
710500,0.010,0.252,0.738
711000,0.010,0.263,0.727
711500,0.010,0.352,0.638
712000,0.010,0.462,0.528
712500,0.010,0.359,0.631
713000,0.010,0.433,0.557
713500,0.010,0.400,0.590
714000,0.010,0.668,0.322
714500,0.010,0.459,0.531
715000,0.010,0.391,0.599
715500,0.010,0.507,0.483
716000,0.010,0.459,0.531
716500,0.010,0.682,0.308
717000,0.010,0.488,0.502
717500,0.010,0.498,0.492
718000,0.010,0.573,0.417
718500,0.010,0.458,0.532
719000,0.010,0.472,0.518
719500,0.010,0.381,0.609
720000,0.010,0.332,0.658
720500,0.010,0.580,0.410
721000,0.010,0.489,0.501
721500,0.010,0.472,0.518
722000,0.010,0.523,0.467
722500,0.010,0.412,0.578
723000,0.010,0.779,0.211
723500,0.010,0.575,0.415
724000,0.010,0.330,0.660
724500,0.010,0.558,0.432
725000,0.010,0.328,0.662
725500,0.010,0.506,0.484
726000,0.010,0.459,0.531
726500,0.010,0.422,0.568
727000,0.010,0.484,0.506
727500,0.010,0.341,0.649
728000,0.010,0.338,0.652
728500,0.010,0.421,0.569
729000,0.010,0.383,0.607
729500,0.010,0.529,0.461
730000,0.010,0.820,0.170
730500,0.010,0.427,0.563
731000,0.010,0.509,0.481
731500,0.010,0.428,0.562
732000,0.010,0.438,0.552
732500,0.010,0.320,0.670
733000,0.010,0.442,0.548
733500,0.010,0.449,0.541
734000,0.010,0.444,0.546
734500,0.010,0.370,0.620
735000,0.010,0.451,0.539
735500,0.010,0.507,0.483
736000,0.010,0.430,0.560
736500,0.010,0.459,0.531
737000,0.010,0.344,0.646
737500,0.010,0.349,0.641
738000,0.010,0.304,0.686
738500,0.010,0.500,0.490
739000,0.010,0.399,0.591
739500,0.010,0.447,0.543
740000,0.010,0.209,0.781
740500,0.010,0.558,0.432
741000,0.010,0.719,0.271
741500,0.010,0.724,0.266
742000,0.010,0.390,0.600
742500,0.010,0.343,0.647
743000,0.010,0.518,0.472
743500,0.010,0.482,0.508
744000,0.010,0.477,0.513
744500,0.010,0.433,0.557
745000,0.010,0.715,0.275
745500,0.010,0.549,0.441
746000,0.010,0.574,0.416
746500,0.010,0.348,0.642
747000,0.010,0.476,0.514
747500,0.010,0.541,0.449
748000,0.010,0.458,0.532
748500,0.010,0.467,0.523
749000,0.010,0.485,0.505
749500,0.010,0.488,0.502
750000,0.010,0.375,0.615
750500,0.010,0.380,0.610
751000,0.010,0.426,0.564
751500,0.010,0.493,0.497
752000,0.010,0.382,0.608
752500,0.010,0.423,0.567
753000,0.010,0.428,0.562
753500,0.010,0.572,0.418
754000,0.010,0.592,0.398
754500,0.010,0.504,0.486
755000,0.010,0.606,0.384
755500,0.010,0.490,0.500
756000,0.010,0.439,0.551
756500,0.010,0.635,0.355
757000,0.010,0.406,0.584
757500,0.010,0.392,0.598
758000,0.010,0.434,0.556
758500,0.010,0.482,0.508
759000,0.010,0.469,0.521
759500,0.010,0.534,0.456
760000,0.010,0.531,0.459
760500,0.010,0.301,0.689
761000,0.010,0.408,0.582
761500,0.010,0.428,0.562
762000,0.010,0.434,0.556
762500,0.010,0.387,0.603
763000,0.010,0.516,0.474
763500,0.010,0.582,0.408
764000,0.010,0.500,0.490
764500,0.010,0.440,0.550
765000,0.010,0.326,0.664
765500,0.010,0.566,0.424
766000,0.010,0.559,0.431
766500,0.010,0.321,0.669
767000,0.010,0.344,0.646
767500,0.010,0.416,0.574
768000,0.010,0.340,0.650
768500,0.010,0.470,0.520
769000,0.010,0.526,0.464
769500,0.010,0.259,0.731
770000,0.010,0.392,0.598
770500,0.010,0.433,0.557
771000,0.010,0.360,0.630
771500,0.010,0.364,0.626
772000,0.010,0.609,0.381
772500,0.010,0.423,0.567
773000,0.010,0.357,0.633
773500,0.010,0.314,0.676
774000,0.010,0.394,0.596
774500,0.010,0.464,0.526
775000,0.010,0.272,0.718
775500,0.010,0.499,0.491
776000,0.010,0.271,0.719
776500,0.010,0.377,0.613
777000,0.010,0.409,0.581
777500,0.010,0.613,0.377
778000,0.010,0.455,0.535
778500,0.010,0.466,0.524
779000,0.010,0.336,0.654
779500,0.010,0.678,0.312
780000,0.010,0.457,0.533
780500,0.010,0.590,0.400
781000,0.010,0.397,0.593
781500,0.010,0.366,0.624
782000,0.010,0.490,0.500
782500,0.010,0.247,0.743
783000,0.010,0.380,0.610
783500,0.010,0.426,0.564
784000,0.010,0.523,0.467
784500,0.010,0.561,0.429
785000,0.010,0.443,0.547
785500,0.010,0.382,0.608
786000,0.010,0.578,0.412
786500,0.010,0.715,0.275
787000,0.010,0.344,0.646
787500,0.010,0.441,0.549
788000,0.010,0.562,0.428
788500,0.010,0.400,0.590
789000,0.010,0.490,0.500
789500,0.010,0.326,0.664
790000,0.010,0.427,0.563
790500,0.010,0.438,0.552
791000,0.010,0.397,0.593
791500,0.010,0.416,0.574
792000,0.010,0.412,0.578
792500,0.010,0.554,0.436
793000,0.010,0.483,0.507
793500,0.010,0.662,0.328
794000,0.010,0.818,0.172
794500,0.010,0.495,0.495
795000,0.010,0.534,0.456
795500,0.010,0.411,0.579
796000,0.010,0.609,0.381
796500,0.010,0.314,0.676
797000,0.010,0.552,0.438
797500,0.010,0.477,0.513
798000,0.010,0.595,0.395
798500,0.010,0.651,0.339
799000,0.010,0.588,0.402
799500,0.010,0.627,0.363
800000,0.010,0.294,0.696
800500,0.010,0.397,0.593
801000,0.010,0.387,0.603
801500,0.010,0.232,0.758
802000,0.010,0.379,0.611
802500,0.010,0.257,0.733
803000,0.010,0.317,0.673
803500,0.010,0.284,0.706
804000,0.010,0.493,0.497
804500,0.010,0.703,0.287
805000,0.010,0.624,0.366
805500,0.010,0.594,0.396
806000,0.010,0.305,0.685
806500,0.010,0.539,0.451
807000,0.010,0.534,0.456
807500,0.010,0.363,0.627
808000,0.010,0.635,0.355
808500,0.010,0.624,0.366
809000,0.010,0.355,0.635
809500,0.010,0.721,0.269
810000,0.010,0.519,0.471
810500,0.010,0.311,0.679
811000,0.010,0.594,0.396
811500,0.010,0.511,0.479
812000,0.010,0.623,0.367
812500,0.010,0.473,0.517
813000,0.010,0.402,0.588
813500,0.010,0.434,0.556
814000,0.010,0.573,0.417
814500,0.010,0.357,0.633
815000,0.010,0.407,0.583
815500,0.010,0.478,0.512
816000,0.010,0.426,0.564
816500,0.010,0.413,0.577
817000,0.010,0.515,0.475
817500,0.010,0.418,0.572
818000,0.010,0.430,0.560
818500,0.010,0.468,0.522
819000,0.010,0.438,0.552
819500,0.010,0.438,0.552
820000,0.010,0.436,0.554
820500,0.010,0.559,0.431
821000,0.010,0.446,0.544
821500,0.010,0.421,0.569
822000,0.010,0.575,0.415
822500,0.010,0.545,0.445
823000,0.010,0.349,0.641
823500,0.010,0.592,0.398
824000,0.010,0.510,0.480
824500,0.010,0.434,0.556
825000,0.010,0.587,0.403
825500,0.010,0.563,0.427
826000,0.010,0.369,0.621
826500,0.010,0.264,0.726
827000,0.010,0.255,0.735
827500,0.010,0.549,0.441
828000,0.010,0.479,0.511
828500,0.010,0.482,0.508
829000,0.010,0.577,0.413
829500,0.010,0.354,0.636
830000,0.010,0.351,0.639
830500,0.010,0.407,0.583
831000,0.010,0.531,0.459
831500,0.010,0.386,0.604
832000,0.010,0.344,0.646
832500,0.010,0.471,0.519
833000,0.010,0.528,0.462
833500,0.010,0.410,0.580
834000,0.010,0.669,0.321
834500,0.010,0.488,0.502
835000,0.010,0.463,0.527
835500,0.010,0.539,0.451
836000,0.010,0.453,0.537
836500,0.010,0.327,0.663
837000,0.010,0.327,0.663
837500,0.010,0.416,0.574
838000,0.010,0.439,0.551
838500,0.010,0.506,0.484
839000,0.010,0.489,0.501
839500,0.010,0.439,0.551
840000,0.010,0.456,0.534
840500,0.010,0.303,0.687
841000,0.010,0.548,0.442
841500,0.010,0.474,0.516
842000,0.010,0.374,0.616
842500,0.010,0.537,0.453
843000,0.010,0.430,0.560
843500,0.010,0.655,0.335
844000,0.010,0.628,0.362
844500,0.010,0.554,0.436
845000,0.010,0.484,0.506
845500,0.010,0.570,0.420
846000,0.010,0.410,0.580
846500,0.010,0.391,0.599
847000,0.010,0.335,0.655
847500,0.010,0.663,0.327
848000,0.010,0.551,0.439
848500,0.010,0.304,0.686
849000,0.010,0.468,0.522
849500,0.010,0.355,0.635
850000,0.010,0.570,0.420
850500,0.010,0.483,0.507
851000,0.010,0.388,0.602
851500,0.010,0.553,0.437
852000,0.010,0.456,0.534
852500,0.010,0.388,0.602
853000,0.010,0.459,0.531
853500,0.010,0.439,0.551
854000,0.010,0.449,0.541
854500,0.010,0.345,0.645
855000,0.010,0.526,0.464
855500,0.010,0.448,0.542
856000,0.010,0.439,0.551
856500,0.010,0.466,0.524
857000,0.010,0.550,0.440
857500,0.010,0.406,0.584
858000,0.010,0.545,0.445
858500,0.010,0.557,0.433
859000,0.010,0.467,0.523
859500,0.010,0.418,0.572
860000,0.010,0.393,0.597
860500,0.010,0.337,0.653
861000,0.010,0.379,0.611
861500,0.010,0.439,0.551
862000,0.010,0.569,0.421
862500,0.010,0.678,0.312
863000,0.010,0.517,0.473
863500,0.010,0.601,0.389
864000,0.010,0.663,0.327
864500,0.010,0.586,0.404
865000,0.010,0.536,0.454
865500,0.010,0.289,0.701
866000,0.010,0.459,0.531
866500,0.010,0.717,0.273
867000,0.010,0.632,0.358
867500,0.010,0.539,0.451
868000,0.010,0.380,0.610
868500,0.010,0.528,0.462
869000,0.010,0.480,0.510
869500,0.010,0.421,0.569
870000,0.010,0.462,0.528
870500,0.010,0.365,0.625
871000,0.010,0.408,0.582
871500,0.010,0.449,0.541
872000,0.010,0.501,0.489
872500,0.010,0.375,0.615
873000,0.010,0.491,0.499
873500,0.010,0.503,0.487
874000,0.010,0.508,0.482
874500,0.010,0.562,0.428
875000,0.010,0.477,0.513
875500,0.010,0.432,0.558
876000,0.010,0.264,0.726
876500,0.010,0.634,0.356
877000,0.010,0.427,0.563
877500,0.010,0.383,0.607
878000,0.010,0.391,0.599
878500,0.010,0.416,0.574
879000,0.010,0.539,0.451
879500,0.010,0.505,0.485
880000,0.010,0.541,0.449
880500,0.010,0.446,0.544
881000,0.010,0.297,0.693
881500,0.010,0.331,0.659
882000,0.010,0.600,0.390
882500,0.010,0.521,0.469
883000,0.010,0.370,0.620
883500,0.010,0.479,0.511
884000,0.010,0.394,0.596
884500,0.010,0.360,0.630
885000,0.010,0.533,0.457
885500,0.010,0.312,0.678
886000,0.010,0.335,0.655
886500,0.010,0.485,0.505
887000,0.010,0.526,0.464
887500,0.010,0.459,0.531
888000,0.010,0.370,0.620
888500,0.010,0.219,0.771
889000,0.010,0.340,0.650
889500,0.010,0.361,0.629
890000,0.010,0.454,0.536
890500,0.010,0.529,0.461
891000,0.010,0.375,0.615
891500,0.010,0.362,0.628
892000,0.010,0.651,0.339
892500,0.010,0.463,0.527
893000,0.010,0.440,0.550
893500,0.010,0.551,0.439
894000,0.010,0.433,0.557
894500,0.010,0.528,0.462
895000,0.010,0.339,0.651
895500,0.010,0.670,0.320
896000,0.010,0.388,0.602
896500,0.010,0.447,0.543
897000,0.010,0.538,0.452
897500,0.010,0.304,0.686
898000,0.010,0.608,0.382
898500,0.010,0.268,0.722
899000,0.010,0.287,0.703
899500,0.010,0.477,0.513
900000,0.010,0.400,0.590
900500,0.010,0.403,0.587
901000,0.010,0.483,0.507
901500,0.010,0.605,0.385
902000,0.010,0.458,0.532
902500,0.010,0.530,0.460
903000,0.010,0.429,0.561
903500,0.010,0.390,0.600
904000,0.010,0.669,0.321
904500,0.010,0.730,0.260
905000,0.010,0.415,0.575
905500,0.010,0.544,0.446
906000,0.010,0.558,0.432
906500,0.010,0.293,0.697
907000,0.010,0.467,0.523
907500,0.010,0.511,0.479
908000,0.010,0.454,0.536
908500,0.010,0.374,0.616
909000,0.010,0.523,0.467
909500,0.010,0.427,0.563
910000,0.010,0.431,0.559
910500,0.010,0.652,0.338
911000,0.010,0.494,0.496
911500,0.010,0.466,0.524
912000,0.010,0.258,0.732
912500,0.010,0.369,0.621
913000,0.010,0.495,0.495
913500,0.010,0.432,0.558
914000,0.010,0.394,0.596
914500,0.010,0.650,0.340
915000,0.010,0.429,0.561
915500,0.010,0.471,0.519
916000,0.010,0.377,0.613
916500,0.010,0.396,0.594
917000,0.010,0.672,0.318
917500,0.010,0.656,0.334
918000,0.010,0.533,0.457
918500,0.010,0.578,0.412
919000,0.010,0.380,0.610
919500,0.010,0.522,0.468
920000,0.010,0.636,0.354
920500,0.010,0.466,0.524
921000,0.010,0.393,0.597
921500,0.010,0.525,0.465
922000,0.010,0.437,0.553
922500,0.010,0.608,0.382
923000,0.010,0.435,0.555
923500,0.010,0.522,0.468
924000,0.010,0.281,0.709
924500,0.010,0.283,0.707
925000,0.010,0.407,0.583
925500,0.010,0.470,0.520
926000,0.010,0.340,0.650
926500,0.010,0.483,0.507
927000,0.010,0.573,0.417
927500,0.010,0.346,0.644
928000,0.010,0.491,0.499
928500,0.010,0.510,0.480
929000,0.010,0.490,0.500
929500,0.010,0.409,0.581
930000,0.010,0.565,0.425
930500,0.010,0.497,0.493
931000,0.010,0.467,0.523
931500,0.010,0.350,0.640
932000,0.010,0.765,0.225
932500,0.010,0.404,0.586
933000,0.010,0.551,0.439
933500,0.010,0.441,0.549
934000,0.010,0.459,0.531
934500,0.010,0.311,0.679
935000,0.010,0.507,0.483
935500,0.010,0.417,0.573
936000,0.010,0.393,0.597
936500,0.010,0.462,0.528
937000,0.010,0.421,0.569
937500,0.010,0.469,0.521
938000,0.010,0.587,0.403
938500,0.010,0.481,0.509
939000,0.010,0.741,0.249
939500,0.010,0.396,0.594
940000,0.010,0.456,0.534
940500,0.010,0.533,0.457
941000,0.010,0.451,0.539
941500,0.010,0.406,0.584
942000,0.010,0.271,0.719
942500,0.010,0.385,0.605
943000,0.010,0.587,0.403
943500,0.010,0.433,0.557
944000,0.010,0.548,0.442
944500,0.010,0.278,0.712
945000,0.010,0.575,0.415
945500,0.010,0.475,0.515
946000,0.010,0.649,0.341
946500,0.010,0.560,0.430
947000,0.010,0.403,0.587
947500,0.010,0.376,0.614
948000,0.010,0.494,0.496
948500,0.010,0.242,0.748
949000,0.010,0.573,0.417
949500,0.010,0.705,0.285
950000,0.010,0.513,0.477
950500,0.010,0.302,0.688
951000,0.010,0.503,0.487
951500,0.010,0.362,0.628
952000,0.010,0.410,0.580
952500,0.010,0.451,0.539
953000,0.010,0.641,0.349
953500,0.010,0.412,0.578
954000,0.010,0.508,0.482
954500,0.010,0.584,0.406
955000,0.010,0.307,0.683
955500,0.010,0.488,0.502
956000,0.010,0.337,0.653
956500,0.010,0.343,0.647
957000,0.010,0.372,0.618
957500,0.010,0.329,0.661
958000,0.010,0.257,0.733
958500,0.010,0.424,0.566
959000,0.010,0.490,0.500
959500,0.010,0.298,0.692
960000,0.010,0.504,0.486
960500,0.010,0.315,0.675
961000,0.010,0.276,0.714
961500,0.010,0.368,0.622
962000,0.010,0.320,0.670
962500,0.010,0.561,0.429
963000,0.010,0.480,0.510
963500,0.010,0.254,0.736
964000,0.010,0.412,0.578
964500,0.010,0.428,0.562
965000,0.010,0.377,0.613
965500,0.010,0.357,0.633
966000,0.010,0.362,0.628
966500,0.010,0.324,0.666
967000,0.010,0.402,0.588
967500,0.010,0.466,0.524
968000,0.010,0.517,0.473
968500,0.010,0.587,0.403
969000,0.010,0.426,0.564
969500,0.010,0.520,0.470
970000,0.010,0.409,0.581
970500,0.010,0.400,0.590
971000,0.010,0.407,0.583
971500,0.010,0.347,0.643
972000,0.010,0.507,0.483
972500,0.010,0.652,0.338
973000,0.010,0.325,0.665
973500,0.010,0.483,0.507
974000,0.010,0.384,0.606
974500,0.010,0.435,0.555
975000,0.010,0.423,0.567
975500,0.010,0.373,0.617
976000,0.010,0.541,0.449
976500,0.010,0.369,0.621
977000,0.010,0.460,0.530
977500,0.010,0.458,0.532
978000,0.010,0.466,0.524
978500,0.010,0.594,0.396
979000,0.010,0.602,0.388
979500,0.010,0.416,0.574
980000,0.010,0.496,0.494
980500,0.010,0.447,0.543
981000,0.010,0.403,0.587
981500,0.010,0.624,0.366
982000,0.010,0.366,0.624
982500,0.010,0.467,0.523
983000,0.010,0.449,0.541
983500,0.010,0.529,0.461
984000,0.010,0.432,0.558
984500,0.010,0.513,0.477
985000,0.010,0.333,0.657
985500,0.010,0.444,0.546
986000,0.010,0.548,0.442
986500,0.010,0.404,0.586
987000,0.010,0.609,0.381
987500,0.010,0.547,0.443
988000,0.010,0.468,0.522
988500,0.010,0.579,0.411
989000,0.010,0.404,0.586
989500,0.010,0.509,0.481
990000,0.010,0.444,0.546
990500,0.010,0.594,0.396
991000,0.010,0.671,0.319
991500,0.010,0.486,0.504
992000,0.010,0.642,0.348
992500,0.010,0.357,0.633
993000,0.010,0.295,0.695
993500,0.010,0.391,0.599
994000,0.010,0.512,0.478
994500,0.010,0.579,0.411
995000,0.010,0.267,0.723
995500,0.010,0.364,0.626
996000,0.010,0.357,0.633
996500,0.010,0.541,0.449
997000,0.010,0.446,0.544
997500,0.010,0.539,0.451
998000,0.010,0.736,0.254
998500,0.010,0.596,0.394
999000,0.010,0.143,0.847
999500,0.010,0.401,0.589
1000000,0.010,0.392,0.598
