time,n_A+p,n_B,n_AB
500,0.010,0.948,0.042
1000,0.010,0.810,0.180
1500,0.010,0.552,0.438
2000,0.010,0.264,0.726
2500,0.010,0.102,0.888
3000,0.015,0.040,0.945
3500,0.019,0.025,0.957
4000,0.030,0.020,0.950
4500,0.035,0.010,0.955
5000,0.044,0.014,0.942
5500,0.026,0.005,0.969
6000,0.017,0.025,0.958
6500,0.023,0.024,0.953
7000,0.017,0.025,0.958
7500,0.022,0.025,0.952
8000,0.029,0.011,0.961
8500,0.028,0.005,0.967
9000,0.042,0.007,0.951
9500,0.018,0.011,0.972
10000,0.013,0.020,0.967
10500,0.011,0.022,0.967
11000,0.017,0.013,0.970
11500,0.024,0.017,0.959
12000,0.018,0.023,0.959
12500,0.018,0.018,0.965
13000,0.013,0.011,0.976
13500,0.015,0.025,0.961
14000,0.017,0.026,0.958
14500,0.032,0.016,0.952
15000,0.015,0.019,0.965
15500,0.030,0.011,0.959
16000,0.015,0.017,0.969
16500,0.021,0.022,0.957
17000,0.033,0.013,0.955
17500,0.018,0.018,0.964
18000,0.015,0.037,0.949
18500,0.026,0.031,0.943
19000,0.014,0.017,0.969
19500,0.015,0.024,0.961
20000,0.020,0.018,0.962
20500,0.020,0.018,0.962
21000,0.018,0.009,0.974
21500,0.025,0.024,0.952
22000,0.030,0.026,0.944
22500,0.021,0.009,0.971
23000,0.028,0.005,0.967
23500,0.029,0.013,0.958
24000,0.035,0.019,0.946
24500,0.030,0.017,0.953
25000,0.038,0.006,0.956
25500,0.042,0.005,0.954
26000,0.026,0.007,0.966
26500,0.031,0.013,0.957
27000,0.024,0.015,0.962
27500,0.024,0.012,0.964
28000,0.013,0.006,0.980
28500,0.023,0.003,0.974
29000,0.025,0.022,0.953
29500,0.018,0.014,0.969
30000,0.017,0.011,0.973
30500,0.034,0.012,0.955
31000,0.024,0.009,0.968
31500,0.024,0.011,0.965
32000,0.024,0.004,0.972
32500,0.029,0.005,0.966
33000,0.022,0.022,0.956
33500,0.016,0.013,0.972
34000,0.023,0.009,0.968
34500,0.021,0.015,0.964
35000,0.032,0.018,0.950
35500,0.038,0.017,0.945
36000,0.019,0.018,0.963
36500,0.018,0.019,0.963
37000,0.029,0.013,0.959
37500,0.024,0.021,0.956
38000,0.013,0.019,0.968
38500,0.012,0.012,0.976
39000,0.017,0.006,0.977
39500,0.023,0.006,0.971
40000,0.043,0.022,0.935
40500,0.029,0.015,0.957
41000,0.035,0.015,0.950
41500,0.031,0.012,0.957
42000,0.022,0.012,0.966
42500,0.033,0.025,0.943
43000,0.034,0.013,0.954
43500,0.037,0.007,0.956
44000,0.023,0.004,0.974
44500,0.019,0.008,0.973
45000,0.025,0.004,0.971
45500,0.029,0.004,0.966
46000,0.028,0.020,0.952
46500,0.026,0.017,0.958
47000,0.025,0.018,0.957
47500,0.024,0.011,0.965
48000,0.018,0.006,0.975
48500,0.018,0.002,0.980
49000,0.018,0.015,0.968
49500,0.032,0.018,0.950
50000,0.017,0.011,0.972
50500,0.013,0.018,0.970
51000,0.013,0.018,0.970
51500,0.019,0.006,0.974
52000,0.018,0.017,0.965
52500,0.017,0.022,0.961
53000,0.029,0.009,0.961
53500,0.025,0.005,0.970
54000,0.029,0.013,0.959
54500,0.041,0.003,0.957
55000,0.029,0.013,0.958
55500,0.022,0.015,0.963
56000,0.051,0.015,0.934
56500,0.029,0.019,0.951
57000,0.035,0.011,0.955
57500,0.036,0.006,0.958
58000,0.035,0.002,0.963
58500,0.038,0.004,0.957
59000,0.027,0.009,0.964
59500,0.026,0.013,0.961
60000,0.026,0.009,0.964
60500,0.022,0.015,0.964
61000,0.024,0.015,0.962
61500,0.018,0.009,0.973
62000,0.028,0.022,0.950
62500,0.015,0.012,0.974
63000,0.025,0.009,0.967
63500,0.028,0.022,0.950
64000,0.019,0.011,0.971
64500,0.019,0.012,0.969
65000,0.033,0.013,0.954
65500,0.029,0.009,0.962
66000,0.026,0.025,0.949
66500,0.027,0.009,0.964
67000,0.029,0.015,0.957
67500,0.025,0.016,0.959
68000,0.029,0.009,0.962
68500,0.026,0.011,0.963
69000,0.024,0.013,0.964
69500,0.022,0.018,0.961
70000,0.017,0.013,0.971
70500,0.022,0.009,0.970
71000,0.027,0.035,0.939
71500,0.029,0.015,0.956
72000,0.029,0.011,0.961
72500,0.022,0.011,0.968
73000,0.025,0.002,0.974
73500,0.052,0.001,0.947
74000,0.029,0.009,0.962
74500,0.022,0.015,0.964
75000,0.032,0.026,0.942
75500,0.025,0.023,0.952
76000,0.024,0.022,0.955
76500,0.026,0.024,0.950
77000,0.027,0.015,0.959
77500,0.033,0.006,0.961
78000,0.038,0.007,0.955
78500,0.050,0.005,0.946
79000,0.037,0.011,0.952
79500,0.026,0.024,0.950
80000,0.021,0.028,0.952
80500,0.021,0.017,0.962
81000,0.017,0.013,0.970
81500,0.019,0.010,0.971
82000,0.035,0.024,0.942
82500,0.025,0.013,0.962
83000,0.025,0.015,0.960
83500,0.018,0.017,0.965
84000,0.029,0.014,0.958
84500,0.025,0.016,0.959
85000,0.026,0.014,0.960
85500,0.030,0.009,0.961
86000,0.022,0.009,0.969
86500,0.045,0.017,0.939
87000,0.033,0.015,0.952
87500,0.042,0.008,0.950
88000,0.037,0.017,0.946
88500,0.041,0.018,0.942
89000,0.032,0.012,0.956
89500,0.025,0.018,0.957
90000,0.022,0.015,0.963
90500,0.018,0.025,0.958
91000,0.025,0.013,0.963
91500,0.032,0.015,0.954
92000,0.025,0.019,0.955
92500,0.025,0.022,0.952
93000,0.022,0.015,0.964
93500,0.038,0.021,0.941
94000,0.030,0.015,0.955
94500,0.031,0.018,0.951
95000,0.035,0.010,0.955
95500,0.032,0.004,0.965
96000,0.026,0.011,0.963
96500,0.030,0.006,0.964
97000,0.023,0.018,0.959
97500,0.020,0.011,0.969
98000,0.021,0.015,0.965
98500,0.032,0.007,0.962
99000,0.028,0.009,0.964
99500,0.022,0.021,0.957
100000,0.025,0.018,0.957
100500,0.022,0.025,0.953
101000,0.028,0.031,0.941
101500,0.029,0.015,0.956
102000,0.029,0.013,0.958
102500,0.025,0.008,0.968
103000,0.019,0.013,0.967
103500,0.017,0.015,0.969
104000,0.035,0.015,0.950
104500,0.035,0.013,0.952
105000,0.026,0.019,0.955
105500,0.025,0.013,0.963
106000,0.018,0.009,0.973
106500,0.018,0.016,0.967
107000,0.025,0.015,0.960
107500,0.033,0.012,0.956
108000,0.039,0.008,0.953
108500,0.030,0.003,0.967
109000,0.037,0.005,0.958
109500,0.053,0.015,0.932
110000,0.030,0.025,0.945
110500,0.021,0.015,0.965
111000,0.027,0.013,0.960
111500,0.025,0.008,0.968
112000,0.033,0.002,0.966
112500,0.025,0.017,0.959
113000,0.034,0.009,0.958
113500,0.029,0.012,0.959
114000,0.025,0.006,0.969
114500,0.018,0.009,0.973
115000,0.015,0.004,0.980
115500,0.025,0.010,0.965
116000,0.024,0.005,0.971
116500,0.020,0.015,0.966
117000,0.017,0.021,0.962
117500,0.012,0.016,0.972
118000,0.016,0.013,0.971
118500,0.013,0.009,0.978
119000,0.021,0.023,0.956
119500,0.018,0.028,0.955
120000,0.018,0.019,0.963
120500,0.019,0.009,0.972
121000,0.018,0.005,0.977
121500,0.014,0.017,0.970
122000,0.029,0.018,0.954
122500,0.026,0.018,0.955
123000,0.019,0.014,0.967
123500,0.021,0.016,0.963
124000,0.017,0.021,0.963
124500,0.019,0.015,0.965
125000,0.028,0.013,0.959
125500,0.024,0.017,0.960
126000,0.020,0.024,0.957
126500,0.016,0.018,0.966
127000,0.018,0.015,0.967
127500,0.022,0.005,0.973
128000,0.015,0.033,0.952
128500,0.024,0.018,0.958
129000,0.036,0.007,0.956
129500,0.044,0.012,0.944
130000,0.031,0.013,0.957
130500,0.023,0.018,0.960
131000,0.015,0.013,0.972
131500,0.023,0.009,0.968
132000,0.021,0.005,0.974
132500,0.019,0.007,0.974
133000,0.024,0.010,0.966
133500,0.041,0.011,0.949
134000,0.021,0.028,0.952
134500,0.024,0.018,0.959
135000,0.025,0.012,0.963
135500,0.028,0.026,0.946
136000,0.022,0.013,0.965
136500,0.028,0.011,0.961
137000,0.028,0.005,0.967
137500,0.024,0.004,0.973
138000,0.021,0.002,0.978
138500,0.035,0.018,0.946
139000,0.029,0.009,0.962
139500,0.032,0.013,0.956
140000,0.029,0.009,0.962
140500,0.021,0.018,0.961
141000,0.019,0.013,0.968
141500,0.025,0.015,0.961
142000,0.020,0.017,0.964
142500,0.030,0.014,0.956
143000,0.033,0.005,0.962
143500,0.026,0.013,0.961
144000,0.023,0.019,0.958
144500,0.023,0.013,0.964
145000,0.020,0.019,0.961
145500,0.018,0.010,0.972
146000,0.016,0.018,0.967
146500,0.024,0.024,0.953
147000,0.048,0.009,0.944
147500,0.026,0.009,0.965
148000,0.026,0.020,0.954
148500,0.029,0.005,0.965
149000,0.025,0.011,0.964
149500,0.022,0.006,0.972
150000,0.026,0.004,0.970
150500,0.019,0.026,0.955
151000,0.029,0.008,0.964
151500,0.025,0.002,0.974
152000,0.031,0.015,0.954
152500,0.030,0.009,0.960
153000,0.020,0.018,0.962
153500,0.016,0.013,0.971
154000,0.021,0.011,0.968
154500,0.021,0.017,0.963
155000,0.034,0.007,0.959
155500,0.040,0.009,0.951
156000,0.026,0.021,0.953
156500,0.032,0.014,0.955
157000,0.029,0.012,0.959
157500,0.026,0.019,0.954
158000,0.023,0.021,0.956
158500,0.018,0.022,0.959
159000,0.018,0.030,0.952
159500,0.025,0.015,0.960
160000,0.029,0.003,0.969
160500,0.015,0.015,0.970
161000,0.026,0.011,0.964
161500,0.033,0.011,0.957
162000,0.042,0.008,0.950
162500,0.038,0.010,0.952
163000,0.029,0.009,0.962
163500,0.024,0.013,0.964
164000,0.024,0.011,0.965
164500,0.028,0.021,0.951
165000,0.025,0.014,0.961
165500,0.024,0.013,0.963
166000,0.018,0.015,0.968
166500,0.017,0.036,0.947
167000,0.021,0.028,0.952
167500,0.030,0.025,0.946
168000,0.032,0.013,0.955
168500,0.034,0.013,0.954
169000,0.016,0.018,0.966
169500,0.025,0.015,0.959
170000,0.018,0.015,0.966
170500,0.020,0.025,0.955
171000,0.024,0.023,0.953
171500,0.026,0.019,0.955
172000,0.031,0.015,0.954
172500,0.026,0.011,0.963
173000,0.021,0.010,0.970
173500,0.016,0.011,0.974
174000,0.025,0.011,0.964
174500,0.029,0.016,0.955
175000,0.034,0.008,0.959
175500,0.022,0.011,0.968
176000,0.018,0.013,0.969
176500,0.031,0.023,0.946
177000,0.037,0.004,0.958
177500,0.023,0.008,0.969
178000,0.028,0.011,0.961
178500,0.023,0.017,0.961
179000,0.018,0.012,0.971
179500,0.022,0.028,0.950
180000,0.024,0.013,0.963
180500,0.026,0.018,0.956
181000,0.014,0.009,0.977
181500,0.038,0.005,0.957
182000,0.029,0.018,0.954
182500,0.017,0.023,0.961
183000,0.030,0.009,0.960
183500,0.018,0.003,0.979
184000,0.025,0.006,0.969
184500,0.023,0.009,0.968
185000,0.022,0.004,0.975
185500,0.033,0.017,0.951
186000,0.022,0.024,0.954
186500,0.017,0.020,0.963
187000,0.015,0.006,0.979
187500,0.029,0.018,0.953
188000,0.031,0.018,0.951
188500,0.026,0.032,0.943
189000,0.031,0.022,0.947
189500,0.024,0.018,0.959
190000,0.022,0.025,0.953
190500,0.022,0.024,0.955
191000,0.022,0.013,0.965
191500,0.030,0.013,0.957
192000,0.025,0.017,0.958
192500,0.022,0.010,0.968
193000,0.037,0.007,0.956
193500,0.043,0.006,0.952
194000,0.041,0.005,0.954
194500,0.030,0.003,0.967
195000,0.044,0.017,0.939
195500,0.042,0.010,0.948
196000,0.032,0.005,0.963
196500,0.024,0.011,0.965
197000,0.029,0.011,0.961
197500,0.020,0.017,0.963
198000,0.028,0.014,0.959
198500,0.028,0.007,0.966
199000,0.025,0.009,0.966
199500,0.018,0.017,0.966
200000,0.035,0.015,0.951
200500,0.035,0.004,0.962
201000,0.030,0.006,0.964
201500,0.028,0.007,0.966
202000,0.022,0.012,0.966
202500,0.021,0.029,0.950
203000,0.021,0.015,0.965
203500,0.015,0.025,0.961
204000,0.028,0.021,0.952
204500,0.018,0.011,0.971
205000,0.013,0.008,0.979
205500,0.027,0.008,0.965
206000,0.030,0.002,0.969
206500,0.021,0.011,0.968
207000,0.025,0.021,0.955
207500,0.024,0.007,0.969
208000,0.024,0.002,0.974
208500,0.034,0.009,0.958
209000,0.036,0.013,0.950
209500,0.026,0.009,0.965
210000,0.029,0.019,0.952
210500,0.035,0.014,0.952
211000,0.022,0.021,0.957
211500,0.030,0.022,0.948
212000,0.026,0.018,0.956
212500,0.037,0.012,0.951
213000,0.036,0.009,0.954
213500,0.030,0.013,0.956
214000,0.021,0.004,0.974
214500,0.032,0.009,0.960
215000,0.021,0.004,0.975
215500,0.035,0.013,0.952
216000,0.024,0.011,0.965
216500,0.017,0.004,0.980
217000,0.024,0.021,0.956
217500,0.019,0.013,0.968
218000,0.025,0.013,0.962
218500,0.033,0.018,0.950
219000,0.030,0.006,0.964
219500,0.030,0.012,0.958
220000,0.022,0.007,0.971
220500,0.027,0.015,0.958
221000,0.025,0.011,0.965
221500,0.016,0.009,0.976
222000,0.013,0.004,0.983
222500,0.020,0.011,0.969
223000,0.022,0.009,0.969
223500,0.013,0.009,0.978
224000,0.021,0.010,0.970
224500,0.025,0.024,0.951
225000,0.038,0.021,0.940
225500,0.040,0.021,0.939
226000,0.029,0.020,0.952
226500,0.023,0.023,0.954
227000,0.022,0.015,0.964
227500,0.028,0.009,0.963
228000,0.028,0.020,0.953
228500,0.030,0.010,0.960
229000,0.030,0.006,0.964
229500,0.033,0.002,0.966
230000,0.022,0.013,0.964
230500,0.029,0.016,0.956
231000,0.025,0.021,0.954
231500,0.035,0.009,0.956
232000,0.024,0.003,0.974
232500,0.026,0.013,0.960
233000,0.021,0.022,0.957
233500,0.015,0.027,0.958
234000,0.027,0.032,0.941
234500,0.033,0.011,0.957
235000,0.025,0.007,0.967
235500,0.035,0.022,0.943
236000,0.029,0.015,0.957
236500,0.028,0.023,0.950
237000,0.015,0.027,0.958
237500,0.019,0.006,0.975
238000,0.030,0.011,0.959
238500,0.035,0.004,0.961
239000,0.031,0.018,0.951
239500,0.022,0.016,0.962
240000,0.021,0.018,0.961
240500,0.021,0.007,0.972
241000,0.025,0.013,0.963
241500,0.024,0.017,0.960
242000,0.025,0.006,0.969
242500,0.028,0.009,0.963
243000,0.034,0.008,0.958
243500,0.035,0.016,0.950
244000,0.028,0.013,0.959
244500,0.030,0.009,0.961
245000,0.021,0.016,0.963
245500,0.019,0.014,0.967
246000,0.015,0.016,0.969
246500,0.030,0.020,0.950
247000,0.025,0.007,0.969
247500,0.022,0.010,0.968
248000,0.030,0.025,0.944
248500,0.028,0.017,0.956
249000,0.021,0.011,0.968
249500,0.029,0.009,0.962
250000,0.047,0.009,0.944
250500,0.029,0.013,0.959
251000,0.025,0.012,0.963
251500,0.021,0.004,0.975
252000,0.029,0.018,0.953
252500,0.021,0.025,0.954
253000,0.018,0.022,0.961
253500,0.027,0.018,0.956
254000,0.025,0.020,0.955
254500,0.035,0.015,0.951
255000,0.035,0.018,0.947
255500,0.021,0.011,0.968
256000,0.021,0.013,0.967
256500,0.022,0.016,0.962
257000,0.021,0.016,0.963
257500,0.021,0.011,0.967
258000,0.029,0.024,0.947
258500,0.016,0.021,0.963
259000,0.032,0.009,0.959
259500,0.033,0.002,0.966
260000,0.029,0.006,0.965
260500,0.026,0.013,0.961
261000,0.028,0.006,0.966
261500,0.014,0.001,0.985
262000,0.026,0.002,0.972
262500,0.021,0.003,0.976
263000,0.025,0.020,0.956
263500,0.025,0.007,0.968
264000,0.027,0.015,0.958
264500,0.030,0.006,0.963
265000,0.025,0.010,0.965
265500,0.036,0.007,0.956
266000,0.035,0.007,0.958
266500,0.023,0.009,0.968
267000,0.028,0.015,0.958
267500,0.037,0.006,0.957
268000,0.032,0.013,0.955
268500,0.029,0.021,0.950
269000,0.022,0.017,0.961
269500,0.035,0.010,0.955
270000,0.025,0.019,0.956
270500,0.035,0.017,0.948
271000,0.034,0.014,0.953
271500,0.035,0.005,0.960
272000,0.032,0.010,0.959
272500,0.021,0.025,0.954
273000,0.023,0.017,0.960
273500,0.028,0.019,0.953
274000,0.028,0.018,0.955
274500,0.021,0.009,0.970
275000,0.025,0.009,0.967
275500,0.017,0.015,0.969
276000,0.017,0.014,0.969
276500,0.026,0.021,0.954
277000,0.018,0.009,0.974
277500,0.027,0.021,0.952
278000,0.038,0.012,0.950
278500,0.020,0.018,0.963
279000,0.021,0.018,0.961
279500,0.026,0.018,0.956
280000,0.020,0.021,0.960
280500,0.029,0.022,0.949
281000,0.030,0.014,0.956
281500,0.036,0.013,0.950
282000,0.027,0.013,0.961
282500,0.029,0.005,0.966
283000,0.032,0.010,0.959
283500,0.029,0.006,0.965
284000,0.029,0.012,0.960
284500,0.029,0.009,0.963
285000,0.041,0.017,0.943
285500,0.024,0.007,0.969
286000,0.030,0.009,0.961
286500,0.025,0.004,0.971
287000,0.026,0.017,0.957
287500,0.029,0.010,0.961
288000,0.025,0.021,0.953
288500,0.028,0.009,0.963
289000,0.021,0.011,0.968
289500,0.021,0.008,0.971
290000,0.034,0.015,0.951
290500,0.045,0.014,0.941
291000,0.030,0.006,0.964
291500,0.035,0.003,0.963
292000,0.029,0.013,0.958
292500,0.017,0.011,0.973
293000,0.029,0.008,0.964
293500,0.021,0.013,0.966
294000,0.029,0.005,0.966
294500,0.025,0.007,0.969
295000,0.018,0.005,0.976
295500,0.015,0.001,0.984
296000,0.035,0.011,0.954
296500,0.027,0.011,0.963
297000,0.031,0.004,0.966
297500,0.025,0.018,0.956
298000,0.019,0.011,0.971
298500,0.033,0.005,0.962
299000,0.034,0.008,0.958
299500,0.033,0.008,0.960
300000,0.041,0.012,0.947
300500,0.029,0.014,0.958
301000,0.035,0.015,0.951
301500,0.040,0.009,0.951
302000,0.024,0.017,0.959
302500,0.033,0.023,0.944
303000,0.025,0.007,0.968
303500,0.022,0.002,0.976
304000,0.018,0.022,0.960
304500,0.029,0.023,0.948
305000,0.026,0.026,0.948
305500,0.014,0.011,0.976
306000,0.011,0.008,0.981
306500,0.029,0.015,0.956
307000,0.035,0.008,0.957
307500,0.022,0.007,0.971
308000,0.033,0.008,0.960
308500,0.021,0.028,0.951
309000,0.024,0.016,0.960
309500,0.022,0.014,0.964
310000,0.020,0.016,0.964
310500,0.036,0.012,0.952
311000,0.029,0.005,0.966
311500,0.025,0.009,0.966
312000,0.018,0.014,0.968
312500,0.022,0.007,0.970
313000,0.023,0.017,0.960
313500,0.029,0.025,0.945
314000,0.020,0.024,0.956
314500,0.019,0.017,0.965
315000,0.022,0.013,0.965
315500,0.035,0.005,0.960
316000,0.028,0.009,0.964
316500,0.020,0.010,0.970
317000,0.027,0.018,0.956
317500,0.024,0.013,0.964
318000,0.021,0.017,0.962
318500,0.021,0.019,0.960
319000,0.031,0.009,0.960
319500,0.025,0.019,0.956
320000,0.025,0.013,0.963
320500,0.018,0.025,0.958
321000,0.026,0.023,0.951
321500,0.036,0.011,0.953
322000,0.032,0.013,0.956
322500,0.023,0.011,0.967
323000,0.028,0.018,0.955
323500,0.019,0.022,0.959
324000,0.024,0.018,0.959
324500,0.019,0.016,0.965
325000,0.018,0.011,0.972
325500,0.026,0.006,0.967
326000,0.023,0.015,0.962
326500,0.029,0.012,0.959
327000,0.034,0.009,0.957
327500,0.026,0.009,0.965
328000,0.034,0.004,0.962
328500,0.040,0.003,0.958
329000,0.023,0.007,0.970
329500,0.023,0.007,0.970
330000,0.028,0.013,0.959
330500,0.026,0.011,0.963
331000,0.022,0.015,0.963
331500,0.023,0.030,0.947
332000,0.012,0.024,0.964
332500,0.025,0.015,0.959
333000,0.028,0.021,0.952
333500,0.023,0.015,0.963
334000,0.029,0.007,0.964
334500,0.041,0.013,0.946
335000,0.037,0.007,0.956
335500,0.028,0.013,0.960
336000,0.018,0.009,0.974
336500,0.044,0.009,0.947
337000,0.061,0.001,0.938
337500,0.043,0.003,0.954
338000,0.022,0.014,0.964
338500,0.022,0.013,0.965
339000,0.026,0.019,0.955
339500,0.018,0.003,0.980
340000,0.039,0.009,0.952
340500,0.033,0.011,0.957
341000,0.025,0.007,0.967
341500,0.028,0.009,0.964
342000,0.035,0.011,0.955
342500,0.029,0.015,0.955
343000,0.024,0.007,0.969
343500,0.019,0.021,0.959
344000,0.019,0.018,0.963
344500,0.022,0.011,0.967
345000,0.034,0.003,0.964
345500,0.019,0.007,0.974
346000,0.028,0.013,0.960
346500,0.028,0.011,0.961
347000,0.033,0.008,0.960
347500,0.022,0.016,0.962
348000,0.013,0.021,0.967
348500,0.019,0.019,0.962
349000,0.021,0.021,0.959
349500,0.026,0.012,0.962
350000,0.026,0.013,0.961
350500,0.040,0.015,0.946
351000,0.035,0.009,0.956
351500,0.033,0.025,0.943
352000,0.025,0.015,0.961
352500,0.018,0.009,0.973
353000,0.027,0.013,0.961
353500,0.024,0.013,0.964
354000,0.021,0.013,0.966
354500,0.023,0.019,0.958
355000,0.027,0.013,0.960
355500,0.022,0.019,0.959
356000,0.021,0.013,0.966
356500,0.035,0.007,0.958
357000,0.018,0.017,0.966
357500,0.019,0.008,0.973
358000,0.035,0.006,0.959
358500,0.039,0.015,0.946
359000,0.028,0.014,0.959
359500,0.023,0.009,0.968
360000,0.015,0.021,0.965
360500,0.013,0.017,0.971
361000,0.011,0.010,0.979
361500,0.016,0.009,0.975
362000,0.025,0.011,0.965
362500,0.038,0.019,0.943
363000,0.032,0.011,0.957
363500,0.024,0.007,0.969
364000,0.019,0.015,0.966
364500,0.025,0.013,0.961
365000,0.031,0.024,0.946
365500,0.029,0.018,0.953
366000,0.029,0.010,0.961
366500,0.021,0.013,0.966
367000,0.024,0.006,0.970
367500,0.032,0.009,0.960
368000,0.022,0.015,0.963
368500,0.026,0.013,0.960
369000,0.042,0.009,0.950
369500,0.036,0.005,0.958
370000,0.032,0.004,0.964
370500,0.030,0.013,0.957
371000,0.026,0.008,0.966
371500,0.025,0.018,0.957
372000,0.043,0.019,0.939
372500,0.029,0.022,0.949
373000,0.035,0.015,0.950
373500,0.036,0.006,0.958
374000,0.028,0.013,0.960
374500,0.025,0.011,0.964
375000,0.024,0.018,0.958
375500,0.021,0.029,0.951
376000,0.018,0.009,0.972
376500,0.013,0.010,0.978
377000,0.017,0.013,0.970
377500,0.032,0.010,0.959
378000,0.017,0.015,0.969
378500,0.019,0.038,0.943
379000,0.032,0.025,0.943
379500,0.029,0.016,0.956
380000,0.021,0.021,0.959
380500,0.014,0.021,0.966
381000,0.035,0.028,0.938
381500,0.019,0.011,0.970
382000,0.021,0.025,0.955
382500,0.028,0.008,0.965
383000,0.022,0.019,0.959
383500,0.020,0.014,0.966
384000,0.025,0.015,0.960
384500,0.029,0.018,0.953
385000,0.024,0.007,0.969
385500,0.022,0.016,0.962
386000,0.025,0.006,0.969
386500,0.015,0.015,0.971
387000,0.022,0.017,0.962
387500,0.025,0.021,0.954
388000,0.019,0.016,0.965
388500,0.013,0.026,0.961
389000,0.022,0.015,0.964
389500,0.020,0.004,0.976
390000,0.023,0.005,0.972
390500,0.025,0.008,0.967
391000,0.028,0.013,0.960
391500,0.019,0.014,0.967
392000,0.026,0.013,0.961
392500,0.018,0.029,0.954
393000,0.036,0.009,0.954
393500,0.037,0.015,0.947
394000,0.019,0.009,0.972
394500,0.024,0.016,0.961
395000,0.022,0.018,0.960
395500,0.029,0.016,0.955
396000,0.025,0.006,0.969
396500,0.023,0.006,0.971
397000,0.029,0.013,0.959
397500,0.024,0.016,0.961
398000,0.028,0.009,0.964
398500,0.035,0.005,0.960
399000,0.032,0.018,0.950
399500,0.017,0.013,0.971
400000,0.025,0.004,0.971
400500,0.042,0.002,0.957
401000,0.036,0.007,0.957
401500,0.025,0.008,0.967
402000,0.021,0.004,0.974
402500,0.021,0.019,0.959
403000,0.019,0.014,0.967
403500,0.030,0.013,0.957
404000,0.020,0.004,0.977
404500,0.031,0.009,0.960
405000,0.032,0.018,0.950
405500,0.029,0.009,0.961
406000,0.023,0.012,0.965
406500,0.024,0.015,0.962
407000,0.026,0.017,0.957
407500,0.024,0.030,0.946
408000,0.040,0.020,0.940
408500,0.029,0.004,0.967
409000,0.021,0.004,0.975
409500,0.048,0.011,0.941
410000,0.043,0.011,0.946
410500,0.031,0.017,0.952
411000,0.018,0.015,0.967
411500,0.026,0.013,0.961
412000,0.029,0.028,0.944
412500,0.033,0.018,0.950
413000,0.024,0.021,0.956
413500,0.025,0.017,0.959
414000,0.029,0.020,0.952
414500,0.025,0.011,0.965
415000,0.021,0.011,0.969
415500,0.027,0.015,0.958
416000,0.023,0.007,0.970
416500,0.023,0.009,0.969
417000,0.038,0.007,0.955
417500,0.029,0.015,0.957
418000,0.021,0.015,0.963
418500,0.028,0.021,0.951
419000,0.025,0.021,0.954
419500,0.026,0.022,0.952
420000,0.037,0.016,0.947
420500,0.025,0.016,0.959
421000,0.029,0.009,0.961
421500,0.024,0.015,0.961
422000,0.015,0.019,0.966
422500,0.022,0.010,0.968
423000,0.029,0.018,0.953
423500,0.033,0.010,0.958
424000,0.015,0.018,0.967
424500,0.018,0.011,0.970
425000,0.037,0.011,0.952
425500,0.021,0.009,0.971
426000,0.025,0.026,0.949
426500,0.044,0.007,0.949
427000,0.034,0.024,0.943
427500,0.025,0.020,0.955
428000,0.017,0.018,0.966
428500,0.018,0.009,0.973
429000,0.019,0.005,0.976
429500,0.018,0.005,0.977
430000,0.026,0.012,0.962
430500,0.035,0.014,0.952
431000,0.030,0.018,0.952
431500,0.021,0.029,0.950
432000,0.021,0.013,0.967
432500,0.025,0.009,0.967
433000,0.017,0.010,0.974
433500,0.036,0.015,0.949
434000,0.045,0.011,0.944
434500,0.035,0.011,0.954
435000,0.019,0.011,0.970
435500,0.018,0.018,0.963
436000,0.039,0.006,0.955
436500,0.031,0.011,0.958
437000,0.025,0.013,0.962
437500,0.023,0.012,0.965
438000,0.022,0.005,0.972
438500,0.025,0.009,0.967
439000,0.025,0.009,0.966
439500,0.015,0.014,0.971
440000,0.016,0.022,0.962
440500,0.018,0.015,0.968
441000,0.022,0.013,0.965
441500,0.015,0.022,0.963
442000,0.013,0.021,0.967
442500,0.026,0.016,0.958
443000,0.022,0.011,0.966
443500,0.029,0.005,0.966
444000,0.026,0.014,0.960
444500,0.024,0.011,0.966
445000,0.023,0.015,0.962
445500,0.033,0.011,0.957
446000,0.052,0.024,0.924
446500,0.035,0.014,0.951
447000,0.034,0.004,0.963
447500,0.018,0.005,0.977
448000,0.029,0.007,0.964
448500,0.035,0.009,0.956
449000,0.040,0.009,0.952
449500,0.029,0.009,0.961
450000,0.024,0.007,0.969
450500,0.016,0.009,0.975
451000,0.022,0.025,0.953
451500,0.021,0.028,0.952
452000,0.030,0.021,0.949
452500,0.019,0.010,0.971
453000,0.034,0.008,0.958
453500,0.029,0.011,0.961
454000,0.024,0.007,0.970
454500,0.015,0.018,0.967
455000,0.024,0.012,0.965
455500,0.033,0.012,0.955
456000,0.018,0.019,0.964
456500,0.021,0.018,0.961
457000,0.021,0.011,0.968
457500,0.024,0.010,0.967
458000,0.021,0.018,0.960
458500,0.025,0.021,0.954
459000,0.033,0.014,0.954
459500,0.024,0.006,0.970
460000,0.062,0.009,0.929
460500,0.050,0.005,0.945
461000,0.030,0.008,0.962
461500,0.022,0.019,0.958
462000,0.022,0.021,0.956
462500,0.024,0.023,0.953
463000,0.013,0.023,0.964
463500,0.019,0.004,0.977
464000,0.025,0.015,0.960
464500,0.026,0.020,0.954
465000,0.027,0.018,0.955
465500,0.033,0.018,0.950
466000,0.021,0.015,0.964
466500,0.015,0.015,0.970
467000,0.019,0.018,0.963
467500,0.023,0.006,0.971
468000,0.025,0.010,0.965
468500,0.029,0.011,0.960
469000,0.027,0.010,0.963
469500,0.029,0.021,0.949
470000,0.026,0.009,0.965
470500,0.019,0.025,0.957
471000,0.013,0.022,0.965
471500,0.017,0.027,0.957
472000,0.022,0.025,0.953
472500,0.037,0.024,0.939
473000,0.032,0.007,0.961
473500,0.033,0.011,0.957
474000,0.015,0.009,0.976
474500,0.018,0.013,0.969
475000,0.028,0.028,0.945
475500,0.034,0.017,0.950
476000,0.031,0.010,0.959
476500,0.028,0.018,0.955
477000,0.021,0.015,0.964
477500,0.035,0.017,0.948
478000,0.038,0.007,0.954
478500,0.028,0.011,0.962
479000,0.041,0.022,0.936
479500,0.028,0.029,0.944
480000,0.029,0.016,0.955
480500,0.025,0.021,0.954
481000,0.021,0.017,0.962
481500,0.031,0.007,0.962
482000,0.020,0.009,0.971
482500,0.022,0.005,0.973
483000,0.024,0.015,0.961
483500,0.037,0.004,0.960
484000,0.023,0.001,0.976
484500,0.017,0.014,0.970
485000,0.025,0.018,0.957
485500,0.022,0.009,0.969
486000,0.027,0.021,0.952
486500,0.024,0.028,0.949
487000,0.037,0.020,0.943
487500,0.041,0.009,0.950
488000,0.041,0.014,0.946
488500,0.053,0.007,0.940
489000,0.029,0.009,0.962
489500,0.048,0.013,0.939
490000,0.037,0.011,0.951
490500,0.034,0.005,0.961
491000,0.034,0.003,0.964
491500,0.036,0.004,0.961
492000,0.028,0.007,0.966
492500,0.037,0.005,0.958
493000,0.029,0.008,0.963
493500,0.026,0.015,0.958
494000,0.018,0.009,0.973
494500,0.022,0.023,0.955
495000,0.016,0.019,0.965
495500,0.024,0.013,0.963
496000,0.029,0.013,0.957
496500,0.032,0.013,0.955
497000,0.027,0.005,0.968
497500,0.030,0.005,0.964
498000,0.027,0.013,0.960
498500,0.032,0.009,0.960
499000,0.018,0.007,0.975
499500,0.030,0.008,0.962
500000,0.026,0.007,0.966
500500,0.015,0.015,0.969
501000,0.011,0.018,0.972
501500,0.022,0.011,0.967
502000,0.029,0.004,0.967
502500,0.032,0.012,0.957
503000,0.018,0.013,0.969
503500,0.027,0.022,0.951
504000,0.016,0.026,0.958
504500,0.017,0.017,0.967
505000,0.033,0.024,0.944
505500,0.028,0.018,0.955
506000,0.038,0.009,0.954
506500,0.026,0.007,0.966
507000,0.024,0.015,0.961
507500,0.034,0.009,0.958
508000,0.025,0.013,0.961
508500,0.027,0.015,0.959
509000,0.022,0.010,0.968
509500,0.037,0.005,0.958
510000,0.027,0.004,0.970
510500,0.025,0.006,0.968
511000,0.027,0.021,0.952
511500,0.034,0.011,0.956
512000,0.029,0.009,0.963
512500,0.018,0.018,0.964
513000,0.026,0.018,0.956
513500,0.043,0.005,0.953
514000,0.037,0.004,0.959
514500,0.032,0.018,0.951
515000,0.023,0.007,0.970
515500,0.017,0.009,0.974
516000,0.031,0.004,0.965
516500,0.021,0.004,0.976
517000,0.030,0.007,0.962
517500,0.016,0.018,0.967
518000,0.020,0.010,0.970
518500,0.019,0.013,0.968
519000,0.032,0.013,0.955
519500,0.022,0.013,0.966
520000,0.026,0.004,0.970
520500,0.029,0.008,0.964
521000,0.033,0.007,0.960
521500,0.022,0.007,0.971
522000,0.023,0.015,0.963
522500,0.021,0.018,0.961
523000,0.030,0.019,0.951
523500,0.032,0.014,0.955
524000,0.022,0.016,0.962
524500,0.021,0.018,0.961
525000,0.021,0.028,0.952
525500,0.023,0.021,0.956
526000,0.024,0.019,0.957
526500,0.030,0.011,0.959
527000,0.032,0.005,0.963
527500,0.021,0.021,0.959
528000,0.023,0.007,0.970
528500,0.028,0.013,0.960
529000,0.024,0.015,0.961
529500,0.029,0.013,0.958
530000,0.036,0.009,0.955
530500,0.031,0.011,0.958
531000,0.032,0.019,0.949
531500,0.022,0.015,0.963
532000,0.021,0.007,0.971
532500,0.026,0.019,0.955
533000,0.022,0.015,0.963
533500,0.021,0.015,0.965
534000,0.017,0.016,0.968
534500,0.017,0.017,0.967
535000,0.021,0.024,0.955
535500,0.024,0.013,0.963
536000,0.027,0.011,0.962
536500,0.029,0.007,0.964
537000,0.030,0.006,0.964
537500,0.016,0.007,0.977
538000,0.015,0.004,0.982
538500,0.013,0.015,0.972
539000,0.022,0.009,0.969
539500,0.037,0.004,0.958
540000,0.031,0.012,0.957
540500,0.029,0.008,0.964
541000,0.032,0.010,0.959
541500,0.024,0.007,0.969
542000,0.018,0.012,0.971
542500,0.040,0.011,0.949
543000,0.026,0.009,0.965
543500,0.018,0.004,0.978
544000,0.029,0.003,0.968
544500,0.025,0.006,0.970
545000,0.018,0.009,0.974
545500,0.022,0.007,0.970
546000,0.032,0.013,0.955
546500,0.023,0.015,0.963
547000,0.014,0.010,0.976
547500,0.028,0.013,0.959
548000,0.021,0.004,0.975
548500,0.028,0.018,0.955
549000,0.025,0.007,0.968
549500,0.027,0.005,0.968
550000,0.034,0.017,0.950
550500,0.024,0.017,0.959
551000,0.018,0.013,0.969
551500,0.025,0.011,0.964
552000,0.026,0.019,0.955
552500,0.025,0.011,0.964
553000,0.029,0.011,0.961
553500,0.035,0.009,0.956
554000,0.029,0.013,0.958
554500,0.025,0.016,0.959
555000,0.025,0.013,0.962
555500,0.018,0.021,0.962
556000,0.039,0.013,0.948
556500,0.042,0.006,0.952
557000,0.037,0.011,0.953
557500,0.032,0.021,0.948
558000,0.023,0.013,0.964
558500,0.019,0.018,0.964
559000,0.025,0.019,0.956
559500,0.025,0.013,0.962
560000,0.019,0.015,0.966
560500,0.028,0.003,0.970
561000,0.021,0.015,0.964
561500,0.014,0.017,0.969
562000,0.023,0.028,0.950
562500,0.032,0.025,0.943
563000,0.029,0.021,0.950
563500,0.023,0.018,0.960
564000,0.021,0.017,0.962
564500,0.024,0.004,0.972
565000,0.030,0.022,0.948
565500,0.024,0.023,0.954
566000,0.014,0.021,0.966
566500,0.018,0.034,0.948
567000,0.037,0.026,0.937
567500,0.021,0.025,0.954
568000,0.028,0.009,0.964
568500,0.019,0.011,0.970
569000,0.021,0.020,0.960
569500,0.029,0.011,0.961
570000,0.024,0.011,0.965
570500,0.025,0.013,0.963
571000,0.042,0.012,0.946
571500,0.018,0.004,0.977
572000,0.025,0.003,0.973
572500,0.021,0.013,0.966
573000,0.022,0.015,0.964
573500,0.020,0.013,0.968
574000,0.031,0.009,0.960
574500,0.030,0.014,0.956
575000,0.025,0.009,0.966
575500,0.025,0.018,0.958
576000,0.024,0.011,0.965
576500,0.038,0.002,0.960
577000,0.036,0.011,0.953
577500,0.038,0.007,0.955
578000,0.033,0.007,0.961
578500,0.037,0.015,0.949
579000,0.035,0.026,0.938
579500,0.029,0.025,0.946
580000,0.019,0.013,0.968
580500,0.014,0.013,0.974
581000,0.032,0.013,0.956
581500,0.018,0.005,0.977
582000,0.017,0.004,0.980
582500,0.017,0.009,0.975
583000,0.026,0.015,0.960
583500,0.023,0.021,0.957
584000,0.022,0.015,0.962
584500,0.021,0.006,0.973
585000,0.038,0.021,0.941
585500,0.032,0.011,0.957
586000,0.032,0.011,0.957
586500,0.036,0.018,0.946
587000,0.026,0.009,0.964
587500,0.041,0.009,0.950
588000,0.030,0.012,0.958
588500,0.014,0.018,0.968
589000,0.026,0.024,0.950
589500,0.013,0.011,0.976
590000,0.021,0.006,0.973
590500,0.019,0.016,0.965
591000,0.025,0.009,0.967
591500,0.021,0.007,0.971
592000,0.017,0.014,0.969
592500,0.024,0.016,0.961
593000,0.025,0.018,0.958
593500,0.025,0.011,0.964
594000,0.024,0.006,0.971
594500,0.037,0.006,0.957
595000,0.025,0.002,0.973
595500,0.021,0.011,0.969
596000,0.013,0.024,0.963
596500,0.019,0.013,0.967
597000,0.040,0.008,0.952
597500,0.019,0.007,0.974
598000,0.017,0.012,0.971
598500,0.018,0.011,0.971
599000,0.031,0.022,0.947
599500,0.033,0.009,0.958
600000,0.022,0.008,0.970
600500,0.039,0.013,0.948
601000,0.025,0.009,0.966
601500,0.028,0.011,0.961
602000,0.027,0.011,0.962
602500,0.024,0.018,0.958
603000,0.030,0.016,0.954
603500,0.021,0.028,0.951
604000,0.022,0.022,0.956
604500,0.025,0.025,0.951
605000,0.031,0.013,0.957
605500,0.027,0.017,0.957
606000,0.035,0.006,0.958
606500,0.042,0.011,0.948
607000,0.044,0.002,0.954
607500,0.032,0.007,0.962
608000,0.043,0.014,0.943
608500,0.022,0.011,0.967
609000,0.019,0.029,0.951
609500,0.024,0.033,0.944
610000,0.030,0.015,0.955
610500,0.028,0.011,0.962
611000,0.029,0.014,0.958
611500,0.033,0.008,0.959
612000,0.021,0.018,0.961
612500,0.017,0.012,0.971
613000,0.019,0.014,0.967
613500,0.029,0.022,0.949
614000,0.026,0.015,0.959
614500,0.021,0.015,0.964
615000,0.037,0.024,0.940
615500,0.027,0.013,0.961
616000,0.024,0.012,0.965
616500,0.029,0.016,0.955
617000,0.013,0.008,0.979
617500,0.025,0.006,0.969
618000,0.016,0.026,0.958
618500,0.025,0.022,0.953
619000,0.025,0.015,0.960
619500,0.021,0.011,0.969
620000,0.024,0.014,0.963
620500,0.030,0.011,0.958
621000,0.025,0.018,0.957
621500,0.025,0.013,0.962
622000,0.030,0.013,0.956
622500,0.035,0.009,0.956
623000,0.035,0.011,0.955
623500,0.022,0.013,0.966
624000,0.032,0.013,0.955
624500,0.029,0.010,0.961
625000,0.022,0.015,0.963
625500,0.025,0.031,0.945
626000,0.035,0.013,0.953
626500,0.029,0.009,0.961
627000,0.021,0.029,0.951
627500,0.026,0.018,0.956
628000,0.028,0.011,0.961
628500,0.025,0.005,0.970
629000,0.032,0.009,0.959
629500,0.030,0.017,0.953
630000,0.024,0.006,0.970
630500,0.028,0.014,0.958
631000,0.038,0.017,0.945
631500,0.022,0.017,0.962
632000,0.050,0.009,0.941
632500,0.053,0.012,0.935
633000,0.036,0.011,0.953
633500,0.021,0.007,0.972
634000,0.031,0.015,0.954
634500,0.022,0.004,0.974
635000,0.019,0.018,0.963
635500,0.033,0.011,0.956
636000,0.028,0.007,0.965
636500,0.018,0.003,0.980
637000,0.025,0.005,0.970
637500,0.036,0.009,0.955
638000,0.034,0.012,0.954
638500,0.032,0.011,0.957
639000,0.025,0.012,0.964
639500,0.015,0.013,0.972
640000,0.018,0.025,0.958
640500,0.024,0.012,0.965
641000,0.018,0.017,0.966
641500,0.014,0.014,0.972
642000,0.017,0.013,0.971
642500,0.022,0.010,0.968
643000,0.043,0.013,0.944
643500,0.026,0.021,0.953
644000,0.029,0.019,0.952
644500,0.025,0.006,0.968
645000,0.025,0.006,0.969
645500,0.017,0.013,0.970
646000,0.018,0.011,0.972
646500,0.017,0.015,0.969
647000,0.020,0.006,0.974
647500,0.029,0.011,0.960
648000,0.037,0.004,0.959
648500,0.030,0.015,0.955
649000,0.015,0.013,0.973
649500,0.029,0.025,0.946
650000,0.032,0.004,0.965
650500,0.037,0.011,0.952
651000,0.041,0.011,0.948
651500,0.035,0.015,0.950
652000,0.025,0.015,0.961
652500,0.033,0.026,0.942
653000,0.030,0.015,0.956
653500,0.034,0.019,0.947
654000,0.025,0.010,0.966
654500,0.029,0.018,0.953
655000,0.023,0.011,0.966
655500,0.034,0.018,0.948
656000,0.029,0.020,0.951
656500,0.035,0.014,0.952
657000,0.026,0.006,0.967
657500,0.025,0.006,0.969
658000,0.028,0.020,0.953
658500,0.023,0.025,0.952
659000,0.021,0.016,0.963
659500,0.014,0.018,0.968
660000,0.018,0.026,0.955
660500,0.016,0.018,0.966
661000,0.033,0.021,0.947
661500,0.030,0.015,0.956
662000,0.025,0.021,0.954
662500,0.019,0.012,0.969
663000,0.036,0.015,0.949
663500,0.024,0.018,0.959
664000,0.034,0.019,0.947
664500,0.032,0.009,0.960
665000,0.029,0.023,0.949
665500,0.029,0.014,0.957
666000,0.021,0.005,0.974
666500,0.024,0.015,0.962
667000,0.033,0.005,0.962
667500,0.021,0.003,0.977
668000,0.030,0.011,0.960
668500,0.027,0.011,0.962
669000,0.018,0.019,0.964
669500,0.015,0.012,0.973
670000,0.021,0.031,0.948
670500,0.027,0.018,0.955
671000,0.014,0.016,0.970
671500,0.014,0.015,0.972
672000,0.013,0.013,0.974
672500,0.026,0.011,0.962
673000,0.024,0.009,0.967
673500,0.034,0.020,0.946
674000,0.022,0.016,0.962
674500,0.026,0.009,0.965
675000,0.019,0.010,0.971
675500,0.034,0.007,0.959
676000,0.027,0.015,0.958
676500,0.022,0.025,0.954
677000,0.025,0.028,0.947
677500,0.032,0.018,0.950
678000,0.025,0.007,0.969
678500,0.028,0.011,0.961
679000,0.025,0.004,0.972
679500,0.021,0.011,0.968
680000,0.026,0.007,0.966
680500,0.025,0.011,0.965
681000,0.022,0.008,0.970
681500,0.024,0.013,0.964
682000,0.028,0.013,0.959
682500,0.034,0.018,0.948
683000,0.022,0.021,0.956
683500,0.021,0.011,0.968
684000,0.021,0.026,0.954
684500,0.021,0.022,0.957
685000,0.015,0.020,0.966
685500,0.029,0.024,0.948
686000,0.018,0.013,0.969
686500,0.019,0.013,0.968
687000,0.021,0.014,0.966
687500,0.018,0.009,0.972
688000,0.033,0.013,0.955
688500,0.033,0.013,0.955
689000,0.027,0.013,0.961
689500,0.024,0.009,0.967
690000,0.019,0.020,0.961
690500,0.027,0.018,0.956
691000,0.025,0.006,0.970
691500,0.027,0.005,0.968
692000,0.022,0.004,0.975
692500,0.024,0.015,0.961
693000,0.019,0.015,0.966
693500,0.025,0.015,0.959
694000,0.021,0.009,0.971
694500,0.019,0.011,0.971
695000,0.022,0.021,0.956
695500,0.024,0.018,0.958
696000,0.023,0.009,0.968
696500,0.024,0.017,0.960
697000,0.017,0.008,0.975
697500,0.025,0.026,0.949
698000,0.041,0.013,0.947
698500,0.028,0.028,0.945
699000,0.031,0.009,0.961
699500,0.023,0.011,0.967
700000,0.015,0.006,0.979
700500,0.021,0.007,0.971
701000,0.029,0.018,0.954
701500,0.038,0.014,0.948
702000,0.034,0.015,0.952
702500,0.029,0.017,0.954
703000,0.025,0.021,0.955
703500,0.020,0.009,0.971
704000,0.022,0.004,0.974
704500,0.035,0.027,0.939
705000,0.020,0.032,0.949
705500,0.029,0.012,0.959
706000,0.025,0.005,0.969
706500,0.033,0.009,0.959
707000,0.024,0.011,0.966
707500,0.030,0.013,0.958
708000,0.024,0.014,0.963
708500,0.020,0.026,0.954
709000,0.025,0.009,0.966
709500,0.024,0.009,0.967
710000,0.015,0.001,0.985
710500,0.022,0.009,0.969
711000,0.022,0.016,0.962
711500,0.022,0.003,0.975
712000,0.033,0.025,0.943
712500,0.023,0.018,0.959
713000,0.036,0.021,0.943
713500,0.029,0.018,0.953
714000,0.025,0.015,0.960
714500,0.032,0.015,0.953
715000,0.028,0.011,0.962
715500,0.019,0.022,0.959
716000,0.016,0.017,0.967
716500,0.033,0.015,0.953
717000,0.022,0.018,0.960
717500,0.023,0.013,0.965
718000,0.016,0.011,0.973
718500,0.029,0.012,0.959
719000,0.022,0.011,0.967
719500,0.032,0.015,0.954
720000,0.035,0.010,0.955
720500,0.026,0.009,0.964
721000,0.030,0.011,0.958
721500,0.032,0.015,0.953
722000,0.028,0.007,0.966
722500,0.025,0.013,0.962
723000,0.022,0.019,0.959
723500,0.025,0.013,0.963
724000,0.045,0.011,0.944
724500,0.034,0.015,0.951
725000,0.028,0.016,0.957
725500,0.034,0.006,0.960
726000,0.026,0.009,0.965
726500,0.022,0.022,0.956
727000,0.025,0.025,0.950
727500,0.018,0.021,0.961
728000,0.022,0.018,0.959
728500,0.021,0.019,0.961
729000,0.026,0.013,0.961
729500,0.022,0.018,0.959
730000,0.025,0.013,0.962
730500,0.034,0.009,0.958
731000,0.026,0.012,0.962
731500,0.020,0.013,0.967
732000,0.025,0.018,0.958
732500,0.031,0.011,0.959
733000,0.029,0.013,0.959
733500,0.018,0.013,0.970
734000,0.012,0.018,0.970
734500,0.022,0.007,0.971
735000,0.031,0.009,0.961
735500,0.033,0.009,0.959
736000,0.031,0.014,0.955
736500,0.023,0.024,0.954
737000,0.019,0.030,0.950
737500,0.014,0.021,0.965
738000,0.033,0.011,0.957
738500,0.029,0.018,0.953
739000,0.029,0.013,0.959
739500,0.034,0.015,0.951
740000,0.028,0.028,0.945
740500,0.024,0.019,0.958
741000,0.020,0.014,0.966
741500,0.013,0.032,0.956
742000,0.025,0.013,0.963
742500,0.025,0.015,0.960
743000,0.018,0.013,0.969
743500,0.030,0.017,0.954
744000,0.044,0.003,0.953
744500,0.037,0.009,0.955
745000,0.024,0.015,0.961
745500,0.017,0.032,0.952
746000,0.027,0.016,0.957
746500,0.024,0.011,0.966
747000,0.015,0.021,0.964
747500,0.029,0.004,0.968
748000,0.022,0.003,0.975
748500,0.024,0.010,0.967
749000,0.035,0.017,0.949
749500,0.029,0.005,0.966
750000,0.043,0.005,0.952
750500,0.025,0.011,0.965
751000,0.028,0.011,0.961
751500,0.029,0.009,0.963
752000,0.025,0.015,0.960
752500,0.040,0.009,0.951
753000,0.032,0.009,0.959
753500,0.025,0.019,0.956
754000,0.015,0.019,0.966
754500,0.017,0.018,0.965
755000,0.018,0.025,0.958
755500,0.024,0.017,0.960
756000,0.030,0.007,0.963
756500,0.025,0.013,0.962
757000,0.028,0.013,0.959
757500,0.029,0.003,0.969
758000,0.033,0.019,0.948
758500,0.023,0.018,0.959
759000,0.037,0.014,0.949
759500,0.035,0.007,0.958
760000,0.017,0.014,0.970
760500,0.021,0.012,0.967
761000,0.026,0.005,0.969
761500,0.027,0.014,0.959
762000,0.030,0.018,0.952
762500,0.029,0.007,0.964
763000,0.021,0.005,0.975
763500,0.018,0.005,0.978
764000,0.030,0.014,0.956
764500,0.040,0.009,0.952
765000,0.032,0.003,0.966
765500,0.025,0.018,0.956
766000,0.024,0.014,0.963
766500,0.024,0.024,0.953
767000,0.029,0.013,0.959
767500,0.027,0.018,0.956
768000,0.028,0.022,0.950
768500,0.019,0.025,0.956
769000,0.027,0.021,0.953
769500,0.021,0.015,0.963
770000,0.019,0.021,0.960
770500,0.021,0.020,0.960
771000,0.021,0.010,0.969
771500,0.045,0.017,0.938
772000,0.025,0.018,0.958
772500,0.021,0.017,0.963
773000,0.021,0.009,0.971
773500,0.025,0.021,0.954
774000,0.018,0.014,0.969
774500,0.017,0.024,0.959
775000,0.022,0.020,0.958
775500,0.021,0.013,0.967
776000,0.023,0.006,0.971
776500,0.029,0.014,0.957
777000,0.028,0.009,0.963
777500,0.017,0.020,0.964
778000,0.023,0.019,0.958
778500,0.013,0.018,0.969
779000,0.018,0.020,0.962
779500,0.018,0.016,0.967
780000,0.032,0.017,0.951
780500,0.018,0.022,0.959
781000,0.022,0.013,0.966
781500,0.021,0.023,0.956
782000,0.018,0.011,0.972
782500,0.034,0.009,0.957
783000,0.025,0.020,0.955
783500,0.020,0.014,0.966
784000,0.018,0.010,0.973
784500,0.025,0.011,0.965
785000,0.025,0.013,0.962
785500,0.029,0.015,0.957
786000,0.016,0.015,0.969
786500,0.035,0.014,0.951
787000,0.038,0.005,0.957
787500,0.026,0.011,0.962
788000,0.022,0.014,0.964
788500,0.035,0.006,0.959
789000,0.019,0.011,0.969
789500,0.022,0.009,0.969
790000,0.035,0.009,0.957
790500,0.035,0.007,0.959
791000,0.024,0.017,0.960
791500,0.037,0.016,0.947
792000,0.028,0.017,0.955
792500,0.030,0.025,0.945
793000,0.038,0.017,0.945
793500,0.029,0.021,0.950
794000,0.025,0.029,0.946
794500,0.028,0.015,0.958
795000,0.029,0.015,0.957
795500,0.030,0.009,0.961
796000,0.042,0.002,0.957
796500,0.041,0.018,0.941
797000,0.032,0.011,0.958
797500,0.026,0.005,0.969
798000,0.028,0.013,0.960
798500,0.018,0.022,0.960
799000,0.016,0.012,0.972
799500,0.025,0.013,0.963
800000,0.014,0.017,0.970
800500,0.018,0.025,0.958
801000,0.025,0.037,0.938
801500,0.025,0.021,0.954
802000,0.024,0.026,0.950
802500,0.018,0.028,0.955
803000,0.025,0.020,0.955
803500,0.021,0.012,0.967
804000,0.021,0.015,0.964
804500,0.023,0.025,0.953
805000,0.022,0.014,0.964
805500,0.015,0.015,0.970
806000,0.025,0.011,0.965
806500,0.035,0.007,0.959
807000,0.024,0.019,0.957
807500,0.025,0.018,0.957
808000,0.021,0.026,0.953
808500,0.017,0.018,0.965
809000,0.026,0.015,0.959
809500,0.029,0.010,0.961
810000,0.026,0.004,0.970
810500,0.029,0.011,0.960
811000,0.033,0.024,0.944
811500,0.034,0.016,0.950
812000,0.031,0.013,0.957
812500,0.026,0.004,0.970
813000,0.026,0.007,0.967
813500,0.025,0.020,0.956
814000,0.015,0.025,0.961
814500,0.021,0.020,0.959
815000,0.013,0.018,0.969
815500,0.018,0.011,0.971
816000,0.021,0.017,0.963
816500,0.025,0.018,0.958
817000,0.020,0.015,0.965
817500,0.022,0.007,0.971
818000,0.018,0.015,0.967
818500,0.024,0.013,0.964
819000,0.025,0.022,0.953
819500,0.027,0.014,0.959
820000,0.018,0.023,0.959
820500,0.040,0.016,0.944
821000,0.026,0.017,0.958
821500,0.021,0.012,0.967
822000,0.025,0.025,0.949
822500,0.024,0.011,0.965
823000,0.035,0.028,0.938
823500,0.019,0.017,0.964
824000,0.036,0.015,0.948
824500,0.030,0.011,0.959
825000,0.023,0.019,0.958
825500,0.026,0.022,0.952
826000,0.021,0.023,0.956
826500,0.037,0.015,0.948
827000,0.037,0.007,0.955
827500,0.035,0.009,0.957
828000,0.025,0.014,0.962
828500,0.028,0.008,0.964
829000,0.030,0.018,0.952
829500,0.035,0.013,0.951
830000,0.033,0.012,0.955
830500,0.033,0.004,0.963
831000,0.027,0.001,0.972
831500,0.020,0.009,0.971
832000,0.025,0.017,0.958
832500,0.034,0.021,0.945
833000,0.019,0.015,0.966
833500,0.020,0.011,0.969
834000,0.035,0.018,0.946
834500,0.038,0.017,0.945
835000,0.018,0.009,0.972
835500,0.017,0.011,0.972
836000,0.025,0.005,0.969
836500,0.025,0.005,0.970
837000,0.013,0.019,0.968
837500,0.017,0.010,0.973
838000,0.019,0.021,0.960
838500,0.017,0.005,0.978
839000,0.018,0.011,0.971
839500,0.018,0.009,0.972
840000,0.016,0.026,0.958
840500,0.018,0.019,0.964
841000,0.021,0.004,0.975
841500,0.022,0.009,0.970
842000,0.024,0.009,0.968
842500,0.030,0.013,0.957
843000,0.044,0.007,0.949
843500,0.035,0.020,0.945
844000,0.024,0.007,0.969
844500,0.034,0.029,0.938
845000,0.021,0.014,0.965
845500,0.029,0.017,0.955
846000,0.023,0.011,0.966
846500,0.030,0.018,0.952
847000,0.019,0.009,0.971
847500,0.025,0.016,0.959
848000,0.013,0.017,0.970
848500,0.013,0.004,0.983
849000,0.024,0.025,0.952
849500,0.023,0.019,0.958
850000,0.018,0.018,0.964
850500,0.019,0.017,0.964
851000,0.023,0.022,0.955
851500,0.023,0.011,0.966
852000,0.026,0.018,0.955
852500,0.025,0.013,0.961
853000,0.024,0.030,0.947
853500,0.017,0.023,0.960
854000,0.025,0.027,0.948
854500,0.029,0.018,0.954
855000,0.025,0.013,0.962
855500,0.018,0.021,0.960
856000,0.027,0.021,0.952
856500,0.036,0.009,0.955
857000,0.038,0.006,0.956
857500,0.023,0.013,0.965
858000,0.031,0.011,0.958
858500,0.024,0.016,0.961
859000,0.017,0.004,0.979
859500,0.016,0.006,0.978
860000,0.018,0.006,0.976
860500,0.014,0.011,0.975
861000,0.021,0.019,0.960
861500,0.030,0.013,0.958
862000,0.035,0.018,0.948
862500,0.028,0.025,0.947
863000,0.018,0.023,0.960
863500,0.017,0.013,0.970
864000,0.026,0.005,0.969
864500,0.028,0.004,0.968
865000,0.019,0.011,0.969
865500,0.019,0.018,0.963
866000,0.019,0.024,0.957
866500,0.052,0.010,0.938
867000,0.032,0.015,0.954
867500,0.028,0.029,0.944
868000,0.030,0.015,0.955
868500,0.019,0.009,0.973
869000,0.029,0.018,0.953
869500,0.026,0.008,0.966
870000,0.019,0.018,0.963
870500,0.030,0.012,0.958
871000,0.025,0.015,0.961
871500,0.025,0.015,0.960
872000,0.022,0.005,0.972
872500,0.040,0.011,0.949
873000,0.036,0.008,0.956
873500,0.034,0.022,0.945
874000,0.027,0.012,0.961
874500,0.037,0.019,0.944
875000,0.026,0.007,0.966
875500,0.025,0.020,0.955
876000,0.025,0.029,0.945
876500,0.021,0.030,0.950
877000,0.022,0.022,0.956
877500,0.017,0.018,0.966
878000,0.030,0.024,0.946
878500,0.022,0.013,0.966
879000,0.018,0.015,0.968
879500,0.022,0.011,0.967
880000,0.048,0.015,0.938
880500,0.035,0.015,0.949
881000,0.028,0.011,0.962
881500,0.018,0.009,0.973
882000,0.037,0.014,0.949
882500,0.030,0.013,0.957
883000,0.016,0.016,0.968
883500,0.034,0.020,0.947
884000,0.021,0.026,0.953
884500,0.017,0.019,0.964
885000,0.034,0.009,0.957
885500,0.036,0.007,0.956
886000,0.033,0.005,0.962
886500,0.034,0.011,0.956
887000,0.029,0.009,0.962
887500,0.025,0.006,0.969
888000,0.017,0.002,0.982
888500,0.021,0.001,0.979
889000,0.022,0.007,0.970
889500,0.019,0.005,0.975
890000,0.028,0.023,0.949
890500,0.030,0.015,0.955
891000,0.029,0.011,0.960
891500,0.024,0.012,0.964
892000,0.028,0.014,0.958
892500,0.026,0.015,0.960
893000,0.042,0.005,0.953
893500,0.031,0.005,0.964
894000,0.025,0.011,0.965
894500,0.032,0.017,0.952
895000,0.035,0.015,0.950
895500,0.032,0.007,0.961
896000,0.043,0.004,0.953
896500,0.025,0.006,0.968
897000,0.017,0.013,0.971
897500,0.028,0.011,0.961
898000,0.029,0.005,0.966
898500,0.027,0.009,0.965
899000,0.026,0.013,0.961
899500,0.028,0.017,0.955
900000,0.038,0.015,0.946
900500,0.026,0.013,0.961
901000,0.024,0.005,0.971
901500,0.021,0.006,0.973
902000,0.024,0.003,0.974
902500,0.035,0.009,0.957
903000,0.041,0.009,0.950
903500,0.025,0.023,0.952
904000,0.015,0.015,0.971
904500,0.028,0.018,0.955
905000,0.030,0.011,0.959
905500,0.021,0.014,0.965
906000,0.025,0.013,0.963
906500,0.039,0.007,0.954
907000,0.029,0.022,0.949
907500,0.030,0.017,0.953
908000,0.029,0.011,0.960
908500,0.028,0.007,0.965
909000,0.019,0.011,0.970
909500,0.033,0.013,0.954
910000,0.025,0.003,0.972
910500,0.024,0.017,0.960
911000,0.023,0.009,0.969
911500,0.028,0.009,0.963
912000,0.018,0.015,0.968
912500,0.021,0.013,0.965
913000,0.032,0.011,0.957
913500,0.028,0.022,0.950
914000,0.034,0.019,0.947
914500,0.031,0.015,0.955
915000,0.042,0.011,0.948
915500,0.025,0.006,0.969
916000,0.023,0.004,0.974
916500,0.048,0.013,0.940
917000,0.035,0.010,0.956
917500,0.035,0.016,0.949
918000,0.032,0.011,0.957
918500,0.036,0.006,0.958
919000,0.034,0.021,0.946
919500,0.021,0.007,0.972
920000,0.027,0.008,0.965
920500,0.021,0.005,0.975
921000,0.029,0.005,0.966
921500,0.023,0.009,0.968
922000,0.029,0.017,0.954
922500,0.035,0.010,0.955
923000,0.031,0.015,0.955
923500,0.029,0.008,0.964
924000,0.030,0.014,0.956
924500,0.046,0.004,0.950
925000,0.032,0.001,0.967
925500,0.028,0.017,0.956
926000,0.026,0.019,0.955
926500,0.029,0.011,0.960
927000,0.034,0.015,0.951
927500,0.024,0.015,0.961
928000,0.031,0.015,0.954
928500,0.026,0.021,0.953
929000,0.026,0.013,0.961
929500,0.022,0.015,0.963
930000,0.012,0.015,0.973
930500,0.025,0.014,0.961
931000,0.032,0.007,0.961
931500,0.032,0.016,0.952
932000,0.029,0.009,0.962
932500,0.029,0.004,0.967
933000,0.025,0.017,0.959
933500,0.030,0.004,0.966
934000,0.039,0.020,0.941
934500,0.043,0.012,0.945
935000,0.025,0.008,0.968
935500,0.025,0.009,0.967
936000,0.024,0.006,0.970
936500,0.035,0.015,0.951
937000,0.036,0.014,0.950
937500,0.021,0.003,0.977
938000,0.028,0.005,0.967
938500,0.020,0.017,0.963
939000,0.017,0.017,0.967
939500,0.022,0.011,0.968
940000,0.026,0.011,0.963
940500,0.025,0.012,0.963
941000,0.025,0.019,0.956
941500,0.025,0.017,0.959
942000,0.019,0.015,0.966
942500,0.032,0.007,0.961
943000,0.034,0.009,0.958
943500,0.043,0.013,0.944
944000,0.024,0.018,0.958
944500,0.025,0.015,0.960
945000,0.027,0.011,0.962
945500,0.018,0.024,0.959
946000,0.016,0.009,0.975
946500,0.012,0.018,0.971
947000,0.025,0.015,0.960
947500,0.038,0.021,0.941
948000,0.027,0.010,0.963
948500,0.025,0.013,0.962
949000,0.025,0.017,0.959
949500,0.030,0.015,0.955
950000,0.029,0.033,0.938
950500,0.029,0.011,0.960
951000,0.019,0.016,0.965
951500,0.019,0.022,0.959
952000,0.026,0.037,0.936
952500,0.018,0.019,0.963
953000,0.022,0.012,0.966
953500,0.012,0.014,0.974
954000,0.015,0.022,0.964
954500,0.015,0.015,0.969
955000,0.028,0.009,0.964
955500,0.026,0.011,0.962
956000,0.022,0.022,0.956
956500,0.029,0.018,0.954
957000,0.029,0.018,0.953
957500,0.035,0.011,0.953
958000,0.024,0.017,0.960
958500,0.025,0.015,0.960
959000,0.025,0.006,0.970
959500,0.019,0.009,0.972
960000,0.016,0.018,0.966
960500,0.030,0.004,0.966
961000,0.026,0.015,0.959
961500,0.024,0.008,0.969
962000,0.033,0.016,0.951
962500,0.041,0.013,0.946
963000,0.038,0.005,0.957
963500,0.033,0.004,0.963
964000,0.031,0.005,0.964
964500,0.037,0.013,0.950
965000,0.032,0.014,0.955
965500,0.025,0.013,0.961
966000,0.021,0.011,0.968
966500,0.025,0.013,0.962
967000,0.018,0.013,0.969
967500,0.024,0.006,0.970
968000,0.033,0.013,0.954
968500,0.017,0.004,0.979
969000,0.017,0.021,0.962
969500,0.025,0.012,0.964
970000,0.016,0.019,0.965
970500,0.034,0.004,0.963
971000,0.026,0.003,0.971
971500,0.029,0.015,0.956
972000,0.024,0.008,0.969
972500,0.022,0.009,0.969
973000,0.017,0.003,0.981
973500,0.033,0.025,0.942
974000,0.022,0.015,0.963
974500,0.015,0.015,0.970
975000,0.021,0.017,0.962
975500,0.018,0.011,0.972
976000,0.026,0.013,0.961
976500,0.022,0.011,0.967
977000,0.034,0.004,0.963
977500,0.038,0.015,0.947
978000,0.024,0.007,0.969
978500,0.026,0.016,0.958
979000,0.036,0.013,0.951
979500,0.042,0.015,0.944
980000,0.022,0.010,0.968
980500,0.018,0.021,0.962
981000,0.017,0.021,0.963
981500,0.025,0.013,0.962
982000,0.029,0.009,0.962
982500,0.024,0.006,0.970
983000,0.029,0.019,0.952
983500,0.037,0.011,0.952
984000,0.029,0.014,0.958
984500,0.021,0.011,0.968
985000,0.033,0.008,0.959
985500,0.035,0.006,0.960
986000,0.025,0.011,0.964
986500,0.021,0.011,0.968
987000,0.021,0.013,0.966
987500,0.030,0.015,0.956
988000,0.021,0.012,0.967
988500,0.024,0.011,0.966
989000,0.027,0.024,0.949
989500,0.021,0.020,0.959
990000,0.019,0.018,0.964
990500,0.022,0.013,0.966
991000,0.025,0.019,0.956
991500,0.040,0.013,0.947
992000,0.031,0.009,0.961
992500,0.026,0.007,0.967
993000,0.024,0.009,0.967
993500,0.021,0.015,0.965
994000,0.016,0.013,0.972
994500,0.019,0.011,0.970
995000,0.026,0.004,0.969
995500,0.029,0.007,0.964
996000,0.025,0.011,0.964
996500,0.024,0.009,0.967
997000,0.017,0.021,0.963
997500,0.025,0.022,0.953
998000,0.026,0.022,0.952
998500,0.028,0.018,0.955
999000,0.030,0.020,0.950
999500,0.022,0.011,0.968
1000000,0.034,0.008,0.959
