time,n_A+p,n_B,n_AB
500,0.010,0.961,0.029
1000,0.010,0.894,0.096
1500,0.010,0.794,0.196
2000,0.010,0.658,0.332
2500,0.010,0.547,0.443
3000,0.010,0.436,0.554
3500,0.010,0.349,0.641
4000,0.010,0.335,0.655
4500,0.010,0.299,0.691
5000,0.022,0.279,0.699
5500,0.013,0.234,0.753
6000,0.019,0.232,0.749
6500,0.025,0.261,0.714
7000,0.018,0.279,0.703
7500,0.014,0.256,0.730
8000,0.011,0.267,0.723
8500,0.025,0.232,0.744
9000,0.038,0.155,0.807
9500,0.042,0.155,0.803
10000,0.090,0.094,0.816
10500,0.092,0.105,0.802
11000,0.070,0.110,0.820
11500,0.078,0.095,0.827
12000,0.107,0.085,0.808
12500,0.113,0.076,0.811
13000,0.106,0.088,0.805
13500,0.118,0.056,0.825
14000,0.165,0.038,0.797
14500,0.222,0.021,0.757
15000,0.215,0.018,0.768
15500,0.256,0.008,0.736
16000,0.257,0.006,0.737
16500,0.254,0.002,0.744
17000,0.281,0.002,0.718
17500,0.240,0.015,0.744
18000,0.209,0.021,0.771
18500,0.281,0.005,0.714
19000,0.252,0.012,0.736
19500,0.297,0.003,0.700
20000,0.360,0.000,0.639
20500,0.320,0.000,0.680
21000,0.269,0.000,0.732
21500,0.310,0.000,0.690
22000,0.309,0.004,0.687
22500,0.337,0.004,0.659
23000,0.334,0.001,0.665
23500,0.333,0.004,0.663
24000,0.331,0.004,0.666
24500,0.276,0.000,0.724
25000,0.260,0.000,0.740
25500,0.276,0.003,0.721
26000,0.312,0.004,0.684
26500,0.310,0.001,0.690
27000,0.256,0.006,0.738
27500,0.289,0.002,0.709
28000,0.289,0.001,0.711
28500,0.277,0.004,0.719
29000,0.266,0.002,0.733
29500,0.320,0.000,0.680
30000,0.339,0.000,0.661
30500,0.340,0.000,0.660
31000,0.353,0.000,0.647
31500,0.340,0.008,0.652
32000,0.310,0.005,0.684
32500,0.323,0.001,0.677
33000,0.262,0.005,0.733
33500,0.228,0.007,0.765
34000,0.268,0.009,0.723
34500,0.309,0.007,0.683
35000,0.319,0.001,0.680
35500,0.344,0.001,0.655
36000,0.335,0.000,0.665
36500,0.328,0.000,0.672
37000,0.308,0.008,0.684
37500,0.320,0.007,0.673
38000,0.320,0.001,0.680
38500,0.307,0.004,0.690
39000,0.274,0.003,0.724
39500,0.306,0.001,0.694
40000,0.302,0.004,0.693
40500,0.276,0.009,0.715
41000,0.341,0.003,0.657
41500,0.281,0.006,0.713
42000,0.277,0.005,0.718
42500,0.307,0.004,0.689
43000,0.249,0.006,0.745
43500,0.238,0.009,0.753
44000,0.250,0.001,0.749
44500,0.274,0.006,0.720
45000,0.324,0.006,0.670
45500,0.318,0.003,0.680
46000,0.295,0.002,0.703
46500,0.301,0.001,0.698
47000,0.338,0.004,0.658
47500,0.381,0.001,0.619
48000,0.327,0.003,0.670
48500,0.325,0.001,0.674
49000,0.316,0.004,0.681
49500,0.356,0.001,0.642
50000,0.298,0.001,0.701
50500,0.268,0.009,0.724
51000,0.303,0.002,0.695
51500,0.284,0.008,0.708
52000,0.297,0.006,0.696
52500,0.322,0.001,0.678
53000,0.342,0.003,0.655
53500,0.329,0.001,0.670
54000,0.360,0.005,0.635
54500,0.317,0.009,0.674
55000,0.319,0.002,0.679
55500,0.351,0.001,0.649
56000,0.324,0.000,0.676
56500,0.327,0.000,0.673
57000,0.316,0.000,0.684
57500,0.246,0.004,0.750
58000,0.291,0.000,0.709
58500,0.302,0.000,0.698
59000,0.292,0.003,0.705
59500,0.273,0.011,0.716
60000,0.339,0.002,0.660
60500,0.342,0.000,0.658
61000,0.320,0.000,0.680
61500,0.311,0.007,0.682
62000,0.323,0.002,0.676
62500,0.296,0.000,0.704
63000,0.274,0.004,0.722
63500,0.299,0.010,0.691
64000,0.296,0.004,0.699
64500,0.305,0.000,0.695
65000,0.368,0.000,0.631
65500,0.319,0.000,0.681
66000,0.312,0.004,0.683
66500,0.285,0.004,0.711
67000,0.282,0.001,0.717
67500,0.245,0.015,0.740
68000,0.307,0.004,0.688
68500,0.290,0.001,0.709
69000,0.351,0.005,0.644
69500,0.349,0.001,0.650
70000,0.327,0.003,0.671
70500,0.332,0.001,0.667
71000,0.334,0.002,0.665
71500,0.358,0.000,0.642
72000,0.370,0.000,0.629
72500,0.352,0.003,0.646
73000,0.346,0.001,0.653
73500,0.356,0.004,0.640
74000,0.332,0.002,0.666
74500,0.315,0.006,0.679
75000,0.359,0.002,0.640
75500,0.348,0.000,0.652
76000,0.314,0.000,0.686
76500,0.347,0.000,0.653
77000,0.302,0.000,0.698
77500,0.306,0.000,0.694
78000,0.306,0.001,0.694
78500,0.273,0.004,0.723
79000,0.295,0.000,0.705
79500,0.251,0.003,0.747
80000,0.248,0.011,0.741
80500,0.267,0.009,0.724
81000,0.303,0.002,0.695
81500,0.320,0.004,0.676
82000,0.333,0.008,0.659
82500,0.360,0.002,0.639
83000,0.366,0.000,0.634
83500,0.376,0.000,0.624
84000,0.377,0.000,0.623
84500,0.337,0.002,0.661
85000,0.303,0.003,0.694
85500,0.324,0.007,0.669
86000,0.337,0.001,0.662
86500,0.357,0.001,0.643
87000,0.348,0.000,0.651
87500,0.297,0.000,0.703
88000,0.290,0.000,0.710
88500,0.291,0.003,0.706
89000,0.324,0.002,0.674
89500,0.321,0.001,0.679
90000,0.313,0.000,0.687
90500,0.272,0.005,0.723
91000,0.245,0.009,0.747
91500,0.257,0.003,0.740
92000,0.284,0.006,0.709
92500,0.357,0.003,0.640
93000,0.392,0.001,0.608
93500,0.392,0.000,0.609
94000,0.330,0.000,0.670
94500,0.321,0.003,0.677
95000,0.287,0.000,0.713
95500,0.293,0.007,0.700
96000,0.311,0.003,0.685
96500,0.354,0.004,0.641
97000,0.336,0.001,0.664
97500,0.358,0.001,0.641
98000,0.305,0.001,0.694
98500,0.371,0.002,0.627
99000,0.441,0.001,0.558
99500,0.458,0.000,0.542
100000,0.398,0.000,0.603
100500,0.365,0.000,0.635
101000,0.318,0.004,0.678
101500,0.344,0.001,0.655
102000,0.316,0.005,0.679
102500,0.337,0.002,0.662
103000,0.302,0.000,0.698
103500,0.282,0.001,0.718
104000,0.291,0.001,0.709
104500,0.368,0.000,0.632
105000,0.302,0.011,0.687
105500,0.206,0.026,0.768
106000,0.253,0.014,0.733
106500,0.246,0.022,0.731
107000,0.234,0.009,0.756
107500,0.258,0.017,0.725
108000,0.278,0.004,0.718
108500,0.297,0.004,0.700
109000,0.272,0.014,0.714
109500,0.261,0.009,0.730
110000,0.252,0.003,0.745
110500,0.311,0.001,0.688
111000,0.301,0.000,0.699
111500,0.324,0.000,0.676
112000,0.279,0.006,0.715
112500,0.308,0.003,0.690
113000,0.286,0.000,0.714
113500,0.359,0.000,0.641
114000,0.324,0.005,0.671
114500,0.328,0.003,0.670
115000,0.295,0.001,0.705
115500,0.272,0.009,0.720
116000,0.262,0.015,0.723
116500,0.259,0.009,0.733
117000,0.218,0.021,0.760
117500,0.233,0.011,0.756
118000,0.240,0.013,0.747
118500,0.248,0.005,0.747
119000,0.317,0.004,0.679
119500,0.278,0.004,0.718
120000,0.303,0.001,0.696
120500,0.258,0.001,0.741
121000,0.302,0.004,0.694
121500,0.307,0.004,0.688
122000,0.299,0.001,0.700
122500,0.318,0.004,0.679
123000,0.340,0.001,0.659
123500,0.321,0.000,0.679
124000,0.358,0.000,0.642
124500,0.349,0.000,0.651
125000,0.328,0.000,0.672
125500,0.373,0.000,0.627
126000,0.337,0.004,0.659
126500,0.298,0.005,0.696
127000,0.280,0.004,0.717
127500,0.288,0.011,0.701
128000,0.247,0.005,0.747
128500,0.243,0.002,0.754
129000,0.305,0.004,0.691
129500,0.247,0.009,0.745
130000,0.282,0.011,0.707
130500,0.356,0.006,0.637
131000,0.344,0.002,0.653
131500,0.357,0.001,0.643
132000,0.357,0.000,0.643
132500,0.333,0.000,0.667
133000,0.302,0.002,0.696
133500,0.310,0.004,0.685
134000,0.289,0.004,0.707
134500,0.315,0.003,0.682
135000,0.328,0.001,0.671
135500,0.315,0.009,0.677
136000,0.320,0.009,0.671
136500,0.316,0.002,0.682
137000,0.322,0.000,0.678
137500,0.291,0.005,0.704
138000,0.308,0.000,0.692
138500,0.287,0.000,0.713
139000,0.311,0.006,0.682
139500,0.331,0.004,0.665
140000,0.284,0.002,0.714
140500,0.263,0.001,0.736
141000,0.274,0.002,0.724
141500,0.286,0.006,0.708
142000,0.257,0.002,0.741
142500,0.278,0.003,0.720
143000,0.261,0.009,0.731
143500,0.333,0.002,0.666
144000,0.289,0.000,0.711
144500,0.280,0.002,0.719
145000,0.315,0.005,0.680
145500,0.276,0.005,0.719
146000,0.260,0.004,0.737
146500,0.286,0.011,0.703
147000,0.325,0.004,0.671
147500,0.345,0.000,0.655
148000,0.329,0.007,0.664
148500,0.319,0.001,0.680
149000,0.333,0.000,0.667
149500,0.288,0.007,0.704
150000,0.307,0.001,0.692
150500,0.313,0.002,0.686
151000,0.306,0.004,0.690
151500,0.314,0.002,0.685
152000,0.258,0.004,0.738
152500,0.272,0.007,0.721
153000,0.286,0.019,0.695
153500,0.249,0.006,0.744
154000,0.246,0.006,0.748
154500,0.236,0.008,0.756
155000,0.293,0.004,0.703
155500,0.258,0.001,0.741
156000,0.320,0.005,0.674
156500,0.255,0.012,0.733
157000,0.288,0.007,0.705
157500,0.261,0.013,0.727
158000,0.271,0.009,0.721
158500,0.288,0.003,0.710
159000,0.276,0.009,0.716
159500,0.290,0.006,0.703
160000,0.335,0.001,0.665
160500,0.327,0.000,0.673
161000,0.289,0.003,0.708
161500,0.279,0.007,0.715
162000,0.280,0.003,0.718
162500,0.288,0.003,0.709
163000,0.365,0.001,0.635
163500,0.384,0.006,0.610
164000,0.345,0.000,0.655
164500,0.347,0.004,0.649
165000,0.357,0.003,0.640
165500,0.341,0.000,0.659
166000,0.359,0.003,0.638
166500,0.397,0.000,0.603
167000,0.361,0.004,0.634
167500,0.324,0.001,0.675
168000,0.311,0.001,0.688
168500,0.266,0.001,0.733
169000,0.300,0.007,0.692
169500,0.235,0.003,0.761
170000,0.256,0.007,0.737
170500,0.241,0.001,0.758
171000,0.273,0.005,0.723
171500,0.312,0.005,0.682
172000,0.263,0.004,0.734
172500,0.275,0.013,0.713
173000,0.262,0.010,0.728
173500,0.244,0.012,0.744
174000,0.226,0.011,0.763
174500,0.269,0.012,0.720
175000,0.275,0.009,0.717
175500,0.300,0.003,0.697
176000,0.311,0.005,0.684
176500,0.243,0.004,0.754
177000,0.252,0.004,0.744
177500,0.282,0.010,0.708
178000,0.243,0.005,0.752
178500,0.292,0.001,0.707
179000,0.295,0.000,0.705
179500,0.290,0.008,0.702
180000,0.334,0.004,0.663
180500,0.336,0.002,0.663
181000,0.341,0.001,0.659
181500,0.303,0.001,0.696
182000,0.355,0.002,0.643
182500,0.342,0.000,0.658
183000,0.290,0.003,0.707
183500,0.296,0.004,0.700
184000,0.283,0.002,0.715
184500,0.312,0.005,0.683
185000,0.305,0.016,0.678
185500,0.310,0.004,0.686
186000,0.341,0.002,0.657
186500,0.312,0.003,0.684
187000,0.292,0.007,0.700
187500,0.293,0.007,0.700
188000,0.314,0.004,0.682
188500,0.361,0.002,0.637
189000,0.291,0.000,0.709
189500,0.308,0.000,0.692
190000,0.302,0.002,0.696
190500,0.347,0.001,0.653
191000,0.317,0.001,0.683
191500,0.291,0.006,0.703
192000,0.317,0.004,0.680
192500,0.306,0.004,0.690
193000,0.307,0.009,0.685
193500,0.342,0.003,0.656
194000,0.319,0.001,0.681
194500,0.331,0.000,0.669
195000,0.315,0.007,0.678
195500,0.312,0.009,0.678
196000,0.322,0.003,0.676
196500,0.326,0.005,0.669
197000,0.344,0.001,0.655
197500,0.265,0.010,0.726
198000,0.260,0.002,0.739
198500,0.272,0.006,0.722
199000,0.286,0.001,0.713
199500,0.292,0.004,0.704
200000,0.283,0.000,0.717
200500,0.283,0.002,0.715
201000,0.298,0.010,0.692
201500,0.259,0.007,0.734
202000,0.306,0.002,0.692
202500,0.310,0.003,0.687
203000,0.336,0.001,0.663
203500,0.362,0.002,0.636
204000,0.291,0.004,0.705
204500,0.282,0.001,0.718
205000,0.280,0.002,0.719
205500,0.323,0.003,0.674
206000,0.296,0.002,0.703
206500,0.264,0.007,0.729
207000,0.273,0.002,0.726
207500,0.267,0.005,0.729
208000,0.237,0.007,0.755
208500,0.266,0.011,0.724
209000,0.265,0.001,0.735
209500,0.276,0.006,0.718
210000,0.309,0.002,0.689
210500,0.317,0.001,0.682
211000,0.325,0.001,0.675
211500,0.304,0.005,0.691
212000,0.311,0.004,0.684
212500,0.294,0.000,0.706
213000,0.339,0.004,0.658
213500,0.306,0.009,0.685
214000,0.329,0.009,0.662
214500,0.291,0.002,0.707
215000,0.270,0.004,0.727
215500,0.322,0.001,0.678
216000,0.359,0.001,0.640
216500,0.358,0.000,0.642
217000,0.350,0.004,0.646
217500,0.251,0.013,0.737
218000,0.270,0.006,0.724
218500,0.302,0.006,0.692
219000,0.318,0.006,0.676
219500,0.287,0.001,0.712
220000,0.350,0.003,0.646
220500,0.291,0.004,0.706
221000,0.315,0.004,0.681
221500,0.310,0.001,0.690
222000,0.272,0.000,0.728
222500,0.290,0.004,0.706
223000,0.320,0.005,0.675
223500,0.342,0.001,0.657
224000,0.347,0.000,0.653
224500,0.340,0.000,0.660
225000,0.328,0.000,0.672
225500,0.315,0.004,0.681
226000,0.378,0.006,0.616
226500,0.328,0.009,0.663
227000,0.363,0.003,0.634
227500,0.323,0.004,0.674
228000,0.309,0.000,0.691
228500,0.311,0.004,0.684
229000,0.284,0.004,0.712
229500,0.312,0.000,0.688
230000,0.321,0.006,0.673
230500,0.269,0.005,0.726
231000,0.298,0.006,0.696
231500,0.285,0.004,0.711
232000,0.308,0.001,0.692
232500,0.312,0.002,0.686
233000,0.299,0.003,0.698
233500,0.283,0.001,0.716
234000,0.277,0.004,0.719
234500,0.292,0.000,0.708
235000,0.289,0.000,0.711
235500,0.285,0.000,0.715
236000,0.304,0.003,0.693
236500,0.309,0.002,0.689
237000,0.257,0.009,0.735
237500,0.247,0.027,0.726
238000,0.236,0.016,0.748
238500,0.257,0.004,0.739
239000,0.307,0.003,0.691
239500,0.303,0.001,0.696
240000,0.291,0.011,0.698
240500,0.283,0.003,0.715
241000,0.278,0.009,0.713
241500,0.264,0.008,0.728
242000,0.248,0.005,0.747
242500,0.308,0.002,0.691
243000,0.293,0.009,0.699
243500,0.288,0.005,0.707
244000,0.271,0.014,0.715
244500,0.305,0.013,0.682
245000,0.268,0.004,0.728
245500,0.308,0.001,0.692
246000,0.274,0.004,0.722
246500,0.266,0.001,0.733
247000,0.351,0.000,0.649
247500,0.331,0.000,0.669
248000,0.268,0.002,0.731
248500,0.297,0.004,0.700
249000,0.267,0.010,0.723
249500,0.281,0.007,0.712
250000,0.364,0.006,0.630
250500,0.349,0.000,0.651
251000,0.345,0.000,0.655
251500,0.336,0.004,0.661
252000,0.329,0.009,0.662
252500,0.324,0.004,0.673
253000,0.329,0.000,0.671
253500,0.349,0.000,0.651
254000,0.342,0.005,0.653
254500,0.309,0.005,0.685
255000,0.328,0.000,0.672
255500,0.351,0.000,0.649
256000,0.301,0.004,0.695
256500,0.292,0.001,0.707
257000,0.300,0.004,0.695
257500,0.304,0.002,0.694
258000,0.321,0.000,0.679
258500,0.296,0.002,0.702
259000,0.278,0.005,0.717
259500,0.292,0.001,0.707
260000,0.289,0.003,0.708
260500,0.301,0.005,0.694
261000,0.249,0.009,0.742
261500,0.286,0.009,0.705
262000,0.239,0.013,0.749
262500,0.279,0.013,0.709
263000,0.298,0.003,0.700
263500,0.306,0.001,0.693
264000,0.314,0.002,0.684
264500,0.309,0.001,0.690
265000,0.284,0.006,0.710
265500,0.281,0.002,0.717
266000,0.291,0.005,0.704
266500,0.239,0.005,0.756
267000,0.238,0.014,0.748
267500,0.217,0.015,0.767
268000,0.250,0.011,0.739
268500,0.263,0.013,0.725
269000,0.301,0.002,0.697
269500,0.324,0.000,0.676
270000,0.293,0.000,0.707
270500,0.261,0.011,0.728
271000,0.301,0.003,0.696
271500,0.331,0.003,0.667
272000,0.304,0.001,0.695
272500,0.313,0.001,0.687
273000,0.262,0.005,0.733
273500,0.298,0.005,0.697
274000,0.276,0.006,0.718
274500,0.330,0.003,0.667
275000,0.321,0.004,0.675
275500,0.295,0.001,0.704
276000,0.338,0.000,0.662
276500,0.349,0.004,0.647
277000,0.367,0.000,0.633
277500,0.311,0.000,0.689
278000,0.300,0.000,0.700
278500,0.288,0.004,0.708
279000,0.281,0.002,0.718
279500,0.340,0.003,0.657
280000,0.376,0.001,0.624
280500,0.316,0.000,0.684
281000,0.307,0.004,0.688
281500,0.332,0.007,0.661
282000,0.324,0.003,0.673
282500,0.286,0.001,0.713
283000,0.316,0.003,0.682
283500,0.252,0.006,0.742
284000,0.270,0.010,0.720
284500,0.294,0.011,0.696
285000,0.277,0.003,0.721
285500,0.249,0.004,0.747
286000,0.295,0.006,0.698
286500,0.326,0.001,0.673
287000,0.339,0.000,0.661
287500,0.291,0.000,0.709
288000,0.298,0.003,0.699
288500,0.350,0.000,0.649
289000,0.322,0.000,0.678
289500,0.379,0.000,0.621
290000,0.396,0.000,0.604
290500,0.330,0.000,0.670
291000,0.290,0.001,0.710
291500,0.285,0.000,0.715
292000,0.265,0.005,0.731
292500,0.270,0.006,0.724
293000,0.284,0.017,0.699
293500,0.284,0.007,0.709
294000,0.326,0.004,0.670
294500,0.376,0.006,0.618
295000,0.303,0.001,0.696
295500,0.270,0.000,0.730
296000,0.229,0.000,0.771
296500,0.288,0.003,0.709
297000,0.267,0.005,0.728
297500,0.297,0.004,0.700
298000,0.263,0.007,0.730
298500,0.283,0.013,0.704
299000,0.305,0.003,0.693
299500,0.304,0.011,0.684
300000,0.326,0.002,0.672
300500,0.341,0.000,0.659
301000,0.321,0.004,0.676
301500,0.268,0.005,0.727
302000,0.291,0.003,0.706
302500,0.312,0.002,0.686
303000,0.338,0.000,0.662
303500,0.357,0.001,0.642
304000,0.336,0.002,0.663
304500,0.327,0.002,0.671
305000,0.334,0.000,0.666
305500,0.316,0.006,0.678
306000,0.320,0.001,0.680
306500,0.299,0.001,0.700
307000,0.337,0.000,0.663
307500,0.357,0.000,0.643
308000,0.368,0.000,0.632
308500,0.358,0.000,0.642
309000,0.363,0.000,0.637
309500,0.321,0.000,0.679
310000,0.345,0.000,0.655
310500,0.331,0.000,0.669
311000,0.364,0.000,0.635
311500,0.333,0.001,0.666
312000,0.281,0.004,0.715
312500,0.271,0.001,0.729
313000,0.370,0.005,0.625
313500,0.403,0.001,0.597
314000,0.295,0.006,0.699
314500,0.328,0.001,0.672
315000,0.322,0.000,0.678
315500,0.345,0.000,0.655
316000,0.320,0.000,0.680
316500,0.322,0.004,0.674
317000,0.310,0.000,0.690
317500,0.363,0.004,0.633
318000,0.308,0.004,0.688
318500,0.289,0.005,0.706
319000,0.277,0.002,0.722
319500,0.286,0.008,0.706
320000,0.221,0.008,0.771
320500,0.283,0.005,0.712
321000,0.279,0.001,0.721
321500,0.277,0.005,0.719
322000,0.251,0.003,0.747
322500,0.355,0.001,0.644
323000,0.364,0.001,0.635
323500,0.374,0.000,0.626
324000,0.342,0.000,0.658
324500,0.330,0.000,0.670
325000,0.273,0.002,0.725
325500,0.233,0.003,0.765
326000,0.209,0.009,0.782
326500,0.225,0.010,0.765
327000,0.270,0.004,0.726
327500,0.325,0.003,0.672
328000,0.357,0.002,0.641
328500,0.313,0.006,0.681
329000,0.305,0.009,0.686
329500,0.323,0.003,0.675
330000,0.253,0.015,0.732
330500,0.257,0.004,0.740
331000,0.298,0.004,0.698
331500,0.348,0.005,0.646
332000,0.360,0.006,0.634
332500,0.341,0.001,0.659
333000,0.345,0.003,0.652
333500,0.307,0.003,0.690
334000,0.301,0.004,0.695
334500,0.293,0.002,0.706
335000,0.333,0.001,0.667
335500,0.350,0.002,0.647
336000,0.272,0.007,0.721
336500,0.289,0.002,0.709
337000,0.336,0.003,0.661
337500,0.263,0.000,0.737
338000,0.266,0.004,0.730
338500,0.271,0.011,0.718
339000,0.279,0.005,0.716
339500,0.292,0.009,0.699
340000,0.280,0.004,0.716
340500,0.294,0.000,0.706
341000,0.343,0.000,0.657
341500,0.422,0.000,0.578
342000,0.382,0.000,0.618
342500,0.319,0.000,0.681
343000,0.305,0.000,0.695
343500,0.285,0.000,0.715
344000,0.338,0.000,0.662
344500,0.301,0.005,0.694
345000,0.274,0.010,0.716
345500,0.264,0.006,0.730
346000,0.287,0.001,0.712
346500,0.301,0.010,0.689
347000,0.336,0.003,0.661
347500,0.321,0.000,0.679
348000,0.348,0.004,0.647
348500,0.298,0.002,0.700
349000,0.263,0.004,0.734
349500,0.274,0.006,0.720
350000,0.297,0.002,0.701
350500,0.281,0.001,0.719
351000,0.323,0.004,0.674
351500,0.296,0.011,0.692
352000,0.281,0.005,0.715
352500,0.318,0.003,0.680
353000,0.330,0.004,0.666
353500,0.366,0.000,0.634
354000,0.349,0.000,0.651
354500,0.334,0.000,0.666
355000,0.323,0.000,0.677
355500,0.290,0.009,0.702
356000,0.326,0.005,0.669
356500,0.306,0.004,0.690
357000,0.324,0.001,0.676
357500,0.295,0.003,0.702
358000,0.272,0.003,0.726
358500,0.304,0.003,0.693
359000,0.352,0.000,0.648
359500,0.280,0.006,0.714
360000,0.303,0.011,0.687
360500,0.358,0.001,0.640
361000,0.357,0.005,0.637
361500,0.335,0.002,0.664
362000,0.336,0.004,0.659
362500,0.332,0.007,0.661
363000,0.330,0.001,0.669
363500,0.320,0.005,0.675
364000,0.362,0.000,0.638
364500,0.344,0.004,0.652
365000,0.342,0.001,0.658
365500,0.357,0.000,0.643
366000,0.332,0.000,0.668
366500,0.317,0.000,0.683
367000,0.323,0.006,0.671
367500,0.316,0.004,0.680
368000,0.248,0.009,0.744
368500,0.265,0.019,0.716
369000,0.235,0.013,0.751
369500,0.270,0.002,0.729
370000,0.252,0.003,0.746
370500,0.314,0.001,0.685
371000,0.270,0.000,0.730
371500,0.204,0.025,0.770
372000,0.263,0.010,0.727
372500,0.315,0.009,0.676
373000,0.308,0.009,0.682
373500,0.286,0.003,0.712
374000,0.347,0.001,0.652
374500,0.379,0.000,0.621
375000,0.315,0.011,0.674
375500,0.327,0.003,0.670
376000,0.275,0.005,0.721
376500,0.325,0.009,0.667
377000,0.321,0.002,0.678
377500,0.307,0.004,0.688
378000,0.343,0.002,0.655
378500,0.288,0.000,0.712
379000,0.261,0.003,0.737
379500,0.296,0.001,0.703
380000,0.286,0.004,0.711
380500,0.280,0.009,0.711
381000,0.276,0.003,0.722
381500,0.302,0.002,0.696
382000,0.339,0.004,0.657
382500,0.326,0.004,0.670
383000,0.325,0.006,0.669
383500,0.334,0.007,0.659
384000,0.284,0.004,0.711
384500,0.291,0.006,0.703
385000,0.346,0.009,0.646
385500,0.347,0.002,0.651
386000,0.309,0.000,0.691
386500,0.319,0.001,0.681
387000,0.295,0.003,0.702
387500,0.333,0.000,0.667
388000,0.324,0.003,0.673
388500,0.337,0.000,0.663
389000,0.314,0.000,0.686
389500,0.269,0.002,0.729
390000,0.292,0.000,0.708
390500,0.343,0.004,0.653
391000,0.381,0.001,0.618
391500,0.304,0.001,0.696
392000,0.341,0.002,0.658
392500,0.308,0.004,0.687
393000,0.296,0.001,0.703
393500,0.279,0.002,0.720
394000,0.294,0.001,0.705
394500,0.304,0.004,0.692
395000,0.356,0.001,0.642
395500,0.324,0.001,0.675
396000,0.279,0.000,0.721
396500,0.259,0.008,0.733
397000,0.285,0.010,0.705
397500,0.315,0.001,0.684
398000,0.294,0.005,0.701
398500,0.290,0.004,0.706
399000,0.325,0.005,0.670
399500,0.373,0.002,0.625
400000,0.390,0.000,0.610
400500,0.362,0.000,0.637
401000,0.370,0.000,0.630
401500,0.367,0.000,0.633
402000,0.388,0.000,0.612
402500,0.415,0.000,0.585
403000,0.403,0.003,0.595
403500,0.358,0.001,0.641
404000,0.370,0.002,0.628
404500,0.309,0.001,0.690
405000,0.353,0.004,0.643
405500,0.341,0.009,0.651
406000,0.294,0.002,0.704
406500,0.304,0.001,0.695
407000,0.363,0.000,0.637
407500,0.331,0.000,0.669
408000,0.278,0.004,0.718
408500,0.267,0.004,0.729
409000,0.227,0.011,0.763
409500,0.241,0.011,0.748
410000,0.249,0.021,0.730
410500,0.278,0.006,0.716
411000,0.277,0.015,0.709
411500,0.261,0.009,0.730
412000,0.291,0.007,0.702
412500,0.299,0.004,0.698
413000,0.333,0.001,0.667
413500,0.288,0.000,0.712
414000,0.330,0.004,0.666
414500,0.345,0.005,0.649
415000,0.296,0.003,0.701
415500,0.282,0.000,0.718
416000,0.295,0.003,0.703
416500,0.302,0.006,0.692
417000,0.276,0.001,0.724
417500,0.294,0.003,0.703
418000,0.315,0.006,0.679
418500,0.332,0.001,0.667
419000,0.331,0.001,0.669
419500,0.341,0.003,0.657
420000,0.306,0.001,0.693
420500,0.304,0.003,0.693
421000,0.332,0.000,0.668
421500,0.344,0.000,0.656
422000,0.341,0.002,0.658
422500,0.337,0.001,0.662
423000,0.278,0.005,0.717
423500,0.315,0.003,0.683
424000,0.304,0.001,0.696
424500,0.285,0.005,0.710
425000,0.303,0.002,0.695
425500,0.336,0.001,0.663
426000,0.316,0.004,0.681
426500,0.381,0.001,0.619
427000,0.396,0.000,0.605
427500,0.332,0.000,0.668
428000,0.270,0.007,0.723
428500,0.238,0.008,0.754
429000,0.252,0.024,0.725
429500,0.260,0.015,0.726
430000,0.327,0.005,0.668
430500,0.287,0.004,0.709
431000,0.264,0.007,0.729
431500,0.255,0.006,0.739
432000,0.249,0.005,0.745
432500,0.271,0.006,0.723
433000,0.281,0.013,0.707
433500,0.371,0.006,0.623
434000,0.370,0.002,0.629
434500,0.358,0.001,0.641
435000,0.346,0.000,0.654
435500,0.386,0.000,0.615
436000,0.373,0.001,0.627
436500,0.388,0.000,0.613
437000,0.372,0.000,0.628
437500,0.329,0.000,0.671
438000,0.342,0.002,0.656
438500,0.349,0.000,0.651
439000,0.375,0.000,0.625
439500,0.401,0.006,0.593
440000,0.380,0.002,0.619
440500,0.421,0.000,0.579
441000,0.391,0.000,0.609
441500,0.295,0.000,0.705
442000,0.311,0.007,0.681
442500,0.250,0.008,0.742
443000,0.258,0.001,0.742
443500,0.320,0.005,0.674
444000,0.331,0.001,0.668
444500,0.338,0.000,0.662
445000,0.334,0.000,0.666
445500,0.349,0.000,0.651
446000,0.339,0.000,0.661
446500,0.367,0.000,0.633
447000,0.371,0.000,0.629
447500,0.340,0.004,0.657
448000,0.335,0.001,0.664
448500,0.350,0.000,0.650
449000,0.360,0.002,0.638
449500,0.381,0.000,0.619
450000,0.393,0.000,0.607
450500,0.328,0.000,0.672
451000,0.377,0.000,0.623
451500,0.358,0.000,0.641
452000,0.328,0.000,0.672
452500,0.308,0.000,0.692
453000,0.294,0.007,0.698
453500,0.322,0.003,0.675
454000,0.333,0.001,0.667
454500,0.307,0.000,0.693
455000,0.342,0.000,0.658
455500,0.325,0.005,0.670
456000,0.265,0.004,0.731
456500,0.305,0.003,0.693
457000,0.302,0.004,0.693
457500,0.334,0.003,0.664
458000,0.347,0.002,0.651
458500,0.387,0.000,0.613
459000,0.381,0.001,0.619
459500,0.328,0.001,0.671
460000,0.312,0.002,0.686
460500,0.306,0.004,0.690
461000,0.310,0.002,0.688
461500,0.296,0.007,0.697
462000,0.268,0.011,0.721
462500,0.275,0.008,0.718
463000,0.279,0.004,0.717
463500,0.296,0.006,0.698
464000,0.340,0.008,0.652
464500,0.348,0.002,0.650
465000,0.356,0.000,0.643
465500,0.330,0.000,0.670
466000,0.324,0.000,0.676
466500,0.295,0.008,0.697
467000,0.278,0.013,0.710
467500,0.291,0.012,0.697
468000,0.268,0.008,0.724
468500,0.289,0.004,0.707
469000,0.293,0.005,0.701
469500,0.285,0.004,0.712
470000,0.330,0.008,0.662
470500,0.323,0.002,0.675
471000,0.315,0.010,0.675
471500,0.296,0.005,0.699
472000,0.272,0.009,0.720
472500,0.227,0.013,0.760
473000,0.204,0.024,0.772
473500,0.222,0.018,0.761
474000,0.222,0.015,0.763
474500,0.240,0.013,0.747
475000,0.228,0.009,0.764
475500,0.234,0.017,0.750
476000,0.265,0.009,0.727
476500,0.299,0.004,0.697
477000,0.321,0.001,0.679
477500,0.351,0.003,0.646
478000,0.390,0.000,0.611
478500,0.343,0.002,0.655
479000,0.352,0.001,0.647
479500,0.305,0.004,0.691
480000,0.354,0.002,0.644
480500,0.347,0.006,0.647
481000,0.335,0.001,0.664
481500,0.317,0.000,0.683
482000,0.334,0.005,0.661
482500,0.302,0.004,0.694
483000,0.306,0.003,0.691
483500,0.293,0.004,0.703
484000,0.366,0.002,0.633
484500,0.360,0.001,0.639
485000,0.332,0.000,0.668
485500,0.254,0.007,0.739
486000,0.239,0.005,0.755
486500,0.240,0.011,0.749
487000,0.245,0.006,0.748
487500,0.287,0.000,0.713
488000,0.331,0.000,0.669
488500,0.327,0.001,0.672
489000,0.305,0.007,0.688
489500,0.305,0.008,0.687
490000,0.306,0.002,0.692
490500,0.331,0.002,0.667
491000,0.320,0.007,0.673
491500,0.289,0.005,0.706
492000,0.276,0.011,0.713
492500,0.225,0.013,0.762
493000,0.205,0.015,0.780
493500,0.232,0.009,0.759
494000,0.271,0.015,0.714
494500,0.312,0.004,0.683
495000,0.319,0.005,0.676
495500,0.272,0.003,0.726
496000,0.271,0.009,0.721
496500,0.231,0.007,0.762
497000,0.262,0.009,0.729
497500,0.261,0.012,0.728
498000,0.271,0.000,0.729
498500,0.256,0.004,0.741
499000,0.294,0.005,0.701
499500,0.335,0.004,0.661
500000,0.315,0.004,0.681
500500,0.278,0.006,0.716
501000,0.307,0.003,0.690
501500,0.357,0.002,0.641
502000,0.296,0.001,0.703
502500,0.298,0.002,0.700
503000,0.268,0.005,0.727
503500,0.277,0.006,0.718
504000,0.286,0.005,0.709
504500,0.329,0.005,0.666
505000,0.312,0.000,0.688
505500,0.289,0.000,0.711
506000,0.294,0.003,0.703
506500,0.304,0.003,0.693
507000,0.300,0.003,0.698
507500,0.284,0.002,0.714
508000,0.309,0.002,0.690
508500,0.329,0.002,0.670
509000,0.309,0.001,0.690
509500,0.329,0.001,0.671
510000,0.329,0.000,0.671
510500,0.327,0.000,0.673
511000,0.279,0.004,0.718
511500,0.307,0.007,0.686
512000,0.299,0.005,0.695
512500,0.305,0.000,0.695
513000,0.325,0.005,0.670
513500,0.332,0.006,0.662
514000,0.311,0.007,0.682
514500,0.277,0.009,0.715
515000,0.352,0.003,0.645
515500,0.279,0.001,0.721
516000,0.312,0.004,0.684
516500,0.260,0.006,0.734
517000,0.276,0.005,0.719
517500,0.241,0.015,0.744
518000,0.274,0.012,0.714
518500,0.346,0.008,0.646
519000,0.348,0.002,0.650
519500,0.321,0.004,0.675
520000,0.284,0.002,0.715
520500,0.282,0.001,0.717
521000,0.247,0.003,0.750
521500,0.311,0.006,0.682
522000,0.275,0.002,0.724
522500,0.324,0.000,0.676
523000,0.287,0.003,0.710
523500,0.256,0.001,0.743
524000,0.336,0.003,0.662
524500,0.270,0.006,0.724
525000,0.282,0.008,0.710
525500,0.264,0.016,0.720
526000,0.292,0.004,0.705
526500,0.271,0.000,0.730
527000,0.289,0.005,0.706
527500,0.335,0.000,0.665
528000,0.303,0.004,0.692
528500,0.343,0.005,0.652
529000,0.374,0.002,0.624
529500,0.337,0.001,0.663
530000,0.305,0.002,0.693
530500,0.282,0.006,0.712
531000,0.256,0.001,0.743
531500,0.290,0.006,0.704
532000,0.303,0.002,0.696
532500,0.323,0.000,0.677
533000,0.330,0.002,0.668
533500,0.312,0.001,0.687
534000,0.304,0.000,0.696
534500,0.275,0.000,0.725
535000,0.298,0.002,0.701
535500,0.307,0.002,0.692
536000,0.302,0.000,0.698
536500,0.327,0.001,0.672
537000,0.298,0.000,0.702
537500,0.310,0.003,0.687
538000,0.298,0.004,0.699
538500,0.254,0.005,0.741
539000,0.282,0.004,0.713
539500,0.316,0.006,0.678
540000,0.329,0.001,0.670
540500,0.334,0.000,0.666
541000,0.309,0.000,0.691
541500,0.300,0.000,0.700
542000,0.282,0.002,0.716
542500,0.276,0.006,0.718
543000,0.269,0.007,0.724
543500,0.289,0.005,0.705
544000,0.265,0.001,0.735
544500,0.236,0.002,0.762
545000,0.236,0.005,0.758
545500,0.236,0.019,0.745
546000,0.219,0.022,0.759
546500,0.231,0.025,0.744
547000,0.230,0.029,0.742
547500,0.229,0.018,0.753
548000,0.258,0.008,0.734
548500,0.269,0.001,0.731
549000,0.301,0.000,0.699
549500,0.286,0.003,0.711
550000,0.356,0.000,0.643
550500,0.295,0.000,0.705
551000,0.277,0.004,0.719
551500,0.281,0.007,0.712
552000,0.301,0.005,0.694
552500,0.332,0.001,0.668
553000,0.299,0.005,0.695
553500,0.321,0.005,0.674
554000,0.301,0.003,0.697
554500,0.298,0.004,0.697
555000,0.314,0.004,0.681
555500,0.288,0.011,0.700
556000,0.318,0.004,0.678
556500,0.322,0.004,0.675
557000,0.339,0.001,0.660
557500,0.274,0.004,0.722
558000,0.260,0.003,0.737
558500,0.281,0.001,0.718
559000,0.279,0.001,0.721
559500,0.286,0.001,0.713
560000,0.292,0.000,0.708
560500,0.299,0.000,0.701
561000,0.319,0.000,0.681
561500,0.328,0.003,0.670
562000,0.274,0.007,0.719
562500,0.332,0.007,0.661
563000,0.322,0.001,0.678
563500,0.317,0.004,0.680
564000,0.284,0.005,0.711
564500,0.244,0.007,0.749
565000,0.248,0.019,0.732
565500,0.257,0.011,0.733
566000,0.241,0.011,0.747
566500,0.253,0.009,0.738
567000,0.266,0.007,0.727
567500,0.251,0.012,0.738
568000,0.235,0.009,0.756
568500,0.295,0.003,0.702
569000,0.327,0.004,0.669
569500,0.290,0.004,0.706
570000,0.331,0.001,0.669
570500,0.357,0.001,0.642
571000,0.370,0.000,0.629
571500,0.361,0.000,0.639
572000,0.299,0.000,0.701
572500,0.292,0.006,0.701
573000,0.248,0.005,0.747
573500,0.308,0.011,0.681
574000,0.303,0.003,0.695
574500,0.286,0.011,0.702
575000,0.289,0.004,0.708
575500,0.328,0.001,0.671
576000,0.361,0.001,0.638
576500,0.374,0.000,0.626
577000,0.337,0.000,0.663
577500,0.271,0.009,0.721
578000,0.300,0.004,0.696
578500,0.339,0.000,0.661
579000,0.298,0.006,0.696
579500,0.307,0.002,0.691
580000,0.320,0.001,0.679
580500,0.344,0.001,0.656
581000,0.325,0.002,0.673
581500,0.316,0.004,0.680
582000,0.326,0.000,0.674
582500,0.304,0.004,0.692
583000,0.281,0.004,0.715
583500,0.300,0.003,0.697
584000,0.309,0.000,0.691
584500,0.345,0.000,0.655
585000,0.405,0.000,0.595
585500,0.391,0.000,0.609
586000,0.431,0.000,0.569
586500,0.367,0.000,0.633
587000,0.398,0.000,0.602
587500,0.355,0.008,0.637
588000,0.340,0.004,0.656
588500,0.263,0.007,0.730
589000,0.305,0.009,0.686
589500,0.264,0.006,0.730
590000,0.352,0.009,0.640
590500,0.285,0.008,0.707
591000,0.309,0.002,0.689
591500,0.281,0.002,0.717
592000,0.291,0.009,0.701
592500,0.289,0.001,0.711
593000,0.325,0.001,0.675
593500,0.303,0.011,0.686
594000,0.287,0.004,0.709
594500,0.300,0.006,0.694
595000,0.313,0.002,0.686
595500,0.340,0.001,0.660
596000,0.399,0.000,0.601
596500,0.398,0.000,0.603
597000,0.331,0.004,0.665
597500,0.319,0.000,0.681
598000,0.347,0.002,0.651
598500,0.306,0.001,0.693
599000,0.328,0.001,0.671
599500,0.333,0.001,0.666
600000,0.332,0.002,0.667
600500,0.324,0.001,0.675
601000,0.375,0.000,0.625
601500,0.329,0.006,0.665
602000,0.308,0.001,0.691
602500,0.299,0.002,0.699
603000,0.307,0.005,0.687
603500,0.333,0.001,0.666
604000,0.326,0.001,0.673
604500,0.322,0.000,0.678
605000,0.299,0.005,0.696
605500,0.289,0.004,0.707
606000,0.281,0.001,0.718
606500,0.301,0.000,0.699
607000,0.316,0.002,0.682
607500,0.334,0.001,0.665
608000,0.325,0.001,0.675
608500,0.351,0.000,0.649
609000,0.393,0.000,0.607
609500,0.368,0.000,0.631
610000,0.328,0.000,0.672
610500,0.325,0.000,0.675
611000,0.316,0.000,0.684
611500,0.291,0.003,0.706
612000,0.309,0.003,0.689
612500,0.290,0.004,0.706
613000,0.293,0.004,0.703
613500,0.281,0.009,0.711
614000,0.289,0.003,0.709
614500,0.258,0.005,0.737
615000,0.248,0.021,0.731
615500,0.253,0.007,0.740
616000,0.304,0.009,0.687
616500,0.317,0.005,0.678
617000,0.331,0.001,0.669
617500,0.297,0.002,0.701
618000,0.310,0.001,0.690
618500,0.305,0.000,0.695
619000,0.310,0.003,0.688
619500,0.321,0.001,0.679
620000,0.314,0.000,0.686
620500,0.312,0.002,0.686
621000,0.330,0.005,0.665
621500,0.322,0.005,0.673
622000,0.286,0.001,0.714
622500,0.316,0.004,0.680
623000,0.314,0.002,0.685
623500,0.278,0.004,0.718
624000,0.254,0.009,0.737
624500,0.229,0.006,0.765
625000,0.258,0.006,0.736
625500,0.297,0.002,0.701
626000,0.321,0.002,0.678
626500,0.357,0.001,0.643
627000,0.282,0.009,0.708
627500,0.281,0.005,0.714
628000,0.325,0.002,0.674
628500,0.321,0.002,0.677
629000,0.351,0.009,0.640
629500,0.334,0.004,0.663
630000,0.315,0.007,0.678
630500,0.293,0.002,0.705
631000,0.311,0.000,0.689
631500,0.281,0.002,0.718
632000,0.310,0.003,0.687
632500,0.320,0.004,0.677
633000,0.287,0.005,0.708
633500,0.300,0.002,0.698
634000,0.322,0.003,0.675
634500,0.270,0.009,0.722
635000,0.262,0.009,0.730
635500,0.289,0.006,0.705
636000,0.313,0.002,0.686
636500,0.299,0.004,0.698
637000,0.303,0.003,0.695
637500,0.292,0.003,0.705
638000,0.402,0.001,0.598
638500,0.339,0.001,0.660
639000,0.325,0.006,0.669
639500,0.322,0.001,0.677
640000,0.301,0.001,0.698
640500,0.340,0.000,0.660
641000,0.332,0.000,0.668
641500,0.314,0.004,0.682
642000,0.333,0.000,0.667
642500,0.276,0.004,0.720
643000,0.273,0.002,0.726
643500,0.297,0.009,0.694
644000,0.296,0.006,0.698
644500,0.335,0.004,0.662
645000,0.346,0.002,0.652
645500,0.365,0.006,0.629
646000,0.320,0.001,0.679
646500,0.333,0.009,0.659
647000,0.276,0.005,0.719
647500,0.329,0.001,0.670
648000,0.323,0.001,0.677
648500,0.308,0.002,0.690
649000,0.284,0.001,0.715
649500,0.303,0.000,0.697
650000,0.342,0.000,0.658
650500,0.343,0.000,0.657
651000,0.342,0.000,0.658
651500,0.357,0.000,0.643
652000,0.334,0.000,0.666
652500,0.300,0.004,0.696
653000,0.291,0.001,0.708
653500,0.266,0.013,0.721
654000,0.307,0.004,0.688
654500,0.263,0.005,0.732
655000,0.267,0.005,0.729
655500,0.276,0.005,0.719
656000,0.259,0.006,0.735
656500,0.277,0.004,0.719
657000,0.290,0.005,0.705
657500,0.306,0.004,0.690
658000,0.327,0.002,0.671
658500,0.332,0.004,0.664
659000,0.322,0.003,0.675
659500,0.258,0.001,0.741
660000,0.303,0.004,0.693
660500,0.276,0.011,0.713
661000,0.303,0.005,0.692
661500,0.351,0.001,0.649
662000,0.315,0.000,0.685
662500,0.344,0.001,0.654
663000,0.307,0.005,0.688
663500,0.317,0.001,0.682
664000,0.361,0.001,0.638
664500,0.318,0.000,0.682
665000,0.283,0.002,0.715
665500,0.284,0.000,0.716
666000,0.333,0.000,0.667
666500,0.337,0.000,0.663
667000,0.380,0.004,0.617
667500,0.357,0.007,0.636
668000,0.264,0.009,0.728
668500,0.247,0.004,0.749
669000,0.333,0.002,0.665
669500,0.326,0.000,0.674
670000,0.349,0.003,0.648
670500,0.319,0.001,0.680
671000,0.394,0.001,0.606
671500,0.339,0.001,0.661
672000,0.331,0.001,0.668
672500,0.346,0.000,0.653
673000,0.310,0.000,0.690
673500,0.343,0.000,0.657
674000,0.384,0.004,0.613
674500,0.301,0.001,0.698
675000,0.341,0.000,0.659
675500,0.344,0.000,0.655
676000,0.266,0.012,0.722
676500,0.283,0.006,0.711
677000,0.282,0.002,0.716
677500,0.294,0.002,0.704
678000,0.303,0.004,0.693
678500,0.326,0.002,0.672
679000,0.278,0.006,0.716
679500,0.312,0.004,0.683
680000,0.289,0.002,0.709
680500,0.296,0.001,0.703
681000,0.307,0.003,0.690
681500,0.330,0.010,0.660
682000,0.298,0.004,0.697
682500,0.293,0.003,0.704
683000,0.301,0.004,0.696
683500,0.304,0.005,0.690
684000,0.283,0.004,0.713
684500,0.308,0.002,0.690
685000,0.324,0.001,0.676
685500,0.349,0.000,0.651
686000,0.319,0.000,0.681
686500,0.293,0.000,0.707
687000,0.287,0.004,0.709
687500,0.299,0.001,0.700
688000,0.265,0.007,0.729
688500,0.339,0.001,0.660
689000,0.294,0.004,0.701
689500,0.286,0.004,0.711
690000,0.333,0.002,0.666
690500,0.323,0.004,0.673
691000,0.350,0.004,0.646
691500,0.320,0.001,0.679
692000,0.261,0.007,0.732
692500,0.274,0.011,0.716
693000,0.281,0.004,0.715
693500,0.256,0.011,0.733
694000,0.281,0.011,0.709
694500,0.269,0.006,0.725
695000,0.293,0.005,0.702
695500,0.297,0.005,0.698
696000,0.285,0.001,0.714
696500,0.332,0.005,0.662
697000,0.376,0.001,0.624
697500,0.369,0.004,0.627
698000,0.357,0.001,0.642
698500,0.377,0.001,0.623
699000,0.397,0.000,0.603
699500,0.303,0.004,0.693
700000,0.343,0.006,0.651
700500,0.318,0.001,0.681
701000,0.332,0.001,0.667
701500,0.336,0.000,0.664
702000,0.414,0.000,0.586
702500,0.325,0.003,0.672
703000,0.318,0.004,0.679
703500,0.274,0.007,0.719
704000,0.270,0.011,0.720
704500,0.304,0.002,0.694
705000,0.270,0.009,0.721
705500,0.304,0.002,0.694
706000,0.281,0.005,0.713
706500,0.292,0.006,0.702
707000,0.338,0.004,0.658
707500,0.320,0.000,0.680
708000,0.322,0.003,0.675
708500,0.338,0.000,0.662
709000,0.348,0.000,0.652
709500,0.376,0.000,0.624
710000,0.364,0.000,0.635
710500,0.310,0.000,0.690
711000,0.273,0.009,0.718
711500,0.265,0.015,0.720
712000,0.254,0.009,0.737
712500,0.215,0.013,0.771
713000,0.262,0.016,0.722
713500,0.288,0.012,0.700
714000,0.318,0.004,0.678
714500,0.266,0.004,0.730
715000,0.267,0.003,0.730
715500,0.307,0.007,0.686
716000,0.267,0.000,0.733
716500,0.296,0.004,0.700
717000,0.285,0.005,0.709
717500,0.265,0.005,0.730
718000,0.301,0.006,0.692
718500,0.285,0.003,0.713
719000,0.287,0.000,0.713
719500,0.289,0.004,0.707
720000,0.306,0.002,0.692
720500,0.356,0.001,0.642
721000,0.330,0.006,0.664
721500,0.375,0.001,0.624
722000,0.359,0.003,0.639
722500,0.336,0.005,0.658
723000,0.359,0.001,0.641
723500,0.384,0.000,0.617
724000,0.344,0.000,0.655
724500,0.334,0.002,0.665
725000,0.304,0.005,0.691
725500,0.402,0.001,0.598
726000,0.317,0.007,0.676
726500,0.255,0.005,0.740
727000,0.221,0.020,0.759
727500,0.227,0.013,0.761
728000,0.280,0.006,0.714
728500,0.287,0.003,0.711
729000,0.260,0.013,0.727
729500,0.299,0.004,0.697
730000,0.328,0.001,0.671
730500,0.314,0.001,0.685
731000,0.337,0.004,0.659
731500,0.344,0.000,0.655
732000,0.320,0.000,0.680
732500,0.369,0.000,0.631
733000,0.383,0.003,0.614
733500,0.406,0.001,0.594
734000,0.386,0.000,0.615
734500,0.354,0.000,0.645
735000,0.352,0.000,0.648
735500,0.337,0.000,0.663
736000,0.279,0.002,0.720
736500,0.359,0.001,0.640
737000,0.303,0.002,0.695
737500,0.266,0.004,0.730
738000,0.270,0.011,0.720
738500,0.290,0.004,0.706
739000,0.314,0.001,0.686
739500,0.349,0.002,0.649
740000,0.385,0.005,0.610
740500,0.369,0.003,0.628
741000,0.322,0.001,0.677
741500,0.333,0.000,0.667
742000,0.268,0.004,0.729
742500,0.292,0.001,0.707
743000,0.286,0.011,0.702
743500,0.247,0.007,0.746
744000,0.258,0.002,0.740
744500,0.266,0.005,0.729
745000,0.294,0.001,0.705
745500,0.302,0.016,0.682
746000,0.267,0.004,0.730
746500,0.235,0.001,0.764
747000,0.256,0.000,0.744
747500,0.321,0.004,0.675
748000,0.278,0.001,0.721
748500,0.271,0.009,0.720
749000,0.255,0.011,0.734
749500,0.255,0.004,0.742
750000,0.290,0.008,0.702
750500,0.304,0.001,0.695
751000,0.324,0.000,0.676
751500,0.315,0.000,0.685
752000,0.291,0.000,0.709
752500,0.268,0.004,0.728
753000,0.267,0.010,0.723
753500,0.257,0.003,0.740
754000,0.277,0.007,0.717
754500,0.290,0.004,0.706
755000,0.236,0.003,0.761
755500,0.268,0.001,0.731
756000,0.274,0.004,0.723
756500,0.276,0.019,0.705
757000,0.253,0.009,0.738
757500,0.201,0.018,0.780
758000,0.276,0.004,0.721
758500,0.321,0.002,0.678
759000,0.340,0.000,0.660
759500,0.346,0.000,0.653
760000,0.337,0.000,0.663
760500,0.345,0.000,0.655
761000,0.340,0.003,0.658
761500,0.357,0.000,0.643
762000,0.384,0.000,0.617
762500,0.373,0.000,0.627
763000,0.365,0.011,0.624
763500,0.339,0.004,0.657
764000,0.279,0.002,0.719
764500,0.263,0.004,0.734
765000,0.245,0.006,0.749
765500,0.335,0.003,0.663
766000,0.332,0.004,0.665
766500,0.309,0.003,0.688
767000,0.305,0.003,0.692
767500,0.351,0.002,0.647
768000,0.356,0.003,0.640
768500,0.324,0.009,0.667
769000,0.285,0.002,0.713
769500,0.354,0.001,0.645
770000,0.362,0.000,0.637
770500,0.352,0.000,0.648
771000,0.346,0.000,0.654
771500,0.293,0.000,0.707
772000,0.279,0.009,0.712
772500,0.252,0.013,0.736
773000,0.277,0.005,0.718
773500,0.257,0.005,0.738
774000,0.281,0.007,0.712
774500,0.318,0.003,0.680
775000,0.288,0.001,0.711
775500,0.266,0.013,0.722
776000,0.316,0.006,0.678
776500,0.323,0.005,0.672
777000,0.312,0.001,0.687
777500,0.294,0.002,0.704
778000,0.267,0.004,0.729
778500,0.249,0.003,0.748
779000,0.278,0.004,0.718
779500,0.212,0.011,0.777
780000,0.224,0.013,0.764
780500,0.220,0.009,0.771
781000,0.238,0.007,0.755
781500,0.236,0.013,0.751
782000,0.238,0.023,0.739
782500,0.286,0.009,0.705
783000,0.299,0.011,0.690
783500,0.296,0.004,0.700
784000,0.304,0.004,0.692
784500,0.256,0.002,0.742
785000,0.262,0.005,0.733
785500,0.291,0.003,0.707
786000,0.241,0.007,0.752
786500,0.246,0.003,0.751
787000,0.268,0.004,0.728
787500,0.274,0.010,0.716
788000,0.226,0.018,0.757
788500,0.234,0.013,0.753
789000,0.259,0.008,0.733
789500,0.264,0.002,0.735
790000,0.255,0.011,0.734
790500,0.281,0.007,0.712
791000,0.329,0.001,0.670
791500,0.305,0.002,0.693
792000,0.303,0.004,0.692
792500,0.256,0.005,0.739
793000,0.277,0.001,0.722
793500,0.269,0.011,0.721
794000,0.288,0.003,0.709
794500,0.373,0.000,0.627
795000,0.326,0.001,0.673
795500,0.326,0.005,0.669
796000,0.359,0.001,0.640
796500,0.323,0.002,0.676
797000,0.305,0.010,0.684
797500,0.251,0.010,0.740
798000,0.328,0.002,0.670
798500,0.264,0.001,0.736
799000,0.265,0.006,0.730
799500,0.297,0.001,0.702
800000,0.279,0.004,0.717
800500,0.308,0.005,0.687
801000,0.294,0.004,0.703
801500,0.302,0.001,0.697
802000,0.341,0.001,0.658
802500,0.338,0.005,0.656
803000,0.288,0.001,0.711
803500,0.338,0.001,0.662
804000,0.286,0.001,0.714
804500,0.309,0.000,0.691
805000,0.333,0.001,0.666
805500,0.317,0.001,0.683
806000,0.320,0.000,0.680
806500,0.337,0.005,0.658
807000,0.365,0.001,0.634
807500,0.277,0.001,0.723
808000,0.270,0.003,0.727
808500,0.340,0.007,0.652
809000,0.309,0.003,0.689
809500,0.322,0.001,0.677
810000,0.325,0.000,0.675
810500,0.347,0.000,0.653
811000,0.333,0.001,0.666
811500,0.315,0.001,0.684
812000,0.288,0.000,0.712
812500,0.319,0.000,0.681
813000,0.316,0.003,0.681
813500,0.348,0.002,0.651
814000,0.389,0.000,0.611
814500,0.413,0.000,0.587
815000,0.335,0.002,0.664
815500,0.344,0.001,0.656
816000,0.321,0.001,0.679
816500,0.264,0.002,0.735
817000,0.297,0.009,0.693
817500,0.324,0.002,0.674
818000,0.292,0.005,0.703
818500,0.248,0.005,0.747
819000,0.248,0.006,0.746
819500,0.236,0.018,0.746
820000,0.309,0.011,0.679
820500,0.320,0.005,0.675
821000,0.275,0.002,0.723
821500,0.307,0.001,0.692
822000,0.268,0.000,0.732
822500,0.347,0.001,0.652
823000,0.357,0.001,0.643
823500,0.314,0.003,0.683
824000,0.306,0.003,0.691
824500,0.303,0.001,0.696
825000,0.336,0.000,0.664
825500,0.362,0.000,0.637
826000,0.341,0.000,0.659
826500,0.334,0.004,0.661
827000,0.343,0.007,0.650
827500,0.310,0.005,0.684
828000,0.306,0.001,0.693
828500,0.326,0.001,0.674
829000,0.344,0.004,0.651
829500,0.252,0.001,0.747
830000,0.276,0.005,0.719
830500,0.289,0.006,0.704
831000,0.280,0.016,0.704
831500,0.272,0.003,0.725
832000,0.305,0.002,0.694
832500,0.355,0.001,0.645
833000,0.380,0.000,0.621
833500,0.314,0.004,0.682
834000,0.330,0.001,0.669
834500,0.309,0.000,0.691
835000,0.245,0.000,0.754
835500,0.288,0.003,0.709
836000,0.279,0.004,0.718
836500,0.283,0.000,0.717
837000,0.289,0.009,0.702
837500,0.311,0.005,0.684
838000,0.284,0.003,0.713
838500,0.275,0.001,0.724
839000,0.314,0.001,0.685
839500,0.315,0.004,0.681
840000,0.357,0.001,0.642
840500,0.322,0.001,0.678
841000,0.303,0.004,0.693
841500,0.315,0.001,0.685
842000,0.381,0.000,0.619
842500,0.319,0.004,0.678
843000,0.310,0.007,0.682
843500,0.307,0.008,0.685
844000,0.280,0.005,0.715
844500,0.306,0.002,0.692
845000,0.287,0.001,0.713
845500,0.298,0.000,0.702
846000,0.314,0.000,0.686
846500,0.402,0.000,0.598
847000,0.345,0.000,0.655
847500,0.350,0.000,0.650
848000,0.326,0.002,0.672
848500,0.344,0.005,0.651
849000,0.281,0.001,0.718
849500,0.276,0.004,0.721
850000,0.280,0.006,0.714
850500,0.340,0.005,0.655
851000,0.272,0.004,0.724
851500,0.297,0.005,0.698
852000,0.292,0.002,0.706
852500,0.302,0.004,0.693
853000,0.311,0.005,0.683
853500,0.301,0.003,0.696
854000,0.269,0.004,0.728
854500,0.266,0.005,0.729
855000,0.259,0.009,0.733
855500,0.269,0.002,0.730
856000,0.288,0.001,0.712
856500,0.303,0.004,0.694
857000,0.338,0.013,0.650
857500,0.261,0.005,0.734
858000,0.272,0.006,0.722
858500,0.338,0.000,0.662
859000,0.296,0.000,0.704
859500,0.333,0.007,0.660
860000,0.305,0.001,0.694
860500,0.265,0.000,0.735
861000,0.289,0.011,0.700
861500,0.258,0.007,0.735
862000,0.260,0.011,0.729
862500,0.333,0.001,0.666
863000,0.297,0.001,0.703
863500,0.300,0.003,0.698
864000,0.349,0.001,0.651
864500,0.310,0.000,0.690
865000,0.393,0.000,0.607
865500,0.398,0.000,0.602
866000,0.347,0.000,0.653
866500,0.349,0.003,0.648
867000,0.275,0.003,0.723
867500,0.315,0.001,0.684
868000,0.359,0.001,0.641
868500,0.302,0.000,0.698
869000,0.264,0.005,0.731
869500,0.324,0.009,0.666
870000,0.271,0.011,0.718
870500,0.303,0.002,0.695
871000,0.360,0.000,0.640
871500,0.285,0.006,0.709
872000,0.248,0.009,0.744
872500,0.264,0.002,0.734
873000,0.317,0.000,0.683
873500,0.339,0.000,0.661
874000,0.330,0.000,0.670
874500,0.312,0.005,0.682
875000,0.322,0.004,0.674
875500,0.296,0.003,0.702
876000,0.339,0.002,0.659
876500,0.384,0.000,0.616
877000,0.363,0.000,0.637
877500,0.301,0.000,0.699
878000,0.270,0.009,0.721
878500,0.282,0.004,0.713
879000,0.297,0.005,0.698
879500,0.300,0.006,0.694
880000,0.281,0.004,0.715
880500,0.319,0.003,0.678
881000,0.288,0.007,0.704
881500,0.270,0.009,0.721
882000,0.234,0.026,0.740
882500,0.230,0.012,0.758
883000,0.231,0.012,0.757
883500,0.212,0.013,0.775
884000,0.247,0.013,0.739
884500,0.234,0.013,0.753
885000,0.286,0.015,0.698
885500,0.319,0.003,0.678
886000,0.306,0.002,0.692
886500,0.337,0.001,0.663
887000,0.333,0.000,0.667
887500,0.363,0.002,0.636
888000,0.306,0.004,0.690
888500,0.303,0.007,0.690
889000,0.297,0.003,0.700
889500,0.310,0.001,0.690
890000,0.303,0.001,0.697
890500,0.299,0.004,0.698
891000,0.332,0.001,0.667
891500,0.321,0.004,0.675
892000,0.290,0.001,0.710
892500,0.255,0.001,0.744
893000,0.249,0.023,0.728
893500,0.262,0.007,0.731
894000,0.263,0.008,0.729
894500,0.261,0.002,0.738
895000,0.281,0.002,0.718
895500,0.308,0.004,0.689
896000,0.270,0.007,0.723
896500,0.247,0.010,0.743
897000,0.309,0.005,0.686
897500,0.296,0.006,0.697
898000,0.290,0.003,0.707
898500,0.313,0.001,0.687
899000,0.346,0.000,0.654
899500,0.327,0.000,0.673
900000,0.281,0.002,0.718
900500,0.326,0.004,0.670
901000,0.308,0.006,0.685
901500,0.326,0.001,0.674
902000,0.324,0.003,0.673
902500,0.342,0.002,0.656
903000,0.342,0.000,0.658
903500,0.322,0.000,0.678
904000,0.318,0.000,0.682
904500,0.278,0.004,0.719
905000,0.360,0.003,0.638
905500,0.347,0.003,0.651
906000,0.331,0.000,0.669
906500,0.344,0.000,0.656
907000,0.351,0.000,0.649
907500,0.388,0.000,0.612
908000,0.336,0.000,0.664
908500,0.332,0.005,0.662
909000,0.282,0.003,0.716
909500,0.337,0.000,0.663
910000,0.284,0.005,0.711
910500,0.299,0.009,0.692
911000,0.316,0.003,0.681
911500,0.298,0.004,0.697
912000,0.331,0.004,0.665
912500,0.303,0.013,0.683
913000,0.303,0.002,0.696
913500,0.331,0.003,0.666
914000,0.248,0.007,0.745
914500,0.286,0.001,0.714
915000,0.351,0.002,0.647
915500,0.334,0.010,0.656
916000,0.329,0.001,0.671
916500,0.300,0.002,0.698
917000,0.276,0.005,0.719
917500,0.306,0.001,0.694
918000,0.352,0.001,0.647
918500,0.298,0.000,0.702
919000,0.294,0.002,0.704
919500,0.256,0.004,0.740
920000,0.255,0.008,0.737
920500,0.269,0.008,0.723
921000,0.282,0.002,0.716
921500,0.304,0.001,0.696
922000,0.325,0.004,0.672
922500,0.285,0.002,0.714
923000,0.311,0.000,0.689
923500,0.275,0.000,0.725
924000,0.319,0.007,0.674
924500,0.352,0.001,0.647
925000,0.319,0.003,0.679
925500,0.288,0.001,0.711
926000,0.280,0.004,0.716
926500,0.333,0.003,0.664
927000,0.327,0.001,0.673
927500,0.282,0.003,0.716
928000,0.271,0.005,0.725
928500,0.300,0.000,0.700
929000,0.374,0.009,0.617
929500,0.369,0.002,0.630
930000,0.322,0.001,0.678
930500,0.402,0.001,0.598
931000,0.313,0.009,0.679
931500,0.287,0.003,0.710
932000,0.315,0.000,0.685
932500,0.331,0.003,0.666
933000,0.391,0.000,0.609
933500,0.379,0.000,0.621
934000,0.362,0.000,0.637
934500,0.307,0.000,0.693
935000,0.331,0.004,0.665
935500,0.313,0.004,0.683
936000,0.278,0.009,0.714
936500,0.378,0.001,0.621
937000,0.294,0.004,0.703
937500,0.282,0.003,0.715
938000,0.276,0.011,0.713
938500,0.261,0.003,0.737
939000,0.246,0.017,0.737
939500,0.253,0.009,0.739
940000,0.315,0.003,0.683
940500,0.331,0.004,0.665
941000,0.325,0.004,0.671
941500,0.280,0.001,0.719
942000,0.344,0.001,0.655
942500,0.366,0.000,0.634
943000,0.367,0.000,0.633
943500,0.294,0.003,0.704
944000,0.281,0.001,0.718
944500,0.278,0.000,0.722
945000,0.315,0.000,0.685
945500,0.285,0.003,0.712
946000,0.305,0.004,0.691
946500,0.309,0.002,0.690
947000,0.367,0.001,0.633
947500,0.393,0.002,0.606
948000,0.339,0.000,0.661
948500,0.320,0.004,0.676
949000,0.334,0.003,0.664
949500,0.335,0.002,0.663
950000,0.305,0.006,0.688
950500,0.310,0.002,0.689
951000,0.293,0.007,0.699
951500,0.320,0.002,0.678
952000,0.317,0.005,0.678
952500,0.315,0.007,0.678
953000,0.303,0.005,0.692
953500,0.319,0.005,0.676
954000,0.355,0.001,0.645
954500,0.374,0.000,0.626
955000,0.338,0.000,0.662
955500,0.381,0.000,0.619
956000,0.312,0.004,0.683
956500,0.307,0.002,0.691
957000,0.293,0.001,0.706
957500,0.324,0.000,0.676
958000,0.291,0.000,0.709
958500,0.306,0.000,0.694
959000,0.278,0.006,0.716
959500,0.289,0.002,0.710
960000,0.289,0.003,0.709
960500,0.270,0.003,0.727
961000,0.294,0.004,0.702
961500,0.291,0.009,0.700
962000,0.289,0.003,0.709
962500,0.275,0.001,0.725
963000,0.344,0.000,0.656
963500,0.312,0.002,0.686
964000,0.301,0.000,0.699
964500,0.344,0.000,0.656
965000,0.287,0.011,0.703
965500,0.326,0.002,0.672
966000,0.336,0.000,0.664
966500,0.311,0.000,0.689
967000,0.350,0.004,0.645
967500,0.356,0.005,0.639
968000,0.353,0.001,0.646
968500,0.351,0.000,0.649
969000,0.361,0.000,0.639
969500,0.330,0.000,0.670
970000,0.327,0.005,0.668
970500,0.335,0.000,0.665
971000,0.312,0.000,0.688
971500,0.244,0.005,0.750
972000,0.289,0.004,0.707
972500,0.317,0.007,0.676
973000,0.341,0.002,0.657
973500,0.315,0.001,0.684
974000,0.300,0.006,0.694
974500,0.299,0.005,0.696
975000,0.294,0.008,0.698
975500,0.269,0.004,0.727
976000,0.283,0.001,0.717
976500,0.337,0.001,0.663
977000,0.317,0.006,0.677
977500,0.343,0.002,0.656
978000,0.350,0.001,0.650
978500,0.370,0.007,0.623
979000,0.359,0.001,0.640
979500,0.322,0.000,0.678
980000,0.316,0.000,0.684
980500,0.342,0.000,0.658
981000,0.290,0.000,0.710
981500,0.271,0.000,0.729
982000,0.286,0.004,0.710
982500,0.248,0.006,0.746
983000,0.297,0.005,0.698
983500,0.337,0.005,0.658
984000,0.313,0.004,0.683
984500,0.288,0.004,0.708
985000,0.269,0.004,0.728
985500,0.240,0.006,0.754
986000,0.214,0.012,0.774
986500,0.237,0.012,0.751
987000,0.232,0.009,0.759
987500,0.264,0.004,0.732
988000,0.273,0.006,0.721
988500,0.278,0.004,0.718
989000,0.352,0.002,0.647
989500,0.360,0.004,0.636
990000,0.316,0.002,0.683
990500,0.301,0.000,0.699
991000,0.287,0.000,0.713
991500,0.285,0.006,0.709
992000,0.284,0.009,0.707
992500,0.274,0.003,0.723
993000,0.242,0.005,0.753
993500,0.239,0.010,0.750
994000,0.285,0.007,0.707
994500,0.320,0.002,0.679
995000,0.328,0.001,0.671
995500,0.263,0.009,0.729
996000,0.224,0.010,0.766
996500,0.219,0.013,0.769
997000,0.217,0.003,0.781
997500,0.289,0.007,0.704
998000,0.314,0.006,0.679
998500,0.276,0.009,0.715
999000,0.305,0.010,0.684
999500,0.298,0.003,0.699
1000000,0.302,0.000,0.698
