time,n_A+p,n_B,n_AB
500,0.050,0.930,0.020
1000,0.052,0.908,0.040
1500,0.051,0.882,0.067
2000,0.051,0.848,0.101
2500,0.055,0.798,0.147
3000,0.054,0.765,0.181
3500,0.056,0.737,0.207
4000,0.064,0.707,0.229
4500,0.069,0.681,0.250
5000,0.067,0.660,0.273
5500,0.064,0.629,0.307
6000,0.066,0.588,0.346
6500,0.072,0.551,0.377
7000,0.073,0.526,0.401
7500,0.080,0.504,0.416
8000,0.086,0.476,0.438
8500,0.100,0.444,0.456
9000,0.106,0.430,0.464
9500,0.110,0.423,0.467
10000,0.129,0.386,0.485
10500,0.134,0.396,0.470
11000,0.144,0.375,0.481
11500,0.135,0.362,0.503
12000,0.134,0.344,0.522
12500,0.137,0.332,0.531
13000,0.157,0.325,0.518
13500,0.169,0.325,0.506
14000,0.160,0.293,0.547
14500,0.180,0.287,0.533
15000,0.171,0.272,0.557
15500,0.182,0.262,0.556
16000,0.191,0.261,0.548
16500,0.221,0.246,0.533
17000,0.222,0.220,0.558
17500,0.239,0.227,0.534
18000,0.252,0.225,0.523
18500,0.246,0.207,0.547
19000,0.248,0.207,0.545
19500,0.257,0.195,0.548
20000,0.256,0.205,0.539
20500,0.270,0.199,0.531
21000,0.269,0.167,0.564
21500,0.270,0.166,0.564
22000,0.278,0.181,0.541
22500,0.276,0.173,0.551
23000,0.271,0.164,0.565
23500,0.257,0.174,0.569
24000,0.252,0.176,0.572
24500,0.248,0.183,0.569
25000,0.264,0.195,0.541
25500,0.269,0.193,0.538
26000,0.275,0.175,0.550
26500,0.286,0.156,0.558
27000,0.285,0.163,0.552
27500,0.296,0.165,0.539
28000,0.304,0.169,0.527
28500,0.299,0.158,0.543
29000,0.280,0.177,0.543
29500,0.274,0.190,0.536
30000,0.268,0.201,0.531
30500,0.263,0.180,0.557
31000,0.265,0.172,0.563
31500,0.291,0.162,0.547
32000,0.283,0.159,0.558
32500,0.283,0.161,0.556
33000,0.277,0.168,0.555
33500,0.299,0.159,0.542
34000,0.297,0.154,0.549
34500,0.287,0.143,0.570
35000,0.307,0.153,0.540
35500,0.331,0.158,0.511
36000,0.318,0.151,0.531
36500,0.297,0.147,0.556
37000,0.319,0.137,0.544
37500,0.326,0.136,0.538
38000,0.337,0.131,0.532
38500,0.330,0.130,0.540
39000,0.333,0.122,0.545
39500,0.354,0.117,0.529
40000,0.346,0.118,0.536
40500,0.344,0.126,0.530
41000,0.331,0.108,0.561
41500,0.323,0.109,0.568
42000,0.331,0.110,0.559
42500,0.340,0.130,0.530
43000,0.327,0.134,0.539
43500,0.323,0.120,0.557
44000,0.310,0.139,0.551
44500,0.316,0.130,0.554
45000,0.309,0.125,0.566
45500,0.310,0.120,0.570
46000,0.318,0.117,0.565
46500,0.313,0.123,0.564
47000,0.323,0.139,0.538
47500,0.334,0.145,0.521
48000,0.334,0.151,0.515
48500,0.344,0.134,0.522
49000,0.347,0.137,0.516
49500,0.360,0.130,0.510
50000,0.370,0.115,0.515
50500,0.343,0.124,0.533
51000,0.341,0.136,0.523
51500,0.342,0.117,0.541
52000,0.350,0.124,0.526
52500,0.354,0.132,0.514
53000,0.382,0.121,0.497
53500,0.380,0.111,0.509
54000,0.357,0.107,0.536
54500,0.351,0.117,0.532
55000,0.354,0.134,0.512
55500,0.340,0.131,0.529
56000,0.360,0.141,0.499
56500,0.349,0.136,0.515
57000,0.324,0.125,0.551
57500,0.321,0.122,0.557
58000,0.337,0.126,0.537
58500,0.323,0.119,0.558
59000,0.326,0.122,0.552
59500,0.354,0.122,0.524
60000,0.340,0.115,0.545
60500,0.338,0.104,0.558
61000,0.339,0.113,0.548
61500,0.343,0.120,0.537
62000,0.333,0.128,0.539
62500,0.329,0.132,0.539
63000,0.331,0.136,0.533
63500,0.315,0.131,0.554
64000,0.314,0.149,0.537
64500,0.302,0.158,0.540
65000,0.291,0.165,0.544
65500,0.306,0.166,0.528
66000,0.314,0.150,0.536
66500,0.313,0.155,0.532
67000,0.305,0.147,0.548
67500,0.294,0.138,0.568
68000,0.294,0.123,0.583
68500,0.312,0.125,0.563
69000,0.310,0.116,0.574
69500,0.311,0.123,0.566
70000,0.328,0.128,0.544
70500,0.329,0.124,0.547
71000,0.327,0.132,0.541
71500,0.332,0.134,0.534
72000,0.344,0.138,0.518
72500,0.327,0.137,0.536
73000,0.333,0.137,0.530
73500,0.313,0.138,0.549
74000,0.308,0.146,0.546
74500,0.310,0.136,0.554
75000,0.309,0.144,0.547
75500,0.312,0.137,0.551
76000,0.330,0.138,0.532
76500,0.324,0.138,0.538
77000,0.317,0.128,0.555
77500,0.322,0.130,0.548
78000,0.347,0.117,0.536
78500,0.351,0.109,0.540
79000,0.351,0.115,0.534
79500,0.358,0.108,0.534
80000,0.368,0.120,0.512
80500,0.372,0.102,0.526
81000,0.383,0.088,0.529
81500,0.376,0.097,0.527
82000,0.358,0.104,0.538
82500,0.355,0.106,0.539
83000,0.360,0.097,0.543
83500,0.374,0.101,0.525
84000,0.349,0.107,0.544
84500,0.351,0.112,0.537
85000,0.347,0.113,0.540
85500,0.356,0.107,0.537
86000,0.348,0.103,0.549
86500,0.358,0.103,0.539
87000,0.358,0.096,0.546
87500,0.355,0.096,0.549
88000,0.367,0.088,0.545
88500,0.370,0.090,0.540
89000,0.360,0.093,0.547
89500,0.379,0.093,0.528
90000,0.375,0.096,0.529
90500,0.398,0.105,0.497
91000,0.395,0.101,0.504
91500,0.394,0.101,0.505
92000,0.389,0.091,0.520
92500,0.411,0.095,0.494
93000,0.408,0.087,0.505
93500,0.416,0.098,0.486
94000,0.412,0.092,0.496
94500,0.401,0.095,0.504
95000,0.368,0.110,0.522
95500,0.383,0.103,0.514
96000,0.390,0.092,0.518
96500,0.395,0.094,0.511
97000,0.384,0.098,0.518
97500,0.381,0.103,0.516
98000,0.369,0.101,0.530
98500,0.361,0.095,0.544
99000,0.376,0.103,0.521
99500,0.377,0.097,0.526
100000,0.382,0.104,0.514
100500,0.379,0.114,0.507
101000,0.382,0.112,0.506
101500,0.372,0.105,0.523
102000,0.366,0.113,0.521
102500,0.364,0.119,0.517
103000,0.362,0.131,0.507
103500,0.352,0.132,0.516
104000,0.331,0.131,0.538
104500,0.327,0.135,0.538
105000,0.327,0.130,0.543
105500,0.339,0.133,0.528
106000,0.328,0.134,0.538
106500,0.340,0.138,0.522
107000,0.342,0.119,0.539
107500,0.351,0.130,0.519
108000,0.335,0.119,0.546
108500,0.327,0.119,0.554
109000,0.330,0.116,0.554
109500,0.338,0.130,0.532
110000,0.345,0.125,0.530
110500,0.354,0.125,0.521
111000,0.356,0.130,0.514
111500,0.340,0.138,0.522
112000,0.330,0.124,0.546
112500,0.330,0.120,0.550
113000,0.345,0.116,0.539
113500,0.329,0.123,0.548
114000,0.342,0.122,0.536
114500,0.343,0.131,0.526
115000,0.349,0.157,0.494
115500,0.323,0.145,0.532
116000,0.327,0.141,0.532
116500,0.332,0.130,0.538
117000,0.350,0.125,0.525
117500,0.336,0.137,0.527
118000,0.357,0.131,0.512
118500,0.344,0.127,0.529
119000,0.341,0.106,0.553
119500,0.346,0.119,0.535
120000,0.341,0.109,0.550
120500,0.343,0.114,0.543
121000,0.343,0.110,0.547
121500,0.349,0.102,0.549
122000,0.387,0.119,0.494
122500,0.395,0.107,0.498
123000,0.383,0.094,0.523
123500,0.376,0.103,0.521
124000,0.378,0.101,0.521
124500,0.397,0.109,0.494
125000,0.391,0.114,0.495
125500,0.378,0.102,0.520
126000,0.366,0.102,0.532
126500,0.353,0.104,0.543
127000,0.353,0.101,0.546
127500,0.367,0.104,0.529
128000,0.371,0.105,0.524
128500,0.369,0.121,0.510
129000,0.376,0.113,0.511
129500,0.373,0.109,0.518
130000,0.384,0.106,0.510
130500,0.385,0.112,0.503
131000,0.380,0.111,0.509
131500,0.368,0.108,0.524
132000,0.365,0.101,0.534
132500,0.367,0.098,0.535
133000,0.353,0.098,0.549
133500,0.360,0.098,0.542
134000,0.373,0.099,0.528
134500,0.350,0.112,0.538
135000,0.347,0.125,0.528
135500,0.348,0.119,0.533
136000,0.377,0.110,0.513
136500,0.390,0.097,0.513
137000,0.377,0.094,0.529
137500,0.380,0.095,0.525
138000,0.392,0.081,0.527
138500,0.389,0.081,0.530
139000,0.384,0.079,0.537
139500,0.379,0.086,0.535
140000,0.373,0.099,0.528
140500,0.370,0.104,0.526
141000,0.381,0.094,0.525
141500,0.367,0.100,0.533
142000,0.368,0.093,0.539
142500,0.363,0.108,0.529
143000,0.361,0.116,0.523
143500,0.350,0.120,0.530
144000,0.346,0.128,0.526
144500,0.355,0.117,0.528
145000,0.339,0.110,0.551
145500,0.343,0.120,0.537
146000,0.357,0.122,0.521
146500,0.369,0.112,0.519
147000,0.364,0.112,0.524
147500,0.355,0.117,0.528
148000,0.337,0.112,0.551
148500,0.318,0.120,0.562
149000,0.324,0.116,0.560
149500,0.328,0.109,0.563
150000,0.338,0.105,0.557
150500,0.345,0.110,0.545
151000,0.344,0.110,0.546
151500,0.352,0.113,0.535
152000,0.352,0.124,0.524
152500,0.345,0.122,0.533
153000,0.325,0.130,0.545
153500,0.336,0.127,0.537
154000,0.340,0.125,0.535
154500,0.326,0.132,0.542
155000,0.339,0.121,0.540
155500,0.335,0.127,0.538
156000,0.315,0.147,0.538
156500,0.317,0.150,0.533
157000,0.327,0.150,0.523
157500,0.318,0.143,0.539
158000,0.303,0.145,0.552
158500,0.294,0.156,0.550
159000,0.292,0.151,0.557
159500,0.301,0.152,0.547
160000,0.296,0.144,0.560
160500,0.269,0.148,0.583
161000,0.275,0.173,0.552
161500,0.285,0.182,0.533
162000,0.272,0.177,0.551
162500,0.273,0.179,0.548
163000,0.267,0.169,0.564
163500,0.264,0.168,0.568
164000,0.269,0.166,0.565
164500,0.279,0.157,0.564
165000,0.286,0.158,0.556
165500,0.295,0.144,0.561
166000,0.298,0.142,0.560
166500,0.304,0.133,0.563
167000,0.311,0.129,0.560
167500,0.306,0.132,0.562
168000,0.329,0.120,0.551
168500,0.341,0.105,0.554
169000,0.334,0.127,0.539
169500,0.343,0.125,0.532
170000,0.333,0.120,0.547
170500,0.342,0.115,0.543
171000,0.351,0.111,0.538
171500,0.345,0.108,0.547
172000,0.326,0.118,0.556
172500,0.309,0.133,0.558
173000,0.339,0.123,0.538
173500,0.345,0.144,0.511
174000,0.358,0.145,0.497
174500,0.356,0.133,0.511
175000,0.351,0.127,0.522
175500,0.345,0.124,0.531
176000,0.341,0.134,0.525
176500,0.348,0.118,0.534
177000,0.353,0.130,0.517
177500,0.346,0.125,0.529
178000,0.352,0.121,0.527
178500,0.339,0.127,0.534
179000,0.346,0.130,0.524
179500,0.336,0.143,0.521
180000,0.338,0.148,0.514
180500,0.362,0.135,0.503
181000,0.360,0.145,0.495
181500,0.344,0.130,0.526
182000,0.344,0.112,0.544
182500,0.341,0.114,0.545
183000,0.327,0.138,0.535
183500,0.340,0.127,0.533
184000,0.335,0.125,0.540
184500,0.369,0.125,0.506
185000,0.359,0.116,0.525
185500,0.340,0.108,0.552
186000,0.331,0.106,0.563
186500,0.309,0.107,0.584
187000,0.308,0.127,0.565
187500,0.303,0.126,0.571
188000,0.309,0.124,0.567
188500,0.314,0.120,0.566
189000,0.320,0.125,0.555
189500,0.314,0.124,0.562
190000,0.318,0.115,0.567
190500,0.327,0.111,0.562
191000,0.339,0.104,0.557
191500,0.344,0.111,0.545
192000,0.352,0.102,0.546
192500,0.352,0.103,0.545
193000,0.346,0.097,0.557
193500,0.354,0.100,0.546
194000,0.364,0.123,0.513
194500,0.365,0.128,0.507
195000,0.356,0.109,0.535
195500,0.349,0.137,0.514
196000,0.355,0.123,0.522
196500,0.370,0.109,0.521
197000,0.379,0.107,0.514
197500,0.371,0.101,0.528
198000,0.372,0.094,0.534
198500,0.398,0.099,0.503
199000,0.385,0.106,0.509
199500,0.374,0.110,0.516
200000,0.380,0.089,0.531
200500,0.371,0.095,0.534
201000,0.364,0.100,0.536
201500,0.351,0.107,0.542
202000,0.353,0.123,0.524
202500,0.339,0.122,0.539
203000,0.323,0.125,0.552
203500,0.331,0.125,0.544
204000,0.337,0.120,0.543
204500,0.349,0.140,0.511
205000,0.339,0.122,0.539
205500,0.333,0.138,0.529
206000,0.324,0.143,0.533
206500,0.319,0.148,0.533
207000,0.322,0.138,0.540
207500,0.339,0.138,0.523
208000,0.336,0.128,0.536
208500,0.328,0.126,0.546
209000,0.325,0.130,0.545
209500,0.332,0.135,0.533
210000,0.342,0.114,0.544
210500,0.337,0.122,0.541
211000,0.356,0.115,0.529
211500,0.354,0.123,0.523
212000,0.357,0.115,0.528
212500,0.366,0.111,0.523
213000,0.373,0.105,0.522
213500,0.386,0.105,0.509
214000,0.376,0.103,0.521
214500,0.379,0.121,0.500
215000,0.354,0.121,0.525
215500,0.351,0.120,0.529
216000,0.348,0.121,0.531
216500,0.343,0.117,0.540
217000,0.344,0.115,0.541
217500,0.326,0.135,0.539
218000,0.332,0.126,0.542
218500,0.338,0.126,0.536
219000,0.317,0.130,0.553
219500,0.309,0.145,0.546
220000,0.324,0.135,0.541
220500,0.347,0.125,0.528
221000,0.345,0.127,0.528
221500,0.337,0.139,0.524
222000,0.333,0.124,0.543
222500,0.351,0.129,0.520
223000,0.354,0.115,0.531
223500,0.361,0.122,0.517
224000,0.371,0.129,0.500
224500,0.360,0.111,0.529
225000,0.345,0.100,0.555
225500,0.338,0.107,0.555
226000,0.339,0.109,0.552
226500,0.327,0.130,0.543
227000,0.309,0.148,0.543
227500,0.308,0.141,0.551
228000,0.301,0.139,0.560
228500,0.315,0.133,0.552
229000,0.308,0.131,0.561
229500,0.304,0.127,0.569
230000,0.312,0.129,0.559
230500,0.304,0.129,0.567
231000,0.294,0.124,0.582
231500,0.296,0.123,0.581
232000,0.299,0.131,0.570
232500,0.314,0.139,0.547
233000,0.328,0.139,0.533
233500,0.318,0.123,0.559
234000,0.335,0.126,0.539
234500,0.339,0.123,0.538
235000,0.340,0.121,0.539
235500,0.346,0.109,0.545
236000,0.347,0.115,0.538
236500,0.345,0.128,0.527
237000,0.332,0.124,0.544
237500,0.320,0.131,0.549
238000,0.313,0.141,0.546
238500,0.325,0.145,0.530
239000,0.323,0.141,0.536
239500,0.313,0.124,0.563
240000,0.336,0.116,0.548
240500,0.349,0.125,0.526
241000,0.360,0.128,0.512
241500,0.364,0.123,0.513
242000,0.345,0.116,0.539
242500,0.347,0.116,0.537
243000,0.334,0.121,0.545
243500,0.334,0.137,0.529
244000,0.333,0.142,0.525
244500,0.334,0.152,0.514
245000,0.324,0.142,0.534
245500,0.342,0.108,0.550
246000,0.339,0.116,0.545
246500,0.344,0.107,0.549
247000,0.324,0.103,0.573
247500,0.341,0.111,0.548
248000,0.354,0.108,0.538
248500,0.359,0.107,0.534
249000,0.358,0.114,0.528
249500,0.359,0.109,0.532
250000,0.358,0.099,0.543
250500,0.363,0.094,0.543
251000,0.369,0.102,0.529
251500,0.378,0.095,0.527
252000,0.378,0.105,0.517
252500,0.385,0.086,0.529
253000,0.370,0.085,0.545
253500,0.359,0.102,0.539
254000,0.361,0.101,0.538
254500,0.380,0.118,0.502
255000,0.356,0.116,0.528
255500,0.356,0.123,0.521
256000,0.364,0.133,0.503
256500,0.339,0.142,0.519
257000,0.325,0.140,0.535
257500,0.312,0.126,0.562
258000,0.314,0.135,0.551
258500,0.326,0.135,0.539
259000,0.330,0.123,0.547
259500,0.342,0.128,0.530
260000,0.345,0.128,0.527
260500,0.307,0.141,0.552
261000,0.309,0.129,0.562
261500,0.319,0.132,0.549
262000,0.306,0.127,0.567
262500,0.299,0.128,0.573
263000,0.318,0.140,0.542
263500,0.340,0.129,0.531
264000,0.338,0.137,0.525
264500,0.331,0.146,0.523
265000,0.325,0.127,0.548
265500,0.320,0.127,0.553
266000,0.341,0.115,0.544
266500,0.319,0.120,0.561
267000,0.331,0.133,0.536
267500,0.319,0.124,0.557
268000,0.305,0.133,0.562
268500,0.302,0.147,0.551
269000,0.315,0.146,0.539
269500,0.309,0.133,0.558
270000,0.328,0.140,0.532
270500,0.308,0.130,0.562
271000,0.310,0.127,0.563
271500,0.308,0.143,0.549
272000,0.310,0.145,0.545
272500,0.312,0.148,0.540
273000,0.319,0.143,0.538
273500,0.331,0.151,0.518
274000,0.321,0.132,0.547
274500,0.309,0.137,0.554
275000,0.338,0.135,0.527
275500,0.340,0.142,0.518
276000,0.358,0.103,0.539
276500,0.377,0.124,0.499
277000,0.366,0.137,0.497
277500,0.379,0.126,0.495
278000,0.359,0.119,0.522
278500,0.369,0.128,0.503
279000,0.354,0.126,0.520
279500,0.353,0.119,0.528
280000,0.343,0.110,0.547
280500,0.328,0.125,0.547
281000,0.322,0.143,0.535
281500,0.315,0.129,0.556
282000,0.315,0.126,0.559
282500,0.325,0.129,0.546
283000,0.319,0.130,0.551
283500,0.303,0.133,0.564
284000,0.310,0.126,0.564
284500,0.329,0.125,0.546
285000,0.335,0.118,0.547
285500,0.315,0.135,0.550
286000,0.328,0.126,0.546
286500,0.340,0.126,0.534
287000,0.328,0.141,0.531
287500,0.324,0.128,0.548
288000,0.338,0.134,0.528
288500,0.327,0.129,0.544
289000,0.328,0.128,0.544
289500,0.335,0.128,0.537
290000,0.342,0.126,0.532
290500,0.354,0.120,0.526
291000,0.375,0.124,0.501
291500,0.371,0.110,0.519
292000,0.354,0.120,0.526
292500,0.349,0.127,0.524
293000,0.322,0.131,0.547
293500,0.334,0.142,0.524
294000,0.340,0.136,0.524
294500,0.326,0.140,0.534
295000,0.330,0.144,0.526
295500,0.332,0.131,0.537
296000,0.327,0.119,0.554
296500,0.316,0.130,0.554
297000,0.311,0.138,0.551
297500,0.324,0.136,0.540
298000,0.324,0.114,0.562
298500,0.314,0.122,0.564
299000,0.303,0.137,0.560
299500,0.294,0.139,0.567
300000,0.307,0.142,0.551
300500,0.331,0.164,0.505
301000,0.314,0.164,0.522
301500,0.316,0.153,0.531
302000,0.324,0.161,0.515
302500,0.314,0.175,0.511
303000,0.310,0.161,0.529
303500,0.297,0.147,0.556
304000,0.305,0.135,0.560
304500,0.300,0.132,0.568
305000,0.276,0.121,0.603
305500,0.291,0.136,0.573
306000,0.285,0.136,0.579
306500,0.297,0.149,0.554
307000,0.282,0.155,0.563
307500,0.288,0.162,0.550
308000,0.310,0.164,0.526
308500,0.310,0.144,0.546
309000,0.304,0.168,0.528
309500,0.320,0.168,0.512
310000,0.301,0.157,0.542
310500,0.306,0.155,0.539
311000,0.316,0.147,0.537
311500,0.298,0.137,0.565
312000,0.289,0.138,0.573
312500,0.292,0.129,0.579
313000,0.289,0.141,0.570
313500,0.305,0.127,0.568
314000,0.277,0.118,0.605
314500,0.293,0.138,0.569
315000,0.289,0.146,0.565
315500,0.291,0.139,0.570
316000,0.306,0.142,0.552
316500,0.291,0.139,0.570
317000,0.282,0.141,0.577
317500,0.289,0.151,0.560
318000,0.293,0.151,0.556
318500,0.301,0.154,0.545
319000,0.295,0.155,0.550
319500,0.307,0.148,0.545
320000,0.298,0.158,0.544
320500,0.301,0.154,0.545
321000,0.319,0.151,0.530
321500,0.324,0.155,0.521
322000,0.316,0.144,0.540
322500,0.320,0.164,0.516
323000,0.326,0.162,0.512
323500,0.328,0.142,0.530
324000,0.301,0.152,0.547
324500,0.317,0.158,0.525
325000,0.318,0.149,0.533
325500,0.320,0.145,0.535
326000,0.316,0.156,0.528
326500,0.299,0.147,0.554
327000,0.299,0.161,0.540
327500,0.297,0.157,0.546
328000,0.296,0.147,0.557
328500,0.306,0.169,0.525
329000,0.310,0.156,0.534
329500,0.295,0.166,0.539
330000,0.307,0.172,0.521
330500,0.302,0.168,0.530
331000,0.306,0.158,0.536
331500,0.316,0.141,0.543
332000,0.320,0.146,0.534
332500,0.320,0.132,0.548
333000,0.325,0.139,0.536
333500,0.333,0.135,0.532
334000,0.316,0.142,0.542
334500,0.329,0.143,0.528
335000,0.318,0.137,0.545
335500,0.312,0.123,0.565
336000,0.293,0.134,0.573
336500,0.307,0.129,0.564
337000,0.307,0.138,0.555
337500,0.297,0.140,0.563
338000,0.306,0.150,0.544
338500,0.322,0.161,0.517
339000,0.319,0.168,0.513
339500,0.305,0.184,0.511
340000,0.315,0.181,0.504
340500,0.289,0.159,0.552
341000,0.291,0.151,0.558
341500,0.306,0.158,0.536
342000,0.302,0.163,0.535
342500,0.299,0.158,0.543
343000,0.294,0.147,0.559
343500,0.305,0.153,0.542
344000,0.310,0.157,0.533
344500,0.300,0.156,0.544
345000,0.300,0.151,0.549
345500,0.290,0.155,0.555
346000,0.285,0.143,0.572
346500,0.309,0.155,0.536
347000,0.323,0.144,0.533
347500,0.291,0.161,0.548
348000,0.287,0.172,0.541
348500,0.285,0.166,0.549
349000,0.300,0.165,0.535
349500,0.291,0.161,0.548
350000,0.290,0.159,0.551
350500,0.291,0.153,0.556
351000,0.306,0.173,0.521
351500,0.295,0.175,0.530
352000,0.307,0.153,0.540
352500,0.326,0.132,0.542
353000,0.339,0.139,0.522
353500,0.330,0.128,0.542
354000,0.324,0.131,0.545
354500,0.301,0.131,0.568
355000,0.328,0.132,0.540
355500,0.326,0.148,0.526
356000,0.337,0.130,0.533
356500,0.319,0.143,0.538
357000,0.310,0.150,0.540
357500,0.306,0.153,0.541
358000,0.313,0.154,0.533
358500,0.295,0.140,0.565
359000,0.299,0.146,0.555
359500,0.311,0.137,0.552
360000,0.311,0.138,0.551
360500,0.317,0.135,0.548
361000,0.321,0.109,0.570
361500,0.321,0.117,0.562
362000,0.328,0.112,0.560
362500,0.323,0.112,0.565
363000,0.316,0.126,0.558
363500,0.324,0.147,0.529
364000,0.312,0.142,0.546
364500,0.341,0.129,0.530
365000,0.346,0.130,0.524
365500,0.346,0.128,0.526
366000,0.351,0.123,0.526
366500,0.352,0.125,0.523
367000,0.333,0.127,0.540
367500,0.342,0.123,0.535
368000,0.319,0.139,0.542
368500,0.304,0.140,0.556
369000,0.294,0.151,0.555
369500,0.321,0.139,0.540
370000,0.335,0.140,0.525
370500,0.347,0.142,0.511
371000,0.342,0.139,0.519
371500,0.344,0.143,0.513
372000,0.356,0.130,0.514
372500,0.349,0.133,0.518
373000,0.352,0.125,0.523
373500,0.357,0.123,0.520
374000,0.355,0.133,0.512
374500,0.339,0.127,0.534
375000,0.338,0.116,0.546
375500,0.329,0.108,0.563
376000,0.325,0.125,0.550
376500,0.317,0.125,0.558
377000,0.329,0.128,0.543
377500,0.334,0.125,0.541
378000,0.323,0.133,0.544
378500,0.325,0.132,0.543
379000,0.319,0.133,0.548
379500,0.327,0.136,0.537
380000,0.337,0.139,0.524
380500,0.331,0.133,0.536
381000,0.340,0.134,0.526
381500,0.335,0.147,0.518
382000,0.324,0.141,0.535
382500,0.320,0.147,0.533
383000,0.305,0.144,0.551
383500,0.308,0.152,0.540
384000,0.302,0.151,0.547
384500,0.311,0.149,0.540
385000,0.322,0.152,0.526
385500,0.318,0.149,0.533
386000,0.317,0.147,0.536
386500,0.331,0.130,0.539
387000,0.342,0.121,0.537
387500,0.340,0.112,0.548
388000,0.337,0.122,0.541
388500,0.356,0.130,0.514
389000,0.343,0.132,0.525
389500,0.330,0.136,0.534
390000,0.310,0.131,0.559
390500,0.317,0.132,0.551
391000,0.321,0.144,0.535
391500,0.327,0.146,0.527
392000,0.326,0.141,0.533
392500,0.334,0.141,0.525
393000,0.317,0.135,0.548
393500,0.327,0.130,0.543
394000,0.334,0.131,0.535
394500,0.314,0.134,0.552
395000,0.322,0.133,0.545
395500,0.327,0.148,0.525
396000,0.330,0.139,0.531
396500,0.320,0.158,0.522
397000,0.319,0.156,0.525
397500,0.318,0.158,0.524
398000,0.320,0.153,0.527
398500,0.310,0.146,0.544
399000,0.314,0.151,0.535
399500,0.298,0.148,0.554
400000,0.316,0.137,0.547
400500,0.320,0.128,0.552
401000,0.311,0.137,0.552
401500,0.314,0.129,0.557
402000,0.320,0.126,0.554
402500,0.309,0.127,0.564
403000,0.327,0.139,0.534
403500,0.322,0.131,0.547
404000,0.306,0.154,0.540
404500,0.301,0.162,0.537
405000,0.306,0.158,0.536
405500,0.296,0.171,0.533
406000,0.282,0.173,0.545
406500,0.272,0.165,0.563
407000,0.282,0.140,0.578
407500,0.293,0.135,0.572
408000,0.297,0.156,0.547
408500,0.296,0.146,0.558
409000,0.322,0.130,0.548
409500,0.320,0.134,0.546
410000,0.311,0.134,0.555
410500,0.302,0.125,0.573
411000,0.317,0.130,0.553
411500,0.316,0.136,0.548
412000,0.306,0.125,0.569
412500,0.309,0.127,0.564
413000,0.320,0.139,0.541
413500,0.318,0.139,0.543
414000,0.313,0.129,0.558
414500,0.319,0.120,0.561
415000,0.319,0.135,0.546
415500,0.325,0.126,0.549
416000,0.331,0.118,0.551
416500,0.321,0.135,0.544
417000,0.317,0.157,0.526
417500,0.317,0.137,0.546
418000,0.336,0.138,0.526
418500,0.343,0.133,0.524
419000,0.348,0.129,0.523
419500,0.327,0.146,0.527
420000,0.314,0.161,0.525
420500,0.292,0.167,0.541
421000,0.291,0.162,0.547
421500,0.304,0.143,0.553
422000,0.312,0.162,0.526
422500,0.306,0.149,0.545
423000,0.311,0.139,0.550
423500,0.316,0.136,0.548
424000,0.320,0.127,0.553
424500,0.318,0.128,0.554
425000,0.328,0.126,0.546
425500,0.338,0.124,0.538
426000,0.347,0.121,0.532
426500,0.355,0.127,0.518
427000,0.336,0.135,0.529
427500,0.320,0.141,0.539
428000,0.302,0.130,0.568
428500,0.302,0.120,0.578
429000,0.319,0.130,0.551
429500,0.300,0.147,0.553
430000,0.293,0.154,0.553
430500,0.295,0.158,0.547
431000,0.292,0.172,0.536
431500,0.304,0.162,0.534
432000,0.301,0.157,0.542
432500,0.302,0.161,0.537
433000,0.316,0.142,0.542
433500,0.309,0.139,0.552
434000,0.318,0.133,0.549
434500,0.316,0.135,0.549
435000,0.326,0.128,0.546
435500,0.311,0.147,0.542
436000,0.307,0.142,0.551
436500,0.323,0.151,0.526
437000,0.339,0.147,0.514
437500,0.322,0.140,0.538
438000,0.332,0.127,0.541
438500,0.353,0.118,0.529
439000,0.350,0.119,0.531
439500,0.356,0.126,0.518
440000,0.341,0.126,0.533
440500,0.357,0.132,0.511
441000,0.351,0.127,0.522
441500,0.372,0.118,0.510
442000,0.374,0.130,0.496
442500,0.364,0.124,0.512
443000,0.371,0.134,0.495
443500,0.363,0.136,0.501
444000,0.366,0.132,0.502
444500,0.374,0.123,0.503
445000,0.378,0.139,0.483
445500,0.356,0.140,0.504
446000,0.344,0.151,0.505
446500,0.351,0.157,0.492
447000,0.329,0.137,0.534
447500,0.333,0.138,0.529
448000,0.340,0.140,0.520
448500,0.338,0.125,0.537
449000,0.342,0.117,0.541
449500,0.339,0.125,0.536
450000,0.333,0.147,0.520
450500,0.323,0.132,0.545
451000,0.342,0.131,0.527
451500,0.337,0.138,0.525
452000,0.323,0.147,0.530
452500,0.334,0.143,0.523
453000,0.319,0.133,0.548
453500,0.319,0.135,0.546
454000,0.314,0.130,0.556
454500,0.324,0.125,0.551
455000,0.346,0.133,0.521
455500,0.340,0.121,0.539
456000,0.333,0.127,0.540
456500,0.347,0.128,0.525
457000,0.347,0.106,0.547
457500,0.376,0.107,0.517
458000,0.384,0.097,0.519
458500,0.369,0.111,0.520
459000,0.358,0.107,0.535
459500,0.369,0.111,0.520
460000,0.370,0.115,0.515
460500,0.368,0.105,0.527
461000,0.352,0.119,0.529
461500,0.366,0.107,0.527
462000,0.373,0.103,0.524
462500,0.353,0.124,0.523
463000,0.325,0.143,0.532
463500,0.332,0.131,0.537
464000,0.339,0.129,0.532
464500,0.338,0.112,0.550
465000,0.331,0.122,0.547
465500,0.330,0.133,0.537
466000,0.321,0.133,0.546
466500,0.340,0.129,0.531
467000,0.337,0.115,0.548
467500,0.337,0.136,0.527
468000,0.332,0.140,0.528
468500,0.343,0.144,0.513
469000,0.345,0.140,0.515
469500,0.343,0.124,0.533
470000,0.346,0.127,0.527
470500,0.346,0.146,0.508
471000,0.353,0.138,0.509
471500,0.349,0.121,0.530
472000,0.349,0.134,0.517
472500,0.361,0.128,0.511
473000,0.344,0.117,0.539
473500,0.351,0.126,0.523
474000,0.348,0.136,0.516
474500,0.342,0.132,0.526
475000,0.338,0.130,0.532
475500,0.318,0.120,0.562
476000,0.323,0.125,0.552
476500,0.342,0.125,0.533
477000,0.353,0.120,0.527
477500,0.363,0.116,0.521
478000,0.360,0.113,0.527
478500,0.348,0.112,0.540
479000,0.363,0.121,0.516
479500,0.355,0.123,0.522
480000,0.370,0.129,0.501
480500,0.357,0.116,0.527
481000,0.333,0.116,0.551
481500,0.334,0.102,0.564
482000,0.324,0.108,0.568
482500,0.332,0.131,0.537
483000,0.319,0.124,0.557
483500,0.319,0.121,0.560
484000,0.321,0.127,0.552
484500,0.326,0.142,0.532
485000,0.315,0.122,0.563
485500,0.333,0.118,0.549
486000,0.329,0.138,0.533
486500,0.328,0.130,0.542
487000,0.323,0.132,0.545
487500,0.327,0.130,0.543
488000,0.323,0.134,0.543
488500,0.322,0.135,0.543
489000,0.334,0.140,0.526
489500,0.340,0.120,0.540
490000,0.340,0.112,0.548
490500,0.337,0.130,0.533
491000,0.338,0.123,0.539
491500,0.325,0.128,0.547
492000,0.349,0.125,0.526
492500,0.350,0.134,0.516
493000,0.335,0.136,0.529
493500,0.318,0.147,0.535
494000,0.335,0.159,0.506
494500,0.336,0.138,0.526
495000,0.336,0.119,0.545
495500,0.320,0.105,0.575
496000,0.319,0.120,0.561
496500,0.345,0.115,0.540
497000,0.349,0.119,0.532
497500,0.353,0.127,0.520
498000,0.339,0.143,0.518
498500,0.316,0.134,0.550
499000,0.287,0.129,0.584
499500,0.301,0.145,0.554
500000,0.291,0.125,0.584
500500,0.309,0.138,0.553
501000,0.323,0.133,0.544
501500,0.323,0.145,0.532
502000,0.305,0.141,0.554
502500,0.322,0.162,0.516
503000,0.314,0.157,0.529
503500,0.311,0.171,0.518
504000,0.317,0.153,0.530
504500,0.327,0.153,0.520
505000,0.307,0.153,0.540
505500,0.308,0.149,0.543
506000,0.299,0.141,0.560
506500,0.298,0.145,0.557
507000,0.287,0.132,0.581
507500,0.305,0.139,0.556
508000,0.297,0.133,0.570
508500,0.308,0.148,0.544
509000,0.309,0.149,0.542
509500,0.287,0.155,0.558
510000,0.308,0.154,0.538
510500,0.302,0.158,0.540
511000,0.311,0.167,0.522
511500,0.315,0.175,0.510
512000,0.318,0.169,0.513
512500,0.332,0.172,0.496
513000,0.324,0.158,0.518
513500,0.331,0.164,0.505
514000,0.318,0.157,0.525
514500,0.313,0.150,0.537
515000,0.304,0.154,0.542
515500,0.301,0.155,0.544
516000,0.283,0.150,0.567
516500,0.287,0.147,0.566
517000,0.294,0.160,0.546
517500,0.296,0.135,0.569
518000,0.310,0.140,0.550
518500,0.316,0.141,0.543
519000,0.310,0.152,0.538
519500,0.298,0.147,0.555
520000,0.316,0.155,0.529
520500,0.300,0.151,0.549
521000,0.327,0.150,0.523
521500,0.318,0.149,0.533
522000,0.325,0.167,0.508
522500,0.327,0.149,0.524
523000,0.325,0.138,0.537
523500,0.320,0.152,0.528
524000,0.310,0.143,0.547
524500,0.325,0.134,0.541
525000,0.326,0.137,0.537
525500,0.322,0.144,0.534
526000,0.318,0.131,0.551
526500,0.317,0.130,0.553
527000,0.326,0.124,0.550
527500,0.330,0.124,0.546
528000,0.307,0.135,0.558
528500,0.288,0.134,0.578
529000,0.286,0.138,0.576
529500,0.296,0.147,0.557
530000,0.287,0.131,0.582
530500,0.289,0.117,0.594
531000,0.285,0.117,0.598
531500,0.290,0.126,0.584
532000,0.286,0.118,0.596
532500,0.289,0.118,0.593
533000,0.294,0.126,0.580
533500,0.279,0.144,0.577
534000,0.284,0.147,0.569
534500,0.283,0.157,0.560
535000,0.270,0.156,0.574
535500,0.263,0.173,0.564
536000,0.263,0.177,0.560
536500,0.257,0.173,0.570
537000,0.257,0.164,0.579
537500,0.263,0.178,0.559
538000,0.280,0.178,0.542
538500,0.277,0.165,0.558
539000,0.280,0.176,0.544
539500,0.263,0.177,0.560
540000,0.261,0.180,0.559
540500,0.268,0.181,0.551
541000,0.264,0.194,0.542
541500,0.254,0.173,0.573
542000,0.276,0.165,0.559
542500,0.272,0.168,0.560
543000,0.283,0.165,0.552
543500,0.274,0.159,0.567
544000,0.289,0.162,0.549
544500,0.284,0.153,0.563
545000,0.285,0.158,0.557
545500,0.298,0.169,0.533
546000,0.294,0.168,0.538
546500,0.298,0.159,0.543
547000,0.301,0.150,0.549
547500,0.310,0.149,0.541
548000,0.297,0.133,0.570
548500,0.291,0.130,0.579
549000,0.295,0.151,0.554
549500,0.275,0.148,0.577
550000,0.293,0.163,0.544
550500,0.311,0.162,0.527
551000,0.337,0.149,0.514
551500,0.346,0.154,0.500
552000,0.356,0.144,0.500
552500,0.355,0.133,0.512
553000,0.354,0.108,0.538
553500,0.338,0.116,0.546
554000,0.354,0.110,0.536
554500,0.359,0.103,0.538
555000,0.356,0.098,0.546
555500,0.361,0.098,0.541
556000,0.370,0.111,0.519
556500,0.377,0.101,0.522
557000,0.378,0.104,0.518
557500,0.385,0.106,0.509
558000,0.356,0.121,0.523
558500,0.357,0.122,0.521
559000,0.340,0.108,0.552
559500,0.344,0.121,0.535
560000,0.366,0.113,0.521
560500,0.390,0.108,0.502
561000,0.378,0.085,0.537
561500,0.374,0.079,0.547
562000,0.386,0.100,0.514
562500,0.380,0.100,0.520
563000,0.394,0.102,0.504
563500,0.388,0.090,0.522
564000,0.380,0.084,0.536
564500,0.358,0.100,0.542
565000,0.351,0.113,0.536
565500,0.362,0.113,0.525
566000,0.358,0.112,0.530
566500,0.354,0.110,0.536
567000,0.350,0.107,0.543
567500,0.342,0.113,0.545
568000,0.349,0.127,0.524
568500,0.342,0.133,0.525
569000,0.322,0.129,0.549
569500,0.320,0.133,0.547
570000,0.310,0.152,0.538
570500,0.303,0.137,0.560
571000,0.305,0.137,0.558
571500,0.298,0.151,0.551
572000,0.303,0.160,0.537
572500,0.294,0.163,0.543
573000,0.292,0.168,0.540
573500,0.297,0.169,0.534
574000,0.300,0.165,0.535
574500,0.294,0.158,0.548
575000,0.290,0.159,0.551
575500,0.284,0.165,0.551
576000,0.282,0.163,0.555
576500,0.279,0.169,0.552
577000,0.280,0.155,0.565
577500,0.281,0.157,0.562
578000,0.297,0.146,0.557
578500,0.304,0.139,0.557
579000,0.273,0.160,0.567
579500,0.288,0.149,0.563
580000,0.302,0.165,0.533
580500,0.282,0.163,0.555
581000,0.289,0.152,0.559
581500,0.299,0.165,0.536
582000,0.289,0.165,0.546
582500,0.287,0.161,0.552
583000,0.285,0.151,0.564
583500,0.297,0.157,0.546
584000,0.298,0.153,0.549
584500,0.305,0.152,0.543
585000,0.311,0.153,0.536
585500,0.318,0.144,0.538
586000,0.311,0.144,0.545
586500,0.292,0.155,0.553
587000,0.295,0.162,0.543
587500,0.303,0.168,0.529
588000,0.305,0.154,0.541
588500,0.305,0.160,0.535
589000,0.301,0.157,0.542
589500,0.316,0.155,0.529
590000,0.314,0.149,0.537
590500,0.321,0.156,0.523
591000,0.328,0.154,0.518
591500,0.333,0.137,0.530
592000,0.325,0.149,0.526
592500,0.317,0.144,0.539
593000,0.297,0.148,0.555
593500,0.290,0.142,0.568
594000,0.297,0.153,0.550
594500,0.316,0.160,0.524
595000,0.322,0.150,0.528
595500,0.323,0.155,0.522
596000,0.321,0.151,0.528
596500,0.311,0.133,0.556
597000,0.312,0.144,0.544
597500,0.308,0.142,0.550
598000,0.308,0.153,0.539
598500,0.315,0.141,0.544
599000,0.295,0.135,0.570
599500,0.285,0.140,0.575
600000,0.296,0.134,0.570
600500,0.318,0.140,0.542
601000,0.322,0.146,0.532
601500,0.345,0.149,0.506
602000,0.333,0.154,0.513
602500,0.332,0.159,0.509
603000,0.321,0.160,0.519
603500,0.310,0.154,0.536
604000,0.308,0.150,0.542
604500,0.325,0.145,0.530
605000,0.332,0.136,0.532
605500,0.328,0.120,0.552
606000,0.332,0.118,0.550
606500,0.342,0.118,0.540
607000,0.334,0.123,0.543
607500,0.331,0.125,0.544
608000,0.341,0.125,0.534
608500,0.330,0.129,0.541
609000,0.324,0.130,0.546
609500,0.312,0.145,0.543
610000,0.355,0.131,0.514
610500,0.374,0.134,0.492
611000,0.348,0.128,0.524
611500,0.320,0.130,0.550
612000,0.304,0.121,0.575
612500,0.310,0.120,0.570
613000,0.305,0.115,0.580
613500,0.305,0.134,0.561
614000,0.310,0.136,0.554
614500,0.312,0.136,0.552
615000,0.296,0.147,0.557
615500,0.296,0.144,0.560
616000,0.308,0.139,0.553
616500,0.316,0.146,0.538
617000,0.321,0.163,0.516
617500,0.324,0.139,0.537
618000,0.327,0.133,0.540
618500,0.326,0.137,0.537
619000,0.330,0.139,0.531
619500,0.293,0.134,0.573
620000,0.300,0.133,0.567
620500,0.299,0.117,0.584
621000,0.308,0.117,0.575
621500,0.316,0.099,0.585
622000,0.329,0.124,0.547
622500,0.346,0.111,0.543
623000,0.345,0.121,0.534
623500,0.343,0.107,0.550
624000,0.342,0.115,0.543
624500,0.341,0.114,0.545
625000,0.338,0.110,0.552
625500,0.331,0.115,0.554
626000,0.337,0.121,0.542
626500,0.324,0.120,0.556
627000,0.311,0.124,0.565
627500,0.317,0.123,0.560
628000,0.332,0.128,0.540
628500,0.330,0.134,0.536
629000,0.325,0.137,0.538
629500,0.328,0.125,0.547
630000,0.312,0.130,0.558
630500,0.305,0.129,0.566
631000,0.298,0.128,0.574
631500,0.290,0.126,0.584
632000,0.308,0.149,0.543
632500,0.305,0.140,0.555
633000,0.303,0.126,0.571
633500,0.279,0.139,0.582
634000,0.277,0.142,0.581
634500,0.286,0.148,0.566
635000,0.289,0.136,0.575
635500,0.279,0.122,0.599
636000,0.313,0.119,0.568
636500,0.318,0.131,0.551
637000,0.310,0.142,0.548
637500,0.295,0.134,0.571
638000,0.296,0.152,0.552
638500,0.314,0.166,0.520
639000,0.315,0.169,0.516
639500,0.302,0.152,0.546
640000,0.300,0.167,0.533
640500,0.301,0.179,0.520
641000,0.301,0.171,0.528
641500,0.309,0.162,0.529
642000,0.292,0.155,0.553
642500,0.303,0.154,0.543
643000,0.304,0.156,0.540
643500,0.308,0.150,0.542
644000,0.327,0.136,0.537
644500,0.339,0.127,0.534
645000,0.362,0.127,0.511
645500,0.346,0.132,0.522
646000,0.333,0.135,0.532
646500,0.344,0.133,0.523
647000,0.339,0.144,0.517
647500,0.338,0.140,0.522
648000,0.328,0.146,0.526
648500,0.322,0.128,0.550
649000,0.348,0.120,0.532
649500,0.347,0.123,0.530
650000,0.338,0.121,0.541
650500,0.342,0.128,0.530
651000,0.324,0.137,0.539
651500,0.329,0.138,0.533
652000,0.339,0.129,0.532
652500,0.350,0.146,0.504
653000,0.366,0.133,0.501
653500,0.366,0.147,0.487
654000,0.343,0.134,0.523
654500,0.344,0.126,0.530
655000,0.343,0.120,0.537
655500,0.349,0.114,0.537
656000,0.375,0.108,0.517
656500,0.370,0.104,0.526
657000,0.362,0.095,0.543
657500,0.362,0.110,0.528
658000,0.364,0.124,0.512
658500,0.361,0.118,0.521
659000,0.380,0.119,0.501
659500,0.378,0.115,0.507
660000,0.367,0.105,0.528
660500,0.369,0.114,0.517
661000,0.362,0.114,0.524
661500,0.359,0.123,0.518
662000,0.351,0.121,0.528
662500,0.339,0.129,0.532
663000,0.339,0.133,0.528
663500,0.344,0.125,0.531
664000,0.371,0.114,0.515
664500,0.361,0.111,0.528
665000,0.330,0.115,0.555
665500,0.339,0.112,0.549
666000,0.338,0.107,0.555
666500,0.331,0.111,0.558
667000,0.327,0.111,0.562
667500,0.336,0.115,0.549
668000,0.343,0.123,0.534
668500,0.339,0.130,0.531
669000,0.336,0.130,0.534
669500,0.333,0.122,0.545
670000,0.322,0.135,0.543
670500,0.324,0.129,0.547
671000,0.308,0.138,0.554
671500,0.301,0.146,0.553
672000,0.309,0.134,0.557
672500,0.336,0.131,0.533
673000,0.359,0.128,0.513
673500,0.361,0.143,0.496
674000,0.361,0.146,0.493
674500,0.340,0.138,0.522
675000,0.329,0.121,0.550
675500,0.358,0.125,0.517
676000,0.355,0.129,0.516
676500,0.369,0.124,0.507
677000,0.365,0.119,0.516
677500,0.370,0.121,0.509
678000,0.374,0.096,0.530
678500,0.368,0.105,0.527
679000,0.368,0.113,0.519
679500,0.358,0.110,0.532
680000,0.374,0.109,0.517
680500,0.360,0.111,0.529
681000,0.393,0.111,0.496
681500,0.381,0.111,0.508
682000,0.367,0.109,0.524
682500,0.357,0.111,0.532
683000,0.335,0.113,0.552
683500,0.319,0.128,0.553
684000,0.312,0.121,0.567
684500,0.315,0.132,0.553
685000,0.343,0.124,0.533
685500,0.329,0.136,0.535
686000,0.336,0.141,0.523
686500,0.334,0.152,0.514
687000,0.325,0.153,0.522
687500,0.310,0.130,0.560
688000,0.333,0.124,0.543
688500,0.311,0.118,0.571
689000,0.339,0.128,0.533
689500,0.323,0.117,0.560
690000,0.318,0.134,0.548
690500,0.311,0.139,0.550
691000,0.302,0.123,0.575
691500,0.303,0.126,0.571
692000,0.294,0.131,0.575
692500,0.297,0.136,0.567
693000,0.328,0.137,0.535
693500,0.320,0.137,0.543
694000,0.319,0.129,0.552
694500,0.310,0.117,0.573
695000,0.315,0.114,0.571
695500,0.334,0.137,0.529
696000,0.313,0.151,0.536
696500,0.307,0.149,0.544
697000,0.314,0.157,0.529
697500,0.298,0.146,0.556
698000,0.298,0.146,0.556
698500,0.291,0.151,0.558
699000,0.278,0.151,0.571
699500,0.299,0.155,0.546
700000,0.277,0.160,0.563
700500,0.284,0.164,0.552
701000,0.326,0.148,0.526
701500,0.320,0.142,0.538
702000,0.296,0.143,0.561
702500,0.295,0.144,0.561
703000,0.282,0.133,0.585
703500,0.280,0.148,0.572
704000,0.303,0.141,0.556
704500,0.315,0.146,0.539
705000,0.320,0.134,0.546
705500,0.330,0.127,0.543
706000,0.339,0.116,0.545
706500,0.344,0.130,0.526
707000,0.352,0.141,0.507
707500,0.333,0.125,0.542
708000,0.339,0.132,0.529
708500,0.328,0.129,0.543
709000,0.344,0.134,0.522
709500,0.339,0.146,0.515
710000,0.344,0.157,0.499
710500,0.339,0.155,0.506
711000,0.336,0.145,0.519
711500,0.327,0.111,0.562
712000,0.319,0.114,0.567
712500,0.331,0.114,0.555
713000,0.327,0.118,0.555
713500,0.323,0.130,0.547
714000,0.334,0.124,0.542
714500,0.331,0.123,0.546
715000,0.314,0.124,0.562
715500,0.324,0.125,0.551
716000,0.315,0.115,0.570
716500,0.334,0.111,0.555
717000,0.329,0.121,0.550
717500,0.314,0.142,0.544
718000,0.308,0.130,0.562
718500,0.321,0.128,0.551
719000,0.324,0.141,0.535
719500,0.353,0.134,0.513
720000,0.350,0.136,0.514
720500,0.348,0.134,0.518
721000,0.339,0.118,0.543
721500,0.342,0.106,0.552
722000,0.341,0.103,0.556
722500,0.344,0.115,0.541
723000,0.359,0.120,0.521
723500,0.361,0.125,0.514
724000,0.351,0.116,0.533
724500,0.363,0.113,0.524
725000,0.357,0.132,0.511
725500,0.344,0.108,0.548
726000,0.318,0.100,0.582
726500,0.331,0.119,0.550
727000,0.353,0.139,0.508
727500,0.332,0.130,0.538
728000,0.320,0.126,0.554
728500,0.322,0.120,0.558
729000,0.332,0.115,0.553
729500,0.345,0.114,0.541
730000,0.333,0.112,0.555
730500,0.341,0.109,0.550
731000,0.333,0.103,0.564
731500,0.336,0.101,0.563
732000,0.355,0.115,0.530
732500,0.351,0.115,0.534
733000,0.356,0.112,0.532
733500,0.362,0.112,0.526
734000,0.364,0.108,0.528
734500,0.377,0.110,0.513
735000,0.370,0.107,0.523
735500,0.364,0.128,0.508
736000,0.332,0.131,0.537
736500,0.325,0.131,0.544
737000,0.321,0.136,0.543
737500,0.300,0.142,0.558
738000,0.306,0.149,0.545
738500,0.298,0.159,0.543
739000,0.305,0.154,0.541
739500,0.299,0.143,0.558
740000,0.287,0.148,0.565
740500,0.294,0.141,0.565
741000,0.287,0.136,0.577
741500,0.287,0.136,0.577
742000,0.278,0.138,0.584
742500,0.283,0.155,0.562
743000,0.280,0.153,0.567
743500,0.274,0.147,0.579
744000,0.285,0.144,0.571
744500,0.307,0.148,0.545
745000,0.292,0.151,0.557
745500,0.296,0.135,0.569
746000,0.291,0.146,0.563
746500,0.307,0.136,0.557
747000,0.304,0.134,0.562
747500,0.319,0.129,0.552
748000,0.337,0.143,0.520
748500,0.336,0.136,0.528
749000,0.331,0.147,0.522
749500,0.338,0.139,0.523
750000,0.317,0.141,0.542
750500,0.313,0.138,0.549
751000,0.329,0.121,0.550
751500,0.331,0.129,0.540
752000,0.338,0.114,0.548
752500,0.336,0.128,0.536
753000,0.329,0.126,0.545
753500,0.322,0.126,0.552
754000,0.330,0.119,0.551
754500,0.309,0.133,0.558
755000,0.298,0.144,0.558
755500,0.306,0.144,0.550
756000,0.295,0.137,0.568
756500,0.290,0.135,0.575
757000,0.312,0.132,0.556
757500,0.318,0.139,0.543
758000,0.335,0.120,0.545
758500,0.348,0.107,0.545
759000,0.353,0.103,0.544
759500,0.365,0.117,0.518
760000,0.375,0.124,0.501
760500,0.351,0.109,0.540
761000,0.347,0.106,0.547
761500,0.358,0.110,0.532
762000,0.362,0.117,0.521
762500,0.344,0.115,0.541
763000,0.336,0.112,0.552
763500,0.320,0.137,0.543
764000,0.328,0.120,0.552
764500,0.344,0.122,0.534
765000,0.356,0.114,0.530
765500,0.357,0.114,0.529
766000,0.351,0.119,0.530
766500,0.341,0.133,0.526
767000,0.345,0.136,0.519
767500,0.347,0.132,0.521
768000,0.354,0.117,0.529
768500,0.376,0.120,0.504
769000,0.364,0.109,0.527
769500,0.374,0.109,0.517
770000,0.371,0.120,0.509
770500,0.373,0.119,0.508
771000,0.368,0.128,0.504
771500,0.352,0.131,0.517
772000,0.354,0.135,0.511
772500,0.353,0.137,0.510
773000,0.335,0.142,0.523
773500,0.327,0.157,0.516
774000,0.317,0.149,0.534
774500,0.327,0.140,0.533
775000,0.331,0.136,0.533
775500,0.334,0.138,0.528
776000,0.312,0.139,0.549
776500,0.304,0.139,0.557
777000,0.291,0.147,0.562
777500,0.304,0.145,0.551
778000,0.309,0.151,0.540
778500,0.301,0.156,0.543
779000,0.294,0.164,0.542
779500,0.285,0.168,0.547
780000,0.256,0.158,0.586
780500,0.269,0.154,0.577
781000,0.286,0.155,0.559
781500,0.306,0.159,0.535
782000,0.301,0.151,0.548
782500,0.316,0.167,0.517
783000,0.330,0.137,0.533
783500,0.341,0.119,0.540
784000,0.333,0.124,0.543
784500,0.333,0.136,0.531
785000,0.321,0.134,0.545
785500,0.311,0.143,0.546
786000,0.316,0.128,0.556
786500,0.332,0.131,0.537
787000,0.337,0.129,0.534
787500,0.350,0.125,0.525
788000,0.352,0.116,0.532
788500,0.351,0.122,0.527
789000,0.351,0.128,0.521
789500,0.359,0.113,0.528
790000,0.374,0.108,0.518
790500,0.359,0.109,0.532
791000,0.359,0.109,0.532
791500,0.356,0.100,0.544
792000,0.357,0.099,0.544
792500,0.362,0.119,0.519
793000,0.352,0.114,0.534
793500,0.344,0.137,0.519
794000,0.351,0.115,0.534
794500,0.340,0.119,0.541
795000,0.356,0.121,0.523
795500,0.370,0.117,0.513
796000,0.379,0.120,0.501
796500,0.386,0.101,0.513
797000,0.398,0.110,0.492
797500,0.380,0.097,0.523
798000,0.403,0.107,0.490
798500,0.369,0.106,0.525
799000,0.352,0.122,0.526
799500,0.350,0.126,0.524
800000,0.350,0.120,0.530
800500,0.339,0.121,0.540
801000,0.361,0.118,0.521
801500,0.350,0.120,0.530
802000,0.342,0.130,0.528
802500,0.332,0.136,0.532
803000,0.333,0.144,0.523
803500,0.331,0.142,0.527
804000,0.323,0.133,0.544
804500,0.316,0.124,0.560
805000,0.329,0.118,0.553
805500,0.368,0.122,0.510
806000,0.378,0.120,0.502
806500,0.380,0.106,0.514
807000,0.381,0.104,0.515
807500,0.390,0.107,0.503
808000,0.374,0.102,0.524
808500,0.368,0.109,0.523
809000,0.365,0.111,0.524
809500,0.356,0.113,0.531
810000,0.357,0.099,0.544
810500,0.371,0.114,0.515
811000,0.389,0.114,0.497
811500,0.369,0.117,0.514
812000,0.362,0.120,0.518
812500,0.354,0.125,0.521
813000,0.351,0.108,0.541
813500,0.352,0.114,0.534
814000,0.353,0.104,0.543
814500,0.347,0.100,0.553
815000,0.337,0.110,0.553
815500,0.325,0.123,0.552
816000,0.322,0.114,0.564
816500,0.349,0.109,0.542
817000,0.365,0.090,0.545
817500,0.353,0.101,0.546
818000,0.367,0.109,0.524
818500,0.379,0.132,0.489
819000,0.354,0.119,0.527
819500,0.365,0.115,0.520
820000,0.358,0.121,0.521
820500,0.365,0.118,0.517
821000,0.346,0.120,0.534
821500,0.368,0.112,0.520
822000,0.369,0.111,0.520
822500,0.365,0.114,0.521
823000,0.369,0.096,0.535
823500,0.377,0.104,0.519
824000,0.389,0.102,0.509
824500,0.378,0.114,0.508
825000,0.371,0.114,0.515
825500,0.363,0.120,0.517
826000,0.354,0.112,0.534
826500,0.366,0.110,0.524
827000,0.338,0.117,0.545
827500,0.346,0.119,0.535
828000,0.363,0.123,0.514
828500,0.361,0.137,0.502
829000,0.351,0.123,0.526
829500,0.332,0.106,0.562
830000,0.334,0.113,0.553
830500,0.345,0.115,0.540
831000,0.343,0.118,0.539
831500,0.346,0.124,0.530
832000,0.368,0.124,0.508
832500,0.347,0.115,0.538
833000,0.338,0.134,0.528
833500,0.341,0.131,0.528
834000,0.347,0.134,0.519
834500,0.337,0.144,0.519
835000,0.347,0.138,0.515
835500,0.335,0.131,0.534
836000,0.317,0.123,0.560
836500,0.315,0.131,0.554
837000,0.305,0.140,0.555
837500,0.304,0.160,0.536
838000,0.290,0.166,0.544
838500,0.287,0.163,0.550
839000,0.288,0.155,0.557
839500,0.291,0.157,0.552
840000,0.297,0.141,0.562
840500,0.314,0.130,0.556
841000,0.323,0.130,0.547
841500,0.310,0.151,0.539
842000,0.299,0.149,0.552
842500,0.300,0.163,0.537
843000,0.274,0.150,0.576
843500,0.283,0.142,0.575
844000,0.295,0.134,0.571
844500,0.293,0.117,0.590
845000,0.290,0.129,0.581
845500,0.295,0.131,0.574
846000,0.313,0.130,0.557
846500,0.316,0.131,0.553
847000,0.319,0.148,0.533
847500,0.324,0.133,0.543
848000,0.314,0.127,0.559
848500,0.312,0.137,0.551
849000,0.295,0.149,0.556
849500,0.306,0.167,0.527
850000,0.310,0.151,0.539
850500,0.320,0.160,0.520
851000,0.330,0.154,0.516
851500,0.330,0.147,0.523
852000,0.322,0.150,0.528
852500,0.321,0.155,0.524
853000,0.316,0.148,0.536
853500,0.311,0.145,0.544
854000,0.303,0.124,0.573
854500,0.304,0.132,0.564
855000,0.317,0.146,0.537
855500,0.329,0.132,0.539
856000,0.322,0.132,0.546
856500,0.319,0.117,0.564
857000,0.320,0.123,0.557
857500,0.335,0.131,0.534
858000,0.361,0.108,0.531
858500,0.348,0.112,0.540
859000,0.347,0.123,0.530
859500,0.345,0.127,0.528
860000,0.332,0.123,0.545
860500,0.330,0.121,0.549
861000,0.315,0.128,0.557
861500,0.308,0.121,0.571
862000,0.300,0.137,0.563
862500,0.325,0.130,0.545
863000,0.333,0.134,0.533
863500,0.334,0.126,0.540
864000,0.348,0.120,0.532
864500,0.331,0.131,0.538
865000,0.325,0.133,0.542
865500,0.305,0.130,0.565
866000,0.303,0.126,0.571
866500,0.302,0.137,0.561
867000,0.287,0.157,0.556
867500,0.293,0.152,0.555
868000,0.304,0.146,0.550
868500,0.305,0.155,0.540
869000,0.305,0.144,0.551
869500,0.314,0.137,0.549
870000,0.320,0.122,0.558
870500,0.332,0.116,0.552
871000,0.334,0.120,0.546
871500,0.329,0.104,0.567
872000,0.348,0.104,0.548
872500,0.338,0.116,0.546
873000,0.332,0.115,0.553
873500,0.325,0.135,0.540
874000,0.310,0.146,0.544
874500,0.304,0.165,0.531
875000,0.311,0.160,0.529
875500,0.316,0.161,0.523
876000,0.300,0.158,0.542
876500,0.278,0.159,0.563
877000,0.281,0.164,0.555
877500,0.275,0.176,0.549
878000,0.267,0.175,0.558
878500,0.288,0.188,0.524
879000,0.278,0.181,0.541
879500,0.275,0.184,0.541
880000,0.273,0.177,0.550
880500,0.286,0.179,0.535
881000,0.278,0.181,0.541
881500,0.260,0.183,0.557
882000,0.252,0.189,0.559
882500,0.253,0.176,0.571
883000,0.261,0.167,0.572
883500,0.278,0.155,0.567
884000,0.277,0.164,0.559
884500,0.280,0.151,0.569
885000,0.288,0.155,0.557
885500,0.290,0.143,0.567
886000,0.311,0.143,0.546
886500,0.300,0.149,0.551
887000,0.295,0.145,0.560
887500,0.291,0.148,0.561
888000,0.276,0.149,0.575
888500,0.284,0.158,0.558
889000,0.293,0.146,0.561
889500,0.305,0.147,0.548
890000,0.304,0.135,0.561
890500,0.308,0.134,0.558
891000,0.303,0.140,0.557
891500,0.303,0.137,0.560
892000,0.292,0.130,0.578
892500,0.306,0.130,0.564
893000,0.309,0.135,0.556
893500,0.306,0.122,0.572
894000,0.305,0.137,0.558
894500,0.288,0.154,0.558
895000,0.291,0.156,0.553
895500,0.298,0.160,0.542
896000,0.312,0.134,0.554
896500,0.314,0.140,0.546
897000,0.302,0.137,0.561
897500,0.298,0.152,0.550
898000,0.294,0.140,0.566
898500,0.287,0.151,0.562
899000,0.287,0.158,0.555
899500,0.297,0.163,0.540
900000,0.318,0.144,0.538
900500,0.311,0.145,0.544
901000,0.306,0.146,0.548
901500,0.285,0.154,0.561
902000,0.313,0.155,0.532
902500,0.315,0.162,0.523
903000,0.306,0.143,0.551
903500,0.316,0.133,0.551
904000,0.311,0.131,0.558
904500,0.297,0.137,0.566
905000,0.287,0.136,0.577
905500,0.310,0.136,0.554
906000,0.300,0.137,0.563
906500,0.292,0.136,0.572
907000,0.309,0.146,0.545
907500,0.320,0.151,0.529
908000,0.320,0.142,0.538
908500,0.317,0.144,0.539
909000,0.320,0.162,0.518
909500,0.308,0.158,0.534
910000,0.312,0.157,0.531
910500,0.300,0.161,0.539
911000,0.279,0.164,0.557
911500,0.283,0.165,0.552
912000,0.283,0.154,0.563
912500,0.268,0.157,0.575
913000,0.248,0.151,0.601
913500,0.257,0.161,0.582
914000,0.253,0.170,0.577
914500,0.267,0.170,0.563
915000,0.285,0.182,0.533
915500,0.288,0.189,0.523
916000,0.269,0.178,0.553
916500,0.252,0.169,0.579
917000,0.239,0.157,0.604
917500,0.249,0.188,0.563
918000,0.245,0.181,0.574
918500,0.250,0.194,0.556
919000,0.282,0.159,0.559
919500,0.284,0.149,0.567
920000,0.297,0.142,0.561
920500,0.314,0.153,0.533
921000,0.325,0.136,0.539
921500,0.328,0.121,0.551
922000,0.331,0.109,0.560
922500,0.337,0.100,0.563
923000,0.351,0.109,0.540
923500,0.336,0.104,0.560
924000,0.353,0.123,0.524
924500,0.361,0.128,0.511
925000,0.352,0.142,0.506
925500,0.364,0.135,0.501
926000,0.331,0.129,0.540
926500,0.324,0.120,0.556
927000,0.327,0.105,0.568
927500,0.343,0.109,0.548
928000,0.333,0.115,0.552
928500,0.345,0.128,0.527
929000,0.333,0.130,0.537
929500,0.330,0.123,0.547
930000,0.346,0.137,0.517
930500,0.338,0.131,0.531
931000,0.308,0.138,0.554
931500,0.311,0.150,0.539
932000,0.315,0.145,0.540
932500,0.339,0.127,0.534
933000,0.328,0.128,0.544
933500,0.315,0.112,0.573
934000,0.324,0.114,0.562
934500,0.327,0.115,0.558
935000,0.341,0.117,0.542
935500,0.314,0.114,0.572
936000,0.306,0.104,0.590
936500,0.303,0.115,0.582
937000,0.296,0.128,0.576
937500,0.289,0.131,0.580
938000,0.320,0.134,0.546
938500,0.317,0.142,0.541
939000,0.327,0.145,0.528
939500,0.331,0.139,0.530
940000,0.335,0.145,0.520
940500,0.342,0.148,0.510
941000,0.331,0.146,0.523
941500,0.340,0.124,0.536
942000,0.334,0.131,0.535
942500,0.327,0.139,0.534
943000,0.315,0.128,0.557
943500,0.332,0.143,0.525
944000,0.324,0.151,0.525
944500,0.336,0.144,0.520
945000,0.327,0.150,0.523
945500,0.338,0.135,0.527
946000,0.350,0.135,0.515
946500,0.336,0.129,0.535
947000,0.333,0.147,0.520
947500,0.320,0.146,0.534
948000,0.333,0.148,0.519
948500,0.348,0.151,0.501
949000,0.341,0.142,0.517
949500,0.347,0.126,0.527
950000,0.351,0.127,0.522
950500,0.357,0.125,0.518
951000,0.349,0.143,0.508
951500,0.338,0.130,0.532
952000,0.342,0.132,0.526
952500,0.344,0.132,0.524
953000,0.325,0.123,0.552
953500,0.317,0.124,0.559
954000,0.310,0.131,0.559
954500,0.327,0.154,0.519
955000,0.307,0.150,0.543
955500,0.297,0.165,0.538
956000,0.300,0.152,0.548
956500,0.306,0.157,0.537
957000,0.310,0.157,0.533
957500,0.309,0.144,0.547
958000,0.344,0.151,0.505
958500,0.347,0.132,0.521
959000,0.336,0.136,0.528
959500,0.337,0.118,0.545
960000,0.315,0.124,0.561
960500,0.306,0.139,0.555
961000,0.316,0.158,0.526
961500,0.304,0.159,0.537
962000,0.318,0.171,0.511
962500,0.312,0.162,0.526
963000,0.305,0.164,0.531
963500,0.304,0.168,0.528
964000,0.290,0.178,0.532
964500,0.277,0.171,0.552
965000,0.283,0.170,0.547
965500,0.275,0.192,0.533
966000,0.291,0.185,0.524
966500,0.286,0.173,0.541
967000,0.276,0.178,0.546
967500,0.292,0.172,0.536
968000,0.282,0.184,0.534
968500,0.294,0.169,0.537
969000,0.280,0.167,0.553
969500,0.269,0.174,0.557
970000,0.267,0.179,0.554
970500,0.276,0.181,0.543
971000,0.284,0.156,0.560
971500,0.286,0.145,0.569
972000,0.277,0.166,0.557
972500,0.281,0.174,0.545
973000,0.294,0.179,0.527
973500,0.288,0.177,0.535
974000,0.280,0.180,0.540
974500,0.286,0.169,0.545
975000,0.273,0.166,0.561
975500,0.275,0.169,0.556
976000,0.275,0.170,0.555
976500,0.283,0.169,0.548
977000,0.295,0.182,0.523
977500,0.284,0.161,0.555
978000,0.302,0.156,0.542
978500,0.303,0.153,0.544
979000,0.312,0.153,0.535
979500,0.300,0.126,0.574
980000,0.295,0.145,0.560
980500,0.294,0.124,0.582
981000,0.297,0.144,0.559
981500,0.294,0.163,0.543
982000,0.298,0.169,0.533
982500,0.302,0.165,0.533
983000,0.284,0.162,0.554
983500,0.272,0.143,0.585
984000,0.273,0.150,0.577
984500,0.270,0.148,0.582
985000,0.284,0.147,0.569
985500,0.290,0.151,0.559
986000,0.297,0.162,0.541
986500,0.292,0.146,0.562
987000,0.277,0.149,0.574
987500,0.282,0.148,0.570
988000,0.302,0.148,0.550
988500,0.307,0.154,0.539
989000,0.317,0.146,0.537
989500,0.308,0.152,0.540
990000,0.333,0.152,0.515
990500,0.324,0.153,0.523
991000,0.313,0.135,0.552
991500,0.312,0.147,0.541
992000,0.317,0.150,0.533
992500,0.304,0.151,0.545
993000,0.303,0.163,0.534
993500,0.300,0.160,0.540
994000,0.319,0.140,0.541
994500,0.321,0.148,0.531
995000,0.308,0.137,0.555
995500,0.310,0.148,0.542
996000,0.304,0.165,0.531
996500,0.310,0.166,0.524
997000,0.316,0.178,0.506
997500,0.296,0.169,0.535
998000,0.289,0.161,0.550
998500,0.272,0.149,0.579
999000,0.282,0.152,0.566
999500,0.288,0.159,0.553
1000000,0.290,0.169,0.541
