time,n_A+p,n_B,n_AB
500,0.050,0.808,0.141
1000,0.050,0.634,0.316
1500,0.050,0.439,0.511
2000,0.056,0.315,0.629
2500,0.053,0.283,0.663
3000,0.051,0.268,0.681
3500,0.058,0.250,0.693
4000,0.064,0.192,0.744
4500,0.065,0.169,0.766
5000,0.106,0.122,0.772
5500,0.169,0.075,0.756
6000,0.270,0.022,0.708
6500,0.404,0.004,0.593
7000,0.493,0.002,0.506
7500,0.579,0.000,0.421
8000,0.537,0.000,0.463
8500,0.609,0.000,0.391
9000,0.627,0.000,0.373
9500,0.672,0.000,0.328
10000,0.666,0.000,0.334
10500,0.699,0.000,0.301
11000,0.624,0.000,0.376
11500,0.626,0.000,0.374
12000,0.651,0.000,0.349
12500,0.629,0.000,0.371
13000,0.595,0.000,0.405
13500,0.606,0.000,0.394
14000,0.669,0.000,0.331
14500,0.697,0.000,0.303
15000,0.654,0.000,0.346
15500,0.720,0.000,0.280
16000,0.707,0.000,0.293
16500,0.712,0.000,0.288
17000,0.671,0.000,0.329
17500,0.651,0.000,0.349
18000,0.633,0.000,0.367
18500,0.655,0.000,0.345
19000,0.662,0.000,0.338
19500,0.745,0.000,0.255
20000,0.767,0.000,0.233
20500,0.759,0.000,0.241
21000,0.741,0.000,0.259
21500,0.787,0.000,0.213
22000,0.767,0.000,0.233
22500,0.766,0.000,0.234
23000,0.760,0.000,0.240
23500,0.812,0.000,0.188
24000,0.815,0.000,0.185
24500,0.791,0.000,0.209
25000,0.820,0.000,0.180
25500,0.798,0.000,0.202
26000,0.750,0.000,0.250
26500,0.790,0.000,0.210
27000,0.721,0.000,0.279
27500,0.721,0.000,0.279
28000,0.749,0.000,0.251
28500,0.731,0.000,0.269
29000,0.772,0.000,0.228
29500,0.785,0.000,0.215
30000,0.799,0.000,0.201
30500,0.758,0.000,0.242
31000,0.819,0.000,0.181
31500,0.803,0.000,0.197
32000,0.804,0.000,0.196
32500,0.795,0.000,0.205
33000,0.752,0.000,0.248
33500,0.748,0.000,0.252
34000,0.765,0.000,0.235
34500,0.692,0.000,0.308
35000,0.638,0.000,0.362
35500,0.676,0.000,0.324
36000,0.628,0.000,0.372
36500,0.666,0.000,0.334
37000,0.663,0.000,0.337
37500,0.689,0.000,0.311
38000,0.695,0.000,0.305
38500,0.722,0.000,0.278
39000,0.694,0.000,0.306
39500,0.713,0.000,0.287
40000,0.668,0.000,0.332
40500,0.692,0.000,0.308
41000,0.675,0.000,0.325
41500,0.683,0.000,0.317
42000,0.733,0.000,0.267
42500,0.742,0.000,0.258
43000,0.704,0.000,0.296
43500,0.700,0.000,0.300
44000,0.683,0.000,0.317
44500,0.702,0.000,0.298
45000,0.626,0.000,0.374
45500,0.653,0.000,0.347
46000,0.688,0.000,0.312
46500,0.634,0.000,0.366
47000,0.573,0.000,0.427
47500,0.589,0.000,0.411
48000,0.608,0.000,0.392
48500,0.622,0.000,0.378
49000,0.623,0.000,0.377
49500,0.619,0.000,0.381
50000,0.679,0.000,0.321
50500,0.680,0.000,0.320
51000,0.642,0.000,0.358
51500,0.686,0.000,0.314
52000,0.672,0.000,0.328
52500,0.649,0.000,0.351
53000,0.723,0.000,0.277
53500,0.702,0.000,0.298
54000,0.659,0.000,0.341
54500,0.694,0.000,0.306
55000,0.762,0.000,0.238
55500,0.779,0.000,0.221
56000,0.747,0.000,0.253
56500,0.737,0.000,0.263
57000,0.761,0.000,0.239
57500,0.820,0.000,0.180
58000,0.784,0.000,0.216
58500,0.753,0.000,0.247
59000,0.767,0.000,0.233
59500,0.762,0.000,0.238
60000,0.706,0.000,0.294
60500,0.706,0.000,0.294
61000,0.748,0.000,0.252
61500,0.703,0.000,0.297
62000,0.723,0.000,0.277
62500,0.697,0.000,0.303
63000,0.679,0.000,0.321
63500,0.642,0.000,0.358
64000,0.631,0.000,0.369
64500,0.709,0.000,0.291
65000,0.746,0.000,0.254
65500,0.700,0.000,0.300
66000,0.717,0.000,0.283
66500,0.716,0.000,0.284
67000,0.735,0.000,0.265
67500,0.745,0.000,0.255
68000,0.723,0.000,0.277
68500,0.762,0.000,0.238
69000,0.787,0.000,0.213
69500,0.765,0.000,0.235
70000,0.762,0.000,0.238
70500,0.750,0.000,0.250
71000,0.762,0.000,0.238
71500,0.748,0.000,0.252
72000,0.742,0.000,0.258
72500,0.712,0.000,0.288
73000,0.711,0.000,0.289
73500,0.770,0.000,0.230
74000,0.775,0.000,0.225
74500,0.809,0.000,0.191
75000,0.776,0.000,0.224
75500,0.737,0.000,0.263
76000,0.704,0.000,0.296
76500,0.731,0.000,0.269
77000,0.744,0.000,0.256
77500,0.735,0.000,0.265
78000,0.761,0.000,0.239
78500,0.753,0.000,0.247
79000,0.719,0.000,0.281
79500,0.701,0.000,0.299
80000,0.721,0.000,0.279
80500,0.714,0.000,0.286
81000,0.672,0.000,0.328
81500,0.680,0.000,0.320
82000,0.704,0.000,0.296
82500,0.706,0.000,0.294
83000,0.660,0.000,0.340
83500,0.612,0.000,0.388
84000,0.566,0.000,0.434
84500,0.601,0.000,0.399
85000,0.600,0.000,0.400
85500,0.613,0.000,0.387
86000,0.638,0.000,0.362
86500,0.662,0.000,0.338
87000,0.628,0.000,0.372
87500,0.643,0.000,0.357
88000,0.661,0.000,0.339
88500,0.663,0.000,0.337
89000,0.680,0.000,0.320
89500,0.690,0.000,0.310
90000,0.659,0.000,0.341
90500,0.661,0.000,0.339
91000,0.603,0.000,0.397
91500,0.594,0.000,0.406
92000,0.633,0.000,0.367
92500,0.647,0.000,0.353
93000,0.693,0.000,0.307
93500,0.672,0.000,0.328
94000,0.663,0.000,0.337
94500,0.677,0.000,0.323
95000,0.619,0.000,0.381
95500,0.599,0.000,0.401
96000,0.600,0.000,0.400
96500,0.634,0.000,0.366
97000,0.635,0.000,0.365
97500,0.632,0.000,0.368
98000,0.641,0.000,0.359
98500,0.655,0.000,0.345
99000,0.658,0.000,0.342
99500,0.645,0.000,0.355
100000,0.736,0.000,0.264
100500,0.718,0.000,0.282
101000,0.744,0.000,0.256
101500,0.742,0.000,0.258
102000,0.798,0.000,0.202
102500,0.781,0.000,0.219
103000,0.781,0.000,0.219
103500,0.735,0.000,0.265
104000,0.664,0.000,0.336
104500,0.694,0.000,0.306
105000,0.717,0.000,0.283
105500,0.764,0.000,0.236
106000,0.698,0.000,0.302
106500,0.681,0.000,0.319
107000,0.631,0.000,0.369
107500,0.689,0.000,0.311
108000,0.722,0.000,0.278
108500,0.741,0.000,0.259
109000,0.737,0.000,0.263
109500,0.716,0.000,0.284
110000,0.718,0.000,0.282
110500,0.733,0.000,0.267
111000,0.720,0.000,0.280
111500,0.717,0.000,0.283
112000,0.678,0.000,0.322
112500,0.691,0.000,0.309
113000,0.670,0.000,0.330
113500,0.711,0.000,0.289
114000,0.749,0.000,0.251
114500,0.758,0.000,0.242
115000,0.674,0.000,0.326
115500,0.613,0.000,0.387
116000,0.590,0.000,0.410
116500,0.559,0.000,0.441
117000,0.505,0.000,0.495
117500,0.527,0.000,0.473
118000,0.549,0.000,0.451
118500,0.537,0.000,0.463
119000,0.689,0.000,0.311
119500,0.647,0.000,0.353
120000,0.704,0.000,0.296
120500,0.694,0.000,0.306
121000,0.628,0.000,0.372
121500,0.584,0.000,0.416
122000,0.649,0.000,0.351
122500,0.669,0.000,0.331
123000,0.699,0.000,0.301
123500,0.654,0.000,0.346
124000,0.684,0.000,0.316
124500,0.721,0.000,0.279
125000,0.701,0.000,0.299
125500,0.729,0.000,0.271
126000,0.687,0.000,0.313
126500,0.727,0.000,0.273
127000,0.766,0.000,0.234
127500,0.750,0.000,0.250
128000,0.762,0.000,0.238
128500,0.712,0.000,0.288
129000,0.699,0.000,0.301
129500,0.659,0.000,0.341
130000,0.646,0.000,0.354
130500,0.631,0.000,0.369
131000,0.614,0.000,0.386
131500,0.641,0.000,0.359
132000,0.662,0.000,0.338
132500,0.651,0.000,0.349
133000,0.643,0.000,0.357
133500,0.726,0.000,0.274
134000,0.770,0.000,0.230
134500,0.729,0.000,0.271
135000,0.715,0.000,0.285
135500,0.668,0.000,0.332
136000,0.730,0.000,0.270
136500,0.760,0.000,0.240
137000,0.740,0.000,0.260
137500,0.756,0.000,0.244
138000,0.787,0.000,0.213
138500,0.752,0.000,0.248
139000,0.774,0.000,0.226
139500,0.750,0.000,0.250
140000,0.683,0.000,0.317
140500,0.645,0.000,0.355
141000,0.621,0.000,0.379
141500,0.640,0.000,0.360
142000,0.676,0.000,0.324
142500,0.731,0.000,0.269
143000,0.716,0.000,0.284
143500,0.644,0.000,0.356
144000,0.691,0.000,0.309
144500,0.740,0.000,0.260
145000,0.770,0.000,0.230
145500,0.689,0.000,0.311
146000,0.691,0.000,0.309
146500,0.711,0.000,0.289
147000,0.746,0.000,0.254
147500,0.785,0.000,0.215
148000,0.774,0.000,0.226
148500,0.743,0.000,0.257
149000,0.751,0.000,0.249
149500,0.757,0.000,0.243
150000,0.684,0.000,0.316
150500,0.704,0.000,0.296
151000,0.651,0.000,0.349
151500,0.654,0.000,0.346
152000,0.653,0.000,0.347
152500,0.651,0.000,0.349
153000,0.712,0.000,0.288
153500,0.718,0.000,0.282
154000,0.718,0.000,0.282
154500,0.740,0.000,0.260
155000,0.739,0.000,0.261
155500,0.664,0.000,0.336
156000,0.606,0.000,0.394
156500,0.630,0.000,0.370
157000,0.637,0.000,0.363
157500,0.640,0.000,0.360
158000,0.670,0.000,0.330
158500,0.678,0.000,0.322
159000,0.758,0.000,0.242
159500,0.728,0.000,0.272
160000,0.717,0.000,0.283
160500,0.676,0.000,0.324
161000,0.664,0.000,0.336
161500,0.666,0.000,0.334
162000,0.699,0.000,0.301
162500,0.723,0.000,0.277
163000,0.763,0.000,0.237
163500,0.765,0.000,0.235
164000,0.713,0.000,0.287
164500,0.686,0.000,0.314
165000,0.647,0.000,0.353
165500,0.667,0.000,0.333
166000,0.660,0.000,0.340
166500,0.700,0.000,0.300
167000,0.715,0.000,0.285
167500,0.728,0.000,0.272
168000,0.711,0.000,0.289
168500,0.721,0.000,0.279
169000,0.748,0.000,0.252
169500,0.735,0.000,0.265
170000,0.733,0.000,0.267
170500,0.751,0.000,0.249
171000,0.755,0.000,0.245
171500,0.741,0.000,0.259
172000,0.696,0.000,0.304
172500,0.673,0.000,0.327
173000,0.630,0.000,0.370
173500,0.619,0.000,0.381
174000,0.691,0.000,0.309
174500,0.658,0.000,0.342
175000,0.660,0.000,0.340
175500,0.680,0.000,0.320
176000,0.663,0.000,0.337
176500,0.672,0.000,0.328
177000,0.684,0.000,0.316
177500,0.711,0.000,0.289
178000,0.696,0.000,0.304
178500,0.733,0.000,0.267
179000,0.737,0.000,0.263
179500,0.747,0.000,0.253
180000,0.716,0.000,0.284
180500,0.721,0.000,0.279
181000,0.659,0.000,0.341
181500,0.624,0.000,0.376
182000,0.679,0.000,0.321
182500,0.678,0.000,0.322
183000,0.657,0.000,0.343
183500,0.614,0.000,0.386
184000,0.640,0.000,0.360
184500,0.653,0.000,0.347
185000,0.578,0.000,0.422
185500,0.587,0.000,0.413
186000,0.635,0.000,0.365
186500,0.665,0.000,0.335
187000,0.627,0.000,0.373
187500,0.615,0.000,0.385
188000,0.663,0.000,0.337
188500,0.638,0.000,0.362
189000,0.612,0.000,0.388
189500,0.629,0.000,0.371
190000,0.697,0.000,0.303
190500,0.710,0.000,0.290
191000,0.722,0.000,0.278
191500,0.672,0.000,0.328
192000,0.713,0.000,0.287
192500,0.706,0.000,0.294
193000,0.700,0.000,0.300
193500,0.724,0.000,0.276
194000,0.705,0.000,0.295
194500,0.727,0.000,0.273
195000,0.730,0.000,0.270
195500,0.765,0.000,0.235
196000,0.770,0.000,0.230
196500,0.725,0.000,0.275
197000,0.617,0.000,0.383
197500,0.622,0.000,0.378
198000,0.686,0.000,0.314
198500,0.655,0.000,0.345
199000,0.704,0.000,0.296
199500,0.678,0.000,0.322
200000,0.688,0.000,0.312
200500,0.654,0.000,0.346
201000,0.648,0.000,0.352
201500,0.704,0.000,0.296
202000,0.688,0.000,0.312
202500,0.660,0.000,0.340
203000,0.660,0.000,0.340
203500,0.660,0.000,0.340
204000,0.711,0.000,0.289
204500,0.684,0.000,0.316
205000,0.655,0.000,0.345
205500,0.673,0.000,0.327
206000,0.630,0.000,0.370
206500,0.615,0.000,0.385
207000,0.629,0.000,0.371
207500,0.675,0.000,0.325
208000,0.665,0.000,0.335
208500,0.657,0.000,0.343
209000,0.627,0.000,0.373
209500,0.649,0.000,0.351
210000,0.633,0.000,0.367
210500,0.704,0.000,0.296
211000,0.700,0.000,0.300
211500,0.686,0.000,0.314
212000,0.726,0.000,0.274
212500,0.711,0.000,0.289
213000,0.665,0.000,0.335
213500,0.655,0.000,0.345
214000,0.690,0.000,0.310
214500,0.673,0.000,0.327
215000,0.649,0.000,0.351
215500,0.665,0.000,0.335
216000,0.689,0.000,0.311
216500,0.676,0.000,0.324
217000,0.676,0.000,0.324
217500,0.666,0.000,0.334
218000,0.641,0.000,0.359
218500,0.607,0.000,0.393
219000,0.668,0.000,0.332
219500,0.695,0.000,0.305
220000,0.697,0.000,0.303
220500,0.649,0.000,0.351
221000,0.618,0.000,0.382
221500,0.598,0.000,0.402
222000,0.640,0.000,0.360
222500,0.632,0.000,0.368
223000,0.682,0.000,0.318
223500,0.708,0.000,0.292
224000,0.719,0.000,0.281
224500,0.728,0.000,0.272
225000,0.709,0.000,0.291
225500,0.727,0.000,0.273
226000,0.716,0.000,0.284
226500,0.691,0.000,0.309
227000,0.773,0.000,0.227
227500,0.777,0.000,0.223
228000,0.736,0.000,0.264
228500,0.754,0.000,0.246
229000,0.767,0.000,0.233
229500,0.741,0.000,0.259
230000,0.699,0.000,0.301
230500,0.689,0.000,0.311
231000,0.691,0.000,0.309
231500,0.761,0.000,0.239
232000,0.760,0.000,0.240
232500,0.701,0.000,0.299
233000,0.667,0.000,0.333
233500,0.635,0.000,0.365
234000,0.635,0.000,0.365
234500,0.608,0.000,0.392
235000,0.608,0.000,0.392
235500,0.679,0.000,0.321
236000,0.728,0.000,0.272
236500,0.730,0.000,0.270
237000,0.727,0.000,0.273
237500,0.700,0.000,0.300
238000,0.670,0.000,0.330
238500,0.699,0.000,0.301
239000,0.780,0.000,0.220
239500,0.742,0.000,0.258
240000,0.743,0.000,0.257
240500,0.759,0.000,0.241
241000,0.671,0.000,0.329
241500,0.636,0.000,0.364
242000,0.679,0.000,0.321
242500,0.709,0.000,0.291
243000,0.710,0.000,0.290
243500,0.740,0.000,0.260
244000,0.695,0.000,0.305
244500,0.626,0.000,0.374
245000,0.626,0.000,0.374
245500,0.642,0.000,0.358
246000,0.634,0.000,0.366
246500,0.640,0.000,0.360
247000,0.671,0.000,0.329
247500,0.641,0.000,0.359
248000,0.667,0.000,0.333
248500,0.722,0.000,0.278
249000,0.631,0.000,0.369
249500,0.555,0.000,0.445
250000,0.560,0.000,0.440
250500,0.550,0.000,0.450
251000,0.604,0.000,0.396
251500,0.647,0.000,0.353
252000,0.735,0.000,0.265
252500,0.741,0.000,0.259
253000,0.707,0.000,0.293
253500,0.653,0.000,0.347
254000,0.632,0.000,0.368
254500,0.600,0.000,0.400
255000,0.625,0.000,0.375
255500,0.676,0.000,0.324
256000,0.663,0.000,0.337
256500,0.675,0.000,0.325
257000,0.709,0.000,0.291
257500,0.645,0.000,0.355
258000,0.636,0.000,0.364
258500,0.628,0.000,0.372
259000,0.640,0.000,0.360
259500,0.634,0.000,0.366
260000,0.605,0.000,0.395
260500,0.648,0.000,0.352
261000,0.645,0.000,0.355
261500,0.631,0.000,0.369
262000,0.628,0.000,0.372
262500,0.726,0.000,0.274
263000,0.698,0.000,0.302
263500,0.708,0.000,0.292
264000,0.671,0.000,0.329
264500,0.685,0.000,0.315
265000,0.676,0.000,0.324
265500,0.673,0.000,0.327
266000,0.740,0.000,0.260
266500,0.667,0.000,0.333
267000,0.661,0.000,0.339
267500,0.627,0.000,0.373
268000,0.651,0.000,0.349
268500,0.629,0.000,0.371
269000,0.696,0.000,0.304
269500,0.677,0.000,0.323
270000,0.676,0.000,0.324
270500,0.597,0.000,0.403
271000,0.607,0.000,0.393
271500,0.597,0.000,0.403
272000,0.710,0.000,0.290
272500,0.787,0.000,0.213
273000,0.750,0.000,0.250
273500,0.699,0.000,0.301
274000,0.692,0.000,0.308
274500,0.701,0.000,0.299
275000,0.666,0.000,0.334
275500,0.621,0.000,0.379
276000,0.579,0.000,0.421
276500,0.626,0.000,0.374
277000,0.603,0.000,0.397
277500,0.587,0.000,0.413
278000,0.632,0.000,0.368
278500,0.642,0.000,0.358
279000,0.637,0.000,0.363
279500,0.650,0.000,0.350
280000,0.678,0.000,0.322
280500,0.619,0.000,0.381
281000,0.635,0.000,0.365
281500,0.547,0.000,0.453
282000,0.559,0.000,0.441
282500,0.564,0.000,0.436
283000,0.636,0.000,0.364
283500,0.681,0.000,0.319
284000,0.659,0.000,0.341
284500,0.603,0.000,0.397
285000,0.644,0.000,0.356
285500,0.638,0.000,0.362
286000,0.660,0.000,0.340
286500,0.725,0.000,0.275
287000,0.750,0.000,0.250
287500,0.691,0.000,0.309
288000,0.691,0.000,0.309
288500,0.639,0.000,0.361
289000,0.671,0.000,0.329
289500,0.680,0.000,0.320
290000,0.733,0.000,0.267
290500,0.728,0.000,0.272
291000,0.696,0.000,0.304
291500,0.737,0.000,0.263
292000,0.768,0.000,0.232
292500,0.799,0.000,0.201
293000,0.815,0.000,0.185
293500,0.717,0.000,0.283
294000,0.697,0.000,0.303
294500,0.650,0.000,0.350
295000,0.658,0.000,0.342
295500,0.659,0.000,0.341
296000,0.686,0.000,0.314
296500,0.697,0.000,0.303
297000,0.714,0.000,0.286
297500,0.714,0.000,0.286
298000,0.663,0.000,0.337
298500,0.715,0.000,0.285
299000,0.727,0.000,0.273
299500,0.712,0.000,0.288
300000,0.777,0.000,0.223
300500,0.756,0.000,0.244
301000,0.727,0.000,0.273
301500,0.736,0.000,0.264
302000,0.770,0.000,0.230
302500,0.749,0.000,0.251
303000,0.796,0.000,0.204
303500,0.818,0.000,0.182
304000,0.771,0.000,0.229
304500,0.758,0.000,0.242
305000,0.777,0.000,0.223
305500,0.820,0.000,0.180
306000,0.823,0.000,0.177
306500,0.832,0.000,0.168
307000,0.856,0.000,0.144
307500,0.844,0.000,0.156
308000,0.903,0.000,0.097
308500,0.874,0.000,0.126
309000,0.843,0.000,0.157
309500,0.847,0.000,0.153
310000,0.800,0.000,0.200
310500,0.821,0.000,0.179
311000,0.759,0.000,0.241
311500,0.746,0.000,0.254
312000,0.816,0.000,0.184
312500,0.792,0.000,0.208
313000,0.736,0.000,0.264
313500,0.766,0.000,0.234
314000,0.737,0.000,0.263
314500,0.801,0.000,0.199
315000,0.834,0.000,0.166
315500,0.818,0.000,0.182
316000,0.778,0.000,0.222
316500,0.771,0.000,0.229
317000,0.797,0.000,0.203
317500,0.750,0.000,0.250
318000,0.743,0.000,0.257
318500,0.736,0.000,0.264
319000,0.704,0.000,0.296
319500,0.730,0.000,0.270
320000,0.698,0.000,0.302
320500,0.716,0.000,0.284
321000,0.753,0.000,0.247
321500,0.699,0.000,0.301
322000,0.727,0.000,0.273
322500,0.699,0.000,0.301
323000,0.661,0.000,0.339
323500,0.668,0.000,0.332
324000,0.620,0.000,0.380
324500,0.648,0.000,0.352
325000,0.649,0.000,0.351
325500,0.628,0.000,0.372
326000,0.652,0.000,0.348
326500,0.651,0.000,0.349
327000,0.662,0.000,0.338
327500,0.668,0.000,0.332
328000,0.673,0.000,0.327
328500,0.600,0.000,0.400
329000,0.636,0.000,0.364
329500,0.600,0.000,0.400
330000,0.688,0.000,0.312
330500,0.692,0.000,0.308
331000,0.730,0.000,0.270
331500,0.747,0.000,0.253
332000,0.739,0.000,0.261
332500,0.711,0.000,0.289
333000,0.793,0.000,0.207
333500,0.762,0.000,0.238
334000,0.735,0.000,0.265
334500,0.728,0.000,0.272
335000,0.667,0.000,0.333
335500,0.629,0.000,0.371
336000,0.630,0.000,0.370
336500,0.626,0.000,0.374
337000,0.660,0.000,0.340
337500,0.604,0.000,0.396
338000,0.613,0.000,0.387
338500,0.609,0.000,0.391
339000,0.625,0.000,0.375
339500,0.635,0.000,0.365
340000,0.698,0.000,0.302
340500,0.767,0.000,0.233
341000,0.694,0.000,0.306
341500,0.740,0.000,0.260
342000,0.701,0.000,0.299
342500,0.744,0.000,0.256
343000,0.718,0.000,0.282
343500,0.734,0.000,0.266
344000,0.715,0.000,0.285
344500,0.693,0.000,0.307
345000,0.709,0.000,0.291
345500,0.654,0.000,0.346
346000,0.659,0.000,0.341
346500,0.713,0.000,0.287
347000,0.719,0.000,0.281
347500,0.648,0.000,0.352
348000,0.697,0.000,0.303
348500,0.714,0.000,0.286
349000,0.701,0.000,0.299
349500,0.710,0.000,0.290
350000,0.699,0.000,0.301
350500,0.705,0.000,0.295
351000,0.698,0.000,0.302
351500,0.716,0.000,0.284
352000,0.743,0.000,0.257
352500,0.771,0.000,0.229
353000,0.767,0.000,0.233
353500,0.730,0.000,0.270
354000,0.712,0.000,0.288
354500,0.749,0.000,0.251
355000,0.758,0.000,0.242
355500,0.770,0.000,0.230
356000,0.793,0.000,0.207
356500,0.726,0.000,0.274
357000,0.743,0.000,0.257
357500,0.723,0.000,0.277
358000,0.731,0.000,0.269
358500,0.751,0.000,0.249
359000,0.739,0.000,0.261
359500,0.712,0.000,0.288
360000,0.772,0.000,0.228
360500,0.722,0.000,0.278
361000,0.724,0.000,0.276
361500,0.711,0.000,0.289
362000,0.706,0.000,0.294
362500,0.720,0.000,0.280
363000,0.678,0.000,0.322
363500,0.664,0.000,0.336
364000,0.722,0.000,0.278
364500,0.683,0.000,0.317
365000,0.689,0.000,0.311
365500,0.673,0.000,0.327
366000,0.638,0.000,0.362
366500,0.620,0.000,0.380
367000,0.668,0.000,0.332
367500,0.650,0.000,0.350
368000,0.614,0.000,0.386
368500,0.611,0.000,0.389
369000,0.665,0.000,0.335
369500,0.636,0.000,0.364
370000,0.629,0.000,0.371
370500,0.615,0.000,0.385
371000,0.644,0.000,0.356
371500,0.661,0.000,0.339
372000,0.674,0.000,0.326
372500,0.642,0.000,0.358
373000,0.693,0.000,0.307
373500,0.691,0.000,0.309
374000,0.767,0.000,0.233
374500,0.724,0.000,0.276
375000,0.726,0.000,0.274
375500,0.666,0.000,0.334
376000,0.709,0.000,0.291
376500,0.697,0.000,0.303
377000,0.676,0.000,0.324
377500,0.656,0.000,0.344
378000,0.693,0.000,0.307
378500,0.750,0.000,0.250
379000,0.715,0.000,0.285
379500,0.705,0.000,0.295
380000,0.620,0.000,0.380
380500,0.665,0.000,0.335
381000,0.644,0.000,0.356
381500,0.673,0.000,0.327
382000,0.651,0.000,0.349
382500,0.665,0.000,0.335
383000,0.697,0.000,0.303
383500,0.711,0.000,0.289
384000,0.668,0.000,0.332
384500,0.644,0.000,0.356
385000,0.623,0.000,0.377
385500,0.693,0.000,0.307
386000,0.690,0.000,0.310
386500,0.662,0.000,0.338
387000,0.711,0.000,0.289
387500,0.744,0.000,0.256
388000,0.666,0.000,0.334
388500,0.739,0.000,0.261
389000,0.726,0.000,0.274
389500,0.742,0.000,0.258
390000,0.737,0.000,0.263
390500,0.704,0.000,0.296
391000,0.725,0.000,0.275
391500,0.691,0.000,0.309
392000,0.724,0.000,0.276
392500,0.755,0.000,0.245
393000,0.763,0.000,0.237
393500,0.744,0.000,0.256
394000,0.771,0.000,0.229
394500,0.736,0.000,0.264
395000,0.734,0.000,0.266
395500,0.646,0.000,0.354
396000,0.673,0.000,0.327
396500,0.626,0.000,0.374
397000,0.715,0.000,0.285
397500,0.735,0.000,0.265
398000,0.765,0.000,0.235
398500,0.778,0.000,0.222
399000,0.781,0.000,0.219
399500,0.792,0.000,0.208
400000,0.768,0.000,0.232
400500,0.807,0.000,0.193
401000,0.785,0.000,0.215
401500,0.808,0.000,0.192
402000,0.728,0.000,0.272
402500,0.688,0.000,0.312
403000,0.690,0.000,0.310
403500,0.768,0.000,0.232
404000,0.721,0.000,0.279
404500,0.668,0.000,0.332
405000,0.616,0.000,0.384
405500,0.651,0.000,0.349
406000,0.629,0.000,0.371
406500,0.588,0.000,0.412
407000,0.581,0.000,0.419
407500,0.595,0.000,0.405
408000,0.610,0.000,0.390
408500,0.618,0.000,0.382
409000,0.649,0.000,0.351
409500,0.667,0.000,0.333
410000,0.655,0.000,0.345
410500,0.568,0.000,0.432
411000,0.617,0.000,0.383
411500,0.648,0.000,0.352
412000,0.678,0.000,0.322
412500,0.692,0.000,0.308
413000,0.678,0.000,0.322
413500,0.649,0.000,0.351
414000,0.636,0.000,0.364
414500,0.659,0.000,0.341
415000,0.739,0.000,0.261
415500,0.676,0.000,0.324
416000,0.671,0.000,0.329
416500,0.665,0.000,0.335
417000,0.668,0.000,0.332
417500,0.710,0.000,0.290
418000,0.724,0.000,0.276
418500,0.717,0.000,0.283
419000,0.682,0.000,0.318
419500,0.665,0.000,0.335
420000,0.724,0.000,0.276
420500,0.733,0.000,0.267
421000,0.748,0.000,0.252
421500,0.733,0.000,0.267
422000,0.684,0.000,0.316
422500,0.717,0.000,0.283
423000,0.701,0.000,0.299
423500,0.676,0.000,0.324
424000,0.692,0.000,0.308
424500,0.712,0.000,0.288
425000,0.668,0.000,0.332
425500,0.622,0.000,0.378
426000,0.634,0.000,0.366
426500,0.703,0.000,0.297
427000,0.663,0.000,0.337
427500,0.569,0.000,0.431
428000,0.685,0.000,0.315
428500,0.689,0.000,0.311
429000,0.669,0.000,0.331
429500,0.718,0.000,0.282
430000,0.694,0.000,0.306
430500,0.685,0.000,0.315
431000,0.677,0.000,0.323
431500,0.705,0.000,0.295
432000,0.740,0.000,0.260
432500,0.743,0.000,0.257
433000,0.706,0.000,0.294
433500,0.690,0.000,0.310
434000,0.741,0.000,0.259
434500,0.693,0.000,0.307
435000,0.645,0.000,0.355
435500,0.669,0.000,0.331
436000,0.696,0.000,0.304
436500,0.662,0.000,0.338
437000,0.748,0.000,0.252
437500,0.732,0.000,0.268
438000,0.682,0.000,0.318
438500,0.726,0.000,0.274
439000,0.739,0.000,0.261
439500,0.781,0.000,0.219
440000,0.784,0.000,0.216
440500,0.817,0.000,0.183
441000,0.821,0.000,0.179
441500,0.758,0.000,0.242
442000,0.741,0.000,0.259
442500,0.721,0.000,0.279
443000,0.725,0.000,0.275
443500,0.673,0.000,0.327
444000,0.696,0.000,0.304
444500,0.666,0.000,0.334
445000,0.619,0.000,0.381
445500,0.639,0.000,0.361
446000,0.607,0.000,0.393
446500,0.639,0.000,0.361
447000,0.662,0.000,0.338
447500,0.711,0.000,0.289
448000,0.671,0.000,0.329
448500,0.687,0.000,0.313
449000,0.686,0.000,0.314
449500,0.759,0.000,0.241
450000,0.757,0.000,0.243
450500,0.748,0.000,0.252
451000,0.703,0.000,0.297
451500,0.731,0.000,0.269
452000,0.668,0.000,0.332
452500,0.659,0.000,0.341
453000,0.646,0.000,0.354
453500,0.676,0.000,0.324
454000,0.721,0.000,0.279
454500,0.721,0.000,0.279
455000,0.654,0.000,0.346
455500,0.669,0.000,0.331
456000,0.694,0.000,0.306
456500,0.721,0.000,0.279
457000,0.720,0.000,0.280
457500,0.672,0.000,0.328
458000,0.715,0.000,0.285
458500,0.669,0.000,0.331
459000,0.666,0.000,0.334
459500,0.693,0.000,0.307
460000,0.659,0.000,0.341
460500,0.650,0.000,0.350
461000,0.608,0.000,0.392
461500,0.673,0.000,0.327
462000,0.638,0.000,0.362
462500,0.584,0.000,0.416
463000,0.639,0.000,0.361
463500,0.651,0.000,0.349
464000,0.695,0.000,0.305
464500,0.689,0.000,0.311
465000,0.740,0.000,0.260
465500,0.744,0.000,0.256
466000,0.778,0.000,0.222
466500,0.792,0.000,0.208
467000,0.749,0.000,0.251
467500,0.754,0.000,0.246
468000,0.773,0.000,0.227
468500,0.764,0.000,0.236
469000,0.736,0.000,0.264
469500,0.727,0.000,0.273
470000,0.775,0.000,0.225
470500,0.710,0.000,0.290
471000,0.688,0.000,0.312
471500,0.683,0.000,0.317
472000,0.696,0.000,0.304
472500,0.753,0.000,0.247
473000,0.809,0.000,0.191
473500,0.783,0.000,0.217
474000,0.787,0.000,0.213
474500,0.725,0.000,0.275
475000,0.677,0.000,0.323
475500,0.727,0.000,0.273
476000,0.717,0.000,0.283
476500,0.705,0.000,0.295
477000,0.661,0.000,0.339
477500,0.646,0.000,0.354
478000,0.670,0.000,0.330
478500,0.711,0.000,0.289
479000,0.747,0.000,0.253
479500,0.760,0.000,0.240
480000,0.805,0.000,0.195
480500,0.762,0.000,0.238
481000,0.802,0.000,0.198
481500,0.788,0.000,0.212
482000,0.750,0.000,0.250
482500,0.748,0.000,0.252
483000,0.647,0.000,0.353
483500,0.662,0.000,0.338
484000,0.689,0.000,0.311
484500,0.627,0.000,0.373
485000,0.616,0.000,0.384
485500,0.670,0.000,0.330
486000,0.644,0.000,0.356
486500,0.644,0.000,0.356
487000,0.655,0.000,0.345
487500,0.644,0.000,0.356
488000,0.693,0.000,0.307
488500,0.702,0.000,0.298
489000,0.709,0.000,0.291
489500,0.709,0.000,0.291
490000,0.676,0.000,0.324
490500,0.678,0.000,0.322
491000,0.662,0.000,0.338
491500,0.669,0.000,0.331
492000,0.696,0.000,0.304
492500,0.757,0.000,0.243
493000,0.786,0.000,0.214
493500,0.799,0.000,0.201
494000,0.785,0.000,0.215
494500,0.787,0.000,0.213
495000,0.803,0.000,0.197
495500,0.765,0.000,0.235
496000,0.743,0.000,0.257
496500,0.734,0.000,0.266
497000,0.697,0.000,0.303
497500,0.648,0.000,0.352
498000,0.695,0.000,0.305
498500,0.658,0.000,0.342
499000,0.661,0.000,0.339
499500,0.610,0.000,0.390
500000,0.613,0.000,0.387
500500,0.616,0.000,0.384
501000,0.683,0.000,0.317
501500,0.754,0.000,0.246
502000,0.762,0.000,0.238
502500,0.800,0.000,0.200
503000,0.801,0.000,0.199
503500,0.773,0.000,0.227
504000,0.733,0.000,0.267
504500,0.731,0.000,0.269
505000,0.719,0.000,0.281
505500,0.712,0.000,0.288
506000,0.782,0.000,0.218
506500,0.772,0.000,0.228
507000,0.755,0.000,0.245
507500,0.735,0.000,0.265
508000,0.722,0.000,0.278
508500,0.659,0.000,0.341
509000,0.677,0.000,0.323
509500,0.647,0.000,0.353
510000,0.655,0.000,0.345
510500,0.687,0.000,0.313
511000,0.655,0.000,0.345
511500,0.596,0.000,0.404
512000,0.606,0.000,0.394
512500,0.600,0.000,0.400
513000,0.595,0.000,0.405
513500,0.641,0.000,0.359
514000,0.676,0.000,0.324
514500,0.678,0.000,0.322
515000,0.638,0.000,0.362
515500,0.646,0.000,0.354
516000,0.640,0.000,0.360
516500,0.626,0.000,0.374
517000,0.635,0.000,0.365
517500,0.665,0.000,0.335
518000,0.688,0.000,0.312
518500,0.625,0.000,0.375
519000,0.683,0.000,0.317
519500,0.665,0.000,0.335
520000,0.702,0.000,0.298
520500,0.705,0.000,0.295
521000,0.650,0.000,0.350
521500,0.580,0.000,0.420
522000,0.649,0.000,0.351
522500,0.638,0.000,0.362
523000,0.661,0.000,0.339
523500,0.660,0.000,0.340
524000,0.659,0.000,0.341
524500,0.632,0.000,0.368
525000,0.664,0.000,0.336
525500,0.628,0.000,0.372
526000,0.618,0.000,0.382
526500,0.616,0.000,0.384
527000,0.557,0.000,0.443
527500,0.568,0.000,0.432
528000,0.609,0.000,0.391
528500,0.659,0.000,0.341
529000,0.666,0.000,0.334
529500,0.567,0.000,0.433
530000,0.592,0.000,0.408
530500,0.580,0.000,0.420
531000,0.602,0.000,0.398
531500,0.656,0.000,0.344
532000,0.691,0.000,0.309
532500,0.694,0.000,0.306
533000,0.699,0.000,0.301
533500,0.707,0.000,0.293
534000,0.645,0.000,0.355
534500,0.666,0.000,0.334
535000,0.752,0.000,0.248
535500,0.693,0.000,0.307
536000,0.749,0.000,0.251
536500,0.758,0.000,0.242
537000,0.719,0.000,0.281
537500,0.738,0.000,0.262
538000,0.761,0.000,0.239
538500,0.745,0.000,0.255
539000,0.754,0.000,0.246
539500,0.742,0.000,0.258
540000,0.743,0.000,0.257
540500,0.800,0.000,0.200
541000,0.762,0.000,0.238
541500,0.693,0.000,0.307
542000,0.783,0.000,0.217
542500,0.755,0.000,0.245
543000,0.786,0.000,0.214
543500,0.739,0.000,0.261
544000,0.727,0.000,0.273
544500,0.725,0.000,0.275
545000,0.712,0.000,0.288
545500,0.676,0.000,0.324
546000,0.703,0.000,0.297
546500,0.736,0.000,0.264
547000,0.739,0.000,0.261
547500,0.662,0.000,0.338
548000,0.698,0.000,0.302
548500,0.711,0.000,0.289
549000,0.674,0.000,0.326
549500,0.671,0.000,0.329
550000,0.621,0.000,0.379
550500,0.712,0.000,0.288
551000,0.706,0.000,0.294
551500,0.746,0.000,0.254
552000,0.684,0.000,0.316
552500,0.656,0.000,0.344
553000,0.660,0.000,0.340
553500,0.656,0.000,0.344
554000,0.615,0.000,0.385
554500,0.652,0.000,0.348
555000,0.695,0.000,0.305
555500,0.726,0.000,0.274
556000,0.793,0.000,0.207
556500,0.724,0.000,0.276
557000,0.705,0.000,0.295
557500,0.708,0.000,0.292
558000,0.742,0.000,0.258
558500,0.762,0.000,0.238
559000,0.755,0.000,0.245
559500,0.727,0.000,0.273
560000,0.692,0.000,0.308
560500,0.681,0.000,0.319
561000,0.655,0.000,0.345
561500,0.676,0.000,0.324
562000,0.685,0.000,0.315
562500,0.649,0.000,0.351
563000,0.694,0.000,0.306
563500,0.683,0.000,0.317
564000,0.607,0.000,0.393
564500,0.616,0.000,0.384
565000,0.647,0.000,0.353
565500,0.688,0.000,0.312
566000,0.627,0.000,0.373
566500,0.666,0.000,0.334
567000,0.627,0.000,0.373
567500,0.662,0.000,0.338
568000,0.605,0.000,0.395
568500,0.608,0.000,0.392
569000,0.659,0.000,0.341
569500,0.661,0.000,0.339
570000,0.612,0.000,0.388
570500,0.654,0.000,0.346
571000,0.620,0.000,0.380
571500,0.625,0.000,0.375
572000,0.577,0.000,0.423
572500,0.675,0.000,0.325
573000,0.669,0.000,0.331
573500,0.641,0.000,0.359
574000,0.671,0.000,0.329
574500,0.679,0.000,0.321
575000,0.695,0.000,0.305
575500,0.674,0.000,0.326
576000,0.696,0.000,0.304
576500,0.672,0.000,0.328
577000,0.710,0.000,0.290
577500,0.702,0.000,0.298
578000,0.749,0.000,0.251
578500,0.736,0.000,0.264
579000,0.746,0.000,0.254
579500,0.701,0.000,0.299
580000,0.729,0.000,0.271
580500,0.757,0.000,0.243
581000,0.731,0.000,0.269
581500,0.657,0.000,0.343
582000,0.670,0.000,0.330
582500,0.644,0.000,0.356
583000,0.635,0.000,0.365
583500,0.666,0.000,0.334
584000,0.715,0.000,0.285
584500,0.667,0.000,0.333
585000,0.639,0.000,0.361
585500,0.674,0.000,0.326
586000,0.686,0.000,0.314
586500,0.714,0.000,0.286
587000,0.710,0.000,0.290
587500,0.691,0.000,0.309
588000,0.693,0.000,0.307
588500,0.731,0.000,0.269
589000,0.733,0.000,0.267
589500,0.722,0.000,0.278
590000,0.687,0.000,0.313
590500,0.704,0.000,0.296
591000,0.752,0.000,0.248
591500,0.723,0.000,0.277
592000,0.704,0.000,0.296
592500,0.697,0.000,0.303
593000,0.665,0.000,0.335
593500,0.712,0.000,0.288
594000,0.663,0.000,0.337
594500,0.639,0.000,0.361
595000,0.659,0.000,0.341
595500,0.714,0.000,0.286
596000,0.665,0.000,0.335
596500,0.683,0.000,0.317
597000,0.693,0.000,0.307
597500,0.674,0.000,0.326
598000,0.670,0.000,0.330
598500,0.603,0.000,0.397
599000,0.597,0.000,0.403
599500,0.644,0.000,0.356
600000,0.694,0.000,0.306
600500,0.754,0.000,0.246
601000,0.774,0.000,0.226
601500,0.781,0.000,0.219
602000,0.746,0.000,0.254
602500,0.703,0.000,0.297
603000,0.735,0.000,0.265
603500,0.683,0.000,0.317
604000,0.669,0.000,0.331
604500,0.664,0.000,0.336
605000,0.716,0.000,0.284
605500,0.726,0.000,0.274
606000,0.782,0.000,0.218
606500,0.762,0.000,0.238
607000,0.711,0.000,0.289
607500,0.665,0.000,0.335
608000,0.669,0.000,0.331
608500,0.664,0.000,0.336
609000,0.716,0.000,0.284
609500,0.714,0.000,0.286
610000,0.723,0.000,0.277
610500,0.671,0.000,0.329
611000,0.644,0.000,0.356
611500,0.685,0.000,0.315
612000,0.725,0.000,0.275
612500,0.756,0.000,0.244
613000,0.717,0.000,0.283
613500,0.729,0.000,0.271
614000,0.691,0.000,0.309
614500,0.722,0.000,0.278
615000,0.698,0.000,0.302
615500,0.674,0.000,0.326
616000,0.681,0.000,0.319
616500,0.634,0.000,0.366
617000,0.615,0.000,0.385
617500,0.640,0.000,0.360
618000,0.676,0.000,0.324
618500,0.679,0.000,0.321
619000,0.725,0.000,0.275
619500,0.683,0.000,0.317
620000,0.700,0.000,0.300
620500,0.733,0.000,0.267
621000,0.728,0.000,0.272
621500,0.754,0.000,0.246
622000,0.757,0.000,0.243
622500,0.716,0.000,0.284
623000,0.627,0.000,0.373
623500,0.660,0.000,0.340
624000,0.635,0.000,0.365
624500,0.663,0.000,0.337
625000,0.690,0.000,0.310
625500,0.728,0.000,0.272
626000,0.750,0.000,0.250
626500,0.693,0.000,0.307
627000,0.610,0.000,0.390
627500,0.579,0.000,0.421
628000,0.617,0.000,0.383
628500,0.668,0.000,0.332
629000,0.662,0.000,0.338
629500,0.662,0.000,0.338
630000,0.701,0.000,0.299
630500,0.664,0.000,0.336
631000,0.658,0.000,0.342
631500,0.682,0.000,0.318
632000,0.684,0.000,0.316
632500,0.657,0.000,0.343
633000,0.696,0.000,0.304
633500,0.686,0.000,0.314
634000,0.654,0.000,0.346
634500,0.720,0.000,0.280
635000,0.783,0.000,0.217
635500,0.735,0.000,0.265
636000,0.719,0.000,0.281
636500,0.686,0.000,0.314
637000,0.722,0.000,0.278
637500,0.736,0.000,0.264
638000,0.713,0.000,0.287
638500,0.713,0.000,0.287
639000,0.728,0.000,0.272
639500,0.675,0.000,0.325
640000,0.706,0.000,0.294
640500,0.641,0.000,0.359
641000,0.660,0.000,0.340
641500,0.671,0.000,0.329
642000,0.709,0.000,0.291
642500,0.715,0.000,0.285
643000,0.717,0.000,0.283
643500,0.661,0.000,0.339
644000,0.594,0.000,0.406
644500,0.607,0.000,0.393
645000,0.631,0.000,0.369
645500,0.688,0.000,0.312
646000,0.685,0.000,0.315
646500,0.651,0.000,0.349
647000,0.671,0.000,0.329
647500,0.667,0.000,0.333
648000,0.649,0.000,0.351
648500,0.710,0.000,0.290
649000,0.673,0.000,0.327
649500,0.704,0.000,0.296
650000,0.694,0.000,0.306
650500,0.674,0.000,0.326
651000,0.620,0.000,0.380
651500,0.587,0.000,0.413
652000,0.585,0.000,0.415
652500,0.657,0.000,0.343
653000,0.730,0.000,0.270
653500,0.682,0.000,0.318
654000,0.629,0.000,0.371
654500,0.601,0.000,0.399
655000,0.626,0.000,0.374
655500,0.662,0.000,0.338
656000,0.649,0.000,0.351
656500,0.677,0.000,0.323
657000,0.762,0.000,0.238
657500,0.795,0.000,0.205
658000,0.780,0.000,0.220
658500,0.731,0.000,0.269
659000,0.684,0.000,0.316
659500,0.661,0.000,0.339
660000,0.633,0.000,0.367
660500,0.617,0.000,0.383
661000,0.593,0.000,0.407
661500,0.645,0.000,0.355
662000,0.656,0.000,0.344
662500,0.663,0.000,0.337
663000,0.644,0.000,0.356
663500,0.609,0.000,0.391
664000,0.662,0.000,0.338
664500,0.657,0.000,0.343
665000,0.683,0.000,0.317
665500,0.670,0.000,0.330
666000,0.651,0.000,0.349
666500,0.666,0.000,0.334
667000,0.744,0.000,0.256
667500,0.735,0.000,0.265
668000,0.690,0.000,0.310
668500,0.696,0.000,0.304
669000,0.659,0.000,0.341
669500,0.582,0.000,0.418
670000,0.543,0.000,0.457
670500,0.634,0.000,0.366
671000,0.672,0.000,0.328
671500,0.639,0.000,0.361
672000,0.641,0.000,0.359
672500,0.642,0.000,0.358
673000,0.671,0.000,0.329
673500,0.651,0.000,0.349
674000,0.645,0.000,0.355
674500,0.706,0.000,0.294
675000,0.737,0.000,0.263
675500,0.641,0.000,0.359
676000,0.711,0.000,0.289
676500,0.737,0.000,0.263
677000,0.676,0.000,0.324
677500,0.660,0.000,0.340
678000,0.645,0.000,0.355
678500,0.714,0.000,0.286
679000,0.739,0.000,0.261
679500,0.702,0.000,0.298
680000,0.665,0.000,0.335
680500,0.681,0.000,0.319
681000,0.703,0.000,0.297
681500,0.705,0.000,0.295
682000,0.725,0.000,0.275
682500,0.726,0.000,0.274
683000,0.700,0.000,0.300
683500,0.695,0.000,0.305
684000,0.703,0.000,0.297
684500,0.708,0.000,0.292
685000,0.648,0.000,0.352
685500,0.681,0.000,0.319
686000,0.697,0.000,0.303
686500,0.665,0.000,0.335
687000,0.702,0.000,0.298
687500,0.696,0.000,0.304
688000,0.743,0.000,0.257
688500,0.729,0.000,0.271
689000,0.741,0.000,0.259
689500,0.676,0.000,0.324
690000,0.630,0.000,0.370
690500,0.627,0.000,0.373
691000,0.678,0.000,0.322
691500,0.616,0.000,0.384
692000,0.619,0.000,0.381
692500,0.617,0.000,0.383
693000,0.653,0.000,0.347
693500,0.605,0.000,0.395
694000,0.633,0.000,0.367
694500,0.595,0.000,0.405
695000,0.668,0.000,0.332
695500,0.664,0.000,0.336
696000,0.645,0.000,0.355
696500,0.644,0.000,0.356
697000,0.732,0.000,0.268
697500,0.707,0.000,0.293
698000,0.708,0.000,0.292
698500,0.668,0.000,0.332
699000,0.681,0.000,0.319
699500,0.668,0.000,0.332
700000,0.698,0.000,0.302
700500,0.698,0.000,0.302
701000,0.699,0.000,0.301
701500,0.689,0.000,0.311
702000,0.683,0.000,0.317
702500,0.784,0.000,0.216
703000,0.788,0.000,0.212
703500,0.781,0.000,0.219
704000,0.745,0.000,0.255
704500,0.658,0.000,0.342
705000,0.667,0.000,0.333
705500,0.679,0.000,0.321
706000,0.614,0.000,0.386
706500,0.697,0.000,0.303
707000,0.707,0.000,0.293
707500,0.708,0.000,0.292
708000,0.673,0.000,0.327
708500,0.657,0.000,0.343
709000,0.656,0.000,0.344
709500,0.716,0.000,0.284
710000,0.757,0.000,0.243
710500,0.770,0.000,0.230
711000,0.802,0.000,0.198
711500,0.791,0.000,0.209
712000,0.716,0.000,0.284
712500,0.748,0.000,0.252
713000,0.838,0.000,0.162
713500,0.842,0.000,0.158
714000,0.794,0.000,0.206
714500,0.751,0.000,0.249
715000,0.714,0.000,0.286
715500,0.704,0.000,0.296
716000,0.694,0.000,0.306
716500,0.729,0.000,0.271
717000,0.646,0.000,0.354
717500,0.604,0.000,0.396
718000,0.677,0.000,0.323
718500,0.730,0.000,0.270
719000,0.780,0.000,0.220
719500,0.832,0.000,0.168
720000,0.785,0.000,0.215
720500,0.760,0.000,0.240
721000,0.769,0.000,0.231
721500,0.715,0.000,0.285
722000,0.674,0.000,0.326
722500,0.600,0.000,0.400
723000,0.593,0.000,0.407
723500,0.691,0.000,0.309
724000,0.711,0.000,0.289
724500,0.683,0.000,0.317
725000,0.663,0.000,0.337
725500,0.711,0.000,0.289
726000,0.724,0.000,0.276
726500,0.734,0.000,0.266
727000,0.725,0.000,0.275
727500,0.575,0.000,0.425
728000,0.614,0.000,0.386
728500,0.725,0.000,0.275
729000,0.718,0.000,0.282
729500,0.716,0.000,0.284
730000,0.705,0.000,0.295
730500,0.682,0.000,0.318
731000,0.717,0.000,0.283
731500,0.732,0.000,0.268
732000,0.756,0.000,0.244
732500,0.782,0.000,0.218
733000,0.773,0.000,0.227
733500,0.770,0.000,0.230
734000,0.742,0.000,0.258
734500,0.733,0.000,0.267
735000,0.749,0.000,0.251
735500,0.750,0.000,0.250
736000,0.717,0.000,0.283
736500,0.657,0.000,0.343
737000,0.670,0.000,0.330
737500,0.657,0.000,0.343
738000,0.684,0.000,0.316
738500,0.693,0.000,0.307
739000,0.717,0.000,0.283
739500,0.724,0.000,0.276
740000,0.727,0.000,0.273
740500,0.671,0.000,0.329
741000,0.684,0.000,0.316
741500,0.653,0.000,0.347
742000,0.642,0.000,0.358
742500,0.703,0.000,0.297
743000,0.696,0.000,0.304
743500,0.702,0.000,0.298
744000,0.672,0.000,0.328
744500,0.641,0.000,0.359
745000,0.704,0.000,0.296
745500,0.686,0.000,0.314
746000,0.747,0.000,0.253
746500,0.701,0.000,0.299
747000,0.620,0.000,0.380
747500,0.708,0.000,0.292
748000,0.721,0.000,0.279
748500,0.786,0.000,0.214
749000,0.791,0.000,0.209
749500,0.840,0.000,0.160
750000,0.838,0.000,0.162
750500,0.815,0.000,0.185
751000,0.842,0.000,0.158
751500,0.824,0.000,0.176
752000,0.833,0.000,0.167
752500,0.798,0.000,0.202
753000,0.736,0.000,0.264
753500,0.779,0.000,0.221
754000,0.799,0.000,0.201
754500,0.764,0.000,0.236
755000,0.665,0.000,0.335
755500,0.684,0.000,0.316
756000,0.688,0.000,0.312
756500,0.719,0.000,0.281
757000,0.726,0.000,0.274
757500,0.731,0.000,0.269
758000,0.725,0.000,0.275
758500,0.759,0.000,0.241
759000,0.777,0.000,0.223
759500,0.773,0.000,0.227
760000,0.757,0.000,0.243
760500,0.718,0.000,0.282
761000,0.725,0.000,0.275
761500,0.724,0.000,0.276
762000,0.724,0.000,0.276
762500,0.696,0.000,0.304
763000,0.677,0.000,0.323
763500,0.688,0.000,0.312
764000,0.656,0.000,0.344
764500,0.651,0.000,0.349
765000,0.674,0.000,0.326
765500,0.690,0.000,0.310
766000,0.689,0.000,0.311
766500,0.716,0.000,0.284
767000,0.722,0.000,0.278
767500,0.709,0.000,0.291
768000,0.684,0.000,0.316
768500,0.724,0.000,0.276
769000,0.704,0.000,0.296
769500,0.686,0.000,0.314
770000,0.722,0.000,0.278
770500,0.696,0.000,0.304
771000,0.726,0.000,0.274
771500,0.729,0.000,0.271
772000,0.781,0.000,0.219
772500,0.830,0.000,0.170
773000,0.745,0.000,0.255
773500,0.696,0.000,0.304
774000,0.699,0.000,0.301
774500,0.693,0.000,0.307
775000,0.689,0.000,0.311
775500,0.677,0.000,0.323
776000,0.663,0.000,0.337
776500,0.665,0.000,0.335
777000,0.654,0.000,0.346
777500,0.697,0.000,0.303
778000,0.680,0.000,0.320
778500,0.653,0.000,0.347
779000,0.635,0.000,0.365
779500,0.650,0.000,0.350
780000,0.667,0.000,0.333
780500,0.715,0.000,0.285
781000,0.681,0.000,0.319
781500,0.650,0.000,0.350
782000,0.650,0.000,0.350
782500,0.695,0.000,0.305
783000,0.682,0.000,0.318
783500,0.664,0.000,0.336
784000,0.594,0.000,0.406
784500,0.649,0.000,0.351
785000,0.617,0.000,0.383
785500,0.625,0.000,0.375
786000,0.630,0.000,0.370
786500,0.673,0.000,0.327
787000,0.726,0.000,0.274
787500,0.778,0.000,0.222
788000,0.656,0.000,0.344
788500,0.606,0.000,0.394
789000,0.599,0.000,0.401
789500,0.606,0.000,0.394
790000,0.619,0.000,0.381
790500,0.632,0.000,0.368
791000,0.630,0.000,0.370
791500,0.637,0.000,0.363
792000,0.676,0.000,0.324
792500,0.651,0.000,0.349
793000,0.639,0.000,0.361
793500,0.650,0.000,0.350
794000,0.615,0.000,0.385
794500,0.640,0.000,0.360
795000,0.656,0.000,0.344
795500,0.679,0.000,0.321
796000,0.695,0.000,0.305
796500,0.605,0.000,0.395
797000,0.669,0.000,0.331
797500,0.649,0.000,0.351
798000,0.694,0.000,0.306
798500,0.758,0.000,0.242
799000,0.745,0.000,0.255
799500,0.687,0.000,0.313
800000,0.677,0.000,0.323
800500,0.699,0.000,0.301
801000,0.672,0.000,0.328
801500,0.604,0.000,0.396
802000,0.609,0.000,0.391
802500,0.657,0.000,0.343
803000,0.650,0.000,0.350
803500,0.670,0.000,0.330
804000,0.724,0.000,0.276
804500,0.669,0.000,0.331
805000,0.692,0.000,0.308
805500,0.675,0.000,0.325
806000,0.705,0.000,0.295
806500,0.664,0.000,0.336
807000,0.652,0.000,0.348
807500,0.649,0.000,0.351
808000,0.702,0.000,0.298
808500,0.672,0.000,0.328
809000,0.708,0.000,0.292
809500,0.664,0.000,0.336
810000,0.645,0.000,0.355
810500,0.688,0.000,0.312
811000,0.644,0.000,0.356
811500,0.612,0.000,0.388
812000,0.629,0.000,0.371
812500,0.646,0.000,0.354
813000,0.698,0.000,0.302
813500,0.688,0.000,0.312
814000,0.695,0.000,0.305
814500,0.779,0.000,0.221
815000,0.777,0.000,0.223
815500,0.734,0.000,0.266
816000,0.709,0.000,0.291
816500,0.725,0.000,0.275
817000,0.680,0.000,0.320
817500,0.688,0.000,0.312
818000,0.668,0.000,0.332
818500,0.712,0.000,0.288
819000,0.723,0.000,0.277
819500,0.725,0.000,0.275
820000,0.758,0.000,0.242
820500,0.741,0.000,0.259
821000,0.783,0.000,0.217
821500,0.811,0.000,0.189
822000,0.788,0.000,0.212
822500,0.729,0.000,0.271
823000,0.826,0.000,0.174
823500,0.844,0.000,0.156
824000,0.780,0.000,0.220
824500,0.739,0.000,0.261
825000,0.726,0.000,0.274
825500,0.709,0.000,0.291
826000,0.706,0.000,0.294
826500,0.734,0.000,0.266
827000,0.702,0.000,0.298
827500,0.643,0.000,0.357
828000,0.640,0.000,0.360
828500,0.667,0.000,0.333
829000,0.648,0.000,0.352
829500,0.639,0.000,0.361
830000,0.639,0.000,0.361
830500,0.643,0.000,0.357
831000,0.592,0.000,0.408
831500,0.680,0.000,0.320
832000,0.661,0.000,0.339
832500,0.684,0.000,0.316
833000,0.724,0.000,0.276
833500,0.712,0.000,0.288
834000,0.676,0.000,0.324
834500,0.693,0.000,0.307
835000,0.666,0.000,0.334
835500,0.654,0.000,0.346
836000,0.684,0.000,0.316
836500,0.677,0.000,0.323
837000,0.671,0.000,0.329
837500,0.650,0.000,0.350
838000,0.624,0.000,0.376
838500,0.646,0.000,0.354
839000,0.668,0.000,0.332
839500,0.651,0.000,0.349
840000,0.646,0.000,0.354
840500,0.675,0.000,0.325
841000,0.687,0.000,0.313
841500,0.602,0.000,0.398
842000,0.643,0.000,0.357
842500,0.656,0.000,0.344
843000,0.714,0.000,0.286
843500,0.751,0.000,0.249
844000,0.729,0.000,0.271
844500,0.729,0.000,0.271
845000,0.778,0.000,0.222
845500,0.797,0.000,0.203
846000,0.811,0.000,0.189
846500,0.833,0.000,0.167
847000,0.822,0.000,0.178
847500,0.745,0.000,0.255
848000,0.766,0.000,0.234
848500,0.683,0.000,0.317
849000,0.684,0.000,0.316
849500,0.708,0.000,0.292
850000,0.700,0.000,0.300
850500,0.716,0.000,0.284
851000,0.646,0.000,0.354
851500,0.645,0.000,0.355
852000,0.630,0.000,0.370
852500,0.681,0.000,0.319
853000,0.737,0.000,0.263
853500,0.753,0.000,0.247
854000,0.722,0.000,0.278
854500,0.701,0.000,0.299
855000,0.675,0.000,0.325
855500,0.644,0.000,0.356
856000,0.650,0.000,0.350
856500,0.665,0.000,0.335
857000,0.687,0.000,0.313
857500,0.726,0.000,0.274
858000,0.730,0.000,0.270
858500,0.676,0.000,0.324
859000,0.714,0.000,0.286
859500,0.698,0.000,0.302
860000,0.692,0.000,0.308
860500,0.715,0.000,0.285
861000,0.838,0.000,0.162
861500,0.811,0.000,0.189
862000,0.827,0.000,0.173
862500,0.758,0.000,0.242
863000,0.739,0.000,0.261
863500,0.751,0.000,0.249
864000,0.797,0.000,0.203
864500,0.761,0.000,0.239
865000,0.716,0.000,0.284
865500,0.644,0.000,0.356
866000,0.589,0.000,0.411
866500,0.595,0.000,0.405
867000,0.631,0.000,0.369
867500,0.619,0.000,0.381
868000,0.653,0.000,0.347
868500,0.764,0.000,0.236
869000,0.740,0.000,0.260
869500,0.792,0.000,0.208
870000,0.746,0.000,0.254
870500,0.725,0.000,0.275
871000,0.724,0.000,0.276
871500,0.730,0.000,0.270
872000,0.743,0.000,0.257
872500,0.760,0.000,0.240
873000,0.709,0.000,0.291
873500,0.709,0.000,0.291
874000,0.673,0.000,0.327
874500,0.681,0.000,0.319
875000,0.735,0.000,0.265
875500,0.715,0.000,0.285
876000,0.684,0.000,0.316
876500,0.724,0.000,0.276
877000,0.626,0.000,0.374
877500,0.647,0.000,0.353
878000,0.674,0.000,0.326
878500,0.661,0.000,0.339
879000,0.709,0.000,0.291
879500,0.695,0.000,0.305
880000,0.689,0.000,0.311
880500,0.664,0.000,0.336
881000,0.651,0.000,0.349
881500,0.674,0.000,0.326
882000,0.665,0.000,0.335
882500,0.667,0.000,0.333
883000,0.657,0.000,0.343
883500,0.701,0.000,0.299
884000,0.703,0.000,0.297
884500,0.666,0.000,0.334
885000,0.627,0.000,0.373
885500,0.614,0.000,0.386
886000,0.604,0.000,0.396
886500,0.575,0.000,0.425
887000,0.622,0.000,0.378
887500,0.597,0.000,0.403
888000,0.628,0.000,0.372
888500,0.649,0.000,0.351
889000,0.682,0.000,0.318
889500,0.693,0.000,0.307
890000,0.668,0.000,0.332
890500,0.680,0.000,0.320
891000,0.667,0.000,0.333
891500,0.717,0.000,0.283
892000,0.726,0.000,0.274
892500,0.704,0.000,0.296
893000,0.704,0.000,0.296
893500,0.705,0.000,0.295
894000,0.730,0.000,0.270
894500,0.712,0.000,0.288
895000,0.749,0.000,0.251
895500,0.725,0.000,0.275
896000,0.691,0.000,0.309
896500,0.650,0.000,0.350
897000,0.659,0.000,0.341
897500,0.651,0.000,0.349
898000,0.686,0.000,0.314
898500,0.688,0.000,0.312
899000,0.663,0.000,0.337
899500,0.647,0.000,0.353
900000,0.630,0.000,0.370
900500,0.631,0.000,0.369
901000,0.605,0.000,0.395
901500,0.695,0.000,0.305
902000,0.691,0.000,0.309
902500,0.636,0.000,0.364
903000,0.722,0.000,0.278
903500,0.742,0.000,0.258
904000,0.729,0.000,0.271
904500,0.683,0.000,0.317
905000,0.713,0.000,0.287
905500,0.681,0.000,0.319
906000,0.714,0.000,0.286
906500,0.690,0.000,0.310
907000,0.735,0.000,0.265
907500,0.754,0.000,0.246
908000,0.792,0.000,0.208
908500,0.717,0.000,0.283
909000,0.781,0.000,0.219
909500,0.749,0.000,0.251
910000,0.772,0.000,0.228
910500,0.727,0.000,0.273
911000,0.735,0.000,0.265
911500,0.775,0.000,0.225
912000,0.791,0.000,0.209
912500,0.744,0.000,0.256
913000,0.717,0.000,0.283
913500,0.739,0.000,0.261
914000,0.723,0.000,0.277
914500,0.703,0.000,0.297
915000,0.680,0.000,0.320
915500,0.636,0.000,0.364
916000,0.623,0.000,0.377
916500,0.599,0.000,0.401
917000,0.631,0.000,0.369
917500,0.602,0.000,0.398
918000,0.619,0.000,0.381
918500,0.586,0.000,0.414
919000,0.610,0.000,0.390
919500,0.620,0.000,0.380
920000,0.682,0.000,0.318
920500,0.681,0.000,0.319
921000,0.716,0.000,0.284
921500,0.688,0.000,0.312
922000,0.686,0.000,0.314
922500,0.686,0.000,0.314
923000,0.683,0.000,0.317
923500,0.691,0.000,0.309
924000,0.645,0.000,0.355
924500,0.652,0.000,0.348
925000,0.689,0.000,0.311
925500,0.647,0.000,0.353
926000,0.647,0.000,0.353
926500,0.674,0.000,0.326
927000,0.664,0.000,0.336
927500,0.697,0.000,0.303
928000,0.646,0.000,0.354
928500,0.663,0.000,0.337
929000,0.628,0.000,0.372
929500,0.652,0.000,0.348
930000,0.666,0.000,0.334
930500,0.642,0.000,0.358
931000,0.675,0.000,0.325
931500,0.693,0.000,0.307
932000,0.671,0.000,0.329
932500,0.672,0.000,0.328
933000,0.662,0.000,0.338
933500,0.624,0.000,0.376
934000,0.634,0.000,0.366
934500,0.656,0.000,0.344
935000,0.634,0.000,0.366
935500,0.645,0.000,0.355
936000,0.657,0.000,0.343
936500,0.682,0.000,0.318
937000,0.703,0.000,0.297
937500,0.673,0.000,0.327
938000,0.708,0.000,0.292
938500,0.721,0.000,0.279
939000,0.724,0.000,0.276
939500,0.715,0.000,0.285
940000,0.709,0.000,0.291
940500,0.704,0.000,0.296
941000,0.647,0.000,0.353
941500,0.615,0.000,0.385
942000,0.677,0.000,0.323
942500,0.647,0.000,0.353
943000,0.704,0.000,0.296
943500,0.660,0.000,0.340
944000,0.631,0.000,0.369
944500,0.632,0.000,0.368
945000,0.654,0.000,0.346
945500,0.684,0.000,0.316
946000,0.700,0.000,0.300
946500,0.678,0.000,0.322
947000,0.672,0.000,0.328
947500,0.681,0.000,0.319
948000,0.683,0.000,0.317
948500,0.688,0.000,0.312
949000,0.695,0.000,0.305
949500,0.675,0.000,0.325
950000,0.712,0.000,0.288
950500,0.711,0.000,0.289
951000,0.696,0.000,0.304
951500,0.660,0.000,0.340
952000,0.701,0.000,0.299
952500,0.655,0.000,0.345
953000,0.655,0.000,0.345
953500,0.653,0.000,0.347
954000,0.646,0.000,0.354
954500,0.670,0.000,0.330
955000,0.603,0.000,0.397
955500,0.660,0.000,0.340
956000,0.686,0.000,0.314
956500,0.653,0.000,0.347
957000,0.723,0.000,0.277
957500,0.740,0.000,0.260
958000,0.665,0.000,0.335
958500,0.665,0.000,0.335
959000,0.667,0.000,0.333
959500,0.692,0.000,0.308
960000,0.695,0.000,0.305
960500,0.733,0.000,0.267
961000,0.736,0.000,0.264
961500,0.770,0.000,0.230
962000,0.721,0.000,0.279
962500,0.766,0.000,0.234
963000,0.733,0.000,0.267
963500,0.751,0.000,0.249
964000,0.716,0.000,0.284
964500,0.716,0.000,0.284
965000,0.643,0.000,0.357
965500,0.734,0.000,0.266
966000,0.670,0.000,0.330
966500,0.641,0.000,0.359
967000,0.667,0.000,0.333
967500,0.659,0.000,0.341
968000,0.637,0.000,0.363
968500,0.677,0.000,0.323
969000,0.672,0.000,0.328
969500,0.693,0.000,0.307
970000,0.693,0.000,0.307
970500,0.730,0.000,0.270
971000,0.768,0.000,0.232
971500,0.727,0.000,0.273
972000,0.698,0.000,0.302
972500,0.655,0.000,0.345
973000,0.661,0.000,0.339
973500,0.641,0.000,0.359
974000,0.688,0.000,0.312
974500,0.685,0.000,0.315
975000,0.672,0.000,0.328
975500,0.681,0.000,0.319
976000,0.670,0.000,0.330
976500,0.614,0.000,0.386
977000,0.682,0.000,0.318
977500,0.641,0.000,0.359
978000,0.670,0.000,0.330
978500,0.689,0.000,0.311
979000,0.708,0.000,0.292
979500,0.687,0.000,0.313
980000,0.684,0.000,0.316
980500,0.664,0.000,0.336
981000,0.667,0.000,0.333
981500,0.648,0.000,0.352
982000,0.685,0.000,0.315
982500,0.655,0.000,0.345
983000,0.703,0.000,0.297
983500,0.651,0.000,0.349
984000,0.646,0.000,0.354
984500,0.648,0.000,0.352
985000,0.681,0.000,0.319
985500,0.709,0.000,0.291
986000,0.796,0.000,0.204
986500,0.770,0.000,0.230
987000,0.822,0.000,0.178
987500,0.823,0.000,0.177
988000,0.773,0.000,0.227
988500,0.761,0.000,0.239
989000,0.728,0.000,0.272
989500,0.754,0.000,0.246
990000,0.713,0.000,0.287
990500,0.783,0.000,0.217
991000,0.795,0.000,0.205
991500,0.746,0.000,0.254
992000,0.682,0.000,0.318
992500,0.703,0.000,0.297
993000,0.666,0.000,0.334
993500,0.658,0.000,0.342
994000,0.675,0.000,0.325
994500,0.703,0.000,0.297
995000,0.698,0.000,0.302
995500,0.709,0.000,0.291
996000,0.734,0.000,0.266
996500,0.719,0.000,0.281
997000,0.686,0.000,0.314
997500,0.693,0.000,0.307
998000,0.718,0.000,0.282
998500,0.689,0.000,0.311
999000,0.673,0.000,0.327
999500,0.677,0.000,0.323
1000000,0.661,0.000,0.339
