time,n_A+p,n_B,n_AB
500,0.030,0.804,0.166
1000,0.030,0.596,0.374
1500,0.030,0.492,0.478
2000,0.030,0.423,0.546
2500,0.030,0.414,0.555
3000,0.030,0.390,0.580
3500,0.030,0.366,0.604
4000,0.040,0.317,0.644
4500,0.036,0.269,0.695
5000,0.038,0.257,0.705
5500,0.033,0.261,0.707
6000,0.030,0.377,0.593
6500,0.030,0.353,0.617
7000,0.030,0.380,0.591
7500,0.030,0.328,0.642
8000,0.035,0.344,0.621
8500,0.032,0.359,0.609
9000,0.030,0.358,0.611
9500,0.030,0.392,0.579
10000,0.030,0.393,0.577
10500,0.030,0.342,0.628
11000,0.030,0.356,0.613
11500,0.030,0.362,0.608
12000,0.030,0.405,0.565
12500,0.030,0.347,0.623
13000,0.030,0.400,0.571
13500,0.030,0.341,0.629
14000,0.030,0.393,0.577
14500,0.030,0.368,0.601
15000,0.030,0.400,0.571
15500,0.030,0.284,0.685
16000,0.030,0.286,0.683
16500,0.038,0.247,0.714
17000,0.036,0.243,0.720
17500,0.032,0.367,0.602
18000,0.035,0.299,0.666
18500,0.032,0.298,0.669
19000,0.035,0.390,0.575
19500,0.030,0.337,0.633
20000,0.030,0.381,0.589
20500,0.030,0.343,0.627
21000,0.031,0.284,0.684
21500,0.032,0.309,0.659
22000,0.030,0.386,0.584
22500,0.030,0.399,0.571
23000,0.030,0.407,0.563
23500,0.030,0.380,0.590
24000,0.030,0.318,0.652
24500,0.035,0.297,0.667
25000,0.031,0.378,0.591
25500,0.030,0.382,0.588
26000,0.030,0.336,0.634
26500,0.030,0.313,0.657
27000,0.030,0.359,0.611
27500,0.030,0.394,0.577
28000,0.030,0.367,0.603
28500,0.030,0.344,0.626
29000,0.033,0.377,0.591
29500,0.030,0.320,0.650
30000,0.030,0.331,0.639
30500,0.033,0.365,0.602
31000,0.032,0.268,0.701
31500,0.032,0.311,0.657
32000,0.030,0.317,0.653
32500,0.030,0.325,0.645
33000,0.030,0.354,0.616
33500,0.030,0.335,0.635
34000,0.035,0.282,0.683
34500,0.035,0.274,0.691
35000,0.032,0.325,0.643
35500,0.030,0.324,0.645
36000,0.030,0.322,0.648
36500,0.030,0.373,0.597
37000,0.030,0.348,0.621
37500,0.030,0.306,0.663
38000,0.030,0.321,0.649
38500,0.030,0.298,0.671
39000,0.030,0.330,0.640
39500,0.030,0.304,0.666
40000,0.030,0.285,0.685
40500,0.030,0.306,0.663
41000,0.031,0.271,0.698
41500,0.030,0.295,0.674
42000,0.030,0.319,0.651
42500,0.030,0.358,0.612
43000,0.030,0.337,0.633
43500,0.030,0.392,0.578
44000,0.030,0.399,0.571
44500,0.030,0.342,0.628
45000,0.030,0.324,0.646
45500,0.031,0.304,0.664
46000,0.037,0.315,0.648
46500,0.031,0.344,0.625
47000,0.030,0.313,0.657
47500,0.040,0.271,0.690
48000,0.036,0.306,0.657
48500,0.037,0.359,0.604
49000,0.031,0.440,0.529
49500,0.032,0.328,0.640
50000,0.030,0.266,0.704
50500,0.032,0.307,0.661
51000,0.037,0.308,0.654
51500,0.040,0.318,0.643
52000,0.042,0.341,0.617
52500,0.031,0.330,0.639
53000,0.033,0.331,0.637
53500,0.035,0.292,0.673
54000,0.035,0.296,0.669
54500,0.031,0.295,0.673
55000,0.036,0.276,0.688
55500,0.039,0.314,0.647
56000,0.030,0.321,0.649
56500,0.030,0.380,0.591
57000,0.030,0.333,0.637
57500,0.030,0.305,0.665
58000,0.030,0.375,0.595
58500,0.030,0.341,0.629
59000,0.030,0.396,0.574
59500,0.030,0.403,0.567
60000,0.034,0.350,0.616
60500,0.036,0.240,0.724
61000,0.035,0.278,0.687
61500,0.038,0.241,0.721
62000,0.036,0.280,0.684
62500,0.033,0.285,0.682
63000,0.030,0.345,0.625
63500,0.030,0.341,0.629
64000,0.030,0.344,0.625
64500,0.030,0.314,0.656
65000,0.030,0.379,0.591
65500,0.030,0.408,0.561
66000,0.035,0.275,0.690
66500,0.030,0.353,0.616
67000,0.030,0.431,0.538
67500,0.030,0.420,0.549
68000,0.030,0.374,0.595
68500,0.030,0.365,0.605
69000,0.030,0.392,0.578
69500,0.035,0.317,0.649
70000,0.032,0.373,0.595
70500,0.030,0.300,0.670
71000,0.032,0.279,0.690
71500,0.040,0.242,0.718
72000,0.032,0.281,0.686
72500,0.030,0.272,0.698
73000,0.032,0.308,0.660
73500,0.030,0.264,0.706
74000,0.035,0.252,0.714
74500,0.030,0.334,0.636
75000,0.030,0.380,0.591
75500,0.032,0.311,0.657
76000,0.030,0.304,0.665
76500,0.030,0.324,0.646
77000,0.030,0.356,0.614
77500,0.030,0.281,0.689
78000,0.032,0.272,0.697
78500,0.034,0.298,0.668
79000,0.030,0.310,0.659
79500,0.030,0.342,0.628
80000,0.030,0.313,0.657
80500,0.030,0.372,0.598
81000,0.030,0.308,0.661
81500,0.030,0.378,0.592
82000,0.030,0.326,0.644
82500,0.039,0.259,0.702
83000,0.030,0.321,0.649
83500,0.035,0.276,0.689
84000,0.038,0.241,0.721
84500,0.032,0.358,0.611
85000,0.030,0.385,0.585
85500,0.030,0.404,0.567
86000,0.030,0.413,0.557
86500,0.031,0.327,0.642
87000,0.035,0.359,0.606
87500,0.032,0.352,0.617
88000,0.034,0.343,0.624
88500,0.030,0.304,0.665
89000,0.030,0.339,0.631
89500,0.033,0.300,0.667
90000,0.031,0.367,0.602
90500,0.030,0.321,0.649
91000,0.030,0.294,0.675
91500,0.030,0.277,0.693
92000,0.030,0.274,0.696
92500,0.032,0.331,0.637
93000,0.035,0.344,0.621
93500,0.030,0.357,0.613
94000,0.030,0.328,0.642
94500,0.030,0.313,0.657
95000,0.033,0.338,0.629
95500,0.030,0.414,0.556
96000,0.030,0.335,0.635
96500,0.030,0.332,0.638
97000,0.030,0.326,0.644
97500,0.030,0.342,0.628
98000,0.030,0.336,0.634
98500,0.030,0.358,0.611
99000,0.030,0.382,0.588
99500,0.030,0.390,0.580
100000,0.030,0.396,0.575
100500,0.030,0.355,0.615
101000,0.034,0.355,0.611
101500,0.030,0.389,0.581
102000,0.030,0.358,0.612
102500,0.030,0.342,0.628
103000,0.030,0.402,0.569
103500,0.030,0.432,0.537
104000,0.030,0.374,0.595
104500,0.030,0.351,0.619
105000,0.030,0.333,0.637
105500,0.030,0.323,0.647
106000,0.030,0.398,0.572
106500,0.030,0.382,0.588
107000,0.033,0.304,0.663
107500,0.030,0.337,0.633
108000,0.030,0.309,0.661
108500,0.030,0.366,0.604
109000,0.032,0.350,0.619
109500,0.030,0.343,0.627
110000,0.035,0.342,0.623
110500,0.030,0.329,0.641
111000,0.030,0.292,0.678
111500,0.030,0.299,0.670
112000,0.030,0.340,0.630
112500,0.030,0.340,0.630
113000,0.030,0.381,0.589
113500,0.030,0.346,0.623
114000,0.030,0.333,0.637
114500,0.030,0.336,0.634
115000,0.030,0.351,0.619
115500,0.039,0.342,0.619
116000,0.030,0.367,0.603
116500,0.032,0.299,0.669
117000,0.031,0.270,0.699
117500,0.031,0.262,0.707
118000,0.030,0.383,0.587
118500,0.030,0.271,0.700
119000,0.030,0.346,0.624
119500,0.030,0.288,0.682
120000,0.030,0.334,0.636
120500,0.030,0.347,0.623
121000,0.035,0.328,0.637
121500,0.030,0.408,0.562
122000,0.030,0.400,0.571
122500,0.030,0.351,0.619
123000,0.033,0.319,0.649
123500,0.030,0.340,0.630
124000,0.030,0.329,0.641
124500,0.030,0.302,0.667
125000,0.030,0.363,0.607
125500,0.030,0.407,0.563
126000,0.030,0.465,0.505
126500,0.030,0.357,0.613
127000,0.030,0.334,0.636
127500,0.030,0.358,0.612
128000,0.043,0.293,0.665
128500,0.031,0.308,0.661
129000,0.030,0.322,0.648
129500,0.030,0.359,0.611
130000,0.030,0.369,0.601
130500,0.030,0.340,0.630
131000,0.033,0.358,0.609
131500,0.030,0.353,0.617
132000,0.030,0.367,0.603
132500,0.030,0.403,0.567
133000,0.030,0.352,0.618
133500,0.031,0.365,0.604
134000,0.030,0.384,0.586
134500,0.030,0.348,0.621
135000,0.030,0.302,0.667
135500,0.030,0.399,0.571
136000,0.030,0.349,0.621
136500,0.035,0.262,0.703
137000,0.036,0.345,0.619
137500,0.037,0.280,0.682
138000,0.033,0.300,0.666
138500,0.030,0.380,0.590
139000,0.035,0.329,0.636
139500,0.030,0.361,0.608
140000,0.030,0.359,0.611
140500,0.030,0.345,0.625
141000,0.030,0.346,0.624
141500,0.030,0.334,0.636
142000,0.034,0.278,0.689
142500,0.035,0.309,0.656
143000,0.037,0.357,0.606
143500,0.035,0.363,0.602
144000,0.037,0.315,0.648
144500,0.030,0.356,0.613
145000,0.030,0.330,0.640
145500,0.030,0.332,0.638
146000,0.031,0.333,0.636
146500,0.030,0.370,0.599
147000,0.032,0.310,0.657
147500,0.030,0.325,0.645
148000,0.030,0.310,0.660
148500,0.030,0.248,0.722
149000,0.030,0.280,0.690
149500,0.030,0.403,0.567
150000,0.030,0.386,0.585
150500,0.030,0.380,0.591
151000,0.030,0.362,0.608
151500,0.035,0.300,0.665
152000,0.040,0.231,0.730
152500,0.049,0.190,0.762
153000,0.048,0.204,0.748
153500,0.048,0.195,0.758
154000,0.033,0.209,0.758
154500,0.032,0.303,0.665
155000,0.038,0.299,0.662
155500,0.030,0.358,0.611
156000,0.030,0.383,0.587
156500,0.030,0.301,0.668
157000,0.030,0.302,0.668
157500,0.035,0.297,0.667
158000,0.030,0.315,0.655
158500,0.030,0.367,0.603
159000,0.034,0.307,0.659
159500,0.032,0.312,0.655
160000,0.030,0.410,0.559
160500,0.030,0.390,0.580
161000,0.030,0.333,0.637
161500,0.030,0.259,0.711
162000,0.034,0.240,0.726
162500,0.041,0.231,0.728
163000,0.032,0.285,0.683
163500,0.035,0.275,0.690
164000,0.032,0.356,0.613
164500,0.033,0.405,0.562
165000,0.030,0.341,0.629
165500,0.030,0.411,0.558
166000,0.030,0.385,0.585
166500,0.030,0.344,0.626
167000,0.030,0.341,0.629
167500,0.033,0.356,0.612
168000,0.034,0.292,0.673
168500,0.032,0.335,0.633
169000,0.030,0.381,0.589
169500,0.030,0.369,0.601
170000,0.030,0.346,0.624
170500,0.030,0.302,0.667
171000,0.030,0.278,0.692
171500,0.030,0.329,0.641
172000,0.033,0.303,0.664
172500,0.032,0.306,0.661
173000,0.030,0.325,0.645
173500,0.030,0.325,0.645
174000,0.030,0.317,0.653
174500,0.030,0.320,0.650
175000,0.030,0.297,0.672
175500,0.038,0.240,0.722
176000,0.034,0.283,0.683
176500,0.034,0.266,0.701
177000,0.030,0.321,0.649
177500,0.030,0.352,0.618
178000,0.036,0.333,0.631
178500,0.030,0.341,0.629
179000,0.030,0.390,0.581
179500,0.032,0.372,0.596
180000,0.032,0.365,0.603
180500,0.030,0.379,0.591
181000,0.030,0.392,0.578
181500,0.030,0.319,0.651
182000,0.036,0.250,0.714
182500,0.033,0.292,0.674
183000,0.035,0.395,0.571
183500,0.030,0.415,0.554
184000,0.030,0.392,0.578
184500,0.030,0.418,0.551
185000,0.030,0.352,0.618
185500,0.030,0.344,0.626
186000,0.030,0.218,0.752
186500,0.032,0.285,0.683
187000,0.033,0.226,0.741
187500,0.035,0.281,0.684
188000,0.030,0.283,0.686
188500,0.031,0.345,0.623
189000,0.030,0.318,0.652
189500,0.030,0.338,0.632
190000,0.030,0.355,0.615
190500,0.036,0.355,0.609
191000,0.030,0.361,0.609
191500,0.033,0.328,0.639
192000,0.033,0.347,0.620
192500,0.030,0.276,0.694
193000,0.035,0.294,0.671
193500,0.033,0.284,0.683
194000,0.032,0.321,0.647
194500,0.037,0.240,0.723
195000,0.030,0.281,0.689
195500,0.030,0.328,0.642
196000,0.030,0.265,0.705
196500,0.042,0.241,0.716
197000,0.035,0.265,0.701
197500,0.030,0.348,0.621
198000,0.030,0.414,0.555
198500,0.030,0.400,0.571
199000,0.030,0.352,0.618
199500,0.030,0.395,0.575
200000,0.030,0.356,0.613
200500,0.030,0.321,0.649
201000,0.033,0.320,0.647
201500,0.034,0.277,0.690
202000,0.031,0.337,0.632
202500,0.030,0.287,0.682
203000,0.030,0.376,0.595
203500,0.030,0.326,0.644
204000,0.032,0.291,0.677
204500,0.034,0.302,0.664
205000,0.030,0.359,0.610
205500,0.030,0.318,0.652
206000,0.034,0.296,0.671
206500,0.030,0.360,0.610
207000,0.030,0.418,0.551
207500,0.030,0.366,0.603
208000,0.030,0.353,0.617
208500,0.030,0.309,0.661
209000,0.036,0.265,0.699
209500,0.030,0.328,0.642
210000,0.030,0.335,0.635
210500,0.035,0.339,0.626
211000,0.030,0.300,0.670
211500,0.034,0.307,0.659
212000,0.035,0.311,0.653
212500,0.032,0.329,0.639
213000,0.030,0.345,0.625
213500,0.030,0.313,0.657
214000,0.030,0.366,0.604
214500,0.030,0.344,0.626
215000,0.033,0.310,0.657
215500,0.032,0.382,0.587
216000,0.030,0.344,0.626
216500,0.030,0.347,0.623
217000,0.030,0.327,0.643
217500,0.030,0.377,0.593
218000,0.030,0.421,0.549
218500,0.030,0.410,0.559
219000,0.030,0.390,0.580
219500,0.030,0.417,0.552
220000,0.030,0.398,0.572
220500,0.033,0.379,0.589
221000,0.031,0.284,0.685
221500,0.030,0.345,0.625
222000,0.031,0.400,0.569
222500,0.030,0.321,0.649
223000,0.031,0.320,0.649
223500,0.037,0.245,0.718
224000,0.033,0.285,0.682
224500,0.035,0.364,0.601
225000,0.030,0.381,0.589
225500,0.030,0.333,0.637
226000,0.032,0.332,0.637
226500,0.030,0.311,0.658
227000,0.030,0.350,0.619
227500,0.036,0.294,0.669
228000,0.030,0.362,0.607
228500,0.030,0.356,0.613
229000,0.030,0.340,0.630
229500,0.030,0.364,0.606
230000,0.030,0.331,0.639
230500,0.030,0.321,0.649
231000,0.030,0.306,0.664
231500,0.030,0.357,0.613
232000,0.036,0.359,0.605
232500,0.035,0.307,0.658
233000,0.035,0.359,0.605
233500,0.030,0.388,0.582
234000,0.030,0.383,0.587
234500,0.030,0.365,0.605
235000,0.030,0.332,0.638
235500,0.030,0.406,0.565
236000,0.030,0.411,0.559
236500,0.030,0.334,0.636
237000,0.031,0.344,0.625
237500,0.030,0.314,0.656
238000,0.030,0.406,0.564
238500,0.030,0.387,0.583
239000,0.030,0.372,0.598
239500,0.030,0.350,0.619
240000,0.030,0.326,0.644
240500,0.030,0.373,0.597
241000,0.030,0.377,0.593
241500,0.034,0.309,0.657
242000,0.030,0.377,0.593
242500,0.030,0.345,0.625
243000,0.030,0.293,0.677
243500,0.035,0.321,0.644
244000,0.033,0.290,0.676
244500,0.030,0.308,0.661
245000,0.030,0.253,0.718
245500,0.030,0.312,0.658
246000,0.032,0.317,0.651
246500,0.030,0.356,0.614
247000,0.030,0.380,0.590
247500,0.030,0.348,0.622
248000,0.034,0.304,0.663
248500,0.030,0.406,0.565
249000,0.030,0.337,0.633
249500,0.030,0.356,0.614
250000,0.030,0.341,0.629
250500,0.030,0.322,0.648
251000,0.030,0.282,0.687
251500,0.030,0.308,0.661
252000,0.031,0.347,0.622
252500,0.030,0.305,0.664
253000,0.030,0.333,0.637
253500,0.034,0.272,0.694
254000,0.032,0.235,0.733
254500,0.034,0.305,0.660
255000,0.032,0.345,0.623
255500,0.033,0.300,0.667
256000,0.030,0.332,0.638
256500,0.030,0.307,0.662
257000,0.030,0.322,0.648
257500,0.030,0.407,0.562
258000,0.030,0.408,0.562
258500,0.030,0.364,0.605
259000,0.030,0.333,0.637
259500,0.030,0.426,0.543
260000,0.030,0.401,0.569
260500,0.034,0.359,0.607
261000,0.030,0.413,0.556
261500,0.030,0.416,0.553
262000,0.030,0.398,0.572
262500,0.030,0.389,0.581
263000,0.030,0.372,0.597
263500,0.036,0.313,0.651
264000,0.036,0.317,0.647
264500,0.030,0.351,0.619
265000,0.030,0.386,0.584
265500,0.030,0.285,0.685
266000,0.032,0.331,0.638
266500,0.033,0.325,0.642
267000,0.030,0.407,0.562
267500,0.030,0.402,0.569
268000,0.030,0.327,0.643
268500,0.031,0.311,0.657
269000,0.032,0.285,0.683
269500,0.030,0.298,0.672
270000,0.030,0.294,0.676
270500,0.031,0.306,0.663
271000,0.033,0.298,0.668
271500,0.040,0.279,0.681
272000,0.035,0.317,0.648
272500,0.030,0.296,0.673
273000,0.030,0.349,0.621
273500,0.030,0.329,0.641
274000,0.030,0.343,0.627
274500,0.030,0.337,0.633
275000,0.030,0.310,0.659
275500,0.030,0.344,0.626
276000,0.033,0.333,0.635
276500,0.030,0.398,0.572
277000,0.030,0.332,0.638
277500,0.030,0.316,0.654
278000,0.030,0.342,0.628
278500,0.033,0.275,0.692
279000,0.030,0.319,0.651
279500,0.030,0.325,0.645
280000,0.034,0.276,0.690
280500,0.035,0.291,0.673
281000,0.036,0.265,0.699
281500,0.031,0.298,0.671
282000,0.030,0.327,0.643
282500,0.033,0.305,0.661
283000,0.034,0.298,0.668
283500,0.030,0.341,0.629
284000,0.030,0.349,0.621
284500,0.030,0.322,0.648
285000,0.030,0.392,0.579
285500,0.030,0.286,0.683
286000,0.036,0.264,0.700
286500,0.030,0.274,0.696
287000,0.030,0.243,0.727
287500,0.040,0.278,0.682
288000,0.048,0.220,0.733
288500,0.034,0.305,0.660
289000,0.031,0.272,0.698
289500,0.030,0.295,0.675
290000,0.035,0.305,0.660
290500,0.038,0.333,0.629
291000,0.038,0.290,0.672
291500,0.036,0.351,0.613
292000,0.036,0.272,0.692
292500,0.036,0.286,0.677
293000,0.031,0.292,0.677
293500,0.032,0.300,0.668
294000,0.030,0.319,0.651
294500,0.030,0.373,0.597
295000,0.030,0.341,0.629
295500,0.030,0.343,0.627
296000,0.030,0.375,0.595
296500,0.030,0.390,0.580
297000,0.030,0.425,0.545
297500,0.030,0.339,0.631
298000,0.030,0.298,0.671
298500,0.030,0.314,0.656
299000,0.030,0.311,0.658
299500,0.030,0.318,0.652
300000,0.030,0.287,0.683
300500,0.032,0.293,0.674
301000,0.030,0.447,0.523
301500,0.030,0.381,0.589
302000,0.030,0.336,0.634
302500,0.030,0.365,0.605
303000,0.030,0.338,0.632
303500,0.030,0.285,0.685
304000,0.034,0.290,0.677
304500,0.030,0.381,0.589
305000,0.030,0.346,0.623
305500,0.030,0.370,0.599
306000,0.030,0.347,0.623
306500,0.030,0.369,0.601
307000,0.030,0.365,0.605
307500,0.030,0.358,0.611
308000,0.030,0.338,0.632
308500,0.033,0.277,0.690
309000,0.030,0.332,0.638
309500,0.030,0.337,0.633
310000,0.039,0.297,0.663
310500,0.031,0.344,0.625
311000,0.030,0.367,0.603
311500,0.030,0.362,0.607
312000,0.030,0.361,0.609
312500,0.030,0.306,0.663
313000,0.035,0.333,0.632
313500,0.032,0.329,0.640
314000,0.030,0.347,0.623
314500,0.030,0.290,0.679
315000,0.030,0.292,0.677
315500,0.033,0.273,0.694
316000,0.030,0.348,0.622
316500,0.030,0.300,0.670
317000,0.030,0.376,0.595
317500,0.030,0.328,0.642
318000,0.030,0.372,0.598
318500,0.030,0.355,0.615
319000,0.035,0.280,0.684
319500,0.035,0.289,0.676
320000,0.035,0.328,0.637
320500,0.032,0.336,0.632
321000,0.030,0.316,0.653
321500,0.030,0.325,0.645
322000,0.030,0.310,0.660
322500,0.030,0.324,0.646
323000,0.030,0.359,0.611
323500,0.030,0.404,0.567
324000,0.030,0.303,0.667
324500,0.037,0.270,0.693
325000,0.030,0.340,0.629
325500,0.030,0.386,0.585
326000,0.036,0.350,0.614
326500,0.030,0.248,0.722
327000,0.033,0.322,0.645
327500,0.030,0.315,0.655
328000,0.030,0.336,0.634
328500,0.030,0.285,0.684
329000,0.032,0.367,0.601
329500,0.030,0.304,0.665
330000,0.032,0.391,0.577
330500,0.032,0.369,0.599
331000,0.031,0.383,0.586
331500,0.030,0.392,0.578
332000,0.030,0.365,0.605
332500,0.030,0.375,0.595
333000,0.030,0.337,0.633
333500,0.035,0.336,0.629
334000,0.032,0.306,0.663
334500,0.033,0.308,0.659
335000,0.030,0.286,0.683
335500,0.030,0.353,0.617
336000,0.030,0.326,0.644
336500,0.033,0.346,0.621
337000,0.031,0.294,0.675
337500,0.035,0.265,0.701
338000,0.030,0.334,0.636
338500,0.030,0.325,0.645
339000,0.030,0.296,0.674
339500,0.030,0.331,0.639
340000,0.030,0.335,0.635
340500,0.030,0.399,0.571
341000,0.030,0.376,0.595
341500,0.031,0.305,0.663
342000,0.033,0.324,0.643
342500,0.036,0.355,0.609
343000,0.030,0.294,0.675
343500,0.034,0.264,0.702
344000,0.031,0.293,0.675
344500,0.032,0.321,0.647
345000,0.030,0.334,0.635
345500,0.037,0.311,0.652
346000,0.032,0.335,0.634
346500,0.035,0.320,0.645
347000,0.031,0.344,0.625
347500,0.030,0.354,0.616
348000,0.035,0.313,0.652
348500,0.031,0.256,0.713
349000,0.030,0.289,0.681
349500,0.030,0.360,0.610
350000,0.030,0.335,0.635
350500,0.035,0.262,0.704
351000,0.032,0.261,0.708
351500,0.030,0.297,0.672
352000,0.032,0.301,0.667
352500,0.035,0.319,0.646
353000,0.032,0.346,0.622
353500,0.030,0.310,0.659
354000,0.030,0.348,0.622
354500,0.030,0.345,0.625
355000,0.030,0.355,0.615
355500,0.030,0.334,0.636
356000,0.033,0.320,0.647
356500,0.030,0.353,0.617
357000,0.030,0.311,0.658
357500,0.030,0.279,0.692
358000,0.030,0.320,0.650
358500,0.036,0.305,0.658
359000,0.033,0.291,0.675
359500,0.038,0.263,0.700
360000,0.034,0.289,0.677
360500,0.040,0.256,0.704
361000,0.035,0.285,0.680
361500,0.030,0.282,0.687
362000,0.034,0.298,0.669
362500,0.036,0.326,0.638
363000,0.032,0.363,0.605
363500,0.032,0.344,0.625
364000,0.030,0.363,0.607
364500,0.030,0.368,0.601
365000,0.030,0.346,0.623
365500,0.037,0.304,0.658
366000,0.031,0.278,0.692
366500,0.030,0.269,0.701
367000,0.032,0.308,0.659
367500,0.030,0.356,0.613
368000,0.030,0.370,0.600
368500,0.030,0.335,0.635
369000,0.030,0.321,0.649
369500,0.033,0.267,0.700
370000,0.032,0.307,0.661
370500,0.030,0.278,0.692
371000,0.035,0.355,0.611
371500,0.031,0.399,0.570
372000,0.030,0.348,0.622
372500,0.030,0.388,0.583
373000,0.030,0.304,0.666
373500,0.030,0.357,0.613
374000,0.036,0.323,0.641
374500,0.030,0.286,0.683
375000,0.030,0.264,0.706
375500,0.030,0.313,0.657
376000,0.034,0.343,0.623
376500,0.031,0.298,0.671
377000,0.043,0.307,0.651
377500,0.032,0.295,0.673
378000,0.030,0.307,0.663
378500,0.030,0.399,0.571
379000,0.030,0.363,0.607
379500,0.030,0.377,0.593
380000,0.033,0.371,0.596
380500,0.030,0.314,0.656
381000,0.030,0.349,0.621
381500,0.034,0.350,0.616
382000,0.033,0.325,0.643
382500,0.037,0.316,0.647
383000,0.036,0.326,0.638
383500,0.030,0.354,0.616
384000,0.030,0.293,0.677
384500,0.034,0.270,0.697
385000,0.033,0.279,0.689
385500,0.036,0.283,0.681
386000,0.032,0.292,0.675
386500,0.030,0.307,0.663
387000,0.039,0.309,0.651
387500,0.033,0.324,0.644
388000,0.030,0.297,0.673
388500,0.036,0.289,0.675
389000,0.031,0.321,0.648
389500,0.041,0.265,0.695
390000,0.036,0.262,0.702
390500,0.040,0.308,0.652
391000,0.038,0.323,0.639
391500,0.042,0.276,0.682
392000,0.032,0.296,0.672
392500,0.030,0.346,0.623
393000,0.030,0.331,0.639
393500,0.030,0.366,0.603
394000,0.030,0.305,0.664
394500,0.030,0.321,0.649
395000,0.034,0.360,0.607
395500,0.030,0.264,0.706
396000,0.030,0.335,0.635
396500,0.032,0.355,0.614
397000,0.030,0.366,0.603
397500,0.030,0.307,0.663
398000,0.030,0.352,0.618
398500,0.030,0.333,0.637
399000,0.036,0.325,0.639
399500,0.031,0.335,0.634
400000,0.030,0.361,0.609
400500,0.030,0.359,0.610
401000,0.035,0.314,0.651
401500,0.030,0.292,0.677
402000,0.030,0.308,0.662
402500,0.030,0.379,0.591
403000,0.030,0.371,0.599
403500,0.030,0.371,0.599
404000,0.032,0.333,0.635
404500,0.030,0.308,0.661
405000,0.032,0.289,0.679
405500,0.030,0.338,0.632
406000,0.030,0.372,0.598
406500,0.030,0.330,0.640
407000,0.030,0.350,0.619
407500,0.030,0.360,0.610
408000,0.030,0.331,0.639
408500,0.031,0.310,0.659
409000,0.030,0.272,0.698
409500,0.035,0.311,0.653
410000,0.030,0.339,0.631
410500,0.030,0.304,0.665
411000,0.030,0.344,0.625
411500,0.030,0.309,0.661
412000,0.033,0.319,0.649
412500,0.030,0.312,0.658
413000,0.030,0.325,0.645
413500,0.030,0.381,0.589
414000,0.030,0.319,0.651
414500,0.034,0.291,0.675
415000,0.030,0.311,0.659
415500,0.033,0.305,0.662
416000,0.038,0.312,0.649
416500,0.031,0.354,0.615
417000,0.030,0.354,0.615
417500,0.030,0.373,0.597
418000,0.030,0.318,0.652
418500,0.035,0.319,0.647
419000,0.032,0.322,0.647
419500,0.030,0.349,0.621
420000,0.030,0.319,0.651
420500,0.030,0.380,0.591
421000,0.030,0.386,0.585
421500,0.030,0.410,0.559
422000,0.030,0.421,0.548
422500,0.031,0.293,0.675
423000,0.033,0.276,0.692
423500,0.031,0.269,0.700
424000,0.031,0.283,0.686
424500,0.035,0.303,0.661
425000,0.030,0.326,0.644
425500,0.030,0.274,0.696
426000,0.032,0.267,0.702
426500,0.035,0.300,0.664
427000,0.030,0.366,0.604
427500,0.030,0.378,0.593
428000,0.030,0.311,0.659
428500,0.030,0.322,0.648
429000,0.034,0.332,0.634
429500,0.033,0.335,0.633
430000,0.030,0.314,0.656
430500,0.030,0.265,0.706
431000,0.034,0.264,0.703
431500,0.031,0.275,0.694
432000,0.032,0.326,0.643
432500,0.030,0.347,0.623
433000,0.032,0.344,0.623
433500,0.033,0.358,0.609
434000,0.030,0.359,0.610
434500,0.030,0.400,0.570
435000,0.030,0.347,0.623
435500,0.030,0.297,0.672
436000,0.030,0.309,0.660
436500,0.034,0.356,0.609
437000,0.042,0.353,0.606
437500,0.035,0.307,0.657
438000,0.030,0.304,0.665
438500,0.030,0.335,0.635
439000,0.030,0.328,0.642
439500,0.030,0.342,0.628
440000,0.030,0.326,0.644
440500,0.030,0.328,0.642
441000,0.030,0.351,0.619
441500,0.030,0.364,0.605
442000,0.034,0.335,0.631
442500,0.035,0.299,0.665
443000,0.038,0.290,0.671
443500,0.033,0.278,0.690
444000,0.032,0.367,0.602
444500,0.030,0.370,0.599
445000,0.035,0.317,0.648
445500,0.030,0.294,0.675
446000,0.030,0.312,0.658
446500,0.030,0.312,0.657
447000,0.030,0.353,0.617
447500,0.030,0.304,0.666
448000,0.032,0.374,0.595
448500,0.030,0.315,0.655
449000,0.030,0.378,0.593
449500,0.030,0.435,0.535
450000,0.030,0.426,0.543
450500,0.030,0.434,0.535
451000,0.030,0.373,0.597
451500,0.030,0.422,0.548
452000,0.030,0.308,0.662
452500,0.030,0.329,0.641
453000,0.030,0.335,0.635
453500,0.030,0.366,0.603
454000,0.030,0.300,0.669
454500,0.030,0.319,0.651
455000,0.031,0.294,0.675
455500,0.035,0.273,0.692
456000,0.032,0.315,0.653
456500,0.033,0.315,0.653
457000,0.030,0.388,0.582
457500,0.030,0.379,0.591
458000,0.030,0.399,0.571
458500,0.030,0.357,0.613
459000,0.035,0.318,0.647
459500,0.030,0.308,0.661
460000,0.030,0.352,0.618
460500,0.030,0.348,0.622
461000,0.030,0.314,0.656
461500,0.030,0.340,0.630
462000,0.030,0.305,0.664
462500,0.030,0.354,0.616
463000,0.030,0.397,0.573
463500,0.030,0.396,0.575
464000,0.030,0.434,0.536
464500,0.030,0.372,0.598
465000,0.030,0.341,0.629
465500,0.031,0.346,0.623
466000,0.033,0.330,0.637
466500,0.030,0.344,0.626
467000,0.030,0.326,0.644
467500,0.033,0.315,0.652
468000,0.030,0.309,0.661
468500,0.030,0.286,0.683
469000,0.036,0.262,0.702
469500,0.033,0.350,0.617
470000,0.031,0.406,0.563
470500,0.030,0.358,0.611
471000,0.030,0.330,0.640
471500,0.030,0.362,0.607
472000,0.033,0.330,0.637
472500,0.030,0.282,0.688
473000,0.030,0.282,0.688
473500,0.030,0.334,0.636
474000,0.030,0.339,0.631
474500,0.032,0.316,0.652
475000,0.030,0.359,0.610
475500,0.033,0.320,0.647
476000,0.030,0.346,0.623
476500,0.030,0.335,0.635
477000,0.030,0.340,0.630
477500,0.030,0.288,0.682
478000,0.033,0.339,0.628
478500,0.035,0.283,0.682
479000,0.033,0.280,0.688
479500,0.030,0.308,0.662
480000,0.030,0.287,0.682
480500,0.030,0.342,0.628
481000,0.030,0.381,0.589
481500,0.035,0.313,0.652
482000,0.031,0.306,0.663
482500,0.035,0.320,0.645
483000,0.031,0.331,0.638
483500,0.030,0.333,0.637
484000,0.033,0.365,0.603
484500,0.030,0.339,0.631
485000,0.034,0.335,0.631
485500,0.030,0.349,0.621
486000,0.030,0.349,0.621
486500,0.030,0.297,0.673
487000,0.031,0.318,0.651
487500,0.030,0.408,0.561
488000,0.030,0.376,0.595
488500,0.030,0.297,0.673
489000,0.035,0.345,0.620
489500,0.031,0.374,0.595
490000,0.030,0.478,0.492
490500,0.030,0.412,0.557
491000,0.030,0.373,0.597
491500,0.030,0.328,0.642
492000,0.030,0.377,0.593
492500,0.030,0.397,0.573
493000,0.030,0.333,0.637
493500,0.031,0.309,0.660
494000,0.030,0.320,0.650
494500,0.031,0.375,0.594
495000,0.030,0.340,0.630
495500,0.030,0.327,0.643
496000,0.030,0.310,0.659
496500,0.030,0.346,0.623
497000,0.030,0.329,0.641
497500,0.030,0.351,0.619
498000,0.030,0.362,0.608
498500,0.030,0.367,0.603
499000,0.030,0.297,0.673
499500,0.036,0.316,0.648
500000,0.032,0.281,0.687
500500,0.037,0.287,0.676
501000,0.031,0.346,0.623
501500,0.032,0.354,0.615
502000,0.030,0.365,0.605
502500,0.030,0.341,0.629
503000,0.030,0.350,0.619
503500,0.030,0.363,0.607
504000,0.030,0.393,0.577
504500,0.030,0.330,0.640
505000,0.030,0.316,0.654
505500,0.030,0.337,0.633
506000,0.030,0.362,0.608
506500,0.030,0.350,0.619
507000,0.034,0.310,0.655
507500,0.030,0.380,0.590
508000,0.030,0.377,0.593
508500,0.030,0.373,0.597
509000,0.030,0.326,0.644
509500,0.030,0.350,0.620
510000,0.030,0.291,0.679
510500,0.030,0.334,0.636
511000,0.030,0.309,0.660
511500,0.030,0.341,0.629
512000,0.030,0.282,0.688
512500,0.036,0.272,0.692
513000,0.031,0.299,0.670
513500,0.030,0.288,0.681
514000,0.047,0.304,0.649
514500,0.033,0.304,0.663
515000,0.037,0.273,0.690
515500,0.030,0.331,0.639
516000,0.030,0.317,0.653
516500,0.030,0.279,0.691
517000,0.030,0.330,0.640
517500,0.035,0.307,0.658
518000,0.034,0.371,0.595
518500,0.030,0.448,0.522
519000,0.030,0.416,0.554
519500,0.030,0.318,0.652
520000,0.040,0.274,0.687
520500,0.037,0.299,0.663
521000,0.031,0.334,0.635
521500,0.030,0.390,0.580
522000,0.030,0.315,0.655
522500,0.031,0.362,0.607
523000,0.030,0.350,0.619
523500,0.030,0.321,0.649
524000,0.030,0.381,0.589
524500,0.030,0.391,0.579
525000,0.035,0.417,0.548
525500,0.030,0.392,0.578
526000,0.030,0.397,0.573
526500,0.030,0.307,0.662
527000,0.030,0.356,0.613
527500,0.030,0.435,0.535
528000,0.030,0.378,0.593
528500,0.030,0.391,0.579
529000,0.030,0.370,0.600
529500,0.030,0.344,0.626
530000,0.030,0.346,0.623
530500,0.030,0.359,0.611
531000,0.030,0.325,0.645
531500,0.030,0.355,0.615
532000,0.030,0.335,0.635
532500,0.030,0.327,0.643
533000,0.035,0.334,0.631
533500,0.031,0.316,0.653
534000,0.030,0.309,0.661
534500,0.030,0.249,0.721
535000,0.036,0.237,0.726
535500,0.035,0.285,0.680
536000,0.035,0.282,0.682
536500,0.032,0.280,0.689
537000,0.031,0.293,0.676
537500,0.034,0.294,0.672
538000,0.040,0.263,0.698
538500,0.035,0.259,0.706
539000,0.030,0.368,0.602
539500,0.030,0.387,0.583
540000,0.030,0.319,0.651
540500,0.030,0.313,0.657
541000,0.030,0.319,0.651
541500,0.033,0.389,0.579
542000,0.030,0.329,0.641
542500,0.030,0.427,0.543
543000,0.036,0.325,0.639
543500,0.030,0.307,0.663
544000,0.030,0.324,0.646
544500,0.036,0.334,0.629
545000,0.033,0.234,0.733
545500,0.032,0.279,0.689
546000,0.034,0.279,0.688
546500,0.035,0.308,0.657
547000,0.030,0.341,0.629
547500,0.036,0.335,0.629
548000,0.030,0.369,0.601
548500,0.030,0.331,0.639
549000,0.035,0.322,0.643
549500,0.030,0.358,0.611
550000,0.030,0.321,0.649
550500,0.030,0.361,0.609
551000,0.030,0.370,0.600
551500,0.030,0.363,0.607
552000,0.030,0.367,0.603
552500,0.031,0.291,0.678
553000,0.033,0.351,0.615
553500,0.033,0.333,0.635
554000,0.030,0.327,0.643
554500,0.035,0.344,0.621
555000,0.031,0.383,0.586
555500,0.030,0.376,0.595
556000,0.030,0.311,0.658
556500,0.030,0.306,0.664
557000,0.036,0.305,0.658
557500,0.040,0.288,0.672
558000,0.035,0.257,0.708
558500,0.038,0.253,0.709
559000,0.033,0.223,0.744
559500,0.030,0.258,0.712
560000,0.040,0.249,0.711
560500,0.035,0.305,0.659
561000,0.030,0.244,0.725
561500,0.034,0.255,0.711
562000,0.032,0.295,0.673
562500,0.036,0.285,0.679
563000,0.031,0.341,0.628
563500,0.033,0.317,0.650
564000,0.030,0.319,0.651
564500,0.030,0.388,0.582
565000,0.030,0.333,0.637
565500,0.030,0.367,0.603
566000,0.030,0.397,0.573
566500,0.030,0.341,0.629
567000,0.030,0.292,0.677
567500,0.031,0.339,0.630
568000,0.030,0.319,0.651
568500,0.041,0.220,0.739
569000,0.036,0.274,0.690
569500,0.030,0.249,0.721
570000,0.030,0.315,0.655
570500,0.030,0.290,0.679
571000,0.035,0.335,0.631
571500,0.030,0.390,0.581
572000,0.030,0.399,0.571
572500,0.030,0.364,0.605
573000,0.030,0.366,0.604
573500,0.030,0.375,0.595
574000,0.030,0.403,0.567
574500,0.030,0.322,0.648
575000,0.030,0.281,0.690
575500,0.034,0.324,0.642
576000,0.037,0.315,0.648
576500,0.031,0.353,0.616
577000,0.036,0.324,0.640
577500,0.030,0.350,0.620
578000,0.030,0.367,0.603
578500,0.030,0.368,0.601
579000,0.030,0.374,0.596
579500,0.030,0.357,0.613
580000,0.030,0.412,0.557
580500,0.030,0.426,0.544
581000,0.030,0.399,0.571
581500,0.030,0.314,0.656
582000,0.030,0.314,0.656
582500,0.032,0.330,0.639
583000,0.030,0.287,0.682
583500,0.036,0.251,0.713
584000,0.031,0.436,0.532
584500,0.030,0.355,0.615
585000,0.030,0.325,0.645
585500,0.030,0.306,0.664
586000,0.030,0.370,0.599
586500,0.037,0.342,0.621
587000,0.036,0.361,0.603
587500,0.033,0.355,0.612
588000,0.030,0.343,0.627
588500,0.030,0.380,0.591
589000,0.030,0.356,0.614
589500,0.030,0.330,0.640
590000,0.030,0.329,0.641
590500,0.030,0.341,0.629
591000,0.030,0.290,0.680
591500,0.048,0.261,0.692
592000,0.042,0.238,0.720
592500,0.049,0.198,0.753
593000,0.044,0.231,0.725
593500,0.040,0.248,0.713
594000,0.033,0.300,0.667
594500,0.035,0.257,0.708
595000,0.038,0.320,0.642
595500,0.031,0.331,0.638
596000,0.030,0.348,0.621
596500,0.030,0.278,0.692
597000,0.030,0.370,0.600
597500,0.030,0.379,0.591
598000,0.030,0.415,0.554
598500,0.030,0.385,0.585
599000,0.030,0.320,0.650
599500,0.044,0.238,0.718
600000,0.035,0.264,0.702
600500,0.032,0.260,0.709
601000,0.030,0.293,0.677
601500,0.030,0.333,0.637
602000,0.030,0.292,0.677
602500,0.030,0.302,0.668
603000,0.030,0.355,0.615
603500,0.030,0.352,0.617
604000,0.030,0.361,0.609
604500,0.030,0.395,0.575
605000,0.030,0.370,0.600
605500,0.030,0.340,0.630
606000,0.030,0.259,0.712
606500,0.032,0.324,0.645
607000,0.038,0.364,0.598
607500,0.031,0.426,0.542
608000,0.030,0.355,0.615
608500,0.030,0.333,0.637
609000,0.030,0.357,0.612
609500,0.030,0.301,0.669
610000,0.030,0.370,0.600
610500,0.030,0.405,0.565
611000,0.030,0.437,0.533
611500,0.030,0.357,0.613
612000,0.031,0.329,0.640
612500,0.030,0.398,0.573
613000,0.035,0.335,0.630
613500,0.030,0.284,0.686
614000,0.031,0.272,0.698
614500,0.030,0.284,0.686
615000,0.030,0.266,0.704
615500,0.033,0.299,0.667
616000,0.030,0.318,0.652
616500,0.032,0.272,0.697
617000,0.042,0.310,0.648
617500,0.033,0.341,0.626
618000,0.030,0.341,0.629
618500,0.030,0.334,0.636
619000,0.030,0.361,0.609
619500,0.030,0.310,0.660
620000,0.030,0.325,0.645
620500,0.030,0.280,0.690
621000,0.030,0.302,0.667
621500,0.030,0.258,0.712
622000,0.040,0.267,0.694
622500,0.042,0.303,0.655
623000,0.035,0.275,0.690
623500,0.035,0.314,0.651
624000,0.031,0.322,0.647
624500,0.030,0.345,0.625
625000,0.030,0.345,0.625
625500,0.030,0.352,0.617
626000,0.030,0.402,0.568
626500,0.032,0.361,0.607
627000,0.030,0.330,0.640
627500,0.034,0.383,0.584
628000,0.030,0.308,0.661
628500,0.035,0.338,0.627
629000,0.030,0.344,0.626
629500,0.030,0.368,0.601
630000,0.030,0.417,0.552
630500,0.030,0.344,0.626
631000,0.030,0.371,0.599
631500,0.034,0.374,0.592
632000,0.030,0.310,0.659
632500,0.030,0.322,0.647
633000,0.030,0.378,0.592
633500,0.030,0.311,0.659
634000,0.032,0.376,0.593
634500,0.030,0.419,0.550
635000,0.030,0.407,0.562
635500,0.030,0.367,0.603
636000,0.032,0.283,0.685
636500,0.042,0.351,0.607
637000,0.032,0.339,0.629
637500,0.034,0.309,0.657
638000,0.036,0.317,0.647
638500,0.037,0.257,0.706
639000,0.035,0.294,0.671
639500,0.030,0.349,0.620
640000,0.035,0.319,0.647
640500,0.030,0.304,0.665
641000,0.032,0.305,0.662
641500,0.030,0.351,0.619
642000,0.030,0.370,0.600
642500,0.036,0.383,0.581
643000,0.031,0.348,0.621
643500,0.045,0.260,0.695
644000,0.032,0.265,0.704
644500,0.030,0.354,0.616
645000,0.030,0.424,0.545
645500,0.030,0.325,0.645
646000,0.032,0.351,0.617
646500,0.030,0.382,0.589
647000,0.030,0.277,0.694
647500,0.030,0.383,0.587
648000,0.030,0.390,0.580
648500,0.030,0.358,0.612
649000,0.030,0.346,0.623
649500,0.030,0.331,0.639
650000,0.037,0.316,0.647
650500,0.030,0.344,0.626
651000,0.030,0.271,0.700
651500,0.030,0.401,0.569
652000,0.030,0.376,0.594
652500,0.030,0.394,0.577
653000,0.030,0.392,0.578
653500,0.030,0.391,0.579
654000,0.034,0.378,0.589
654500,0.030,0.319,0.651
655000,0.030,0.316,0.654
655500,0.030,0.379,0.591
656000,0.030,0.336,0.634
656500,0.035,0.283,0.681
657000,0.038,0.295,0.666
657500,0.035,0.264,0.701
658000,0.043,0.263,0.694
658500,0.032,0.309,0.659
659000,0.030,0.333,0.637
659500,0.030,0.298,0.672
660000,0.030,0.341,0.629
660500,0.030,0.352,0.618
661000,0.030,0.335,0.635
661500,0.030,0.299,0.671
662000,0.032,0.315,0.653
662500,0.030,0.384,0.586
663000,0.030,0.393,0.577
663500,0.030,0.361,0.609
664000,0.030,0.382,0.589
664500,0.030,0.371,0.599
665000,0.030,0.441,0.529
665500,0.030,0.361,0.609
666000,0.031,0.334,0.635
666500,0.030,0.336,0.634
667000,0.030,0.391,0.579
667500,0.030,0.307,0.662
668000,0.030,0.286,0.684
668500,0.033,0.276,0.692
669000,0.032,0.307,0.661
669500,0.030,0.316,0.654
670000,0.030,0.340,0.630
670500,0.030,0.379,0.591
671000,0.030,0.426,0.544
671500,0.030,0.365,0.605
672000,0.036,0.312,0.651
672500,0.032,0.323,0.645
673000,0.032,0.346,0.623
673500,0.030,0.323,0.647
674000,0.034,0.347,0.619
674500,0.030,0.306,0.664
675000,0.030,0.367,0.603
675500,0.034,0.328,0.638
676000,0.030,0.352,0.617
676500,0.030,0.364,0.606
677000,0.030,0.383,0.587
677500,0.033,0.364,0.603
678000,0.030,0.333,0.637
678500,0.030,0.321,0.649
679000,0.030,0.336,0.634
679500,0.030,0.327,0.643
680000,0.030,0.303,0.667
680500,0.036,0.248,0.716
681000,0.030,0.269,0.701
681500,0.030,0.318,0.652
682000,0.033,0.310,0.656
682500,0.030,0.345,0.624
683000,0.030,0.398,0.573
683500,0.030,0.395,0.575
684000,0.030,0.344,0.625
684500,0.036,0.244,0.720
685000,0.032,0.305,0.663
685500,0.030,0.411,0.558
686000,0.037,0.351,0.612
686500,0.041,0.343,0.616
687000,0.031,0.325,0.644
687500,0.030,0.315,0.655
688000,0.030,0.351,0.619
688500,0.034,0.298,0.668
689000,0.030,0.327,0.643
689500,0.036,0.283,0.680
690000,0.030,0.373,0.596
690500,0.030,0.354,0.616
691000,0.030,0.405,0.565
691500,0.030,0.357,0.613
692000,0.040,0.335,0.625
692500,0.033,0.302,0.665
693000,0.030,0.389,0.581
693500,0.030,0.431,0.538
694000,0.030,0.384,0.586
694500,0.030,0.402,0.569
695000,0.030,0.329,0.641
695500,0.030,0.366,0.604
696000,0.033,0.382,0.586
696500,0.030,0.323,0.647
697000,0.032,0.343,0.625
697500,0.030,0.390,0.580
698000,0.030,0.318,0.652
698500,0.030,0.376,0.595
699000,0.030,0.339,0.631
699500,0.030,0.309,0.660
700000,0.030,0.339,0.631
700500,0.030,0.299,0.670
701000,0.032,0.334,0.634
701500,0.030,0.348,0.621
702000,0.030,0.323,0.647
702500,0.030,0.337,0.633
703000,0.030,0.285,0.684
703500,0.035,0.260,0.706
704000,0.035,0.251,0.714
704500,0.030,0.305,0.664
705000,0.030,0.380,0.591
705500,0.030,0.429,0.540
706000,0.030,0.329,0.641
706500,0.030,0.315,0.655
707000,0.030,0.358,0.611
707500,0.041,0.288,0.670
708000,0.037,0.296,0.667
708500,0.036,0.277,0.687
709000,0.046,0.253,0.702
709500,0.043,0.201,0.756
710000,0.048,0.229,0.724
710500,0.052,0.240,0.708
711000,0.035,0.240,0.725
711500,0.049,0.281,0.670
712000,0.032,0.304,0.663
712500,0.038,0.278,0.683
713000,0.034,0.313,0.653
713500,0.031,0.351,0.617
714000,0.030,0.324,0.646
714500,0.030,0.320,0.650
715000,0.030,0.366,0.604
715500,0.030,0.324,0.646
716000,0.030,0.365,0.605
716500,0.031,0.326,0.643
717000,0.032,0.333,0.635
717500,0.035,0.328,0.637
718000,0.030,0.380,0.590
718500,0.033,0.337,0.630
719000,0.030,0.374,0.596
719500,0.030,0.356,0.613
720000,0.034,0.320,0.647
720500,0.035,0.431,0.534
721000,0.030,0.392,0.579
721500,0.030,0.423,0.546
722000,0.030,0.396,0.575
722500,0.030,0.383,0.587
723000,0.030,0.391,0.579
723500,0.030,0.383,0.587
724000,0.030,0.321,0.649
724500,0.030,0.332,0.638
725000,0.030,0.295,0.674
725500,0.032,0.273,0.696
726000,0.030,0.336,0.634
726500,0.033,0.326,0.641
727000,0.030,0.376,0.595
727500,0.030,0.387,0.583
728000,0.030,0.353,0.617
728500,0.034,0.271,0.696
729000,0.030,0.322,0.648
729500,0.030,0.298,0.672
730000,0.033,0.346,0.621
730500,0.031,0.289,0.679
731000,0.033,0.382,0.586
731500,0.030,0.303,0.666
732000,0.031,0.340,0.629
732500,0.038,0.258,0.704
733000,0.037,0.265,0.698
733500,0.033,0.291,0.676
734000,0.030,0.359,0.610
734500,0.030,0.346,0.624
735000,0.030,0.351,0.619
735500,0.030,0.327,0.643
736000,0.030,0.419,0.550
736500,0.030,0.389,0.581
737000,0.035,0.308,0.657
737500,0.033,0.299,0.668
738000,0.031,0.314,0.655
738500,0.038,0.271,0.691
739000,0.030,0.367,0.603
739500,0.030,0.395,0.575
740000,0.036,0.327,0.637
740500,0.033,0.274,0.694
741000,0.030,0.288,0.682
741500,0.032,0.281,0.688
742000,0.030,0.306,0.664
742500,0.034,0.283,0.683
743000,0.030,0.330,0.640
743500,0.030,0.337,0.633
744000,0.040,0.319,0.641
744500,0.032,0.322,0.647
745000,0.030,0.394,0.576
745500,0.030,0.378,0.593
746000,0.036,0.305,0.658
746500,0.035,0.323,0.643
747000,0.032,0.257,0.712
747500,0.043,0.254,0.704
748000,0.033,0.365,0.602
748500,0.030,0.373,0.597
749000,0.030,0.366,0.604
749500,0.035,0.289,0.676
750000,0.030,0.319,0.651
750500,0.038,0.286,0.676
751000,0.032,0.279,0.690
751500,0.044,0.287,0.669
752000,0.031,0.277,0.692
752500,0.042,0.242,0.716
753000,0.034,0.306,0.660
753500,0.031,0.362,0.607
754000,0.030,0.335,0.635
754500,0.030,0.376,0.595
755000,0.030,0.357,0.613
755500,0.030,0.377,0.593
756000,0.030,0.305,0.665
756500,0.030,0.354,0.615
757000,0.030,0.377,0.593
757500,0.030,0.335,0.635
758000,0.030,0.317,0.653
758500,0.034,0.309,0.656
759000,0.030,0.384,0.586
759500,0.030,0.363,0.607
760000,0.030,0.386,0.585
760500,0.032,0.389,0.580
761000,0.030,0.357,0.613
761500,0.030,0.398,0.572
762000,0.033,0.337,0.630
762500,0.030,0.335,0.635
763000,0.030,0.406,0.564
763500,0.030,0.385,0.585
764000,0.030,0.344,0.626
764500,0.030,0.297,0.672
765000,0.030,0.267,0.704
765500,0.031,0.343,0.626
766000,0.030,0.371,0.599
766500,0.030,0.307,0.662
767000,0.030,0.400,0.571
767500,0.030,0.334,0.636
768000,0.030,0.312,0.657
768500,0.034,0.254,0.712
769000,0.033,0.374,0.593
769500,0.032,0.306,0.662
770000,0.030,0.245,0.724
770500,0.033,0.289,0.677
771000,0.037,0.307,0.656
771500,0.032,0.371,0.598
772000,0.030,0.433,0.537
772500,0.030,0.322,0.648
773000,0.032,0.327,0.641
773500,0.030,0.342,0.628
774000,0.030,0.299,0.670
774500,0.030,0.351,0.619
775000,0.030,0.397,0.573
775500,0.030,0.353,0.617
776000,0.030,0.349,0.621
776500,0.030,0.340,0.630
777000,0.042,0.247,0.711
777500,0.033,0.302,0.665
778000,0.030,0.340,0.630
778500,0.035,0.328,0.637
779000,0.030,0.288,0.681
779500,0.030,0.324,0.646
780000,0.030,0.289,0.681
780500,0.030,0.271,0.699
781000,0.030,0.260,0.710
781500,0.030,0.376,0.594
782000,0.035,0.263,0.702
782500,0.030,0.346,0.624
783000,0.030,0.367,0.603
783500,0.030,0.389,0.581
784000,0.030,0.345,0.625
784500,0.030,0.310,0.659
785000,0.030,0.346,0.624
785500,0.030,0.406,0.565
786000,0.030,0.240,0.730
786500,0.037,0.282,0.680
787000,0.032,0.300,0.668
787500,0.043,0.246,0.710
788000,0.040,0.263,0.698
788500,0.031,0.291,0.678
789000,0.030,0.349,0.621
789500,0.032,0.391,0.578
790000,0.030,0.339,0.631
790500,0.030,0.283,0.686
791000,0.030,0.365,0.605
791500,0.030,0.349,0.621
792000,0.030,0.325,0.645
792500,0.042,0.269,0.690
793000,0.036,0.307,0.656
793500,0.030,0.351,0.619
794000,0.030,0.397,0.573
794500,0.030,0.404,0.566
795000,0.030,0.408,0.561
795500,0.030,0.365,0.605
796000,0.032,0.288,0.680
796500,0.036,0.276,0.688
797000,0.036,0.237,0.726
797500,0.037,0.218,0.745
798000,0.031,0.303,0.665
798500,0.036,0.302,0.662
799000,0.032,0.332,0.637
799500,0.030,0.356,0.614
800000,0.030,0.327,0.643
800500,0.035,0.310,0.655
801000,0.030,0.263,0.707
801500,0.049,0.266,0.685
802000,0.038,0.315,0.647
802500,0.035,0.280,0.684
803000,0.031,0.330,0.639
803500,0.030,0.297,0.672
804000,0.030,0.358,0.611
804500,0.030,0.416,0.553
805000,0.030,0.367,0.603
805500,0.030,0.392,0.579
806000,0.030,0.389,0.581
806500,0.030,0.365,0.605
807000,0.030,0.355,0.615
807500,0.030,0.458,0.512
808000,0.030,0.399,0.571
808500,0.030,0.382,0.589
809000,0.030,0.391,0.579
809500,0.030,0.308,0.662
810000,0.032,0.305,0.662
810500,0.032,0.247,0.721
811000,0.041,0.251,0.708
811500,0.039,0.291,0.669
812000,0.040,0.265,0.696
812500,0.037,0.283,0.679
813000,0.032,0.293,0.675
813500,0.031,0.284,0.684
814000,0.030,0.297,0.673
814500,0.038,0.311,0.651
815000,0.034,0.311,0.655
815500,0.034,0.365,0.601
816000,0.030,0.335,0.635
816500,0.031,0.415,0.553
817000,0.031,0.373,0.596
817500,0.035,0.419,0.546
818000,0.031,0.435,0.534
818500,0.030,0.398,0.573
819000,0.030,0.381,0.589
819500,0.030,0.358,0.611
820000,0.030,0.405,0.565
820500,0.030,0.352,0.618
821000,0.030,0.336,0.634
821500,0.035,0.317,0.649
822000,0.030,0.348,0.622
822500,0.030,0.315,0.655
823000,0.035,0.309,0.657
823500,0.042,0.287,0.670
824000,0.032,0.347,0.621
824500,0.034,0.355,0.612
825000,0.035,0.356,0.608
825500,0.030,0.296,0.674
826000,0.030,0.349,0.621
826500,0.031,0.343,0.626
827000,0.030,0.360,0.609
827500,0.030,0.321,0.649
828000,0.030,0.400,0.571
828500,0.030,0.427,0.543
829000,0.030,0.380,0.591
829500,0.030,0.408,0.561
830000,0.030,0.354,0.615
830500,0.030,0.315,0.655
831000,0.030,0.354,0.616
831500,0.030,0.333,0.637
832000,0.030,0.378,0.592
832500,0.030,0.398,0.572
833000,0.030,0.391,0.579
833500,0.035,0.368,0.597
834000,0.031,0.382,0.587
834500,0.030,0.348,0.622
835000,0.030,0.327,0.643
835500,0.030,0.335,0.635
836000,0.044,0.342,0.614
836500,0.033,0.307,0.660
837000,0.035,0.272,0.694
837500,0.030,0.303,0.666
838000,0.033,0.326,0.641
838500,0.030,0.319,0.651
839000,0.030,0.348,0.622
839500,0.030,0.333,0.637
840000,0.030,0.302,0.668
840500,0.030,0.344,0.625
841000,0.030,0.364,0.605
841500,0.030,0.352,0.618
842000,0.036,0.318,0.646
842500,0.037,0.306,0.656
843000,0.030,0.328,0.642
843500,0.030,0.297,0.673
844000,0.033,0.314,0.653
844500,0.030,0.359,0.611
845000,0.030,0.340,0.629
845500,0.030,0.317,0.653
846000,0.030,0.282,0.688
846500,0.030,0.318,0.652
847000,0.032,0.321,0.648
847500,0.030,0.360,0.609
848000,0.032,0.370,0.599
848500,0.030,0.387,0.583
849000,0.030,0.322,0.648
849500,0.030,0.318,0.652
850000,0.030,0.315,0.655
850500,0.030,0.397,0.573
851000,0.033,0.366,0.601
851500,0.034,0.295,0.671
852000,0.041,0.256,0.704
852500,0.030,0.324,0.646
853000,0.035,0.288,0.677
853500,0.031,0.270,0.700
854000,0.032,0.311,0.657
854500,0.030,0.331,0.639
855000,0.030,0.338,0.632
855500,0.033,0.351,0.615
856000,0.030,0.334,0.636
856500,0.030,0.369,0.601
857000,0.030,0.375,0.595
857500,0.030,0.339,0.631
858000,0.030,0.356,0.613
858500,0.036,0.305,0.659
859000,0.033,0.338,0.630
859500,0.031,0.275,0.694
860000,0.030,0.351,0.618
860500,0.030,0.335,0.635
861000,0.030,0.404,0.567
861500,0.030,0.330,0.640
862000,0.030,0.413,0.556
862500,0.030,0.373,0.597
863000,0.030,0.332,0.638
863500,0.030,0.307,0.662
864000,0.030,0.374,0.596
864500,0.030,0.336,0.634
865000,0.030,0.370,0.599
865500,0.030,0.299,0.670
866000,0.030,0.382,0.589
866500,0.030,0.375,0.595
867000,0.030,0.363,0.607
867500,0.037,0.308,0.654
868000,0.037,0.377,0.586
868500,0.032,0.323,0.646
869000,0.031,0.323,0.646
869500,0.030,0.309,0.660
870000,0.033,0.407,0.560
870500,0.030,0.340,0.630
871000,0.035,0.279,0.686
871500,0.036,0.328,0.636
872000,0.038,0.323,0.639
872500,0.033,0.350,0.618
873000,0.030,0.305,0.664
873500,0.030,0.363,0.607
874000,0.030,0.327,0.643
874500,0.036,0.328,0.636
875000,0.032,0.384,0.585
875500,0.030,0.344,0.626
876000,0.030,0.404,0.566
876500,0.030,0.395,0.575
877000,0.030,0.441,0.529
877500,0.030,0.449,0.521
878000,0.030,0.339,0.631
878500,0.030,0.342,0.628
879000,0.030,0.365,0.605
879500,0.030,0.380,0.590
880000,0.030,0.365,0.605
880500,0.030,0.309,0.660
881000,0.032,0.304,0.665
881500,0.036,0.348,0.616
882000,0.030,0.411,0.558
882500,0.030,0.405,0.565
883000,0.030,0.335,0.635
883500,0.030,0.405,0.565
884000,0.030,0.295,0.675
884500,0.030,0.413,0.556
885000,0.030,0.355,0.615
885500,0.036,0.306,0.657
886000,0.030,0.330,0.640
886500,0.031,0.368,0.601
887000,0.033,0.393,0.575
887500,0.030,0.451,0.519
888000,0.030,0.445,0.525
888500,0.030,0.368,0.602
889000,0.030,0.319,0.651
889500,0.035,0.286,0.679
890000,0.031,0.355,0.614
890500,0.030,0.401,0.569
891000,0.030,0.418,0.552
891500,0.030,0.389,0.581
892000,0.030,0.330,0.640
892500,0.030,0.334,0.636
893000,0.030,0.343,0.627
893500,0.030,0.330,0.640
894000,0.030,0.366,0.603
894500,0.030,0.327,0.643
895000,0.030,0.316,0.654
895500,0.034,0.319,0.647
896000,0.035,0.275,0.690
896500,0.036,0.336,0.628
897000,0.034,0.302,0.664
897500,0.030,0.382,0.588
898000,0.030,0.320,0.650
898500,0.030,0.310,0.660
899000,0.030,0.298,0.672
899500,0.033,0.368,0.599
900000,0.030,0.359,0.611
900500,0.030,0.344,0.626
901000,0.030,0.367,0.603
901500,0.030,0.384,0.586
902000,0.030,0.417,0.552
902500,0.033,0.372,0.595
903000,0.030,0.369,0.601
903500,0.033,0.336,0.632
904000,0.030,0.289,0.680
904500,0.030,0.300,0.669
905000,0.034,0.268,0.699
905500,0.036,0.340,0.624
906000,0.031,0.286,0.683
906500,0.034,0.249,0.717
907000,0.045,0.224,0.731
907500,0.043,0.245,0.713
908000,0.037,0.329,0.633
908500,0.030,0.344,0.626
909000,0.030,0.346,0.623
909500,0.032,0.336,0.632
910000,0.030,0.357,0.613
910500,0.030,0.344,0.626
911000,0.030,0.345,0.625
911500,0.030,0.368,0.602
912000,0.030,0.424,0.545
912500,0.030,0.334,0.636
913000,0.030,0.365,0.605
913500,0.030,0.382,0.588
914000,0.030,0.300,0.670
914500,0.035,0.316,0.649
915000,0.031,0.332,0.637
915500,0.030,0.369,0.601
916000,0.030,0.341,0.629
916500,0.030,0.346,0.623
917000,0.030,0.340,0.630
917500,0.030,0.378,0.593
918000,0.030,0.405,0.565
918500,0.030,0.350,0.619
919000,0.030,0.361,0.609
919500,0.034,0.329,0.637
920000,0.030,0.331,0.639
920500,0.035,0.294,0.671
921000,0.031,0.312,0.657
921500,0.030,0.349,0.621
922000,0.030,0.415,0.555
922500,0.030,0.399,0.571
923000,0.030,0.378,0.593
923500,0.030,0.320,0.650
924000,0.040,0.347,0.614
924500,0.030,0.392,0.578
925000,0.030,0.404,0.567
925500,0.030,0.350,0.620
926000,0.030,0.358,0.612
926500,0.030,0.305,0.665
927000,0.030,0.326,0.644
927500,0.030,0.316,0.654
928000,0.030,0.340,0.630
928500,0.030,0.285,0.684
929000,0.030,0.314,0.656
929500,0.030,0.306,0.663
930000,0.030,0.324,0.646
930500,0.030,0.268,0.702
931000,0.031,0.305,0.663
931500,0.030,0.344,0.626
932000,0.030,0.327,0.643
932500,0.030,0.333,0.637
933000,0.033,0.275,0.692
933500,0.044,0.271,0.685
934000,0.032,0.316,0.653
934500,0.035,0.317,0.649
935000,0.031,0.337,0.632
935500,0.032,0.306,0.663
936000,0.030,0.330,0.640
936500,0.030,0.406,0.564
937000,0.030,0.420,0.550
937500,0.030,0.391,0.579
938000,0.030,0.400,0.571
938500,0.030,0.406,0.565
939000,0.030,0.405,0.565
939500,0.030,0.346,0.623
940000,0.030,0.301,0.669
940500,0.030,0.346,0.623
941000,0.030,0.294,0.676
941500,0.030,0.322,0.648
942000,0.035,0.309,0.655
942500,0.043,0.244,0.713
943000,0.034,0.273,0.693
943500,0.037,0.318,0.645
944000,0.032,0.303,0.665
944500,0.030,0.416,0.553
945000,0.030,0.426,0.543
945500,0.030,0.377,0.593
946000,0.031,0.407,0.561
946500,0.030,0.314,0.656
947000,0.030,0.350,0.620
947500,0.030,0.430,0.540
948000,0.030,0.325,0.645
948500,0.034,0.375,0.592
949000,0.030,0.398,0.572
949500,0.030,0.400,0.571
950000,0.030,0.350,0.620
950500,0.030,0.356,0.614
951000,0.033,0.293,0.674
951500,0.030,0.336,0.634
952000,0.030,0.301,0.668
952500,0.035,0.343,0.622
953000,0.031,0.274,0.695
953500,0.030,0.262,0.708
954000,0.030,0.309,0.660
954500,0.030,0.331,0.639
955000,0.030,0.296,0.673
955500,0.034,0.314,0.652
956000,0.032,0.280,0.689
956500,0.041,0.269,0.691
957000,0.030,0.285,0.684
957500,0.038,0.225,0.737
958000,0.033,0.282,0.685
958500,0.032,0.339,0.629
959000,0.030,0.341,0.629
959500,0.030,0.333,0.637
960000,0.030,0.286,0.683
960500,0.030,0.391,0.579
961000,0.037,0.322,0.641
961500,0.031,0.301,0.667
962000,0.030,0.350,0.620
962500,0.030,0.318,0.652
963000,0.030,0.371,0.599
963500,0.030,0.404,0.567
964000,0.030,0.324,0.646
964500,0.030,0.368,0.602
965000,0.030,0.348,0.622
965500,0.030,0.337,0.633
966000,0.031,0.346,0.623
966500,0.030,0.358,0.611
967000,0.032,0.294,0.674
967500,0.043,0.243,0.713
968000,0.044,0.268,0.688
968500,0.033,0.305,0.662
969000,0.030,0.312,0.657
969500,0.030,0.366,0.603
970000,0.030,0.332,0.638
970500,0.030,0.353,0.617
971000,0.030,0.371,0.599
971500,0.030,0.381,0.589
972000,0.030,0.323,0.647
972500,0.030,0.379,0.591
973000,0.035,0.336,0.629
973500,0.031,0.287,0.682
974000,0.031,0.283,0.686
974500,0.030,0.351,0.619
975000,0.030,0.371,0.599
975500,0.030,0.362,0.608
976000,0.030,0.361,0.609
976500,0.030,0.272,0.698
977000,0.030,0.354,0.615
977500,0.030,0.395,0.575
978000,0.036,0.303,0.660
978500,0.032,0.235,0.732
979000,0.034,0.302,0.664
979500,0.032,0.344,0.624
980000,0.030,0.359,0.611
980500,0.034,0.314,0.653
981000,0.031,0.392,0.577
981500,0.030,0.344,0.625
982000,0.030,0.340,0.630
982500,0.034,0.351,0.615
983000,0.030,0.335,0.635
983500,0.030,0.352,0.618
984000,0.030,0.383,0.587
984500,0.030,0.379,0.591
985000,0.030,0.410,0.559
985500,0.030,0.377,0.593
986000,0.030,0.373,0.597
986500,0.030,0.353,0.617
987000,0.030,0.289,0.680
987500,0.034,0.285,0.681
988000,0.037,0.316,0.647
988500,0.032,0.372,0.596
989000,0.030,0.317,0.653
989500,0.030,0.336,0.634
990000,0.030,0.343,0.627
990500,0.030,0.274,0.696
991000,0.034,0.281,0.685
991500,0.030,0.265,0.705
992000,0.030,0.297,0.673
992500,0.030,0.369,0.600
993000,0.030,0.408,0.561
993500,0.032,0.300,0.668
994000,0.035,0.341,0.624
994500,0.033,0.266,0.702
995000,0.033,0.353,0.614
995500,0.030,0.348,0.621
996000,0.030,0.348,0.621
996500,0.030,0.301,0.668
997000,0.035,0.326,0.640
997500,0.038,0.294,0.668
998000,0.031,0.282,0.686
998500,0.030,0.348,0.622
999000,0.030,0.388,0.583
999500,0.030,0.367,0.603
1000000,0.030,0.385,0.585
