time,n_A+p,n_B,n_AB
500,0.050,0.741,0.209
1000,0.050,0.638,0.311
1500,0.050,0.587,0.363
2000,0.050,0.565,0.385
2500,0.050,0.572,0.378
3000,0.050,0.613,0.337
3500,0.050,0.617,0.333
4000,0.050,0.602,0.348
4500,0.050,0.604,0.346
5000,0.050,0.597,0.353
5500,0.050,0.592,0.358
6000,0.050,0.560,0.390
6500,0.050,0.568,0.382
7000,0.050,0.615,0.335
7500,0.050,0.687,0.263
8000,0.050,0.685,0.264
8500,0.050,0.581,0.369
9000,0.050,0.550,0.400
9500,0.050,0.615,0.335
10000,0.050,0.646,0.303
10500,0.050,0.573,0.377
11000,0.050,0.550,0.400
11500,0.050,0.686,0.263
12000,0.050,0.542,0.408
12500,0.050,0.640,0.309
13000,0.050,0.553,0.396
13500,0.050,0.538,0.411
14000,0.050,0.635,0.315
14500,0.050,0.623,0.327
15000,0.050,0.596,0.354
15500,0.050,0.544,0.405
16000,0.050,0.610,0.340
16500,0.050,0.545,0.404
17000,0.050,0.623,0.327
17500,0.050,0.604,0.346
18000,0.050,0.540,0.409
18500,0.050,0.564,0.386
19000,0.050,0.600,0.350
19500,0.050,0.587,0.363
20000,0.050,0.675,0.275
20500,0.050,0.567,0.383
21000,0.050,0.652,0.297
21500,0.050,0.604,0.346
22000,0.050,0.605,0.345
22500,0.050,0.677,0.273
23000,0.050,0.685,0.265
23500,0.050,0.571,0.379
24000,0.050,0.566,0.384
24500,0.050,0.630,0.320
25000,0.050,0.679,0.270
25500,0.050,0.706,0.244
26000,0.050,0.666,0.283
26500,0.050,0.643,0.306
27000,0.050,0.661,0.288
27500,0.050,0.569,0.381
28000,0.050,0.588,0.362
28500,0.050,0.606,0.344
29000,0.050,0.661,0.288
29500,0.050,0.631,0.319
30000,0.050,0.596,0.354
30500,0.050,0.615,0.335
31000,0.050,0.617,0.333
31500,0.050,0.715,0.235
32000,0.050,0.695,0.255
32500,0.050,0.596,0.354
33000,0.050,0.645,0.304
33500,0.050,0.580,0.370
34000,0.050,0.551,0.398
34500,0.050,0.572,0.378
35000,0.050,0.658,0.291
35500,0.050,0.642,0.308
36000,0.050,0.719,0.231
36500,0.050,0.636,0.314
37000,0.050,0.597,0.353
37500,0.050,0.634,0.316
38000,0.050,0.542,0.407
38500,0.050,0.600,0.350
39000,0.050,0.587,0.363
39500,0.050,0.520,0.430
40000,0.050,0.616,0.334
40500,0.050,0.663,0.286
41000,0.050,0.601,0.349
41500,0.050,0.612,0.338
42000,0.050,0.758,0.192
42500,0.050,0.634,0.316
43000,0.050,0.568,0.382
43500,0.050,0.560,0.390
44000,0.050,0.597,0.353
44500,0.050,0.683,0.267
45000,0.050,0.659,0.291
45500,0.050,0.672,0.278
46000,0.050,0.679,0.271
46500,0.050,0.580,0.370
47000,0.050,0.648,0.301
47500,0.050,0.578,0.372
48000,0.050,0.597,0.353
48500,0.050,0.542,0.408
49000,0.050,0.621,0.329
49500,0.050,0.625,0.325
50000,0.050,0.615,0.335
50500,0.050,0.588,0.362
51000,0.050,0.646,0.304
51500,0.050,0.596,0.354
52000,0.050,0.601,0.349
52500,0.050,0.674,0.275
53000,0.050,0.618,0.332
53500,0.050,0.595,0.355
54000,0.050,0.570,0.380
54500,0.050,0.673,0.276
55000,0.050,0.629,0.321
55500,0.050,0.597,0.353
56000,0.050,0.590,0.360
56500,0.050,0.542,0.408
57000,0.050,0.519,0.431
57500,0.050,0.553,0.397
58000,0.050,0.665,0.285
58500,0.050,0.657,0.292
59000,0.050,0.636,0.314
59500,0.050,0.574,0.376
60000,0.050,0.559,0.390
60500,0.050,0.601,0.349
61000,0.050,0.698,0.252
61500,0.050,0.608,0.342
62000,0.050,0.611,0.339
62500,0.050,0.617,0.333
63000,0.050,0.586,0.364
63500,0.050,0.588,0.362
64000,0.050,0.622,0.328
64500,0.050,0.639,0.311
65000,0.050,0.618,0.332
65500,0.050,0.540,0.409
66000,0.050,0.559,0.391
66500,0.050,0.569,0.381
67000,0.050,0.570,0.380
67500,0.050,0.640,0.310
68000,0.050,0.623,0.327
68500,0.050,0.657,0.293
69000,0.050,0.613,0.337
69500,0.050,0.652,0.298
70000,0.050,0.707,0.243
70500,0.050,0.644,0.306
71000,0.050,0.612,0.338
71500,0.050,0.528,0.422
72000,0.050,0.528,0.421
72500,0.050,0.605,0.345
73000,0.050,0.675,0.275
73500,0.050,0.618,0.332
74000,0.050,0.622,0.328
74500,0.050,0.576,0.374
75000,0.050,0.561,0.388
75500,0.050,0.559,0.391
76000,0.050,0.574,0.376
76500,0.050,0.582,0.368
77000,0.050,0.679,0.270
77500,0.050,0.660,0.290
78000,0.050,0.643,0.306
78500,0.050,0.683,0.266
79000,0.050,0.569,0.381
79500,0.050,0.552,0.397
80000,0.050,0.490,0.459
80500,0.050,0.485,0.464
81000,0.050,0.564,0.386
81500,0.050,0.604,0.346
82000,0.050,0.631,0.319
82500,0.050,0.668,0.282
83000,0.050,0.543,0.407
83500,0.050,0.598,0.352
84000,0.050,0.566,0.384
84500,0.050,0.577,0.373
85000,0.050,0.614,0.336
85500,0.050,0.593,0.357
86000,0.050,0.598,0.352
86500,0.050,0.620,0.330
87000,0.050,0.694,0.256
87500,0.050,0.609,0.341
88000,0.050,0.586,0.364
88500,0.050,0.593,0.357
89000,0.050,0.605,0.345
89500,0.050,0.495,0.455
90000,0.050,0.581,0.369
90500,0.050,0.575,0.375
91000,0.050,0.488,0.461
91500,0.050,0.536,0.414
92000,0.050,0.641,0.309
92500,0.050,0.585,0.365
93000,0.050,0.656,0.293
93500,0.050,0.620,0.330
94000,0.050,0.534,0.415
94500,0.050,0.585,0.365
95000,0.050,0.586,0.364
95500,0.050,0.542,0.408
96000,0.050,0.621,0.329
96500,0.050,0.658,0.291
97000,0.050,0.618,0.332
97500,0.050,0.543,0.407
98000,0.050,0.579,0.371
98500,0.050,0.610,0.340
99000,0.050,0.610,0.340
99500,0.050,0.641,0.308
100000,0.050,0.652,0.298
100500,0.050,0.599,0.351
101000,0.050,0.619,0.331
101500,0.050,0.625,0.325
102000,0.050,0.633,0.317
102500,0.050,0.703,0.247
103000,0.050,0.638,0.312
103500,0.050,0.632,0.318
104000,0.050,0.608,0.342
104500,0.050,0.590,0.360
105000,0.050,0.561,0.389
105500,0.050,0.506,0.444
106000,0.050,0.546,0.403
106500,0.050,0.576,0.374
107000,0.050,0.551,0.399
107500,0.050,0.521,0.428
108000,0.050,0.588,0.362
108500,0.050,0.504,0.446
109000,0.050,0.624,0.326
109500,0.050,0.625,0.325
110000,0.050,0.625,0.325
110500,0.050,0.590,0.360
111000,0.050,0.625,0.325
111500,0.050,0.533,0.417
112000,0.050,0.660,0.290
112500,0.050,0.549,0.400
113000,0.050,0.540,0.410
113500,0.050,0.614,0.336
114000,0.050,0.620,0.330
114500,0.050,0.650,0.300
115000,0.050,0.634,0.316
115500,0.050,0.642,0.308
116000,0.050,0.637,0.312
116500,0.050,0.599,0.351
117000,0.050,0.645,0.305
117500,0.050,0.612,0.338
118000,0.050,0.632,0.318
118500,0.050,0.558,0.391
119000,0.050,0.538,0.411
119500,0.050,0.543,0.407
120000,0.050,0.533,0.417
120500,0.050,0.491,0.458
121000,0.050,0.656,0.293
121500,0.050,0.661,0.289
122000,0.050,0.681,0.268
122500,0.050,0.656,0.294
123000,0.050,0.632,0.318
123500,0.050,0.705,0.245
124000,0.050,0.649,0.300
124500,0.050,0.618,0.332
125000,0.050,0.639,0.310
125500,0.050,0.672,0.278
126000,0.050,0.612,0.338
126500,0.050,0.650,0.299
127000,0.050,0.590,0.360
127500,0.050,0.528,0.421
128000,0.050,0.551,0.398
128500,0.050,0.554,0.396
129000,0.050,0.606,0.344
129500,0.050,0.658,0.292
130000,0.050,0.682,0.268
130500,0.050,0.551,0.398
131000,0.050,0.598,0.352
131500,0.050,0.563,0.387
132000,0.050,0.540,0.410
132500,0.050,0.608,0.342
133000,0.050,0.603,0.347
133500,0.050,0.555,0.395
134000,0.050,0.565,0.385
134500,0.050,0.570,0.380
135000,0.050,0.613,0.337
135500,0.050,0.580,0.370
136000,0.050,0.602,0.348
136500,0.050,0.612,0.338
137000,0.050,0.621,0.329
137500,0.050,0.616,0.334
138000,0.050,0.641,0.309
138500,0.050,0.595,0.355
139000,0.050,0.562,0.387
139500,0.050,0.521,0.429
140000,0.050,0.597,0.353
140500,0.050,0.604,0.346
141000,0.050,0.608,0.342
141500,0.050,0.655,0.295
142000,0.050,0.648,0.301
142500,0.050,0.560,0.389
143000,0.050,0.519,0.431
143500,0.050,0.562,0.387
144000,0.050,0.621,0.329
144500,0.050,0.600,0.350
145000,0.050,0.635,0.315
145500,0.050,0.586,0.364
146000,0.050,0.618,0.332
146500,0.050,0.646,0.303
147000,0.050,0.620,0.330
147500,0.050,0.641,0.308
148000,0.050,0.604,0.346
148500,0.050,0.608,0.342
149000,0.050,0.544,0.405
149500,0.050,0.562,0.387
150000,0.050,0.633,0.317
150500,0.050,0.562,0.388
151000,0.050,0.580,0.370
151500,0.050,0.604,0.346
152000,0.050,0.616,0.334
152500,0.050,0.566,0.384
153000,0.050,0.622,0.328
153500,0.050,0.589,0.361
154000,0.050,0.624,0.326
154500,0.050,0.597,0.353
155000,0.050,0.677,0.273
155500,0.050,0.670,0.280
156000,0.050,0.634,0.316
156500,0.050,0.558,0.391
157000,0.050,0.595,0.355
157500,0.050,0.625,0.325
158000,0.050,0.618,0.332
158500,0.050,0.524,0.425
159000,0.050,0.610,0.340
159500,0.050,0.666,0.284
160000,0.050,0.567,0.383
160500,0.050,0.590,0.360
161000,0.050,0.610,0.340
161500,0.050,0.675,0.274
162000,0.050,0.658,0.292
162500,0.050,0.669,0.281
163000,0.050,0.624,0.326
163500,0.050,0.655,0.294
164000,0.050,0.608,0.342
164500,0.050,0.624,0.326
165000,0.050,0.646,0.304
165500,0.050,0.638,0.312
166000,0.050,0.547,0.403
166500,0.050,0.625,0.325
167000,0.050,0.671,0.278
167500,0.050,0.621,0.329
168000,0.050,0.598,0.352
168500,0.050,0.568,0.382
169000,0.050,0.569,0.381
169500,0.050,0.564,0.386
170000,0.050,0.617,0.333
170500,0.050,0.543,0.406
171000,0.050,0.613,0.337
171500,0.050,0.566,0.384
172000,0.050,0.585,0.365
172500,0.050,0.618,0.332
173000,0.050,0.641,0.308
173500,0.050,0.709,0.241
174000,0.050,0.699,0.251
174500,0.050,0.621,0.329
175000,0.050,0.605,0.345
175500,0.050,0.569,0.381
176000,0.050,0.633,0.317
176500,0.050,0.629,0.321
177000,0.050,0.633,0.317
177500,0.050,0.564,0.386
178000,0.050,0.558,0.391
178500,0.050,0.532,0.417
179000,0.050,0.541,0.409
179500,0.050,0.625,0.325
180000,0.050,0.661,0.288
180500,0.050,0.602,0.348
181000,0.050,0.624,0.326
181500,0.050,0.638,0.311
182000,0.050,0.664,0.286
182500,0.050,0.659,0.291
183000,0.050,0.559,0.391
183500,0.050,0.583,0.367
184000,0.050,0.641,0.308
184500,0.050,0.630,0.320
185000,0.050,0.586,0.364
185500,0.050,0.598,0.352
186000,0.050,0.574,0.376
186500,0.050,0.582,0.368
187000,0.050,0.572,0.378
187500,0.050,0.625,0.325
188000,0.050,0.600,0.350
188500,0.050,0.650,0.300
189000,0.050,0.719,0.231
189500,0.050,0.685,0.264
190000,0.050,0.622,0.328
190500,0.050,0.625,0.325
191000,0.050,0.621,0.329
191500,0.050,0.668,0.282
192000,0.050,0.653,0.296
192500,0.050,0.570,0.380
193000,0.050,0.617,0.333
193500,0.050,0.685,0.265
194000,0.050,0.720,0.230
194500,0.050,0.687,0.263
195000,0.050,0.680,0.269
195500,0.050,0.566,0.384
196000,0.050,0.622,0.328
196500,0.050,0.596,0.354
197000,0.050,0.481,0.469
197500,0.050,0.703,0.247
198000,0.050,0.637,0.313
198500,0.050,0.596,0.354
199000,0.050,0.535,0.414
199500,0.050,0.582,0.368
200000,0.050,0.565,0.385
200500,0.050,0.625,0.325
201000,0.050,0.661,0.288
201500,0.050,0.581,0.369
202000,0.050,0.625,0.325
202500,0.050,0.651,0.298
203000,0.050,0.618,0.332
203500,0.050,0.662,0.288
204000,0.050,0.635,0.315
204500,0.050,0.668,0.282
205000,0.050,0.662,0.288
205500,0.050,0.637,0.312
206000,0.050,0.667,0.282
206500,0.050,0.606,0.344
207000,0.050,0.606,0.344
207500,0.050,0.647,0.303
208000,0.050,0.669,0.281
208500,0.050,0.721,0.229
209000,0.050,0.679,0.270
209500,0.050,0.647,0.303
210000,0.050,0.632,0.318
210500,0.050,0.596,0.354
211000,0.050,0.632,0.318
211500,0.050,0.605,0.345
212000,0.050,0.581,0.369
212500,0.050,0.552,0.398
213000,0.050,0.690,0.260
213500,0.050,0.727,0.223
214000,0.050,0.638,0.312
214500,0.050,0.672,0.278
215000,0.050,0.661,0.289
215500,0.050,0.641,0.308
216000,0.050,0.670,0.280
216500,0.050,0.681,0.269
217000,0.050,0.586,0.364
217500,0.050,0.506,0.444
218000,0.050,0.582,0.368
218500,0.050,0.668,0.282
219000,0.057,0.521,0.421
219500,0.050,0.584,0.366
220000,0.050,0.591,0.359
220500,0.050,0.602,0.348
221000,0.050,0.627,0.323
221500,0.050,0.637,0.312
222000,0.050,0.603,0.347
222500,0.050,0.627,0.323
223000,0.050,0.581,0.369
223500,0.050,0.572,0.378
224000,0.050,0.573,0.377
224500,0.050,0.486,0.463
225000,0.050,0.588,0.362
225500,0.050,0.568,0.382
226000,0.050,0.592,0.358
226500,0.050,0.583,0.367
227000,0.050,0.557,0.393
227500,0.050,0.561,0.389
228000,0.050,0.619,0.331
228500,0.050,0.617,0.333
229000,0.050,0.614,0.336
229500,0.050,0.603,0.347
230000,0.050,0.548,0.402
230500,0.050,0.611,0.339
231000,0.050,0.743,0.207
231500,0.050,0.718,0.232
232000,0.050,0.635,0.315
232500,0.050,0.661,0.288
233000,0.050,0.617,0.333
233500,0.050,0.565,0.385
234000,0.050,0.575,0.375
234500,0.050,0.589,0.361
235000,0.050,0.549,0.401
235500,0.050,0.569,0.381
236000,0.050,0.581,0.369
236500,0.050,0.651,0.299
237000,0.050,0.642,0.308
237500,0.050,0.599,0.351
238000,0.050,0.501,0.449
238500,0.050,0.624,0.326
239000,0.050,0.588,0.362
239500,0.050,0.654,0.295
240000,0.050,0.665,0.284
240500,0.050,0.594,0.356
241000,0.050,0.640,0.309
241500,0.050,0.607,0.343
242000,0.050,0.630,0.320
242500,0.050,0.662,0.288
243000,0.050,0.629,0.321
243500,0.050,0.622,0.328
244000,0.050,0.651,0.299
244500,0.050,0.541,0.408
245000,0.050,0.676,0.273
245500,0.050,0.693,0.257
246000,0.050,0.633,0.317
246500,0.050,0.639,0.311
247000,0.050,0.600,0.350
247500,0.050,0.615,0.335
248000,0.050,0.604,0.346
248500,0.050,0.594,0.356
249000,0.050,0.496,0.453
249500,0.050,0.576,0.374
250000,0.050,0.620,0.330
250500,0.050,0.633,0.317
251000,0.050,0.629,0.321
251500,0.050,0.628,0.322
252000,0.050,0.623,0.327
252500,0.050,0.620,0.330
253000,0.050,0.598,0.352
253500,0.050,0.671,0.278
254000,0.050,0.640,0.310
254500,0.050,0.678,0.271
255000,0.050,0.716,0.234
255500,0.050,0.656,0.293
256000,0.050,0.596,0.354
256500,0.050,0.571,0.379
257000,0.050,0.620,0.330
257500,0.050,0.621,0.329
258000,0.050,0.629,0.321
258500,0.050,0.523,0.427
259000,0.050,0.569,0.381
259500,0.050,0.631,0.319
260000,0.050,0.654,0.296
260500,0.050,0.584,0.366
261000,0.050,0.626,0.324
261500,0.050,0.725,0.225
262000,0.050,0.604,0.346
262500,0.050,0.619,0.331
263000,0.050,0.620,0.330
263500,0.050,0.667,0.283
264000,0.050,0.631,0.319
264500,0.050,0.689,0.261
265000,0.050,0.604,0.346
265500,0.050,0.548,0.402
266000,0.050,0.571,0.379
266500,0.050,0.603,0.347
267000,0.050,0.603,0.347
267500,0.050,0.619,0.331
268000,0.050,0.620,0.330
268500,0.050,0.560,0.389
269000,0.050,0.614,0.336
269500,0.050,0.620,0.330
270000,0.050,0.606,0.344
270500,0.050,0.482,0.468
271000,0.050,0.510,0.440
271500,0.050,0.558,0.392
272000,0.050,0.667,0.283
272500,0.050,0.699,0.251
273000,0.050,0.656,0.294
273500,0.050,0.648,0.301
274000,0.050,0.559,0.391
274500,0.050,0.587,0.363
275000,0.050,0.596,0.354
275500,0.050,0.617,0.333
276000,0.050,0.670,0.280
276500,0.050,0.648,0.302
277000,0.050,0.581,0.369
277500,0.050,0.645,0.305
278000,0.050,0.640,0.309
278500,0.050,0.564,0.386
279000,0.050,0.618,0.332
279500,0.050,0.560,0.389
280000,0.050,0.552,0.398
280500,0.050,0.646,0.304
281000,0.050,0.528,0.421
281500,0.050,0.579,0.371
282000,0.050,0.622,0.328
282500,0.050,0.621,0.329
283000,0.050,0.626,0.324
283500,0.050,0.614,0.336
284000,0.050,0.576,0.374
284500,0.050,0.600,0.350
285000,0.050,0.587,0.363
285500,0.050,0.630,0.320
286000,0.050,0.629,0.321
286500,0.050,0.673,0.276
287000,0.050,0.654,0.296
287500,0.050,0.612,0.338
288000,0.050,0.644,0.306
288500,0.050,0.689,0.261
289000,0.050,0.647,0.303
289500,0.050,0.609,0.341
290000,0.050,0.633,0.317
290500,0.050,0.573,0.377
291000,0.050,0.649,0.300
291500,0.050,0.624,0.326
292000,0.050,0.648,0.301
292500,0.050,0.593,0.357
293000,0.050,0.595,0.355
293500,0.050,0.661,0.289
294000,0.050,0.599,0.351
294500,0.050,0.556,0.393
295000,0.050,0.547,0.402
295500,0.050,0.623,0.327
296000,0.050,0.647,0.303
296500,0.050,0.575,0.375
297000,0.050,0.549,0.400
297500,0.050,0.533,0.417
298000,0.050,0.628,0.322
298500,0.050,0.629,0.321
299000,0.050,0.626,0.324
299500,0.050,0.681,0.269
300000,0.050,0.567,0.383
300500,0.050,0.544,0.406
301000,0.050,0.620,0.330
301500,0.050,0.651,0.299
302000,0.050,0.647,0.303
302500,0.050,0.636,0.314
303000,0.050,0.601,0.349
303500,0.050,0.566,0.384
304000,0.050,0.549,0.401
304500,0.050,0.608,0.342
305000,0.050,0.634,0.316
305500,0.050,0.693,0.257
306000,0.050,0.548,0.402
306500,0.050,0.580,0.370
307000,0.050,0.592,0.358
307500,0.050,0.629,0.321
308000,0.050,0.655,0.295
308500,0.050,0.650,0.300
309000,0.050,0.559,0.391
309500,0.050,0.657,0.292
310000,0.050,0.625,0.325
310500,0.050,0.623,0.327
311000,0.050,0.548,0.401
311500,0.050,0.562,0.388
312000,0.050,0.595,0.355
312500,0.050,0.602,0.348
313000,0.050,0.604,0.346
313500,0.050,0.619,0.331
314000,0.050,0.653,0.296
314500,0.050,0.521,0.429
315000,0.050,0.534,0.416
315500,0.050,0.599,0.351
316000,0.050,0.538,0.412
316500,0.050,0.482,0.467
317000,0.050,0.514,0.436
317500,0.050,0.527,0.423
318000,0.050,0.578,0.372
318500,0.050,0.517,0.433
319000,0.050,0.556,0.393
319500,0.050,0.680,0.270
320000,0.050,0.629,0.321
320500,0.050,0.639,0.311
321000,0.050,0.594,0.356
321500,0.050,0.616,0.334
322000,0.050,0.672,0.277
322500,0.050,0.649,0.300
323000,0.050,0.585,0.365
323500,0.050,0.587,0.363
324000,0.050,0.574,0.376
324500,0.050,0.612,0.338
325000,0.050,0.702,0.248
325500,0.050,0.712,0.238
326000,0.050,0.602,0.348
326500,0.050,0.568,0.382
327000,0.050,0.502,0.448
327500,0.050,0.513,0.436
328000,0.050,0.567,0.383
328500,0.050,0.622,0.328
329000,0.050,0.604,0.346
329500,0.050,0.646,0.304
330000,0.050,0.630,0.320
330500,0.050,0.601,0.349
331000,0.050,0.633,0.317
331500,0.050,0.586,0.364
332000,0.050,0.665,0.285
332500,0.050,0.647,0.303
333000,0.050,0.583,0.367
333500,0.050,0.600,0.350
334000,0.050,0.670,0.279
334500,0.050,0.693,0.257
335000,0.050,0.573,0.377
335500,0.050,0.584,0.366
336000,0.050,0.567,0.383
336500,0.050,0.525,0.424
337000,0.050,0.621,0.329
337500,0.050,0.569,0.381
338000,0.050,0.668,0.282
338500,0.050,0.588,0.362
339000,0.050,0.648,0.302
339500,0.050,0.625,0.325
340000,0.050,0.652,0.297
340500,0.050,0.652,0.298
341000,0.050,0.635,0.315
341500,0.050,0.604,0.346
342000,0.050,0.679,0.270
342500,0.050,0.692,0.258
343000,0.050,0.656,0.294
343500,0.050,0.599,0.351
344000,0.050,0.581,0.369
344500,0.050,0.612,0.338
345000,0.050,0.643,0.306
345500,0.050,0.643,0.306
346000,0.050,0.624,0.326
346500,0.050,0.631,0.319
347000,0.050,0.619,0.331
347500,0.050,0.616,0.334
348000,0.050,0.631,0.319
348500,0.050,0.612,0.338
349000,0.050,0.653,0.296
349500,0.050,0.719,0.231
350000,0.050,0.702,0.248
350500,0.050,0.626,0.324
351000,0.050,0.607,0.343
351500,0.050,0.649,0.300
352000,0.050,0.659,0.290
352500,0.050,0.574,0.376
353000,0.050,0.574,0.376
353500,0.050,0.633,0.317
354000,0.050,0.619,0.331
354500,0.050,0.616,0.334
355000,0.050,0.630,0.320
355500,0.050,0.605,0.345
356000,0.050,0.633,0.317
356500,0.050,0.660,0.290
357000,0.050,0.644,0.305
357500,0.050,0.632,0.318
358000,0.050,0.600,0.350
358500,0.050,0.656,0.294
359000,0.050,0.561,0.389
359500,0.050,0.558,0.391
360000,0.050,0.646,0.304
360500,0.050,0.645,0.305
361000,0.050,0.634,0.316
361500,0.050,0.718,0.232
362000,0.050,0.645,0.304
362500,0.050,0.647,0.302
363000,0.050,0.634,0.316
363500,0.050,0.684,0.266
364000,0.050,0.681,0.269
364500,0.050,0.617,0.333
365000,0.050,0.541,0.408
365500,0.050,0.550,0.400
366000,0.050,0.508,0.442
366500,0.050,0.503,0.447
367000,0.050,0.584,0.366
367500,0.050,0.549,0.401
368000,0.050,0.592,0.358
368500,0.050,0.576,0.374
369000,0.050,0.703,0.247
369500,0.050,0.640,0.310
370000,0.050,0.631,0.319
370500,0.050,0.636,0.314
371000,0.050,0.683,0.267
371500,0.050,0.626,0.324
372000,0.050,0.661,0.289
372500,0.050,0.669,0.280
373000,0.050,0.632,0.318
373500,0.050,0.677,0.273
374000,0.050,0.654,0.295
374500,0.050,0.602,0.348
375000,0.050,0.595,0.355
375500,0.050,0.677,0.272
376000,0.050,0.672,0.277
376500,0.050,0.654,0.296
377000,0.050,0.664,0.286
377500,0.050,0.642,0.308
378000,0.050,0.699,0.251
378500,0.050,0.647,0.302
379000,0.050,0.613,0.337
379500,0.050,0.607,0.343
380000,0.050,0.572,0.378
380500,0.050,0.496,0.454
381000,0.050,0.504,0.446
381500,0.050,0.532,0.418
382000,0.050,0.569,0.381
382500,0.050,0.601,0.349
383000,0.050,0.540,0.409
383500,0.050,0.579,0.371
384000,0.050,0.560,0.389
384500,0.050,0.563,0.387
385000,0.050,0.575,0.375
385500,0.050,0.592,0.358
386000,0.050,0.634,0.316
386500,0.050,0.678,0.271
387000,0.050,0.687,0.263
387500,0.050,0.706,0.244
388000,0.050,0.670,0.280
388500,0.050,0.616,0.334
389000,0.050,0.646,0.304
389500,0.050,0.589,0.361
390000,0.050,0.609,0.341
390500,0.050,0.610,0.340
391000,0.050,0.648,0.301
391500,0.050,0.636,0.314
392000,0.050,0.634,0.316
392500,0.050,0.664,0.286
393000,0.050,0.579,0.371
393500,0.050,0.598,0.352
394000,0.050,0.655,0.295
394500,0.050,0.614,0.336
395000,0.050,0.656,0.293
395500,0.050,0.616,0.334
396000,0.050,0.591,0.359
396500,0.050,0.609,0.341
397000,0.050,0.553,0.396
397500,0.050,0.644,0.305
398000,0.050,0.510,0.440
398500,0.050,0.582,0.368
399000,0.050,0.665,0.284
399500,0.050,0.637,0.312
400000,0.050,0.595,0.355
400500,0.050,0.648,0.301
401000,0.050,0.595,0.355
401500,0.050,0.588,0.362
402000,0.050,0.550,0.399
402500,0.050,0.627,0.323
403000,0.050,0.645,0.305
403500,0.050,0.604,0.346
404000,0.050,0.599,0.351
404500,0.050,0.580,0.370
405000,0.050,0.675,0.275
405500,0.050,0.571,0.379
406000,0.050,0.582,0.368
406500,0.050,0.532,0.418
407000,0.050,0.623,0.327
407500,0.050,0.569,0.381
408000,0.050,0.615,0.335
408500,0.050,0.694,0.256
409000,0.050,0.580,0.370
409500,0.050,0.592,0.358
410000,0.050,0.610,0.340
410500,0.050,0.666,0.284
411000,0.050,0.574,0.376
411500,0.050,0.595,0.355
412000,0.050,0.678,0.271
412500,0.050,0.613,0.337
413000,0.050,0.611,0.339
413500,0.050,0.617,0.333
414000,0.050,0.612,0.338
414500,0.050,0.672,0.278
415000,0.050,0.650,0.300
415500,0.050,0.673,0.277
416000,0.050,0.589,0.361
416500,0.050,0.632,0.318
417000,0.050,0.676,0.274
417500,0.050,0.579,0.371
418000,0.050,0.638,0.311
418500,0.050,0.651,0.299
419000,0.050,0.670,0.280
419500,0.050,0.611,0.339
420000,0.050,0.607,0.343
420500,0.050,0.571,0.379
421000,0.050,0.627,0.323
421500,0.050,0.572,0.378
422000,0.050,0.654,0.295
422500,0.050,0.583,0.367
423000,0.050,0.631,0.319
423500,0.050,0.629,0.321
424000,0.050,0.671,0.278
424500,0.050,0.668,0.281
425000,0.050,0.616,0.334
425500,0.050,0.637,0.313
426000,0.050,0.644,0.306
426500,0.050,0.511,0.439
427000,0.050,0.596,0.354
427500,0.050,0.598,0.352
428000,0.050,0.588,0.362
428500,0.050,0.688,0.262
429000,0.050,0.592,0.358
429500,0.050,0.581,0.369
430000,0.050,0.571,0.379
430500,0.050,0.522,0.428
431000,0.050,0.589,0.361
431500,0.050,0.573,0.377
432000,0.050,0.605,0.345
432500,0.050,0.603,0.347
433000,0.050,0.596,0.354
433500,0.050,0.589,0.361
434000,0.050,0.552,0.397
434500,0.050,0.645,0.304
435000,0.050,0.647,0.303
435500,0.050,0.581,0.369
436000,0.050,0.677,0.273
436500,0.050,0.596,0.354
437000,0.050,0.622,0.328
437500,0.050,0.567,0.383
438000,0.050,0.525,0.424
438500,0.050,0.554,0.396
439000,0.050,0.696,0.254
439500,0.050,0.650,0.299
440000,0.050,0.695,0.255
440500,0.050,0.607,0.343
441000,0.050,0.639,0.311
441500,0.050,0.585,0.365
442000,0.050,0.583,0.367
442500,0.050,0.626,0.324
443000,0.050,0.577,0.373
443500,0.050,0.634,0.316
444000,0.050,0.584,0.366
444500,0.050,0.544,0.405
445000,0.050,0.590,0.360
445500,0.050,0.580,0.370
446000,0.050,0.576,0.374
446500,0.050,0.649,0.301
447000,0.050,0.569,0.381
447500,0.050,0.515,0.435
448000,0.050,0.605,0.345
448500,0.050,0.614,0.336
449000,0.050,0.626,0.324
449500,0.050,0.695,0.255
450000,0.050,0.674,0.275
450500,0.050,0.627,0.323
451000,0.050,0.567,0.383
451500,0.050,0.646,0.303
452000,0.050,0.578,0.372
452500,0.050,0.617,0.333
453000,0.050,0.651,0.298
453500,0.050,0.645,0.304
454000,0.050,0.592,0.358
454500,0.050,0.594,0.356
455000,0.050,0.515,0.435
455500,0.050,0.643,0.307
456000,0.050,0.608,0.342
456500,0.050,0.636,0.314
457000,0.050,0.671,0.278
457500,0.050,0.696,0.254
458000,0.050,0.712,0.238
458500,0.050,0.632,0.318
459000,0.050,0.689,0.261
459500,0.050,0.676,0.274
460000,0.050,0.686,0.263
460500,0.050,0.670,0.279
461000,0.050,0.626,0.324
461500,0.050,0.586,0.364
462000,0.050,0.555,0.394
462500,0.050,0.566,0.384
463000,0.050,0.657,0.293
463500,0.050,0.581,0.369
464000,0.050,0.608,0.342
464500,0.050,0.647,0.302
465000,0.050,0.624,0.326
465500,0.050,0.662,0.288
466000,0.050,0.687,0.263
466500,0.050,0.700,0.250
467000,0.050,0.645,0.305
467500,0.050,0.635,0.315
468000,0.050,0.584,0.366
468500,0.050,0.614,0.336
469000,0.050,0.629,0.321
469500,0.050,0.612,0.338
470000,0.050,0.559,0.390
470500,0.050,0.512,0.438
471000,0.050,0.552,0.398
471500,0.050,0.514,0.436
472000,0.050,0.582,0.368
472500,0.050,0.636,0.314
473000,0.050,0.622,0.328
473500,0.050,0.671,0.278
474000,0.050,0.715,0.235
474500,0.050,0.721,0.229
475000,0.050,0.629,0.321
475500,0.050,0.585,0.365
476000,0.050,0.510,0.440
476500,0.050,0.606,0.344
477000,0.050,0.608,0.342
477500,0.050,0.612,0.338
478000,0.050,0.504,0.446
478500,0.050,0.581,0.369
479000,0.050,0.660,0.290
479500,0.050,0.592,0.358
480000,0.050,0.630,0.320
480500,0.050,0.545,0.405
481000,0.050,0.587,0.363
481500,0.050,0.545,0.405
482000,0.050,0.609,0.341
482500,0.050,0.609,0.341
483000,0.050,0.588,0.362
483500,0.050,0.587,0.363
484000,0.050,0.601,0.349
484500,0.050,0.637,0.312
485000,0.050,0.668,0.281
485500,0.050,0.627,0.323
486000,0.050,0.636,0.314
486500,0.050,0.586,0.364
487000,0.050,0.576,0.374
487500,0.050,0.617,0.333
488000,0.050,0.551,0.399
488500,0.050,0.558,0.391
489000,0.050,0.614,0.336
489500,0.050,0.550,0.400
490000,0.050,0.593,0.357
490500,0.050,0.630,0.320
491000,0.050,0.643,0.307
491500,0.050,0.604,0.346
492000,0.050,0.628,0.322
492500,0.050,0.687,0.263
493000,0.050,0.583,0.367
493500,0.050,0.533,0.417
494000,0.050,0.451,0.499
494500,0.050,0.518,0.431
495000,0.050,0.601,0.349
495500,0.050,0.606,0.344
496000,0.050,0.530,0.419
496500,0.050,0.588,0.362
497000,0.050,0.634,0.316
497500,0.050,0.581,0.369
498000,0.050,0.638,0.312
498500,0.050,0.619,0.331
499000,0.050,0.651,0.298
499500,0.050,0.584,0.366
500000,0.050,0.599,0.351
500500,0.050,0.601,0.349
501000,0.050,0.672,0.277
501500,0.050,0.672,0.277
502000,0.050,0.598,0.352
502500,0.050,0.545,0.404
503000,0.050,0.636,0.314
503500,0.050,0.594,0.356
504000,0.050,0.563,0.387
504500,0.050,0.651,0.299
505000,0.050,0.613,0.337
505500,0.050,0.605,0.345
506000,0.050,0.673,0.277
506500,0.050,0.642,0.307
507000,0.050,0.650,0.299
507500,0.050,0.572,0.378
508000,0.050,0.573,0.377
508500,0.050,0.550,0.399
509000,0.050,0.571,0.379
509500,0.050,0.589,0.361
510000,0.050,0.575,0.375
510500,0.050,0.535,0.415
511000,0.050,0.608,0.342
511500,0.050,0.590,0.360
512000,0.050,0.636,0.314
512500,0.050,0.547,0.403
513000,0.050,0.660,0.290
513500,0.050,0.738,0.212
514000,0.050,0.666,0.284
514500,0.050,0.579,0.371
515000,0.050,0.678,0.272
515500,0.050,0.611,0.339
516000,0.050,0.537,0.413
516500,0.050,0.571,0.379
517000,0.050,0.557,0.393
517500,0.050,0.613,0.337
518000,0.050,0.636,0.314
518500,0.050,0.577,0.373
519000,0.050,0.556,0.394
519500,0.050,0.554,0.395
520000,0.050,0.583,0.367
520500,0.050,0.619,0.331
521000,0.050,0.594,0.356
521500,0.050,0.582,0.368
522000,0.050,0.582,0.368
522500,0.050,0.580,0.370
523000,0.050,0.566,0.384
523500,0.050,0.558,0.392
524000,0.050,0.591,0.359
524500,0.050,0.571,0.379
525000,0.050,0.652,0.298
525500,0.050,0.636,0.314
526000,0.050,0.693,0.257
526500,0.050,0.657,0.293
527000,0.050,0.592,0.358
527500,0.050,0.521,0.428
528000,0.050,0.642,0.307
528500,0.050,0.640,0.310
529000,0.050,0.620,0.330
529500,0.050,0.620,0.330
530000,0.050,0.556,0.394
530500,0.050,0.609,0.341
531000,0.050,0.594,0.356
531500,0.050,0.654,0.296
532000,0.050,0.662,0.288
532500,0.050,0.617,0.333
533000,0.050,0.590,0.360
533500,0.050,0.643,0.306
534000,0.050,0.624,0.326
534500,0.050,0.674,0.275
535000,0.050,0.668,0.281
535500,0.050,0.585,0.365
536000,0.050,0.669,0.280
536500,0.050,0.555,0.394
537000,0.050,0.520,0.430
537500,0.050,0.559,0.390
538000,0.050,0.517,0.433
538500,0.050,0.585,0.365
539000,0.050,0.594,0.356
539500,0.050,0.537,0.412
540000,0.050,0.519,0.430
540500,0.050,0.652,0.297
541000,0.050,0.618,0.332
541500,0.050,0.600,0.350
542000,0.050,0.626,0.324
542500,0.050,0.594,0.356
543000,0.050,0.528,0.422
543500,0.050,0.584,0.366
544000,0.050,0.608,0.342
544500,0.050,0.620,0.330
545000,0.050,0.604,0.346
545500,0.050,0.582,0.368
546000,0.050,0.603,0.347
546500,0.050,0.585,0.365
547000,0.050,0.591,0.359
547500,0.050,0.618,0.332
548000,0.050,0.612,0.338
548500,0.050,0.612,0.338
549000,0.050,0.618,0.332
549500,0.050,0.557,0.393
550000,0.050,0.623,0.327
550500,0.050,0.599,0.351
551000,0.050,0.665,0.285
551500,0.050,0.598,0.352
552000,0.050,0.625,0.325
552500,0.050,0.610,0.340
553000,0.050,0.612,0.338
553500,0.050,0.588,0.362
554000,0.050,0.571,0.379
554500,0.050,0.569,0.381
555000,0.050,0.533,0.417
555500,0.050,0.594,0.356
556000,0.050,0.650,0.299
556500,0.050,0.651,0.298
557000,0.050,0.542,0.408
557500,0.050,0.540,0.410
558000,0.050,0.564,0.386
558500,0.050,0.594,0.356
559000,0.050,0.576,0.374
559500,0.050,0.621,0.329
560000,0.050,0.630,0.320
560500,0.050,0.677,0.273
561000,0.050,0.682,0.268
561500,0.050,0.634,0.316
562000,0.050,0.658,0.291
562500,0.050,0.646,0.304
563000,0.050,0.606,0.344
563500,0.050,0.668,0.282
564000,0.050,0.566,0.384
564500,0.050,0.635,0.315
565000,0.050,0.638,0.312
565500,0.050,0.621,0.329
566000,0.050,0.568,0.382
566500,0.050,0.606,0.344
567000,0.050,0.601,0.349
567500,0.050,0.661,0.289
568000,0.050,0.585,0.365
568500,0.050,0.586,0.364
569000,0.050,0.600,0.350
569500,0.050,0.673,0.277
570000,0.050,0.686,0.263
570500,0.050,0.612,0.338
571000,0.050,0.666,0.284
571500,0.050,0.655,0.294
572000,0.050,0.672,0.278
572500,0.050,0.636,0.314
573000,0.050,0.619,0.331
573500,0.050,0.633,0.317
574000,0.050,0.678,0.272
574500,0.050,0.623,0.327
575000,0.050,0.553,0.396
575500,0.050,0.554,0.395
576000,0.050,0.535,0.415
576500,0.050,0.473,0.477
577000,0.050,0.640,0.310
577500,0.050,0.639,0.310
578000,0.050,0.637,0.312
578500,0.050,0.589,0.361
579000,0.050,0.607,0.343
579500,0.050,0.545,0.404
580000,0.050,0.660,0.289
580500,0.050,0.590,0.360
581000,0.050,0.588,0.362
581500,0.050,0.632,0.318
582000,0.050,0.588,0.362
582500,0.050,0.579,0.371
583000,0.050,0.593,0.357
583500,0.050,0.703,0.247
584000,0.050,0.661,0.288
584500,0.050,0.674,0.276
585000,0.050,0.588,0.362
585500,0.050,0.573,0.377
586000,0.050,0.629,0.321
586500,0.050,0.668,0.281
587000,0.050,0.746,0.204
587500,0.050,0.669,0.281
588000,0.050,0.580,0.370
588500,0.050,0.631,0.319
589000,0.050,0.612,0.338
589500,0.050,0.642,0.308
590000,0.050,0.654,0.296
590500,0.050,0.637,0.312
591000,0.050,0.640,0.309
591500,0.050,0.610,0.340
592000,0.050,0.557,0.392
592500,0.050,0.542,0.407
593000,0.050,0.566,0.384
593500,0.050,0.586,0.364
594000,0.050,0.592,0.358
594500,0.050,0.537,0.412
595000,0.050,0.576,0.374
595500,0.050,0.541,0.408
596000,0.050,0.616,0.334
596500,0.050,0.582,0.368
597000,0.050,0.593,0.357
597500,0.050,0.622,0.328
598000,0.050,0.533,0.416
598500,0.050,0.570,0.380
599000,0.050,0.644,0.305
599500,0.050,0.619,0.331
600000,0.050,0.615,0.335
600500,0.050,0.572,0.378
601000,0.050,0.602,0.348
601500,0.050,0.689,0.261
602000,0.050,0.676,0.273
602500,0.050,0.559,0.390
603000,0.050,0.581,0.369
603500,0.050,0.596,0.354
604000,0.050,0.572,0.378
604500,0.050,0.596,0.354
605000,0.050,0.705,0.245
605500,0.050,0.665,0.284
606000,0.050,0.645,0.305
606500,0.050,0.601,0.349
607000,0.050,0.607,0.343
607500,0.050,0.598,0.352
608000,0.050,0.541,0.409
608500,0.050,0.589,0.361
609000,0.050,0.641,0.309
609500,0.050,0.673,0.277
610000,0.050,0.667,0.283
610500,0.050,0.619,0.331
611000,0.050,0.641,0.309
611500,0.050,0.643,0.307
612000,0.050,0.628,0.322
612500,0.050,0.643,0.306
613000,0.050,0.593,0.357
613500,0.050,0.666,0.284
614000,0.050,0.686,0.263
614500,0.050,0.652,0.297
615000,0.050,0.610,0.340
615500,0.050,0.690,0.260
616000,0.050,0.634,0.316
616500,0.050,0.544,0.406
617000,0.050,0.600,0.350
617500,0.050,0.645,0.304
618000,0.050,0.583,0.367
618500,0.050,0.608,0.342
619000,0.050,0.565,0.385
619500,0.050,0.548,0.401
620000,0.050,0.563,0.387
620500,0.050,0.643,0.307
621000,0.050,0.619,0.331
621500,0.050,0.680,0.269
622000,0.050,0.685,0.264
622500,0.050,0.606,0.344
623000,0.050,0.631,0.319
623500,0.050,0.614,0.336
624000,0.050,0.558,0.391
624500,0.050,0.682,0.267
625000,0.050,0.662,0.287
625500,0.050,0.659,0.291
626000,0.050,0.605,0.345
626500,0.050,0.568,0.382
627000,0.050,0.632,0.318
627500,0.050,0.651,0.299
628000,0.050,0.636,0.314
628500,0.050,0.714,0.236
629000,0.050,0.680,0.269
629500,0.050,0.659,0.291
630000,0.050,0.615,0.335
630500,0.050,0.599,0.351
631000,0.050,0.670,0.279
631500,0.050,0.644,0.305
632000,0.050,0.624,0.326
632500,0.050,0.548,0.401
633000,0.050,0.530,0.420
633500,0.050,0.571,0.379
634000,0.050,0.548,0.401
634500,0.050,0.550,0.399
635000,0.050,0.622,0.328
635500,0.050,0.625,0.325
636000,0.050,0.592,0.358
636500,0.050,0.573,0.377
637000,0.050,0.575,0.375
637500,0.050,0.579,0.371
638000,0.050,0.596,0.354
638500,0.050,0.558,0.391
639000,0.050,0.618,0.332
639500,0.050,0.604,0.346
640000,0.050,0.630,0.320
640500,0.050,0.683,0.267
641000,0.050,0.625,0.325
641500,0.050,0.575,0.375
642000,0.050,0.598,0.352
642500,0.050,0.640,0.310
643000,0.050,0.648,0.302
643500,0.050,0.688,0.262
644000,0.050,0.562,0.388
644500,0.050,0.604,0.346
645000,0.050,0.590,0.360
645500,0.050,0.585,0.365
646000,0.050,0.589,0.361
646500,0.050,0.552,0.397
647000,0.050,0.619,0.331
647500,0.050,0.655,0.294
648000,0.050,0.661,0.289
648500,0.050,0.635,0.315
649000,0.050,0.601,0.349
649500,0.050,0.572,0.378
650000,0.050,0.624,0.326
650500,0.050,0.693,0.257
651000,0.050,0.616,0.334
651500,0.050,0.598,0.352
652000,0.050,0.529,0.420
652500,0.050,0.580,0.370
653000,0.050,0.606,0.344
653500,0.050,0.610,0.340
654000,0.050,0.697,0.253
654500,0.050,0.738,0.212
655000,0.050,0.632,0.318
655500,0.050,0.653,0.297
656000,0.050,0.650,0.300
656500,0.050,0.593,0.357
657000,0.050,0.672,0.278
657500,0.050,0.615,0.335
658000,0.050,0.580,0.370
658500,0.050,0.592,0.358
659000,0.050,0.616,0.334
659500,0.050,0.619,0.331
660000,0.050,0.536,0.413
660500,0.050,0.579,0.371
661000,0.050,0.644,0.305
661500,0.050,0.673,0.277
662000,0.050,0.699,0.251
662500,0.050,0.642,0.307
663000,0.050,0.612,0.338
663500,0.050,0.624,0.326
664000,0.050,0.640,0.310
664500,0.050,0.534,0.415
665000,0.050,0.545,0.404
665500,0.050,0.596,0.354
666000,0.050,0.592,0.358
666500,0.050,0.541,0.409
667000,0.050,0.591,0.359
667500,0.050,0.622,0.328
668000,0.050,0.642,0.308
668500,0.050,0.612,0.338
669000,0.050,0.680,0.269
669500,0.050,0.596,0.354
670000,0.050,0.576,0.374
670500,0.050,0.605,0.345
671000,0.050,0.674,0.275
671500,0.050,0.575,0.375
672000,0.050,0.627,0.323
672500,0.050,0.633,0.317
673000,0.050,0.620,0.330
673500,0.050,0.578,0.372
674000,0.050,0.564,0.386
674500,0.050,0.661,0.289
675000,0.050,0.591,0.359
675500,0.050,0.664,0.285
676000,0.050,0.665,0.284
676500,0.050,0.678,0.272
677000,0.050,0.596,0.354
677500,0.050,0.681,0.269
678000,0.050,0.629,0.321
678500,0.050,0.675,0.275
679000,0.050,0.648,0.301
679500,0.050,0.714,0.236
680000,0.050,0.627,0.323
680500,0.050,0.597,0.353
681000,0.050,0.690,0.260
681500,0.050,0.671,0.278
682000,0.050,0.708,0.242
682500,0.050,0.675,0.275
683000,0.050,0.554,0.396
683500,0.050,0.624,0.326
684000,0.050,0.636,0.314
684500,0.050,0.592,0.358
685000,0.050,0.585,0.365
685500,0.050,0.629,0.321
686000,0.050,0.586,0.364
686500,0.050,0.636,0.314
687000,0.050,0.622,0.328
687500,0.050,0.562,0.387
688000,0.050,0.557,0.393
688500,0.050,0.611,0.339
689000,0.050,0.631,0.319
689500,0.050,0.663,0.287
690000,0.050,0.657,0.293
690500,0.050,0.673,0.277
691000,0.050,0.678,0.272
691500,0.050,0.577,0.373
692000,0.050,0.515,0.435
692500,0.050,0.565,0.385
693000,0.050,0.608,0.342
693500,0.050,0.682,0.268
694000,0.050,0.698,0.252
694500,0.050,0.640,0.309
695000,0.050,0.714,0.236
695500,0.050,0.571,0.379
696000,0.050,0.572,0.378
696500,0.050,0.640,0.310
697000,0.050,0.614,0.336
697500,0.050,0.595,0.355
698000,0.050,0.596,0.354
698500,0.050,0.595,0.355
699000,0.050,0.594,0.356
699500,0.050,0.650,0.299
700000,0.050,0.627,0.323
700500,0.050,0.596,0.354
701000,0.050,0.455,0.495
701500,0.050,0.589,0.361
702000,0.050,0.626,0.324
702500,0.050,0.558,0.391
703000,0.050,0.550,0.400
703500,0.050,0.627,0.323
704000,0.050,0.641,0.308
704500,0.050,0.668,0.282
705000,0.050,0.664,0.285
705500,0.050,0.600,0.350
706000,0.050,0.667,0.283
706500,0.050,0.578,0.372
707000,0.050,0.549,0.400
707500,0.050,0.602,0.348
708000,0.050,0.679,0.270
708500,0.050,0.591,0.359
709000,0.050,0.590,0.360
709500,0.050,0.661,0.288
710000,0.050,0.581,0.369
710500,0.050,0.594,0.356
711000,0.050,0.626,0.324
711500,0.050,0.595,0.355
712000,0.050,0.567,0.383
712500,0.050,0.554,0.395
713000,0.050,0.525,0.424
713500,0.050,0.597,0.353
714000,0.050,0.625,0.325
714500,0.050,0.617,0.333
715000,0.050,0.610,0.340
715500,0.050,0.597,0.353
716000,0.050,0.607,0.343
716500,0.050,0.627,0.323
717000,0.050,0.600,0.350
717500,0.050,0.609,0.341
718000,0.050,0.594,0.356
718500,0.050,0.547,0.402
719000,0.050,0.648,0.301
719500,0.050,0.624,0.326
720000,0.050,0.635,0.315
720500,0.050,0.635,0.315
721000,0.050,0.662,0.287
721500,0.050,0.645,0.305
722000,0.050,0.626,0.324
722500,0.050,0.694,0.256
723000,0.050,0.641,0.309
723500,0.050,0.686,0.263
724000,0.050,0.662,0.287
724500,0.050,0.646,0.303
725000,0.050,0.659,0.290
725500,0.050,0.556,0.394
726000,0.050,0.551,0.399
726500,0.050,0.602,0.348
727000,0.050,0.639,0.310
727500,0.050,0.641,0.308
728000,0.050,0.602,0.348
728500,0.050,0.552,0.398
729000,0.050,0.602,0.348
729500,0.050,0.627,0.323
730000,0.050,0.617,0.333
730500,0.050,0.586,0.364
731000,0.050,0.618,0.332
731500,0.050,0.609,0.341
732000,0.050,0.546,0.403
732500,0.050,0.574,0.376
733000,0.050,0.521,0.428
733500,0.050,0.592,0.358
734000,0.050,0.545,0.404
734500,0.050,0.561,0.389
735000,0.050,0.591,0.359
735500,0.050,0.545,0.405
736000,0.050,0.568,0.382
736500,0.050,0.588,0.362
737000,0.050,0.600,0.350
737500,0.050,0.589,0.361
738000,0.050,0.566,0.384
738500,0.050,0.500,0.450
739000,0.050,0.618,0.332
739500,0.050,0.581,0.369
740000,0.050,0.634,0.316
740500,0.050,0.667,0.282
741000,0.050,0.639,0.310
741500,0.050,0.577,0.373
742000,0.050,0.676,0.273
742500,0.050,0.589,0.361
743000,0.050,0.644,0.305
743500,0.050,0.569,0.381
744000,0.050,0.695,0.255
744500,0.050,0.644,0.305
745000,0.050,0.637,0.313
745500,0.050,0.653,0.296
746000,0.050,0.665,0.284
746500,0.050,0.613,0.337
747000,0.050,0.623,0.327
747500,0.050,0.619,0.331
748000,0.050,0.639,0.311
748500,0.050,0.581,0.369
749000,0.050,0.587,0.363
749500,0.050,0.588,0.362
750000,0.050,0.546,0.403
750500,0.050,0.605,0.345
751000,0.050,0.614,0.336
751500,0.050,0.648,0.302
752000,0.050,0.690,0.260
752500,0.050,0.716,0.234
753000,0.050,0.702,0.248
753500,0.050,0.597,0.353
754000,0.050,0.608,0.342
754500,0.050,0.584,0.366
755000,0.050,0.555,0.395
755500,0.050,0.580,0.370
756000,0.050,0.607,0.343
756500,0.050,0.592,0.358
757000,0.050,0.612,0.338
757500,0.050,0.711,0.239
758000,0.050,0.653,0.296
758500,0.050,0.577,0.373
759000,0.050,0.650,0.299
759500,0.050,0.628,0.322
760000,0.050,0.615,0.335
760500,0.050,0.489,0.461
761000,0.050,0.543,0.407
761500,0.050,0.640,0.309
762000,0.050,0.603,0.347
762500,0.050,0.653,0.296
763000,0.050,0.564,0.386
763500,0.050,0.641,0.309
764000,0.050,0.609,0.341
764500,0.050,0.704,0.246
765000,0.050,0.669,0.281
765500,0.050,0.615,0.335
766000,0.050,0.606,0.344
766500,0.050,0.638,0.312
767000,0.050,0.584,0.366
767500,0.050,0.651,0.298
768000,0.050,0.584,0.366
768500,0.050,0.606,0.344
769000,0.050,0.652,0.297
769500,0.050,0.620,0.330
770000,0.050,0.650,0.299
770500,0.050,0.617,0.333
771000,0.050,0.557,0.393
771500,0.050,0.609,0.341
772000,0.050,0.662,0.288
772500,0.050,0.631,0.319
773000,0.050,0.606,0.344
773500,0.050,0.585,0.365
774000,0.050,0.621,0.329
774500,0.050,0.615,0.335
775000,0.050,0.588,0.362
775500,0.050,0.573,0.377
776000,0.050,0.587,0.363
776500,0.050,0.587,0.363
777000,0.050,0.599,0.351
777500,0.050,0.654,0.295
778000,0.050,0.594,0.356
778500,0.050,0.638,0.312
779000,0.050,0.629,0.321
779500,0.050,0.636,0.314
780000,0.050,0.689,0.261
780500,0.050,0.638,0.311
781000,0.050,0.634,0.316
781500,0.050,0.562,0.388
782000,0.050,0.571,0.379
782500,0.050,0.577,0.373
783000,0.050,0.631,0.319
783500,0.050,0.618,0.332
784000,0.050,0.479,0.470
784500,0.050,0.590,0.360
785000,0.050,0.502,0.448
785500,0.050,0.583,0.367
786000,0.050,0.566,0.384
786500,0.050,0.599,0.351
787000,0.050,0.670,0.280
787500,0.050,0.614,0.336
788000,0.050,0.559,0.390
788500,0.050,0.550,0.399
789000,0.050,0.617,0.333
789500,0.050,0.546,0.404
790000,0.050,0.582,0.368
790500,0.050,0.639,0.310
791000,0.050,0.584,0.366
791500,0.050,0.644,0.305
792000,0.050,0.611,0.339
792500,0.050,0.611,0.339
793000,0.050,0.617,0.333
793500,0.050,0.647,0.302
794000,0.050,0.632,0.318
794500,0.050,0.594,0.356
795000,0.050,0.641,0.309
795500,0.050,0.628,0.322
796000,0.050,0.645,0.304
796500,0.050,0.525,0.424
797000,0.050,0.573,0.377
797500,0.050,0.578,0.372
798000,0.050,0.662,0.287
798500,0.050,0.660,0.289
799000,0.050,0.626,0.324
799500,0.050,0.568,0.382
800000,0.050,0.608,0.342
800500,0.050,0.592,0.358
801000,0.050,0.568,0.382
801500,0.050,0.604,0.346
802000,0.050,0.544,0.405
802500,0.050,0.594,0.356
803000,0.050,0.591,0.359
803500,0.050,0.602,0.348
804000,0.050,0.590,0.360
804500,0.050,0.591,0.359
805000,0.050,0.594,0.356
805500,0.050,0.612,0.338
806000,0.050,0.701,0.249
806500,0.050,0.668,0.281
807000,0.050,0.592,0.358
807500,0.050,0.630,0.320
808000,0.050,0.645,0.304
808500,0.050,0.614,0.336
809000,0.050,0.682,0.267
809500,0.050,0.661,0.288
810000,0.050,0.528,0.422
810500,0.050,0.579,0.371
811000,0.050,0.598,0.352
811500,0.050,0.662,0.287
812000,0.050,0.580,0.370
812500,0.050,0.590,0.360
813000,0.050,0.651,0.299
813500,0.050,0.706,0.244
814000,0.050,0.645,0.304
814500,0.050,0.591,0.359
815000,0.050,0.551,0.399
815500,0.050,0.607,0.343
816000,0.050,0.659,0.291
816500,0.050,0.593,0.357
817000,0.050,0.608,0.342
817500,0.050,0.607,0.343
818000,0.050,0.593,0.357
818500,0.050,0.588,0.362
819000,0.050,0.616,0.334
819500,0.050,0.622,0.328
820000,0.050,0.653,0.297
820500,0.050,0.559,0.390
821000,0.050,0.678,0.272
821500,0.050,0.649,0.300
822000,0.050,0.654,0.295
822500,0.050,0.656,0.294
823000,0.050,0.648,0.302
823500,0.050,0.631,0.319
824000,0.050,0.620,0.330
824500,0.050,0.623,0.327
825000,0.050,0.601,0.349
825500,0.050,0.667,0.283
826000,0.050,0.567,0.383
826500,0.050,0.576,0.374
827000,0.050,0.628,0.322
827500,0.050,0.523,0.426
828000,0.050,0.521,0.428
828500,0.050,0.569,0.381
829000,0.050,0.581,0.369
829500,0.050,0.599,0.351
830000,0.050,0.561,0.388
830500,0.050,0.587,0.363
831000,0.050,0.647,0.302
831500,0.050,0.696,0.254
832000,0.050,0.604,0.346
832500,0.050,0.622,0.328
833000,0.050,0.646,0.304
833500,0.050,0.616,0.334
834000,0.050,0.655,0.295
834500,0.050,0.630,0.320
835000,0.050,0.637,0.313
835500,0.050,0.634,0.316
836000,0.050,0.638,0.312
836500,0.050,0.580,0.370
837000,0.050,0.612,0.338
837500,0.050,0.631,0.319
838000,0.050,0.628,0.322
838500,0.050,0.632,0.318
839000,0.050,0.568,0.382
839500,0.050,0.546,0.403
840000,0.050,0.522,0.428
840500,0.050,0.576,0.374
841000,0.050,0.600,0.350
841500,0.050,0.684,0.265
842000,0.050,0.698,0.252
842500,0.050,0.664,0.286
843000,0.050,0.559,0.390
843500,0.050,0.557,0.392
844000,0.050,0.595,0.355
844500,0.050,0.603,0.347
845000,0.050,0.649,0.301
845500,0.050,0.723,0.227
846000,0.050,0.623,0.327
846500,0.050,0.594,0.356
847000,0.050,0.686,0.264
847500,0.050,0.672,0.277
848000,0.050,0.648,0.302
848500,0.050,0.670,0.280
849000,0.050,0.582,0.368
849500,0.050,0.575,0.375
850000,0.050,0.630,0.320
850500,0.050,0.546,0.404
851000,0.050,0.614,0.336
851500,0.050,0.712,0.238
852000,0.050,0.684,0.266
852500,0.050,0.656,0.293
853000,0.050,0.625,0.325
853500,0.050,0.568,0.382
854000,0.050,0.521,0.428
854500,0.050,0.477,0.472
855000,0.050,0.469,0.481
855500,0.050,0.613,0.337
856000,0.050,0.640,0.309
856500,0.050,0.608,0.342
857000,0.050,0.639,0.310
857500,0.050,0.618,0.332
858000,0.050,0.572,0.378
858500,0.050,0.551,0.399
859000,0.050,0.631,0.319
859500,0.050,0.681,0.269
860000,0.050,0.686,0.264
860500,0.050,0.653,0.296
861000,0.050,0.663,0.287
861500,0.050,0.660,0.289
862000,0.050,0.619,0.331
862500,0.050,0.626,0.324
863000,0.050,0.641,0.309
863500,0.050,0.595,0.355
864000,0.050,0.541,0.409
864500,0.050,0.619,0.331
865000,0.050,0.522,0.427
865500,0.050,0.476,0.473
866000,0.050,0.590,0.360
866500,0.050,0.536,0.414
867000,0.050,0.585,0.365
867500,0.050,0.632,0.318
868000,0.050,0.578,0.372
868500,0.050,0.570,0.380
869000,0.050,0.562,0.388
869500,0.050,0.609,0.341
870000,0.050,0.498,0.452
870500,0.050,0.522,0.427
871000,0.050,0.574,0.376
871500,0.050,0.587,0.363
872000,0.050,0.546,0.403
872500,0.050,0.608,0.342
873000,0.050,0.552,0.397
873500,0.050,0.655,0.295
874000,0.050,0.597,0.353
874500,0.050,0.683,0.266
875000,0.050,0.721,0.229
875500,0.050,0.679,0.271
876000,0.050,0.724,0.226
876500,0.050,0.742,0.208
877000,0.050,0.729,0.221
877500,0.050,0.651,0.298
878000,0.050,0.558,0.391
878500,0.050,0.582,0.368
879000,0.050,0.573,0.377
879500,0.050,0.609,0.341
880000,0.050,0.612,0.338
880500,0.050,0.564,0.386
881000,0.050,0.626,0.324
881500,0.050,0.599,0.351
882000,0.050,0.523,0.426
882500,0.050,0.611,0.339
883000,0.050,0.613,0.337
883500,0.050,0.566,0.384
884000,0.050,0.608,0.342
884500,0.050,0.644,0.305
885000,0.050,0.571,0.379
885500,0.050,0.524,0.425
886000,0.050,0.561,0.388
886500,0.050,0.594,0.356
887000,0.050,0.642,0.308
887500,0.050,0.658,0.292
888000,0.050,0.644,0.306
888500,0.050,0.633,0.317
889000,0.050,0.600,0.350
889500,0.050,0.583,0.367
890000,0.050,0.550,0.400
890500,0.050,0.528,0.422
891000,0.050,0.539,0.410
891500,0.050,0.545,0.405
892000,0.050,0.651,0.299
892500,0.050,0.677,0.273
893000,0.050,0.674,0.276
893500,0.050,0.632,0.318
894000,0.050,0.629,0.321
894500,0.050,0.667,0.282
895000,0.050,0.593,0.357
895500,0.050,0.656,0.293
896000,0.050,0.606,0.344
896500,0.050,0.687,0.263
897000,0.050,0.614,0.336
897500,0.050,0.708,0.242
898000,0.050,0.688,0.262
898500,0.050,0.624,0.326
899000,0.050,0.595,0.355
899500,0.050,0.609,0.341
900000,0.050,0.640,0.310
900500,0.050,0.647,0.302
901000,0.050,0.580,0.370
901500,0.050,0.597,0.353
902000,0.050,0.624,0.326
902500,0.050,0.525,0.424
903000,0.050,0.548,0.402
903500,0.050,0.556,0.393
904000,0.050,0.525,0.424
904500,0.050,0.554,0.395
905000,0.050,0.591,0.359
905500,0.050,0.572,0.378
906000,0.050,0.550,0.400
906500,0.050,0.642,0.307
907000,0.050,0.574,0.376
907500,0.050,0.607,0.343
908000,0.050,0.566,0.384
908500,0.050,0.639,0.310
909000,0.050,0.667,0.282
909500,0.050,0.701,0.249
910000,0.050,0.742,0.208
910500,0.050,0.656,0.294
911000,0.050,0.601,0.349
911500,0.050,0.585,0.365
912000,0.050,0.568,0.382
912500,0.050,0.581,0.369
913000,0.050,0.603,0.347
913500,0.050,0.567,0.383
914000,0.050,0.562,0.387
914500,0.050,0.600,0.350
915000,0.050,0.631,0.319
915500,0.050,0.604,0.346
916000,0.050,0.568,0.382
916500,0.050,0.579,0.371
917000,0.050,0.612,0.338
917500,0.050,0.594,0.356
918000,0.050,0.668,0.281
918500,0.050,0.595,0.355
919000,0.050,0.607,0.343
919500,0.050,0.540,0.410
920000,0.050,0.551,0.398
920500,0.050,0.601,0.349
921000,0.050,0.686,0.264
921500,0.050,0.682,0.267
922000,0.050,0.677,0.272
922500,0.050,0.640,0.309
923000,0.050,0.608,0.342
923500,0.050,0.625,0.325
924000,0.050,0.698,0.252
924500,0.050,0.611,0.339
925000,0.050,0.526,0.423
925500,0.050,0.614,0.336
926000,0.050,0.566,0.384
926500,0.050,0.618,0.332
927000,0.050,0.543,0.406
927500,0.050,0.622,0.328
928000,0.050,0.551,0.399
928500,0.050,0.615,0.335
929000,0.050,0.617,0.333
929500,0.050,0.657,0.293
930000,0.050,0.577,0.373
930500,0.050,0.555,0.395
931000,0.050,0.609,0.341
931500,0.050,0.580,0.370
932000,0.050,0.522,0.428
932500,0.050,0.644,0.306
933000,0.050,0.629,0.321
933500,0.050,0.561,0.389
934000,0.050,0.594,0.356
934500,0.050,0.639,0.310
935000,0.050,0.512,0.438
935500,0.050,0.561,0.388
936000,0.050,0.634,0.316
936500,0.050,0.623,0.327
937000,0.050,0.523,0.426
937500,0.050,0.557,0.392
938000,0.050,0.617,0.333
938500,0.050,0.567,0.383
939000,0.050,0.608,0.342
939500,0.050,0.647,0.303
940000,0.050,0.661,0.289
940500,0.050,0.650,0.299
941000,0.050,0.538,0.412
941500,0.050,0.589,0.361
942000,0.050,0.657,0.292
942500,0.050,0.576,0.374
943000,0.050,0.580,0.370
943500,0.050,0.614,0.336
944000,0.050,0.533,0.416
944500,0.050,0.531,0.418
945000,0.050,0.618,0.332
945500,0.050,0.596,0.354
946000,0.050,0.670,0.280
946500,0.050,0.630,0.320
947000,0.050,0.690,0.260
947500,0.050,0.637,0.313
948000,0.050,0.577,0.373
948500,0.050,0.509,0.441
949000,0.050,0.551,0.398
949500,0.050,0.568,0.382
950000,0.050,0.578,0.372
950500,0.050,0.541,0.409
951000,0.050,0.611,0.339
951500,0.050,0.630,0.320
952000,0.050,0.625,0.325
952500,0.050,0.600,0.350
953000,0.050,0.625,0.325
953500,0.050,0.607,0.343
954000,0.050,0.601,0.349
954500,0.050,0.631,0.319
955000,0.050,0.609,0.341
955500,0.050,0.613,0.337
956000,0.050,0.596,0.354
956500,0.050,0.588,0.362
957000,0.050,0.552,0.397
957500,0.050,0.588,0.362
958000,0.050,0.614,0.336
958500,0.050,0.560,0.389
959000,0.050,0.641,0.308
959500,0.050,0.604,0.346
960000,0.050,0.556,0.393
960500,0.050,0.661,0.288
961000,0.050,0.603,0.347
961500,0.050,0.697,0.253
962000,0.050,0.650,0.300
962500,0.050,0.543,0.406
963000,0.050,0.571,0.379
963500,0.050,0.607,0.343
964000,0.050,0.669,0.280
964500,0.050,0.611,0.339
965000,0.050,0.619,0.331
965500,0.050,0.648,0.301
966000,0.050,0.541,0.408
966500,0.050,0.511,0.439
967000,0.050,0.564,0.386
967500,0.050,0.522,0.427
968000,0.050,0.581,0.369
968500,0.050,0.634,0.316
969000,0.050,0.594,0.356
969500,0.050,0.615,0.335
970000,0.050,0.584,0.366
970500,0.050,0.636,0.314
971000,0.050,0.635,0.315
971500,0.050,0.603,0.347
972000,0.050,0.593,0.357
972500,0.050,0.698,0.252
973000,0.050,0.695,0.255
973500,0.050,0.615,0.335
974000,0.050,0.625,0.325
974500,0.050,0.622,0.328
975000,0.050,0.651,0.299
975500,0.050,0.543,0.406
976000,0.050,0.570,0.380
976500,0.050,0.639,0.311
977000,0.050,0.625,0.325
977500,0.050,0.622,0.328
978000,0.050,0.627,0.323
978500,0.050,0.638,0.311
979000,0.050,0.624,0.326
979500,0.050,0.654,0.295
980000,0.050,0.696,0.254
980500,0.050,0.613,0.337
981000,0.050,0.663,0.287
981500,0.050,0.703,0.247
982000,0.050,0.659,0.291
982500,0.050,0.677,0.272
983000,0.050,0.719,0.231
983500,0.050,0.667,0.283
984000,0.050,0.538,0.412
984500,0.050,0.580,0.370
985000,0.050,0.679,0.270
985500,0.050,0.657,0.293
986000,0.050,0.748,0.202
986500,0.050,0.650,0.300
987000,0.050,0.614,0.336
987500,0.050,0.553,0.397
988000,0.050,0.576,0.374
988500,0.050,0.607,0.343
989000,0.050,0.536,0.414
989500,0.050,0.626,0.324
990000,0.050,0.584,0.366
990500,0.050,0.578,0.372
991000,0.050,0.620,0.330
991500,0.050,0.574,0.376
992000,0.050,0.628,0.322
992500,0.050,0.602,0.348
993000,0.050,0.648,0.302
993500,0.050,0.621,0.329
994000,0.050,0.611,0.339
994500,0.050,0.641,0.309
995000,0.050,0.694,0.256
995500,0.050,0.595,0.355
996000,0.050,0.540,0.410
996500,0.050,0.627,0.323
997000,0.050,0.580,0.370
997500,0.050,0.548,0.401
998000,0.050,0.673,0.276
998500,0.050,0.625,0.325
999000,0.050,0.618,0.332
999500,0.050,0.605,0.345
1000000,0.050,0.600,0.350
