time,n_A+p,n_B,n_AB
500,0.030,0.814,0.156
1000,0.030,0.686,0.284
1500,0.030,0.544,0.426
2000,0.030,0.531,0.439
2500,0.030,0.703,0.267
3000,0.030,0.574,0.396
3500,0.030,0.749,0.221
4000,0.030,0.804,0.166
4500,0.030,0.825,0.145
5000,0.030,0.562,0.408
5500,0.030,0.538,0.432
6000,0.030,0.669,0.301
6500,0.030,0.591,0.379
7000,0.030,0.503,0.467
7500,0.030,0.585,0.385
8000,0.030,0.545,0.425
8500,0.030,0.578,0.392
9000,0.030,0.535,0.435
9500,0.030,0.548,0.422
10000,0.030,0.475,0.495
10500,0.030,0.773,0.197
11000,0.030,0.644,0.326
11500,0.030,0.702,0.268
12000,0.030,0.560,0.410
12500,0.030,0.692,0.278
13000,0.030,0.601,0.369
13500,0.030,0.531,0.439
14000,0.030,0.682,0.288
14500,0.030,0.718,0.252
15000,0.030,0.728,0.242
15500,0.030,0.596,0.374
16000,0.030,0.508,0.462
16500,0.030,0.736,0.234
17000,0.030,0.687,0.283
17500,0.030,0.595,0.375
18000,0.030,0.825,0.145
18500,0.030,0.740,0.230
19000,0.030,0.630,0.340
19500,0.030,0.739,0.231
20000,0.030,0.526,0.444
20500,0.030,0.690,0.280
21000,0.030,0.673,0.297
21500,0.030,0.498,0.472
22000,0.030,0.452,0.518
22500,0.030,0.502,0.468
23000,0.030,0.599,0.371
23500,0.030,0.681,0.289
24000,0.030,0.691,0.279
24500,0.030,0.490,0.480
25000,0.030,0.615,0.355
25500,0.030,0.649,0.321
26000,0.030,0.472,0.498
26500,0.030,0.553,0.417
27000,0.030,0.848,0.122
27500,0.030,0.708,0.262
28000,0.030,0.786,0.184
28500,0.030,0.605,0.365
29000,0.030,0.756,0.214
29500,0.030,0.864,0.106
30000,0.030,0.846,0.124
30500,0.030,0.640,0.330
31000,0.030,0.624,0.346
31500,0.030,0.757,0.213
32000,0.030,0.653,0.317
32500,0.030,0.598,0.372
33000,0.030,0.548,0.422
33500,0.030,0.689,0.281
34000,0.030,0.482,0.488
34500,0.030,0.630,0.340
35000,0.030,0.754,0.216
35500,0.030,0.676,0.294
36000,0.030,0.737,0.233
36500,0.030,0.615,0.355
37000,0.030,0.533,0.437
37500,0.030,0.536,0.434
38000,0.030,0.624,0.346
38500,0.030,0.519,0.451
39000,0.030,0.595,0.375
39500,0.030,0.699,0.271
40000,0.030,0.703,0.267
40500,0.030,0.804,0.166
41000,0.030,0.780,0.190
41500,0.030,0.652,0.318
42000,0.030,0.657,0.313
42500,0.030,0.763,0.207
43000,0.030,0.782,0.188
43500,0.030,0.627,0.343
44000,0.030,0.516,0.454
44500,0.030,0.606,0.364
45000,0.030,0.665,0.305
45500,0.030,0.822,0.148
46000,0.030,0.644,0.326
46500,0.030,0.505,0.465
47000,0.030,0.692,0.278
47500,0.030,0.586,0.384
48000,0.030,0.540,0.430
48500,0.030,0.717,0.253
49000,0.030,0.646,0.324
49500,0.030,0.593,0.377
50000,0.030,0.491,0.479
50500,0.030,0.743,0.227
51000,0.030,0.716,0.254
51500,0.030,0.818,0.152
52000,0.030,0.452,0.518
52500,0.030,0.597,0.373
53000,0.030,0.755,0.215
53500,0.030,0.585,0.385
54000,0.030,0.593,0.377
54500,0.030,0.605,0.365
55000,0.030,0.707,0.263
55500,0.030,0.665,0.305
56000,0.030,0.586,0.384
56500,0.030,0.426,0.544
57000,0.030,0.714,0.256
57500,0.030,0.687,0.283
58000,0.030,0.680,0.290
58500,0.030,0.701,0.269
59000,0.030,0.685,0.285
59500,0.030,0.561,0.409
60000,0.030,0.703,0.267
60500,0.030,0.564,0.406
61000,0.030,0.653,0.317
61500,0.030,0.629,0.341
62000,0.030,0.773,0.197
62500,0.030,0.644,0.326
63000,0.030,0.741,0.229
63500,0.030,0.644,0.326
64000,0.030,0.438,0.532
64500,0.030,0.623,0.347
65000,0.030,0.780,0.190
65500,0.030,0.670,0.300
66000,0.030,0.620,0.350
66500,0.030,0.735,0.235
67000,0.030,0.518,0.452
67500,0.030,0.451,0.519
68000,0.030,0.711,0.259
68500,0.030,0.477,0.493
69000,0.030,0.634,0.336
69500,0.030,0.659,0.311
70000,0.030,0.598,0.372
70500,0.030,0.524,0.446
71000,0.030,0.662,0.308
71500,0.030,0.607,0.363
72000,0.030,0.781,0.189
72500,0.030,0.566,0.404
73000,0.030,0.481,0.489
73500,0.030,0.545,0.425
74000,0.030,0.591,0.379
74500,0.030,0.520,0.450
75000,0.030,0.504,0.466
75500,0.030,0.558,0.412
76000,0.030,0.510,0.460
76500,0.030,0.549,0.421
77000,0.030,0.650,0.320
77500,0.030,0.790,0.180
78000,0.030,0.737,0.233
78500,0.030,0.720,0.250
79000,0.030,0.594,0.376
79500,0.030,0.551,0.419
80000,0.030,0.465,0.505
80500,0.030,0.620,0.350
81000,0.030,0.619,0.351
81500,0.030,0.471,0.499
82000,0.030,0.641,0.329
82500,0.030,0.669,0.301
83000,0.030,0.523,0.447
83500,0.030,0.650,0.320
84000,0.030,0.702,0.268
84500,0.030,0.785,0.185
85000,0.030,0.673,0.297
85500,0.030,0.494,0.476
86000,0.030,0.837,0.133
86500,0.030,0.705,0.265
87000,0.030,0.681,0.289
87500,0.030,0.485,0.485
88000,0.030,0.661,0.309
88500,0.030,0.441,0.529
89000,0.030,0.649,0.321
89500,0.030,0.680,0.290
90000,0.030,0.659,0.311
90500,0.030,0.638,0.332
91000,0.030,0.639,0.331
91500,0.030,0.614,0.356
92000,0.030,0.511,0.459
92500,0.030,0.645,0.325
93000,0.030,0.567,0.403
93500,0.030,0.572,0.398
94000,0.030,0.681,0.289
94500,0.030,0.639,0.331
95000,0.030,0.675,0.295
95500,0.030,0.717,0.253
96000,0.030,0.472,0.498
96500,0.030,0.553,0.417
97000,0.030,0.603,0.367
97500,0.030,0.589,0.381
98000,0.030,0.579,0.391
98500,0.030,0.654,0.316
99000,0.030,0.721,0.249
99500,0.030,0.560,0.410
100000,0.030,0.599,0.371
100500,0.030,0.636,0.334
101000,0.030,0.634,0.336
101500,0.030,0.548,0.422
102000,0.030,0.742,0.228
102500,0.030,0.774,0.196
103000,0.030,0.549,0.421
103500,0.030,0.796,0.174
104000,0.030,0.764,0.206
104500,0.030,0.685,0.285
105000,0.030,0.548,0.422
105500,0.030,0.521,0.449
106000,0.030,0.716,0.254
106500,0.030,0.611,0.359
107000,0.030,0.499,0.471
107500,0.030,0.615,0.355
108000,0.030,0.546,0.424
108500,0.030,0.508,0.462
109000,0.030,0.820,0.150
109500,0.030,0.730,0.240
110000,0.030,0.805,0.165
110500,0.030,0.614,0.356
111000,0.030,0.732,0.238
111500,0.030,0.607,0.363
112000,0.030,0.636,0.334
112500,0.030,0.648,0.322
113000,0.030,0.712,0.258
113500,0.030,0.577,0.393
114000,0.030,0.772,0.198
114500,0.030,0.659,0.311
115000,0.030,0.628,0.342
115500,0.030,0.634,0.336
116000,0.030,0.590,0.380
116500,0.030,0.737,0.233
117000,0.030,0.730,0.240
117500,0.030,0.729,0.241
118000,0.030,0.567,0.403
118500,0.030,0.707,0.263
119000,0.030,0.786,0.184
119500,0.030,0.725,0.245
120000,0.030,0.555,0.415
120500,0.030,0.643,0.327
121000,0.030,0.508,0.462
121500,0.030,0.417,0.553
122000,0.030,0.637,0.333
122500,0.030,0.653,0.317
123000,0.030,0.669,0.301
123500,0.030,0.487,0.483
124000,0.030,0.568,0.402
124500,0.030,0.635,0.335
125000,0.030,0.666,0.304
125500,0.030,0.614,0.356
126000,0.030,0.620,0.350
126500,0.030,0.648,0.322
127000,0.030,0.584,0.386
127500,0.030,0.711,0.259
128000,0.030,0.590,0.380
128500,0.030,0.578,0.392
129000,0.030,0.763,0.207
129500,0.030,0.762,0.208
130000,0.030,0.690,0.280
130500,0.030,0.613,0.357
131000,0.030,0.659,0.311
131500,0.030,0.527,0.443
132000,0.030,0.726,0.244
132500,0.030,0.531,0.439
133000,0.030,0.664,0.306
133500,0.030,0.699,0.271
134000,0.030,0.575,0.395
134500,0.030,0.706,0.264
135000,0.030,0.654,0.316
135500,0.030,0.733,0.237
136000,0.030,0.560,0.410
136500,0.030,0.685,0.285
137000,0.030,0.308,0.662
137500,0.030,0.497,0.473
138000,0.030,0.584,0.386
138500,0.030,0.710,0.260
139000,0.030,0.784,0.186
139500,0.030,0.622,0.348
140000,0.030,0.591,0.379
140500,0.030,0.723,0.247
141000,0.030,0.672,0.298
141500,0.030,0.697,0.273
142000,0.030,0.553,0.417
142500,0.030,0.716,0.254
143000,0.030,0.548,0.422
143500,0.030,0.379,0.591
144000,0.030,0.535,0.435
144500,0.030,0.545,0.425
145000,0.030,0.661,0.309
145500,0.030,0.692,0.278
146000,0.030,0.657,0.313
146500,0.030,0.547,0.423
147000,0.030,0.707,0.263
147500,0.030,0.669,0.301
148000,0.030,0.604,0.366
148500,0.030,0.464,0.506
149000,0.030,0.653,0.317
149500,0.030,0.522,0.448
150000,0.030,0.605,0.365
150500,0.030,0.633,0.337
151000,0.030,0.459,0.511
151500,0.030,0.523,0.447
152000,0.030,0.503,0.467
152500,0.030,0.472,0.498
153000,0.030,0.695,0.275
153500,0.030,0.485,0.485
154000,0.030,0.679,0.291
154500,0.030,0.582,0.388
155000,0.030,0.410,0.560
155500,0.030,0.664,0.306
156000,0.030,0.721,0.249
156500,0.030,0.732,0.238
157000,0.030,0.702,0.268
157500,0.030,0.669,0.301
158000,0.030,0.385,0.585
158500,0.030,0.690,0.280
159000,0.030,0.514,0.456
159500,0.030,0.512,0.458
160000,0.030,0.680,0.290
160500,0.030,0.492,0.478
161000,0.030,0.508,0.462
161500,0.030,0.631,0.339
162000,0.030,0.680,0.290
162500,0.030,0.704,0.266
163000,0.030,0.550,0.420
163500,0.030,0.505,0.465
164000,0.030,0.552,0.418
164500,0.030,0.744,0.226
165000,0.030,0.652,0.318
165500,0.030,0.515,0.455
166000,0.030,0.584,0.386
166500,0.030,0.541,0.429
167000,0.030,0.636,0.334
167500,0.030,0.633,0.337
168000,0.030,0.645,0.325
168500,0.030,0.605,0.365
169000,0.030,0.573,0.397
169500,0.030,0.592,0.378
170000,0.030,0.715,0.255
170500,0.030,0.616,0.354
171000,0.030,0.549,0.421
171500,0.030,0.516,0.454
172000,0.030,0.719,0.251
172500,0.030,0.367,0.603
173000,0.030,0.774,0.196
173500,0.030,0.586,0.384
174000,0.030,0.506,0.464
174500,0.030,0.629,0.341
175000,0.030,0.544,0.426
175500,0.030,0.603,0.367
176000,0.030,0.591,0.379
176500,0.030,0.569,0.401
177000,0.030,0.546,0.424
177500,0.030,0.767,0.203
178000,0.030,0.562,0.408
178500,0.030,0.631,0.339
179000,0.030,0.583,0.387
179500,0.030,0.467,0.503
180000,0.030,0.822,0.148
180500,0.030,0.601,0.369
181000,0.030,0.683,0.287
181500,0.030,0.711,0.259
182000,0.030,0.640,0.330
182500,0.030,0.737,0.233
183000,0.030,0.694,0.276
183500,0.030,0.596,0.374
184000,0.030,0.444,0.526
184500,0.030,0.463,0.507
185000,0.030,0.699,0.271
185500,0.030,0.716,0.254
186000,0.030,0.482,0.488
186500,0.030,0.635,0.335
187000,0.030,0.618,0.352
187500,0.030,0.534,0.436
188000,0.030,0.649,0.321
188500,0.030,0.652,0.318
189000,0.030,0.741,0.229
189500,0.030,0.671,0.299
190000,0.030,0.564,0.406
190500,0.030,0.671,0.299
191000,0.030,0.664,0.306
191500,0.030,0.614,0.356
192000,0.030,0.612,0.358
192500,0.030,0.560,0.410
193000,0.030,0.534,0.436
193500,0.030,0.619,0.351
194000,0.030,0.682,0.288
194500,0.030,0.667,0.303
195000,0.030,0.615,0.355
195500,0.030,0.714,0.256
196000,0.030,0.699,0.271
196500,0.030,0.828,0.142
197000,0.030,0.581,0.389
197500,0.030,0.640,0.330
198000,0.030,0.767,0.203
198500,0.030,0.554,0.416
199000,0.030,0.628,0.342
199500,0.030,0.595,0.375
200000,0.030,0.599,0.371
200500,0.030,0.571,0.399
201000,0.030,0.762,0.208
201500,0.030,0.843,0.127
202000,0.030,0.773,0.197
202500,0.030,0.562,0.408
203000,0.030,0.768,0.202
203500,0.030,0.498,0.472
204000,0.030,0.613,0.357
204500,0.030,0.474,0.496
205000,0.030,0.541,0.429
205500,0.030,0.714,0.256
206000,0.030,0.460,0.510
206500,0.030,0.524,0.446
207000,0.030,0.595,0.375
207500,0.030,0.739,0.231
208000,0.030,0.645,0.325
208500,0.030,0.672,0.298
209000,0.030,0.547,0.423
209500,0.030,0.685,0.285
210000,0.030,0.597,0.373
210500,0.030,0.402,0.568
211000,0.030,0.553,0.417
211500,0.030,0.614,0.356
212000,0.030,0.525,0.445
212500,0.030,0.573,0.397
213000,0.030,0.453,0.517
213500,0.030,0.529,0.441
214000,0.030,0.672,0.298
214500,0.030,0.591,0.379
215000,0.030,0.747,0.223
215500,0.030,0.668,0.302
216000,0.030,0.593,0.377
216500,0.030,0.715,0.255
217000,0.030,0.611,0.359
217500,0.030,0.486,0.484
218000,0.030,0.591,0.379
218500,0.030,0.665,0.305
219000,0.030,0.491,0.479
219500,0.030,0.591,0.379
220000,0.030,0.516,0.454
220500,0.030,0.647,0.323
221000,0.030,0.726,0.244
221500,0.030,0.674,0.296
222000,0.030,0.569,0.401
222500,0.030,0.810,0.160
223000,0.030,0.759,0.211
223500,0.030,0.667,0.303
224000,0.030,0.578,0.392
224500,0.030,0.743,0.227
225000,0.030,0.527,0.443
225500,0.030,0.661,0.309
226000,0.030,0.705,0.265
226500,0.030,0.660,0.310
227000,0.030,0.811,0.159
227500,0.030,0.606,0.364
228000,0.030,0.572,0.398
228500,0.030,0.514,0.456
229000,0.030,0.651,0.319
229500,0.030,0.697,0.273
230000,0.030,0.550,0.420
230500,0.030,0.685,0.285
231000,0.030,0.544,0.426
231500,0.030,0.431,0.539
232000,0.030,0.569,0.401
232500,0.030,0.564,0.406
233000,0.030,0.581,0.389
233500,0.030,0.669,0.301
234000,0.030,0.657,0.313
234500,0.030,0.772,0.198
235000,0.030,0.508,0.462
235500,0.030,0.598,0.372
236000,0.030,0.685,0.285
236500,0.030,0.632,0.338
237000,0.030,0.606,0.364
237500,0.030,0.638,0.332
238000,0.030,0.848,0.122
238500,0.030,0.682,0.288
239000,0.030,0.623,0.347
239500,0.030,0.561,0.409
240000,0.030,0.644,0.326
240500,0.030,0.812,0.158
241000,0.030,0.757,0.213
241500,0.030,0.623,0.347
242000,0.030,0.750,0.220
242500,0.030,0.618,0.352
243000,0.030,0.571,0.399
243500,0.030,0.621,0.349
244000,0.030,0.818,0.152
244500,0.030,0.503,0.467
245000,0.030,0.600,0.370
245500,0.030,0.645,0.325
246000,0.030,0.666,0.304
246500,0.030,0.537,0.433
247000,0.030,0.517,0.453
247500,0.030,0.556,0.414
248000,0.030,0.705,0.265
248500,0.030,0.614,0.356
249000,0.030,0.438,0.532
249500,0.030,0.712,0.258
250000,0.030,0.740,0.230
250500,0.030,0.568,0.402
251000,0.030,0.458,0.512
251500,0.030,0.463,0.507
252000,0.030,0.643,0.327
252500,0.030,0.712,0.258
253000,0.030,0.590,0.380
253500,0.030,0.777,0.193
254000,0.030,0.704,0.266
254500,0.030,0.615,0.355
255000,0.030,0.745,0.225
255500,0.030,0.622,0.348
256000,0.030,0.746,0.224
256500,0.030,0.566,0.404
257000,0.030,0.615,0.355
257500,0.030,0.690,0.280
258000,0.030,0.631,0.339
258500,0.030,0.527,0.443
259000,0.030,0.631,0.339
259500,0.030,0.660,0.310
260000,0.030,0.592,0.378
260500,0.030,0.671,0.299
261000,0.030,0.758,0.212
261500,0.030,0.592,0.378
262000,0.030,0.493,0.477
262500,0.030,0.655,0.315
263000,0.030,0.593,0.377
263500,0.030,0.551,0.419
264000,0.030,0.444,0.526
264500,0.030,0.437,0.533
265000,0.030,0.499,0.471
265500,0.030,0.630,0.340
266000,0.030,0.553,0.417
266500,0.030,0.536,0.434
267000,0.030,0.517,0.453
267500,0.030,0.623,0.347
268000,0.030,0.615,0.355
268500,0.030,0.646,0.324
269000,0.030,0.428,0.542
269500,0.030,0.714,0.256
270000,0.030,0.646,0.324
270500,0.030,0.624,0.346
271000,0.030,0.656,0.314
271500,0.030,0.594,0.376
272000,0.030,0.606,0.364
272500,0.030,0.635,0.335
273000,0.030,0.599,0.371
273500,0.030,0.646,0.324
274000,0.030,0.536,0.434
274500,0.030,0.618,0.352
275000,0.030,0.487,0.483
275500,0.030,0.508,0.462
276000,0.030,0.746,0.224
276500,0.030,0.670,0.300
277000,0.030,0.714,0.256
277500,0.030,0.639,0.331
278000,0.030,0.649,0.321
278500,0.030,0.635,0.335
279000,0.030,0.589,0.381
279500,0.030,0.719,0.251
280000,0.030,0.604,0.366
280500,0.030,0.593,0.377
281000,0.030,0.512,0.458
281500,0.030,0.481,0.489
282000,0.030,0.672,0.298
282500,0.030,0.644,0.326
283000,0.030,0.707,0.263
283500,0.030,0.676,0.294
284000,0.030,0.738,0.232
284500,0.030,0.549,0.421
285000,0.030,0.635,0.335
285500,0.030,0.590,0.380
286000,0.030,0.606,0.364
286500,0.030,0.689,0.281
287000,0.030,0.592,0.378
287500,0.030,0.520,0.450
288000,0.030,0.579,0.391
288500,0.030,0.700,0.270
289000,0.030,0.561,0.409
289500,0.030,0.635,0.335
290000,0.030,0.689,0.281
290500,0.030,0.564,0.406
291000,0.030,0.683,0.287
291500,0.030,0.579,0.391
292000,0.030,0.612,0.358
292500,0.030,0.788,0.182
293000,0.030,0.495,0.475
293500,0.030,0.641,0.329
294000,0.030,0.663,0.307
294500,0.030,0.739,0.231
295000,0.030,0.768,0.202
295500,0.030,0.501,0.469
296000,0.030,0.493,0.477
296500,0.030,0.593,0.377
297000,0.030,0.561,0.409
297500,0.030,0.523,0.447
298000,0.030,0.610,0.360
298500,0.030,0.540,0.430
299000,0.030,0.650,0.320
299500,0.030,0.627,0.343
300000,0.030,0.613,0.357
300500,0.030,0.792,0.178
301000,0.030,0.701,0.269
301500,0.030,0.802,0.168
302000,0.030,0.772,0.198
302500,0.030,0.673,0.297
303000,0.030,0.519,0.451
303500,0.030,0.604,0.366
304000,0.030,0.614,0.356
304500,0.030,0.671,0.299
305000,0.030,0.776,0.194
305500,0.030,0.804,0.166
306000,0.030,0.806,0.164
306500,0.030,0.795,0.175
307000,0.030,0.457,0.513
307500,0.030,0.703,0.267
308000,0.030,0.505,0.465
308500,0.030,0.749,0.221
309000,0.030,0.612,0.358
309500,0.030,0.798,0.172
310000,0.030,0.798,0.172
310500,0.030,0.585,0.385
311000,0.030,0.806,0.164
311500,0.030,0.757,0.213
312000,0.030,0.612,0.358
312500,0.030,0.615,0.355
313000,0.030,0.485,0.485
313500,0.030,0.534,0.436
314000,0.030,0.402,0.568
314500,0.030,0.534,0.436
315000,0.030,0.368,0.602
315500,0.030,0.722,0.248
316000,0.030,0.629,0.341
316500,0.030,0.561,0.409
317000,0.030,0.678,0.292
317500,0.030,0.553,0.417
318000,0.030,0.626,0.344
318500,0.030,0.595,0.375
319000,0.030,0.675,0.295
319500,0.030,0.471,0.499
320000,0.030,0.642,0.328
320500,0.030,0.534,0.436
321000,0.030,0.687,0.283
321500,0.030,0.494,0.476
322000,0.030,0.558,0.412
322500,0.030,0.667,0.303
323000,0.030,0.638,0.332
323500,0.030,0.488,0.482
324000,0.030,0.627,0.343
324500,0.030,0.532,0.438
325000,0.030,0.545,0.425
325500,0.030,0.739,0.231
326000,0.030,0.722,0.248
326500,0.030,0.737,0.233
327000,0.030,0.802,0.168
327500,0.030,0.661,0.309
328000,0.030,0.626,0.344
328500,0.030,0.666,0.304
329000,0.030,0.534,0.436
329500,0.030,0.496,0.474
330000,0.030,0.615,0.355
330500,0.030,0.582,0.388
331000,0.030,0.515,0.455
331500,0.030,0.740,0.230
332000,0.030,0.593,0.377
332500,0.030,0.741,0.229
333000,0.030,0.452,0.518
333500,0.030,0.506,0.464
334000,0.030,0.449,0.521
334500,0.030,0.628,0.342
335000,0.030,0.465,0.505
335500,0.030,0.682,0.288
336000,0.030,0.680,0.290
336500,0.030,0.577,0.393
337000,0.030,0.602,0.368
337500,0.030,0.654,0.316
338000,0.030,0.558,0.412
338500,0.030,0.641,0.329
339000,0.030,0.733,0.237
339500,0.030,0.803,0.167
340000,0.030,0.711,0.259
340500,0.030,0.598,0.372
341000,0.030,0.663,0.307
341500,0.030,0.715,0.255
342000,0.030,0.516,0.454
342500,0.030,0.529,0.441
343000,0.030,0.712,0.258
343500,0.030,0.572,0.398
344000,0.030,0.708,0.262
344500,0.030,0.540,0.430
345000,0.030,0.609,0.361
345500,0.030,0.660,0.310
346000,0.030,0.592,0.378
346500,0.030,0.654,0.316
347000,0.030,0.698,0.272
347500,0.030,0.576,0.394
348000,0.030,0.506,0.464
348500,0.030,0.578,0.392
349000,0.030,0.685,0.285
349500,0.030,0.765,0.205
350000,0.030,0.647,0.323
350500,0.030,0.662,0.308
351000,0.030,0.659,0.311
351500,0.030,0.525,0.445
352000,0.030,0.655,0.315
352500,0.030,0.670,0.300
353000,0.030,0.642,0.328
353500,0.030,0.523,0.447
354000,0.030,0.643,0.327
354500,0.030,0.730,0.240
355000,0.030,0.656,0.314
355500,0.030,0.345,0.625
356000,0.030,0.571,0.399
356500,0.030,0.639,0.331
357000,0.030,0.414,0.556
357500,0.030,0.628,0.342
358000,0.030,0.606,0.364
358500,0.030,0.578,0.392
359000,0.030,0.591,0.379
359500,0.030,0.541,0.429
360000,0.030,0.752,0.218
360500,0.030,0.791,0.179
361000,0.030,0.603,0.367
361500,0.030,0.693,0.277
362000,0.030,0.603,0.367
362500,0.030,0.486,0.484
363000,0.030,0.771,0.199
363500,0.030,0.684,0.286
364000,0.030,0.684,0.286
364500,0.030,0.635,0.335
365000,0.030,0.572,0.398
365500,0.030,0.541,0.429
366000,0.030,0.559,0.411
366500,0.030,0.565,0.405
367000,0.030,0.608,0.362
367500,0.030,0.578,0.392
368000,0.030,0.683,0.287
368500,0.030,0.718,0.252
369000,0.030,0.595,0.375
369500,0.030,0.507,0.463
370000,0.030,0.582,0.388
370500,0.030,0.630,0.340
371000,0.030,0.586,0.384
371500,0.030,0.765,0.205
372000,0.030,0.571,0.399
372500,0.030,0.489,0.481
373000,0.030,0.685,0.285
373500,0.030,0.569,0.401
374000,0.030,0.850,0.120
374500,0.030,0.683,0.287
375000,0.030,0.755,0.215
375500,0.030,0.632,0.338
376000,0.030,0.600,0.370
376500,0.030,0.597,0.373
377000,0.030,0.617,0.353
377500,0.030,0.648,0.322
378000,0.030,0.580,0.390
378500,0.030,0.382,0.588
379000,0.030,0.552,0.418
379500,0.030,0.542,0.428
380000,0.030,0.519,0.451
380500,0.030,0.649,0.321
381000,0.030,0.653,0.317
381500,0.030,0.566,0.404
382000,0.030,0.571,0.399
382500,0.030,0.697,0.273
383000,0.030,0.713,0.257
383500,0.030,0.725,0.245
384000,0.030,0.576,0.394
384500,0.030,0.584,0.386
385000,0.030,0.700,0.270
385500,0.030,0.740,0.230
386000,0.030,0.478,0.492
386500,0.030,0.572,0.398
387000,0.030,0.601,0.369
387500,0.030,0.629,0.341
388000,0.030,0.801,0.169
388500,0.030,0.720,0.250
389000,0.030,0.794,0.176
389500,0.030,0.755,0.215
390000,0.030,0.483,0.487
390500,0.030,0.672,0.298
391000,0.030,0.844,0.126
391500,0.030,0.567,0.403
392000,0.030,0.585,0.385
392500,0.030,0.609,0.361
393000,0.030,0.584,0.386
393500,0.030,0.628,0.342
394000,0.030,0.626,0.344
394500,0.030,0.516,0.454
395000,0.030,0.683,0.287
395500,0.030,0.613,0.357
396000,0.030,0.705,0.265
396500,0.030,0.517,0.453
397000,0.030,0.696,0.274
397500,0.030,0.502,0.468
398000,0.030,0.621,0.349
398500,0.030,0.661,0.309
399000,0.030,0.608,0.362
399500,0.030,0.568,0.402
400000,0.030,0.534,0.436
400500,0.030,0.637,0.333
401000,0.030,0.687,0.283
401500,0.030,0.675,0.295
402000,0.030,0.669,0.301
402500,0.030,0.457,0.513
403000,0.030,0.484,0.486
403500,0.030,0.669,0.301
404000,0.030,0.763,0.207
404500,0.030,0.790,0.180
405000,0.030,0.652,0.318
405500,0.030,0.600,0.370
406000,0.030,0.564,0.406
406500,0.030,0.699,0.271
407000,0.030,0.549,0.421
407500,0.030,0.696,0.274
408000,0.030,0.755,0.215
408500,0.030,0.700,0.270
409000,0.030,0.693,0.277
409500,0.030,0.702,0.268
410000,0.030,0.593,0.377
410500,0.030,0.558,0.412
411000,0.030,0.672,0.298
411500,0.030,0.474,0.496
412000,0.030,0.590,0.380
412500,0.030,0.576,0.394
413000,0.030,0.610,0.360
413500,0.030,0.648,0.322
414000,0.030,0.597,0.373
414500,0.030,0.627,0.343
415000,0.030,0.737,0.233
415500,0.030,0.703,0.267
416000,0.030,0.536,0.434
416500,0.030,0.758,0.212
417000,0.030,0.710,0.260
417500,0.030,0.595,0.375
418000,0.030,0.597,0.373
418500,0.030,0.635,0.335
419000,0.030,0.512,0.458
419500,0.030,0.617,0.353
420000,0.030,0.467,0.503
420500,0.030,0.546,0.424
421000,0.030,0.518,0.452
421500,0.030,0.468,0.502
422000,0.030,0.659,0.311
422500,0.030,0.625,0.345
423000,0.030,0.568,0.402
423500,0.030,0.704,0.266
424000,0.030,0.644,0.326
424500,0.030,0.445,0.525
425000,0.030,0.701,0.269
425500,0.030,0.483,0.487
426000,0.030,0.628,0.342
426500,0.030,0.598,0.372
427000,0.030,0.692,0.278
427500,0.030,0.580,0.390
428000,0.030,0.607,0.363
428500,0.030,0.709,0.261
429000,0.030,0.588,0.382
429500,0.030,0.604,0.366
430000,0.030,0.691,0.279
430500,0.030,0.592,0.378
431000,0.030,0.744,0.226
431500,0.030,0.521,0.449
432000,0.030,0.585,0.385
432500,0.030,0.657,0.313
433000,0.030,0.659,0.311
433500,0.030,0.488,0.482
434000,0.030,0.466,0.504
434500,0.030,0.658,0.312
435000,0.030,0.372,0.598
435500,0.030,0.628,0.342
436000,0.030,0.563,0.407
436500,0.030,0.625,0.345
437000,0.030,0.794,0.176
437500,0.030,0.649,0.321
438000,0.030,0.722,0.248
438500,0.030,0.610,0.360
439000,0.030,0.519,0.451
439500,0.030,0.472,0.498
440000,0.030,0.440,0.530
440500,0.030,0.555,0.415
441000,0.030,0.664,0.306
441500,0.030,0.439,0.531
442000,0.030,0.527,0.443
442500,0.030,0.572,0.398
443000,0.030,0.562,0.408
443500,0.030,0.601,0.369
444000,0.030,0.613,0.357
444500,0.030,0.581,0.389
445000,0.030,0.646,0.324
445500,0.030,0.538,0.432
446000,0.030,0.524,0.446
446500,0.030,0.685,0.285
447000,0.030,0.621,0.349
447500,0.030,0.657,0.313
448000,0.030,0.578,0.392
448500,0.030,0.534,0.436
449000,0.030,0.771,0.199
449500,0.030,0.681,0.289
450000,0.030,0.818,0.152
450500,0.030,0.590,0.380
451000,0.030,0.657,0.313
451500,0.030,0.482,0.488
452000,0.030,0.511,0.459
452500,0.030,0.605,0.365
453000,0.030,0.720,0.250
453500,0.030,0.605,0.365
454000,0.030,0.555,0.415
454500,0.030,0.619,0.351
455000,0.030,0.662,0.308
455500,0.030,0.547,0.423
456000,0.030,0.552,0.418
456500,0.030,0.555,0.415
457000,0.030,0.688,0.282
457500,0.030,0.591,0.379
458000,0.030,0.407,0.563
458500,0.030,0.562,0.408
459000,0.030,0.750,0.220
459500,0.030,0.645,0.325
460000,0.030,0.632,0.338
460500,0.030,0.705,0.265
461000,0.030,0.801,0.169
461500,0.030,0.612,0.358
462000,0.030,0.595,0.375
462500,0.030,0.594,0.376
463000,0.030,0.548,0.422
463500,0.030,0.581,0.389
464000,0.030,0.757,0.213
464500,0.030,0.745,0.225
465000,0.030,0.683,0.287
465500,0.030,0.579,0.391
466000,0.030,0.562,0.408
466500,0.030,0.481,0.489
467000,0.030,0.489,0.481
467500,0.030,0.731,0.239
468000,0.030,0.755,0.215
468500,0.030,0.586,0.384
469000,0.030,0.725,0.245
469500,0.030,0.787,0.183
470000,0.030,0.540,0.430
470500,0.030,0.725,0.245
471000,0.030,0.600,0.370
471500,0.030,0.619,0.351
472000,0.030,0.629,0.341
472500,0.030,0.633,0.337
473000,0.030,0.622,0.348
473500,0.030,0.682,0.288
474000,0.030,0.761,0.209
474500,0.030,0.717,0.253
475000,0.030,0.439,0.531
475500,0.030,0.664,0.306
476000,0.030,0.608,0.362
476500,0.030,0.518,0.452
477000,0.030,0.617,0.353
477500,0.030,0.383,0.587
478000,0.030,0.707,0.263
478500,0.030,0.795,0.175
479000,0.030,0.733,0.237
479500,0.030,0.639,0.331
480000,0.030,0.561,0.409
480500,0.030,0.743,0.227
481000,0.030,0.631,0.339
481500,0.030,0.631,0.339
482000,0.030,0.684,0.286
482500,0.030,0.559,0.411
483000,0.030,0.724,0.246
483500,0.030,0.576,0.394
484000,0.030,0.600,0.370
484500,0.030,0.695,0.275
485000,0.030,0.555,0.415
485500,0.030,0.562,0.408
486000,0.030,0.571,0.399
486500,0.030,0.719,0.251
487000,0.030,0.614,0.356
487500,0.030,0.628,0.342
488000,0.030,0.704,0.266
488500,0.030,0.747,0.223
489000,0.030,0.443,0.527
489500,0.030,0.496,0.474
490000,0.030,0.618,0.352
490500,0.030,0.638,0.332
491000,0.030,0.591,0.379
491500,0.030,0.407,0.563
492000,0.030,0.718,0.252
492500,0.030,0.498,0.472
493000,0.030,0.386,0.584
493500,0.030,0.548,0.422
494000,0.030,0.608,0.362
494500,0.030,0.654,0.316
495000,0.030,0.625,0.345
495500,0.030,0.681,0.289
496000,0.030,0.707,0.263
496500,0.030,0.690,0.280
497000,0.030,0.618,0.352
497500,0.030,0.646,0.324
498000,0.030,0.609,0.361
498500,0.030,0.603,0.367
499000,0.030,0.619,0.351
499500,0.030,0.509,0.461
500000,0.030,0.723,0.247
500500,0.030,0.667,0.303
501000,0.030,0.548,0.422
501500,0.030,0.646,0.324
502000,0.030,0.809,0.161
502500,0.030,0.741,0.229
503000,0.030,0.637,0.333
503500,0.030,0.374,0.596
504000,0.030,0.673,0.297
504500,0.030,0.518,0.452
505000,0.030,0.723,0.247
505500,0.030,0.795,0.175
506000,0.030,0.569,0.401
506500,0.030,0.771,0.199
507000,0.030,0.480,0.490
507500,0.030,0.643,0.327
508000,0.030,0.743,0.227
508500,0.030,0.521,0.449
509000,0.030,0.665,0.305
509500,0.030,0.665,0.305
510000,0.030,0.671,0.299
510500,0.030,0.389,0.581
511000,0.030,0.680,0.290
511500,0.030,0.666,0.304
512000,0.030,0.677,0.293
512500,0.030,0.650,0.320
513000,0.030,0.544,0.426
513500,0.030,0.567,0.403
514000,0.030,0.670,0.300
514500,0.030,0.517,0.453
515000,0.030,0.473,0.497
515500,0.030,0.725,0.245
516000,0.030,0.846,0.124
516500,0.030,0.662,0.308
517000,0.030,0.603,0.367
517500,0.030,0.494,0.476
518000,0.030,0.645,0.325
518500,0.030,0.732,0.238
519000,0.030,0.589,0.381
519500,0.030,0.600,0.370
520000,0.030,0.572,0.398
520500,0.030,0.672,0.298
521000,0.030,0.595,0.375
521500,0.030,0.724,0.246
522000,0.030,0.542,0.428
522500,0.030,0.460,0.510
523000,0.030,0.649,0.321
523500,0.030,0.625,0.345
524000,0.030,0.750,0.220
524500,0.030,0.687,0.283
525000,0.030,0.724,0.246
525500,0.030,0.633,0.337
526000,0.030,0.628,0.342
526500,0.030,0.693,0.277
527000,0.030,0.620,0.350
527500,0.030,0.531,0.439
528000,0.030,0.666,0.304
528500,0.030,0.559,0.411
529000,0.030,0.675,0.295
529500,0.030,0.462,0.508
530000,0.030,0.717,0.253
530500,0.030,0.555,0.415
531000,0.030,0.735,0.235
531500,0.030,0.776,0.194
532000,0.030,0.603,0.367
532500,0.030,0.486,0.484
533000,0.030,0.651,0.319
533500,0.030,0.424,0.546
534000,0.030,0.723,0.247
534500,0.030,0.402,0.568
535000,0.030,0.532,0.438
535500,0.030,0.512,0.458
536000,0.030,0.814,0.156
536500,0.030,0.418,0.552
537000,0.030,0.630,0.340
537500,0.030,0.548,0.422
538000,0.030,0.716,0.254
538500,0.030,0.772,0.198
539000,0.030,0.737,0.233
539500,0.030,0.613,0.357
540000,0.030,0.569,0.401
540500,0.030,0.595,0.375
541000,0.030,0.713,0.257
541500,0.030,0.725,0.245
542000,0.030,0.640,0.330
542500,0.030,0.449,0.521
543000,0.030,0.604,0.366
543500,0.030,0.659,0.311
544000,0.030,0.699,0.271
544500,0.030,0.576,0.394
545000,0.030,0.619,0.351
545500,0.030,0.701,0.269
546000,0.030,0.545,0.425
546500,0.030,0.516,0.454
547000,0.030,0.532,0.438
547500,0.030,0.596,0.374
548000,0.030,0.773,0.197
548500,0.030,0.572,0.398
549000,0.030,0.765,0.205
549500,0.030,0.662,0.308
550000,0.030,0.726,0.244
550500,0.030,0.682,0.288
551000,0.030,0.688,0.282
551500,0.030,0.568,0.402
552000,0.030,0.624,0.346
552500,0.030,0.611,0.359
553000,0.030,0.763,0.207
553500,0.030,0.550,0.420
554000,0.030,0.610,0.360
554500,0.030,0.655,0.315
555000,0.030,0.662,0.308
555500,0.030,0.651,0.319
556000,0.030,0.548,0.422
556500,0.030,0.667,0.303
557000,0.030,0.455,0.515
557500,0.030,0.558,0.412
558000,0.030,0.623,0.347
558500,0.030,0.582,0.388
559000,0.030,0.526,0.444
559500,0.030,0.535,0.435
560000,0.030,0.535,0.435
560500,0.030,0.700,0.270
561000,0.030,0.653,0.317
561500,0.030,0.646,0.324
562000,0.030,0.453,0.517
562500,0.030,0.608,0.362
563000,0.030,0.572,0.398
563500,0.030,0.450,0.520
564000,0.030,0.616,0.354
564500,0.030,0.720,0.250
565000,0.030,0.723,0.247
565500,0.030,0.741,0.229
566000,0.030,0.655,0.315
566500,0.030,0.601,0.369
567000,0.030,0.452,0.518
567500,0.030,0.545,0.425
568000,0.030,0.623,0.347
568500,0.030,0.447,0.523
569000,0.030,0.631,0.339
569500,0.030,0.570,0.400
570000,0.030,0.721,0.249
570500,0.030,0.714,0.256
571000,0.030,0.566,0.404
571500,0.030,0.657,0.313
572000,0.030,0.666,0.304
572500,0.030,0.416,0.554
573000,0.030,0.468,0.502
573500,0.030,0.595,0.375
574000,0.030,0.622,0.348
574500,0.030,0.622,0.348
575000,0.030,0.517,0.453
575500,0.030,0.558,0.412
576000,0.030,0.679,0.291
576500,0.030,0.721,0.249
577000,0.030,0.545,0.425
577500,0.030,0.479,0.491
578000,0.030,0.570,0.400
578500,0.030,0.588,0.382
579000,0.030,0.514,0.456
579500,0.030,0.756,0.214
580000,0.030,0.530,0.440
580500,0.030,0.628,0.342
581000,0.030,0.570,0.400
581500,0.030,0.704,0.266
582000,0.030,0.491,0.479
582500,0.030,0.566,0.404
583000,0.030,0.580,0.390
583500,0.030,0.473,0.497
584000,0.030,0.583,0.387
584500,0.030,0.541,0.429
585000,0.030,0.579,0.391
585500,0.030,0.469,0.501
586000,0.030,0.573,0.397
586500,0.030,0.552,0.418
587000,0.030,0.773,0.197
587500,0.030,0.582,0.388
588000,0.030,0.736,0.234
588500,0.030,0.607,0.363
589000,0.030,0.632,0.338
589500,0.030,0.474,0.496
590000,0.030,0.461,0.509
590500,0.030,0.684,0.286
591000,0.030,0.665,0.305
591500,0.030,0.581,0.389
592000,0.030,0.558,0.412
592500,0.030,0.632,0.338
593000,0.030,0.602,0.368
593500,0.030,0.533,0.437
594000,0.030,0.633,0.337
594500,0.030,0.513,0.457
595000,0.030,0.618,0.352
595500,0.030,0.604,0.366
596000,0.030,0.445,0.525
596500,0.030,0.600,0.370
597000,0.030,0.704,0.266
597500,0.030,0.576,0.394
598000,0.030,0.516,0.454
598500,0.030,0.630,0.340
599000,0.030,0.533,0.437
599500,0.030,0.590,0.380
600000,0.030,0.542,0.428
600500,0.030,0.703,0.267
601000,0.030,0.752,0.218
601500,0.030,0.531,0.439
602000,0.030,0.487,0.483
602500,0.030,0.637,0.333
603000,0.030,0.772,0.198
603500,0.030,0.618,0.352
604000,0.030,0.554,0.416
604500,0.030,0.734,0.236
605000,0.030,0.583,0.387
605500,0.030,0.676,0.294
606000,0.030,0.594,0.376
606500,0.030,0.581,0.389
607000,0.030,0.646,0.324
607500,0.030,0.610,0.360
608000,0.030,0.559,0.411
608500,0.030,0.550,0.420
609000,0.030,0.686,0.284
609500,0.030,0.663,0.307
610000,0.030,0.559,0.411
610500,0.030,0.593,0.377
611000,0.030,0.683,0.287
611500,0.030,0.685,0.285
612000,0.030,0.671,0.299
612500,0.030,0.706,0.264
613000,0.030,0.650,0.320
613500,0.030,0.669,0.301
614000,0.030,0.777,0.193
614500,0.030,0.667,0.303
615000,0.030,0.597,0.373
615500,0.030,0.527,0.443
616000,0.030,0.648,0.322
616500,0.030,0.744,0.226
617000,0.030,0.525,0.445
617500,0.030,0.780,0.190
618000,0.030,0.579,0.391
618500,0.030,0.606,0.364
619000,0.030,0.655,0.315
619500,0.030,0.522,0.448
620000,0.030,0.739,0.231
620500,0.030,0.482,0.488
621000,0.030,0.742,0.228
621500,0.030,0.725,0.245
622000,0.030,0.565,0.405
622500,0.030,0.720,0.250
623000,0.030,0.762,0.208
623500,0.030,0.588,0.382
624000,0.030,0.550,0.420
624500,0.030,0.601,0.369
625000,0.030,0.656,0.314
625500,0.030,0.527,0.443
626000,0.030,0.710,0.260
626500,0.030,0.763,0.207
627000,0.030,0.549,0.421
627500,0.030,0.611,0.359
628000,0.030,0.711,0.259
628500,0.030,0.629,0.341
629000,0.030,0.552,0.418
629500,0.030,0.547,0.423
630000,0.030,0.605,0.365
630500,0.030,0.541,0.429
631000,0.030,0.477,0.493
631500,0.030,0.758,0.212
632000,0.030,0.674,0.296
632500,0.030,0.560,0.410
633000,0.030,0.523,0.447
633500,0.030,0.539,0.431
634000,0.030,0.817,0.153
634500,0.030,0.714,0.256
635000,0.030,0.588,0.382
635500,0.030,0.722,0.248
636000,0.030,0.561,0.409
636500,0.030,0.571,0.399
637000,0.030,0.723,0.247
637500,0.030,0.610,0.360
638000,0.030,0.701,0.269
638500,0.030,0.756,0.214
639000,0.030,0.619,0.351
639500,0.030,0.621,0.349
640000,0.030,0.592,0.378
640500,0.030,0.729,0.241
641000,0.030,0.641,0.329
641500,0.030,0.501,0.469
642000,0.030,0.573,0.397
642500,0.030,0.650,0.320
643000,0.030,0.591,0.379
643500,0.030,0.635,0.335
644000,0.030,0.510,0.460
644500,0.030,0.723,0.247
645000,0.030,0.778,0.192
645500,0.030,0.625,0.345
646000,0.030,0.588,0.382
646500,0.030,0.872,0.098
647000,0.030,0.546,0.424
647500,0.030,0.640,0.330
648000,0.030,0.697,0.273
648500,0.030,0.605,0.365
649000,0.030,0.774,0.196
649500,0.030,0.667,0.303
650000,0.030,0.576,0.394
650500,0.030,0.653,0.317
651000,0.030,0.631,0.339
651500,0.030,0.786,0.184
652000,0.030,0.658,0.312
652500,0.030,0.468,0.502
653000,0.030,0.726,0.244
653500,0.030,0.802,0.168
654000,0.030,0.465,0.505
654500,0.030,0.597,0.373
655000,0.030,0.601,0.369
655500,0.030,0.505,0.465
656000,0.030,0.733,0.237
656500,0.030,0.703,0.267
657000,0.030,0.522,0.448
657500,0.030,0.673,0.297
658000,0.030,0.615,0.355
658500,0.030,0.642,0.328
659000,0.030,0.693,0.277
659500,0.030,0.586,0.384
660000,0.030,0.588,0.382
660500,0.030,0.757,0.213
661000,0.030,0.738,0.232
661500,0.030,0.575,0.395
662000,0.030,0.716,0.254
662500,0.030,0.765,0.205
663000,0.030,0.596,0.374
663500,0.030,0.511,0.459
664000,0.030,0.547,0.423
664500,0.030,0.607,0.363
665000,0.030,0.714,0.256
665500,0.030,0.531,0.439
666000,0.030,0.517,0.453
666500,0.030,0.584,0.386
667000,0.030,0.736,0.234
667500,0.030,0.715,0.255
668000,0.030,0.692,0.278
668500,0.030,0.707,0.263
669000,0.030,0.648,0.322
669500,0.030,0.526,0.444
670000,0.030,0.710,0.260
670500,0.030,0.659,0.311
671000,0.030,0.515,0.455
671500,0.030,0.610,0.360
672000,0.030,0.471,0.499
672500,0.030,0.668,0.302
673000,0.030,0.564,0.406
673500,0.030,0.807,0.163
674000,0.030,0.686,0.284
674500,0.030,0.588,0.382
675000,0.030,0.656,0.314
675500,0.030,0.728,0.242
676000,0.030,0.681,0.289
676500,0.030,0.503,0.467
677000,0.030,0.737,0.233
677500,0.030,0.727,0.243
678000,0.030,0.679,0.291
678500,0.030,0.582,0.388
679000,0.030,0.643,0.327
679500,0.030,0.580,0.390
680000,0.030,0.583,0.387
680500,0.030,0.669,0.301
681000,0.030,0.585,0.385
681500,0.030,0.468,0.502
682000,0.030,0.526,0.444
682500,0.030,0.540,0.430
683000,0.030,0.648,0.322
683500,0.030,0.563,0.407
684000,0.030,0.745,0.225
684500,0.030,0.748,0.222
685000,0.030,0.616,0.354
685500,0.030,0.627,0.343
686000,0.030,0.661,0.309
686500,0.030,0.454,0.516
687000,0.030,0.520,0.450
687500,0.030,0.674,0.296
688000,0.030,0.599,0.371
688500,0.030,0.685,0.285
689000,0.030,0.451,0.519
689500,0.030,0.691,0.279
690000,0.030,0.622,0.348
690500,0.030,0.582,0.388
691000,0.030,0.658,0.312
691500,0.030,0.504,0.466
692000,0.030,0.561,0.409
692500,0.030,0.642,0.328
693000,0.030,0.807,0.163
693500,0.030,0.607,0.363
694000,0.030,0.820,0.150
694500,0.030,0.778,0.192
695000,0.030,0.446,0.524
695500,0.030,0.716,0.254
696000,0.030,0.659,0.311
696500,0.030,0.616,0.354
697000,0.030,0.748,0.222
697500,0.030,0.708,0.262
698000,0.030,0.699,0.271
698500,0.030,0.546,0.424
699000,0.030,0.644,0.326
699500,0.030,0.752,0.218
700000,0.030,0.547,0.423
700500,0.030,0.641,0.329
701000,0.030,0.546,0.424
701500,0.030,0.546,0.424
702000,0.030,0.624,0.346
702500,0.030,0.753,0.217
703000,0.030,0.576,0.394
703500,0.030,0.690,0.280
704000,0.030,0.653,0.317
704500,0.030,0.686,0.284
705000,0.030,0.721,0.249
705500,0.030,0.607,0.363
706000,0.030,0.618,0.352
706500,0.030,0.648,0.322
707000,0.030,0.684,0.286
707500,0.030,0.568,0.402
708000,0.030,0.522,0.448
708500,0.030,0.647,0.323
709000,0.030,0.605,0.365
709500,0.030,0.610,0.360
710000,0.030,0.682,0.288
710500,0.030,0.606,0.364
711000,0.030,0.736,0.234
711500,0.030,0.631,0.339
712000,0.030,0.562,0.408
712500,0.030,0.509,0.461
713000,0.030,0.493,0.477
713500,0.030,0.697,0.273
714000,0.030,0.682,0.288
714500,0.030,0.666,0.304
715000,0.030,0.546,0.424
715500,0.030,0.568,0.402
716000,0.030,0.535,0.435
716500,0.030,0.652,0.318
717000,0.030,0.505,0.465
717500,0.030,0.622,0.348
718000,0.030,0.447,0.523
718500,0.030,0.716,0.254
719000,0.030,0.572,0.398
719500,0.030,0.565,0.405
720000,0.030,0.536,0.434
720500,0.030,0.547,0.423
721000,0.030,0.620,0.350
721500,0.030,0.597,0.373
722000,0.030,0.646,0.324
722500,0.030,0.430,0.540
723000,0.030,0.603,0.367
723500,0.030,0.709,0.261
724000,0.030,0.534,0.436
724500,0.030,0.531,0.439
725000,0.030,0.425,0.545
725500,0.030,0.654,0.316
726000,0.030,0.635,0.335
726500,0.030,0.513,0.457
727000,0.030,0.738,0.232
727500,0.030,0.664,0.306
728000,0.030,0.604,0.366
728500,0.030,0.615,0.355
729000,0.030,0.581,0.389
729500,0.030,0.482,0.488
730000,0.030,0.672,0.298
730500,0.030,0.637,0.333
731000,0.030,0.547,0.423
731500,0.030,0.588,0.382
732000,0.030,0.567,0.403
732500,0.030,0.628,0.342
733000,0.030,0.731,0.239
733500,0.030,0.609,0.361
734000,0.030,0.636,0.334
734500,0.030,0.575,0.395
735000,0.030,0.533,0.437
735500,0.030,0.616,0.354
736000,0.030,0.709,0.261
736500,0.030,0.641,0.329
737000,0.030,0.686,0.284
737500,0.030,0.604,0.366
738000,0.030,0.775,0.195
738500,0.030,0.530,0.440
739000,0.030,0.462,0.508
739500,0.030,0.705,0.265
740000,0.030,0.707,0.263
740500,0.030,0.602,0.368
741000,0.030,0.664,0.306
741500,0.030,0.590,0.380
742000,0.030,0.685,0.285
742500,0.030,0.665,0.305
743000,0.030,0.515,0.455
743500,0.030,0.720,0.250
744000,0.030,0.574,0.396
744500,0.030,0.611,0.359
745000,0.030,0.463,0.507
745500,0.030,0.701,0.269
746000,0.030,0.665,0.305
746500,0.030,0.627,0.343
747000,0.030,0.648,0.322
747500,0.030,0.745,0.225
748000,0.030,0.627,0.343
748500,0.030,0.574,0.396
749000,0.030,0.590,0.380
749500,0.030,0.641,0.329
750000,0.030,0.665,0.305
750500,0.030,0.715,0.255
751000,0.030,0.647,0.323
751500,0.030,0.651,0.319
752000,0.030,0.557,0.413
752500,0.030,0.722,0.248
753000,0.030,0.629,0.341
753500,0.030,0.765,0.205
754000,0.030,0.637,0.333
754500,0.030,0.589,0.381
755000,0.030,0.641,0.329
755500,0.030,0.606,0.364
756000,0.030,0.562,0.408
756500,0.030,0.723,0.247
757000,0.030,0.792,0.178
757500,0.030,0.611,0.359
758000,0.030,0.618,0.352
758500,0.030,0.745,0.225
759000,0.030,0.612,0.358
759500,0.030,0.539,0.431
760000,0.030,0.603,0.367
760500,0.030,0.525,0.445
761000,0.030,0.627,0.343
761500,0.030,0.653,0.317
762000,0.030,0.652,0.318
762500,0.030,0.496,0.474
763000,0.030,0.660,0.310
763500,0.030,0.748,0.222
764000,0.030,0.435,0.535
764500,0.030,0.425,0.545
765000,0.030,0.437,0.533
765500,0.030,0.732,0.238
766000,0.030,0.763,0.207
766500,0.030,0.578,0.392
767000,0.030,0.531,0.439
767500,0.030,0.476,0.494
768000,0.030,0.797,0.173
768500,0.030,0.808,0.162
769000,0.030,0.588,0.382
769500,0.030,0.540,0.430
770000,0.030,0.571,0.399
770500,0.030,0.618,0.352
771000,0.030,0.447,0.523
771500,0.030,0.524,0.446
772000,0.030,0.572,0.398
772500,0.030,0.680,0.290
773000,0.030,0.640,0.330
773500,0.030,0.505,0.465
774000,0.030,0.664,0.306
774500,0.030,0.674,0.296
775000,0.030,0.454,0.516
775500,0.030,0.752,0.218
776000,0.030,0.769,0.201
776500,0.030,0.629,0.341
777000,0.030,0.581,0.389
777500,0.030,0.535,0.435
778000,0.030,0.683,0.287
778500,0.030,0.613,0.357
779000,0.030,0.440,0.530
779500,0.030,0.675,0.295
780000,0.030,0.617,0.353
780500,0.030,0.661,0.309
781000,0.030,0.840,0.130
781500,0.030,0.649,0.321
782000,0.030,0.666,0.304
782500,0.030,0.665,0.305
783000,0.030,0.605,0.365
783500,0.030,0.638,0.332
784000,0.030,0.677,0.293
784500,0.030,0.656,0.314
785000,0.030,0.602,0.368
785500,0.030,0.622,0.348
786000,0.030,0.695,0.275
786500,0.030,0.616,0.354
787000,0.030,0.613,0.357
787500,0.030,0.645,0.325
788000,0.030,0.517,0.453
788500,0.030,0.561,0.409
789000,0.030,0.549,0.421
789500,0.030,0.622,0.348
790000,0.030,0.667,0.303
790500,0.030,0.617,0.353
791000,0.030,0.507,0.463
791500,0.030,0.565,0.405
792000,0.030,0.711,0.259
792500,0.030,0.791,0.179
793000,0.030,0.513,0.457
793500,0.030,0.722,0.248
794000,0.030,0.789,0.181
794500,0.030,0.633,0.337
795000,0.030,0.538,0.432
795500,0.030,0.491,0.479
796000,0.030,0.528,0.442
796500,0.030,0.566,0.404
797000,0.030,0.734,0.236
797500,0.030,0.613,0.357
798000,0.030,0.503,0.467
798500,0.030,0.559,0.411
799000,0.030,0.654,0.316
799500,0.030,0.565,0.405
800000,0.030,0.715,0.255
800500,0.030,0.592,0.378
801000,0.030,0.733,0.237
801500,0.030,0.767,0.203
802000,0.030,0.609,0.361
802500,0.030,0.535,0.435
803000,0.030,0.574,0.396
803500,0.030,0.752,0.218
804000,0.030,0.483,0.487
804500,0.030,0.733,0.237
805000,0.030,0.589,0.381
805500,0.030,0.741,0.229
806000,0.030,0.628,0.342
806500,0.030,0.573,0.397
807000,0.030,0.784,0.186
807500,0.030,0.778,0.192
808000,0.030,0.691,0.279
808500,0.030,0.821,0.149
809000,0.030,0.713,0.257
809500,0.030,0.682,0.288
810000,0.030,0.773,0.197
810500,0.030,0.710,0.260
811000,0.030,0.669,0.301
811500,0.030,0.590,0.380
812000,0.030,0.846,0.124
812500,0.030,0.694,0.276
813000,0.030,0.618,0.352
813500,0.030,0.472,0.498
814000,0.030,0.574,0.396
814500,0.030,0.542,0.428
815000,0.030,0.688,0.282
815500,0.030,0.657,0.313
816000,0.030,0.756,0.214
816500,0.030,0.718,0.252
817000,0.030,0.688,0.282
817500,0.030,0.713,0.257
818000,0.030,0.805,0.165
818500,0.030,0.477,0.493
819000,0.030,0.681,0.289
819500,0.030,0.646,0.324
820000,0.030,0.766,0.204
820500,0.030,0.632,0.338
821000,0.030,0.651,0.319
821500,0.030,0.525,0.445
822000,0.030,0.678,0.292
822500,0.030,0.638,0.332
823000,0.030,0.621,0.349
823500,0.030,0.545,0.425
824000,0.030,0.535,0.435
824500,0.030,0.615,0.355
825000,0.030,0.437,0.533
825500,0.030,0.609,0.361
826000,0.030,0.742,0.228
826500,0.030,0.712,0.258
827000,0.030,0.557,0.413
827500,0.030,0.586,0.384
828000,0.030,0.675,0.295
828500,0.030,0.637,0.333
829000,0.030,0.519,0.451
829500,0.030,0.707,0.263
830000,0.030,0.624,0.346
830500,0.030,0.779,0.191
831000,0.030,0.476,0.494
831500,0.030,0.486,0.484
832000,0.030,0.663,0.307
832500,0.030,0.640,0.330
833000,0.030,0.496,0.474
833500,0.030,0.607,0.363
834000,0.030,0.709,0.261
834500,0.030,0.570,0.400
835000,0.030,0.620,0.350
835500,0.030,0.649,0.321
836000,0.030,0.606,0.364
836500,0.030,0.765,0.205
837000,0.030,0.603,0.367
837500,0.030,0.689,0.281
838000,0.030,0.450,0.520
838500,0.030,0.622,0.348
839000,0.030,0.669,0.301
839500,0.030,0.501,0.469
840000,0.030,0.677,0.293
840500,0.030,0.629,0.341
841000,0.030,0.677,0.293
841500,0.030,0.728,0.242
842000,0.030,0.481,0.489
842500,0.030,0.697,0.273
843000,0.030,0.606,0.364
843500,0.030,0.480,0.490
844000,0.030,0.563,0.407
844500,0.030,0.550,0.420
845000,0.030,0.531,0.439
845500,0.030,0.610,0.360
846000,0.030,0.669,0.301
846500,0.030,0.683,0.287
847000,0.030,0.645,0.325
847500,0.030,0.442,0.528
848000,0.030,0.635,0.335
848500,0.030,0.590,0.380
849000,0.030,0.702,0.268
849500,0.030,0.498,0.472
850000,0.030,0.699,0.271
850500,0.030,0.470,0.500
851000,0.030,0.540,0.430
851500,0.030,0.602,0.368
852000,0.030,0.566,0.404
852500,0.030,0.642,0.328
853000,0.030,0.578,0.392
853500,0.030,0.729,0.241
854000,0.030,0.709,0.261
854500,0.030,0.565,0.405
855000,0.030,0.710,0.260
855500,0.030,0.596,0.374
856000,0.030,0.689,0.281
856500,0.030,0.873,0.097
857000,0.030,0.771,0.199
857500,0.030,0.626,0.344
858000,0.030,0.654,0.316
858500,0.030,0.487,0.483
859000,0.030,0.705,0.265
859500,0.030,0.514,0.456
860000,0.030,0.760,0.210
860500,0.030,0.515,0.455
861000,0.030,0.630,0.340
861500,0.030,0.598,0.372
862000,0.030,0.546,0.424
862500,0.030,0.626,0.344
863000,0.030,0.646,0.324
863500,0.030,0.639,0.331
864000,0.030,0.447,0.523
864500,0.030,0.679,0.291
865000,0.030,0.571,0.399
865500,0.030,0.705,0.265
866000,0.030,0.720,0.250
866500,0.030,0.561,0.409
867000,0.030,0.714,0.256
867500,0.030,0.783,0.187
868000,0.030,0.601,0.369
868500,0.030,0.720,0.250
869000,0.030,0.507,0.463
869500,0.030,0.655,0.315
870000,0.030,0.474,0.496
870500,0.030,0.710,0.260
871000,0.030,0.628,0.342
871500,0.030,0.518,0.452
872000,0.030,0.672,0.298
872500,0.030,0.618,0.352
873000,0.030,0.660,0.310
873500,0.030,0.742,0.228
874000,0.030,0.710,0.260
874500,0.030,0.605,0.365
875000,0.030,0.397,0.573
875500,0.030,0.693,0.277
876000,0.030,0.594,0.376
876500,0.030,0.867,0.103
877000,0.030,0.752,0.218
877500,0.030,0.721,0.249
878000,0.030,0.696,0.274
878500,0.030,0.658,0.312
879000,0.030,0.632,0.338
879500,0.030,0.670,0.300
880000,0.030,0.552,0.418
880500,0.030,0.557,0.413
881000,0.030,0.603,0.367
881500,0.030,0.563,0.407
882000,0.030,0.469,0.501
882500,0.030,0.674,0.296
883000,0.030,0.760,0.210
883500,0.030,0.621,0.349
884000,0.030,0.628,0.342
884500,0.030,0.638,0.332
885000,0.030,0.658,0.312
885500,0.030,0.611,0.359
886000,0.030,0.684,0.286
886500,0.030,0.467,0.503
887000,0.030,0.736,0.234
887500,0.030,0.565,0.405
888000,0.030,0.588,0.382
888500,0.030,0.570,0.400
889000,0.030,0.481,0.489
889500,0.030,0.564,0.406
890000,0.030,0.638,0.332
890500,0.030,0.597,0.373
891000,0.030,0.657,0.313
891500,0.030,0.647,0.323
892000,0.030,0.612,0.358
892500,0.030,0.683,0.287
893000,0.030,0.699,0.271
893500,0.030,0.638,0.332
894000,0.030,0.693,0.277
894500,0.030,0.721,0.249
895000,0.030,0.659,0.311
895500,0.030,0.724,0.246
896000,0.030,0.583,0.387
896500,0.030,0.481,0.489
897000,0.030,0.672,0.298
897500,0.030,0.777,0.193
898000,0.030,0.688,0.282
898500,0.030,0.750,0.220
899000,0.030,0.717,0.253
899500,0.030,0.558,0.412
900000,0.030,0.671,0.299
900500,0.030,0.513,0.457
901000,0.030,0.599,0.371
901500,0.030,0.608,0.362
902000,0.030,0.736,0.234
902500,0.030,0.648,0.322
903000,0.030,0.446,0.524
903500,0.030,0.745,0.225
904000,0.030,0.674,0.296
904500,0.030,0.702,0.268
905000,0.030,0.568,0.402
905500,0.030,0.845,0.125
906000,0.030,0.645,0.325
906500,0.030,0.771,0.199
907000,0.030,0.767,0.203
907500,0.030,0.617,0.353
908000,0.030,0.672,0.298
908500,0.030,0.738,0.232
909000,0.030,0.801,0.169
909500,0.030,0.548,0.422
910000,0.030,0.736,0.234
910500,0.030,0.714,0.256
911000,0.030,0.765,0.205
911500,0.030,0.733,0.237
912000,0.030,0.562,0.408
912500,0.030,0.569,0.401
913000,0.030,0.694,0.276
913500,0.030,0.857,0.113
914000,0.030,0.651,0.319
914500,0.030,0.682,0.288
915000,0.030,0.492,0.478
915500,0.030,0.637,0.333
916000,0.030,0.684,0.286
916500,0.030,0.648,0.322
917000,0.030,0.623,0.347
917500,0.030,0.494,0.476
918000,0.030,0.716,0.254
918500,0.030,0.636,0.334
919000,0.030,0.603,0.367
919500,0.030,0.585,0.385
920000,0.030,0.716,0.254
920500,0.030,0.612,0.358
921000,0.030,0.660,0.310
921500,0.030,0.542,0.428
922000,0.030,0.692,0.278
922500,0.030,0.607,0.363
923000,0.030,0.484,0.486
923500,0.030,0.514,0.456
924000,0.030,0.427,0.543
924500,0.030,0.770,0.200
925000,0.030,0.731,0.239
925500,0.030,0.619,0.351
926000,0.030,0.517,0.453
926500,0.030,0.868,0.102
927000,0.030,0.583,0.387
927500,0.030,0.603,0.367
928000,0.030,0.785,0.185
928500,0.030,0.729,0.241
929000,0.030,0.627,0.343
929500,0.030,0.577,0.393
930000,0.030,0.557,0.413
930500,0.030,0.561,0.409
931000,0.030,0.601,0.369
931500,0.030,0.490,0.480
932000,0.030,0.575,0.395
932500,0.030,0.620,0.350
933000,0.030,0.553,0.417
933500,0.030,0.492,0.478
934000,0.030,0.621,0.349
934500,0.030,0.718,0.252
935000,0.030,0.681,0.289
935500,0.030,0.763,0.207
936000,0.030,0.600,0.370
936500,0.030,0.836,0.134
937000,0.030,0.534,0.436
937500,0.030,0.679,0.291
938000,0.030,0.626,0.344
938500,0.030,0.589,0.381
939000,0.030,0.663,0.307
939500,0.030,0.596,0.374
940000,0.030,0.796,0.174
940500,0.030,0.903,0.067
941000,0.030,0.673,0.297
941500,0.030,0.745,0.225
942000,0.030,0.506,0.464
942500,0.030,0.500,0.470
943000,0.030,0.535,0.435
943500,0.030,0.710,0.260
944000,0.030,0.514,0.456
944500,0.030,0.664,0.306
945000,0.030,0.506,0.464
945500,0.030,0.569,0.401
946000,0.030,0.501,0.469
946500,0.030,0.565,0.405
947000,0.030,0.464,0.506
947500,0.030,0.574,0.396
948000,0.030,0.658,0.312
948500,0.030,0.687,0.283
949000,0.030,0.561,0.409
949500,0.030,0.718,0.252
950000,0.030,0.676,0.294
950500,0.030,0.706,0.264
951000,0.030,0.704,0.266
951500,0.030,0.620,0.350
952000,0.030,0.687,0.283
952500,0.030,0.669,0.301
953000,0.030,0.799,0.171
953500,0.030,0.631,0.339
954000,0.030,0.529,0.441
954500,0.030,0.507,0.463
955000,0.030,0.639,0.331
955500,0.030,0.721,0.249
956000,0.030,0.645,0.325
956500,0.030,0.549,0.421
957000,0.030,0.668,0.302
957500,0.030,0.550,0.420
958000,0.030,0.594,0.376
958500,0.030,0.582,0.388
959000,0.030,0.339,0.631
959500,0.030,0.682,0.288
960000,0.030,0.743,0.227
960500,0.030,0.538,0.432
961000,0.030,0.644,0.326
961500,0.030,0.409,0.561
962000,0.030,0.579,0.391
962500,0.030,0.525,0.445
963000,0.030,0.783,0.187
963500,0.030,0.675,0.295
964000,0.030,0.745,0.225
964500,0.030,0.785,0.185
965000,0.030,0.571,0.399
965500,0.030,0.530,0.440
966000,0.030,0.549,0.421
966500,0.030,0.350,0.620
967000,0.030,0.608,0.362
967500,0.030,0.595,0.375
968000,0.030,0.468,0.502
968500,0.030,0.649,0.321
969000,0.030,0.599,0.371
969500,0.030,0.584,0.386
970000,0.030,0.792,0.178
970500,0.030,0.588,0.382
971000,0.030,0.551,0.419
971500,0.030,0.587,0.383
972000,0.030,0.521,0.449
972500,0.030,0.535,0.435
973000,0.030,0.728,0.242
973500,0.030,0.801,0.169
974000,0.030,0.756,0.214
974500,0.030,0.704,0.266
975000,0.030,0.789,0.181
975500,0.030,0.596,0.374
976000,0.030,0.653,0.317
976500,0.030,0.606,0.364
977000,0.030,0.528,0.442
977500,0.030,0.733,0.237
978000,0.030,0.755,0.215
978500,0.030,0.521,0.449
979000,0.030,0.666,0.304
979500,0.030,0.868,0.102
980000,0.030,0.654,0.316
980500,0.030,0.573,0.397
981000,0.030,0.529,0.441
981500,0.030,0.757,0.213
982000,0.030,0.760,0.210
982500,0.030,0.697,0.273
983000,0.030,0.596,0.374
983500,0.030,0.696,0.274
984000,0.030,0.562,0.408
984500,0.030,0.815,0.155
985000,0.030,0.864,0.106
985500,0.030,0.695,0.275
986000,0.030,0.721,0.249
986500,0.030,0.688,0.282
987000,0.030,0.737,0.233
987500,0.030,0.693,0.277
988000,0.030,0.558,0.412
988500,0.030,0.593,0.377
989000,0.030,0.605,0.365
989500,0.030,0.694,0.276
990000,0.030,0.720,0.250
990500,0.030,0.631,0.339
991000,0.030,0.710,0.260
991500,0.030,0.684,0.286
992000,0.030,0.624,0.346
992500,0.030,0.445,0.525
993000,0.030,0.653,0.317
993500,0.030,0.654,0.316
994000,0.030,0.624,0.346
994500,0.030,0.686,0.284
995000,0.030,0.703,0.267
995500,0.030,0.523,0.447
996000,0.030,0.557,0.413
996500,0.030,0.449,0.521
997000,0.030,0.592,0.378
997500,0.030,0.535,0.435
998000,0.030,0.483,0.487
998500,0.030,0.562,0.408
999000,0.030,0.525,0.445
999500,0.030,0.533,0.437
1000000,0.030,0.610,0.360
