time,n_A+p,n_B,n_AB
0,0.447,0.553,0.000
500,0.281,0.355,0.364
1000,0.152,0.364,0.484
1500,0.143,0.438,0.419
2000,0.143,0.521,0.336
2500,0.138,0.465,0.396
3000,0.161,0.447,0.392
3500,0.147,0.378,0.475
4000,0.088,0.493,0.419
4500,0.074,0.516,0.410
5000,0.120,0.502,0.378
5500,0.166,0.539,0.295
6000,0.138,0.433,0.429
6500,0.194,0.350,0.456
7000,0.184,0.346,0.470
7500,0.143,0.378,0.479
8000,0.143,0.493,0.364
8500,0.161,0.401,0.438
9000,0.120,0.438,0.442
9500,0.092,0.507,0.401
10000,0.083,0.525,0.392
10500,0.124,0.516,0.359
11000,0.129,0.479,0.392
11500,0.171,0.502,0.327
12000,0.111,0.544,0.346
12500,0.129,0.493,0.378
13000,0.166,0.433,0.401
13500,0.189,0.327,0.484
14000,0.300,0.286,0.415
14500,0.295,0.253,0.452
15000,0.346,0.212,0.442
15500,0.359,0.194,0.447
16000,0.309,0.203,0.488
16500,0.263,0.221,0.516
17000,0.401,0.189,0.410
17500,0.406,0.171,0.424
18000,0.327,0.194,0.479
18500,0.327,0.212,0.461
19000,0.300,0.272,0.429
19500,0.346,0.189,0.465
20000,0.369,0.198,0.433
20500,0.392,0.161,0.447
21000,0.401,0.189,0.410
21500,0.387,0.253,0.359
22000,0.378,0.212,0.410
22500,0.447,0.134,0.419
23000,0.429,0.189,0.382
23500,0.396,0.189,0.415
24000,0.318,0.198,0.484
24500,0.332,0.152,0.516
25000,0.304,0.198,0.498
25500,0.272,0.327,0.401
26000,0.203,0.309,0.488
26500,0.244,0.263,0.493
27000,0.240,0.309,0.452
27500,0.235,0.267,0.498
28000,0.157,0.323,0.521
28500,0.180,0.318,0.502
29000,0.212,0.327,0.461
29500,0.194,0.401,0.406
30000,0.198,0.452,0.350
30500,0.189,0.382,0.429
31000,0.198,0.378,0.424
31500,0.166,0.341,0.493
32000,0.217,0.286,0.498
32500,0.272,0.258,0.470
33000,0.267,0.230,0.502
33500,0.359,0.267,0.373
34000,0.313,0.207,0.479
34500,0.318,0.207,0.475
35000,0.364,0.258,0.378
35500,0.217,0.290,0.493
36000,0.226,0.355,0.419
36500,0.217,0.396,0.387
37000,0.194,0.396,0.410
37500,0.194,0.373,0.433
38000,0.198,0.341,0.461
38500,0.152,0.447,0.401
39000,0.106,0.475,0.419
39500,0.083,0.581,0.336
40000,0.111,0.571,0.318
40500,0.092,0.558,0.350
41000,0.138,0.470,0.392
41500,0.157,0.429,0.415
42000,0.129,0.442,0.429
42500,0.143,0.442,0.415
43000,0.157,0.415,0.429
43500,0.097,0.401,0.502
44000,0.207,0.392,0.401
44500,0.226,0.438,0.336
45000,0.203,0.373,0.424
45500,0.152,0.387,0.461
46000,0.143,0.401,0.456
46500,0.161,0.419,0.419
47000,0.111,0.516,0.373
47500,0.258,0.392,0.350
48000,0.267,0.276,0.456
48500,0.290,0.235,0.475
49000,0.249,0.235,0.516
49500,0.300,0.235,0.465
50000,0.318,0.203,0.479
50500,0.327,0.249,0.424
51000,0.276,0.267,0.456
51500,0.295,0.240,0.465
52000,0.369,0.217,0.415
52500,0.447,0.147,0.406
53000,0.387,0.166,0.447
53500,0.475,0.171,0.355
54000,0.488,0.115,0.396
54500,0.424,0.184,0.392
55000,0.396,0.161,0.442
55500,0.355,0.217,0.429
56000,0.276,0.276,0.447
56500,0.327,0.230,0.442
57000,0.263,0.281,0.456
57500,0.295,0.290,0.415
58000,0.364,0.217,0.419
58500,0.295,0.249,0.456
59000,0.249,0.350,0.401
59500,0.184,0.341,0.475
60000,0.378,0.207,0.415
60500,0.281,0.309,0.410
61000,0.281,0.300,0.419
61500,0.249,0.364,0.387
62000,0.134,0.396,0.470
62500,0.143,0.484,0.373
63000,0.198,0.355,0.447
63500,0.359,0.212,0.429
64000,0.281,0.295,0.424
64500,0.235,0.323,0.442
65000,0.240,0.355,0.406
65500,0.304,0.230,0.465
66000,0.378,0.249,0.373
66500,0.300,0.189,0.512
67000,0.406,0.180,0.415
67500,0.502,0.152,0.346
68000,0.498,0.129,0.373
68500,0.502,0.092,0.406
69000,0.567,0.055,0.378
69500,0.618,0.055,0.327
70000,0.525,0.083,0.392
70500,0.608,0.023,0.369
71000,0.700,0.037,0.263
71500,0.714,0.028,0.258
72000,0.700,0.018,0.281
72500,0.631,0.041,0.327
73000,0.544,0.092,0.364
73500,0.558,0.074,0.369
74000,0.691,0.074,0.235
74500,0.654,0.083,0.263
75000,0.604,0.115,0.281
75500,0.429,0.138,0.433
76000,0.493,0.088,0.419
76500,0.488,0.134,0.378
77000,0.396,0.207,0.396
77500,0.410,0.184,0.406
78000,0.364,0.189,0.447
78500,0.364,0.175,0.461
79000,0.318,0.258,0.424
79500,0.309,0.281,0.410
80000,0.281,0.221,0.498
80500,0.235,0.263,0.502
81000,0.332,0.253,0.415
81500,0.313,0.253,0.433
82000,0.272,0.207,0.521
82500,0.272,0.290,0.438
83000,0.332,0.221,0.447
83500,0.350,0.249,0.401
84000,0.336,0.157,0.507
84500,0.364,0.189,0.447
85000,0.419,0.171,0.410
85500,0.313,0.295,0.392
86000,0.281,0.327,0.392
86500,0.240,0.396,0.364
87000,0.171,0.350,0.479
87500,0.295,0.336,0.369
88000,0.207,0.313,0.479
88500,0.171,0.355,0.475
89000,0.189,0.392,0.419
89500,0.134,0.396,0.470
90000,0.152,0.392,0.456
90500,0.194,0.276,0.530
91000,0.166,0.300,0.535
91500,0.235,0.313,0.452
92000,0.267,0.286,0.447
92500,0.226,0.373,0.401
93000,0.207,0.424,0.369
93500,0.138,0.415,0.447
94000,0.203,0.378,0.419
94500,0.217,0.359,0.424
95000,0.171,0.304,0.525
95500,0.171,0.313,0.516
96000,0.175,0.359,0.465
96500,0.092,0.465,0.442
97000,0.120,0.484,0.396
97500,0.111,0.521,0.369
98000,0.088,0.502,0.410
98500,0.060,0.465,0.475
99000,0.092,0.493,0.415
99500,0.147,0.332,0.521
100000,0.152,0.332,0.516
100500,0.184,0.392,0.424
101000,0.124,0.410,0.465
101500,0.157,0.392,0.452
102000,0.221,0.419,0.359
102500,0.230,0.341,0.429
103000,0.300,0.276,0.424
103500,0.346,0.272,0.382
104000,0.378,0.203,0.419
104500,0.387,0.180,0.433
105000,0.479,0.115,0.406
105500,0.548,0.088,0.364
106000,0.650,0.037,0.313
106500,0.654,0.060,0.286
107000,0.650,0.041,0.309
107500,0.659,0.023,0.318
108000,0.631,0.037,0.332
108500,0.728,0.018,0.253
109000,0.747,0.018,0.235
109500,0.770,0.046,0.184
110000,0.682,0.055,0.263
110500,0.687,0.041,0.272
111000,0.664,0.051,0.286
111500,0.691,0.051,0.258
112000,0.654,0.028,0.318
112500,0.530,0.051,0.419
113000,0.590,0.065,0.346
113500,0.571,0.078,0.350
114000,0.548,0.111,0.341
114500,0.512,0.097,0.392
115000,0.636,0.055,0.309
115500,0.714,0.018,0.267
116000,0.719,0.028,0.253
116500,0.760,0.009,0.230
117000,0.733,0.032,0.235
117500,0.696,0.051,0.253
118000,0.613,0.083,0.304
118500,0.544,0.097,0.359
119000,0.507,0.124,0.369
119500,0.498,0.124,0.378
120000,0.452,0.157,0.392
120500,0.419,0.212,0.369
121000,0.433,0.175,0.392
121500,0.406,0.143,0.452
122000,0.290,0.207,0.502
122500,0.230,0.346,0.424
123000,0.166,0.318,0.516
123500,0.253,0.300,0.447
124000,0.272,0.286,0.442
124500,0.276,0.253,0.470
125000,0.318,0.244,0.438
125500,0.309,0.240,0.452
126000,0.359,0.207,0.433
126500,0.382,0.157,0.461
127000,0.382,0.161,0.456
127500,0.318,0.212,0.470
128000,0.355,0.217,0.429
128500,0.300,0.304,0.396
129000,0.230,0.346,0.424
129500,0.198,0.350,0.452
130000,0.194,0.373,0.433
130500,0.230,0.359,0.410
131000,0.290,0.295,0.415
131500,0.313,0.166,0.521
132000,0.323,0.235,0.442
132500,0.419,0.175,0.406
133000,0.433,0.111,0.456
133500,0.415,0.138,0.447
134000,0.452,0.147,0.401
134500,0.484,0.171,0.346
135000,0.493,0.106,0.401
135500,0.429,0.171,0.401
136000,0.295,0.300,0.406
136500,0.359,0.258,0.382
137000,0.286,0.281,0.433
137500,0.194,0.396,0.410
138000,0.180,0.346,0.475
138500,0.157,0.396,0.447
139000,0.092,0.442,0.465
139500,0.106,0.415,0.479
140000,0.143,0.470,0.387
140500,0.189,0.378,0.433
141000,0.129,0.502,0.369
141500,0.161,0.470,0.369
142000,0.157,0.415,0.429
142500,0.161,0.359,0.479
143000,0.194,0.346,0.461
143500,0.171,0.438,0.392
144000,0.189,0.392,0.419
144500,0.258,0.369,0.373
145000,0.129,0.488,0.382
145500,0.124,0.548,0.327
146000,0.161,0.392,0.447
146500,0.207,0.355,0.438
147000,0.281,0.300,0.419
147500,0.240,0.263,0.498
148000,0.194,0.392,0.415
148500,0.350,0.276,0.373
149000,0.382,0.161,0.456
149500,0.359,0.221,0.419
150000,0.318,0.212,0.470
150500,0.327,0.263,0.410
151000,0.286,0.295,0.419
151500,0.323,0.230,0.447
152000,0.212,0.406,0.382
152500,0.124,0.452,0.424
153000,0.147,0.488,0.364
153500,0.249,0.378,0.373
154000,0.166,0.336,0.498
154500,0.194,0.401,0.406
155000,0.111,0.419,0.470
155500,0.138,0.415,0.447
156000,0.147,0.392,0.461
156500,0.194,0.387,0.419
157000,0.124,0.410,0.465
157500,0.124,0.429,0.447
158000,0.101,0.539,0.359
158500,0.134,0.507,0.359
159000,0.106,0.507,0.387
159500,0.111,0.502,0.387
160000,0.106,0.512,0.382
160500,0.083,0.627,0.290
161000,0.092,0.594,0.313
161500,0.101,0.581,0.318
162000,0.120,0.502,0.378
162500,0.175,0.438,0.387
163000,0.212,0.355,0.433
163500,0.171,0.488,0.341
164000,0.180,0.415,0.406
164500,0.203,0.341,0.456
165000,0.203,0.346,0.452
165500,0.258,0.355,0.387
166000,0.300,0.281,0.419
166500,0.290,0.309,0.401
167000,0.267,0.253,0.479
167500,0.300,0.300,0.401
168000,0.272,0.309,0.419
168500,0.295,0.253,0.452
169000,0.286,0.235,0.479
169500,0.212,0.369,0.419
170000,0.217,0.341,0.442
170500,0.272,0.263,0.465
171000,0.253,0.313,0.433
171500,0.304,0.263,0.433
172000,0.207,0.369,0.424
172500,0.189,0.355,0.456
173000,0.175,0.410,0.415
173500,0.138,0.424,0.438
174000,0.138,0.438,0.424
174500,0.143,0.378,0.479
175000,0.171,0.415,0.415
175500,0.230,0.290,0.479
176000,0.221,0.263,0.516
176500,0.276,0.309,0.415
177000,0.207,0.327,0.465
177500,0.175,0.392,0.433
178000,0.152,0.401,0.447
178500,0.152,0.429,0.419
179000,0.184,0.373,0.442
179500,0.180,0.359,0.461
180000,0.166,0.378,0.456
180500,0.166,0.447,0.387
181000,0.092,0.488,0.419
181500,0.157,0.498,0.346
182000,0.111,0.470,0.419
182500,0.189,0.433,0.378
183000,0.115,0.512,0.373
183500,0.101,0.581,0.318
184000,0.092,0.562,0.346
184500,0.046,0.636,0.318
185000,0.065,0.608,0.327
185500,0.023,0.705,0.272
186000,0.055,0.719,0.226
186500,0.018,0.677,0.304
187000,0.032,0.747,0.221
187500,0.014,0.802,0.184
188000,0.032,0.811,0.157
188500,0.018,0.829,0.152
189000,0.005,0.816,0.180
189500,0.018,0.802,0.180
190000,0.032,0.788,0.180
190500,0.032,0.705,0.263
191000,0.074,0.645,0.281
191500,0.074,0.562,0.364
192000,0.046,0.576,0.378
192500,0.060,0.613,0.327
193000,0.106,0.553,0.341
193500,0.101,0.535,0.364
194000,0.134,0.479,0.387
194500,0.106,0.461,0.433
195000,0.166,0.415,0.419
195500,0.138,0.419,0.442
196000,0.212,0.378,0.410
196500,0.166,0.415,0.419
197000,0.226,0.309,0.465
197500,0.217,0.318,0.465
198000,0.240,0.318,0.442
198500,0.217,0.373,0.410
199000,0.161,0.341,0.498
199500,0.161,0.424,0.415
200000,0.203,0.465,0.332
200500,0.207,0.359,0.433
201000,0.171,0.378,0.452
201500,0.184,0.456,0.359
202000,0.161,0.406,0.433
202500,0.258,0.323,0.419
203000,0.235,0.309,0.456
203500,0.217,0.382,0.401
204000,0.212,0.369,0.419
204500,0.207,0.359,0.433
205000,0.166,0.406,0.429
205500,0.124,0.470,0.406
206000,0.161,0.415,0.424
206500,0.129,0.429,0.442
207000,0.111,0.558,0.332
207500,0.083,0.498,0.419
208000,0.134,0.484,0.382
208500,0.111,0.535,0.355
209000,0.078,0.576,0.346
209500,0.115,0.539,0.346
210000,0.147,0.419,0.433
210500,0.152,0.419,0.429
211000,0.235,0.346,0.419
211500,0.253,0.318,0.429
212000,0.235,0.281,0.484
212500,0.332,0.281,0.387
213000,0.304,0.309,0.387
213500,0.175,0.406,0.419
214000,0.180,0.424,0.396
214500,0.147,0.410,0.442
215000,0.189,0.373,0.438
215500,0.189,0.392,0.419
216000,0.166,0.406,0.429
216500,0.166,0.369,0.465
217000,0.198,0.364,0.438
217500,0.198,0.387,0.415
218000,0.258,0.350,0.392
218500,0.309,0.267,0.424
219000,0.240,0.290,0.470
219500,0.212,0.318,0.470
220000,0.226,0.309,0.465
220500,0.249,0.313,0.438
221000,0.276,0.272,0.452
221500,0.286,0.267,0.447
222000,0.323,0.263,0.415
222500,0.272,0.272,0.456
223000,0.230,0.332,0.438
223500,0.180,0.396,0.424
224000,0.106,0.461,0.433
224500,0.161,0.406,0.433
225000,0.175,0.346,0.479
225500,0.147,0.415,0.438
226000,0.249,0.323,0.429
226500,0.147,0.419,0.433
227000,0.157,0.461,0.382
227500,0.101,0.493,0.406
228000,0.157,0.433,0.410
228500,0.180,0.419,0.401
229000,0.189,0.387,0.424
229500,0.143,0.419,0.438
230000,0.180,0.323,0.498
230500,0.235,0.286,0.479
231000,0.235,0.309,0.456
231500,0.313,0.341,0.346
232000,0.244,0.323,0.433
232500,0.267,0.235,0.498
233000,0.258,0.295,0.447
233500,0.230,0.318,0.452
234000,0.194,0.336,0.470
234500,0.221,0.429,0.350
235000,0.217,0.346,0.438
235500,0.244,0.332,0.424
236000,0.175,0.364,0.461
236500,0.194,0.359,0.447
237000,0.134,0.406,0.461
237500,0.129,0.429,0.442
238000,0.240,0.327,0.433
238500,0.180,0.387,0.433
239000,0.101,0.539,0.359
239500,0.129,0.484,0.387
240000,0.157,0.369,0.475
240500,0.152,0.401,0.447
241000,0.272,0.272,0.456
241500,0.336,0.207,0.456
242000,0.392,0.171,0.438
242500,0.309,0.207,0.484
243000,0.410,0.184,0.406
243500,0.378,0.226,0.396
244000,0.323,0.249,0.429
244500,0.235,0.378,0.387
245000,0.286,0.253,0.461
245500,0.290,0.281,0.429
246000,0.263,0.341,0.396
246500,0.249,0.327,0.424
247000,0.304,0.336,0.359
247500,0.313,0.230,0.456
248000,0.313,0.258,0.429
248500,0.323,0.258,0.419
249000,0.332,0.221,0.447
249500,0.217,0.318,0.465
250000,0.263,0.272,0.465
250500,0.189,0.359,0.452
251000,0.235,0.244,0.521
251500,0.359,0.230,0.410
252000,0.323,0.244,0.433
252500,0.332,0.226,0.442
253000,0.336,0.221,0.442
253500,0.369,0.175,0.456
254000,0.300,0.175,0.525
254500,0.309,0.161,0.530
255000,0.198,0.346,0.456
255500,0.318,0.300,0.382
256000,0.286,0.249,0.465
256500,0.276,0.235,0.488
257000,0.309,0.189,0.502
257500,0.313,0.240,0.447
258000,0.180,0.355,0.465
258500,0.143,0.327,0.530
259000,0.198,0.378,0.424
259500,0.124,0.465,0.410
260000,0.088,0.461,0.452
260500,0.147,0.475,0.378
261000,0.166,0.488,0.346
261500,0.138,0.484,0.378
262000,0.092,0.502,0.406
262500,0.129,0.433,0.438
263000,0.171,0.438,0.392
263500,0.115,0.567,0.318
264000,0.129,0.558,0.313
264500,0.106,0.544,0.350
265000,0.083,0.576,0.341
265500,0.088,0.507,0.406
266000,0.147,0.452,0.401
266500,0.092,0.507,0.401
267000,0.166,0.410,0.424
267500,0.157,0.410,0.433
268000,0.180,0.479,0.341
268500,0.124,0.539,0.336
269000,0.106,0.576,0.318
269500,0.088,0.516,0.396
270000,0.120,0.484,0.396
270500,0.120,0.493,0.387
271000,0.194,0.401,0.406
271500,0.171,0.378,0.452
272000,0.249,0.304,0.447
272500,0.267,0.258,0.475
273000,0.217,0.249,0.535
273500,0.258,0.295,0.447
274000,0.263,0.286,0.452
274500,0.290,0.212,0.498
275000,0.323,0.175,0.502
275500,0.350,0.212,0.438
276000,0.382,0.152,0.465
276500,0.406,0.152,0.442
277000,0.396,0.253,0.350
277500,0.424,0.161,0.415
278000,0.323,0.249,0.429
278500,0.300,0.230,0.470
279000,0.249,0.355,0.396
279500,0.184,0.359,0.456
280000,0.203,0.346,0.452
280500,0.152,0.286,0.562
281000,0.175,0.387,0.438
281500,0.166,0.461,0.373
282000,0.124,0.433,0.442
282500,0.161,0.401,0.438
283000,0.171,0.396,0.433
283500,0.226,0.313,0.461
284000,0.230,0.258,0.512
284500,0.235,0.267,0.498
285000,0.309,0.272,0.419
285500,0.327,0.276,0.396
286000,0.295,0.217,0.488
286500,0.378,0.157,0.465
287000,0.406,0.171,0.424
287500,0.396,0.138,0.465
288000,0.475,0.175,0.350
288500,0.456,0.134,0.410
289000,0.507,0.138,0.355
289500,0.442,0.134,0.424
290000,0.419,0.134,0.447
290500,0.502,0.078,0.419
291000,0.516,0.147,0.336
291500,0.622,0.065,0.313
292000,0.650,0.051,0.300
292500,0.668,0.046,0.286
293000,0.673,0.041,0.286
293500,0.737,0.046,0.217
294000,0.747,0.051,0.203
294500,0.705,0.028,0.267
295000,0.714,0.014,0.272
295500,0.770,0.028,0.203
296000,0.751,0.018,0.230
296500,0.820,0.018,0.161
297000,0.853,0.009,0.138
297500,0.820,0.028,0.152
298000,0.733,0.009,0.258
298500,0.737,0.051,0.212
299000,0.641,0.060,0.300
299500,0.622,0.032,0.346
300000,0.677,0.028,0.295
300500,0.719,0.032,0.249
301000,0.733,0.041,0.226
301500,0.724,0.018,0.258
302000,0.816,0.014,0.171
302500,0.839,0.005,0.157
303000,0.783,0.023,0.194
303500,0.747,0.009,0.244
304000,0.691,0.023,0.286
304500,0.668,0.055,0.276
305000,0.705,0.051,0.244
305500,0.645,0.065,0.290
306000,0.622,0.060,0.318
306500,0.733,0.028,0.240
307000,0.668,0.060,0.272
307500,0.687,0.046,0.267
308000,0.673,0.060,0.267
308500,0.599,0.115,0.286
309000,0.530,0.074,0.396
309500,0.530,0.101,0.369
310000,0.525,0.129,0.346
310500,0.401,0.249,0.350
311000,0.318,0.212,0.470
311500,0.447,0.175,0.378
312000,0.281,0.244,0.475
312500,0.318,0.235,0.447
313000,0.346,0.272,0.382
313500,0.415,0.175,0.410
314000,0.392,0.203,0.406
314500,0.369,0.147,0.484
315000,0.401,0.180,0.419
315500,0.309,0.249,0.442
316000,0.346,0.194,0.461
316500,0.323,0.203,0.475
317000,0.438,0.157,0.406
317500,0.479,0.180,0.341
318000,0.498,0.138,0.364
318500,0.387,0.194,0.419
319000,0.281,0.175,0.544
319500,0.392,0.221,0.387
320000,0.295,0.286,0.419
320500,0.166,0.419,0.415
321000,0.203,0.369,0.429
321500,0.166,0.429,0.406
322000,0.152,0.438,0.410
322500,0.143,0.539,0.318
323000,0.152,0.419,0.429
323500,0.134,0.382,0.484
324000,0.207,0.346,0.447
324500,0.230,0.341,0.429
325000,0.276,0.286,0.438
325500,0.194,0.382,0.424
326000,0.244,0.387,0.369
326500,0.226,0.267,0.507
327000,0.203,0.373,0.424
327500,0.300,0.253,0.447
328000,0.240,0.286,0.475
328500,0.217,0.346,0.438
329000,0.212,0.369,0.419
329500,0.198,0.419,0.382
330000,0.230,0.410,0.359
330500,0.263,0.272,0.465
331000,0.300,0.313,0.387
331500,0.263,0.313,0.424
332000,0.244,0.327,0.429
332500,0.207,0.318,0.475
333000,0.212,0.336,0.452
333500,0.203,0.392,0.406
334000,0.198,0.447,0.355
334500,0.221,0.336,0.442
335000,0.134,0.521,0.346
335500,0.134,0.419,0.447
336000,0.180,0.369,0.452
336500,0.194,0.346,0.461
337000,0.226,0.382,0.392
337500,0.180,0.341,0.479
338000,0.230,0.341,0.429
338500,0.230,0.392,0.378
339000,0.221,0.447,0.332
339500,0.276,0.300,0.424
340000,0.318,0.253,0.429
340500,0.392,0.166,0.442
341000,0.359,0.230,0.410
341500,0.378,0.226,0.396
342000,0.341,0.203,0.456
342500,0.415,0.175,0.410
343000,0.456,0.189,0.355
343500,0.438,0.175,0.387
344000,0.235,0.332,0.433
344500,0.175,0.359,0.465
345000,0.171,0.382,0.447
345500,0.129,0.479,0.392
346000,0.088,0.512,0.401
346500,0.115,0.465,0.419
347000,0.097,0.521,0.382
347500,0.097,0.576,0.327
348000,0.078,0.507,0.415
348500,0.147,0.475,0.378
349000,0.157,0.461,0.382
349500,0.180,0.461,0.359
350000,0.157,0.433,0.410
350500,0.180,0.392,0.429
351000,0.175,0.406,0.419
351500,0.147,0.452,0.401
352000,0.147,0.304,0.548
352500,0.171,0.378,0.452
353000,0.175,0.359,0.465
353500,0.111,0.484,0.406
354000,0.189,0.332,0.479
354500,0.240,0.332,0.429
355000,0.263,0.327,0.410
355500,0.212,0.286,0.502
356000,0.258,0.313,0.429
356500,0.276,0.276,0.447
357000,0.203,0.290,0.507
357500,0.184,0.387,0.429
358000,0.111,0.470,0.419
358500,0.120,0.493,0.387
359000,0.092,0.553,0.355
359500,0.069,0.673,0.258
360000,0.051,0.641,0.309
360500,0.065,0.691,0.244
361000,0.074,0.627,0.300
361500,0.065,0.631,0.304
362000,0.078,0.622,0.300
362500,0.051,0.599,0.350
363000,0.134,0.502,0.364
363500,0.101,0.539,0.359
364000,0.069,0.539,0.392
364500,0.065,0.585,0.350
365000,0.083,0.585,0.332
365500,0.055,0.636,0.309
366000,0.069,0.604,0.327
366500,0.055,0.682,0.263
367000,0.041,0.691,0.267
367500,0.074,0.544,0.382
368000,0.115,0.493,0.392
368500,0.074,0.636,0.290
369000,0.092,0.521,0.387
369500,0.092,0.488,0.419
370000,0.092,0.553,0.355
370500,0.069,0.479,0.452
371000,0.092,0.406,0.502
371500,0.120,0.470,0.410
372000,0.097,0.544,0.359
372500,0.111,0.567,0.323
373000,0.092,0.535,0.373
373500,0.106,0.461,0.433
374000,0.051,0.539,0.410
374500,0.051,0.608,0.341
375000,0.106,0.530,0.364
375500,0.041,0.576,0.382
376000,0.083,0.544,0.373
376500,0.074,0.544,0.382
377000,0.083,0.530,0.387
377500,0.171,0.415,0.415
378000,0.106,0.406,0.488
378500,0.120,0.419,0.461
379000,0.166,0.346,0.488
379500,0.212,0.276,0.512
380000,0.249,0.401,0.350
380500,0.221,0.373,0.406
381000,0.221,0.286,0.493
381500,0.212,0.336,0.452
382000,0.281,0.244,0.475
382500,0.276,0.309,0.415
383000,0.235,0.290,0.475
383500,0.309,0.267,0.424
384000,0.392,0.217,0.392
384500,0.276,0.272,0.452
385000,0.332,0.189,0.479
385500,0.350,0.203,0.447
386000,0.438,0.143,0.419
386500,0.258,0.244,0.498
387000,0.313,0.226,0.461
387500,0.286,0.212,0.502
388000,0.258,0.327,0.415
388500,0.290,0.249,0.461
389000,0.235,0.336,0.429
389500,0.217,0.309,0.475
390000,0.230,0.300,0.470
390500,0.230,0.221,0.548
391000,0.253,0.341,0.406
391500,0.226,0.387,0.387
392000,0.166,0.415,0.419
392500,0.253,0.332,0.415
393000,0.198,0.313,0.488
393500,0.120,0.364,0.516
394000,0.078,0.493,0.429
394500,0.147,0.461,0.392
395000,0.134,0.355,0.512
395500,0.194,0.309,0.498
396000,0.286,0.203,0.512
396500,0.226,0.332,0.442
397000,0.161,0.350,0.488
397500,0.184,0.378,0.438
398000,0.212,0.332,0.456
398500,0.263,0.249,0.488
399000,0.230,0.295,0.475
399500,0.217,0.341,0.442
400000,0.226,0.323,0.452
400500,0.276,0.313,0.410
401000,0.350,0.253,0.396
401500,0.318,0.272,0.410
402000,0.327,0.212,0.461
402500,0.346,0.226,0.429
403000,0.304,0.267,0.429
403500,0.355,0.180,0.465
404000,0.461,0.180,0.359
404500,0.447,0.157,0.396
405000,0.447,0.120,0.433
405500,0.470,0.134,0.396
406000,0.410,0.189,0.401
406500,0.438,0.194,0.369
407000,0.479,0.184,0.336
407500,0.475,0.106,0.419
408000,0.502,0.092,0.406
408500,0.535,0.083,0.382
409000,0.456,0.111,0.433
409500,0.332,0.235,0.433
410000,0.281,0.240,0.479
410500,0.300,0.240,0.461
411000,0.253,0.240,0.507
411500,0.244,0.267,0.488
412000,0.175,0.373,0.452
412500,0.212,0.406,0.382
413000,0.143,0.484,0.373
413500,0.147,0.461,0.392
414000,0.115,0.406,0.479
414500,0.111,0.442,0.447
415000,0.166,0.369,0.465
415500,0.198,0.327,0.475
416000,0.244,0.346,0.410
416500,0.134,0.396,0.470
417000,0.198,0.364,0.438
417500,0.336,0.258,0.406
418000,0.221,0.267,0.512
418500,0.189,0.369,0.442
419000,0.180,0.369,0.452
419500,0.138,0.295,0.567
420000,0.286,0.253,0.461
420500,0.276,0.258,0.465
421000,0.290,0.276,0.433
421500,0.253,0.240,0.507
422000,0.327,0.240,0.433
422500,0.318,0.258,0.424
423000,0.300,0.323,0.378
423500,0.207,0.194,0.599
424000,0.323,0.207,0.470
424500,0.341,0.217,0.442
425000,0.346,0.249,0.406
425500,0.244,0.272,0.484
426000,0.212,0.313,0.475
426500,0.147,0.336,0.516
427000,0.171,0.456,0.373
427500,0.055,0.594,0.350
428000,0.106,0.525,0.369
428500,0.180,0.498,0.323
429000,0.101,0.535,0.364
429500,0.129,0.488,0.382
430000,0.134,0.447,0.419
430500,0.212,0.424,0.364
431000,0.157,0.419,0.424
431500,0.175,0.387,0.438
432000,0.189,0.327,0.484
432500,0.300,0.240,0.461
433000,0.332,0.157,0.512
433500,0.318,0.217,0.465
434000,0.341,0.180,0.479
434500,0.318,0.235,0.447
435000,0.359,0.184,0.456
435500,0.336,0.207,0.456
436000,0.332,0.171,0.498
436500,0.350,0.217,0.433
437000,0.355,0.226,0.419
437500,0.401,0.180,0.419
438000,0.442,0.147,0.410
438500,0.401,0.157,0.442
439000,0.452,0.180,0.369
439500,0.581,0.129,0.290
440000,0.535,0.088,0.378
440500,0.433,0.124,0.442
441000,0.429,0.166,0.406
441500,0.424,0.152,0.424
442000,0.429,0.175,0.396
442500,0.401,0.207,0.392
443000,0.341,0.253,0.406
443500,0.332,0.253,0.415
444000,0.392,0.194,0.415
444500,0.369,0.226,0.406
445000,0.373,0.207,0.419
445500,0.341,0.286,0.373
446000,0.253,0.313,0.433
446500,0.217,0.318,0.465
447000,0.244,0.295,0.461
447500,0.184,0.373,0.442
448000,0.143,0.488,0.369
448500,0.115,0.424,0.461
449000,0.115,0.438,0.447
449500,0.120,0.488,0.392
450000,0.134,0.470,0.396
450500,0.180,0.396,0.424
451000,0.166,0.401,0.433
451500,0.175,0.359,0.465
452000,0.171,0.406,0.424
452500,0.157,0.387,0.456
453000,0.147,0.424,0.429
453500,0.111,0.493,0.396
454000,0.120,0.512,0.369
454500,0.134,0.429,0.438
455000,0.184,0.392,0.424
455500,0.157,0.456,0.387
456000,0.171,0.415,0.415
456500,0.152,0.419,0.429
457000,0.221,0.313,0.465
457500,0.249,0.318,0.433
458000,0.300,0.286,0.415
458500,0.249,0.355,0.396
459000,0.240,0.359,0.401
459500,0.235,0.295,0.470
460000,0.336,0.249,0.415
460500,0.396,0.212,0.392
461000,0.415,0.203,0.382
461500,0.493,0.129,0.378
462000,0.475,0.134,0.392
462500,0.401,0.166,0.433
463000,0.341,0.166,0.493
463500,0.410,0.152,0.438
464000,0.456,0.143,0.401
464500,0.433,0.129,0.438
465000,0.410,0.134,0.456
465500,0.373,0.157,0.470
466000,0.313,0.175,0.512
466500,0.424,0.111,0.465
467000,0.475,0.120,0.406
467500,0.488,0.106,0.406
468000,0.590,0.078,0.332
468500,0.553,0.097,0.350
469000,0.530,0.115,0.355
469500,0.525,0.065,0.410
470000,0.442,0.120,0.438
470500,0.516,0.065,0.419
471000,0.581,0.055,0.364
471500,0.618,0.046,0.336
472000,0.604,0.055,0.341
472500,0.516,0.083,0.401
473000,0.521,0.134,0.346
473500,0.410,0.124,0.465
474000,0.401,0.171,0.429
474500,0.378,0.194,0.429
475000,0.323,0.226,0.452
475500,0.286,0.300,0.415
476000,0.189,0.341,0.470
476500,0.207,0.355,0.438
477000,0.175,0.410,0.415
477500,0.217,0.318,0.465
478000,0.249,0.313,0.438
478500,0.323,0.235,0.442
479000,0.350,0.240,0.410
479500,0.392,0.134,0.475
480000,0.465,0.134,0.401
480500,0.341,0.267,0.392
481000,0.406,0.157,0.438
481500,0.401,0.161,0.438
482000,0.452,0.152,0.396
482500,0.387,0.226,0.387
483000,0.410,0.175,0.415
483500,0.447,0.180,0.373
484000,0.576,0.120,0.304
484500,0.571,0.088,0.341
485000,0.512,0.120,0.369
485500,0.488,0.166,0.346
486000,0.484,0.120,0.396
486500,0.438,0.111,0.452
487000,0.484,0.083,0.433
487500,0.507,0.124,0.369
488000,0.438,0.175,0.387
488500,0.387,0.221,0.392
489000,0.392,0.198,0.410
489500,0.359,0.180,0.461
490000,0.244,0.313,0.442
490500,0.295,0.286,0.419
491000,0.369,0.198,0.433
491500,0.346,0.244,0.410
492000,0.373,0.226,0.401
492500,0.327,0.203,0.470
493000,0.396,0.147,0.456
493500,0.369,0.212,0.419
494000,0.341,0.212,0.447
494500,0.479,0.106,0.415
495000,0.512,0.106,0.382
495500,0.461,0.115,0.424
496000,0.447,0.083,0.470
496500,0.447,0.161,0.392
497000,0.479,0.152,0.369
497500,0.461,0.147,0.392
498000,0.516,0.083,0.401
498500,0.406,0.129,0.465
499000,0.359,0.134,0.507
499500,0.456,0.120,0.424
500000,0.498,0.152,0.350
500500,0.484,0.124,0.392
501000,0.475,0.088,0.438
501500,0.424,0.175,0.401
502000,0.318,0.235,0.447
502500,0.212,0.295,0.493
503000,0.323,0.240,0.438
503500,0.281,0.258,0.461
504000,0.346,0.253,0.401
504500,0.281,0.230,0.488
505000,0.267,0.318,0.415
505500,0.253,0.313,0.433
506000,0.253,0.221,0.525
506500,0.378,0.212,0.410
507000,0.387,0.207,0.406
507500,0.415,0.166,0.419
508000,0.373,0.152,0.475
508500,0.323,0.189,0.488
509000,0.346,0.171,0.484
509500,0.359,0.226,0.415
510000,0.272,0.272,0.456
510500,0.235,0.318,0.447
511000,0.323,0.230,0.447
511500,0.369,0.207,0.424
512000,0.276,0.258,0.465
512500,0.244,0.276,0.479
513000,0.350,0.221,0.429
513500,0.438,0.184,0.378
514000,0.433,0.157,0.410
514500,0.410,0.157,0.433
515000,0.258,0.341,0.401
515500,0.226,0.290,0.484
516000,0.276,0.350,0.373
516500,0.221,0.332,0.447
517000,0.212,0.318,0.470
517500,0.235,0.332,0.433
518000,0.171,0.341,0.488
518500,0.157,0.410,0.433
519000,0.129,0.475,0.396
519500,0.115,0.433,0.452
520000,0.180,0.438,0.382
520500,0.226,0.392,0.382
521000,0.184,0.392,0.424
521500,0.078,0.470,0.452
522000,0.069,0.525,0.406
522500,0.069,0.539,0.392
523000,0.083,0.553,0.364
523500,0.046,0.627,0.327
524000,0.060,0.608,0.332
524500,0.051,0.641,0.309
525000,0.023,0.613,0.364
525500,0.074,0.668,0.258
526000,0.037,0.687,0.276
526500,0.051,0.641,0.309
527000,0.055,0.668,0.276
527500,0.028,0.710,0.263
528000,0.046,0.728,0.226
528500,0.041,0.710,0.249
529000,0.023,0.806,0.171
529500,0.028,0.820,0.152
530000,0.023,0.820,0.157
530500,0.018,0.783,0.198
531000,0.028,0.747,0.226
531500,0.018,0.724,0.258
532000,0.041,0.742,0.217
532500,0.018,0.774,0.207
533000,0.014,0.783,0.203
533500,0.028,0.820,0.152
534000,0.055,0.714,0.230
534500,0.028,0.728,0.244
535000,0.023,0.733,0.244
535500,0.055,0.650,0.295
536000,0.060,0.618,0.323
536500,0.051,0.710,0.240
537000,0.046,0.742,0.212
537500,0.018,0.779,0.203
538000,0.032,0.756,0.212
538500,0.014,0.783,0.203
539000,0.023,0.728,0.249
539500,0.014,0.747,0.240
540000,0.000,0.866,0.134
540500,0.000,0.876,0.124
541000,0.000,0.885,0.115
541500,0.005,0.843,0.152
542000,0.009,0.848,0.143
542500,0.000,0.788,0.212
543000,0.028,0.724,0.249
543500,0.037,0.714,0.249
544000,0.009,0.770,0.221
544500,0.028,0.691,0.281
545000,0.028,0.687,0.286
545500,0.014,0.783,0.203
546000,0.005,0.705,0.290
546500,0.018,0.710,0.272
547000,0.018,0.728,0.253
547500,0.000,0.811,0.189
548000,0.014,0.834,0.152
548500,0.018,0.719,0.263
549000,0.009,0.793,0.198
549500,0.018,0.816,0.166
550000,0.009,0.774,0.217
550500,0.023,0.820,0.157
551000,0.032,0.733,0.235
551500,0.032,0.705,0.263
552000,0.014,0.710,0.276
552500,0.083,0.728,0.189
553000,0.041,0.779,0.180
553500,0.018,0.788,0.194
554000,0.037,0.714,0.249
554500,0.037,0.664,0.300
555000,0.083,0.622,0.295
555500,0.101,0.576,0.323
556000,0.088,0.535,0.378
556500,0.051,0.641,0.309
557000,0.069,0.627,0.304
557500,0.069,0.622,0.309
558000,0.092,0.521,0.387
558500,0.101,0.484,0.415
559000,0.083,0.498,0.419
559500,0.147,0.470,0.382
560000,0.175,0.415,0.410
560500,0.078,0.442,0.479
561000,0.106,0.479,0.415
561500,0.157,0.355,0.488
562000,0.217,0.350,0.433
562500,0.221,0.373,0.406
563000,0.189,0.396,0.415
563500,0.198,0.382,0.419
564000,0.272,0.290,0.438
564500,0.244,0.346,0.410
565000,0.212,0.359,0.429
565500,0.226,0.387,0.387
566000,0.244,0.290,0.465
566500,0.281,0.332,0.387
567000,0.332,0.341,0.327
567500,0.290,0.295,0.415
568000,0.295,0.240,0.465
568500,0.327,0.235,0.438
569000,0.332,0.258,0.410
569500,0.235,0.276,0.488
570000,0.258,0.276,0.465
570500,0.212,0.364,0.424
571000,0.300,0.327,0.373
571500,0.290,0.189,0.521
572000,0.295,0.180,0.525
572500,0.300,0.281,0.419
573000,0.341,0.226,0.433
573500,0.433,0.143,0.424
574000,0.535,0.124,0.341
574500,0.359,0.180,0.461
575000,0.332,0.263,0.406
575500,0.295,0.249,0.456
576000,0.341,0.226,0.433
576500,0.332,0.249,0.419
577000,0.290,0.221,0.488
577500,0.336,0.235,0.429
578000,0.281,0.212,0.507
578500,0.327,0.221,0.452
579000,0.350,0.194,0.456
579500,0.309,0.263,0.429
580000,0.313,0.240,0.447
580500,0.323,0.286,0.392
581000,0.406,0.157,0.438
581500,0.470,0.152,0.378
582000,0.447,0.161,0.392
582500,0.369,0.198,0.433
583000,0.318,0.198,0.484
583500,0.267,0.336,0.396
584000,0.161,0.304,0.535
584500,0.318,0.212,0.470
585000,0.341,0.207,0.452
585500,0.304,0.217,0.479
586000,0.341,0.244,0.415
586500,0.318,0.258,0.424
587000,0.226,0.369,0.406
587500,0.152,0.359,0.488
588000,0.235,0.290,0.475
588500,0.300,0.327,0.373
589000,0.281,0.253,0.465
589500,0.267,0.281,0.452
590000,0.300,0.226,0.475
590500,0.281,0.290,0.429
591000,0.207,0.382,0.410
591500,0.249,0.276,0.475
592000,0.240,0.286,0.475
592500,0.258,0.304,0.438
593000,0.198,0.355,0.447
593500,0.304,0.240,0.456
594000,0.341,0.184,0.475
594500,0.498,0.092,0.410
595000,0.562,0.055,0.382
595500,0.645,0.051,0.304
596000,0.668,0.060,0.272
596500,0.498,0.092,0.410
597000,0.631,0.051,0.318
597500,0.659,0.037,0.304
598000,0.719,0.023,0.258
598500,0.687,0.041,0.272
599000,0.710,0.055,0.235
599500,0.641,0.046,0.313
600000,0.530,0.106,0.364
600500,0.618,0.083,0.300
601000,0.562,0.051,0.387
601500,0.502,0.097,0.401
602000,0.544,0.115,0.341
602500,0.502,0.101,0.396
603000,0.475,0.124,0.401
603500,0.433,0.147,0.419
604000,0.488,0.143,0.369
604500,0.424,0.147,0.429
605000,0.378,0.180,0.442
605500,0.424,0.180,0.396
606000,0.369,0.230,0.401
606500,0.364,0.244,0.392
607000,0.318,0.240,0.442
607500,0.212,0.341,0.447
608000,0.258,0.323,0.419
608500,0.161,0.429,0.410
609000,0.134,0.470,0.396
609500,0.166,0.488,0.346
610000,0.180,0.323,0.498
610500,0.212,0.369,0.419
611000,0.207,0.350,0.442
611500,0.184,0.373,0.442
612000,0.180,0.452,0.369
612500,0.189,0.350,0.461
613000,0.147,0.373,0.479
613500,0.152,0.429,0.419
614000,0.203,0.327,0.470
614500,0.226,0.327,0.447
615000,0.240,0.327,0.433
615500,0.147,0.429,0.424
616000,0.101,0.507,0.392
616500,0.060,0.599,0.341
617000,0.023,0.668,0.309
617500,0.046,0.677,0.276
618000,0.032,0.779,0.189
618500,0.041,0.714,0.244
619000,0.037,0.770,0.194
619500,0.046,0.700,0.253
620000,0.032,0.770,0.198
620500,0.032,0.751,0.217
621000,0.032,0.737,0.230
621500,0.037,0.691,0.272
622000,0.023,0.700,0.276
622500,0.055,0.728,0.217
623000,0.065,0.604,0.332
623500,0.069,0.585,0.346
624000,0.092,0.627,0.281
624500,0.083,0.631,0.286
625000,0.060,0.599,0.341
625500,0.046,0.581,0.373
626000,0.041,0.627,0.332
626500,0.078,0.599,0.323
627000,0.065,0.539,0.396
627500,0.101,0.544,0.355
628000,0.157,0.539,0.304
628500,0.124,0.507,0.369
629000,0.106,0.470,0.424
629500,0.129,0.396,0.475
630000,0.092,0.567,0.341
630500,0.101,0.516,0.382
631000,0.152,0.512,0.336
631500,0.138,0.396,0.465
632000,0.147,0.387,0.465
632500,0.194,0.438,0.369
633000,0.171,0.507,0.323
633500,0.152,0.502,0.346
634000,0.101,0.484,0.415
634500,0.147,0.502,0.350
635000,0.120,0.475,0.406
635500,0.124,0.539,0.336
636000,0.069,0.553,0.378
636500,0.083,0.599,0.318
637000,0.092,0.571,0.336
637500,0.106,0.576,0.318
638000,0.074,0.664,0.263
638500,0.115,0.585,0.300
639000,0.074,0.539,0.387
639500,0.101,0.571,0.327
640000,0.069,0.562,0.369
640500,0.111,0.512,0.378
641000,0.147,0.488,0.364
641500,0.138,0.461,0.401
642000,0.175,0.406,0.419
642500,0.166,0.341,0.493
643000,0.198,0.346,0.456
643500,0.134,0.424,0.442
644000,0.106,0.488,0.406
644500,0.143,0.452,0.406
645000,0.198,0.456,0.346
645500,0.157,0.406,0.438
646000,0.138,0.507,0.355
646500,0.175,0.456,0.369
647000,0.124,0.475,0.401
647500,0.115,0.521,0.364
648000,0.088,0.530,0.382
648500,0.106,0.535,0.359
649000,0.088,0.608,0.304
649500,0.092,0.654,0.253
650000,0.074,0.636,0.290
650500,0.088,0.562,0.350
651000,0.111,0.567,0.323
651500,0.092,0.475,0.433
652000,0.129,0.544,0.327
652500,0.143,0.465,0.392
653000,0.092,0.419,0.488
653500,0.147,0.346,0.507
654000,0.249,0.276,0.475
654500,0.226,0.336,0.438
655000,0.217,0.304,0.479
655500,0.461,0.143,0.396
656000,0.516,0.147,0.336
656500,0.599,0.111,0.290
657000,0.613,0.046,0.341
657500,0.659,0.060,0.281
658000,0.724,0.041,0.235
658500,0.645,0.046,0.309
659000,0.691,0.032,0.276
659500,0.631,0.051,0.318
660000,0.696,0.028,0.276
660500,0.594,0.041,0.364
661000,0.585,0.055,0.359
661500,0.604,0.083,0.313
662000,0.641,0.097,0.263
662500,0.530,0.046,0.424
663000,0.539,0.083,0.378
663500,0.594,0.078,0.327
664000,0.548,0.097,0.355
664500,0.539,0.124,0.336
665000,0.521,0.129,0.350
665500,0.544,0.074,0.382
666000,0.548,0.106,0.346
666500,0.470,0.115,0.415
667000,0.378,0.198,0.424
667500,0.429,0.115,0.456
668000,0.581,0.111,0.309
668500,0.604,0.111,0.286
669000,0.571,0.074,0.355
669500,0.585,0.092,0.323
670000,0.544,0.092,0.364
670500,0.558,0.097,0.346
671000,0.461,0.147,0.392
671500,0.442,0.171,0.387
672000,0.438,0.175,0.387
672500,0.452,0.147,0.401
673000,0.429,0.120,0.452
673500,0.442,0.106,0.452
674000,0.429,0.147,0.424
674500,0.447,0.111,0.442
675000,0.401,0.143,0.456
675500,0.415,0.147,0.438
676000,0.530,0.120,0.350
676500,0.498,0.184,0.318
677000,0.382,0.240,0.378
677500,0.359,0.221,0.419
678000,0.267,0.253,0.479
678500,0.300,0.203,0.498
679000,0.304,0.194,0.502
679500,0.410,0.171,0.419
680000,0.332,0.180,0.488
680500,0.387,0.189,0.424
681000,0.392,0.166,0.442
681500,0.369,0.240,0.392
682000,0.382,0.194,0.424
682500,0.419,0.147,0.433
683000,0.410,0.147,0.442
683500,0.461,0.166,0.373
684000,0.461,0.115,0.424
684500,0.401,0.157,0.442
685000,0.341,0.194,0.465
685500,0.332,0.217,0.452
686000,0.332,0.281,0.387
686500,0.240,0.313,0.447
687000,0.244,0.258,0.498
687500,0.341,0.263,0.396
688000,0.341,0.309,0.350
688500,0.267,0.267,0.465
689000,0.258,0.295,0.447
689500,0.157,0.323,0.521
690000,0.198,0.300,0.502
690500,0.171,0.410,0.419
691000,0.180,0.484,0.336
691500,0.120,0.479,0.401
692000,0.097,0.512,0.392
692500,0.120,0.461,0.419
693000,0.115,0.479,0.406
693500,0.101,0.502,0.396
694000,0.060,0.530,0.410
694500,0.088,0.544,0.369
695000,0.065,0.608,0.327
695500,0.065,0.590,0.346
696000,0.055,0.677,0.267
696500,0.023,0.682,0.295
697000,0.009,0.751,0.240
697500,0.009,0.765,0.226
698000,0.028,0.733,0.240
698500,0.060,0.714,0.226
699000,0.037,0.696,0.267
699500,0.060,0.696,0.244
700000,0.074,0.668,0.258
700500,0.074,0.604,0.323
701000,0.060,0.576,0.364
701500,0.051,0.645,0.304
702000,0.051,0.673,0.276
702500,0.055,0.590,0.355
703000,0.065,0.641,0.295
703500,0.106,0.581,0.313
704000,0.106,0.488,0.406
704500,0.129,0.507,0.364
705000,0.088,0.512,0.401
705500,0.180,0.433,0.387
706000,0.152,0.355,0.493
706500,0.166,0.415,0.419
707000,0.180,0.369,0.452
707500,0.175,0.373,0.452
708000,0.175,0.438,0.387
708500,0.120,0.479,0.401
709000,0.120,0.530,0.350
709500,0.060,0.599,0.341
710000,0.101,0.627,0.272
710500,0.115,0.525,0.359
711000,0.115,0.507,0.378
711500,0.124,0.456,0.419
712000,0.106,0.465,0.429
712500,0.152,0.442,0.406
713000,0.120,0.535,0.346
713500,0.101,0.544,0.355
714000,0.088,0.475,0.438
714500,0.138,0.410,0.452
715000,0.166,0.465,0.369
715500,0.129,0.452,0.419
716000,0.157,0.387,0.456
716500,0.207,0.429,0.364
717000,0.230,0.332,0.438
717500,0.276,0.286,0.438
718000,0.392,0.189,0.419
718500,0.378,0.124,0.498
719000,0.410,0.171,0.419
719500,0.484,0.097,0.419
720000,0.447,0.175,0.378
720500,0.359,0.203,0.438
721000,0.410,0.207,0.382
721500,0.341,0.212,0.447
722000,0.327,0.276,0.396
722500,0.346,0.212,0.442
723000,0.286,0.295,0.419
723500,0.355,0.226,0.419
724000,0.378,0.194,0.429
724500,0.452,0.157,0.392
725000,0.512,0.120,0.369
725500,0.479,0.207,0.313
726000,0.465,0.184,0.350
726500,0.493,0.115,0.392
727000,0.456,0.120,0.424
727500,0.387,0.207,0.406
728000,0.419,0.097,0.484
728500,0.396,0.143,0.461
729000,0.336,0.212,0.452
729500,0.313,0.230,0.456
730000,0.323,0.217,0.461
730500,0.286,0.226,0.488
731000,0.318,0.207,0.475
731500,0.267,0.267,0.465
732000,0.207,0.281,0.512
732500,0.217,0.300,0.484
733000,0.175,0.392,0.433
733500,0.198,0.300,0.502
734000,0.258,0.281,0.461
734500,0.290,0.318,0.392
735000,0.295,0.313,0.392
735500,0.244,0.355,0.401
736000,0.249,0.355,0.396
736500,0.309,0.244,0.447
737000,0.378,0.267,0.355
737500,0.217,0.346,0.438
738000,0.226,0.318,0.456
738500,0.230,0.369,0.401
739000,0.194,0.415,0.392
739500,0.129,0.470,0.401
740000,0.124,0.447,0.429
740500,0.115,0.470,0.415
741000,0.106,0.456,0.438
741500,0.171,0.415,0.415
742000,0.143,0.456,0.401
742500,0.161,0.438,0.401
743000,0.207,0.378,0.415
743500,0.212,0.355,0.433
744000,0.101,0.438,0.461
744500,0.078,0.488,0.433
745000,0.083,0.498,0.419
745500,0.101,0.498,0.401
746000,0.111,0.433,0.456
746500,0.157,0.493,0.350
747000,0.157,0.396,0.447
747500,0.138,0.415,0.447
748000,0.166,0.406,0.429
748500,0.244,0.392,0.364
749000,0.138,0.475,0.387
749500,0.129,0.415,0.456
750000,0.143,0.373,0.484
750500,0.203,0.369,0.429
751000,0.134,0.442,0.424
751500,0.134,0.452,0.415
752000,0.106,0.484,0.410
752500,0.157,0.424,0.419
753000,0.143,0.447,0.410
753500,0.184,0.350,0.465
754000,0.157,0.313,0.530
754500,0.161,0.378,0.461
755000,0.267,0.304,0.429
755500,0.235,0.359,0.406
756000,0.152,0.382,0.465
756500,0.078,0.479,0.442
757000,0.083,0.479,0.438
757500,0.115,0.479,0.406
758000,0.129,0.479,0.392
758500,0.111,0.452,0.438
759000,0.083,0.512,0.406
759500,0.115,0.484,0.401
760000,0.124,0.442,0.433
760500,0.235,0.318,0.447
761000,0.212,0.304,0.484
761500,0.212,0.323,0.465
762000,0.184,0.281,0.535
762500,0.276,0.240,0.484
763000,0.355,0.198,0.447
763500,0.502,0.175,0.323
764000,0.465,0.106,0.429
764500,0.484,0.106,0.410
765000,0.581,0.092,0.327
765500,0.585,0.092,0.323
766000,0.668,0.055,0.276
766500,0.553,0.060,0.387
767000,0.512,0.069,0.419
767500,0.424,0.152,0.424
768000,0.369,0.147,0.484
768500,0.290,0.171,0.539
769000,0.410,0.115,0.475
769500,0.447,0.134,0.419
770000,0.475,0.143,0.382
770500,0.530,0.129,0.341
771000,0.498,0.097,0.406
771500,0.544,0.120,0.336
772000,0.502,0.092,0.406
772500,0.553,0.111,0.336
773000,0.567,0.101,0.332
773500,0.553,0.097,0.350
774000,0.567,0.092,0.341
774500,0.608,0.088,0.304
775000,0.562,0.115,0.323
775500,0.553,0.088,0.359
776000,0.401,0.138,0.461
776500,0.419,0.157,0.424
777000,0.346,0.194,0.461
777500,0.396,0.166,0.438
778000,0.387,0.230,0.382
778500,0.300,0.263,0.438
779000,0.332,0.240,0.429
779500,0.392,0.189,0.419
780000,0.369,0.221,0.410
780500,0.429,0.212,0.359
781000,0.410,0.171,0.419
781500,0.401,0.166,0.433
782000,0.401,0.221,0.378
782500,0.346,0.295,0.359
783000,0.253,0.300,0.447
783500,0.198,0.313,0.488
784000,0.092,0.507,0.401
784500,0.161,0.452,0.387
785000,0.157,0.461,0.382
785500,0.226,0.332,0.442
786000,0.244,0.327,0.429
786500,0.253,0.373,0.373
787000,0.171,0.355,0.475
787500,0.258,0.281,0.461
788000,0.194,0.318,0.488
788500,0.212,0.300,0.488
789000,0.300,0.267,0.433
789500,0.336,0.175,0.488
790000,0.387,0.184,0.429
790500,0.323,0.203,0.475
791000,0.318,0.286,0.396
791500,0.295,0.286,0.419
792000,0.290,0.267,0.442
792500,0.286,0.300,0.415
793000,0.309,0.226,0.465
793500,0.226,0.355,0.419
794000,0.249,0.313,0.438
794500,0.253,0.249,0.498
795000,0.249,0.286,0.465
795500,0.249,0.230,0.521
796000,0.249,0.286,0.465
796500,0.240,0.258,0.502
797000,0.382,0.221,0.396
797500,0.355,0.240,0.406
798000,0.535,0.134,0.332
798500,0.512,0.115,0.373
799000,0.424,0.175,0.401
799500,0.424,0.115,0.461
800000,0.553,0.106,0.341
800500,0.539,0.115,0.346
801000,0.516,0.088,0.396
801500,0.493,0.157,0.350
802000,0.433,0.129,0.438
802500,0.406,0.161,0.433
803000,0.442,0.161,0.396
803500,0.419,0.171,0.410
804000,0.364,0.194,0.442
804500,0.479,0.124,0.396
805000,0.419,0.120,0.461
805500,0.498,0.106,0.396
806000,0.581,0.106,0.313
806500,0.512,0.138,0.350
807000,0.373,0.161,0.465
807500,0.401,0.207,0.392
808000,0.415,0.157,0.429
808500,0.475,0.157,0.369
809000,0.442,0.194,0.364
809500,0.401,0.189,0.410
810000,0.364,0.226,0.410
810500,0.382,0.184,0.433
811000,0.323,0.138,0.539
811500,0.355,0.147,0.498
812000,0.300,0.198,0.502
812500,0.263,0.286,0.452
813000,0.313,0.212,0.475
813500,0.350,0.207,0.442
814000,0.355,0.217,0.429
814500,0.364,0.235,0.401
815000,0.401,0.198,0.401
815500,0.475,0.115,0.410
816000,0.442,0.134,0.424
816500,0.581,0.074,0.346
817000,0.516,0.120,0.364
817500,0.493,0.161,0.346
818000,0.401,0.161,0.438
818500,0.553,0.069,0.378
819000,0.424,0.157,0.419
819500,0.355,0.194,0.452
820000,0.313,0.230,0.456
820500,0.346,0.180,0.475
821000,0.447,0.180,0.373
821500,0.452,0.138,0.410
822000,0.359,0.217,0.424
822500,0.318,0.157,0.525
823000,0.235,0.281,0.484
823500,0.336,0.240,0.424
824000,0.309,0.226,0.465
824500,0.304,0.198,0.498
825000,0.286,0.189,0.525
825500,0.378,0.212,0.410
826000,0.429,0.152,0.419
826500,0.327,0.203,0.470
827000,0.336,0.198,0.465
827500,0.378,0.240,0.382
828000,0.332,0.244,0.424
828500,0.313,0.226,0.461
829000,0.350,0.230,0.419
829500,0.286,0.253,0.461
830000,0.286,0.313,0.401
830500,0.263,0.346,0.392
831000,0.194,0.387,0.419
831500,0.207,0.387,0.406
832000,0.184,0.382,0.433
832500,0.240,0.341,0.419
833000,0.203,0.373,0.424
833500,0.212,0.369,0.419
834000,0.226,0.346,0.429
834500,0.249,0.341,0.410
835000,0.180,0.359,0.461
835500,0.184,0.369,0.447
836000,0.180,0.332,0.488
836500,0.212,0.429,0.359
837000,0.106,0.475,0.419
837500,0.055,0.581,0.364
838000,0.115,0.419,0.465
838500,0.106,0.406,0.488
839000,0.120,0.442,0.438
839500,0.152,0.415,0.433
840000,0.184,0.387,0.429
840500,0.157,0.392,0.452
841000,0.161,0.442,0.396
841500,0.203,0.392,0.406
842000,0.138,0.433,0.429
842500,0.189,0.452,0.359
843000,0.166,0.465,0.369
843500,0.097,0.516,0.387
844000,0.097,0.512,0.392
844500,0.134,0.456,0.410
845000,0.115,0.539,0.346
845500,0.115,0.535,0.350
846000,0.152,0.438,0.410
846500,0.147,0.410,0.442
847000,0.207,0.364,0.429
847500,0.147,0.373,0.479
848000,0.143,0.452,0.406
848500,0.138,0.456,0.406
849000,0.166,0.429,0.406
849500,0.175,0.373,0.452
850000,0.217,0.410,0.373
850500,0.184,0.364,0.452
851000,0.198,0.424,0.378
851500,0.198,0.387,0.415
852000,0.166,0.415,0.419
852500,0.129,0.447,0.424
853000,0.157,0.442,0.401
853500,0.161,0.429,0.410
854000,0.074,0.516,0.410
854500,0.065,0.650,0.286
855000,0.041,0.705,0.253
855500,0.074,0.613,0.313
856000,0.060,0.548,0.392
856500,0.069,0.502,0.429
857000,0.083,0.567,0.350
857500,0.092,0.562,0.346
858000,0.069,0.567,0.364
858500,0.088,0.548,0.364
859000,0.051,0.622,0.327
859500,0.083,0.576,0.341
860000,0.060,0.622,0.318
860500,0.065,0.641,0.295
861000,0.032,0.645,0.323
861500,0.065,0.498,0.438
862000,0.074,0.585,0.341
862500,0.092,0.502,0.406
863000,0.097,0.530,0.373
863500,0.046,0.558,0.396
864000,0.065,0.618,0.318
864500,0.065,0.650,0.286
865000,0.055,0.710,0.235
865500,0.074,0.622,0.304
866000,0.051,0.664,0.286
866500,0.092,0.604,0.304
867000,0.074,0.613,0.313
867500,0.041,0.673,0.286
868000,0.037,0.650,0.313
868500,0.041,0.673,0.286
869000,0.074,0.700,0.226
869500,0.046,0.696,0.258
870000,0.051,0.645,0.304
870500,0.065,0.687,0.249
871000,0.032,0.682,0.286
871500,0.069,0.714,0.217
872000,0.032,0.677,0.290
872500,0.060,0.553,0.387
873000,0.106,0.502,0.392
873500,0.115,0.484,0.401
874000,0.161,0.378,0.461
874500,0.240,0.336,0.424
875000,0.327,0.276,0.396
875500,0.230,0.276,0.493
876000,0.276,0.230,0.493
876500,0.313,0.230,0.456
877000,0.332,0.235,0.433
877500,0.203,0.318,0.479
878000,0.226,0.429,0.346
878500,0.138,0.406,0.456
879000,0.235,0.350,0.415
879500,0.184,0.382,0.433
880000,0.129,0.521,0.350
880500,0.083,0.544,0.373
881000,0.065,0.594,0.341
881500,0.101,0.475,0.424
882000,0.124,0.493,0.382
882500,0.074,0.585,0.341
883000,0.101,0.539,0.359
883500,0.171,0.479,0.350
884000,0.134,0.429,0.438
884500,0.166,0.373,0.461
885000,0.230,0.300,0.470
885500,0.230,0.410,0.359
886000,0.171,0.346,0.484
886500,0.171,0.295,0.535
887000,0.240,0.240,0.521
887500,0.286,0.258,0.456
888000,0.258,0.295,0.447
888500,0.194,0.300,0.507
889000,0.272,0.369,0.359
889500,0.263,0.309,0.429
890000,0.290,0.281,0.429
890500,0.258,0.286,0.456
891000,0.226,0.355,0.419
891500,0.249,0.272,0.479
892000,0.286,0.249,0.465
892500,0.295,0.336,0.369
893000,0.244,0.318,0.438
893500,0.318,0.286,0.396
894000,0.300,0.249,0.452
894500,0.276,0.332,0.392
895000,0.221,0.263,0.516
895500,0.313,0.286,0.401
896000,0.341,0.249,0.410
896500,0.304,0.286,0.410
897000,0.267,0.295,0.438
897500,0.263,0.276,0.461
898000,0.281,0.300,0.419
898500,0.267,0.272,0.461
899000,0.300,0.240,0.461
899500,0.157,0.350,0.493
900000,0.198,0.341,0.461
900500,0.189,0.341,0.470
901000,0.171,0.364,0.465
901500,0.217,0.341,0.442
902000,0.263,0.359,0.378
902500,0.207,0.359,0.433
903000,0.244,0.267,0.488
903500,0.286,0.249,0.465
904000,0.290,0.244,0.465
904500,0.249,0.286,0.465
905000,0.203,0.341,0.456
905500,0.161,0.396,0.442
906000,0.184,0.396,0.419
906500,0.120,0.438,0.442
907000,0.147,0.350,0.502
907500,0.147,0.410,0.442
908000,0.235,0.336,0.429
908500,0.309,0.313,0.378
909000,0.318,0.244,0.438
909500,0.355,0.184,0.461
910000,0.373,0.175,0.452
910500,0.295,0.235,0.470
911000,0.369,0.115,0.516
911500,0.470,0.124,0.406
912000,0.419,0.171,0.410
912500,0.327,0.180,0.493
913000,0.396,0.138,0.465
913500,0.364,0.184,0.452
914000,0.433,0.147,0.419
914500,0.558,0.106,0.336
915000,0.461,0.106,0.433
915500,0.521,0.124,0.355
916000,0.613,0.111,0.276
916500,0.548,0.074,0.378
917000,0.558,0.060,0.382
917500,0.567,0.124,0.309
918000,0.562,0.092,0.346
918500,0.525,0.083,0.392
919000,0.535,0.106,0.359
919500,0.544,0.092,0.364
920000,0.567,0.074,0.359
920500,0.535,0.101,0.364
921000,0.461,0.129,0.410
921500,0.493,0.092,0.415
922000,0.553,0.078,0.369
922500,0.507,0.078,0.415
923000,0.544,0.051,0.406
923500,0.493,0.115,0.392
924000,0.465,0.120,0.415
924500,0.447,0.129,0.424
925000,0.539,0.161,0.300
925500,0.396,0.198,0.406
926000,0.309,0.194,0.498
926500,0.438,0.152,0.410
927000,0.433,0.115,0.452
927500,0.470,0.134,0.396
928000,0.447,0.152,0.401
928500,0.369,0.129,0.502
929000,0.447,0.166,0.387
929500,0.461,0.171,0.369
930000,0.484,0.175,0.341
930500,0.373,0.212,0.415
931000,0.323,0.249,0.429
931500,0.332,0.194,0.475
932000,0.438,0.175,0.387
932500,0.410,0.134,0.456
933000,0.479,0.120,0.401
933500,0.488,0.124,0.387
934000,0.479,0.106,0.415
934500,0.544,0.129,0.327
935000,0.498,0.194,0.309
935500,0.382,0.171,0.447
936000,0.359,0.207,0.433
936500,0.433,0.161,0.406
937000,0.392,0.161,0.447
937500,0.410,0.189,0.401
938000,0.419,0.152,0.429
938500,0.392,0.217,0.392
939000,0.475,0.147,0.378
939500,0.456,0.120,0.424
940000,0.512,0.129,0.359
940500,0.521,0.147,0.332
941000,0.461,0.147,0.392
941500,0.493,0.120,0.387
942000,0.396,0.124,0.479
942500,0.438,0.152,0.410
943000,0.336,0.180,0.484
943500,0.304,0.207,0.488
944000,0.346,0.235,0.419
944500,0.295,0.272,0.433
945000,0.263,0.276,0.461
945500,0.221,0.323,0.456
946000,0.235,0.350,0.415
946500,0.152,0.401,0.447
947000,0.111,0.406,0.484
947500,0.106,0.516,0.378
948000,0.111,0.507,0.382
948500,0.138,0.502,0.359
949000,0.166,0.364,0.470
949500,0.212,0.378,0.410
950000,0.203,0.341,0.456
950500,0.124,0.396,0.479
951000,0.226,0.318,0.456
951500,0.212,0.355,0.433
952000,0.272,0.230,0.498
952500,0.235,0.249,0.516
953000,0.304,0.272,0.424
953500,0.240,0.304,0.456
954000,0.318,0.240,0.442
954500,0.378,0.189,0.433
955000,0.309,0.304,0.387
955500,0.447,0.253,0.300
956000,0.456,0.157,0.387
956500,0.479,0.106,0.415
957000,0.585,0.115,0.300
957500,0.553,0.124,0.323
958000,0.544,0.101,0.355
958500,0.530,0.120,0.350
959000,0.521,0.097,0.382
959500,0.378,0.138,0.484
960000,0.341,0.249,0.410
960500,0.341,0.244,0.415
961000,0.373,0.194,0.433
961500,0.350,0.235,0.415
962000,0.424,0.166,0.410
962500,0.341,0.161,0.498
963000,0.410,0.157,0.433
963500,0.304,0.244,0.452
964000,0.318,0.184,0.498
964500,0.336,0.221,0.442
965000,0.327,0.244,0.429
965500,0.304,0.263,0.433
966000,0.295,0.184,0.521
966500,0.438,0.152,0.410
967000,0.378,0.171,0.452
967500,0.461,0.134,0.406
968000,0.498,0.120,0.382
968500,0.585,0.069,0.346
969000,0.521,0.097,0.382
969500,0.571,0.097,0.332
970000,0.382,0.143,0.475
970500,0.498,0.129,0.373
971000,0.373,0.161,0.465
971500,0.350,0.230,0.419
972000,0.295,0.263,0.442
972500,0.373,0.217,0.410
973000,0.429,0.147,0.424
973500,0.373,0.171,0.456
974000,0.392,0.212,0.396
974500,0.369,0.258,0.373
975000,0.276,0.309,0.415
975500,0.207,0.406,0.387
976000,0.189,0.350,0.461
976500,0.249,0.313,0.438
977000,0.382,0.203,0.415
977500,0.318,0.226,0.456
978000,0.336,0.198,0.465
978500,0.401,0.171,0.429
979000,0.452,0.161,0.387
979500,0.470,0.147,0.382
980000,0.433,0.184,0.382
980500,0.355,0.203,0.442
981000,0.346,0.221,0.433
981500,0.406,0.175,0.419
982000,0.429,0.180,0.392
982500,0.498,0.124,0.378
983000,0.484,0.161,0.355
983500,0.424,0.171,0.406
984000,0.382,0.194,0.424
984500,0.447,0.129,0.424
985000,0.373,0.120,0.507
985500,0.424,0.166,0.410
986000,0.447,0.138,0.415
986500,0.470,0.147,0.382
987000,0.419,0.129,0.452
987500,0.539,0.120,0.341
988000,0.433,0.198,0.369
988500,0.433,0.217,0.350
989000,0.323,0.290,0.387
989500,0.249,0.272,0.479
990000,0.230,0.286,0.484
990500,0.230,0.341,0.429
991000,0.281,0.359,0.359
991500,0.212,0.304,0.484
992000,0.240,0.313,0.447
992500,0.203,0.323,0.475
993000,0.184,0.290,0.525
993500,0.194,0.387,0.419
994000,0.221,0.392,0.387
994500,0.230,0.332,0.438
995000,0.184,0.336,0.479
995500,0.230,0.327,0.442
996000,0.207,0.304,0.488
996500,0.212,0.313,0.475
997000,0.152,0.429,0.419
997500,0.138,0.470,0.392
998000,0.129,0.512,0.359
998500,0.134,0.447,0.419
999000,0.147,0.396,0.456
999500,0.161,0.396,0.442
1000000,0.157,0.410,0.433
