time,n_A+p,n_B,n_AB
500,0.050,0.060,0.890
1000,0.444,0.000,0.556
1500,0.455,0.000,0.545
2000,0.308,0.000,0.692
2500,0.364,0.000,0.636
3000,0.405,0.000,0.595
3500,0.363,0.000,0.637
4000,0.408,0.000,0.592
4500,0.437,0.000,0.563
5000,0.458,0.000,0.542
5500,0.438,0.000,0.562
6000,0.388,0.000,0.612
6500,0.348,0.000,0.652
7000,0.494,0.000,0.506
7500,0.285,0.000,0.715
8000,0.515,0.000,0.485
8500,0.327,0.000,0.673
9000,0.364,0.000,0.636
9500,0.412,0.000,0.588
10000,0.404,0.000,0.596
10500,0.491,0.000,0.509
11000,0.424,0.000,0.576
11500,0.365,0.000,0.635
12000,0.363,0.000,0.637
12500,0.236,0.000,0.764
13000,0.412,0.000,0.588
13500,0.428,0.000,0.572
14000,0.332,0.000,0.668
14500,0.587,0.000,0.413
15000,0.383,0.000,0.617
15500,0.427,0.000,0.573
16000,0.341,0.000,0.659
16500,0.375,0.000,0.625
17000,0.311,0.000,0.689
17500,0.471,0.000,0.529
18000,0.347,0.000,0.653
18500,0.530,0.000,0.470
19000,0.423,0.000,0.577
19500,0.196,0.000,0.804
20000,0.548,0.000,0.452
20500,0.505,0.000,0.495
21000,0.385,0.000,0.615
21500,0.384,0.000,0.616
22000,0.515,0.000,0.485
22500,0.371,0.000,0.629
23000,0.432,0.000,0.568
23500,0.280,0.000,0.720
24000,0.471,0.000,0.529
24500,0.488,0.000,0.512
25000,0.329,0.000,0.671
25500,0.301,0.000,0.699
26000,0.394,0.000,0.606
26500,0.452,0.000,0.548
27000,0.628,0.000,0.372
27500,0.415,0.000,0.585
28000,0.388,0.000,0.612
28500,0.428,0.000,0.572
29000,0.366,0.000,0.634
29500,0.440,0.000,0.560
30000,0.529,0.000,0.471
30500,0.341,0.000,0.659
31000,0.359,0.000,0.641
31500,0.277,0.000,0.723
32000,0.388,0.000,0.612
32500,0.466,0.000,0.534
33000,0.666,0.000,0.334
33500,0.542,0.000,0.458
34000,0.532,0.000,0.468
34500,0.450,0.000,0.550
35000,0.284,0.000,0.716
35500,0.281,0.000,0.719
36000,0.367,0.000,0.633
36500,0.332,0.000,0.668
37000,0.205,0.000,0.795
37500,0.408,0.000,0.592
38000,0.518,0.000,0.482
38500,0.580,0.000,0.420
39000,0.630,0.000,0.370
39500,0.448,0.000,0.552
40000,0.328,0.000,0.672
40500,0.325,0.000,0.675
41000,0.623,0.000,0.377
41500,0.387,0.000,0.613
42000,0.546,0.000,0.454
42500,0.317,0.000,0.683
43000,0.423,0.000,0.577
43500,0.377,0.000,0.623
44000,0.311,0.000,0.689
44500,0.366,0.000,0.634
45000,0.425,0.000,0.575
45500,0.342,0.000,0.658
46000,0.431,0.000,0.569
46500,0.421,0.000,0.579
47000,0.338,0.000,0.662
47500,0.277,0.000,0.723
48000,0.395,0.000,0.605
48500,0.363,0.000,0.637
49000,0.628,0.000,0.372
49500,0.401,0.000,0.599
50000,0.332,0.000,0.668
50500,0.282,0.000,0.718
51000,0.294,0.000,0.706
51500,0.435,0.000,0.565
52000,0.434,0.000,0.566
52500,0.401,0.000,0.599
53000,0.262,0.000,0.738
53500,0.499,0.000,0.501
54000,0.346,0.000,0.654
54500,0.289,0.000,0.711
55000,0.368,0.000,0.632
55500,0.365,0.000,0.635
56000,0.409,0.000,0.591
56500,0.432,0.000,0.568
57000,0.437,0.000,0.563
57500,0.357,0.000,0.643
58000,0.416,0.000,0.584
58500,0.512,0.000,0.488
59000,0.457,0.000,0.543
59500,0.494,0.000,0.506
60000,0.509,0.000,0.491
60500,0.352,0.000,0.648
61000,0.373,0.000,0.627
61500,0.411,0.000,0.589
62000,0.290,0.000,0.710
62500,0.406,0.000,0.594
63000,0.334,0.000,0.666
63500,0.374,0.000,0.626
64000,0.387,0.000,0.613
64500,0.292,0.000,0.708
65000,0.381,0.000,0.619
65500,0.395,0.000,0.605
66000,0.360,0.000,0.640
66500,0.511,0.000,0.489
67000,0.421,0.000,0.579
67500,0.252,0.000,0.748
68000,0.296,0.000,0.704
68500,0.285,0.000,0.715
69000,0.331,0.000,0.669
69500,0.460,0.000,0.540
70000,0.412,0.000,0.588
70500,0.377,0.000,0.623
71000,0.311,0.000,0.689
71500,0.415,0.000,0.585
72000,0.359,0.000,0.641
72500,0.396,0.000,0.604
73000,0.176,0.000,0.824
73500,0.355,0.000,0.645
74000,0.328,0.000,0.672
74500,0.443,0.000,0.557
75000,0.392,0.000,0.608
75500,0.445,0.000,0.555
76000,0.368,0.000,0.632
76500,0.563,0.000,0.437
77000,0.308,0.000,0.692
77500,0.440,0.000,0.560
78000,0.373,0.000,0.627
78500,0.387,0.000,0.613
79000,0.429,0.000,0.571
79500,0.444,0.000,0.556
80000,0.487,0.000,0.513
80500,0.658,0.000,0.342
81000,0.512,0.000,0.488
81500,0.327,0.000,0.673
82000,0.503,0.000,0.497
82500,0.261,0.000,0.739
83000,0.360,0.000,0.640
83500,0.394,0.000,0.606
84000,0.426,0.000,0.574
84500,0.368,0.000,0.632
85000,0.381,0.000,0.619
85500,0.395,0.000,0.605
86000,0.320,0.000,0.680
86500,0.368,0.000,0.632
87000,0.369,0.000,0.631
87500,0.360,0.000,0.640
88000,0.461,0.000,0.539
88500,0.453,0.000,0.547
89000,0.375,0.000,0.625
89500,0.336,0.000,0.664
90000,0.350,0.000,0.650
90500,0.402,0.000,0.598
91000,0.425,0.000,0.575
91500,0.403,0.000,0.597
92000,0.489,0.000,0.511
92500,0.421,0.000,0.579
93000,0.363,0.000,0.637
93500,0.494,0.000,0.506
94000,0.341,0.000,0.659
94500,0.404,0.000,0.596
95000,0.301,0.000,0.699
95500,0.347,0.000,0.653
96000,0.352,0.000,0.648
96500,0.319,0.000,0.681
97000,0.543,0.000,0.457
97500,0.390,0.000,0.610
98000,0.457,0.000,0.543
98500,0.440,0.000,0.560
99000,0.330,0.000,0.670
99500,0.377,0.000,0.623
100000,0.426,0.000,0.574
100500,0.452,0.000,0.548
101000,0.406,0.000,0.594
101500,0.334,0.000,0.666
102000,0.351,0.000,0.649
102500,0.427,0.000,0.573
103000,0.361,0.000,0.639
103500,0.407,0.000,0.593
104000,0.298,0.000,0.702
104500,0.304,0.000,0.696
105000,0.618,0.000,0.382
105500,0.378,0.000,0.622
106000,0.336,0.000,0.664
106500,0.397,0.000,0.603
107000,0.467,0.000,0.533
107500,0.403,0.000,0.597
108000,0.477,0.000,0.523
108500,0.346,0.000,0.654
109000,0.406,0.000,0.594
109500,0.460,0.000,0.540
110000,0.328,0.000,0.672
110500,0.347,0.000,0.653
111000,0.417,0.000,0.583
111500,0.250,0.000,0.750
112000,0.416,0.000,0.584
112500,0.457,0.000,0.543
113000,0.280,0.000,0.720
113500,0.499,0.000,0.501
114000,0.421,0.000,0.579
114500,0.310,0.000,0.690
115000,0.542,0.000,0.458
115500,0.334,0.000,0.666
116000,0.359,0.000,0.641
116500,0.400,0.000,0.600
117000,0.425,0.000,0.575
117500,0.343,0.000,0.657
118000,0.323,0.000,0.677
118500,0.314,0.000,0.686
119000,0.429,0.000,0.571
119500,0.504,0.000,0.496
120000,0.541,0.000,0.459
120500,0.522,0.000,0.478
121000,0.591,0.000,0.409
121500,0.378,0.000,0.622
122000,0.297,0.000,0.703
122500,0.576,0.000,0.424
123000,0.533,0.000,0.467
123500,0.550,0.000,0.450
124000,0.549,0.000,0.451
124500,0.300,0.000,0.700
125000,0.445,0.000,0.555
125500,0.434,0.000,0.566
126000,0.370,0.000,0.630
126500,0.346,0.000,0.654
127000,0.406,0.000,0.594
127500,0.417,0.000,0.583
128000,0.403,0.000,0.597
128500,0.453,0.000,0.547
129000,0.323,0.000,0.677
129500,0.276,0.000,0.724
130000,0.482,0.000,0.518
130500,0.404,0.000,0.596
131000,0.537,0.000,0.463
131500,0.494,0.000,0.506
132000,0.328,0.000,0.672
132500,0.305,0.000,0.695
133000,0.513,0.000,0.487
133500,0.650,0.000,0.350
134000,0.541,0.000,0.459
134500,0.447,0.000,0.553
135000,0.430,0.000,0.570
135500,0.377,0.000,0.623
136000,0.382,0.000,0.618
136500,0.437,0.000,0.563
137000,0.413,0.000,0.587
137500,0.489,0.000,0.511
138000,0.427,0.000,0.573
138500,0.355,0.000,0.645
139000,0.345,0.000,0.655
139500,0.475,0.000,0.525
140000,0.341,0.000,0.659
140500,0.561,0.000,0.439
141000,0.558,0.000,0.442
141500,0.467,0.000,0.533
142000,0.550,0.000,0.450
142500,0.395,0.000,0.605
143000,0.524,0.000,0.476
143500,0.410,0.000,0.590
144000,0.464,0.000,0.536
144500,0.386,0.000,0.614
145000,0.340,0.000,0.660
145500,0.347,0.000,0.653
146000,0.335,0.000,0.665
146500,0.356,0.000,0.644
147000,0.507,0.000,0.493
147500,0.315,0.000,0.685
148000,0.398,0.000,0.602
148500,0.305,0.000,0.695
149000,0.334,0.000,0.666
149500,0.591,0.000,0.409
150000,0.564,0.000,0.436
150500,0.405,0.000,0.595
151000,0.382,0.000,0.618
151500,0.519,0.000,0.481
152000,0.579,0.000,0.421
152500,0.170,0.000,0.830
153000,0.242,0.000,0.758
153500,0.384,0.000,0.616
154000,0.370,0.000,0.630
154500,0.323,0.000,0.677
155000,0.356,0.000,0.644
155500,0.454,0.000,0.546
156000,0.474,0.000,0.526
156500,0.336,0.000,0.664
157000,0.286,0.000,0.714
157500,0.403,0.000,0.597
158000,0.404,0.000,0.596
158500,0.279,0.000,0.721
159000,0.469,0.000,0.531
159500,0.353,0.000,0.647
160000,0.386,0.000,0.614
160500,0.516,0.000,0.484
161000,0.430,0.000,0.570
161500,0.436,0.000,0.564
162000,0.296,0.000,0.704
162500,0.460,0.000,0.540
163000,0.396,0.000,0.604
163500,0.649,0.000,0.351
164000,0.244,0.000,0.756
164500,0.520,0.000,0.480
165000,0.276,0.000,0.724
165500,0.394,0.000,0.606
166000,0.390,0.000,0.610
166500,0.275,0.000,0.725
167000,0.546,0.000,0.454
167500,0.373,0.000,0.627
168000,0.400,0.000,0.600
168500,0.261,0.000,0.739
169000,0.339,0.000,0.661
169500,0.344,0.000,0.656
170000,0.435,0.000,0.565
170500,0.487,0.000,0.513
171000,0.391,0.000,0.609
171500,0.256,0.000,0.744
172000,0.366,0.000,0.634
172500,0.404,0.000,0.596
173000,0.280,0.000,0.720
173500,0.451,0.000,0.549
174000,0.289,0.000,0.711
174500,0.275,0.000,0.725
175000,0.472,0.000,0.528
175500,0.333,0.000,0.667
176000,0.395,0.000,0.605
176500,0.285,0.000,0.715
177000,0.443,0.000,0.557
177500,0.299,0.000,0.701
178000,0.551,0.000,0.449
178500,0.652,0.000,0.348
179000,0.385,0.000,0.615
179500,0.253,0.000,0.747
180000,0.436,0.000,0.564
180500,0.637,0.000,0.363
181000,0.409,0.000,0.591
181500,0.444,0.000,0.556
182000,0.292,0.000,0.708
182500,0.377,0.000,0.623
183000,0.301,0.000,0.699
183500,0.439,0.000,0.561
184000,0.393,0.000,0.607
184500,0.434,0.000,0.566
185000,0.318,0.000,0.682
185500,0.444,0.000,0.556
186000,0.447,0.000,0.553
186500,0.381,0.000,0.619
187000,0.364,0.000,0.636
187500,0.367,0.000,0.633
188000,0.461,0.000,0.539
188500,0.264,0.000,0.736
189000,0.425,0.000,0.575
189500,0.359,0.000,0.641
190000,0.482,0.000,0.518
190500,0.385,0.000,0.615
191000,0.445,0.000,0.555
191500,0.461,0.000,0.539
192000,0.520,0.000,0.480
192500,0.646,0.000,0.354
193000,0.427,0.000,0.573
193500,0.399,0.000,0.601
194000,0.421,0.000,0.579
194500,0.371,0.000,0.629
195000,0.423,0.000,0.577
195500,0.376,0.000,0.624
196000,0.385,0.000,0.615
196500,0.236,0.000,0.764
197000,0.399,0.000,0.601
197500,0.420,0.000,0.580
198000,0.370,0.000,0.630
198500,0.302,0.000,0.698
199000,0.451,0.000,0.549
199500,0.255,0.000,0.745
200000,0.323,0.000,0.677
200500,0.507,0.000,0.493
201000,0.324,0.000,0.676
201500,0.482,0.000,0.518
202000,0.366,0.000,0.634
202500,0.550,0.000,0.450
203000,0.337,0.000,0.663
203500,0.409,0.000,0.591
204000,0.500,0.000,0.500
204500,0.400,0.000,0.600
205000,0.302,0.000,0.698
205500,0.439,0.000,0.561
206000,0.463,0.000,0.537
206500,0.360,0.000,0.640
207000,0.289,0.000,0.711
207500,0.430,0.000,0.570
208000,0.314,0.000,0.686
208500,0.577,0.000,0.423
209000,0.321,0.000,0.679
209500,0.376,0.000,0.624
210000,0.276,0.000,0.724
210500,0.459,0.000,0.541
211000,0.420,0.000,0.580
211500,0.495,0.000,0.505
212000,0.368,0.000,0.632
212500,0.319,0.000,0.681
213000,0.288,0.000,0.712
213500,0.507,0.000,0.493
214000,0.550,0.000,0.450
214500,0.461,0.000,0.539
215000,0.405,0.000,0.595
215500,0.485,0.000,0.515
216000,0.347,0.000,0.653
216500,0.363,0.000,0.637
217000,0.505,0.000,0.495
217500,0.325,0.000,0.675
218000,0.185,0.000,0.815
218500,0.284,0.000,0.716
219000,0.385,0.000,0.615
219500,0.476,0.000,0.524
220000,0.386,0.000,0.614
220500,0.480,0.000,0.520
221000,0.377,0.000,0.623
221500,0.454,0.000,0.546
222000,0.429,0.000,0.571
222500,0.263,0.000,0.737
223000,0.494,0.000,0.506
223500,0.236,0.000,0.764
224000,0.465,0.000,0.535
224500,0.431,0.000,0.569
225000,0.333,0.000,0.667
225500,0.302,0.000,0.698
226000,0.437,0.000,0.563
226500,0.382,0.000,0.618
227000,0.298,0.000,0.702
227500,0.384,0.000,0.616
228000,0.423,0.000,0.577
228500,0.365,0.000,0.635
229000,0.535,0.000,0.465
229500,0.368,0.000,0.632
230000,0.514,0.000,0.486
230500,0.402,0.000,0.598
231000,0.328,0.000,0.672
231500,0.318,0.000,0.682
232000,0.298,0.000,0.702
232500,0.582,0.000,0.418
233000,0.450,0.000,0.550
233500,0.336,0.000,0.664
234000,0.347,0.000,0.653
234500,0.391,0.000,0.609
235000,0.484,0.000,0.516
235500,0.379,0.000,0.621
236000,0.293,0.000,0.707
236500,0.346,0.000,0.654
237000,0.526,0.000,0.474
237500,0.408,0.000,0.592
238000,0.325,0.000,0.675
238500,0.507,0.000,0.493
239000,0.350,0.000,0.650
239500,0.273,0.000,0.727
240000,0.454,0.000,0.546
240500,0.397,0.000,0.603
241000,0.304,0.000,0.696
241500,0.470,0.000,0.530
242000,0.433,0.000,0.567
242500,0.314,0.000,0.686
243000,0.278,0.000,0.722
243500,0.513,0.000,0.487
244000,0.492,0.000,0.508
244500,0.326,0.000,0.674
245000,0.344,0.000,0.656
245500,0.475,0.000,0.525
246000,0.439,0.000,0.561
246500,0.544,0.000,0.456
247000,0.251,0.000,0.749
247500,0.376,0.000,0.624
248000,0.357,0.000,0.643
248500,0.456,0.000,0.544
249000,0.435,0.000,0.565
249500,0.381,0.000,0.619
250000,0.376,0.000,0.624
250500,0.382,0.000,0.618
251000,0.289,0.000,0.711
251500,0.413,0.000,0.587
252000,0.437,0.000,0.563
252500,0.337,0.000,0.663
253000,0.416,0.000,0.584
253500,0.319,0.000,0.681
254000,0.620,0.000,0.380
254500,0.362,0.000,0.638
255000,0.340,0.000,0.660
255500,0.374,0.000,0.626
256000,0.305,0.000,0.695
256500,0.280,0.000,0.720
257000,0.414,0.000,0.586
257500,0.376,0.000,0.624
258000,0.335,0.000,0.665
258500,0.354,0.000,0.646
259000,0.403,0.000,0.597
259500,0.416,0.000,0.584
260000,0.410,0.000,0.590
260500,0.345,0.000,0.655
261000,0.390,0.000,0.610
261500,0.187,0.014,0.799
262000,0.378,0.000,0.622
262500,0.441,0.000,0.559
263000,0.309,0.000,0.691
263500,0.392,0.000,0.608
264000,0.391,0.000,0.609
264500,0.541,0.000,0.459
265000,0.410,0.000,0.590
265500,0.392,0.000,0.608
266000,0.324,0.000,0.676
266500,0.318,0.000,0.682
267000,0.337,0.000,0.663
267500,0.623,0.000,0.377
268000,0.384,0.000,0.616
268500,0.377,0.000,0.623
269000,0.407,0.000,0.593
269500,0.366,0.000,0.634
270000,0.450,0.000,0.550
270500,0.337,0.000,0.663
271000,0.585,0.000,0.415
271500,0.459,0.000,0.541
272000,0.515,0.000,0.485
272500,0.303,0.000,0.697
273000,0.274,0.000,0.726
273500,0.454,0.000,0.546
274000,0.403,0.000,0.597
274500,0.297,0.000,0.703
275000,0.458,0.000,0.542
275500,0.580,0.000,0.420
276000,0.330,0.000,0.670
276500,0.329,0.000,0.671
277000,0.351,0.000,0.649
277500,0.476,0.000,0.524
278000,0.299,0.000,0.701
278500,0.428,0.000,0.572
279000,0.392,0.000,0.608
279500,0.279,0.000,0.721
280000,0.349,0.000,0.651
280500,0.337,0.000,0.663
281000,0.277,0.000,0.723
281500,0.471,0.000,0.529
282000,0.381,0.000,0.619
282500,0.265,0.000,0.735
283000,0.561,0.000,0.439
283500,0.496,0.000,0.504
284000,0.529,0.000,0.471
284500,0.451,0.000,0.549
285000,0.504,0.000,0.496
285500,0.388,0.000,0.612
286000,0.387,0.000,0.613
286500,0.274,0.000,0.726
287000,0.284,0.000,0.716
287500,0.324,0.000,0.676
288000,0.413,0.000,0.587
288500,0.278,0.000,0.722
289000,0.493,0.000,0.507
289500,0.238,0.000,0.762
290000,0.616,0.000,0.384
290500,0.446,0.000,0.554
291000,0.538,0.000,0.462
291500,0.408,0.000,0.592
292000,0.441,0.000,0.559
292500,0.428,0.000,0.572
293000,0.461,0.000,0.539
293500,0.322,0.000,0.678
294000,0.336,0.000,0.664
294500,0.282,0.000,0.718
295000,0.461,0.000,0.539
295500,0.647,0.000,0.353
296000,0.258,0.000,0.742
296500,0.398,0.000,0.602
297000,0.430,0.000,0.570
297500,0.327,0.000,0.673
298000,0.479,0.000,0.521
298500,0.388,0.000,0.612
299000,0.434,0.000,0.566
299500,0.445,0.000,0.555
300000,0.336,0.000,0.664
300500,0.269,0.000,0.731
301000,0.390,0.000,0.610
301500,0.265,0.000,0.735
302000,0.365,0.000,0.635
302500,0.560,0.000,0.440
303000,0.408,0.000,0.592
303500,0.272,0.000,0.728
304000,0.341,0.000,0.659
304500,0.408,0.000,0.592
305000,0.450,0.000,0.550
305500,0.390,0.000,0.610
306000,0.363,0.000,0.637
306500,0.490,0.000,0.510
307000,0.403,0.000,0.597
307500,0.375,0.000,0.625
308000,0.340,0.000,0.660
308500,0.456,0.000,0.544
309000,0.415,0.000,0.585
309500,0.269,0.000,0.731
310000,0.331,0.000,0.669
310500,0.312,0.000,0.688
311000,0.275,0.000,0.725
311500,0.370,0.000,0.630
312000,0.228,0.000,0.772
312500,0.278,0.000,0.722
313000,0.509,0.000,0.491
313500,0.498,0.000,0.502
314000,0.406,0.000,0.594
314500,0.522,0.000,0.478
315000,0.514,0.000,0.486
315500,0.304,0.000,0.696
316000,0.323,0.000,0.677
316500,0.452,0.000,0.548
317000,0.440,0.000,0.560
317500,0.339,0.000,0.661
318000,0.279,0.000,0.721
318500,0.373,0.000,0.627
319000,0.296,0.000,0.704
319500,0.415,0.000,0.585
320000,0.308,0.000,0.692
320500,0.262,0.000,0.738
321000,0.375,0.000,0.625
321500,0.409,0.000,0.591
322000,0.437,0.000,0.563
322500,0.472,0.000,0.528
323000,0.379,0.000,0.621
323500,0.516,0.000,0.484
324000,0.408,0.000,0.592
324500,0.416,0.000,0.584
325000,0.503,0.000,0.497
325500,0.381,0.000,0.619
326000,0.449,0.000,0.551
326500,0.458,0.000,0.542
327000,0.331,0.000,0.669
327500,0.342,0.000,0.658
328000,0.365,0.000,0.635
328500,0.419,0.000,0.581
329000,0.245,0.000,0.755
329500,0.322,0.000,0.678
330000,0.370,0.000,0.630
330500,0.301,0.000,0.699
331000,0.366,0.000,0.634
331500,0.448,0.000,0.552
332000,0.420,0.000,0.580
332500,0.403,0.000,0.597
333000,0.301,0.000,0.699
333500,0.475,0.000,0.525
334000,0.406,0.000,0.594
334500,0.442,0.000,0.558
335000,0.311,0.000,0.689
335500,0.493,0.000,0.507
336000,0.489,0.000,0.511
336500,0.454,0.000,0.546
337000,0.366,0.000,0.634
337500,0.409,0.000,0.591
338000,0.455,0.000,0.545
338500,0.433,0.000,0.567
339000,0.338,0.000,0.662
339500,0.348,0.000,0.652
340000,0.271,0.000,0.729
340500,0.233,0.000,0.767
341000,0.303,0.000,0.697
341500,0.461,0.000,0.539
342000,0.435,0.000,0.565
342500,0.207,0.000,0.793
343000,0.482,0.000,0.518
343500,0.348,0.000,0.652
344000,0.440,0.000,0.560
344500,0.422,0.000,0.578
345000,0.431,0.000,0.569
345500,0.438,0.000,0.562
346000,0.408,0.000,0.592
346500,0.291,0.000,0.709
347000,0.262,0.000,0.738
347500,0.402,0.000,0.598
348000,0.322,0.000,0.678
348500,0.434,0.000,0.566
349000,0.566,0.000,0.434
349500,0.429,0.000,0.571
350000,0.391,0.000,0.609
350500,0.294,0.000,0.706
351000,0.315,0.000,0.685
351500,0.463,0.000,0.537
352000,0.426,0.000,0.574
352500,0.431,0.000,0.569
353000,0.444,0.000,0.556
353500,0.425,0.000,0.575
354000,0.334,0.000,0.666
354500,0.338,0.000,0.662
355000,0.365,0.000,0.635
355500,0.449,0.000,0.551
356000,0.355,0.000,0.645
356500,0.362,0.000,0.638
357000,0.456,0.000,0.544
357500,0.517,0.000,0.483
358000,0.370,0.000,0.630
358500,0.407,0.000,0.593
359000,0.219,0.000,0.781
359500,0.263,0.000,0.737
360000,0.445,0.000,0.555
360500,0.323,0.000,0.677
361000,0.299,0.000,0.701
361500,0.419,0.000,0.581
362000,0.430,0.000,0.570
362500,0.291,0.000,0.709
363000,0.364,0.000,0.636
363500,0.267,0.000,0.733
364000,0.314,0.000,0.686
364500,0.437,0.000,0.563
365000,0.383,0.000,0.617
365500,0.283,0.000,0.717
366000,0.337,0.000,0.663
366500,0.459,0.000,0.541
367000,0.300,0.000,0.700
367500,0.409,0.000,0.591
368000,0.502,0.000,0.498
368500,0.441,0.000,0.559
369000,0.359,0.000,0.641
369500,0.455,0.000,0.545
370000,0.494,0.000,0.506
370500,0.339,0.000,0.661
371000,0.467,0.000,0.533
371500,0.346,0.000,0.654
372000,0.539,0.000,0.461
372500,0.493,0.000,0.507
373000,0.242,0.000,0.758
373500,0.272,0.000,0.728
374000,0.477,0.000,0.523
374500,0.313,0.000,0.687
375000,0.302,0.000,0.698
375500,0.384,0.000,0.616
376000,0.379,0.000,0.621
376500,0.513,0.000,0.487
377000,0.417,0.000,0.583
377500,0.369,0.000,0.631
378000,0.342,0.000,0.658
378500,0.360,0.000,0.640
379000,0.350,0.000,0.650
379500,0.400,0.000,0.600
380000,0.571,0.000,0.429
380500,0.444,0.000,0.556
381000,0.353,0.000,0.647
381500,0.364,0.000,0.636
382000,0.424,0.000,0.576
382500,0.414,0.000,0.586
383000,0.449,0.000,0.551
383500,0.256,0.000,0.744
384000,0.296,0.000,0.704
384500,0.283,0.000,0.717
385000,0.292,0.000,0.708
385500,0.431,0.000,0.569
386000,0.456,0.000,0.544
386500,0.271,0.000,0.729
387000,0.358,0.000,0.642
387500,0.501,0.000,0.499
388000,0.318,0.000,0.682
388500,0.434,0.000,0.566
389000,0.390,0.000,0.610
389500,0.232,0.000,0.768
390000,0.290,0.000,0.710
390500,0.251,0.000,0.749
391000,0.390,0.000,0.610
391500,0.381,0.000,0.619
392000,0.384,0.000,0.616
392500,0.488,0.000,0.512
393000,0.377,0.000,0.623
393500,0.377,0.000,0.623
394000,0.380,0.000,0.620
394500,0.329,0.000,0.671
395000,0.485,0.000,0.515
395500,0.442,0.000,0.558
396000,0.448,0.000,0.552
396500,0.456,0.000,0.544
397000,0.483,0.000,0.517
397500,0.478,0.000,0.522
398000,0.295,0.000,0.705
398500,0.330,0.000,0.670
399000,0.388,0.000,0.612
399500,0.559,0.000,0.441
400000,0.454,0.000,0.546
400500,0.293,0.000,0.707
401000,0.460,0.000,0.540
401500,0.348,0.000,0.652
402000,0.421,0.000,0.579
402500,0.401,0.000,0.599
403000,0.364,0.000,0.636
403500,0.317,0.000,0.683
404000,0.586,0.000,0.414
404500,0.357,0.000,0.643
405000,0.505,0.000,0.495
405500,0.457,0.000,0.543
406000,0.384,0.000,0.616
406500,0.364,0.000,0.636
407000,0.343,0.000,0.657
407500,0.342,0.000,0.658
408000,0.432,0.000,0.568
408500,0.415,0.000,0.585
409000,0.435,0.000,0.565
409500,0.333,0.000,0.667
410000,0.423,0.000,0.577
410500,0.343,0.000,0.657
411000,0.425,0.000,0.575
411500,0.309,0.000,0.691
412000,0.343,0.000,0.657
412500,0.388,0.000,0.612
413000,0.506,0.000,0.494
413500,0.550,0.000,0.450
414000,0.523,0.000,0.477
414500,0.504,0.000,0.496
415000,0.458,0.000,0.542
415500,0.577,0.000,0.423
416000,0.334,0.000,0.666
416500,0.289,0.000,0.711
417000,0.382,0.000,0.618
417500,0.337,0.000,0.663
418000,0.222,0.000,0.778
418500,0.313,0.000,0.687
419000,0.592,0.000,0.408
419500,0.465,0.000,0.535
420000,0.399,0.000,0.601
420500,0.314,0.000,0.686
421000,0.291,0.000,0.709
421500,0.601,0.000,0.399
422000,0.368,0.000,0.632
422500,0.276,0.000,0.724
423000,0.280,0.000,0.720
423500,0.578,0.000,0.422
424000,0.369,0.000,0.631
424500,0.478,0.000,0.522
425000,0.248,0.000,0.752
425500,0.436,0.000,0.564
426000,0.501,0.000,0.499
426500,0.476,0.000,0.524
427000,0.332,0.000,0.668
427500,0.318,0.000,0.682
428000,0.360,0.000,0.640
428500,0.622,0.000,0.378
429000,0.419,0.000,0.581
429500,0.394,0.000,0.606
430000,0.414,0.000,0.586
430500,0.265,0.000,0.735
431000,0.365,0.000,0.635
431500,0.324,0.000,0.676
432000,0.439,0.000,0.561
432500,0.247,0.000,0.753
433000,0.440,0.000,0.560
433500,0.494,0.000,0.506
434000,0.395,0.000,0.605
434500,0.375,0.000,0.625
435000,0.307,0.000,0.693
435500,0.313,0.000,0.687
436000,0.492,0.000,0.508
436500,0.317,0.000,0.683
437000,0.347,0.000,0.653
437500,0.434,0.000,0.566
438000,0.340,0.000,0.660
438500,0.577,0.000,0.423
439000,0.507,0.000,0.493
439500,0.355,0.000,0.645
440000,0.384,0.000,0.616
440500,0.401,0.000,0.599
441000,0.420,0.000,0.580
441500,0.397,0.000,0.603
442000,0.448,0.000,0.552
442500,0.329,0.000,0.671
443000,0.307,0.000,0.693
443500,0.411,0.000,0.589
444000,0.336,0.000,0.664
444500,0.475,0.000,0.525
445000,0.443,0.000,0.557
445500,0.473,0.000,0.527
446000,0.464,0.000,0.536
446500,0.362,0.000,0.638
447000,0.399,0.000,0.601
447500,0.354,0.000,0.646
448000,0.297,0.000,0.703
448500,0.566,0.000,0.434
449000,0.396,0.000,0.604
449500,0.261,0.000,0.739
450000,0.409,0.000,0.591
450500,0.357,0.000,0.643
451000,0.502,0.000,0.498
451500,0.545,0.000,0.455
452000,0.323,0.000,0.677
452500,0.444,0.000,0.556
453000,0.344,0.000,0.656
453500,0.371,0.000,0.629
454000,0.410,0.000,0.590
454500,0.477,0.000,0.523
455000,0.515,0.000,0.485
455500,0.479,0.000,0.521
456000,0.475,0.000,0.525
456500,0.274,0.000,0.726
457000,0.477,0.000,0.523
457500,0.326,0.000,0.674
458000,0.477,0.000,0.523
458500,0.244,0.000,0.756
459000,0.263,0.000,0.737
459500,0.257,0.000,0.743
460000,0.538,0.000,0.462
460500,0.393,0.000,0.607
461000,0.295,0.000,0.705
461500,0.421,0.000,0.579
462000,0.392,0.000,0.608
462500,0.318,0.000,0.682
463000,0.291,0.000,0.709
463500,0.417,0.000,0.583
464000,0.355,0.000,0.645
464500,0.453,0.000,0.547
465000,0.319,0.000,0.681
465500,0.374,0.000,0.626
466000,0.398,0.000,0.602
466500,0.469,0.000,0.531
467000,0.387,0.000,0.613
467500,0.446,0.000,0.554
468000,0.352,0.000,0.648
468500,0.450,0.000,0.550
469000,0.493,0.000,0.507
469500,0.331,0.000,0.669
470000,0.403,0.000,0.597
470500,0.467,0.000,0.533
471000,0.464,0.000,0.536
471500,0.314,0.000,0.686
472000,0.350,0.000,0.650
472500,0.384,0.000,0.616
473000,0.389,0.000,0.611
473500,0.397,0.000,0.603
474000,0.328,0.000,0.672
474500,0.238,0.000,0.762
475000,0.415,0.000,0.585
475500,0.340,0.000,0.660
476000,0.452,0.000,0.548
476500,0.324,0.000,0.676
477000,0.334,0.000,0.666
477500,0.451,0.000,0.549
478000,0.498,0.000,0.502
478500,0.321,0.000,0.679
479000,0.387,0.000,0.613
479500,0.247,0.000,0.753
480000,0.235,0.000,0.765
480500,0.454,0.000,0.546
481000,0.397,0.000,0.603
481500,0.404,0.000,0.596
482000,0.265,0.000,0.735
482500,0.560,0.000,0.440
483000,0.743,0.000,0.257
483500,0.293,0.000,0.707
484000,0.435,0.000,0.565
484500,0.292,0.000,0.708
485000,0.317,0.000,0.683
485500,0.394,0.000,0.606
486000,0.410,0.000,0.590
486500,0.395,0.000,0.605
487000,0.488,0.000,0.512
487500,0.362,0.000,0.638
488000,0.472,0.000,0.528
488500,0.420,0.000,0.580
489000,0.357,0.000,0.643
489500,0.411,0.000,0.589
490000,0.307,0.000,0.693
490500,0.336,0.000,0.664
491000,0.391,0.000,0.609
491500,0.547,0.000,0.453
492000,0.325,0.000,0.675
492500,0.549,0.000,0.451
493000,0.363,0.000,0.637
493500,0.302,0.000,0.698
494000,0.545,0.000,0.455
494500,0.425,0.000,0.575
495000,0.359,0.000,0.641
495500,0.440,0.000,0.560
496000,0.460,0.000,0.540
496500,0.320,0.000,0.680
497000,0.354,0.000,0.646
497500,0.413,0.000,0.587
498000,0.244,0.000,0.756
498500,0.418,0.000,0.582
499000,0.219,0.000,0.781
499500,0.362,0.000,0.638
500000,0.394,0.000,0.606
500500,0.346,0.000,0.654
501000,0.282,0.000,0.718
501500,0.256,0.000,0.744
502000,0.411,0.000,0.589
502500,0.615,0.000,0.385
503000,0.421,0.000,0.579
503500,0.532,0.000,0.468
504000,0.379,0.000,0.621
504500,0.372,0.000,0.628
505000,0.370,0.000,0.630
505500,0.280,0.000,0.720
506000,0.270,0.000,0.730
506500,0.331,0.000,0.669
507000,0.313,0.000,0.687
507500,0.388,0.000,0.612
508000,0.510,0.000,0.490
508500,0.238,0.000,0.762
509000,0.329,0.000,0.671
509500,0.502,0.000,0.498
510000,0.503,0.000,0.497
510500,0.417,0.000,0.583
511000,0.446,0.000,0.554
511500,0.455,0.000,0.545
512000,0.442,0.000,0.558
512500,0.358,0.000,0.642
513000,0.421,0.000,0.579
513500,0.445,0.000,0.555
514000,0.384,0.000,0.616
514500,0.341,0.000,0.659
515000,0.487,0.000,0.513
515500,0.194,0.000,0.806
516000,0.482,0.000,0.518
516500,0.410,0.000,0.590
517000,0.528,0.000,0.472
517500,0.450,0.000,0.550
518000,0.419,0.000,0.581
518500,0.430,0.000,0.570
519000,0.457,0.000,0.543
519500,0.396,0.000,0.604
520000,0.300,0.000,0.700
520500,0.401,0.000,0.599
521000,0.376,0.000,0.624
521500,0.188,0.000,0.812
522000,0.421,0.000,0.579
522500,0.613,0.000,0.387
523000,0.595,0.000,0.405
523500,0.387,0.000,0.613
524000,0.391,0.000,0.609
524500,0.332,0.000,0.668
525000,0.275,0.000,0.725
525500,0.462,0.000,0.538
526000,0.264,0.000,0.736
526500,0.272,0.000,0.728
527000,0.263,0.000,0.737
527500,0.451,0.000,0.549
528000,0.366,0.000,0.634
528500,0.257,0.000,0.743
529000,0.207,0.000,0.793
529500,0.464,0.000,0.536
530000,0.415,0.000,0.585
530500,0.516,0.000,0.484
531000,0.423,0.000,0.577
531500,0.546,0.000,0.454
532000,0.497,0.000,0.503
532500,0.255,0.000,0.745
533000,0.394,0.000,0.606
533500,0.348,0.000,0.652
534000,0.373,0.000,0.627
534500,0.516,0.000,0.484
535000,0.373,0.000,0.627
535500,0.282,0.000,0.718
536000,0.302,0.000,0.698
536500,0.382,0.000,0.618
537000,0.431,0.000,0.569
537500,0.402,0.000,0.598
538000,0.353,0.000,0.647
538500,0.370,0.000,0.630
539000,0.361,0.000,0.639
539500,0.374,0.000,0.626
540000,0.332,0.000,0.668
540500,0.401,0.000,0.599
541000,0.449,0.000,0.551
541500,0.505,0.000,0.495
542000,0.257,0.000,0.743
542500,0.519,0.000,0.481
543000,0.436,0.000,0.564
543500,0.442,0.000,0.558
544000,0.378,0.000,0.622
544500,0.340,0.000,0.660
545000,0.345,0.000,0.655
545500,0.308,0.000,0.692
546000,0.326,0.000,0.674
546500,0.354,0.000,0.646
547000,0.369,0.000,0.631
547500,0.441,0.000,0.559
548000,0.499,0.000,0.501
548500,0.482,0.000,0.518
549000,0.356,0.000,0.644
549500,0.323,0.000,0.677
550000,0.257,0.000,0.743
550500,0.462,0.000,0.538
551000,0.414,0.000,0.586
551500,0.203,0.000,0.797
552000,0.388,0.000,0.612
552500,0.194,0.000,0.806
553000,0.389,0.000,0.611
553500,0.438,0.000,0.562
554000,0.204,0.000,0.796
554500,0.436,0.000,0.564
555000,0.625,0.000,0.375
555500,0.461,0.000,0.539
556000,0.356,0.000,0.644
556500,0.371,0.000,0.629
557000,0.332,0.000,0.668
557500,0.570,0.000,0.430
558000,0.544,0.000,0.456
558500,0.320,0.000,0.680
559000,0.370,0.000,0.630
559500,0.460,0.000,0.540
560000,0.436,0.000,0.564
560500,0.412,0.000,0.588
561000,0.380,0.000,0.620
561500,0.605,0.000,0.395
562000,0.314,0.000,0.686
562500,0.423,0.000,0.577
563000,0.427,0.000,0.573
563500,0.359,0.000,0.641
564000,0.521,0.000,0.479
564500,0.405,0.000,0.595
565000,0.531,0.000,0.469
565500,0.386,0.000,0.614
566000,0.359,0.000,0.641
566500,0.274,0.000,0.726
567000,0.538,0.000,0.462
567500,0.505,0.000,0.495
568000,0.339,0.000,0.661
568500,0.426,0.000,0.574
569000,0.413,0.000,0.587
569500,0.392,0.000,0.608
570000,0.393,0.000,0.607
570500,0.367,0.000,0.633
571000,0.377,0.000,0.623
571500,0.425,0.000,0.575
572000,0.362,0.000,0.638
572500,0.460,0.000,0.540
573000,0.495,0.000,0.505
573500,0.289,0.000,0.711
574000,0.311,0.000,0.689
574500,0.283,0.000,0.717
575000,0.346,0.000,0.654
575500,0.485,0.000,0.515
576000,0.396,0.000,0.604
576500,0.255,0.000,0.745
577000,0.559,0.000,0.441
577500,0.517,0.000,0.483
578000,0.287,0.000,0.713
578500,0.323,0.000,0.677
579000,0.320,0.000,0.680
579500,0.554,0.000,0.446
580000,0.532,0.000,0.468
580500,0.427,0.000,0.573
581000,0.390,0.000,0.610
581500,0.453,0.000,0.547
582000,0.432,0.000,0.568
582500,0.487,0.000,0.513
583000,0.377,0.000,0.623
583500,0.353,0.000,0.647
584000,0.339,0.000,0.661
584500,0.606,0.000,0.394
585000,0.517,0.000,0.483
585500,0.358,0.000,0.642
586000,0.385,0.000,0.615
586500,0.552,0.000,0.448
587000,0.621,0.000,0.379
587500,0.501,0.000,0.499
588000,0.378,0.000,0.622
588500,0.471,0.000,0.529
589000,0.379,0.000,0.621
589500,0.288,0.000,0.712
590000,0.405,0.000,0.595
590500,0.333,0.000,0.667
591000,0.318,0.000,0.682
591500,0.535,0.000,0.465
592000,0.370,0.000,0.630
592500,0.456,0.000,0.544
593000,0.317,0.000,0.683
593500,0.380,0.000,0.620
594000,0.480,0.000,0.520
594500,0.397,0.000,0.603
595000,0.356,0.000,0.644
595500,0.403,0.000,0.597
596000,0.503,0.000,0.497
596500,0.309,0.000,0.691
597000,0.337,0.000,0.663
597500,0.387,0.000,0.613
598000,0.522,0.000,0.478
598500,0.476,0.000,0.524
599000,0.387,0.000,0.613
599500,0.414,0.000,0.586
600000,0.457,0.000,0.543
600500,0.440,0.000,0.560
601000,0.356,0.000,0.644
601500,0.521,0.000,0.479
602000,0.361,0.000,0.639
602500,0.374,0.000,0.626
603000,0.308,0.000,0.692
603500,0.346,0.000,0.654
604000,0.431,0.000,0.569
604500,0.356,0.000,0.644
605000,0.277,0.000,0.723
605500,0.411,0.000,0.589
606000,0.228,0.000,0.772
606500,0.374,0.000,0.626
607000,0.500,0.000,0.500
607500,0.394,0.000,0.606
608000,0.223,0.000,0.777
608500,0.664,0.000,0.336
609000,0.511,0.000,0.489
609500,0.414,0.000,0.586
610000,0.433,0.000,0.567
610500,0.214,0.000,0.786
611000,0.336,0.000,0.664
611500,0.417,0.000,0.583
612000,0.351,0.000,0.649
612500,0.451,0.000,0.549
613000,0.366,0.000,0.634
613500,0.300,0.000,0.700
614000,0.402,0.000,0.598
614500,0.303,0.000,0.697
615000,0.353,0.000,0.647
615500,0.512,0.000,0.488
616000,0.388,0.000,0.612
616500,0.299,0.000,0.701
617000,0.502,0.000,0.498
617500,0.268,0.000,0.732
618000,0.384,0.000,0.616
618500,0.553,0.000,0.447
619000,0.483,0.000,0.517
619500,0.365,0.000,0.635
620000,0.448,0.000,0.552
620500,0.413,0.000,0.587
621000,0.254,0.000,0.746
621500,0.361,0.000,0.639
622000,0.423,0.000,0.577
622500,0.376,0.000,0.624
623000,0.535,0.000,0.465
623500,0.397,0.000,0.603
624000,0.486,0.000,0.514
624500,0.333,0.000,0.667
625000,0.434,0.000,0.566
625500,0.284,0.000,0.716
626000,0.524,0.000,0.476
626500,0.429,0.000,0.571
627000,0.361,0.000,0.639
627500,0.372,0.000,0.628
628000,0.409,0.000,0.591
628500,0.464,0.000,0.536
629000,0.313,0.000,0.687
629500,0.370,0.000,0.630
630000,0.369,0.000,0.631
630500,0.336,0.000,0.664
631000,0.501,0.000,0.499
631500,0.475,0.000,0.525
632000,0.405,0.000,0.595
632500,0.413,0.000,0.587
633000,0.348,0.000,0.652
633500,0.521,0.000,0.479
634000,0.278,0.000,0.722
634500,0.534,0.000,0.466
635000,0.428,0.000,0.572
635500,0.371,0.000,0.629
636000,0.414,0.000,0.586
636500,0.402,0.000,0.598
637000,0.406,0.000,0.594
637500,0.513,0.000,0.487
638000,0.320,0.000,0.680
638500,0.352,0.000,0.648
639000,0.329,0.000,0.671
639500,0.515,0.000,0.485
640000,0.563,0.000,0.437
640500,0.409,0.000,0.591
641000,0.400,0.000,0.600
641500,0.300,0.000,0.700
642000,0.310,0.000,0.690
642500,0.404,0.000,0.596
643000,0.322,0.000,0.678
643500,0.379,0.000,0.621
644000,0.453,0.000,0.547
644500,0.513,0.000,0.487
645000,0.360,0.000,0.640
645500,0.416,0.000,0.584
646000,0.409,0.000,0.591
646500,0.443,0.000,0.557
647000,0.436,0.000,0.564
647500,0.498,0.000,0.502
648000,0.338,0.000,0.662
648500,0.369,0.000,0.631
649000,0.509,0.000,0.491
649500,0.356,0.000,0.644
650000,0.586,0.000,0.414
650500,0.568,0.000,0.432
651000,0.423,0.000,0.577
651500,0.456,0.000,0.544
652000,0.360,0.000,0.640
652500,0.320,0.000,0.680
653000,0.233,0.000,0.767
653500,0.309,0.000,0.691
654000,0.178,0.000,0.822
654500,0.401,0.000,0.599
655000,0.376,0.000,0.624
655500,0.490,0.000,0.510
656000,0.553,0.000,0.447
656500,0.277,0.000,0.723
657000,0.350,0.000,0.650
657500,0.557,0.000,0.443
658000,0.386,0.000,0.614
658500,0.275,0.000,0.725
659000,0.403,0.000,0.597
659500,0.350,0.000,0.650
660000,0.369,0.000,0.631
660500,0.356,0.000,0.644
661000,0.417,0.000,0.583
661500,0.375,0.000,0.625
662000,0.364,0.000,0.636
662500,0.285,0.000,0.715
663000,0.460,0.000,0.540
663500,0.486,0.000,0.514
664000,0.316,0.000,0.684
664500,0.466,0.000,0.534
665000,0.326,0.000,0.674
665500,0.397,0.000,0.603
666000,0.403,0.000,0.597
666500,0.406,0.000,0.594
667000,0.250,0.000,0.750
667500,0.359,0.000,0.641
668000,0.361,0.000,0.639
668500,0.554,0.000,0.446
669000,0.253,0.000,0.747
669500,0.455,0.000,0.545
670000,0.341,0.000,0.659
670500,0.558,0.000,0.442
671000,0.220,0.000,0.780
671500,0.514,0.000,0.486
672000,0.369,0.000,0.631
672500,0.618,0.000,0.382
673000,0.318,0.000,0.682
673500,0.281,0.000,0.719
674000,0.404,0.000,0.596
674500,0.384,0.000,0.616
675000,0.392,0.000,0.608
675500,0.408,0.000,0.592
676000,0.323,0.000,0.677
676500,0.448,0.000,0.552
677000,0.441,0.000,0.559
677500,0.403,0.000,0.597
678000,0.483,0.000,0.517
678500,0.400,0.000,0.600
679000,0.433,0.000,0.567
679500,0.406,0.000,0.594
680000,0.446,0.000,0.554
680500,0.471,0.000,0.529
681000,0.261,0.000,0.739
681500,0.407,0.000,0.593
682000,0.551,0.000,0.449
682500,0.384,0.000,0.616
683000,0.367,0.000,0.633
683500,0.332,0.000,0.668
684000,0.396,0.000,0.604
684500,0.330,0.000,0.670
685000,0.412,0.000,0.588
685500,0.438,0.000,0.562
686000,0.385,0.000,0.615
686500,0.343,0.000,0.657
687000,0.384,0.000,0.616
687500,0.512,0.000,0.488
688000,0.352,0.000,0.648
688500,0.326,0.000,0.674
689000,0.350,0.000,0.650
689500,0.404,0.000,0.596
690000,0.536,0.000,0.464
690500,0.379,0.000,0.621
691000,0.333,0.000,0.667
691500,0.572,0.000,0.428
692000,0.359,0.000,0.641
692500,0.591,0.000,0.409
693000,0.355,0.000,0.645
693500,0.392,0.000,0.608
694000,0.526,0.000,0.474
694500,0.511,0.000,0.489
695000,0.367,0.000,0.633
695500,0.483,0.000,0.517
696000,0.328,0.000,0.672
696500,0.378,0.000,0.622
697000,0.492,0.000,0.508
697500,0.202,0.000,0.798
698000,0.601,0.000,0.399
698500,0.449,0.000,0.551
699000,0.390,0.000,0.610
699500,0.442,0.000,0.558
700000,0.337,0.000,0.663
700500,0.466,0.000,0.534
701000,0.266,0.000,0.734
701500,0.428,0.000,0.572
702000,0.376,0.000,0.624
702500,0.392,0.000,0.608
703000,0.299,0.000,0.701
703500,0.452,0.000,0.548
704000,0.523,0.000,0.477
704500,0.374,0.000,0.626
705000,0.467,0.000,0.533
705500,0.347,0.000,0.653
706000,0.352,0.000,0.648
706500,0.402,0.000,0.598
707000,0.305,0.000,0.695
707500,0.376,0.000,0.624
708000,0.372,0.000,0.628
708500,0.286,0.000,0.714
709000,0.460,0.000,0.540
709500,0.418,0.000,0.582
710000,0.285,0.000,0.715
710500,0.375,0.000,0.625
711000,0.416,0.000,0.584
711500,0.416,0.000,0.584
712000,0.480,0.000,0.520
712500,0.376,0.000,0.624
713000,0.323,0.000,0.677
713500,0.408,0.000,0.592
714000,0.297,0.000,0.703
714500,0.439,0.000,0.561
715000,0.248,0.000,0.752
715500,0.234,0.000,0.766
716000,0.268,0.000,0.732
716500,0.333,0.000,0.667
717000,0.393,0.000,0.607
717500,0.411,0.000,0.589
718000,0.371,0.000,0.629
718500,0.476,0.000,0.524
719000,0.325,0.000,0.675
719500,0.321,0.000,0.679
720000,0.404,0.000,0.596
720500,0.361,0.000,0.639
721000,0.358,0.000,0.642
721500,0.409,0.000,0.591
722000,0.376,0.000,0.624
722500,0.548,0.000,0.452
723000,0.391,0.000,0.609
723500,0.408,0.000,0.592
724000,0.258,0.000,0.742
724500,0.376,0.000,0.624
725000,0.337,0.000,0.663
725500,0.284,0.000,0.716
726000,0.549,0.000,0.451
726500,0.334,0.000,0.666
727000,0.431,0.000,0.569
727500,0.469,0.000,0.531
728000,0.381,0.000,0.619
728500,0.468,0.000,0.532
729000,0.355,0.000,0.645
729500,0.300,0.000,0.700
730000,0.493,0.000,0.507
730500,0.444,0.000,0.556
731000,0.496,0.000,0.504
731500,0.407,0.000,0.593
732000,0.491,0.000,0.509
732500,0.410,0.000,0.590
733000,0.528,0.000,0.472
733500,0.348,0.000,0.652
734000,0.472,0.000,0.528
734500,0.414,0.000,0.586
735000,0.365,0.000,0.635
735500,0.367,0.000,0.633
736000,0.479,0.000,0.521
736500,0.332,0.000,0.668
737000,0.384,0.000,0.616
737500,0.404,0.000,0.596
738000,0.322,0.000,0.678
738500,0.333,0.000,0.667
739000,0.509,0.000,0.491
739500,0.514,0.000,0.486
740000,0.356,0.000,0.644
740500,0.361,0.000,0.639
741000,0.368,0.000,0.632
741500,0.375,0.000,0.625
742000,0.307,0.000,0.693
742500,0.533,0.000,0.467
743000,0.493,0.000,0.507
743500,0.409,0.000,0.591
744000,0.363,0.000,0.637
744500,0.456,0.000,0.544
745000,0.354,0.000,0.646
745500,0.484,0.000,0.516
746000,0.323,0.000,0.677
746500,0.322,0.000,0.678
747000,0.392,0.000,0.608
747500,0.405,0.000,0.595
748000,0.437,0.000,0.563
748500,0.332,0.000,0.668
749000,0.392,0.000,0.608
749500,0.366,0.000,0.634
750000,0.477,0.000,0.523
750500,0.424,0.000,0.576
751000,0.494,0.000,0.506
751500,0.464,0.000,0.536
752000,0.428,0.000,0.572
752500,0.442,0.000,0.558
753000,0.214,0.000,0.786
753500,0.354,0.000,0.646
754000,0.544,0.000,0.456
754500,0.352,0.000,0.648
755000,0.343,0.000,0.657
755500,0.415,0.000,0.585
756000,0.390,0.000,0.610
756500,0.402,0.000,0.598
757000,0.387,0.000,0.613
757500,0.333,0.000,0.667
758000,0.405,0.000,0.595
758500,0.548,0.000,0.452
759000,0.544,0.000,0.456
759500,0.238,0.000,0.762
760000,0.247,0.000,0.753
760500,0.429,0.000,0.571
761000,0.458,0.000,0.542
761500,0.358,0.000,0.642
762000,0.338,0.000,0.662
762500,0.471,0.000,0.529
763000,0.421,0.000,0.579
763500,0.466,0.000,0.534
764000,0.347,0.000,0.653
764500,0.418,0.000,0.582
765000,0.370,0.000,0.630
765500,0.480,0.000,0.520
766000,0.310,0.000,0.690
766500,0.399,0.000,0.601
767000,0.387,0.000,0.613
767500,0.425,0.000,0.575
768000,0.438,0.000,0.562
768500,0.339,0.000,0.661
769000,0.363,0.000,0.637
769500,0.566,0.000,0.434
770000,0.308,0.000,0.692
770500,0.441,0.000,0.559
771000,0.332,0.000,0.668
771500,0.526,0.000,0.474
772000,0.389,0.000,0.611
772500,0.423,0.000,0.577
773000,0.404,0.000,0.596
773500,0.507,0.000,0.493
774000,0.542,0.000,0.458
774500,0.259,0.000,0.741
775000,0.326,0.000,0.674
775500,0.471,0.000,0.529
776000,0.276,0.000,0.724
776500,0.338,0.000,0.662
777000,0.353,0.000,0.647
777500,0.372,0.000,0.628
778000,0.313,0.000,0.687
778500,0.392,0.000,0.608
779000,0.403,0.000,0.597
779500,0.294,0.000,0.706
780000,0.278,0.000,0.722
780500,0.337,0.000,0.663
781000,0.551,0.000,0.449
781500,0.457,0.000,0.543
782000,0.221,0.000,0.779
782500,0.294,0.000,0.706
783000,0.432,0.000,0.568
783500,0.301,0.000,0.699
784000,0.304,0.000,0.696
784500,0.531,0.000,0.469
785000,0.432,0.000,0.568
785500,0.444,0.000,0.556
786000,0.453,0.000,0.547
786500,0.163,0.000,0.837
787000,0.415,0.000,0.585
787500,0.463,0.000,0.537
788000,0.527,0.000,0.473
788500,0.307,0.000,0.693
789000,0.491,0.000,0.509
789500,0.566,0.000,0.434
790000,0.549,0.000,0.451
790500,0.385,0.000,0.615
791000,0.504,0.000,0.496
791500,0.506,0.000,0.494
792000,0.638,0.000,0.362
792500,0.403,0.000,0.597
793000,0.481,0.000,0.519
793500,0.341,0.000,0.659
794000,0.333,0.000,0.667
794500,0.381,0.000,0.619
795000,0.323,0.000,0.677
795500,0.429,0.000,0.571
796000,0.302,0.000,0.698
796500,0.345,0.000,0.655
797000,0.425,0.000,0.575
797500,0.330,0.000,0.670
798000,0.458,0.000,0.542
798500,0.434,0.000,0.566
799000,0.344,0.000,0.656
799500,0.480,0.000,0.520
800000,0.314,0.000,0.686
800500,0.341,0.000,0.659
801000,0.364,0.000,0.636
801500,0.533,0.000,0.467
802000,0.330,0.000,0.670
802500,0.391,0.000,0.609
803000,0.377,0.000,0.623
803500,0.441,0.000,0.559
804000,0.549,0.000,0.451
804500,0.476,0.000,0.524
805000,0.364,0.000,0.636
805500,0.415,0.000,0.585
806000,0.315,0.000,0.685
806500,0.467,0.000,0.533
807000,0.290,0.000,0.710
807500,0.567,0.000,0.433
808000,0.407,0.000,0.593
808500,0.412,0.000,0.588
809000,0.503,0.000,0.497
809500,0.354,0.000,0.646
810000,0.367,0.000,0.633
810500,0.289,0.000,0.711
811000,0.517,0.000,0.483
811500,0.293,0.000,0.707
812000,0.373,0.000,0.627
812500,0.396,0.000,0.604
813000,0.528,0.000,0.472
813500,0.366,0.000,0.634
814000,0.249,0.000,0.751
814500,0.364,0.000,0.636
815000,0.348,0.000,0.652
815500,0.336,0.000,0.664
816000,0.376,0.000,0.624
816500,0.393,0.000,0.607
817000,0.378,0.000,0.622
817500,0.521,0.000,0.479
818000,0.410,0.000,0.590
818500,0.471,0.000,0.529
819000,0.373,0.000,0.627
819500,0.365,0.000,0.635
820000,0.375,0.000,0.625
820500,0.325,0.000,0.675
821000,0.406,0.000,0.594
821500,0.390,0.000,0.610
822000,0.427,0.000,0.573
822500,0.273,0.000,0.727
823000,0.384,0.000,0.616
823500,0.408,0.000,0.592
824000,0.472,0.000,0.528
824500,0.436,0.000,0.564
825000,0.447,0.000,0.553
825500,0.356,0.000,0.644
826000,0.308,0.000,0.692
826500,0.429,0.000,0.571
827000,0.404,0.000,0.596
827500,0.457,0.000,0.543
828000,0.378,0.000,0.622
828500,0.341,0.000,0.659
829000,0.416,0.000,0.584
829500,0.447,0.000,0.553
830000,0.489,0.000,0.511
830500,0.381,0.000,0.619
831000,0.377,0.000,0.623
831500,0.259,0.000,0.741
832000,0.297,0.000,0.703
832500,0.512,0.000,0.488
833000,0.369,0.000,0.631
833500,0.369,0.000,0.631
834000,0.457,0.000,0.543
834500,0.306,0.000,0.694
835000,0.282,0.000,0.718
835500,0.518,0.000,0.482
836000,0.400,0.000,0.600
836500,0.386,0.000,0.614
837000,0.432,0.000,0.568
837500,0.299,0.000,0.701
838000,0.274,0.000,0.726
838500,0.355,0.000,0.645
839000,0.401,0.000,0.599
839500,0.493,0.000,0.507
840000,0.503,0.000,0.497
840500,0.380,0.000,0.620
841000,0.270,0.000,0.730
841500,0.355,0.000,0.645
842000,0.444,0.000,0.556
842500,0.510,0.000,0.490
843000,0.502,0.000,0.498
843500,0.484,0.000,0.516
844000,0.394,0.000,0.606
844500,0.370,0.000,0.630
845000,0.412,0.000,0.588
845500,0.377,0.000,0.623
846000,0.362,0.000,0.638
846500,0.587,0.000,0.413
847000,0.432,0.000,0.568
847500,0.522,0.000,0.478
848000,0.344,0.000,0.656
848500,0.424,0.000,0.576
849000,0.390,0.000,0.610
849500,0.284,0.000,0.716
850000,0.315,0.000,0.685
850500,0.433,0.000,0.567
851000,0.503,0.000,0.497
851500,0.288,0.000,0.712
852000,0.391,0.000,0.609
852500,0.250,0.000,0.750
853000,0.331,0.000,0.669
853500,0.556,0.000,0.444
854000,0.417,0.000,0.583
854500,0.305,0.000,0.695
855000,0.335,0.000,0.665
855500,0.305,0.000,0.695
856000,0.458,0.000,0.542
856500,0.260,0.000,0.740
857000,0.426,0.000,0.574
857500,0.292,0.000,0.708
858000,0.451,0.000,0.549
858500,0.505,0.000,0.495
859000,0.485,0.000,0.515
859500,0.365,0.000,0.635
860000,0.295,0.000,0.705
860500,0.392,0.000,0.608
861000,0.377,0.000,0.623
861500,0.419,0.000,0.581
862000,0.402,0.000,0.598
862500,0.470,0.000,0.530
863000,0.301,0.000,0.699
863500,0.331,0.000,0.669
864000,0.409,0.000,0.591
864500,0.198,0.000,0.802
865000,0.371,0.000,0.629
865500,0.397,0.000,0.603
866000,0.316,0.000,0.684
866500,0.285,0.000,0.715
867000,0.361,0.000,0.639
867500,0.498,0.000,0.502
868000,0.619,0.000,0.381
868500,0.350,0.000,0.650
869000,0.302,0.000,0.698
869500,0.474,0.000,0.526
870000,0.418,0.000,0.582
870500,0.286,0.000,0.714
871000,0.479,0.000,0.521
871500,0.586,0.000,0.414
872000,0.327,0.000,0.673
872500,0.343,0.000,0.657
873000,0.385,0.000,0.615
873500,0.331,0.000,0.669
874000,0.423,0.000,0.577
874500,0.501,0.000,0.499
875000,0.362,0.000,0.638
875500,0.169,0.000,0.831
876000,0.301,0.000,0.699
876500,0.348,0.000,0.652
877000,0.238,0.000,0.762
877500,0.491,0.000,0.509
878000,0.340,0.000,0.660
878500,0.411,0.000,0.589
879000,0.500,0.000,0.500
879500,0.430,0.000,0.570
880000,0.501,0.000,0.499
880500,0.540,0.000,0.460
881000,0.441,0.000,0.559
881500,0.412,0.000,0.588
882000,0.339,0.000,0.661
882500,0.470,0.000,0.530
883000,0.326,0.000,0.674
883500,0.465,0.000,0.535
884000,0.556,0.000,0.444
884500,0.465,0.000,0.535
885000,0.445,0.000,0.555
885500,0.519,0.000,0.481
886000,0.614,0.000,0.386
886500,0.438,0.000,0.562
887000,0.317,0.000,0.683
887500,0.381,0.000,0.619
888000,0.322,0.000,0.678
888500,0.355,0.000,0.645
889000,0.480,0.000,0.520
889500,0.361,0.000,0.639
890000,0.478,0.000,0.522
890500,0.366,0.000,0.634
891000,0.443,0.000,0.557
891500,0.454,0.000,0.546
892000,0.463,0.000,0.537
892500,0.365,0.000,0.635
893000,0.331,0.000,0.669
893500,0.275,0.000,0.725
894000,0.404,0.000,0.596
894500,0.440,0.000,0.560
895000,0.301,0.000,0.699
895500,0.473,0.000,0.527
896000,0.329,0.000,0.671
896500,0.257,0.000,0.743
897000,0.364,0.000,0.636
897500,0.431,0.000,0.569
898000,0.237,0.000,0.763
898500,0.392,0.000,0.608
899000,0.364,0.000,0.636
899500,0.397,0.000,0.603
900000,0.571,0.000,0.429
900500,0.567,0.000,0.433
901000,0.417,0.000,0.583
901500,0.431,0.000,0.569
902000,0.425,0.000,0.575
902500,0.340,0.000,0.660
903000,0.381,0.000,0.619
903500,0.616,0.000,0.384
904000,0.476,0.000,0.524
904500,0.313,0.000,0.687
905000,0.456,0.000,0.544
905500,0.294,0.000,0.706
906000,0.371,0.000,0.629
906500,0.381,0.000,0.619
907000,0.398,0.000,0.602
907500,0.536,0.000,0.464
908000,0.270,0.000,0.730
908500,0.389,0.000,0.611
909000,0.577,0.000,0.423
909500,0.464,0.000,0.536
910000,0.315,0.000,0.685
910500,0.256,0.000,0.744
911000,0.350,0.000,0.650
911500,0.393,0.000,0.607
912000,0.341,0.000,0.659
912500,0.439,0.000,0.561
913000,0.470,0.000,0.530
913500,0.164,0.000,0.836
914000,0.322,0.000,0.678
914500,0.398,0.000,0.602
915000,0.346,0.000,0.654
915500,0.345,0.000,0.655
916000,0.400,0.000,0.600
916500,0.519,0.000,0.481
917000,0.310,0.000,0.690
917500,0.373,0.000,0.627
918000,0.453,0.000,0.547
918500,0.342,0.000,0.658
919000,0.281,0.000,0.719
919500,0.349,0.000,0.651
920000,0.331,0.000,0.669
920500,0.198,0.000,0.802
921000,0.446,0.000,0.554
921500,0.484,0.000,0.516
922000,0.277,0.000,0.723
922500,0.232,0.000,0.768
923000,0.326,0.000,0.674
923500,0.331,0.000,0.669
924000,0.285,0.000,0.715
924500,0.470,0.000,0.530
925000,0.342,0.000,0.658
925500,0.438,0.000,0.562
926000,0.271,0.000,0.729
926500,0.360,0.000,0.640
927000,0.421,0.000,0.579
927500,0.264,0.000,0.736
928000,0.379,0.000,0.621
928500,0.439,0.000,0.561
929000,0.260,0.000,0.740
929500,0.453,0.000,0.547
930000,0.323,0.000,0.677
930500,0.422,0.000,0.578
931000,0.496,0.000,0.504
931500,0.441,0.000,0.559
932000,0.338,0.000,0.662
932500,0.302,0.000,0.698
933000,0.404,0.000,0.596
933500,0.324,0.000,0.676
934000,0.477,0.000,0.523
934500,0.480,0.000,0.520
935000,0.435,0.000,0.565
935500,0.461,0.000,0.539
936000,0.384,0.000,0.616
936500,0.394,0.000,0.606
937000,0.412,0.000,0.588
937500,0.333,0.000,0.667
938000,0.422,0.000,0.578
938500,0.313,0.000,0.687
939000,0.249,0.000,0.751
939500,0.457,0.000,0.543
940000,0.308,0.000,0.692
940500,0.375,0.000,0.625
941000,0.425,0.000,0.575
941500,0.499,0.000,0.501
942000,0.519,0.000,0.481
942500,0.479,0.000,0.521
943000,0.303,0.000,0.697
943500,0.326,0.000,0.674
944000,0.545,0.000,0.455
944500,0.543,0.000,0.457
945000,0.415,0.000,0.585
945500,0.312,0.000,0.688
946000,0.440,0.000,0.560
946500,0.591,0.000,0.409
947000,0.411,0.000,0.589
947500,0.407,0.000,0.593
948000,0.302,0.000,0.698
948500,0.539,0.000,0.461
949000,0.449,0.000,0.551
949500,0.318,0.000,0.682
950000,0.452,0.000,0.548
950500,0.372,0.000,0.628
951000,0.362,0.000,0.638
951500,0.454,0.000,0.546
952000,0.441,0.000,0.559
952500,0.488,0.000,0.512
953000,0.376,0.000,0.624
953500,0.490,0.000,0.510
954000,0.340,0.000,0.660
954500,0.318,0.000,0.682
955000,0.505,0.000,0.495
955500,0.310,0.000,0.690
956000,0.346,0.000,0.654
956500,0.186,0.000,0.814
957000,0.602,0.000,0.398
957500,0.480,0.000,0.520
958000,0.223,0.000,0.777
958500,0.390,0.000,0.610
959000,0.532,0.000,0.468
959500,0.570,0.000,0.430
960000,0.366,0.000,0.634
960500,0.319,0.000,0.681
961000,0.473,0.000,0.527
961500,0.372,0.000,0.628
962000,0.521,0.000,0.479
962500,0.361,0.000,0.639
963000,0.353,0.000,0.647
963500,0.513,0.000,0.487
964000,0.383,0.000,0.617
964500,0.389,0.000,0.611
965000,0.542,0.000,0.458
965500,0.436,0.000,0.564
966000,0.362,0.000,0.638
966500,0.378,0.000,0.622
967000,0.463,0.000,0.537
967500,0.343,0.000,0.657
968000,0.248,0.000,0.752
968500,0.435,0.000,0.565
969000,0.553,0.000,0.447
969500,0.463,0.000,0.537
970000,0.593,0.000,0.407
970500,0.631,0.000,0.369
971000,0.399,0.000,0.601
971500,0.479,0.000,0.521
972000,0.634,0.000,0.366
972500,0.371,0.000,0.629
973000,0.383,0.000,0.617
973500,0.340,0.000,0.660
974000,0.288,0.000,0.712
974500,0.465,0.000,0.535
975000,0.356,0.000,0.644
975500,0.456,0.000,0.544
976000,0.524,0.000,0.476
976500,0.337,0.000,0.663
977000,0.408,0.000,0.592
977500,0.335,0.000,0.665
978000,0.504,0.000,0.496
978500,0.439,0.000,0.561
979000,0.383,0.000,0.617
979500,0.435,0.000,0.565
980000,0.315,0.000,0.685
980500,0.508,0.000,0.492
981000,0.255,0.000,0.745
981500,0.371,0.000,0.629
982000,0.651,0.000,0.349
982500,0.352,0.000,0.648
983000,0.390,0.000,0.610
983500,0.430,0.000,0.570
984000,0.494,0.000,0.506
984500,0.613,0.000,0.387
985000,0.411,0.000,0.589
985500,0.369,0.000,0.631
986000,0.439,0.000,0.561
986500,0.531,0.000,0.469
987000,0.369,0.000,0.631
987500,0.405,0.000,0.595
988000,0.363,0.000,0.637
988500,0.389,0.000,0.611
989000,0.238,0.000,0.762
989500,0.303,0.000,0.697
990000,0.427,0.000,0.573
990500,0.322,0.000,0.678
991000,0.467,0.000,0.533
991500,0.324,0.000,0.676
992000,0.416,0.000,0.584
992500,0.378,0.000,0.622
993000,0.326,0.000,0.674
993500,0.288,0.000,0.712
994000,0.259,0.000,0.741
994500,0.572,0.000,0.428
995000,0.371,0.000,0.629
995500,0.304,0.000,0.696
996000,0.297,0.000,0.703
996500,0.275,0.000,0.725
997000,0.340,0.000,0.660
997500,0.352,0.000,0.648
998000,0.285,0.000,0.715
998500,0.260,0.000,0.740
999000,0.460,0.000,0.540
999500,0.366,0.000,0.634
1000000,0.416,0.000,0.584
