time,n_A+p,n_B,n_AB
500,0.080,0.720,0.201
1000,0.080,0.584,0.337
1500,0.080,0.464,0.457
2000,0.083,0.454,0.463
2500,0.080,0.410,0.510
3000,0.083,0.423,0.494
3500,0.084,0.399,0.518
4000,0.084,0.463,0.453
4500,0.081,0.447,0.473
5000,0.080,0.447,0.474
5500,0.080,0.444,0.476
6000,0.083,0.419,0.498
6500,0.087,0.376,0.537
7000,0.091,0.368,0.540
7500,0.086,0.361,0.552
8000,0.088,0.377,0.534
8500,0.089,0.418,0.492
9000,0.082,0.451,0.468
9500,0.080,0.441,0.479
10000,0.080,0.451,0.470
10500,0.080,0.456,0.464
11000,0.080,0.476,0.444
11500,0.080,0.528,0.392
12000,0.080,0.534,0.386
12500,0.080,0.513,0.407
13000,0.080,0.444,0.476
13500,0.080,0.464,0.457
14000,0.080,0.425,0.495
14500,0.080,0.453,0.467
15000,0.085,0.379,0.536
15500,0.085,0.346,0.569
16000,0.096,0.356,0.548
16500,0.085,0.371,0.544
17000,0.083,0.396,0.522
17500,0.083,0.384,0.534
18000,0.086,0.350,0.564
18500,0.082,0.375,0.543
19000,0.085,0.387,0.528
19500,0.082,0.371,0.547
20000,0.086,0.418,0.495
20500,0.098,0.363,0.538
21000,0.086,0.393,0.522
21500,0.082,0.430,0.488
22000,0.080,0.415,0.505
22500,0.080,0.473,0.447
23000,0.080,0.487,0.433
23500,0.083,0.423,0.494
24000,0.083,0.405,0.513
24500,0.088,0.410,0.502
25000,0.083,0.436,0.481
25500,0.081,0.484,0.435
26000,0.081,0.494,0.425
26500,0.084,0.505,0.411
27000,0.081,0.476,0.443
27500,0.080,0.413,0.507
28000,0.080,0.460,0.461
28500,0.080,0.413,0.507
29000,0.080,0.452,0.468
29500,0.083,0.454,0.464
30000,0.084,0.452,0.465
30500,0.081,0.439,0.481
31000,0.081,0.439,0.481
31500,0.084,0.477,0.439
32000,0.083,0.415,0.502
32500,0.082,0.476,0.442
33000,0.080,0.482,0.438
33500,0.080,0.433,0.487
34000,0.086,0.405,0.509
34500,0.084,0.410,0.506
35000,0.089,0.402,0.510
35500,0.086,0.433,0.480
36000,0.081,0.419,0.500
36500,0.086,0.393,0.521
37000,0.089,0.359,0.552
37500,0.092,0.336,0.572
38000,0.090,0.345,0.564
38500,0.082,0.396,0.522
39000,0.080,0.468,0.452
39500,0.080,0.521,0.399
40000,0.080,0.457,0.464
40500,0.081,0.444,0.476
41000,0.082,0.430,0.488
41500,0.081,0.504,0.415
42000,0.083,0.469,0.449
42500,0.082,0.528,0.390
43000,0.080,0.504,0.416
43500,0.080,0.488,0.432
44000,0.082,0.453,0.466
44500,0.081,0.435,0.484
45000,0.086,0.397,0.517
45500,0.084,0.441,0.476
46000,0.091,0.409,0.499
46500,0.087,0.389,0.524
47000,0.085,0.382,0.534
47500,0.082,0.411,0.508
48000,0.082,0.407,0.511
48500,0.084,0.438,0.478
49000,0.081,0.435,0.484
49500,0.081,0.439,0.481
50000,0.080,0.428,0.492
50500,0.080,0.415,0.505
51000,0.082,0.381,0.538
51500,0.081,0.414,0.506
52000,0.081,0.462,0.457
52500,0.081,0.421,0.498
53000,0.080,0.481,0.439
53500,0.080,0.468,0.453
54000,0.080,0.498,0.422
54500,0.084,0.449,0.467
55000,0.081,0.429,0.490
55500,0.085,0.449,0.466
56000,0.082,0.429,0.489
56500,0.085,0.439,0.476
57000,0.084,0.472,0.445
57500,0.081,0.448,0.471
58000,0.081,0.440,0.480
58500,0.082,0.449,0.470
59000,0.088,0.428,0.484
59500,0.082,0.467,0.452
60000,0.080,0.437,0.483
60500,0.080,0.488,0.432
61000,0.080,0.469,0.451
61500,0.080,0.475,0.445
62000,0.082,0.419,0.499
62500,0.082,0.477,0.441
63000,0.080,0.476,0.444
63500,0.080,0.447,0.473
64000,0.080,0.487,0.433
64500,0.080,0.496,0.424
65000,0.082,0.482,0.436
65500,0.082,0.506,0.412
66000,0.080,0.482,0.438
66500,0.080,0.502,0.418
67000,0.080,0.442,0.479
67500,0.086,0.419,0.495
68000,0.085,0.429,0.486
68500,0.080,0.410,0.510
69000,0.080,0.431,0.489
69500,0.082,0.404,0.515
70000,0.085,0.412,0.503
70500,0.082,0.461,0.457
71000,0.082,0.412,0.506
71500,0.082,0.463,0.456
72000,0.084,0.492,0.424
72500,0.081,0.497,0.422
73000,0.084,0.442,0.474
73500,0.081,0.409,0.510
74000,0.084,0.430,0.486
74500,0.087,0.383,0.529
75000,0.090,0.383,0.526
75500,0.083,0.435,0.482
76000,0.084,0.408,0.508
76500,0.081,0.451,0.469
77000,0.081,0.454,0.465
77500,0.081,0.462,0.457
78000,0.080,0.514,0.406
78500,0.080,0.454,0.467
79000,0.082,0.429,0.489
79500,0.080,0.430,0.490
80000,0.080,0.443,0.477
80500,0.084,0.445,0.471
81000,0.083,0.445,0.473
81500,0.083,0.465,0.453
82000,0.083,0.425,0.492
82500,0.083,0.427,0.490
83000,0.085,0.466,0.450
83500,0.081,0.446,0.474
84000,0.081,0.435,0.484
84500,0.084,0.470,0.446
85000,0.080,0.448,0.472
85500,0.080,0.395,0.525
86000,0.084,0.448,0.469
86500,0.081,0.432,0.487
87000,0.083,0.486,0.431
87500,0.082,0.505,0.413
88000,0.085,0.471,0.444
88500,0.084,0.493,0.423
89000,0.085,0.459,0.457
89500,0.082,0.450,0.469
90000,0.081,0.490,0.429
90500,0.083,0.465,0.452
91000,0.085,0.478,0.438
91500,0.082,0.489,0.429
92000,0.081,0.484,0.435
92500,0.081,0.497,0.422
93000,0.080,0.495,0.425
93500,0.080,0.516,0.404
94000,0.080,0.497,0.423
94500,0.080,0.418,0.502
95000,0.082,0.436,0.482
95500,0.088,0.367,0.544
96000,0.083,0.412,0.505
96500,0.081,0.449,0.471
97000,0.080,0.437,0.483
97500,0.080,0.483,0.437
98000,0.083,0.501,0.416
98500,0.082,0.446,0.472
99000,0.083,0.473,0.444
99500,0.081,0.472,0.447
100000,0.080,0.496,0.424
100500,0.080,0.461,0.459
101000,0.082,0.449,0.469
101500,0.083,0.402,0.515
102000,0.081,0.399,0.520
102500,0.080,0.404,0.516
103000,0.082,0.469,0.449
103500,0.083,0.500,0.417
104000,0.081,0.529,0.390
104500,0.083,0.476,0.441
105000,0.083,0.405,0.513
105500,0.081,0.424,0.495
106000,0.082,0.397,0.522
106500,0.085,0.496,0.419
107000,0.080,0.461,0.459
107500,0.083,0.470,0.448
108000,0.085,0.430,0.485
108500,0.081,0.479,0.440
109000,0.081,0.468,0.451
109500,0.080,0.439,0.482
110000,0.083,0.455,0.463
110500,0.081,0.438,0.482
111000,0.080,0.408,0.512
111500,0.080,0.446,0.474
112000,0.081,0.434,0.485
112500,0.080,0.413,0.507
113000,0.083,0.394,0.523
113500,0.082,0.445,0.474
114000,0.080,0.472,0.448
114500,0.080,0.499,0.421
115000,0.080,0.541,0.379
115500,0.080,0.478,0.442
116000,0.080,0.492,0.428
116500,0.080,0.504,0.416
117000,0.080,0.480,0.440
117500,0.082,0.472,0.446
118000,0.080,0.477,0.443
118500,0.080,0.479,0.441
119000,0.083,0.484,0.433
119500,0.084,0.417,0.499
120000,0.082,0.473,0.445
120500,0.087,0.426,0.486
121000,0.086,0.439,0.476
121500,0.081,0.402,0.517
122000,0.080,0.427,0.493
122500,0.080,0.445,0.475
123000,0.083,0.449,0.468
123500,0.084,0.459,0.457
124000,0.081,0.407,0.512
124500,0.083,0.477,0.440
125000,0.082,0.373,0.545
125500,0.081,0.409,0.510
126000,0.081,0.438,0.482
126500,0.087,0.391,0.522
127000,0.089,0.369,0.541
127500,0.091,0.365,0.543
128000,0.081,0.432,0.487
128500,0.080,0.420,0.500
129000,0.080,0.442,0.478
129500,0.080,0.507,0.413
130000,0.080,0.503,0.417
130500,0.080,0.489,0.431
131000,0.080,0.415,0.505
131500,0.082,0.475,0.443
132000,0.080,0.494,0.426
132500,0.082,0.430,0.488
133000,0.085,0.417,0.498
133500,0.087,0.403,0.509
134000,0.081,0.442,0.478
134500,0.080,0.459,0.461
135000,0.080,0.455,0.466
135500,0.080,0.446,0.474
136000,0.080,0.433,0.487
136500,0.081,0.488,0.431
137000,0.083,0.498,0.419
137500,0.084,0.447,0.470
138000,0.081,0.428,0.491
138500,0.081,0.389,0.530
139000,0.080,0.406,0.514
139500,0.089,0.381,0.529
140000,0.098,0.360,0.542
140500,0.086,0.405,0.509
141000,0.081,0.424,0.495
141500,0.082,0.454,0.464
142000,0.084,0.466,0.450
142500,0.081,0.466,0.454
143000,0.080,0.483,0.437
143500,0.082,0.400,0.519
144000,0.091,0.413,0.496
144500,0.082,0.473,0.445
145000,0.080,0.501,0.419
145500,0.084,0.525,0.391
146000,0.081,0.460,0.459
146500,0.080,0.486,0.434
147000,0.084,0.434,0.482
147500,0.082,0.481,0.437
148000,0.081,0.478,0.442
148500,0.080,0.477,0.443
149000,0.082,0.501,0.417
149500,0.080,0.488,0.432
150000,0.080,0.534,0.386
150500,0.082,0.483,0.435
151000,0.081,0.478,0.441
151500,0.080,0.480,0.440
152000,0.084,0.494,0.422
152500,0.081,0.470,0.450
153000,0.082,0.390,0.529
153500,0.080,0.418,0.502
154000,0.084,0.425,0.491
154500,0.084,0.398,0.519
155000,0.089,0.388,0.523
155500,0.084,0.402,0.514
156000,0.083,0.394,0.524
156500,0.083,0.443,0.474
157000,0.083,0.427,0.490
157500,0.082,0.407,0.511
158000,0.081,0.426,0.493
158500,0.080,0.456,0.464
159000,0.084,0.413,0.503
159500,0.085,0.378,0.538
160000,0.081,0.499,0.420
160500,0.086,0.436,0.478
161000,0.081,0.459,0.461
161500,0.080,0.513,0.407
162000,0.084,0.455,0.461
162500,0.082,0.489,0.429
163000,0.080,0.504,0.416
163500,0.083,0.490,0.427
164000,0.081,0.541,0.378
164500,0.080,0.544,0.376
165000,0.080,0.484,0.436
165500,0.080,0.528,0.392
166000,0.080,0.545,0.375
166500,0.080,0.523,0.397
167000,0.080,0.469,0.451
167500,0.086,0.422,0.492
168000,0.085,0.399,0.516
168500,0.081,0.442,0.477
169000,0.085,0.385,0.530
169500,0.092,0.360,0.547
170000,0.083,0.411,0.506
170500,0.085,0.377,0.538
171000,0.092,0.367,0.541
171500,0.082,0.365,0.553
172000,0.086,0.428,0.485
172500,0.081,0.435,0.484
173000,0.080,0.473,0.447
173500,0.080,0.439,0.482
174000,0.084,0.450,0.466
174500,0.082,0.492,0.426
175000,0.081,0.406,0.513
175500,0.080,0.392,0.528
176000,0.080,0.463,0.458
176500,0.084,0.457,0.459
177000,0.082,0.436,0.482
177500,0.081,0.477,0.443
178000,0.080,0.453,0.467
178500,0.081,0.499,0.420
179000,0.083,0.448,0.469
179500,0.080,0.458,0.462
180000,0.080,0.467,0.454
180500,0.080,0.520,0.400
181000,0.080,0.504,0.416
181500,0.080,0.439,0.481
182000,0.080,0.419,0.501
182500,0.080,0.439,0.482
183000,0.080,0.472,0.448
183500,0.085,0.534,0.381
184000,0.082,0.468,0.450
184500,0.085,0.443,0.472
185000,0.081,0.411,0.508
185500,0.080,0.443,0.477
186000,0.080,0.435,0.485
186500,0.080,0.440,0.481
187000,0.085,0.417,0.498
187500,0.086,0.373,0.540
188000,0.082,0.431,0.487
188500,0.081,0.432,0.487
189000,0.081,0.455,0.465
189500,0.083,0.439,0.479
190000,0.086,0.467,0.446
190500,0.082,0.473,0.445
191000,0.080,0.471,0.449
191500,0.080,0.524,0.396
192000,0.080,0.509,0.411
192500,0.080,0.515,0.405
193000,0.080,0.498,0.422
193500,0.081,0.534,0.385
194000,0.080,0.513,0.407
194500,0.080,0.503,0.417
195000,0.080,0.495,0.425
195500,0.080,0.401,0.520
196000,0.083,0.463,0.454
196500,0.084,0.382,0.534
197000,0.082,0.400,0.518
197500,0.083,0.404,0.514
198000,0.081,0.432,0.487
198500,0.083,0.432,0.485
199000,0.081,0.457,0.463
199500,0.081,0.455,0.464
200000,0.080,0.461,0.459
200500,0.080,0.480,0.440
201000,0.080,0.496,0.424
201500,0.080,0.468,0.453
202000,0.081,0.414,0.505
202500,0.080,0.462,0.459
203000,0.080,0.445,0.475
203500,0.080,0.452,0.469
204000,0.080,0.448,0.472
204500,0.080,0.461,0.460
205000,0.083,0.428,0.489
205500,0.081,0.437,0.482
206000,0.080,0.419,0.501
206500,0.086,0.419,0.495
207000,0.081,0.403,0.516
207500,0.085,0.439,0.476
208000,0.081,0.453,0.466
208500,0.084,0.427,0.489
209000,0.085,0.437,0.478
209500,0.081,0.470,0.449
210000,0.083,0.431,0.486
210500,0.080,0.395,0.525
211000,0.080,0.428,0.492
211500,0.080,0.457,0.464
212000,0.080,0.474,0.446
212500,0.080,0.483,0.437
213000,0.080,0.424,0.496
213500,0.080,0.409,0.511
214000,0.088,0.397,0.514
214500,0.088,0.412,0.500
215000,0.088,0.394,0.518
215500,0.083,0.440,0.477
216000,0.080,0.443,0.477
216500,0.080,0.439,0.482
217000,0.086,0.505,0.409
217500,0.086,0.475,0.439
218000,0.081,0.438,0.481
218500,0.085,0.440,0.476
219000,0.082,0.493,0.425
219500,0.082,0.488,0.430
220000,0.081,0.453,0.466
220500,0.080,0.465,0.456
221000,0.080,0.487,0.433
221500,0.080,0.487,0.433
222000,0.083,0.449,0.469
222500,0.083,0.405,0.513
223000,0.086,0.441,0.474
223500,0.081,0.408,0.511
224000,0.082,0.417,0.501
224500,0.081,0.505,0.414
225000,0.080,0.501,0.419
225500,0.080,0.503,0.417
226000,0.080,0.458,0.462
226500,0.086,0.479,0.435
227000,0.081,0.450,0.470
227500,0.082,0.460,0.458
228000,0.081,0.426,0.493
228500,0.080,0.399,0.521
229000,0.080,0.472,0.448
229500,0.080,0.464,0.457
230000,0.082,0.462,0.457
230500,0.086,0.434,0.479
231000,0.083,0.457,0.461
231500,0.081,0.455,0.465
232000,0.084,0.471,0.446
232500,0.081,0.434,0.485
233000,0.080,0.461,0.459
233500,0.080,0.481,0.439
234000,0.081,0.469,0.450
234500,0.080,0.436,0.484
235000,0.085,0.434,0.481
235500,0.084,0.440,0.477
236000,0.081,0.463,0.456
236500,0.081,0.438,0.482
237000,0.086,0.433,0.481
237500,0.085,0.435,0.480
238000,0.085,0.428,0.487
238500,0.087,0.367,0.545
239000,0.085,0.386,0.530
239500,0.093,0.385,0.522
240000,0.089,0.393,0.518
240500,0.085,0.442,0.473
241000,0.082,0.458,0.460
241500,0.080,0.420,0.500
242000,0.089,0.367,0.543
242500,0.089,0.363,0.547
243000,0.091,0.366,0.542
243500,0.093,0.352,0.554
244000,0.086,0.421,0.492
244500,0.081,0.444,0.475
245000,0.082,0.414,0.504
245500,0.082,0.416,0.502
246000,0.080,0.423,0.497
246500,0.080,0.471,0.449
247000,0.080,0.484,0.436
247500,0.080,0.471,0.449
248000,0.080,0.424,0.496
248500,0.080,0.435,0.485
249000,0.084,0.376,0.541
249500,0.084,0.394,0.523
250000,0.081,0.441,0.478
250500,0.080,0.429,0.491
251000,0.089,0.422,0.488
251500,0.083,0.436,0.481
252000,0.082,0.459,0.459
252500,0.080,0.508,0.412
253000,0.080,0.506,0.414
253500,0.083,0.462,0.455
254000,0.081,0.478,0.441
254500,0.084,0.460,0.456
255000,0.081,0.526,0.393
255500,0.080,0.469,0.451
256000,0.081,0.455,0.465
256500,0.082,0.445,0.474
257000,0.083,0.462,0.455
257500,0.086,0.459,0.456
258000,0.085,0.469,0.447
258500,0.083,0.487,0.430
259000,0.081,0.528,0.391
259500,0.080,0.526,0.394
260000,0.080,0.494,0.426
260500,0.080,0.466,0.454
261000,0.080,0.489,0.431
261500,0.080,0.464,0.456
262000,0.080,0.448,0.473
262500,0.080,0.513,0.407
263000,0.080,0.550,0.370
263500,0.080,0.496,0.424
264000,0.084,0.460,0.456
264500,0.089,0.406,0.506
265000,0.085,0.390,0.526
265500,0.082,0.414,0.504
266000,0.084,0.402,0.514
266500,0.082,0.469,0.449
267000,0.081,0.505,0.414
267500,0.081,0.528,0.391
268000,0.080,0.440,0.481
268500,0.081,0.433,0.486
269000,0.081,0.447,0.472
269500,0.083,0.456,0.461
270000,0.085,0.469,0.447
270500,0.082,0.472,0.446
271000,0.080,0.453,0.467
271500,0.082,0.468,0.450
272000,0.082,0.457,0.461
272500,0.081,0.495,0.424
273000,0.080,0.452,0.469
273500,0.083,0.427,0.490
274000,0.081,0.441,0.479
274500,0.086,0.417,0.497
275000,0.086,0.399,0.515
275500,0.082,0.392,0.526
276000,0.089,0.370,0.541
276500,0.099,0.354,0.547
277000,0.089,0.382,0.529
277500,0.083,0.462,0.456
278000,0.080,0.421,0.499
278500,0.080,0.465,0.456
279000,0.081,0.480,0.439
279500,0.086,0.451,0.463
280000,0.084,0.459,0.458
280500,0.085,0.429,0.486
281000,0.081,0.434,0.485
281500,0.081,0.472,0.448
282000,0.083,0.463,0.455
282500,0.084,0.443,0.474
283000,0.082,0.453,0.466
283500,0.081,0.427,0.492
284000,0.083,0.435,0.482
284500,0.084,0.402,0.514
285000,0.082,0.414,0.504
285500,0.083,0.464,0.453
286000,0.081,0.421,0.498
286500,0.080,0.474,0.446
287000,0.082,0.495,0.423
287500,0.080,0.506,0.414
288000,0.080,0.532,0.388
288500,0.080,0.468,0.453
289000,0.080,0.470,0.450
289500,0.080,0.499,0.421
290000,0.080,0.460,0.461
290500,0.080,0.454,0.467
291000,0.083,0.499,0.418
291500,0.081,0.471,0.449
292000,0.080,0.493,0.427
292500,0.080,0.498,0.422
293000,0.080,0.472,0.448
293500,0.082,0.443,0.476
294000,0.085,0.432,0.483
294500,0.081,0.421,0.498
295000,0.080,0.465,0.456
295500,0.080,0.452,0.469
296000,0.083,0.457,0.460
296500,0.088,0.424,0.488
297000,0.084,0.402,0.515
297500,0.082,0.468,0.451
298000,0.080,0.474,0.446
298500,0.080,0.508,0.412
299000,0.080,0.491,0.429
299500,0.080,0.447,0.474
300000,0.080,0.461,0.459
300500,0.080,0.428,0.492
301000,0.080,0.429,0.491
301500,0.080,0.471,0.449
302000,0.080,0.471,0.449
302500,0.080,0.502,0.418
303000,0.082,0.519,0.399
303500,0.082,0.445,0.474
304000,0.086,0.441,0.473
304500,0.085,0.420,0.495
305000,0.081,0.460,0.460
305500,0.080,0.472,0.448
306000,0.083,0.413,0.504
306500,0.084,0.449,0.468
307000,0.083,0.470,0.447
307500,0.085,0.476,0.440
308000,0.082,0.451,0.468
308500,0.084,0.424,0.492
309000,0.081,0.487,0.432
309500,0.081,0.443,0.476
310000,0.080,0.438,0.483
310500,0.082,0.390,0.528
311000,0.083,0.430,0.487
311500,0.085,0.431,0.484
312000,0.086,0.432,0.482
312500,0.080,0.423,0.497
313000,0.084,0.453,0.463
313500,0.082,0.355,0.563
314000,0.086,0.381,0.533
314500,0.086,0.397,0.518
315000,0.084,0.435,0.481
315500,0.086,0.453,0.461
316000,0.080,0.442,0.478
316500,0.081,0.441,0.478
317000,0.085,0.427,0.488
317500,0.091,0.422,0.486
318000,0.081,0.443,0.476
318500,0.086,0.423,0.491
319000,0.085,0.341,0.575
319500,0.081,0.427,0.492
320000,0.080,0.454,0.466
320500,0.082,0.509,0.409
321000,0.080,0.449,0.471
321500,0.082,0.480,0.439
322000,0.085,0.435,0.480
322500,0.082,0.449,0.470
323000,0.080,0.476,0.444
323500,0.080,0.461,0.459
324000,0.082,0.402,0.516
324500,0.081,0.457,0.463
325000,0.083,0.477,0.441
325500,0.081,0.427,0.492
326000,0.083,0.443,0.474
326500,0.082,0.513,0.405
327000,0.086,0.519,0.394
327500,0.082,0.524,0.394
328000,0.080,0.451,0.469
328500,0.080,0.523,0.397
329000,0.080,0.528,0.392
329500,0.080,0.440,0.480
330000,0.080,0.509,0.411
330500,0.083,0.451,0.466
331000,0.081,0.437,0.482
331500,0.083,0.465,0.453
332000,0.081,0.447,0.473
332500,0.080,0.464,0.456
333000,0.085,0.436,0.479
333500,0.088,0.389,0.524
334000,0.095,0.363,0.542
334500,0.087,0.381,0.532
335000,0.086,0.405,0.508
335500,0.086,0.413,0.502
336000,0.088,0.422,0.490
336500,0.081,0.472,0.448
337000,0.080,0.461,0.460
337500,0.080,0.492,0.428
338000,0.085,0.446,0.470
338500,0.082,0.461,0.458
339000,0.081,0.497,0.422
339500,0.080,0.511,0.409
340000,0.082,0.500,0.418
340500,0.081,0.461,0.458
341000,0.080,0.474,0.446
341500,0.080,0.465,0.456
342000,0.083,0.466,0.451
342500,0.085,0.398,0.518
343000,0.084,0.369,0.547
343500,0.084,0.385,0.532
344000,0.084,0.392,0.525
344500,0.085,0.410,0.505
345000,0.082,0.427,0.491
345500,0.086,0.412,0.502
346000,0.085,0.425,0.490
346500,0.081,0.443,0.477
347000,0.084,0.412,0.504
347500,0.086,0.365,0.549
348000,0.082,0.402,0.517
348500,0.089,0.383,0.527
349000,0.086,0.390,0.525
349500,0.085,0.402,0.514
350000,0.082,0.400,0.518
350500,0.083,0.422,0.495
351000,0.081,0.477,0.442
351500,0.081,0.474,0.446
352000,0.081,0.469,0.451
352500,0.084,0.431,0.485
353000,0.086,0.411,0.503
353500,0.081,0.435,0.484
354000,0.080,0.487,0.433
354500,0.080,0.425,0.495
355000,0.080,0.480,0.440
355500,0.080,0.469,0.451
356000,0.080,0.454,0.466
356500,0.083,0.431,0.486
357000,0.081,0.473,0.446
357500,0.081,0.448,0.472
358000,0.080,0.461,0.459
358500,0.087,0.460,0.452
359000,0.083,0.478,0.439
359500,0.082,0.445,0.473
360000,0.081,0.499,0.420
360500,0.080,0.453,0.467
361000,0.080,0.474,0.446
361500,0.080,0.491,0.429
362000,0.080,0.492,0.428
362500,0.080,0.465,0.455
363000,0.080,0.440,0.480
363500,0.084,0.416,0.500
364000,0.087,0.417,0.496
364500,0.082,0.396,0.522
365000,0.085,0.390,0.525
365500,0.086,0.410,0.503
366000,0.083,0.362,0.555
366500,0.083,0.410,0.507
367000,0.081,0.420,0.499
367500,0.080,0.435,0.485
368000,0.083,0.498,0.419
368500,0.081,0.436,0.483
369000,0.081,0.480,0.439
369500,0.085,0.454,0.461
370000,0.081,0.483,0.436
370500,0.080,0.490,0.430
371000,0.080,0.506,0.414
371500,0.080,0.519,0.401
372000,0.080,0.472,0.448
372500,0.082,0.421,0.497
373000,0.080,0.465,0.455
373500,0.080,0.470,0.450
374000,0.080,0.462,0.459
374500,0.080,0.467,0.453
375000,0.082,0.418,0.500
375500,0.081,0.420,0.499
376000,0.080,0.387,0.534
376500,0.082,0.362,0.556
377000,0.081,0.419,0.500
377500,0.083,0.413,0.504
378000,0.081,0.388,0.532
378500,0.086,0.412,0.502
379000,0.086,0.344,0.570
379500,0.102,0.318,0.580
380000,0.086,0.364,0.550
380500,0.085,0.351,0.565
381000,0.104,0.308,0.588
381500,0.092,0.371,0.537
382000,0.086,0.358,0.556
382500,0.085,0.396,0.519
383000,0.090,0.405,0.504
383500,0.084,0.417,0.499
384000,0.085,0.422,0.493
384500,0.085,0.382,0.534
385000,0.084,0.374,0.542
385500,0.086,0.454,0.460
386000,0.083,0.448,0.469
386500,0.084,0.407,0.509
387000,0.080,0.408,0.512
387500,0.080,0.456,0.464
388000,0.083,0.416,0.501
388500,0.081,0.389,0.530
389000,0.086,0.386,0.528
389500,0.087,0.359,0.553
390000,0.086,0.392,0.522
390500,0.085,0.398,0.517
391000,0.082,0.353,0.565
391500,0.081,0.370,0.548
392000,0.081,0.402,0.518
392500,0.081,0.405,0.514
393000,0.088,0.358,0.553
393500,0.082,0.423,0.495
394000,0.082,0.407,0.512
394500,0.081,0.408,0.512
395000,0.087,0.444,0.469
395500,0.084,0.384,0.532
396000,0.085,0.423,0.492
396500,0.084,0.424,0.492
397000,0.081,0.376,0.543
397500,0.080,0.379,0.541
398000,0.080,0.449,0.472
398500,0.082,0.486,0.432
399000,0.083,0.462,0.455
399500,0.080,0.463,0.458
400000,0.083,0.423,0.494
400500,0.080,0.410,0.510
401000,0.081,0.476,0.444
401500,0.080,0.455,0.465
402000,0.082,0.425,0.493
402500,0.080,0.431,0.489
403000,0.080,0.497,0.423
403500,0.080,0.520,0.400
404000,0.083,0.474,0.443
404500,0.081,0.430,0.489
405000,0.080,0.478,0.442
405500,0.082,0.441,0.478
406000,0.083,0.483,0.434
406500,0.082,0.458,0.461
407000,0.083,0.488,0.429
407500,0.081,0.482,0.437
408000,0.082,0.503,0.415
408500,0.082,0.513,0.405
409000,0.085,0.513,0.402
409500,0.081,0.506,0.413
410000,0.080,0.529,0.391
410500,0.080,0.512,0.408
411000,0.080,0.477,0.443
411500,0.083,0.462,0.455
412000,0.081,0.480,0.439
412500,0.088,0.426,0.486
413000,0.091,0.398,0.511
413500,0.081,0.441,0.478
414000,0.080,0.424,0.496
414500,0.083,0.469,0.449
415000,0.080,0.450,0.471
415500,0.080,0.450,0.471
416000,0.084,0.417,0.499
416500,0.081,0.451,0.469
417000,0.080,0.484,0.436
417500,0.080,0.473,0.447
418000,0.080,0.438,0.482
418500,0.080,0.439,0.482
419000,0.082,0.493,0.425
419500,0.080,0.530,0.390
420000,0.080,0.510,0.410
420500,0.080,0.469,0.451
421000,0.081,0.417,0.502
421500,0.082,0.451,0.467
422000,0.082,0.445,0.474
422500,0.081,0.512,0.407
423000,0.081,0.473,0.447
423500,0.083,0.458,0.460
424000,0.081,0.385,0.534
424500,0.081,0.453,0.467
425000,0.081,0.418,0.501
425500,0.082,0.462,0.456
426000,0.081,0.406,0.513
426500,0.082,0.424,0.494
427000,0.084,0.439,0.477
427500,0.085,0.462,0.454
428000,0.082,0.495,0.423
428500,0.081,0.445,0.474
429000,0.080,0.479,0.441
429500,0.080,0.432,0.488
430000,0.080,0.428,0.492
430500,0.082,0.502,0.416
431000,0.084,0.514,0.402
431500,0.080,0.500,0.420
432000,0.080,0.521,0.399
432500,0.080,0.493,0.427
433000,0.083,0.494,0.423
433500,0.080,0.476,0.444
434000,0.080,0.477,0.443
434500,0.080,0.471,0.449
435000,0.080,0.508,0.412
435500,0.080,0.558,0.362
436000,0.080,0.506,0.414
436500,0.080,0.453,0.467
437000,0.080,0.480,0.440
437500,0.080,0.499,0.421
438000,0.080,0.489,0.431
438500,0.080,0.475,0.445
439000,0.080,0.492,0.428
439500,0.083,0.436,0.481
440000,0.081,0.401,0.518
440500,0.090,0.410,0.499
441000,0.083,0.453,0.464
441500,0.081,0.425,0.494
442000,0.083,0.420,0.497
442500,0.082,0.464,0.454
443000,0.080,0.497,0.423
443500,0.083,0.440,0.478
444000,0.083,0.420,0.497
444500,0.085,0.422,0.493
445000,0.085,0.491,0.424
445500,0.081,0.428,0.491
446000,0.083,0.461,0.457
446500,0.081,0.507,0.412
447000,0.080,0.489,0.431
447500,0.080,0.511,0.409
448000,0.080,0.479,0.441
448500,0.080,0.486,0.434
449000,0.084,0.475,0.441
449500,0.087,0.453,0.461
450000,0.084,0.425,0.491
450500,0.082,0.393,0.526
451000,0.087,0.391,0.522
451500,0.086,0.364,0.550
452000,0.082,0.430,0.488
452500,0.080,0.443,0.477
453000,0.083,0.460,0.458
453500,0.081,0.479,0.440
454000,0.080,0.466,0.454
454500,0.082,0.491,0.427
455000,0.081,0.495,0.424
455500,0.080,0.495,0.425
456000,0.082,0.485,0.433
456500,0.080,0.470,0.450
457000,0.080,0.494,0.426
457500,0.080,0.432,0.488
458000,0.080,0.424,0.496
458500,0.080,0.364,0.556
459000,0.085,0.433,0.482
459500,0.081,0.429,0.490
460000,0.084,0.428,0.488
460500,0.085,0.412,0.503
461000,0.090,0.445,0.464
461500,0.085,0.386,0.529
462000,0.084,0.402,0.514
462500,0.083,0.427,0.490
463000,0.081,0.439,0.481
463500,0.083,0.468,0.449
464000,0.081,0.487,0.432
464500,0.080,0.506,0.414
465000,0.080,0.487,0.433
465500,0.080,0.446,0.475
466000,0.080,0.449,0.471
466500,0.084,0.441,0.475
467000,0.081,0.450,0.469
467500,0.080,0.482,0.438
468000,0.080,0.442,0.479
468500,0.090,0.423,0.487
469000,0.092,0.415,0.492
469500,0.090,0.443,0.466
470000,0.085,0.427,0.488
470500,0.080,0.453,0.467
471000,0.080,0.456,0.465
471500,0.080,0.459,0.462
472000,0.082,0.524,0.394
472500,0.082,0.462,0.457
473000,0.080,0.485,0.435
473500,0.080,0.495,0.425
474000,0.084,0.494,0.422
474500,0.080,0.475,0.445
475000,0.080,0.430,0.490
475500,0.080,0.404,0.516
476000,0.088,0.402,0.509
476500,0.083,0.425,0.492
477000,0.082,0.429,0.489
477500,0.084,0.457,0.460
478000,0.084,0.439,0.478
478500,0.084,0.422,0.494
479000,0.081,0.430,0.489
479500,0.082,0.453,0.466
480000,0.081,0.414,0.506
480500,0.084,0.418,0.498
481000,0.082,0.401,0.517
481500,0.081,0.506,0.413
482000,0.081,0.473,0.446
482500,0.080,0.527,0.393
483000,0.080,0.487,0.433
483500,0.080,0.454,0.467
484000,0.080,0.446,0.475
484500,0.080,0.436,0.484
485000,0.080,0.452,0.469
485500,0.081,0.455,0.464
486000,0.081,0.452,0.468
486500,0.087,0.414,0.498
487000,0.082,0.454,0.464
487500,0.081,0.452,0.468
488000,0.086,0.460,0.454
488500,0.084,0.464,0.452
489000,0.081,0.487,0.432
489500,0.080,0.467,0.453
490000,0.084,0.435,0.481
490500,0.081,0.382,0.538
491000,0.080,0.461,0.459
491500,0.083,0.417,0.500
492000,0.086,0.401,0.514
492500,0.090,0.380,0.529
493000,0.091,0.376,0.533
493500,0.086,0.449,0.466
494000,0.086,0.479,0.435
494500,0.086,0.430,0.483
495000,0.082,0.390,0.528
495500,0.080,0.429,0.491
496000,0.080,0.441,0.480
496500,0.083,0.478,0.439
497000,0.081,0.483,0.436
497500,0.080,0.471,0.449
498000,0.083,0.473,0.444
498500,0.081,0.441,0.479
499000,0.080,0.436,0.484
499500,0.088,0.415,0.497
500000,0.092,0.386,0.522
500500,0.086,0.367,0.547
501000,0.082,0.382,0.536
501500,0.085,0.358,0.556
502000,0.086,0.369,0.545
502500,0.089,0.364,0.546
503000,0.100,0.326,0.575
503500,0.095,0.312,0.593
504000,0.098,0.386,0.516
504500,0.093,0.397,0.510
505000,0.085,0.402,0.514
505500,0.081,0.447,0.473
506000,0.084,0.459,0.457
506500,0.081,0.455,0.464
507000,0.080,0.428,0.492
507500,0.080,0.435,0.485
508000,0.080,0.515,0.405
508500,0.080,0.460,0.461
509000,0.080,0.402,0.518
509500,0.082,0.457,0.461
510000,0.080,0.473,0.447
510500,0.080,0.479,0.441
511000,0.080,0.461,0.460
511500,0.080,0.447,0.473
512000,0.086,0.424,0.490
512500,0.083,0.398,0.520
513000,0.081,0.436,0.483
513500,0.085,0.441,0.475
514000,0.081,0.469,0.451
514500,0.080,0.425,0.495
515000,0.085,0.423,0.492
515500,0.081,0.458,0.461
516000,0.084,0.413,0.504
516500,0.083,0.438,0.480
517000,0.082,0.429,0.489
517500,0.084,0.452,0.465
518000,0.083,0.389,0.529
518500,0.085,0.442,0.473
519000,0.081,0.469,0.450
519500,0.081,0.449,0.471
520000,0.081,0.531,0.388
520500,0.081,0.498,0.421
521000,0.081,0.489,0.430
521500,0.080,0.554,0.366
522000,0.082,0.514,0.404
522500,0.080,0.467,0.454
523000,0.085,0.424,0.491
523500,0.081,0.451,0.468
524000,0.081,0.421,0.498
524500,0.083,0.438,0.480
525000,0.080,0.442,0.479
525500,0.080,0.418,0.502
526000,0.081,0.411,0.508
526500,0.080,0.464,0.456
527000,0.080,0.491,0.429
527500,0.082,0.493,0.425
528000,0.081,0.505,0.414
528500,0.080,0.469,0.451
529000,0.085,0.411,0.504
529500,0.083,0.419,0.498
530000,0.083,0.405,0.512
530500,0.080,0.446,0.474
531000,0.084,0.482,0.434
531500,0.081,0.463,0.457
532000,0.084,0.448,0.468
532500,0.081,0.494,0.425
533000,0.080,0.447,0.473
533500,0.084,0.500,0.416
534000,0.080,0.491,0.429
534500,0.080,0.527,0.393
535000,0.080,0.492,0.428
535500,0.082,0.440,0.478
536000,0.083,0.464,0.454
536500,0.081,0.443,0.476
537000,0.081,0.420,0.499
537500,0.086,0.449,0.465
538000,0.081,0.431,0.488
538500,0.080,0.418,0.502
539000,0.082,0.474,0.444
539500,0.080,0.440,0.480
540000,0.080,0.486,0.434
540500,0.085,0.428,0.487
541000,0.082,0.411,0.508
541500,0.080,0.462,0.459
542000,0.080,0.487,0.433
542500,0.080,0.517,0.403
543000,0.080,0.486,0.434
543500,0.080,0.470,0.450
544000,0.083,0.389,0.529
544500,0.082,0.411,0.507
545000,0.081,0.393,0.526
545500,0.085,0.409,0.506
546000,0.082,0.440,0.478
546500,0.081,0.427,0.492
547000,0.082,0.408,0.510
547500,0.081,0.418,0.501
548000,0.080,0.411,0.509
548500,0.084,0.435,0.481
549000,0.084,0.434,0.482
549500,0.082,0.454,0.465
550000,0.081,0.448,0.471
550500,0.080,0.467,0.453
551000,0.083,0.397,0.520
551500,0.086,0.408,0.505
552000,0.084,0.442,0.475
552500,0.083,0.365,0.552
553000,0.082,0.389,0.529
553500,0.081,0.450,0.470
554000,0.080,0.450,0.471
554500,0.080,0.495,0.425
555000,0.080,0.460,0.460
555500,0.082,0.411,0.507
556000,0.087,0.363,0.549
556500,0.088,0.386,0.525
557000,0.082,0.505,0.413
557500,0.081,0.416,0.504
558000,0.083,0.382,0.535
558500,0.089,0.405,0.506
559000,0.085,0.395,0.520
559500,0.081,0.434,0.485
560000,0.080,0.497,0.423
560500,0.080,0.459,0.462
561000,0.082,0.471,0.447
561500,0.080,0.504,0.416
562000,0.081,0.488,0.431
562500,0.082,0.480,0.438
563000,0.081,0.465,0.455
563500,0.083,0.463,0.455
564000,0.080,0.463,0.458
564500,0.080,0.446,0.474
565000,0.082,0.444,0.475
565500,0.081,0.475,0.444
566000,0.081,0.448,0.471
566500,0.080,0.467,0.453
567000,0.080,0.450,0.471
567500,0.082,0.423,0.495
568000,0.084,0.456,0.460
568500,0.081,0.483,0.436
569000,0.085,0.452,0.463
569500,0.081,0.424,0.495
570000,0.080,0.433,0.487
570500,0.080,0.410,0.510
571000,0.080,0.461,0.459
571500,0.082,0.440,0.479
572000,0.087,0.439,0.473
572500,0.093,0.374,0.532
573000,0.092,0.374,0.533
573500,0.096,0.376,0.529
574000,0.087,0.379,0.533
574500,0.086,0.406,0.508
575000,0.087,0.387,0.525
575500,0.088,0.390,0.521
576000,0.087,0.414,0.498
576500,0.082,0.422,0.496
577000,0.081,0.446,0.473
577500,0.080,0.440,0.481
578000,0.080,0.446,0.474
578500,0.080,0.469,0.451
579000,0.081,0.403,0.516
579500,0.082,0.408,0.510
580000,0.085,0.377,0.538
580500,0.081,0.439,0.481
581000,0.080,0.496,0.424
581500,0.080,0.474,0.446
582000,0.081,0.438,0.482
582500,0.083,0.424,0.493
583000,0.085,0.377,0.538
583500,0.083,0.378,0.540
584000,0.081,0.446,0.473
584500,0.085,0.402,0.513
585000,0.082,0.421,0.497
585500,0.083,0.423,0.494
586000,0.086,0.425,0.489
586500,0.082,0.379,0.539
587000,0.085,0.394,0.521
587500,0.082,0.398,0.520
588000,0.083,0.377,0.540
588500,0.080,0.450,0.471
589000,0.081,0.492,0.427
589500,0.081,0.470,0.449
590000,0.080,0.518,0.402
590500,0.082,0.468,0.450
591000,0.082,0.431,0.487
591500,0.084,0.436,0.480
592000,0.081,0.429,0.490
592500,0.080,0.475,0.445
593000,0.080,0.476,0.444
593500,0.081,0.504,0.415
594000,0.080,0.510,0.410
594500,0.084,0.459,0.457
595000,0.083,0.449,0.469
595500,0.081,0.487,0.432
596000,0.080,0.458,0.462
596500,0.081,0.429,0.490
597000,0.080,0.468,0.453
597500,0.085,0.484,0.431
598000,0.081,0.465,0.454
598500,0.083,0.452,0.466
599000,0.086,0.438,0.477
599500,0.081,0.455,0.464
600000,0.080,0.465,0.455
600500,0.080,0.495,0.425
601000,0.083,0.482,0.435
601500,0.086,0.447,0.467
602000,0.080,0.473,0.447
602500,0.083,0.426,0.491
603000,0.084,0.419,0.497
603500,0.086,0.411,0.502
604000,0.086,0.459,0.456
604500,0.085,0.456,0.460
605000,0.082,0.439,0.480
605500,0.080,0.432,0.488
606000,0.081,0.421,0.498
606500,0.081,0.424,0.495
607000,0.083,0.433,0.484
607500,0.081,0.433,0.486
608000,0.081,0.469,0.450
608500,0.080,0.480,0.440
609000,0.085,0.458,0.458
609500,0.081,0.470,0.449
610000,0.080,0.437,0.483
610500,0.080,0.446,0.474
611000,0.082,0.468,0.450
611500,0.087,0.423,0.490
612000,0.085,0.409,0.506
612500,0.081,0.422,0.497
613000,0.080,0.440,0.481
613500,0.086,0.451,0.463
614000,0.083,0.417,0.500
614500,0.090,0.354,0.555
615000,0.084,0.383,0.534
615500,0.083,0.399,0.519
616000,0.082,0.420,0.498
616500,0.087,0.446,0.467
617000,0.089,0.412,0.499
617500,0.084,0.416,0.500
618000,0.081,0.449,0.471
618500,0.084,0.406,0.510
619000,0.084,0.408,0.508
619500,0.081,0.393,0.527
620000,0.083,0.394,0.524
620500,0.083,0.394,0.524
621000,0.081,0.418,0.501
621500,0.082,0.417,0.501
622000,0.080,0.427,0.493
622500,0.081,0.446,0.474
623000,0.080,0.432,0.488
623500,0.080,0.407,0.513
624000,0.083,0.448,0.469
624500,0.081,0.400,0.519
625000,0.080,0.438,0.482
625500,0.081,0.515,0.404
626000,0.081,0.490,0.429
626500,0.080,0.436,0.484
627000,0.080,0.449,0.472
627500,0.082,0.439,0.480
628000,0.081,0.446,0.474
628500,0.082,0.439,0.479
629000,0.082,0.493,0.425
629500,0.081,0.498,0.421
630000,0.080,0.473,0.447
630500,0.083,0.466,0.451
631000,0.085,0.389,0.526
631500,0.091,0.430,0.479
632000,0.083,0.405,0.512
632500,0.082,0.419,0.499
633000,0.081,0.453,0.467
633500,0.082,0.467,0.452
634000,0.083,0.447,0.470
634500,0.082,0.459,0.459
635000,0.084,0.492,0.424
635500,0.085,0.445,0.471
636000,0.082,0.452,0.466
636500,0.081,0.431,0.488
637000,0.080,0.447,0.474
637500,0.080,0.482,0.438
638000,0.083,0.478,0.440
638500,0.081,0.497,0.422
639000,0.080,0.487,0.433
639500,0.083,0.452,0.465
640000,0.082,0.516,0.402
640500,0.081,0.456,0.463
641000,0.086,0.424,0.490
641500,0.081,0.449,0.471
642000,0.087,0.388,0.526
642500,0.088,0.388,0.523
643000,0.082,0.423,0.495
643500,0.082,0.432,0.486
644000,0.084,0.393,0.524
644500,0.084,0.439,0.478
645000,0.083,0.485,0.432
645500,0.080,0.436,0.484
646000,0.080,0.453,0.468
646500,0.089,0.398,0.512
647000,0.087,0.359,0.554
647500,0.083,0.413,0.504
648000,0.083,0.413,0.504
648500,0.086,0.386,0.528
649000,0.084,0.398,0.519
649500,0.081,0.448,0.472
650000,0.084,0.374,0.542
650500,0.081,0.369,0.550
651000,0.081,0.434,0.485
651500,0.080,0.424,0.496
652000,0.080,0.417,0.503
652500,0.084,0.391,0.526
653000,0.083,0.450,0.468
653500,0.082,0.461,0.458
654000,0.083,0.459,0.458
654500,0.082,0.467,0.451
655000,0.080,0.466,0.454
655500,0.083,0.453,0.464
656000,0.081,0.415,0.504
656500,0.083,0.411,0.506
657000,0.083,0.428,0.489
657500,0.083,0.458,0.459
658000,0.081,0.415,0.504
658500,0.080,0.410,0.510
659000,0.080,0.426,0.494
659500,0.080,0.452,0.468
660000,0.080,0.494,0.426
660500,0.087,0.411,0.501
661000,0.082,0.447,0.472
661500,0.086,0.426,0.487
662000,0.081,0.418,0.501
662500,0.081,0.404,0.515
663000,0.080,0.371,0.548
663500,0.082,0.392,0.526
664000,0.081,0.421,0.498
664500,0.081,0.441,0.478
665000,0.084,0.469,0.448
665500,0.081,0.457,0.463
666000,0.081,0.474,0.445
666500,0.080,0.500,0.420
667000,0.080,0.532,0.388
667500,0.080,0.527,0.393
668000,0.080,0.466,0.454
668500,0.082,0.435,0.483
669000,0.086,0.427,0.486
669500,0.085,0.418,0.497
670000,0.088,0.395,0.517
670500,0.088,0.385,0.528
671000,0.093,0.388,0.519
671500,0.085,0.371,0.544
672000,0.081,0.389,0.530
672500,0.083,0.455,0.462
673000,0.084,0.456,0.461
673500,0.083,0.385,0.532
674000,0.083,0.423,0.494
674500,0.081,0.446,0.473
675000,0.081,0.441,0.479
675500,0.081,0.408,0.511
676000,0.080,0.415,0.505
676500,0.084,0.394,0.522
677000,0.080,0.429,0.491
677500,0.080,0.461,0.459
678000,0.085,0.425,0.490
678500,0.086,0.428,0.485
679000,0.087,0.456,0.457
679500,0.083,0.445,0.472
680000,0.081,0.409,0.510
680500,0.080,0.407,0.513
681000,0.084,0.445,0.471
681500,0.081,0.441,0.479
682000,0.080,0.463,0.458
682500,0.086,0.449,0.465
683000,0.081,0.463,0.457
683500,0.080,0.462,0.459
684000,0.080,0.474,0.446
684500,0.084,0.494,0.422
685000,0.085,0.376,0.540
685500,0.095,0.381,0.524
686000,0.083,0.344,0.573
686500,0.088,0.425,0.486
687000,0.084,0.434,0.482
687500,0.080,0.429,0.491
688000,0.085,0.414,0.502
688500,0.090,0.428,0.481
689000,0.082,0.420,0.498
689500,0.080,0.434,0.486
690000,0.082,0.491,0.427
690500,0.082,0.471,0.447
691000,0.081,0.498,0.421
691500,0.081,0.492,0.427
692000,0.080,0.446,0.475
692500,0.080,0.450,0.470
693000,0.080,0.444,0.477
693500,0.086,0.424,0.490
694000,0.085,0.369,0.546
694500,0.084,0.323,0.594
695000,0.102,0.296,0.601
695500,0.102,0.309,0.589
696000,0.110,0.334,0.557
696500,0.098,0.339,0.563
697000,0.110,0.322,0.568
697500,0.100,0.345,0.555
698000,0.097,0.324,0.580
698500,0.090,0.339,0.571
699000,0.087,0.336,0.578
699500,0.083,0.398,0.519
700000,0.085,0.436,0.479
700500,0.082,0.480,0.438
701000,0.084,0.462,0.454
701500,0.081,0.405,0.514
702000,0.081,0.385,0.535
702500,0.084,0.411,0.506
703000,0.081,0.445,0.474
703500,0.082,0.479,0.439
704000,0.081,0.441,0.479
704500,0.081,0.409,0.510
705000,0.086,0.462,0.452
705500,0.084,0.385,0.532
706000,0.085,0.377,0.539
706500,0.094,0.353,0.552
707000,0.085,0.433,0.482
707500,0.092,0.385,0.524
708000,0.084,0.389,0.528
708500,0.089,0.413,0.497
709000,0.083,0.450,0.468
709500,0.086,0.438,0.477
710000,0.081,0.431,0.488
710500,0.080,0.463,0.457
711000,0.080,0.425,0.495
711500,0.080,0.438,0.482
712000,0.080,0.472,0.448
712500,0.080,0.456,0.465
713000,0.080,0.435,0.485
713500,0.080,0.449,0.472
714000,0.080,0.460,0.460
714500,0.081,0.462,0.457
715000,0.080,0.454,0.467
715500,0.082,0.526,0.392
716000,0.080,0.495,0.425
716500,0.080,0.462,0.458
717000,0.081,0.459,0.461
717500,0.080,0.503,0.417
718000,0.084,0.466,0.450
718500,0.081,0.394,0.526
719000,0.087,0.363,0.549
719500,0.091,0.383,0.526
720000,0.087,0.383,0.530
720500,0.084,0.417,0.499
721000,0.081,0.470,0.449
721500,0.084,0.456,0.460
722000,0.084,0.469,0.447
722500,0.085,0.488,0.427
723000,0.081,0.484,0.435
723500,0.080,0.448,0.473
724000,0.083,0.450,0.467
724500,0.084,0.439,0.478
725000,0.081,0.398,0.521
725500,0.081,0.466,0.454
726000,0.082,0.407,0.511
726500,0.084,0.426,0.490
727000,0.085,0.416,0.499
727500,0.081,0.467,0.453
728000,0.081,0.461,0.459
728500,0.080,0.500,0.420
729000,0.080,0.499,0.421
729500,0.080,0.509,0.411
730000,0.085,0.466,0.449
730500,0.081,0.479,0.440
731000,0.083,0.464,0.453
731500,0.081,0.472,0.447
732000,0.082,0.424,0.494
732500,0.081,0.444,0.475
733000,0.081,0.471,0.448
733500,0.081,0.453,0.467
734000,0.086,0.423,0.490
734500,0.082,0.483,0.435
735000,0.081,0.450,0.470
735500,0.080,0.458,0.463
736000,0.084,0.409,0.507
736500,0.082,0.446,0.473
737000,0.085,0.360,0.555
737500,0.085,0.387,0.528
738000,0.083,0.402,0.515
738500,0.081,0.455,0.465
739000,0.080,0.447,0.473
739500,0.082,0.470,0.448
740000,0.080,0.483,0.437
740500,0.082,0.483,0.435
741000,0.081,0.469,0.451
741500,0.080,0.527,0.393
742000,0.080,0.480,0.440
742500,0.083,0.444,0.474
743000,0.089,0.421,0.489
743500,0.088,0.389,0.524
744000,0.086,0.396,0.518
744500,0.085,0.379,0.537
745000,0.085,0.377,0.539
745500,0.083,0.459,0.459
746000,0.090,0.422,0.488
746500,0.083,0.453,0.465
747000,0.080,0.471,0.449
747500,0.084,0.468,0.448
748000,0.085,0.485,0.430
748500,0.081,0.459,0.461
749000,0.080,0.435,0.485
749500,0.080,0.454,0.466
750000,0.081,0.404,0.515
750500,0.085,0.475,0.440
751000,0.082,0.424,0.494
751500,0.082,0.456,0.463
752000,0.082,0.452,0.467
752500,0.085,0.460,0.455
753000,0.083,0.456,0.461
753500,0.085,0.486,0.429
754000,0.085,0.447,0.468
754500,0.080,0.471,0.449
755000,0.081,0.458,0.462
755500,0.083,0.438,0.479
756000,0.085,0.449,0.466
756500,0.082,0.404,0.515
757000,0.080,0.433,0.487
757500,0.080,0.473,0.447
758000,0.080,0.431,0.489
758500,0.083,0.418,0.499
759000,0.081,0.464,0.456
759500,0.080,0.439,0.482
760000,0.080,0.395,0.526
760500,0.086,0.433,0.481
761000,0.081,0.446,0.474
761500,0.080,0.450,0.470
762000,0.080,0.461,0.460
762500,0.080,0.464,0.456
763000,0.080,0.458,0.462
763500,0.085,0.483,0.432
764000,0.082,0.474,0.444
764500,0.081,0.519,0.400
765000,0.080,0.552,0.368
765500,0.080,0.532,0.388
766000,0.080,0.495,0.425
766500,0.080,0.495,0.425
767000,0.080,0.476,0.444
767500,0.087,0.423,0.490
768000,0.086,0.410,0.504
768500,0.085,0.491,0.424
769000,0.082,0.438,0.480
769500,0.082,0.429,0.489
770000,0.087,0.453,0.461
770500,0.082,0.406,0.512
771000,0.084,0.439,0.477
771500,0.086,0.414,0.500
772000,0.082,0.422,0.496
772500,0.080,0.459,0.462
773000,0.085,0.431,0.484
773500,0.083,0.406,0.511
774000,0.084,0.405,0.511
774500,0.082,0.415,0.503
775000,0.083,0.402,0.516
775500,0.084,0.433,0.483
776000,0.082,0.447,0.471
776500,0.085,0.434,0.481
777000,0.085,0.459,0.456
777500,0.084,0.430,0.486
778000,0.086,0.478,0.436
778500,0.082,0.472,0.446
779000,0.080,0.488,0.432
779500,0.081,0.451,0.469
780000,0.081,0.429,0.490
780500,0.081,0.441,0.478
781000,0.085,0.450,0.466
781500,0.082,0.472,0.446
782000,0.083,0.433,0.484
782500,0.084,0.454,0.463
783000,0.081,0.481,0.438
783500,0.080,0.478,0.442
784000,0.080,0.443,0.477
784500,0.080,0.473,0.447
785000,0.080,0.489,0.431
785500,0.080,0.504,0.416
786000,0.080,0.447,0.474
786500,0.083,0.444,0.473
787000,0.081,0.432,0.487
787500,0.086,0.448,0.466
788000,0.081,0.518,0.401
788500,0.081,0.481,0.439
789000,0.081,0.520,0.399
789500,0.080,0.467,0.454
790000,0.080,0.541,0.379
790500,0.080,0.521,0.399
791000,0.080,0.506,0.414
791500,0.080,0.482,0.438
792000,0.080,0.469,0.452
792500,0.081,0.459,0.461
793000,0.081,0.446,0.473
793500,0.080,0.438,0.482
794000,0.083,0.427,0.490
794500,0.086,0.406,0.508
795000,0.088,0.405,0.507
795500,0.085,0.418,0.497
796000,0.083,0.460,0.457
796500,0.080,0.416,0.504
797000,0.080,0.454,0.466
797500,0.080,0.429,0.491
798000,0.080,0.461,0.459
798500,0.080,0.512,0.408
799000,0.080,0.442,0.479
799500,0.081,0.438,0.481
800000,0.083,0.462,0.455
800500,0.084,0.448,0.469
801000,0.081,0.427,0.492
801500,0.083,0.461,0.456
802000,0.081,0.442,0.478
802500,0.082,0.511,0.407
803000,0.081,0.485,0.434
803500,0.080,0.473,0.447
804000,0.080,0.480,0.440
804500,0.080,0.485,0.435
805000,0.083,0.477,0.440
805500,0.084,0.447,0.470
806000,0.080,0.442,0.478
806500,0.080,0.431,0.489
807000,0.080,0.455,0.465
807500,0.080,0.457,0.463
808000,0.080,0.440,0.481
808500,0.083,0.446,0.471
809000,0.081,0.445,0.474
809500,0.080,0.442,0.479
810000,0.084,0.428,0.488
810500,0.081,0.421,0.498
811000,0.083,0.389,0.528
811500,0.082,0.426,0.492
812000,0.084,0.452,0.464
812500,0.082,0.473,0.445
813000,0.080,0.454,0.467
813500,0.080,0.445,0.476
814000,0.080,0.493,0.427
814500,0.087,0.453,0.459
815000,0.083,0.388,0.530
815500,0.084,0.439,0.478
816000,0.082,0.372,0.546
816500,0.083,0.433,0.484
817000,0.080,0.454,0.466
817500,0.084,0.480,0.436
818000,0.081,0.445,0.474
818500,0.081,0.487,0.432
819000,0.080,0.465,0.455
819500,0.080,0.406,0.514
820000,0.080,0.429,0.491
820500,0.080,0.464,0.456
821000,0.080,0.421,0.499
821500,0.084,0.473,0.443
822000,0.082,0.466,0.453
822500,0.084,0.451,0.465
823000,0.081,0.493,0.426
823500,0.083,0.477,0.440
824000,0.084,0.459,0.458
824500,0.084,0.444,0.472
825000,0.081,0.426,0.493
825500,0.080,0.454,0.466
826000,0.081,0.415,0.504
826500,0.084,0.452,0.465
827000,0.081,0.439,0.481
827500,0.086,0.403,0.511
828000,0.088,0.400,0.512
828500,0.084,0.440,0.476
829000,0.082,0.408,0.510
829500,0.081,0.397,0.522
830000,0.081,0.509,0.410
830500,0.080,0.502,0.418
831000,0.080,0.508,0.412
831500,0.080,0.472,0.448
832000,0.080,0.484,0.436
832500,0.080,0.488,0.432
833000,0.080,0.473,0.447
833500,0.088,0.438,0.475
834000,0.082,0.451,0.468
834500,0.080,0.476,0.444
835000,0.080,0.472,0.448
835500,0.082,0.486,0.432
836000,0.080,0.496,0.424
836500,0.080,0.456,0.465
837000,0.080,0.458,0.463
837500,0.080,0.479,0.441
838000,0.081,0.436,0.483
838500,0.081,0.490,0.429
839000,0.080,0.476,0.444
839500,0.080,0.500,0.420
840000,0.080,0.477,0.443
840500,0.080,0.487,0.433
841000,0.080,0.410,0.510
841500,0.082,0.525,0.393
842000,0.080,0.428,0.492
842500,0.080,0.458,0.463
843000,0.080,0.450,0.470
843500,0.086,0.474,0.440
844000,0.083,0.407,0.510
844500,0.086,0.380,0.534
845000,0.081,0.433,0.486
845500,0.081,0.455,0.464
846000,0.081,0.447,0.473
846500,0.085,0.451,0.464
847000,0.085,0.406,0.510
847500,0.086,0.413,0.500
848000,0.080,0.442,0.478
848500,0.086,0.450,0.464
849000,0.086,0.452,0.462
849500,0.083,0.464,0.454
850000,0.083,0.481,0.436
850500,0.081,0.476,0.444
851000,0.084,0.442,0.474
851500,0.082,0.396,0.523
852000,0.083,0.389,0.528
852500,0.082,0.401,0.518
853000,0.082,0.418,0.500
853500,0.083,0.479,0.438
854000,0.085,0.376,0.540
854500,0.084,0.412,0.504
855000,0.095,0.430,0.475
855500,0.083,0.432,0.485
856000,0.081,0.420,0.499
856500,0.085,0.397,0.518
857000,0.083,0.415,0.502
857500,0.084,0.380,0.536
858000,0.088,0.401,0.511
858500,0.087,0.415,0.497
859000,0.082,0.472,0.447
859500,0.080,0.472,0.448
860000,0.080,0.436,0.484
860500,0.080,0.475,0.445
861000,0.083,0.474,0.443
861500,0.084,0.473,0.443
862000,0.081,0.500,0.419
862500,0.080,0.493,0.427
863000,0.084,0.460,0.457
863500,0.081,0.481,0.439
864000,0.081,0.478,0.441
864500,0.081,0.462,0.457
865000,0.080,0.471,0.449
865500,0.080,0.507,0.413
866000,0.083,0.505,0.412
866500,0.082,0.520,0.398
867000,0.081,0.472,0.447
867500,0.083,0.485,0.432
868000,0.080,0.536,0.384
868500,0.082,0.558,0.360
869000,0.080,0.497,0.423
869500,0.082,0.453,0.466
870000,0.083,0.425,0.492
870500,0.081,0.442,0.477
871000,0.084,0.434,0.482
871500,0.080,0.458,0.463
872000,0.080,0.479,0.441
872500,0.080,0.454,0.467
873000,0.080,0.423,0.497
873500,0.083,0.407,0.510
874000,0.086,0.399,0.514
874500,0.085,0.423,0.492
875000,0.083,0.478,0.439
875500,0.080,0.469,0.451
876000,0.080,0.464,0.456
876500,0.080,0.440,0.480
877000,0.080,0.482,0.438
877500,0.080,0.489,0.431
878000,0.083,0.419,0.498
878500,0.081,0.408,0.511
879000,0.085,0.442,0.473
879500,0.083,0.477,0.440
880000,0.089,0.401,0.510
880500,0.082,0.408,0.510
881000,0.081,0.461,0.458
881500,0.082,0.479,0.439
882000,0.081,0.483,0.436
882500,0.081,0.434,0.485
883000,0.084,0.396,0.520
883500,0.083,0.422,0.495
884000,0.082,0.431,0.487
884500,0.080,0.467,0.454
885000,0.080,0.490,0.430
885500,0.085,0.398,0.518
886000,0.086,0.464,0.451
886500,0.084,0.415,0.502
887000,0.081,0.446,0.473
887500,0.084,0.423,0.493
888000,0.086,0.403,0.512
888500,0.086,0.431,0.483
889000,0.081,0.418,0.502
889500,0.086,0.412,0.502
890000,0.084,0.407,0.509
890500,0.092,0.354,0.553
891000,0.085,0.444,0.472
891500,0.082,0.441,0.478
892000,0.081,0.424,0.495
892500,0.080,0.460,0.460
893000,0.084,0.447,0.470
893500,0.085,0.385,0.530
894000,0.088,0.415,0.496
894500,0.082,0.483,0.435
895000,0.084,0.430,0.486
895500,0.086,0.376,0.539
896000,0.082,0.433,0.485
896500,0.081,0.435,0.484
897000,0.083,0.396,0.521
897500,0.095,0.399,0.506
898000,0.083,0.428,0.489
898500,0.085,0.431,0.484
899000,0.081,0.449,0.471
899500,0.081,0.401,0.518
900000,0.080,0.436,0.484
900500,0.080,0.482,0.438
901000,0.088,0.407,0.504
901500,0.088,0.428,0.484
902000,0.090,0.413,0.497
902500,0.084,0.466,0.451
903000,0.080,0.419,0.501
903500,0.081,0.408,0.512
904000,0.083,0.409,0.508
904500,0.082,0.396,0.523
905000,0.081,0.432,0.487
905500,0.081,0.456,0.463
906000,0.080,0.458,0.462
906500,0.083,0.504,0.413
907000,0.082,0.424,0.494
907500,0.085,0.405,0.510
908000,0.090,0.416,0.494
908500,0.087,0.434,0.479
909000,0.085,0.475,0.440
909500,0.082,0.455,0.464
910000,0.080,0.473,0.447
910500,0.081,0.385,0.534
911000,0.082,0.434,0.484
911500,0.082,0.423,0.495
912000,0.082,0.407,0.512
912500,0.081,0.485,0.434
913000,0.083,0.494,0.423
913500,0.082,0.453,0.466
914000,0.081,0.450,0.470
914500,0.080,0.497,0.423
915000,0.080,0.469,0.452
915500,0.080,0.529,0.391
916000,0.080,0.469,0.451
916500,0.080,0.473,0.447
917000,0.080,0.493,0.427
917500,0.080,0.475,0.445
918000,0.080,0.455,0.466
918500,0.080,0.414,0.506
919000,0.080,0.451,0.470
919500,0.084,0.482,0.434
920000,0.083,0.472,0.445
920500,0.082,0.432,0.486
921000,0.084,0.403,0.514
921500,0.086,0.401,0.513
922000,0.083,0.395,0.523
922500,0.085,0.396,0.520
923000,0.080,0.441,0.479
923500,0.080,0.477,0.443
924000,0.080,0.464,0.457
924500,0.080,0.453,0.467
925000,0.086,0.459,0.456
925500,0.083,0.492,0.425
926000,0.080,0.486,0.434
926500,0.080,0.543,0.377
927000,0.080,0.521,0.399
927500,0.080,0.472,0.448
928000,0.080,0.529,0.391
928500,0.080,0.480,0.440
929000,0.080,0.460,0.461
929500,0.080,0.490,0.430
930000,0.081,0.441,0.478
930500,0.082,0.501,0.417
931000,0.082,0.481,0.438
931500,0.080,0.487,0.433
932000,0.080,0.437,0.483
932500,0.080,0.462,0.459
933000,0.081,0.468,0.452
933500,0.083,0.464,0.454
934000,0.081,0.461,0.459
934500,0.082,0.435,0.483
935000,0.082,0.446,0.473
935500,0.081,0.447,0.473
936000,0.081,0.431,0.488
936500,0.084,0.514,0.402
937000,0.082,0.487,0.431
937500,0.080,0.474,0.446
938000,0.080,0.497,0.423
938500,0.080,0.474,0.446
939000,0.080,0.480,0.440
939500,0.082,0.455,0.463
940000,0.080,0.442,0.479
940500,0.089,0.407,0.504
941000,0.084,0.408,0.508
941500,0.085,0.410,0.506
942000,0.084,0.383,0.534
942500,0.086,0.408,0.506
943000,0.084,0.443,0.474
943500,0.081,0.437,0.482
944000,0.081,0.439,0.481
944500,0.080,0.450,0.471
945000,0.080,0.453,0.467
945500,0.080,0.436,0.484
946000,0.080,0.443,0.477
946500,0.080,0.489,0.431
947000,0.080,0.447,0.473
947500,0.080,0.442,0.479
948000,0.084,0.448,0.468
948500,0.081,0.460,0.459
949000,0.083,0.415,0.502
949500,0.088,0.369,0.542
950000,0.086,0.408,0.506
950500,0.084,0.427,0.489
951000,0.081,0.445,0.474
951500,0.083,0.392,0.526
952000,0.081,0.443,0.477
952500,0.085,0.442,0.473
953000,0.082,0.392,0.526
953500,0.086,0.429,0.485
954000,0.081,0.444,0.476
954500,0.082,0.386,0.533
955000,0.081,0.389,0.531
955500,0.085,0.385,0.530
956000,0.080,0.403,0.517
956500,0.080,0.375,0.545
957000,0.083,0.416,0.501
957500,0.085,0.434,0.481
958000,0.081,0.385,0.534
958500,0.086,0.427,0.486
959000,0.082,0.473,0.445
959500,0.080,0.450,0.471
960000,0.080,0.449,0.472
960500,0.084,0.469,0.448
961000,0.081,0.504,0.415
961500,0.086,0.423,0.491
962000,0.087,0.448,0.464
962500,0.083,0.454,0.463
963000,0.084,0.430,0.486
963500,0.087,0.397,0.516
964000,0.088,0.457,0.456
964500,0.084,0.414,0.502
965000,0.082,0.390,0.529
965500,0.080,0.452,0.469
966000,0.089,0.439,0.471
966500,0.086,0.409,0.504
967000,0.081,0.422,0.497
967500,0.081,0.492,0.427
968000,0.081,0.522,0.397
968500,0.080,0.551,0.369
969000,0.080,0.530,0.390
969500,0.080,0.464,0.457
970000,0.080,0.501,0.419
970500,0.080,0.529,0.391
971000,0.080,0.515,0.405
971500,0.080,0.506,0.414
972000,0.080,0.498,0.422
972500,0.080,0.512,0.408
973000,0.080,0.480,0.440
973500,0.080,0.453,0.467
974000,0.084,0.432,0.484
974500,0.084,0.404,0.513
975000,0.080,0.412,0.508
975500,0.080,0.430,0.490
976000,0.080,0.464,0.456
976500,0.080,0.494,0.426
977000,0.080,0.497,0.423
977500,0.081,0.481,0.438
978000,0.086,0.466,0.448
978500,0.084,0.502,0.414
979000,0.084,0.486,0.430
979500,0.082,0.501,0.417
980000,0.080,0.477,0.443
980500,0.080,0.488,0.432
981000,0.080,0.481,0.439
981500,0.080,0.457,0.464
982000,0.080,0.453,0.468
982500,0.081,0.442,0.478
983000,0.080,0.427,0.493
983500,0.082,0.455,0.464
984000,0.081,0.415,0.504
984500,0.080,0.442,0.478
985000,0.085,0.450,0.466
985500,0.084,0.463,0.454
986000,0.082,0.471,0.447
986500,0.080,0.448,0.472
987000,0.082,0.484,0.434
987500,0.080,0.459,0.461
988000,0.080,0.458,0.462
988500,0.083,0.462,0.455
989000,0.081,0.507,0.412
989500,0.081,0.443,0.476
990000,0.080,0.468,0.453
990500,0.086,0.488,0.426
991000,0.081,0.430,0.489
991500,0.083,0.484,0.433
992000,0.081,0.484,0.435
992500,0.080,0.548,0.372
993000,0.080,0.520,0.400
993500,0.080,0.469,0.451
994000,0.080,0.444,0.477
994500,0.080,0.485,0.435
995000,0.080,0.457,0.463
995500,0.086,0.467,0.447
996000,0.081,0.503,0.416
996500,0.080,0.484,0.436
997000,0.080,0.399,0.521
997500,0.083,0.408,0.509
998000,0.081,0.394,0.525
998500,0.080,0.443,0.477
999000,0.082,0.466,0.453
999500,0.080,0.417,0.503
1000000,0.080,0.446,0.475
