time,n_A+p,n_B,n_AB
500,0.069,0.001,0.930
1000,0.068,0.000,0.932
1500,0.058,0.000,0.942
2000,0.053,0.000,0.947
2500,0.068,0.000,0.932
3000,0.056,0.000,0.944
3500,0.051,0.000,0.949
4000,0.099,0.000,0.901
4500,0.052,0.000,0.948
5000,0.063,0.000,0.937
5500,0.051,0.005,0.944
6000,0.073,0.000,0.927
6500,0.070,0.000,0.930
7000,0.069,0.000,0.931
7500,0.069,0.000,0.931
8000,0.052,0.000,0.948
8500,0.083,0.000,0.917
9000,0.104,0.000,0.896
9500,0.065,0.000,0.935
10000,0.056,0.000,0.944
10500,0.068,0.000,0.932
11000,0.054,0.030,0.916
11500,0.050,0.027,0.923
12000,0.066,0.000,0.934
12500,0.061,0.000,0.939
13000,0.072,0.000,0.928
13500,0.062,0.001,0.937
14000,0.068,0.000,0.932
14500,0.056,0.000,0.944
15000,0.054,0.000,0.946
15500,0.051,0.000,0.949
16000,0.053,0.000,0.947
16500,0.082,0.000,0.918
17000,0.061,0.000,0.939
17500,0.058,0.000,0.942
18000,0.093,0.000,0.907
18500,0.053,0.000,0.947
19000,0.070,0.000,0.930
19500,0.058,0.000,0.942
20000,0.069,0.000,0.931
20500,0.067,0.000,0.933
21000,0.072,0.000,0.928
21500,0.074,0.000,0.926
22000,0.054,0.000,0.946
22500,0.051,0.000,0.949
23000,0.052,0.000,0.948
23500,0.068,0.000,0.932
24000,0.050,0.000,0.950
24500,0.065,0.000,0.935
25000,0.051,0.000,0.949
25500,0.050,0.026,0.924
26000,0.057,0.001,0.942
26500,0.050,0.000,0.950
27000,0.086,0.004,0.910
27500,0.050,0.034,0.916
28000,0.055,0.000,0.945
28500,0.050,0.000,0.950
29000,0.066,0.000,0.934
29500,0.052,0.000,0.948
30000,0.077,0.000,0.923
30500,0.064,0.000,0.936
31000,0.108,0.000,0.892
31500,0.118,0.000,0.882
32000,0.060,0.000,0.940
32500,0.099,0.000,0.901
33000,0.073,0.000,0.927
33500,0.080,0.000,0.920
34000,0.054,0.000,0.946
34500,0.057,0.000,0.943
35000,0.101,0.000,0.899
35500,0.079,0.000,0.921
36000,0.060,0.000,0.940
36500,0.051,0.000,0.949
37000,0.056,0.000,0.944
37500,0.074,0.000,0.926
38000,0.055,0.000,0.945
38500,0.053,0.000,0.947
39000,0.080,0.000,0.920
39500,0.052,0.000,0.948
40000,0.065,0.000,0.935
40500,0.051,0.000,0.949
41000,0.071,0.000,0.929
41500,0.056,0.024,0.920
42000,0.085,0.000,0.915
42500,0.060,0.000,0.940
43000,0.142,0.000,0.858
43500,0.154,0.000,0.846
44000,0.080,0.000,0.920
44500,0.050,0.000,0.950
45000,0.050,0.007,0.943
45500,0.086,0.000,0.914
46000,0.053,0.000,0.947
46500,0.073,0.000,0.927
47000,0.062,0.000,0.938
47500,0.076,0.000,0.924
48000,0.061,0.000,0.939
48500,0.061,0.000,0.939
49000,0.051,0.000,0.949
49500,0.050,0.029,0.921
50000,0.055,0.000,0.945
50500,0.074,0.000,0.926
51000,0.064,0.000,0.936
51500,0.053,0.000,0.947
52000,0.050,0.000,0.950
52500,0.052,0.000,0.948
53000,0.056,0.000,0.944
53500,0.053,0.000,0.947
54000,0.082,0.000,0.918
54500,0.081,0.000,0.919
55000,0.072,0.000,0.928
55500,0.058,0.000,0.942
56000,0.051,0.000,0.949
56500,0.077,0.001,0.922
57000,0.052,0.000,0.948
57500,0.054,0.000,0.946
58000,0.084,0.000,0.916
58500,0.067,0.000,0.933
59000,0.103,0.000,0.897
59500,0.068,0.019,0.913
60000,0.088,0.009,0.903
60500,0.086,0.000,0.914
61000,0.051,0.000,0.949
61500,0.050,0.000,0.950
62000,0.060,0.000,0.940
62500,0.052,0.011,0.937
63000,0.050,0.000,0.950
63500,0.094,0.000,0.906
64000,0.068,0.000,0.932
64500,0.076,0.006,0.918
65000,0.108,0.000,0.892
65500,0.051,0.000,0.949
66000,0.050,0.000,0.950
66500,0.081,0.006,0.913
67000,0.082,0.000,0.918
67500,0.087,0.000,0.913
68000,0.050,0.000,0.950
68500,0.085,0.000,0.915
69000,0.050,0.000,0.950
69500,0.054,0.000,0.946
70000,0.076,0.000,0.924
70500,0.064,0.000,0.936
71000,0.050,0.000,0.950
71500,0.060,0.000,0.940
72000,0.053,0.000,0.947
72500,0.075,0.000,0.925
73000,0.058,0.000,0.942
73500,0.058,0.000,0.942
74000,0.091,0.000,0.909
74500,0.068,0.000,0.932
75000,0.054,0.031,0.915
75500,0.056,0.000,0.944
76000,0.089,0.000,0.911
76500,0.071,0.000,0.929
77000,0.052,0.000,0.948
77500,0.091,0.000,0.909
78000,0.093,0.000,0.907
78500,0.086,0.000,0.914
79000,0.054,0.000,0.946
79500,0.050,0.000,0.950
80000,0.051,0.000,0.949
80500,0.107,0.000,0.893
81000,0.087,0.000,0.913
81500,0.104,0.002,0.894
82000,0.076,0.000,0.924
82500,0.068,0.000,0.932
83000,0.075,0.000,0.925
83500,0.101,0.000,0.899
84000,0.050,0.000,0.950
84500,0.098,0.000,0.902
85000,0.073,0.005,0.922
85500,0.050,0.000,0.950
86000,0.109,0.000,0.891
86500,0.108,0.000,0.892
87000,0.051,0.000,0.949
87500,0.051,0.000,0.949
88000,0.088,0.000,0.912
88500,0.073,0.000,0.927
89000,0.091,0.000,0.909
89500,0.056,0.002,0.942
90000,0.079,0.000,0.921
90500,0.051,0.002,0.947
91000,0.057,0.000,0.943
91500,0.052,0.000,0.948
92000,0.050,0.004,0.946
92500,0.087,0.000,0.913
93000,0.050,0.001,0.949
93500,0.106,0.000,0.894
94000,0.083,0.000,0.917
94500,0.056,0.000,0.944
95000,0.072,0.000,0.928
95500,0.072,0.000,0.928
96000,0.059,0.000,0.941
96500,0.084,0.000,0.916
97000,0.071,0.000,0.929
97500,0.067,0.000,0.933
98000,0.062,0.000,0.938
98500,0.070,0.000,0.930
99000,0.058,0.000,0.942
99500,0.052,0.000,0.948
100000,0.053,0.000,0.947
100500,0.050,0.020,0.930
101000,0.081,0.000,0.919
101500,0.063,0.000,0.937
102000,0.074,0.000,0.926
102500,0.072,0.004,0.924
103000,0.050,0.000,0.950
103500,0.075,0.000,0.925
104000,0.086,0.000,0.914
104500,0.050,0.039,0.911
105000,0.068,0.000,0.932
105500,0.065,0.000,0.935
106000,0.057,0.000,0.943
106500,0.053,0.000,0.947
107000,0.050,0.000,0.950
107500,0.063,0.000,0.937
108000,0.050,0.000,0.950
108500,0.053,0.000,0.947
109000,0.069,0.000,0.931
109500,0.053,0.000,0.947
110000,0.095,0.000,0.905
110500,0.110,0.005,0.885
111000,0.071,0.000,0.929
111500,0.050,0.009,0.941
112000,0.066,0.000,0.934
112500,0.053,0.000,0.947
113000,0.081,0.001,0.918
113500,0.095,0.000,0.905
114000,0.055,0.000,0.945
114500,0.076,0.000,0.924
115000,0.089,0.000,0.911
115500,0.068,0.000,0.932
116000,0.068,0.000,0.932
116500,0.053,0.000,0.947
117000,0.068,0.000,0.932
117500,0.057,0.000,0.943
118000,0.100,0.000,0.900
118500,0.064,0.027,0.909
119000,0.074,0.000,0.926
119500,0.067,0.000,0.933
120000,0.050,0.010,0.940
120500,0.050,0.000,0.950
121000,0.106,0.000,0.894
121500,0.070,0.000,0.930
122000,0.077,0.000,0.923
122500,0.057,0.000,0.943
123000,0.058,0.000,0.942
123500,0.101,0.000,0.899
124000,0.050,0.000,0.950
124500,0.090,0.000,0.910
125000,0.082,0.000,0.918
125500,0.077,0.000,0.923
126000,0.086,0.000,0.914
126500,0.056,0.000,0.944
127000,0.070,0.000,0.930
127500,0.055,0.000,0.945
128000,0.050,0.000,0.950
128500,0.054,0.001,0.945
129000,0.121,0.000,0.879
129500,0.104,0.000,0.896
130000,0.061,0.000,0.939
130500,0.050,0.000,0.950
131000,0.076,0.000,0.924
131500,0.050,0.000,0.950
132000,0.067,0.000,0.933
132500,0.054,0.000,0.946
133000,0.120,0.000,0.880
133500,0.050,0.000,0.950
134000,0.050,0.000,0.950
134500,0.096,0.021,0.883
135000,0.080,0.000,0.920
135500,0.052,0.000,0.948
136000,0.058,0.000,0.942
136500,0.056,0.000,0.944
137000,0.106,0.000,0.894
137500,0.054,0.000,0.946
138000,0.075,0.000,0.925
138500,0.052,0.000,0.948
139000,0.061,0.000,0.939
139500,0.069,0.000,0.931
140000,0.071,0.000,0.929
140500,0.064,0.000,0.936
141000,0.057,0.000,0.943
141500,0.054,0.000,0.946
142000,0.062,0.000,0.938
142500,0.053,0.029,0.918
143000,0.091,0.000,0.909
143500,0.086,0.000,0.914
144000,0.069,0.000,0.931
144500,0.050,0.000,0.950
145000,0.061,0.000,0.939
145500,0.081,0.000,0.919
146000,0.123,0.000,0.877
146500,0.050,0.015,0.935
147000,0.084,0.000,0.916
147500,0.077,0.000,0.923
148000,0.051,0.000,0.949
148500,0.053,0.000,0.947
149000,0.063,0.000,0.937
149500,0.050,0.000,0.950
150000,0.075,0.000,0.925
150500,0.056,0.000,0.944
151000,0.050,0.000,0.950
151500,0.071,0.000,0.929
152000,0.063,0.000,0.937
152500,0.087,0.000,0.913
153000,0.060,0.000,0.940
153500,0.053,0.001,0.946
154000,0.050,0.000,0.950
154500,0.050,0.000,0.950
155000,0.058,0.001,0.941
155500,0.054,0.000,0.946
156000,0.084,0.000,0.916
156500,0.061,0.000,0.939
157000,0.072,0.000,0.928
157500,0.088,0.000,0.912
158000,0.064,0.000,0.936
158500,0.053,0.000,0.947
159000,0.087,0.000,0.913
159500,0.057,0.000,0.943
160000,0.052,0.001,0.947
160500,0.055,0.000,0.945
161000,0.085,0.000,0.915
161500,0.050,0.000,0.950
162000,0.073,0.000,0.927
162500,0.058,0.000,0.942
163000,0.069,0.000,0.931
163500,0.070,0.000,0.930
164000,0.110,0.000,0.890
164500,0.060,0.000,0.940
165000,0.051,0.013,0.936
165500,0.084,0.000,0.916
166000,0.070,0.000,0.930
166500,0.076,0.001,0.923
167000,0.051,0.000,0.949
167500,0.117,0.000,0.883
168000,0.057,0.000,0.943
168500,0.073,0.000,0.927
169000,0.079,0.000,0.921
169500,0.056,0.000,0.944
170000,0.053,0.000,0.947
170500,0.092,0.000,0.908
171000,0.067,0.000,0.933
171500,0.050,0.000,0.950
172000,0.073,0.000,0.927
172500,0.104,0.000,0.896
173000,0.050,0.001,0.949
173500,0.050,0.000,0.950
174000,0.054,0.000,0.946
174500,0.081,0.000,0.919
175000,0.054,0.000,0.946
175500,0.052,0.000,0.948
176000,0.050,0.000,0.950
176500,0.057,0.000,0.943
177000,0.062,0.000,0.938
177500,0.064,0.000,0.936
178000,0.065,0.000,0.935
178500,0.054,0.000,0.946
179000,0.109,0.000,0.891
179500,0.057,0.002,0.941
180000,0.050,0.000,0.950
180500,0.051,0.004,0.945
181000,0.059,0.000,0.941
181500,0.053,0.000,0.947
182000,0.065,0.000,0.935
182500,0.051,0.000,0.949
183000,0.059,0.000,0.941
183500,0.073,0.000,0.927
184000,0.053,0.000,0.947
184500,0.060,0.000,0.940
185000,0.050,0.000,0.950
185500,0.051,0.000,0.949
186000,0.054,0.000,0.946
186500,0.051,0.000,0.949
187000,0.056,0.000,0.944
187500,0.051,0.000,0.949
188000,0.089,0.000,0.911
188500,0.052,0.000,0.948
189000,0.051,0.000,0.949
189500,0.081,0.003,0.916
190000,0.077,0.037,0.886
190500,0.058,0.000,0.942
191000,0.054,0.000,0.946
191500,0.099,0.000,0.901
192000,0.087,0.000,0.913
192500,0.062,0.000,0.938
193000,0.066,0.000,0.934
193500,0.078,0.000,0.922
194000,0.061,0.000,0.939
194500,0.059,0.000,0.941
195000,0.081,0.000,0.919
195500,0.051,0.000,0.949
196000,0.061,0.000,0.939
196500,0.062,0.000,0.938
197000,0.056,0.000,0.944
197500,0.057,0.000,0.943
198000,0.059,0.000,0.941
198500,0.095,0.000,0.905
199000,0.050,0.000,0.950
199500,0.072,0.000,0.928
200000,0.052,0.026,0.922
200500,0.058,0.000,0.942
201000,0.086,0.000,0.914
201500,0.060,0.000,0.940
202000,0.050,0.000,0.950
202500,0.078,0.000,0.922
203000,0.059,0.000,0.941
203500,0.084,0.000,0.916
204000,0.131,0.000,0.869
204500,0.064,0.000,0.936
205000,0.070,0.000,0.930
205500,0.065,0.000,0.935
206000,0.050,0.000,0.950
206500,0.091,0.000,0.909
207000,0.053,0.000,0.947
207500,0.056,0.006,0.938
208000,0.058,0.000,0.942
208500,0.074,0.000,0.926
209000,0.050,0.000,0.950
209500,0.064,0.032,0.904
210000,0.055,0.000,0.945
210500,0.075,0.000,0.925
211000,0.054,0.000,0.946
211500,0.063,0.000,0.937
212000,0.072,0.000,0.928
212500,0.072,0.000,0.928
213000,0.062,0.000,0.938
213500,0.072,0.000,0.928
214000,0.054,0.000,0.946
214500,0.066,0.000,0.934
215000,0.078,0.000,0.922
215500,0.059,0.000,0.941
216000,0.088,0.000,0.912
216500,0.062,0.001,0.937
217000,0.050,0.004,0.946
217500,0.056,0.000,0.944
218000,0.100,0.000,0.900
218500,0.050,0.000,0.950
219000,0.109,0.000,0.891
219500,0.063,0.000,0.937
220000,0.053,0.000,0.947
220500,0.052,0.000,0.948
221000,0.068,0.000,0.932
221500,0.077,0.000,0.923
222000,0.098,0.000,0.902
222500,0.050,0.000,0.950
223000,0.073,0.000,0.927
223500,0.081,0.000,0.919
224000,0.066,0.000,0.934
224500,0.066,0.000,0.934
225000,0.052,0.000,0.948
225500,0.065,0.000,0.935
226000,0.065,0.001,0.934
226500,0.083,0.000,0.917
227000,0.061,0.000,0.939
227500,0.051,0.000,0.949
228000,0.074,0.000,0.926
228500,0.092,0.000,0.908
229000,0.050,0.004,0.946
229500,0.050,0.021,0.929
230000,0.051,0.000,0.949
230500,0.080,0.000,0.920
231000,0.054,0.000,0.946
231500,0.101,0.000,0.899
232000,0.054,0.013,0.933
232500,0.050,0.000,0.950
233000,0.100,0.000,0.900
233500,0.109,0.000,0.891
234000,0.050,0.011,0.939
234500,0.074,0.000,0.926
235000,0.087,0.000,0.913
235500,0.072,0.000,0.928
236000,0.060,0.000,0.940
236500,0.054,0.000,0.946
237000,0.057,0.037,0.906
237500,0.070,0.000,0.930
238000,0.052,0.000,0.948
238500,0.050,0.000,0.950
239000,0.051,0.003,0.946
239500,0.096,0.000,0.904
240000,0.051,0.000,0.949
240500,0.073,0.000,0.927
241000,0.050,0.000,0.950
241500,0.078,0.000,0.922
242000,0.061,0.000,0.939
242500,0.069,0.003,0.928
243000,0.054,0.000,0.946
243500,0.050,0.000,0.950
244000,0.064,0.000,0.936
244500,0.050,0.000,0.950
245000,0.051,0.000,0.949
245500,0.075,0.000,0.925
246000,0.050,0.004,0.946
246500,0.061,0.001,0.938
247000,0.143,0.000,0.857
247500,0.059,0.000,0.941
248000,0.059,0.000,0.941
248500,0.050,0.000,0.950
249000,0.106,0.000,0.894
249500,0.055,0.000,0.945
250000,0.052,0.037,0.911
250500,0.063,0.000,0.937
251000,0.085,0.000,0.915
251500,0.060,0.000,0.940
252000,0.108,0.000,0.892
252500,0.063,0.000,0.937
253000,0.075,0.000,0.925
253500,0.065,0.000,0.935
254000,0.050,0.001,0.949
254500,0.051,0.000,0.949
255000,0.051,0.000,0.949
255500,0.051,0.004,0.945
256000,0.072,0.000,0.928
256500,0.071,0.000,0.929
257000,0.060,0.000,0.940
257500,0.052,0.000,0.948
258000,0.077,0.000,0.923
258500,0.068,0.000,0.932
259000,0.057,0.000,0.943
259500,0.072,0.000,0.928
260000,0.060,0.000,0.940
260500,0.060,0.001,0.939
261000,0.051,0.000,0.949
261500,0.065,0.003,0.932
262000,0.081,0.000,0.919
262500,0.050,0.010,0.940
263000,0.068,0.000,0.932
263500,0.081,0.000,0.919
264000,0.062,0.030,0.908
264500,0.051,0.000,0.949
265000,0.062,0.000,0.938
265500,0.053,0.000,0.947
266000,0.052,0.000,0.948
266500,0.065,0.000,0.935
267000,0.050,0.002,0.948
267500,0.079,0.000,0.921
268000,0.072,0.000,0.928
268500,0.055,0.000,0.945
269000,0.054,0.012,0.934
269500,0.092,0.000,0.908
270000,0.064,0.000,0.936
270500,0.070,0.000,0.930
271000,0.057,0.001,0.942
271500,0.071,0.000,0.929
272000,0.082,0.000,0.918
272500,0.052,0.000,0.948
273000,0.075,0.000,0.925
273500,0.050,0.000,0.950
274000,0.052,0.000,0.948
274500,0.068,0.000,0.932
275000,0.098,0.000,0.902
275500,0.052,0.000,0.948
276000,0.058,0.000,0.942
276500,0.050,0.000,0.950
277000,0.071,0.000,0.929
277500,0.066,0.000,0.934
278000,0.055,0.000,0.945
278500,0.055,0.000,0.945
279000,0.051,0.000,0.949
279500,0.070,0.000,0.930
280000,0.081,0.000,0.919
280500,0.095,0.000,0.905
281000,0.060,0.000,0.940
281500,0.050,0.000,0.950
282000,0.055,0.002,0.943
282500,0.051,0.000,0.949
283000,0.084,0.000,0.916
283500,0.058,0.000,0.942
284000,0.106,0.001,0.893
284500,0.080,0.000,0.920
285000,0.065,0.000,0.935
285500,0.079,0.000,0.921
286000,0.068,0.000,0.932
286500,0.096,0.000,0.904
287000,0.065,0.000,0.935
287500,0.057,0.000,0.943
288000,0.063,0.000,0.937
288500,0.060,0.034,0.906
289000,0.061,0.000,0.939
289500,0.102,0.000,0.898
290000,0.093,0.000,0.907
290500,0.103,0.000,0.897
291000,0.073,0.000,0.927
291500,0.086,0.000,0.914
292000,0.086,0.000,0.914
292500,0.070,0.000,0.930
293000,0.050,0.000,0.950
293500,0.051,0.000,0.949
294000,0.057,0.000,0.943
294500,0.067,0.000,0.933
295000,0.079,0.000,0.921
295500,0.052,0.000,0.948
296000,0.065,0.000,0.935
296500,0.050,0.027,0.923
297000,0.108,0.000,0.892
297500,0.050,0.007,0.943
298000,0.053,0.000,0.947
298500,0.120,0.000,0.880
299000,0.075,0.000,0.925
299500,0.058,0.000,0.942
300000,0.053,0.000,0.947
300500,0.058,0.000,0.942
301000,0.052,0.000,0.948
301500,0.058,0.000,0.942
302000,0.059,0.001,0.940
302500,0.052,0.000,0.948
303000,0.060,0.014,0.926
303500,0.096,0.000,0.904
304000,0.118,0.000,0.882
304500,0.082,0.003,0.915
305000,0.057,0.000,0.943
305500,0.050,0.000,0.950
306000,0.072,0.000,0.928
306500,0.053,0.000,0.947
307000,0.064,0.000,0.936
307500,0.122,0.000,0.878
308000,0.050,0.000,0.950
308500,0.071,0.000,0.929
309000,0.095,0.000,0.905
309500,0.050,0.001,0.949
310000,0.058,0.000,0.942
310500,0.051,0.000,0.949
311000,0.051,0.000,0.949
311500,0.085,0.000,0.915
312000,0.055,0.000,0.945
312500,0.053,0.003,0.944
313000,0.050,0.005,0.945
313500,0.057,0.000,0.943
314000,0.077,0.000,0.923
314500,0.071,0.008,0.921
315000,0.073,0.000,0.927
315500,0.080,0.000,0.920
316000,0.075,0.000,0.925
316500,0.067,0.000,0.933
317000,0.050,0.012,0.938
317500,0.093,0.000,0.907
318000,0.065,0.000,0.935
318500,0.093,0.000,0.907
319000,0.056,0.000,0.944
319500,0.104,0.000,0.896
320000,0.051,0.006,0.943
320500,0.091,0.000,0.909
321000,0.052,0.000,0.948
321500,0.058,0.000,0.942
322000,0.079,0.000,0.921
322500,0.102,0.000,0.898
323000,0.133,0.000,0.867
323500,0.057,0.000,0.943
324000,0.066,0.000,0.934
324500,0.101,0.000,0.899
325000,0.095,0.000,0.905
325500,0.063,0.000,0.937
326000,0.066,0.000,0.934
326500,0.053,0.000,0.947
327000,0.051,0.000,0.949
327500,0.080,0.000,0.920
328000,0.055,0.000,0.945
328500,0.120,0.000,0.880
329000,0.053,0.000,0.947
329500,0.064,0.000,0.936
330000,0.068,0.000,0.932
330500,0.053,0.000,0.947
331000,0.067,0.000,0.933
331500,0.052,0.000,0.948
332000,0.088,0.000,0.912
332500,0.065,0.000,0.935
333000,0.081,0.007,0.912
333500,0.069,0.030,0.901
334000,0.062,0.000,0.938
334500,0.051,0.000,0.949
335000,0.057,0.000,0.943
335500,0.071,0.000,0.929
336000,0.051,0.000,0.949
336500,0.063,0.000,0.937
337000,0.050,0.035,0.915
337500,0.051,0.000,0.949
338000,0.088,0.000,0.912
338500,0.051,0.000,0.949
339000,0.073,0.000,0.927
339500,0.062,0.000,0.938
340000,0.071,0.000,0.929
340500,0.088,0.000,0.912
341000,0.054,0.000,0.946
341500,0.071,0.000,0.929
342000,0.058,0.000,0.942
342500,0.073,0.000,0.927
343000,0.067,0.000,0.933
343500,0.054,0.000,0.946
344000,0.055,0.000,0.945
344500,0.055,0.000,0.945
345000,0.067,0.000,0.933
345500,0.050,0.002,0.948
346000,0.051,0.000,0.949
346500,0.090,0.000,0.910
347000,0.088,0.000,0.912
347500,0.068,0.000,0.932
348000,0.096,0.000,0.904
348500,0.059,0.000,0.941
349000,0.068,0.000,0.932
349500,0.059,0.000,0.941
350000,0.067,0.000,0.933
350500,0.098,0.000,0.902
351000,0.067,0.000,0.933
351500,0.053,0.000,0.947
352000,0.084,0.000,0.916
352500,0.059,0.000,0.941
353000,0.062,0.000,0.938
353500,0.063,0.000,0.937
354000,0.067,0.000,0.933
354500,0.063,0.000,0.937
355000,0.064,0.000,0.936
355500,0.085,0.000,0.915
356000,0.083,0.000,0.917
356500,0.100,0.000,0.900
357000,0.061,0.005,0.934
357500,0.050,0.006,0.944
358000,0.059,0.000,0.941
358500,0.052,0.000,0.948
359000,0.077,0.002,0.921
359500,0.067,0.000,0.933
360000,0.090,0.000,0.910
360500,0.065,0.000,0.935
361000,0.108,0.000,0.892
361500,0.067,0.000,0.933
362000,0.050,0.007,0.943
362500,0.080,0.000,0.920
363000,0.068,0.000,0.932
363500,0.056,0.000,0.944
364000,0.101,0.000,0.899
364500,0.080,0.000,0.920
365000,0.054,0.000,0.946
365500,0.053,0.002,0.945
366000,0.056,0.000,0.944
366500,0.071,0.000,0.929
367000,0.077,0.000,0.923
367500,0.069,0.000,0.931
368000,0.108,0.000,0.892
368500,0.056,0.000,0.944
369000,0.087,0.000,0.913
369500,0.056,0.000,0.944
370000,0.054,0.000,0.946
370500,0.053,0.000,0.947
371000,0.067,0.000,0.933
371500,0.070,0.000,0.930
372000,0.050,0.000,0.950
372500,0.063,0.000,0.937
373000,0.051,0.000,0.949
373500,0.110,0.000,0.890
374000,0.050,0.000,0.950
374500,0.068,0.000,0.932
375000,0.066,0.000,0.934
375500,0.061,0.000,0.939
376000,0.052,0.000,0.948
376500,0.080,0.000,0.920
377000,0.073,0.000,0.927
377500,0.109,0.000,0.891
378000,0.117,0.000,0.883
378500,0.059,0.000,0.941
379000,0.083,0.000,0.917
379500,0.072,0.000,0.928
380000,0.059,0.000,0.941
380500,0.065,0.000,0.935
381000,0.104,0.000,0.896
381500,0.149,0.000,0.851
382000,0.071,0.002,0.927
382500,0.092,0.000,0.908
383000,0.086,0.000,0.914
383500,0.077,0.002,0.921
384000,0.055,0.000,0.945
384500,0.054,0.000,0.946
385000,0.091,0.000,0.909
385500,0.091,0.000,0.909
386000,0.066,0.000,0.934
386500,0.106,0.000,0.894
387000,0.092,0.000,0.908
387500,0.089,0.006,0.905
388000,0.050,0.000,0.950
388500,0.065,0.000,0.935
389000,0.105,0.000,0.895
389500,0.052,0.000,0.948
390000,0.074,0.032,0.894
390500,0.066,0.000,0.934
391000,0.080,0.000,0.920
391500,0.065,0.000,0.935
392000,0.070,0.000,0.930
392500,0.050,0.000,0.950
393000,0.095,0.001,0.904
393500,0.050,0.004,0.946
394000,0.055,0.000,0.945
394500,0.058,0.000,0.942
395000,0.061,0.000,0.939
395500,0.086,0.000,0.914
396000,0.104,0.000,0.896
396500,0.058,0.000,0.942
397000,0.080,0.000,0.920
397500,0.056,0.000,0.944
398000,0.084,0.000,0.916
398500,0.067,0.000,0.933
399000,0.082,0.000,0.918
399500,0.110,0.000,0.890
400000,0.066,0.000,0.934
400500,0.050,0.000,0.950
401000,0.075,0.000,0.925
401500,0.059,0.000,0.941
402000,0.055,0.000,0.945
402500,0.059,0.000,0.941
403000,0.050,0.010,0.940
403500,0.068,0.000,0.932
404000,0.052,0.001,0.947
404500,0.093,0.000,0.907
405000,0.064,0.000,0.936
405500,0.063,0.033,0.904
406000,0.110,0.000,0.890
406500,0.081,0.000,0.919
407000,0.053,0.014,0.933
407500,0.051,0.005,0.944
408000,0.072,0.000,0.928
408500,0.051,0.000,0.949
409000,0.068,0.000,0.932
409500,0.066,0.000,0.934
410000,0.065,0.009,0.926
410500,0.055,0.000,0.945
411000,0.058,0.000,0.942
411500,0.082,0.000,0.918
412000,0.065,0.020,0.915
412500,0.061,0.000,0.939
413000,0.057,0.000,0.943
413500,0.086,0.000,0.914
414000,0.066,0.000,0.934
414500,0.083,0.000,0.917
415000,0.056,0.000,0.944
415500,0.080,0.000,0.920
416000,0.073,0.000,0.927
416500,0.055,0.000,0.945
417000,0.052,0.000,0.948
417500,0.086,0.000,0.914
418000,0.063,0.003,0.934
418500,0.051,0.000,0.949
419000,0.104,0.000,0.896
419500,0.115,0.000,0.885
420000,0.051,0.007,0.942
420500,0.053,0.005,0.942
421000,0.053,0.000,0.947
421500,0.110,0.000,0.890
422000,0.054,0.000,0.946
422500,0.078,0.000,0.922
423000,0.053,0.012,0.935
423500,0.052,0.000,0.948
424000,0.055,0.005,0.940
424500,0.051,0.000,0.949
425000,0.056,0.000,0.944
425500,0.050,0.000,0.950
426000,0.051,0.000,0.949
426500,0.050,0.000,0.950
427000,0.069,0.000,0.931
427500,0.056,0.000,0.944
428000,0.079,0.000,0.921
428500,0.065,0.000,0.935
429000,0.070,0.000,0.930
429500,0.054,0.000,0.946
430000,0.092,0.000,0.908
430500,0.050,0.000,0.950
431000,0.050,0.003,0.947
431500,0.050,0.003,0.947
432000,0.090,0.000,0.910
432500,0.057,0.000,0.943
433000,0.050,0.030,0.920
433500,0.074,0.004,0.922
434000,0.057,0.005,0.938
434500,0.063,0.000,0.937
435000,0.053,0.003,0.944
435500,0.051,0.022,0.927
436000,0.051,0.000,0.949
436500,0.074,0.000,0.926
437000,0.074,0.033,0.893
437500,0.070,0.000,0.930
438000,0.050,0.004,0.946
438500,0.079,0.000,0.921
439000,0.065,0.000,0.935
439500,0.057,0.009,0.934
440000,0.054,0.000,0.946
440500,0.052,0.000,0.948
441000,0.101,0.000,0.899
441500,0.075,0.000,0.925
442000,0.056,0.000,0.944
442500,0.053,0.001,0.946
443000,0.057,0.000,0.943
443500,0.091,0.000,0.909
444000,0.070,0.000,0.930
444500,0.063,0.000,0.937
445000,0.064,0.001,0.935
445500,0.075,0.000,0.925
446000,0.089,0.000,0.911
446500,0.075,0.000,0.925
447000,0.051,0.000,0.949
447500,0.050,0.000,0.950
448000,0.072,0.000,0.928
448500,0.054,0.000,0.946
449000,0.050,0.014,0.936
449500,0.074,0.000,0.926
450000,0.050,0.000,0.950
450500,0.060,0.000,0.940
451000,0.062,0.000,0.938
451500,0.087,0.001,0.912
452000,0.053,0.000,0.947
452500,0.054,0.010,0.936
453000,0.136,0.000,0.864
453500,0.076,0.000,0.924
454000,0.057,0.000,0.943
454500,0.094,0.000,0.906
455000,0.050,0.000,0.950
455500,0.055,0.000,0.945
456000,0.087,0.000,0.913
456500,0.069,0.000,0.931
457000,0.050,0.000,0.950
457500,0.079,0.001,0.920
458000,0.050,0.000,0.950
458500,0.051,0.000,0.949
459000,0.058,0.031,0.911
459500,0.074,0.000,0.926
460000,0.101,0.000,0.899
460500,0.051,0.000,0.949
461000,0.063,0.000,0.937
461500,0.067,0.000,0.933
462000,0.086,0.000,0.914
462500,0.115,0.000,0.885
463000,0.090,0.000,0.910
463500,0.052,0.000,0.948
464000,0.062,0.000,0.938
464500,0.086,0.000,0.914
465000,0.051,0.000,0.949
465500,0.050,0.000,0.950
466000,0.075,0.000,0.925
466500,0.050,0.000,0.950
467000,0.076,0.000,0.924
467500,0.057,0.000,0.943
468000,0.050,0.000,0.950
468500,0.055,0.000,0.945
469000,0.060,0.000,0.940
469500,0.085,0.000,0.915
470000,0.085,0.000,0.915
470500,0.052,0.000,0.948
471000,0.065,0.000,0.935
471500,0.051,0.012,0.937
472000,0.051,0.000,0.949
472500,0.079,0.000,0.921
473000,0.077,0.000,0.923
473500,0.080,0.000,0.920
474000,0.062,0.000,0.938
474500,0.074,0.000,0.926
475000,0.058,0.000,0.942
475500,0.064,0.000,0.936
476000,0.050,0.000,0.950
476500,0.053,0.025,0.922
477000,0.071,0.000,0.929
477500,0.058,0.004,0.938
478000,0.090,0.000,0.910
478500,0.085,0.000,0.915
479000,0.094,0.000,0.906
479500,0.050,0.000,0.950
480000,0.051,0.000,0.949
480500,0.050,0.000,0.950
481000,0.050,0.000,0.950
481500,0.054,0.000,0.946
482000,0.050,0.000,0.950
482500,0.052,0.000,0.948
483000,0.073,0.000,0.927
483500,0.083,0.000,0.917
484000,0.053,0.000,0.947
484500,0.050,0.000,0.950
485000,0.051,0.000,0.949
485500,0.051,0.000,0.949
486000,0.052,0.000,0.948
486500,0.051,0.000,0.949
487000,0.051,0.000,0.949
487500,0.050,0.029,0.921
488000,0.054,0.000,0.946
488500,0.085,0.000,0.915
489000,0.056,0.000,0.944
489500,0.050,0.001,0.949
490000,0.051,0.000,0.949
490500,0.082,0.000,0.918
491000,0.060,0.004,0.936
491500,0.058,0.000,0.942
492000,0.051,0.000,0.949
492500,0.075,0.000,0.925
493000,0.069,0.000,0.931
493500,0.064,0.000,0.936
494000,0.077,0.000,0.923
494500,0.050,0.000,0.950
495000,0.053,0.000,0.947
495500,0.062,0.000,0.938
496000,0.071,0.000,0.929
496500,0.050,0.000,0.950
497000,0.094,0.000,0.906
497500,0.051,0.033,0.916
498000,0.051,0.000,0.949
498500,0.064,0.000,0.936
499000,0.051,0.000,0.949
499500,0.050,0.008,0.942
500000,0.081,0.000,0.919
500500,0.051,0.000,0.949
501000,0.050,0.000,0.950
501500,0.053,0.000,0.947
502000,0.052,0.000,0.948
502500,0.056,0.000,0.944
503000,0.072,0.000,0.928
503500,0.106,0.025,0.869
504000,0.089,0.000,0.911
504500,0.050,0.000,0.950
505000,0.063,0.000,0.937
505500,0.064,0.000,0.936
506000,0.053,0.000,0.947
506500,0.052,0.006,0.942
507000,0.053,0.000,0.947
507500,0.083,0.000,0.917
508000,0.089,0.000,0.911
508500,0.053,0.000,0.947
509000,0.073,0.000,0.927
509500,0.051,0.000,0.949
510000,0.140,0.000,0.860
510500,0.066,0.000,0.934
511000,0.052,0.000,0.948
511500,0.059,0.000,0.941
512000,0.067,0.000,0.933
512500,0.050,0.000,0.950
513000,0.063,0.000,0.937
513500,0.074,0.000,0.926
514000,0.058,0.000,0.942
514500,0.091,0.000,0.909
515000,0.081,0.000,0.919
515500,0.070,0.021,0.909
516000,0.069,0.000,0.931
516500,0.053,0.000,0.947
517000,0.081,0.005,0.914
517500,0.065,0.005,0.930
518000,0.074,0.000,0.926
518500,0.050,0.013,0.937
519000,0.065,0.000,0.935
519500,0.073,0.000,0.927
520000,0.069,0.000,0.931
520500,0.055,0.000,0.945
521000,0.062,0.000,0.938
521500,0.065,0.000,0.935
522000,0.068,0.000,0.932
522500,0.055,0.000,0.945
523000,0.059,0.000,0.941
523500,0.065,0.000,0.935
524000,0.053,0.000,0.947
524500,0.091,0.017,0.892
525000,0.083,0.000,0.917
525500,0.055,0.021,0.924
526000,0.084,0.000,0.916
526500,0.064,0.000,0.936
527000,0.051,0.000,0.949
527500,0.075,0.000,0.925
528000,0.078,0.000,0.922
528500,0.062,0.000,0.938
529000,0.067,0.000,0.933
529500,0.060,0.000,0.940
530000,0.050,0.010,0.940
530500,0.135,0.000,0.865
531000,0.050,0.023,0.927
531500,0.081,0.000,0.919
532000,0.052,0.004,0.944
532500,0.057,0.002,0.941
533000,0.052,0.000,0.948
533500,0.061,0.000,0.939
534000,0.100,0.000,0.900
534500,0.090,0.000,0.910
535000,0.083,0.000,0.917
535500,0.053,0.000,0.947
536000,0.050,0.009,0.941
536500,0.050,0.000,0.950
537000,0.081,0.000,0.919
537500,0.085,0.000,0.915
538000,0.069,0.000,0.931
538500,0.053,0.000,0.947
539000,0.102,0.000,0.898
539500,0.054,0.000,0.946
540000,0.050,0.000,0.950
540500,0.050,0.000,0.950
541000,0.068,0.001,0.931
541500,0.067,0.001,0.932
542000,0.067,0.000,0.933
542500,0.079,0.000,0.921
543000,0.117,0.000,0.883
543500,0.063,0.000,0.937
544000,0.055,0.000,0.945
544500,0.050,0.000,0.950
545000,0.051,0.000,0.949
545500,0.051,0.000,0.949
546000,0.071,0.000,0.929
546500,0.080,0.000,0.920
547000,0.079,0.000,0.921
547500,0.063,0.000,0.937
548000,0.050,0.000,0.950
548500,0.076,0.000,0.924
549000,0.054,0.001,0.945
549500,0.053,0.003,0.944
550000,0.080,0.000,0.920
550500,0.084,0.000,0.916
551000,0.061,0.000,0.939
551500,0.102,0.000,0.898
552000,0.074,0.001,0.925
552500,0.065,0.009,0.926
553000,0.055,0.000,0.945
553500,0.082,0.000,0.918
554000,0.089,0.000,0.911
554500,0.051,0.029,0.920
555000,0.050,0.000,0.950
555500,0.084,0.000,0.916
556000,0.083,0.000,0.917
556500,0.050,0.000,0.950
557000,0.050,0.000,0.950
557500,0.058,0.000,0.942
558000,0.060,0.000,0.940
558500,0.062,0.006,0.932
559000,0.056,0.004,0.940
559500,0.148,0.000,0.852
560000,0.058,0.000,0.942
560500,0.053,0.000,0.947
561000,0.094,0.000,0.906
561500,0.082,0.000,0.918
562000,0.061,0.000,0.939
562500,0.054,0.000,0.946
563000,0.071,0.000,0.929
563500,0.088,0.000,0.912
564000,0.062,0.000,0.938
564500,0.052,0.001,0.947
565000,0.054,0.000,0.946
565500,0.051,0.000,0.949
566000,0.063,0.000,0.937
566500,0.050,0.000,0.950
567000,0.051,0.020,0.929
567500,0.058,0.000,0.942
568000,0.061,0.000,0.939
568500,0.064,0.000,0.936
569000,0.081,0.000,0.919
569500,0.052,0.000,0.948
570000,0.051,0.000,0.949
570500,0.080,0.000,0.920
571000,0.108,0.001,0.891
571500,0.082,0.000,0.918
572000,0.051,0.004,0.945
572500,0.065,0.000,0.935
573000,0.086,0.001,0.913
573500,0.053,0.000,0.947
574000,0.050,0.000,0.950
574500,0.050,0.000,0.950
575000,0.050,0.000,0.950
575500,0.074,0.000,0.926
576000,0.085,0.000,0.915
576500,0.059,0.000,0.941
577000,0.074,0.000,0.926
577500,0.054,0.000,0.946
578000,0.072,0.000,0.928
578500,0.052,0.004,0.944
579000,0.054,0.000,0.946
579500,0.054,0.000,0.946
580000,0.073,0.000,0.927
580500,0.050,0.001,0.949
581000,0.051,0.000,0.949
581500,0.067,0.000,0.933
582000,0.050,0.000,0.950
582500,0.054,0.000,0.946
583000,0.050,0.000,0.950
583500,0.067,0.003,0.930
584000,0.058,0.000,0.942
584500,0.063,0.002,0.935
585000,0.052,0.000,0.948
585500,0.089,0.000,0.911
586000,0.072,0.000,0.928
586500,0.058,0.000,0.942
587000,0.050,0.004,0.946
587500,0.070,0.000,0.930
588000,0.082,0.000,0.918
588500,0.080,0.000,0.920
589000,0.106,0.000,0.894
589500,0.050,0.029,0.921
590000,0.114,0.000,0.886
590500,0.083,0.000,0.917
591000,0.105,0.000,0.895
591500,0.051,0.000,0.949
592000,0.078,0.000,0.922
592500,0.054,0.000,0.946
593000,0.080,0.000,0.920
593500,0.063,0.000,0.937
594000,0.072,0.000,0.928
594500,0.134,0.000,0.866
595000,0.093,0.000,0.907
595500,0.050,0.000,0.950
596000,0.092,0.000,0.908
596500,0.052,0.000,0.948
597000,0.088,0.000,0.912
597500,0.084,0.002,0.914
598000,0.056,0.000,0.944
598500,0.052,0.000,0.948
599000,0.057,0.000,0.943
599500,0.051,0.000,0.949
600000,0.065,0.000,0.935
600500,0.075,0.000,0.925
601000,0.062,0.001,0.937
601500,0.053,0.000,0.947
602000,0.101,0.000,0.899
602500,0.074,0.000,0.926
603000,0.052,0.000,0.948
603500,0.059,0.000,0.941
604000,0.101,0.000,0.899
604500,0.050,0.000,0.950
605000,0.070,0.000,0.930
605500,0.060,0.000,0.940
606000,0.057,0.000,0.943
606500,0.074,0.007,0.919
607000,0.087,0.000,0.913
607500,0.060,0.000,0.940
608000,0.050,0.000,0.950
608500,0.136,0.000,0.864
609000,0.061,0.000,0.939
609500,0.063,0.001,0.936
610000,0.051,0.000,0.949
610500,0.050,0.000,0.950
611000,0.053,0.018,0.929
611500,0.066,0.000,0.934
612000,0.050,0.000,0.950
612500,0.066,0.000,0.934
613000,0.084,0.000,0.916
613500,0.064,0.000,0.936
614000,0.100,0.016,0.884
614500,0.050,0.000,0.950
615000,0.083,0.000,0.917
615500,0.051,0.001,0.948
616000,0.065,0.000,0.935
616500,0.051,0.000,0.949
617000,0.062,0.000,0.938
617500,0.063,0.000,0.937
618000,0.053,0.000,0.947
618500,0.056,0.000,0.944
619000,0.073,0.000,0.927
619500,0.052,0.013,0.935
620000,0.092,0.000,0.908
620500,0.050,0.000,0.950
621000,0.057,0.000,0.943
621500,0.050,0.000,0.950
622000,0.051,0.000,0.949
622500,0.050,0.000,0.950
623000,0.050,0.000,0.950
623500,0.091,0.000,0.909
624000,0.087,0.000,0.913
624500,0.059,0.000,0.941
625000,0.053,0.000,0.947
625500,0.052,0.000,0.948
626000,0.089,0.000,0.911
626500,0.119,0.000,0.881
627000,0.056,0.000,0.944
627500,0.056,0.000,0.944
628000,0.055,0.033,0.912
628500,0.050,0.000,0.950
629000,0.057,0.029,0.914
629500,0.061,0.037,0.902
630000,0.064,0.000,0.936
630500,0.050,0.000,0.950
631000,0.056,0.000,0.944
631500,0.077,0.000,0.923
632000,0.079,0.000,0.921
632500,0.059,0.000,0.941
633000,0.051,0.000,0.949
633500,0.053,0.000,0.947
634000,0.121,0.000,0.879
634500,0.052,0.016,0.932
635000,0.090,0.000,0.910
635500,0.096,0.000,0.904
636000,0.062,0.000,0.938
636500,0.084,0.000,0.916
637000,0.053,0.000,0.947
637500,0.054,0.000,0.946
638000,0.097,0.000,0.903
638500,0.051,0.000,0.949
639000,0.069,0.000,0.931
639500,0.053,0.009,0.938
640000,0.066,0.000,0.934
640500,0.085,0.021,0.894
641000,0.105,0.000,0.895
641500,0.085,0.000,0.915
642000,0.097,0.000,0.903
642500,0.055,0.000,0.945
643000,0.056,0.000,0.944
643500,0.055,0.000,0.945
644000,0.051,0.026,0.923
644500,0.066,0.000,0.934
645000,0.093,0.000,0.907
645500,0.115,0.000,0.885
646000,0.079,0.000,0.921
646500,0.061,0.000,0.939
647000,0.076,0.000,0.924
647500,0.076,0.000,0.924
648000,0.053,0.000,0.947
648500,0.052,0.000,0.948
649000,0.076,0.000,0.924
649500,0.090,0.000,0.910
650000,0.059,0.000,0.941
650500,0.070,0.000,0.930
651000,0.053,0.000,0.947
651500,0.079,0.000,0.921
652000,0.058,0.000,0.942
652500,0.083,0.000,0.917
653000,0.060,0.000,0.940
653500,0.104,0.000,0.896
654000,0.053,0.000,0.947
654500,0.062,0.000,0.938
655000,0.068,0.000,0.932
655500,0.053,0.000,0.947
656000,0.050,0.000,0.950
656500,0.054,0.000,0.946
657000,0.104,0.000,0.896
657500,0.084,0.000,0.916
658000,0.054,0.000,0.946
658500,0.065,0.000,0.935
659000,0.062,0.000,0.938
659500,0.119,0.000,0.881
660000,0.072,0.000,0.928
660500,0.114,0.000,0.886
661000,0.062,0.000,0.938
661500,0.053,0.000,0.947
662000,0.053,0.000,0.947
662500,0.050,0.000,0.950
663000,0.060,0.001,0.939
663500,0.071,0.000,0.929
664000,0.077,0.000,0.923
664500,0.077,0.000,0.923
665000,0.085,0.000,0.915
665500,0.081,0.000,0.919
666000,0.057,0.000,0.943
666500,0.053,0.000,0.947
667000,0.086,0.000,0.914
667500,0.099,0.000,0.901
668000,0.051,0.000,0.949
668500,0.055,0.000,0.945
669000,0.053,0.021,0.926
669500,0.052,0.000,0.948
670000,0.077,0.000,0.923
670500,0.057,0.000,0.943
671000,0.064,0.000,0.936
671500,0.068,0.000,0.932
672000,0.082,0.000,0.918
672500,0.059,0.000,0.941
673000,0.075,0.000,0.925
673500,0.058,0.000,0.942
674000,0.066,0.000,0.934
674500,0.051,0.000,0.949
675000,0.076,0.000,0.924
675500,0.050,0.000,0.950
676000,0.058,0.000,0.942
676500,0.050,0.023,0.927
677000,0.053,0.001,0.946
677500,0.093,0.000,0.907
678000,0.051,0.000,0.949
678500,0.129,0.000,0.871
679000,0.065,0.016,0.919
679500,0.056,0.028,0.916
680000,0.056,0.000,0.944
680500,0.087,0.018,0.895
681000,0.054,0.000,0.946
681500,0.092,0.000,0.908
682000,0.054,0.000,0.946
682500,0.069,0.000,0.931
683000,0.106,0.000,0.894
683500,0.065,0.000,0.935
684000,0.051,0.000,0.949
684500,0.051,0.000,0.949
685000,0.093,0.000,0.907
685500,0.099,0.000,0.901
686000,0.051,0.000,0.949
686500,0.051,0.000,0.949
687000,0.107,0.008,0.885
687500,0.073,0.000,0.927
688000,0.060,0.000,0.940
688500,0.056,0.001,0.943
689000,0.054,0.000,0.946
689500,0.078,0.000,0.922
690000,0.052,0.002,0.946
690500,0.083,0.000,0.917
691000,0.076,0.000,0.924
691500,0.076,0.000,0.924
692000,0.069,0.008,0.923
692500,0.063,0.000,0.937
693000,0.065,0.000,0.935
693500,0.056,0.000,0.944
694000,0.051,0.017,0.932
694500,0.104,0.000,0.896
695000,0.063,0.000,0.937
695500,0.068,0.000,0.932
696000,0.050,0.003,0.947
696500,0.081,0.000,0.919
697000,0.055,0.000,0.945
697500,0.053,0.000,0.947
698000,0.050,0.000,0.950
698500,0.050,0.000,0.950
699000,0.050,0.000,0.950
699500,0.076,0.000,0.924
700000,0.076,0.000,0.924
700500,0.050,0.000,0.950
701000,0.053,0.000,0.947
701500,0.050,0.000,0.950
702000,0.093,0.000,0.907
702500,0.050,0.000,0.950
703000,0.078,0.000,0.922
703500,0.069,0.000,0.931
704000,0.074,0.000,0.926
704500,0.107,0.001,0.892
705000,0.082,0.000,0.918
705500,0.076,0.000,0.924
706000,0.053,0.000,0.947
706500,0.094,0.000,0.906
707000,0.105,0.000,0.895
707500,0.086,0.000,0.914
708000,0.051,0.000,0.949
708500,0.050,0.000,0.950
709000,0.051,0.000,0.949
709500,0.061,0.000,0.939
710000,0.123,0.000,0.877
710500,0.054,0.000,0.946
711000,0.057,0.000,0.943
711500,0.074,0.000,0.926
712000,0.077,0.000,0.923
712500,0.062,0.000,0.938
713000,0.108,0.000,0.892
713500,0.051,0.000,0.949
714000,0.057,0.000,0.943
714500,0.051,0.006,0.943
715000,0.087,0.013,0.900
715500,0.066,0.000,0.934
716000,0.062,0.000,0.938
716500,0.098,0.000,0.902
717000,0.067,0.000,0.933
717500,0.051,0.002,0.947
718000,0.050,0.004,0.946
718500,0.067,0.000,0.933
719000,0.052,0.000,0.948
719500,0.083,0.000,0.917
720000,0.089,0.000,0.911
720500,0.051,0.000,0.949
721000,0.068,0.000,0.932
721500,0.076,0.000,0.924
722000,0.053,0.054,0.893
722500,0.055,0.000,0.945
723000,0.059,0.000,0.941
723500,0.109,0.000,0.891
724000,0.091,0.000,0.909
724500,0.050,0.000,0.950
725000,0.068,0.064,0.868
725500,0.087,0.000,0.913
726000,0.071,0.000,0.929
726500,0.059,0.000,0.941
727000,0.064,0.000,0.936
727500,0.050,0.000,0.950
728000,0.050,0.000,0.950
728500,0.083,0.000,0.917
729000,0.060,0.000,0.940
729500,0.051,0.047,0.902
730000,0.050,0.000,0.950
730500,0.077,0.000,0.923
731000,0.050,0.000,0.950
731500,0.081,0.000,0.919
732000,0.052,0.000,0.948
732500,0.068,0.000,0.932
733000,0.052,0.000,0.948
733500,0.055,0.000,0.945
734000,0.051,0.000,0.949
734500,0.123,0.000,0.877
735000,0.050,0.000,0.950
735500,0.067,0.028,0.905
736000,0.072,0.000,0.928
736500,0.113,0.000,0.887
737000,0.061,0.036,0.903
737500,0.058,0.000,0.942
738000,0.068,0.001,0.931
738500,0.068,0.000,0.932
739000,0.050,0.000,0.950
739500,0.060,0.000,0.940
740000,0.060,0.000,0.940
740500,0.087,0.000,0.913
741000,0.065,0.000,0.935
741500,0.050,0.000,0.950
742000,0.050,0.002,0.948
742500,0.077,0.000,0.923
743000,0.054,0.000,0.946
743500,0.052,0.000,0.948
744000,0.066,0.000,0.934
744500,0.051,0.025,0.924
745000,0.050,0.000,0.950
745500,0.055,0.000,0.945
746000,0.083,0.000,0.917
746500,0.050,0.006,0.944
747000,0.076,0.000,0.924
747500,0.080,0.000,0.920
748000,0.059,0.000,0.941
748500,0.064,0.006,0.930
749000,0.064,0.000,0.936
749500,0.053,0.000,0.947
750000,0.056,0.000,0.944
750500,0.075,0.000,0.925
751000,0.058,0.000,0.942
751500,0.070,0.000,0.930
752000,0.053,0.000,0.947
752500,0.050,0.000,0.950
753000,0.107,0.000,0.893
753500,0.050,0.000,0.950
754000,0.051,0.000,0.949
754500,0.086,0.000,0.914
755000,0.076,0.001,0.923
755500,0.050,0.006,0.944
756000,0.052,0.000,0.948
756500,0.066,0.002,0.932
757000,0.052,0.000,0.948
757500,0.050,0.000,0.950
758000,0.051,0.000,0.949
758500,0.050,0.007,0.943
759000,0.084,0.000,0.916
759500,0.053,0.000,0.947
760000,0.076,0.000,0.924
760500,0.050,0.011,0.939
761000,0.063,0.000,0.937
761500,0.063,0.003,0.934
762000,0.050,0.024,0.926
762500,0.090,0.000,0.910
763000,0.051,0.022,0.927
763500,0.066,0.000,0.934
764000,0.132,0.000,0.868
764500,0.069,0.000,0.931
765000,0.057,0.000,0.943
765500,0.065,0.000,0.935
766000,0.054,0.020,0.926
766500,0.063,0.000,0.937
767000,0.070,0.000,0.930
767500,0.137,0.000,0.863
768000,0.052,0.000,0.948
768500,0.057,0.000,0.943
769000,0.087,0.000,0.913
769500,0.054,0.000,0.946
770000,0.057,0.003,0.940
770500,0.052,0.000,0.948
771000,0.055,0.000,0.945
771500,0.087,0.000,0.913
772000,0.053,0.000,0.947
772500,0.064,0.016,0.920
773000,0.051,0.008,0.941
773500,0.085,0.000,0.915
774000,0.050,0.000,0.950
774500,0.061,0.000,0.939
775000,0.077,0.000,0.923
775500,0.098,0.000,0.902
776000,0.073,0.000,0.927
776500,0.051,0.000,0.949
777000,0.054,0.000,0.946
777500,0.068,0.000,0.932
778000,0.087,0.000,0.913
778500,0.075,0.000,0.925
779000,0.065,0.000,0.935
779500,0.051,0.000,0.949
780000,0.084,0.000,0.916
780500,0.059,0.000,0.941
781000,0.059,0.000,0.941
781500,0.060,0.000,0.940
782000,0.051,0.000,0.949
782500,0.057,0.000,0.943
783000,0.051,0.000,0.949
783500,0.084,0.000,0.916
784000,0.050,0.003,0.947
784500,0.056,0.000,0.944
785000,0.063,0.000,0.937
785500,0.076,0.000,0.924
786000,0.052,0.000,0.948
786500,0.082,0.000,0.918
787000,0.107,0.000,0.893
787500,0.060,0.000,0.940
788000,0.052,0.000,0.948
788500,0.051,0.007,0.942
789000,0.057,0.000,0.943
789500,0.095,0.000,0.905
790000,0.056,0.000,0.944
790500,0.069,0.000,0.931
791000,0.125,0.000,0.875
791500,0.155,0.000,0.845
792000,0.109,0.000,0.891
792500,0.057,0.000,0.943
793000,0.068,0.000,0.932
793500,0.050,0.000,0.950
794000,0.064,0.000,0.936
794500,0.050,0.000,0.950
795000,0.050,0.000,0.950
795500,0.114,0.000,0.886
796000,0.052,0.000,0.948
796500,0.058,0.000,0.942
797000,0.051,0.000,0.949
797500,0.087,0.000,0.913
798000,0.071,0.000,0.929
798500,0.050,0.002,0.948
799000,0.050,0.000,0.950
799500,0.059,0.000,0.941
800000,0.085,0.000,0.915
800500,0.053,0.000,0.947
801000,0.088,0.000,0.912
801500,0.092,0.000,0.908
802000,0.066,0.000,0.934
802500,0.054,0.000,0.946
803000,0.066,0.000,0.934
803500,0.080,0.015,0.905
804000,0.072,0.000,0.928
804500,0.050,0.025,0.925
805000,0.058,0.000,0.942
805500,0.051,0.006,0.943
806000,0.055,0.000,0.945
806500,0.078,0.000,0.922
807000,0.064,0.005,0.931
807500,0.070,0.000,0.930
808000,0.086,0.000,0.914
808500,0.067,0.000,0.933
809000,0.054,0.000,0.946
809500,0.054,0.000,0.946
810000,0.050,0.003,0.947
810500,0.060,0.000,0.940
811000,0.087,0.005,0.908
811500,0.051,0.000,0.949
812000,0.081,0.000,0.919
812500,0.050,0.003,0.947
813000,0.050,0.000,0.950
813500,0.050,0.005,0.945
814000,0.078,0.000,0.922
814500,0.051,0.000,0.949
815000,0.109,0.000,0.891
815500,0.050,0.000,0.950
816000,0.083,0.000,0.917
816500,0.079,0.000,0.921
817000,0.106,0.000,0.894
817500,0.066,0.000,0.934
818000,0.051,0.000,0.949
818500,0.051,0.000,0.949
819000,0.051,0.003,0.946
819500,0.050,0.003,0.947
820000,0.078,0.000,0.922
820500,0.095,0.000,0.905
821000,0.052,0.000,0.948
821500,0.070,0.000,0.930
822000,0.075,0.000,0.925
822500,0.050,0.000,0.950
823000,0.095,0.000,0.905
823500,0.080,0.000,0.920
824000,0.059,0.000,0.941
824500,0.056,0.000,0.944
825000,0.127,0.000,0.873
825500,0.050,0.000,0.950
826000,0.053,0.000,0.947
826500,0.063,0.000,0.937
827000,0.063,0.000,0.937
827500,0.050,0.000,0.950
828000,0.089,0.000,0.911
828500,0.054,0.000,0.946
829000,0.078,0.000,0.922
829500,0.068,0.000,0.932
830000,0.065,0.000,0.935
830500,0.063,0.000,0.937
831000,0.082,0.000,0.918
831500,0.052,0.000,0.948
832000,0.054,0.000,0.946
832500,0.050,0.000,0.950
833000,0.051,0.000,0.949
833500,0.051,0.000,0.949
834000,0.060,0.000,0.940
834500,0.087,0.000,0.913
835000,0.051,0.000,0.949
835500,0.077,0.000,0.923
836000,0.053,0.000,0.947
836500,0.052,0.000,0.948
837000,0.075,0.000,0.925
837500,0.061,0.000,0.939
838000,0.050,0.000,0.950
838500,0.064,0.000,0.936
839000,0.095,0.000,0.905
839500,0.080,0.000,0.920
840000,0.054,0.000,0.946
840500,0.051,0.020,0.929
841000,0.106,0.000,0.894
841500,0.050,0.000,0.950
842000,0.075,0.000,0.925
842500,0.134,0.000,0.866
843000,0.051,0.000,0.949
843500,0.085,0.000,0.915
844000,0.053,0.015,0.932
844500,0.081,0.000,0.919
845000,0.110,0.000,0.890
845500,0.101,0.000,0.899
846000,0.077,0.006,0.917
846500,0.056,0.041,0.903
847000,0.061,0.000,0.939
847500,0.059,0.000,0.941
848000,0.090,0.000,0.910
848500,0.080,0.000,0.920
849000,0.068,0.000,0.932
849500,0.062,0.000,0.938
850000,0.116,0.000,0.884
850500,0.081,0.000,0.919
851000,0.108,0.037,0.855
851500,0.071,0.000,0.929
852000,0.050,0.000,0.950
852500,0.067,0.000,0.933
853000,0.080,0.000,0.920
853500,0.080,0.000,0.920
854000,0.082,0.000,0.918
854500,0.053,0.000,0.947
855000,0.061,0.000,0.939
855500,0.075,0.000,0.925
856000,0.072,0.000,0.928
856500,0.120,0.001,0.879
857000,0.063,0.001,0.936
857500,0.126,0.000,0.874
858000,0.054,0.000,0.946
858500,0.059,0.000,0.941
859000,0.061,0.037,0.902
859500,0.053,0.000,0.947
860000,0.053,0.000,0.947
860500,0.086,0.000,0.914
861000,0.061,0.000,0.939
861500,0.096,0.000,0.904
862000,0.065,0.000,0.935
862500,0.089,0.000,0.911
863000,0.060,0.029,0.911
863500,0.050,0.000,0.950
864000,0.083,0.000,0.917
864500,0.050,0.007,0.943
865000,0.050,0.000,0.950
865500,0.062,0.000,0.938
866000,0.068,0.000,0.932
866500,0.074,0.000,0.926
867000,0.066,0.000,0.934
867500,0.077,0.000,0.923
868000,0.055,0.000,0.945
868500,0.059,0.000,0.941
869000,0.110,0.000,0.890
869500,0.050,0.000,0.950
870000,0.074,0.000,0.926
870500,0.058,0.000,0.942
871000,0.088,0.000,0.912
871500,0.071,0.000,0.929
872000,0.082,0.000,0.918
872500,0.051,0.000,0.949
873000,0.086,0.000,0.914
873500,0.063,0.000,0.937
874000,0.094,0.000,0.906
874500,0.052,0.000,0.948
875000,0.050,0.000,0.950
875500,0.080,0.000,0.920
876000,0.105,0.000,0.895
876500,0.077,0.020,0.903
877000,0.056,0.000,0.944
877500,0.070,0.000,0.930
878000,0.052,0.000,0.948
878500,0.062,0.000,0.938
879000,0.066,0.000,0.934
879500,0.106,0.000,0.894
880000,0.063,0.000,0.937
880500,0.095,0.000,0.905
881000,0.078,0.000,0.922
881500,0.053,0.000,0.947
882000,0.106,0.000,0.894
882500,0.090,0.000,0.910
883000,0.053,0.000,0.947
883500,0.050,0.000,0.950
884000,0.087,0.000,0.913
884500,0.072,0.000,0.928
885000,0.052,0.000,0.948
885500,0.061,0.000,0.939
886000,0.051,0.000,0.949
886500,0.079,0.000,0.921
887000,0.106,0.000,0.894
887500,0.059,0.002,0.939
888000,0.075,0.000,0.925
888500,0.073,0.000,0.927
889000,0.073,0.000,0.927
889500,0.085,0.000,0.915
890000,0.075,0.000,0.925
890500,0.062,0.000,0.938
891000,0.050,0.000,0.950
891500,0.050,0.017,0.933
892000,0.054,0.000,0.946
892500,0.063,0.000,0.937
893000,0.051,0.000,0.949
893500,0.050,0.017,0.933
894000,0.066,0.000,0.934
894500,0.100,0.001,0.899
895000,0.051,0.002,0.947
895500,0.061,0.000,0.939
896000,0.067,0.000,0.933
896500,0.072,0.000,0.928
897000,0.081,0.000,0.919
897500,0.050,0.000,0.950
898000,0.058,0.000,0.942
898500,0.056,0.000,0.944
899000,0.063,0.000,0.937
899500,0.051,0.000,0.949
900000,0.074,0.000,0.926
900500,0.063,0.000,0.937
901000,0.053,0.000,0.947
901500,0.057,0.000,0.943
902000,0.051,0.000,0.949
902500,0.061,0.034,0.905
903000,0.114,0.000,0.886
903500,0.051,0.000,0.949
904000,0.058,0.000,0.942
904500,0.055,0.000,0.945
905000,0.101,0.000,0.899
905500,0.066,0.000,0.934
906000,0.052,0.000,0.948
906500,0.058,0.000,0.942
907000,0.073,0.000,0.927
907500,0.056,0.000,0.944
908000,0.072,0.000,0.928
908500,0.063,0.000,0.937
909000,0.061,0.000,0.939
909500,0.055,0.000,0.945
910000,0.052,0.000,0.948
910500,0.057,0.000,0.943
911000,0.075,0.000,0.925
911500,0.051,0.000,0.949
912000,0.077,0.000,0.923
912500,0.086,0.000,0.914
913000,0.072,0.000,0.928
913500,0.072,0.000,0.928
914000,0.088,0.000,0.912
914500,0.052,0.000,0.948
915000,0.081,0.000,0.919
915500,0.057,0.000,0.943
916000,0.062,0.000,0.938
916500,0.110,0.000,0.890
917000,0.067,0.000,0.933
917500,0.057,0.024,0.919
918000,0.053,0.000,0.947
918500,0.053,0.000,0.947
919000,0.070,0.000,0.930
919500,0.074,0.000,0.926
920000,0.053,0.001,0.946
920500,0.062,0.000,0.938
921000,0.051,0.000,0.949
921500,0.099,0.000,0.901
922000,0.107,0.000,0.893
922500,0.056,0.000,0.944
923000,0.052,0.000,0.948
923500,0.050,0.000,0.950
924000,0.062,0.000,0.938
924500,0.087,0.000,0.913
925000,0.076,0.000,0.924
925500,0.057,0.015,0.928
926000,0.053,0.000,0.947
926500,0.055,0.000,0.945
927000,0.073,0.000,0.927
927500,0.051,0.000,0.949
928000,0.050,0.010,0.940
928500,0.075,0.000,0.925
929000,0.096,0.000,0.904
929500,0.054,0.000,0.946
930000,0.050,0.000,0.950
930500,0.120,0.000,0.880
931000,0.071,0.000,0.929
931500,0.052,0.000,0.948
932000,0.116,0.000,0.884
932500,0.056,0.000,0.944
933000,0.098,0.000,0.902
933500,0.071,0.000,0.929
934000,0.050,0.007,0.943
934500,0.093,0.000,0.907
935000,0.050,0.000,0.950
935500,0.094,0.000,0.906
936000,0.050,0.000,0.950
936500,0.053,0.001,0.946
937000,0.051,0.000,0.949
937500,0.050,0.000,0.950
938000,0.078,0.000,0.922
938500,0.076,0.000,0.924
939000,0.120,0.000,0.880
939500,0.068,0.000,0.932
940000,0.060,0.000,0.940
940500,0.050,0.000,0.950
941000,0.051,0.027,0.922
941500,0.081,0.000,0.919
942000,0.071,0.000,0.929
942500,0.060,0.000,0.940
943000,0.054,0.000,0.946
943500,0.053,0.000,0.947
944000,0.082,0.000,0.918
944500,0.081,0.000,0.919
945000,0.050,0.000,0.950
945500,0.092,0.000,0.908
946000,0.066,0.000,0.934
946500,0.054,0.000,0.946
947000,0.079,0.000,0.921
947500,0.088,0.000,0.912
948000,0.052,0.000,0.948
948500,0.074,0.000,0.926
949000,0.050,0.000,0.950
949500,0.053,0.000,0.947
950000,0.055,0.000,0.945
950500,0.050,0.002,0.948
951000,0.092,0.000,0.908
951500,0.109,0.000,0.891
952000,0.050,0.000,0.950
952500,0.050,0.000,0.950
953000,0.062,0.000,0.938
953500,0.079,0.000,0.921
954000,0.113,0.000,0.887
954500,0.123,0.000,0.877
955000,0.119,0.000,0.881
955500,0.057,0.000,0.943
956000,0.055,0.000,0.945
956500,0.050,0.012,0.938
957000,0.050,0.000,0.950
957500,0.091,0.000,0.909
958000,0.061,0.000,0.939
958500,0.057,0.000,0.943
959000,0.054,0.000,0.946
959500,0.050,0.000,0.950
960000,0.093,0.000,0.907
960500,0.105,0.000,0.895
961000,0.052,0.000,0.948
961500,0.050,0.000,0.950
962000,0.054,0.010,0.936
962500,0.106,0.001,0.893
963000,0.052,0.000,0.948
963500,0.068,0.000,0.932
964000,0.061,0.003,0.936
964500,0.078,0.001,0.921
965000,0.054,0.000,0.946
965500,0.072,0.000,0.928
966000,0.077,0.000,0.923
966500,0.050,0.000,0.950
967000,0.058,0.000,0.942
967500,0.086,0.000,0.914
968000,0.055,0.000,0.945
968500,0.050,0.018,0.932
969000,0.052,0.000,0.948
969500,0.097,0.000,0.903
970000,0.074,0.000,0.926
970500,0.077,0.000,0.923
971000,0.078,0.000,0.922
971500,0.054,0.000,0.946
972000,0.073,0.000,0.927
972500,0.063,0.000,0.937
973000,0.078,0.001,0.921
973500,0.085,0.000,0.915
974000,0.056,0.000,0.944
974500,0.051,0.001,0.948
975000,0.055,0.009,0.936
975500,0.057,0.000,0.943
976000,0.086,0.000,0.914
976500,0.068,0.000,0.932
977000,0.137,0.000,0.863
977500,0.089,0.000,0.911
978000,0.087,0.000,0.913
978500,0.054,0.000,0.946
979000,0.077,0.000,0.923
979500,0.052,0.000,0.948
980000,0.068,0.001,0.931
980500,0.053,0.000,0.947
981000,0.050,0.000,0.950
981500,0.058,0.000,0.942
982000,0.056,0.000,0.944
982500,0.050,0.000,0.950
983000,0.050,0.000,0.950
983500,0.086,0.035,0.879
984000,0.050,0.000,0.950
984500,0.098,0.000,0.902
985000,0.056,0.000,0.944
985500,0.073,0.000,0.927
986000,0.067,0.017,0.916
986500,0.080,0.000,0.920
987000,0.053,0.000,0.947
987500,0.072,0.000,0.928
988000,0.087,0.000,0.913
988500,0.056,0.000,0.944
989000,0.056,0.000,0.944
989500,0.050,0.008,0.942
990000,0.074,0.000,0.926
990500,0.051,0.000,0.949
991000,0.050,0.005,0.945
991500,0.050,0.000,0.950
992000,0.051,0.000,0.949
992500,0.061,0.000,0.939
993000,0.082,0.000,0.918
993500,0.053,0.000,0.947
994000,0.101,0.000,0.899
994500,0.056,0.000,0.944
995000,0.079,0.000,0.921
995500,0.072,0.000,0.928
996000,0.066,0.000,0.934
996500,0.058,0.000,0.942
997000,0.050,0.000,0.950
997500,0.061,0.000,0.939
998000,0.060,0.000,0.940
998500,0.083,0.000,0.917
999000,0.052,0.000,0.948
999500,0.052,0.000,0.948
1000000,0.052,0.000,0.948
