time,n_A+p,n_B,n_AB
0,0.029,0.971,0.000
500,0.029,0.773,0.198
1000,0.029,0.479,0.492
1500,0.029,0.161,0.810
2000,0.029,0.058,0.913
2500,0.029,0.021,0.950
3000,0.029,0.012,0.959
3500,0.029,0.012,0.959
4000,0.029,0.004,0.967
4500,0.029,0.004,0.967
5000,0.029,0.004,0.967
5500,0.029,0.004,0.967
6000,0.029,0.000,0.971
6500,0.029,0.000,0.971
7000,0.029,0.000,0.971
7500,0.029,0.000,0.971
8000,0.029,0.000,0.971
8500,0.029,0.000,0.971
9000,0.029,0.000,0.971
9500,0.029,0.000,0.971
10000,0.029,0.000,0.971
10500,0.029,0.000,0.971
11000,0.029,0.000,0.971
11500,0.029,0.000,0.971
12000,0.029,0.000,0.971
12500,0.029,0.000,0.971
13000,0.029,0.000,0.971
13500,0.029,0.000,0.971
14000,0.029,0.000,0.971
14500,0.029,0.000,0.971
15000,0.029,0.000,0.971
15500,0.029,0.000,0.971
16000,0.029,0.000,0.971
16500,0.029,0.000,0.971
17000,0.029,0.000,0.971
17500,0.029,0.000,0.971
18000,0.029,0.000,0.971
18500,0.029,0.000,0.971
19000,0.029,0.000,0.971
19500,0.029,0.000,0.971
20000,0.029,0.000,0.971
20500,0.029,0.000,0.971
21000,0.029,0.000,0.971
21500,0.029,0.000,0.971
22000,0.029,0.000,0.971
22500,0.029,0.000,0.971
23000,0.029,0.000,0.971
23500,0.029,0.000,0.971
24000,0.029,0.000,0.971
24500,0.029,0.000,0.971
25000,0.029,0.000,0.971
25500,0.029,0.000,0.971
26000,0.029,0.000,0.971
26500,0.029,0.000,0.971
27000,0.029,0.000,0.971
27500,0.029,0.000,0.971
28000,0.029,0.000,0.971
28500,0.029,0.000,0.971
29000,0.029,0.000,0.971
29500,0.029,0.000,0.971
30000,0.029,0.000,0.971
30500,0.029,0.000,0.971
31000,0.029,0.000,0.971
31500,0.029,0.000,0.971
32000,0.029,0.000,0.971
32500,0.029,0.000,0.971
33000,0.029,0.000,0.971
33500,0.029,0.000,0.971
34000,0.029,0.000,0.971
34500,0.029,0.000,0.971
35000,0.029,0.000,0.971
35500,0.029,0.000,0.971
36000,0.029,0.000,0.971
36500,0.029,0.000,0.971
37000,0.029,0.000,0.971
37500,0.029,0.000,0.971
38000,0.029,0.000,0.971
38500,0.029,0.000,0.971
39000,0.029,0.000,0.971
39500,0.029,0.000,0.971
40000,0.029,0.000,0.971
40500,0.029,0.000,0.971
41000,0.029,0.000,0.971
41500,0.029,0.000,0.971
42000,0.029,0.000,0.971
42500,0.029,0.000,0.971
43000,0.029,0.000,0.971
43500,0.029,0.000,0.971
44000,0.029,0.000,0.971
44500,0.029,0.000,0.971
45000,0.029,0.000,0.971
45500,0.029,0.000,0.971
46000,0.029,0.000,0.971
46500,0.029,0.000,0.971
47000,0.029,0.000,0.971
47500,0.029,0.000,0.971
48000,0.029,0.000,0.971
48500,0.029,0.000,0.971
49000,0.029,0.000,0.971
49500,0.029,0.000,0.971
50000,0.029,0.000,0.971
50500,0.029,0.000,0.971
51000,0.029,0.000,0.971
51500,0.029,0.000,0.971
52000,0.029,0.000,0.971
52500,0.029,0.000,0.971
53000,0.029,0.000,0.971
53500,0.029,0.000,0.971
54000,0.029,0.000,0.971
54500,0.029,0.000,0.971
55000,0.029,0.000,0.971
55500,0.029,0.000,0.971
56000,0.029,0.000,0.971
56500,0.029,0.000,0.971
57000,0.029,0.000,0.971
57500,0.029,0.000,0.971
58000,0.029,0.000,0.971
58500,0.029,0.000,0.971
59000,0.029,0.000,0.971
59500,0.029,0.000,0.971
60000,0.029,0.000,0.971
60500,0.029,0.000,0.971
61000,0.029,0.000,0.971
61500,0.029,0.000,0.971
62000,0.029,0.000,0.971
62500,0.029,0.000,0.971
63000,0.029,0.000,0.971
63500,0.029,0.000,0.971
64000,0.029,0.000,0.971
64500,0.029,0.000,0.971
65000,0.029,0.000,0.971
65500,0.029,0.000,0.971
66000,0.029,0.000,0.971
66500,0.029,0.000,0.971
67000,0.029,0.000,0.971
67500,0.029,0.000,0.971
68000,0.029,0.000,0.971
68500,0.029,0.000,0.971
69000,0.029,0.000,0.971
69500,0.029,0.000,0.971
70000,0.029,0.000,0.971
70500,0.029,0.000,0.971
71000,0.029,0.000,0.971
71500,0.029,0.000,0.971
72000,0.029,0.000,0.971
72500,0.029,0.000,0.971
73000,0.029,0.000,0.971
73500,0.029,0.000,0.971
74000,0.029,0.000,0.971
74500,0.029,0.000,0.971
75000,0.029,0.000,0.971
75500,0.029,0.000,0.971
76000,0.029,0.000,0.971
76500,0.029,0.000,0.971
77000,0.029,0.000,0.971
77500,0.029,0.000,0.971
78000,0.029,0.000,0.971
78500,0.029,0.000,0.971
79000,0.029,0.000,0.971
79500,0.029,0.000,0.971
80000,0.029,0.000,0.971
80500,0.029,0.000,0.971
81000,0.029,0.000,0.971
81500,0.029,0.000,0.971
82000,0.029,0.000,0.971
82500,0.029,0.000,0.971
83000,0.029,0.000,0.971
83500,0.029,0.000,0.971
84000,0.029,0.000,0.971
84500,0.029,0.000,0.971
85000,0.029,0.000,0.971
85500,0.029,0.000,0.971
86000,0.029,0.000,0.971
86500,0.029,0.000,0.971
87000,0.029,0.000,0.971
87500,0.029,0.000,0.971
88000,0.029,0.000,0.971
88500,0.029,0.000,0.971
89000,0.029,0.000,0.971
89500,0.029,0.000,0.971
90000,0.029,0.000,0.971
90500,0.029,0.000,0.971
91000,0.029,0.000,0.971
91500,0.029,0.000,0.971
92000,0.029,0.000,0.971
92500,0.029,0.000,0.971
93000,0.029,0.000,0.971
93500,0.029,0.000,0.971
94000,0.029,0.000,0.971
94500,0.029,0.000,0.971
95000,0.029,0.000,0.971
95500,0.029,0.000,0.971
96000,0.029,0.000,0.971
96500,0.029,0.000,0.971
97000,0.029,0.000,0.971
97500,0.029,0.000,0.971
98000,0.029,0.000,0.971
98500,0.029,0.000,0.971
99000,0.029,0.000,0.971
99500,0.029,0.000,0.971
100000,0.029,0.000,0.971
100500,0.029,0.000,0.971
101000,0.029,0.000,0.971
101500,0.029,0.000,0.971
102000,0.029,0.000,0.971
102500,0.029,0.000,0.971
103000,0.029,0.000,0.971
103500,0.029,0.000,0.971
104000,0.029,0.000,0.971
104500,0.029,0.000,0.971
105000,0.029,0.000,0.971
105500,0.029,0.000,0.971
106000,0.029,0.000,0.971
106500,0.029,0.000,0.971
107000,0.029,0.000,0.971
107500,0.029,0.000,0.971
108000,0.029,0.000,0.971
108500,0.029,0.000,0.971
109000,0.029,0.000,0.971
109500,0.029,0.000,0.971
110000,0.029,0.000,0.971
110500,0.029,0.000,0.971
111000,0.029,0.000,0.971
111500,0.029,0.000,0.971
112000,0.029,0.000,0.971
112500,0.029,0.000,0.971
113000,0.029,0.000,0.971
113500,0.029,0.000,0.971
114000,0.029,0.000,0.971
114500,0.029,0.000,0.971
115000,0.029,0.000,0.971
115500,0.029,0.000,0.971
116000,0.029,0.000,0.971
116500,0.029,0.000,0.971
117000,0.029,0.000,0.971
117500,0.029,0.000,0.971
118000,0.029,0.000,0.971
118500,0.029,0.000,0.971
119000,0.029,0.000,0.971
119500,0.029,0.000,0.971
120000,0.029,0.000,0.971
120500,0.029,0.000,0.971
121000,0.029,0.000,0.971
121500,0.029,0.000,0.971
122000,0.029,0.000,0.971
122500,0.029,0.000,0.971
123000,0.029,0.000,0.971
123500,0.029,0.000,0.971
124000,0.029,0.000,0.971
124500,0.029,0.000,0.971
125000,0.029,0.000,0.971
125500,0.029,0.000,0.971
126000,0.029,0.000,0.971
126500,0.029,0.000,0.971
127000,0.029,0.000,0.971
127500,0.029,0.000,0.971
128000,0.029,0.000,0.971
128500,0.029,0.000,0.971
129000,0.029,0.000,0.971
129500,0.029,0.000,0.971
130000,0.029,0.000,0.971
130500,0.029,0.000,0.971
131000,0.029,0.000,0.971
131500,0.029,0.000,0.971
132000,0.029,0.000,0.971
132500,0.029,0.000,0.971
133000,0.029,0.000,0.971
133500,0.029,0.000,0.971
134000,0.029,0.000,0.971
134500,0.029,0.000,0.971
135000,0.029,0.000,0.971
135500,0.029,0.000,0.971
136000,0.029,0.000,0.971
136500,0.029,0.000,0.971
137000,0.029,0.000,0.971
137500,0.029,0.000,0.971
138000,0.029,0.000,0.971
138500,0.029,0.000,0.971
139000,0.029,0.000,0.971
139500,0.029,0.000,0.971
140000,0.029,0.000,0.971
140500,0.029,0.000,0.971
141000,0.029,0.000,0.971
141500,0.029,0.000,0.971
142000,0.029,0.000,0.971
142500,0.029,0.000,0.971
143000,0.029,0.000,0.971
143500,0.029,0.000,0.971
144000,0.029,0.000,0.971
144500,0.029,0.000,0.971
145000,0.029,0.000,0.971
145500,0.029,0.000,0.971
146000,0.029,0.000,0.971
146500,0.029,0.000,0.971
147000,0.029,0.000,0.971
147500,0.029,0.000,0.971
148000,0.029,0.000,0.971
148500,0.029,0.000,0.971
149000,0.029,0.000,0.971
149500,0.029,0.000,0.971
150000,0.029,0.000,0.971
150500,0.029,0.000,0.971
151000,0.029,0.000,0.971
151500,0.029,0.000,0.971
152000,0.029,0.000,0.971
152500,0.029,0.000,0.971
153000,0.029,0.000,0.971
153500,0.029,0.000,0.971
154000,0.029,0.000,0.971
154500,0.029,0.000,0.971
155000,0.029,0.000,0.971
155500,0.029,0.000,0.971
156000,0.029,0.000,0.971
156500,0.029,0.000,0.971
157000,0.029,0.000,0.971
157500,0.029,0.000,0.971
158000,0.029,0.000,0.971
158500,0.029,0.000,0.971
159000,0.029,0.000,0.971
159500,0.029,0.000,0.971
160000,0.029,0.000,0.971
160500,0.029,0.000,0.971
161000,0.029,0.000,0.971
161500,0.029,0.000,0.971
162000,0.029,0.000,0.971
162500,0.029,0.000,0.971
163000,0.029,0.000,0.971
163500,0.029,0.000,0.971
164000,0.029,0.000,0.971
164500,0.029,0.000,0.971
165000,0.029,0.000,0.971
165500,0.029,0.000,0.971
166000,0.029,0.000,0.971
166500,0.029,0.000,0.971
167000,0.029,0.000,0.971
167500,0.029,0.000,0.971
168000,0.029,0.000,0.971
168500,0.029,0.000,0.971
169000,0.029,0.000,0.971
169500,0.029,0.000,0.971
170000,0.029,0.000,0.971
170500,0.029,0.000,0.971
171000,0.029,0.000,0.971
171500,0.029,0.000,0.971
172000,0.029,0.000,0.971
172500,0.029,0.000,0.971
173000,0.029,0.000,0.971
173500,0.029,0.000,0.971
174000,0.029,0.000,0.971
174500,0.029,0.000,0.971
175000,0.029,0.000,0.971
175500,0.029,0.000,0.971
176000,0.029,0.000,0.971
176500,0.029,0.000,0.971
177000,0.029,0.000,0.971
177500,0.029,0.000,0.971
178000,0.029,0.000,0.971
178500,0.029,0.000,0.971
179000,0.029,0.000,0.971
179500,0.029,0.000,0.971
180000,0.029,0.000,0.971
180500,0.029,0.000,0.971
181000,0.029,0.000,0.971
181500,0.029,0.000,0.971
182000,0.029,0.000,0.971
182500,0.029,0.000,0.971
183000,0.029,0.000,0.971
183500,0.029,0.000,0.971
184000,0.029,0.000,0.971
184500,0.029,0.000,0.971
185000,0.029,0.000,0.971
185500,0.029,0.000,0.971
186000,0.029,0.000,0.971
186500,0.029,0.000,0.971
187000,0.029,0.000,0.971
187500,0.029,0.000,0.971
188000,0.029,0.000,0.971
188500,0.029,0.000,0.971
189000,0.029,0.000,0.971
189500,0.029,0.000,0.971
190000,0.029,0.000,0.971
190500,0.029,0.000,0.971
191000,0.029,0.000,0.971
191500,0.029,0.000,0.971
192000,0.029,0.000,0.971
192500,0.029,0.000,0.971
193000,0.029,0.000,0.971
193500,0.029,0.000,0.971
194000,0.029,0.000,0.971
194500,0.029,0.000,0.971
195000,0.029,0.000,0.971
195500,0.029,0.000,0.971
196000,0.029,0.000,0.971
196500,0.029,0.000,0.971
197000,0.029,0.000,0.971
197500,0.029,0.000,0.971
198000,0.029,0.000,0.971
198500,0.029,0.000,0.971
199000,0.029,0.000,0.971
199500,0.029,0.000,0.971
200000,0.029,0.000,0.971
200500,0.029,0.000,0.971
201000,0.029,0.000,0.971
201500,0.029,0.000,0.971
202000,0.029,0.000,0.971
202500,0.029,0.000,0.971
203000,0.029,0.000,0.971
203500,0.029,0.000,0.971
204000,0.029,0.000,0.971
204500,0.029,0.000,0.971
205000,0.029,0.000,0.971
205500,0.029,0.000,0.971
206000,0.029,0.000,0.971
206500,0.029,0.000,0.971
207000,0.029,0.000,0.971
207500,0.029,0.000,0.971
208000,0.029,0.000,0.971
208500,0.029,0.000,0.971
209000,0.029,0.000,0.971
209500,0.029,0.000,0.971
210000,0.029,0.000,0.971
210500,0.029,0.000,0.971
211000,0.029,0.000,0.971
211500,0.029,0.000,0.971
212000,0.029,0.000,0.971
212500,0.029,0.000,0.971
213000,0.029,0.000,0.971
213500,0.029,0.000,0.971
214000,0.029,0.000,0.971
214500,0.029,0.000,0.971
215000,0.029,0.000,0.971
215500,0.029,0.000,0.971
216000,0.029,0.000,0.971
216500,0.029,0.000,0.971
217000,0.029,0.000,0.971
217500,0.029,0.000,0.971
218000,0.029,0.000,0.971
218500,0.029,0.000,0.971
219000,0.029,0.000,0.971
219500,0.029,0.000,0.971
220000,0.029,0.000,0.971
220500,0.029,0.000,0.971
221000,0.029,0.000,0.971
221500,0.029,0.000,0.971
222000,0.029,0.000,0.971
222500,0.029,0.000,0.971
223000,0.029,0.000,0.971
223500,0.029,0.000,0.971
224000,0.029,0.000,0.971
224500,0.029,0.000,0.971
225000,0.029,0.000,0.971
225500,0.029,0.000,0.971
226000,0.029,0.000,0.971
226500,0.029,0.000,0.971
227000,0.029,0.000,0.971
227500,0.029,0.000,0.971
228000,0.029,0.000,0.971
228500,0.029,0.000,0.971
229000,0.029,0.000,0.971
229500,0.029,0.000,0.971
230000,0.029,0.000,0.971
230500,0.029,0.000,0.971
231000,0.029,0.000,0.971
231500,0.029,0.000,0.971
232000,0.029,0.000,0.971
232500,0.029,0.000,0.971
233000,0.029,0.000,0.971
233500,0.029,0.000,0.971
234000,0.029,0.000,0.971
234500,0.029,0.000,0.971
235000,0.029,0.000,0.971
235500,0.029,0.000,0.971
236000,0.029,0.000,0.971
236500,0.029,0.000,0.971
237000,0.029,0.000,0.971
237500,0.029,0.000,0.971
238000,0.029,0.000,0.971
238500,0.029,0.000,0.971
239000,0.029,0.000,0.971
239500,0.029,0.000,0.971
240000,0.029,0.000,0.971
240500,0.029,0.000,0.971
241000,0.029,0.000,0.971
241500,0.029,0.000,0.971
242000,0.029,0.000,0.971
242500,0.029,0.000,0.971
243000,0.029,0.000,0.971
243500,0.029,0.000,0.971
244000,0.029,0.000,0.971
244500,0.029,0.000,0.971
245000,0.029,0.000,0.971
245500,0.029,0.000,0.971
246000,0.029,0.000,0.971
246500,0.029,0.000,0.971
247000,0.029,0.000,0.971
247500,0.029,0.000,0.971
248000,0.029,0.000,0.971
248500,0.029,0.000,0.971
249000,0.029,0.000,0.971
249500,0.029,0.000,0.971
250000,0.029,0.000,0.971
250500,0.029,0.000,0.971
251000,0.029,0.000,0.971
251500,0.029,0.000,0.971
252000,0.029,0.000,0.971
252500,0.029,0.000,0.971
253000,0.029,0.000,0.971
253500,0.029,0.000,0.971
254000,0.029,0.000,0.971
254500,0.029,0.000,0.971
255000,0.029,0.000,0.971
255500,0.029,0.000,0.971
256000,0.029,0.000,0.971
256500,0.029,0.000,0.971
257000,0.029,0.000,0.971
257500,0.029,0.000,0.971
258000,0.029,0.000,0.971
258500,0.029,0.000,0.971
259000,0.029,0.000,0.971
259500,0.029,0.000,0.971
260000,0.029,0.000,0.971
260500,0.029,0.000,0.971
261000,0.029,0.000,0.971
261500,0.029,0.000,0.971
262000,0.029,0.000,0.971
262500,0.029,0.000,0.971
263000,0.029,0.000,0.971
263500,0.029,0.000,0.971
264000,0.029,0.000,0.971
264500,0.029,0.000,0.971
265000,0.029,0.000,0.971
265500,0.029,0.000,0.971
266000,0.029,0.000,0.971
266500,0.029,0.000,0.971
267000,0.029,0.000,0.971
267500,0.029,0.000,0.971
268000,0.029,0.000,0.971
268500,0.029,0.000,0.971
269000,0.029,0.000,0.971
269500,0.029,0.000,0.971
270000,0.029,0.000,0.971
270500,0.029,0.000,0.971
271000,0.029,0.000,0.971
271500,0.029,0.000,0.971
272000,0.029,0.000,0.971
272500,0.029,0.000,0.971
273000,0.029,0.000,0.971
273500,0.029,0.000,0.971
274000,0.029,0.000,0.971
274500,0.029,0.000,0.971
275000,0.029,0.000,0.971
275500,0.029,0.000,0.971
276000,0.029,0.000,0.971
276500,0.029,0.000,0.971
277000,0.029,0.000,0.971
277500,0.029,0.000,0.971
278000,0.029,0.000,0.971
278500,0.029,0.000,0.971
279000,0.029,0.000,0.971
279500,0.029,0.000,0.971
280000,0.029,0.000,0.971
280500,0.029,0.000,0.971
281000,0.029,0.000,0.971
281500,0.029,0.000,0.971
282000,0.029,0.000,0.971
282500,0.029,0.000,0.971
283000,0.029,0.000,0.971
283500,0.029,0.000,0.971
284000,0.029,0.000,0.971
284500,0.029,0.000,0.971
285000,0.029,0.000,0.971
285500,0.029,0.000,0.971
286000,0.029,0.000,0.971
286500,0.029,0.000,0.971
287000,0.029,0.000,0.971
287500,0.029,0.000,0.971
288000,0.029,0.000,0.971
288500,0.029,0.000,0.971
289000,0.029,0.000,0.971
289500,0.029,0.000,0.971
290000,0.029,0.000,0.971
290500,0.029,0.000,0.971
291000,0.029,0.000,0.971
291500,0.029,0.000,0.971
292000,0.029,0.000,0.971
292500,0.029,0.000,0.971
293000,0.029,0.000,0.971
293500,0.029,0.000,0.971
294000,0.029,0.000,0.971
294500,0.029,0.000,0.971
295000,0.029,0.000,0.971
295500,0.029,0.000,0.971
296000,0.029,0.000,0.971
296500,0.029,0.000,0.971
297000,0.029,0.000,0.971
297500,0.029,0.000,0.971
298000,0.029,0.000,0.971
298500,0.029,0.000,0.971
299000,0.029,0.000,0.971
299500,0.029,0.000,0.971
300000,0.029,0.000,0.971
300500,0.029,0.000,0.971
301000,0.029,0.000,0.971
301500,0.029,0.000,0.971
302000,0.029,0.000,0.971
302500,0.029,0.000,0.971
303000,0.029,0.000,0.971
303500,0.029,0.000,0.971
304000,0.029,0.000,0.971
304500,0.029,0.000,0.971
305000,0.029,0.000,0.971
305500,0.029,0.000,0.971
306000,0.029,0.000,0.971
306500,0.029,0.000,0.971
307000,0.029,0.000,0.971
307500,0.029,0.000,0.971
308000,0.029,0.000,0.971
308500,0.029,0.000,0.971
309000,0.029,0.000,0.971
309500,0.029,0.000,0.971
310000,0.029,0.000,0.971
310500,0.029,0.000,0.971
311000,0.029,0.000,0.971
311500,0.029,0.000,0.971
312000,0.029,0.000,0.971
312500,0.029,0.000,0.971
313000,0.029,0.000,0.971
313500,0.029,0.000,0.971
314000,0.029,0.000,0.971
314500,0.029,0.000,0.971
315000,0.029,0.000,0.971
315500,0.029,0.000,0.971
316000,0.029,0.000,0.971
316500,0.029,0.000,0.971
317000,0.029,0.000,0.971
317500,0.029,0.000,0.971
318000,0.029,0.000,0.971
318500,0.029,0.000,0.971
319000,0.029,0.000,0.971
319500,0.029,0.000,0.971
320000,0.029,0.000,0.971
320500,0.029,0.000,0.971
321000,0.029,0.000,0.971
321500,0.029,0.000,0.971
322000,0.029,0.000,0.971
322500,0.029,0.000,0.971
323000,0.029,0.000,0.971
323500,0.029,0.000,0.971
324000,0.029,0.000,0.971
324500,0.029,0.000,0.971
325000,0.029,0.000,0.971
325500,0.029,0.000,0.971
326000,0.029,0.000,0.971
326500,0.029,0.000,0.971
327000,0.029,0.000,0.971
327500,0.029,0.000,0.971
328000,0.029,0.000,0.971
328500,0.029,0.000,0.971
329000,0.029,0.000,0.971
329500,0.029,0.000,0.971
330000,0.029,0.000,0.971
330500,0.029,0.000,0.971
331000,0.029,0.000,0.971
331500,0.029,0.000,0.971
332000,0.029,0.000,0.971
332500,0.029,0.000,0.971
333000,0.029,0.000,0.971
333500,0.029,0.000,0.971
334000,0.029,0.000,0.971
334500,0.029,0.000,0.971
335000,0.029,0.000,0.971
335500,0.029,0.000,0.971
336000,0.029,0.000,0.971
336500,0.029,0.000,0.971
337000,0.029,0.000,0.971
337500,0.029,0.000,0.971
338000,0.029,0.000,0.971
338500,0.029,0.000,0.971
339000,0.029,0.000,0.971
339500,0.029,0.000,0.971
340000,0.029,0.000,0.971
340500,0.029,0.000,0.971
341000,0.029,0.000,0.971
341500,0.029,0.000,0.971
342000,0.029,0.000,0.971
342500,0.029,0.000,0.971
343000,0.029,0.000,0.971
343500,0.029,0.000,0.971
344000,0.029,0.000,0.971
344500,0.029,0.000,0.971
345000,0.029,0.000,0.971
345500,0.029,0.000,0.971
346000,0.029,0.000,0.971
346500,0.029,0.000,0.971
347000,0.029,0.000,0.971
347500,0.029,0.000,0.971
348000,0.029,0.000,0.971
348500,0.029,0.000,0.971
349000,0.029,0.000,0.971
349500,0.029,0.000,0.971
350000,0.029,0.000,0.971
350500,0.029,0.000,0.971
351000,0.029,0.000,0.971
351500,0.029,0.000,0.971
352000,0.029,0.000,0.971
352500,0.029,0.000,0.971
353000,0.029,0.000,0.971
353500,0.029,0.000,0.971
354000,0.029,0.000,0.971
354500,0.029,0.000,0.971
355000,0.029,0.000,0.971
355500,0.029,0.000,0.971
356000,0.029,0.000,0.971
356500,0.029,0.000,0.971
357000,0.029,0.000,0.971
357500,0.029,0.000,0.971
358000,0.029,0.000,0.971
358500,0.029,0.000,0.971
359000,0.029,0.000,0.971
359500,0.029,0.000,0.971
360000,0.029,0.000,0.971
360500,0.029,0.000,0.971
361000,0.029,0.000,0.971
361500,0.029,0.000,0.971
362000,0.029,0.000,0.971
362500,0.029,0.000,0.971
363000,0.029,0.000,0.971
363500,0.029,0.000,0.971
364000,0.029,0.000,0.971
364500,0.029,0.000,0.971
365000,0.029,0.000,0.971
365500,0.029,0.000,0.971
366000,0.029,0.000,0.971
366500,0.029,0.000,0.971
367000,0.029,0.000,0.971
367500,0.029,0.000,0.971
368000,0.029,0.000,0.971
368500,0.029,0.000,0.971
369000,0.029,0.000,0.971
369500,0.029,0.000,0.971
370000,0.029,0.000,0.971
370500,0.029,0.000,0.971
371000,0.029,0.000,0.971
371500,0.029,0.000,0.971
372000,0.029,0.000,0.971
372500,0.029,0.000,0.971
373000,0.029,0.000,0.971
373500,0.029,0.000,0.971
374000,0.029,0.000,0.971
374500,0.029,0.000,0.971
375000,0.029,0.000,0.971
375500,0.029,0.000,0.971
376000,0.029,0.000,0.971
376500,0.029,0.000,0.971
377000,0.029,0.000,0.971
377500,0.029,0.000,0.971
378000,0.029,0.000,0.971
378500,0.029,0.000,0.971
379000,0.029,0.000,0.971
379500,0.029,0.000,0.971
380000,0.029,0.000,0.971
380500,0.029,0.000,0.971
381000,0.029,0.000,0.971
381500,0.029,0.000,0.971
382000,0.029,0.000,0.971
382500,0.029,0.000,0.971
383000,0.029,0.000,0.971
383500,0.029,0.000,0.971
384000,0.029,0.000,0.971
384500,0.029,0.000,0.971
385000,0.029,0.000,0.971
385500,0.029,0.000,0.971
386000,0.029,0.000,0.971
386500,0.029,0.000,0.971
387000,0.029,0.000,0.971
387500,0.029,0.000,0.971
388000,0.029,0.000,0.971
388500,0.029,0.000,0.971
389000,0.029,0.000,0.971
389500,0.029,0.000,0.971
390000,0.029,0.000,0.971
390500,0.029,0.000,0.971
391000,0.029,0.000,0.971
391500,0.029,0.000,0.971
392000,0.029,0.000,0.971
392500,0.029,0.000,0.971
393000,0.029,0.000,0.971
393500,0.029,0.000,0.971
394000,0.029,0.000,0.971
394500,0.029,0.000,0.971
395000,0.029,0.000,0.971
395500,0.029,0.000,0.971
396000,0.029,0.000,0.971
396500,0.029,0.000,0.971
397000,0.029,0.000,0.971
397500,0.029,0.000,0.971
398000,0.029,0.000,0.971
398500,0.029,0.000,0.971
399000,0.029,0.000,0.971
399500,0.029,0.000,0.971
400000,0.029,0.000,0.971
400500,0.029,0.000,0.971
401000,0.029,0.000,0.971
401500,0.029,0.000,0.971
402000,0.029,0.000,0.971
402500,0.029,0.000,0.971
403000,0.029,0.000,0.971
403500,0.029,0.000,0.971
404000,0.029,0.000,0.971
404500,0.029,0.000,0.971
405000,0.029,0.000,0.971
405500,0.029,0.000,0.971
406000,0.029,0.000,0.971
406500,0.029,0.000,0.971
407000,0.029,0.000,0.971
407500,0.029,0.000,0.971
408000,0.029,0.000,0.971
408500,0.029,0.000,0.971
409000,0.029,0.000,0.971
409500,0.029,0.000,0.971
410000,0.029,0.000,0.971
410500,0.029,0.000,0.971
411000,0.029,0.000,0.971
411500,0.029,0.000,0.971
412000,0.029,0.000,0.971
412500,0.029,0.000,0.971
413000,0.029,0.000,0.971
413500,0.029,0.000,0.971
414000,0.029,0.000,0.971
414500,0.029,0.000,0.971
415000,0.029,0.000,0.971
415500,0.029,0.000,0.971
416000,0.029,0.000,0.971
416500,0.029,0.000,0.971
417000,0.029,0.000,0.971
417500,0.029,0.000,0.971
418000,0.029,0.000,0.971
418500,0.029,0.000,0.971
419000,0.029,0.000,0.971
419500,0.029,0.000,0.971
420000,0.029,0.000,0.971
420500,0.029,0.000,0.971
421000,0.029,0.000,0.971
421500,0.029,0.000,0.971
422000,0.029,0.000,0.971
422500,0.029,0.000,0.971
423000,0.029,0.000,0.971
423500,0.029,0.000,0.971
424000,0.029,0.000,0.971
424500,0.029,0.000,0.971
425000,0.029,0.000,0.971
425500,0.029,0.000,0.971
426000,0.029,0.000,0.971
426500,0.029,0.000,0.971
427000,0.029,0.000,0.971
427500,0.029,0.000,0.971
428000,0.029,0.000,0.971
428500,0.029,0.000,0.971
429000,0.029,0.000,0.971
429500,0.029,0.000,0.971
430000,0.029,0.000,0.971
430500,0.029,0.000,0.971
431000,0.029,0.000,0.971
431500,0.029,0.000,0.971
432000,0.029,0.000,0.971
432500,0.029,0.000,0.971
433000,0.029,0.000,0.971
433500,0.029,0.000,0.971
434000,0.029,0.000,0.971
434500,0.029,0.000,0.971
435000,0.029,0.000,0.971
435500,0.029,0.000,0.971
436000,0.029,0.000,0.971
436500,0.029,0.000,0.971
437000,0.029,0.000,0.971
437500,0.029,0.000,0.971
438000,0.029,0.000,0.971
438500,0.029,0.000,0.971
439000,0.029,0.000,0.971
439500,0.029,0.000,0.971
440000,0.029,0.000,0.971
440500,0.029,0.000,0.971
441000,0.029,0.000,0.971
441500,0.029,0.000,0.971
442000,0.029,0.000,0.971
442500,0.029,0.000,0.971
443000,0.029,0.000,0.971
443500,0.029,0.000,0.971
444000,0.029,0.000,0.971
444500,0.029,0.000,0.971
445000,0.029,0.000,0.971
445500,0.029,0.000,0.971
446000,0.029,0.000,0.971
446500,0.029,0.000,0.971
447000,0.029,0.000,0.971
447500,0.029,0.000,0.971
448000,0.029,0.000,0.971
448500,0.029,0.000,0.971
449000,0.029,0.000,0.971
449500,0.029,0.000,0.971
450000,0.029,0.000,0.971
450500,0.029,0.000,0.971
451000,0.029,0.000,0.971
451500,0.029,0.000,0.971
452000,0.029,0.000,0.971
452500,0.029,0.000,0.971
453000,0.029,0.000,0.971
453500,0.029,0.000,0.971
454000,0.029,0.000,0.971
454500,0.029,0.000,0.971
455000,0.029,0.000,0.971
455500,0.029,0.000,0.971
456000,0.029,0.000,0.971
456500,0.029,0.000,0.971
457000,0.029,0.000,0.971
457500,0.029,0.000,0.971
458000,0.029,0.000,0.971
458500,0.029,0.000,0.971
459000,0.029,0.000,0.971
459500,0.029,0.000,0.971
460000,0.029,0.000,0.971
460500,0.029,0.000,0.971
461000,0.029,0.000,0.971
461500,0.029,0.000,0.971
462000,0.029,0.000,0.971
462500,0.029,0.000,0.971
463000,0.029,0.000,0.971
463500,0.029,0.000,0.971
464000,0.029,0.000,0.971
464500,0.029,0.000,0.971
465000,0.029,0.000,0.971
465500,0.029,0.000,0.971
466000,0.029,0.000,0.971
466500,0.029,0.000,0.971
467000,0.029,0.000,0.971
467500,0.029,0.000,0.971
468000,0.029,0.000,0.971
468500,0.029,0.000,0.971
469000,0.029,0.000,0.971
469500,0.029,0.000,0.971
470000,0.029,0.000,0.971
470500,0.029,0.000,0.971
471000,0.029,0.000,0.971
471500,0.029,0.000,0.971
472000,0.029,0.000,0.971
472500,0.029,0.000,0.971
473000,0.029,0.000,0.971
473500,0.029,0.000,0.971
474000,0.029,0.000,0.971
474500,0.029,0.000,0.971
475000,0.029,0.000,0.971
475500,0.029,0.000,0.971
476000,0.029,0.000,0.971
476500,0.029,0.000,0.971
477000,0.029,0.000,0.971
477500,0.029,0.000,0.971
478000,0.029,0.000,0.971
478500,0.029,0.000,0.971
479000,0.029,0.000,0.971
479500,0.029,0.000,0.971
480000,0.029,0.000,0.971
480500,0.029,0.000,0.971
481000,0.029,0.000,0.971
481500,0.029,0.000,0.971
482000,0.029,0.000,0.971
482500,0.029,0.000,0.971
483000,0.029,0.000,0.971
483500,0.029,0.000,0.971
484000,0.029,0.000,0.971
484500,0.029,0.000,0.971
485000,0.029,0.000,0.971
485500,0.029,0.000,0.971
486000,0.029,0.000,0.971
486500,0.029,0.000,0.971
487000,0.029,0.000,0.971
487500,0.029,0.000,0.971
488000,0.029,0.000,0.971
488500,0.029,0.000,0.971
489000,0.029,0.000,0.971
489500,0.029,0.000,0.971
490000,0.029,0.000,0.971
490500,0.029,0.000,0.971
491000,0.029,0.000,0.971
491500,0.029,0.000,0.971
492000,0.029,0.000,0.971
492500,0.029,0.000,0.971
493000,0.029,0.000,0.971
493500,0.029,0.000,0.971
494000,0.029,0.000,0.971
494500,0.029,0.000,0.971
495000,0.029,0.000,0.971
495500,0.029,0.000,0.971
496000,0.029,0.000,0.971
496500,0.029,0.000,0.971
497000,0.029,0.000,0.971
497500,0.029,0.000,0.971
498000,0.029,0.000,0.971
498500,0.029,0.000,0.971
499000,0.029,0.000,0.971
499500,0.029,0.000,0.971
500000,0.029,0.000,0.971
500500,0.029,0.000,0.971
501000,0.029,0.000,0.971
501500,0.029,0.000,0.971
502000,0.029,0.000,0.971
502500,0.029,0.000,0.971
503000,0.029,0.000,0.971
503500,0.029,0.000,0.971
504000,0.029,0.000,0.971
504500,0.029,0.000,0.971
505000,0.029,0.000,0.971
505500,0.029,0.000,0.971
506000,0.029,0.000,0.971
506500,0.029,0.000,0.971
507000,0.029,0.000,0.971
507500,0.029,0.000,0.971
508000,0.029,0.000,0.971
508500,0.029,0.000,0.971
509000,0.029,0.000,0.971
509500,0.029,0.000,0.971
510000,0.029,0.000,0.971
510500,0.029,0.000,0.971
511000,0.029,0.000,0.971
511500,0.029,0.000,0.971
512000,0.029,0.000,0.971
512500,0.029,0.000,0.971
513000,0.029,0.000,0.971
513500,0.029,0.000,0.971
514000,0.029,0.000,0.971
514500,0.029,0.000,0.971
515000,0.029,0.000,0.971
515500,0.029,0.000,0.971
516000,0.029,0.000,0.971
516500,0.029,0.000,0.971
517000,0.029,0.000,0.971
517500,0.029,0.000,0.971
518000,0.029,0.000,0.971
518500,0.029,0.000,0.971
519000,0.029,0.000,0.971
519500,0.029,0.000,0.971
520000,0.029,0.000,0.971
520500,0.029,0.000,0.971
521000,0.029,0.000,0.971
521500,0.029,0.000,0.971
522000,0.029,0.000,0.971
522500,0.029,0.000,0.971
523000,0.029,0.000,0.971
523500,0.029,0.000,0.971
524000,0.029,0.000,0.971
524500,0.029,0.000,0.971
525000,0.029,0.000,0.971
525500,0.029,0.000,0.971
526000,0.029,0.000,0.971
526500,0.029,0.000,0.971
527000,0.029,0.000,0.971
527500,0.029,0.000,0.971
528000,0.029,0.000,0.971
528500,0.029,0.000,0.971
529000,0.029,0.000,0.971
529500,0.029,0.000,0.971
530000,0.029,0.000,0.971
530500,0.029,0.000,0.971
531000,0.029,0.000,0.971
531500,0.029,0.000,0.971
532000,0.029,0.000,0.971
532500,0.029,0.000,0.971
533000,0.029,0.000,0.971
533500,0.029,0.000,0.971
534000,0.029,0.000,0.971
534500,0.029,0.000,0.971
535000,0.029,0.000,0.971
535500,0.029,0.000,0.971
536000,0.029,0.000,0.971
536500,0.029,0.000,0.971
537000,0.029,0.000,0.971
537500,0.029,0.000,0.971
538000,0.029,0.000,0.971
538500,0.029,0.000,0.971
539000,0.029,0.000,0.971
539500,0.029,0.000,0.971
540000,0.029,0.000,0.971
540500,0.029,0.000,0.971
541000,0.029,0.000,0.971
541500,0.029,0.000,0.971
542000,0.029,0.000,0.971
542500,0.029,0.000,0.971
543000,0.029,0.000,0.971
543500,0.029,0.000,0.971
544000,0.029,0.000,0.971
544500,0.029,0.000,0.971
545000,0.029,0.000,0.971
545500,0.029,0.000,0.971
546000,0.029,0.000,0.971
546500,0.029,0.000,0.971
547000,0.029,0.000,0.971
547500,0.029,0.000,0.971
548000,0.029,0.000,0.971
548500,0.029,0.000,0.971
549000,0.029,0.000,0.971
549500,0.029,0.000,0.971
550000,0.029,0.000,0.971
550500,0.029,0.000,0.971
551000,0.029,0.000,0.971
551500,0.029,0.000,0.971
552000,0.029,0.000,0.971
552500,0.029,0.000,0.971
553000,0.029,0.000,0.971
553500,0.029,0.000,0.971
554000,0.029,0.000,0.971
554500,0.029,0.000,0.971
555000,0.029,0.000,0.971
555500,0.029,0.000,0.971
556000,0.029,0.000,0.971
556500,0.029,0.000,0.971
557000,0.029,0.000,0.971
557500,0.029,0.000,0.971
558000,0.029,0.000,0.971
558500,0.029,0.000,0.971
559000,0.029,0.000,0.971
559500,0.029,0.000,0.971
560000,0.029,0.000,0.971
560500,0.029,0.000,0.971
561000,0.029,0.000,0.971
561500,0.029,0.000,0.971
562000,0.029,0.000,0.971
562500,0.029,0.000,0.971
563000,0.029,0.000,0.971
563500,0.029,0.000,0.971
564000,0.029,0.000,0.971
564500,0.029,0.000,0.971
565000,0.029,0.000,0.971
565500,0.029,0.000,0.971
566000,0.029,0.000,0.971
566500,0.029,0.000,0.971
567000,0.029,0.000,0.971
567500,0.029,0.000,0.971
568000,0.029,0.000,0.971
568500,0.029,0.000,0.971
569000,0.029,0.000,0.971
569500,0.029,0.000,0.971
570000,0.029,0.000,0.971
570500,0.029,0.000,0.971
571000,0.029,0.000,0.971
571500,0.029,0.000,0.971
572000,0.029,0.000,0.971
572500,0.029,0.000,0.971
573000,0.029,0.000,0.971
573500,0.029,0.000,0.971
574000,0.029,0.000,0.971
574500,0.029,0.000,0.971
575000,0.029,0.000,0.971
575500,0.029,0.000,0.971
576000,0.029,0.000,0.971
576500,0.029,0.000,0.971
577000,0.029,0.000,0.971
577500,0.029,0.000,0.971
578000,0.029,0.000,0.971
578500,0.029,0.000,0.971
579000,0.029,0.000,0.971
579500,0.029,0.000,0.971
580000,0.029,0.000,0.971
580500,0.029,0.000,0.971
581000,0.029,0.000,0.971
581500,0.029,0.000,0.971
582000,0.029,0.000,0.971
582500,0.029,0.000,0.971
583000,0.029,0.000,0.971
583500,0.029,0.000,0.971
584000,0.029,0.000,0.971
584500,0.029,0.000,0.971
585000,0.029,0.000,0.971
585500,0.029,0.000,0.971
586000,0.029,0.000,0.971
586500,0.029,0.000,0.971
587000,0.029,0.000,0.971
587500,0.029,0.000,0.971
588000,0.029,0.000,0.971
588500,0.029,0.000,0.971
589000,0.029,0.000,0.971
589500,0.029,0.000,0.971
590000,0.029,0.000,0.971
590500,0.029,0.000,0.971
591000,0.029,0.000,0.971
591500,0.029,0.000,0.971
592000,0.029,0.000,0.971
592500,0.029,0.000,0.971
593000,0.029,0.000,0.971
593500,0.029,0.000,0.971
594000,0.029,0.000,0.971
594500,0.029,0.000,0.971
595000,0.029,0.000,0.971
595500,0.029,0.000,0.971
596000,0.029,0.000,0.971
596500,0.029,0.000,0.971
597000,0.029,0.000,0.971
597500,0.029,0.000,0.971
598000,0.029,0.000,0.971
598500,0.029,0.000,0.971
599000,0.029,0.000,0.971
599500,0.029,0.000,0.971
600000,0.029,0.000,0.971
600500,0.029,0.000,0.971
601000,0.029,0.000,0.971
601500,0.029,0.000,0.971
602000,0.029,0.000,0.971
602500,0.029,0.000,0.971
603000,0.029,0.000,0.971
603500,0.029,0.000,0.971
604000,0.029,0.000,0.971
604500,0.029,0.000,0.971
605000,0.029,0.000,0.971
605500,0.029,0.000,0.971
606000,0.029,0.000,0.971
606500,0.029,0.000,0.971
607000,0.029,0.000,0.971
607500,0.029,0.000,0.971
608000,0.029,0.000,0.971
608500,0.029,0.000,0.971
609000,0.029,0.000,0.971
609500,0.029,0.000,0.971
610000,0.029,0.000,0.971
610500,0.029,0.000,0.971
611000,0.029,0.000,0.971
611500,0.029,0.000,0.971
612000,0.029,0.000,0.971
612500,0.029,0.000,0.971
613000,0.029,0.000,0.971
613500,0.029,0.000,0.971
614000,0.029,0.000,0.971
614500,0.029,0.000,0.971
615000,0.029,0.000,0.971
615500,0.029,0.000,0.971
616000,0.029,0.000,0.971
616500,0.029,0.000,0.971
617000,0.029,0.000,0.971
617500,0.029,0.000,0.971
618000,0.029,0.000,0.971
618500,0.029,0.000,0.971
619000,0.029,0.000,0.971
619500,0.029,0.000,0.971
620000,0.029,0.000,0.971
620500,0.029,0.000,0.971
621000,0.029,0.000,0.971
621500,0.029,0.000,0.971
622000,0.029,0.000,0.971
622500,0.029,0.000,0.971
623000,0.029,0.000,0.971
623500,0.029,0.000,0.971
624000,0.029,0.000,0.971
624500,0.029,0.000,0.971
625000,0.029,0.000,0.971
625500,0.029,0.000,0.971
626000,0.029,0.000,0.971
626500,0.029,0.000,0.971
627000,0.029,0.000,0.971
627500,0.029,0.000,0.971
628000,0.029,0.000,0.971
628500,0.029,0.000,0.971
629000,0.029,0.000,0.971
629500,0.029,0.000,0.971
630000,0.029,0.000,0.971
630500,0.029,0.000,0.971
631000,0.029,0.000,0.971
631500,0.029,0.000,0.971
632000,0.029,0.000,0.971
632500,0.029,0.000,0.971
633000,0.029,0.000,0.971
633500,0.029,0.000,0.971
634000,0.029,0.000,0.971
634500,0.029,0.000,0.971
635000,0.029,0.000,0.971
635500,0.029,0.000,0.971
636000,0.029,0.000,0.971
636500,0.029,0.000,0.971
637000,0.029,0.000,0.971
637500,0.029,0.000,0.971
638000,0.029,0.000,0.971
638500,0.029,0.000,0.971
639000,0.029,0.000,0.971
639500,0.029,0.000,0.971
640000,0.029,0.000,0.971
640500,0.029,0.000,0.971
641000,0.029,0.000,0.971
641500,0.029,0.000,0.971
642000,0.029,0.000,0.971
642500,0.029,0.000,0.971
643000,0.029,0.000,0.971
643500,0.029,0.000,0.971
644000,0.029,0.000,0.971
644500,0.029,0.000,0.971
645000,0.029,0.000,0.971
645500,0.029,0.000,0.971
646000,0.029,0.000,0.971
646500,0.029,0.000,0.971
647000,0.029,0.000,0.971
647500,0.029,0.000,0.971
648000,0.029,0.000,0.971
648500,0.029,0.000,0.971
649000,0.029,0.000,0.971
649500,0.029,0.000,0.971
650000,0.029,0.000,0.971
650500,0.029,0.000,0.971
651000,0.029,0.000,0.971
651500,0.029,0.000,0.971
652000,0.029,0.000,0.971
652500,0.029,0.000,0.971
653000,0.029,0.000,0.971
653500,0.029,0.000,0.971
654000,0.029,0.000,0.971
654500,0.029,0.000,0.971
655000,0.029,0.000,0.971
655500,0.029,0.000,0.971
656000,0.029,0.000,0.971
656500,0.029,0.000,0.971
657000,0.029,0.000,0.971
657500,0.029,0.000,0.971
658000,0.029,0.000,0.971
658500,0.029,0.000,0.971
659000,0.029,0.000,0.971
659500,0.029,0.000,0.971
660000,0.029,0.000,0.971
660500,0.029,0.000,0.971
661000,0.029,0.000,0.971
661500,0.029,0.000,0.971
662000,0.029,0.000,0.971
662500,0.029,0.000,0.971
663000,0.029,0.000,0.971
663500,0.029,0.000,0.971
664000,0.029,0.000,0.971
664500,0.029,0.000,0.971
665000,0.029,0.000,0.971
665500,0.029,0.000,0.971
666000,0.029,0.000,0.971
666500,0.029,0.000,0.971
667000,0.029,0.000,0.971
667500,0.029,0.000,0.971
668000,0.029,0.000,0.971
668500,0.029,0.000,0.971
669000,0.029,0.000,0.971
669500,0.029,0.000,0.971
670000,0.029,0.000,0.971
670500,0.029,0.000,0.971
671000,0.029,0.000,0.971
671500,0.029,0.000,0.971
672000,0.029,0.000,0.971
672500,0.029,0.000,0.971
673000,0.029,0.000,0.971
673500,0.029,0.000,0.971
674000,0.029,0.000,0.971
674500,0.029,0.000,0.971
675000,0.029,0.000,0.971
675500,0.029,0.000,0.971
676000,0.029,0.000,0.971
676500,0.029,0.000,0.971
677000,0.029,0.000,0.971
677500,0.029,0.000,0.971
678000,0.029,0.000,0.971
678500,0.029,0.000,0.971
679000,0.029,0.000,0.971
679500,0.029,0.000,0.971
680000,0.029,0.000,0.971
680500,0.029,0.000,0.971
681000,0.029,0.000,0.971
681500,0.029,0.000,0.971
682000,0.029,0.000,0.971
682500,0.029,0.000,0.971
683000,0.029,0.000,0.971
683500,0.029,0.000,0.971
684000,0.029,0.000,0.971
684500,0.029,0.000,0.971
685000,0.029,0.000,0.971
685500,0.029,0.000,0.971
686000,0.029,0.000,0.971
686500,0.029,0.000,0.971
687000,0.029,0.000,0.971
687500,0.029,0.000,0.971
688000,0.029,0.000,0.971
688500,0.029,0.000,0.971
689000,0.029,0.000,0.971
689500,0.029,0.000,0.971
690000,0.029,0.000,0.971
690500,0.029,0.000,0.971
691000,0.029,0.000,0.971
691500,0.029,0.000,0.971
692000,0.029,0.000,0.971
692500,0.029,0.000,0.971
693000,0.029,0.000,0.971
693500,0.029,0.000,0.971
694000,0.029,0.000,0.971
694500,0.029,0.000,0.971
695000,0.029,0.000,0.971
695500,0.029,0.000,0.971
696000,0.029,0.000,0.971
696500,0.029,0.000,0.971
697000,0.029,0.000,0.971
697500,0.029,0.000,0.971
698000,0.029,0.000,0.971
698500,0.029,0.000,0.971
699000,0.029,0.000,0.971
699500,0.029,0.000,0.971
700000,0.029,0.000,0.971
700500,0.029,0.000,0.971
701000,0.029,0.000,0.971
701500,0.029,0.000,0.971
702000,0.029,0.000,0.971
702500,0.029,0.000,0.971
703000,0.029,0.000,0.971
703500,0.029,0.000,0.971
704000,0.029,0.000,0.971
704500,0.029,0.000,0.971
705000,0.029,0.000,0.971
705500,0.029,0.000,0.971
706000,0.029,0.000,0.971
706500,0.029,0.000,0.971
707000,0.029,0.000,0.971
707500,0.029,0.000,0.971
708000,0.029,0.000,0.971
708500,0.029,0.000,0.971
709000,0.029,0.000,0.971
709500,0.029,0.000,0.971
710000,0.029,0.000,0.971
710500,0.029,0.000,0.971
711000,0.029,0.000,0.971
711500,0.029,0.000,0.971
712000,0.029,0.000,0.971
712500,0.029,0.000,0.971
713000,0.029,0.000,0.971
713500,0.029,0.000,0.971
714000,0.029,0.000,0.971
714500,0.029,0.000,0.971
715000,0.029,0.000,0.971
715500,0.029,0.000,0.971
716000,0.029,0.000,0.971
716500,0.029,0.000,0.971
717000,0.029,0.000,0.971
717500,0.029,0.000,0.971
718000,0.029,0.000,0.971
718500,0.029,0.000,0.971
719000,0.029,0.000,0.971
719500,0.029,0.000,0.971
720000,0.029,0.000,0.971
720500,0.029,0.000,0.971
721000,0.029,0.000,0.971
721500,0.029,0.000,0.971
722000,0.029,0.000,0.971
722500,0.029,0.000,0.971
723000,0.029,0.000,0.971
723500,0.029,0.000,0.971
724000,0.029,0.000,0.971
724500,0.029,0.000,0.971
725000,0.029,0.000,0.971
725500,0.029,0.000,0.971
726000,0.029,0.000,0.971
726500,0.029,0.000,0.971
727000,0.029,0.000,0.971
727500,0.029,0.000,0.971
728000,0.029,0.000,0.971
728500,0.029,0.000,0.971
729000,0.029,0.000,0.971
729500,0.029,0.000,0.971
730000,0.029,0.000,0.971
730500,0.029,0.000,0.971
731000,0.029,0.000,0.971
731500,0.029,0.000,0.971
732000,0.029,0.000,0.971
732500,0.029,0.000,0.971
733000,0.029,0.000,0.971
733500,0.029,0.000,0.971
734000,0.029,0.000,0.971
734500,0.029,0.000,0.971
735000,0.029,0.000,0.971
735500,0.029,0.000,0.971
736000,0.029,0.000,0.971
736500,0.029,0.000,0.971
737000,0.029,0.000,0.971
737500,0.029,0.000,0.971
738000,0.029,0.000,0.971
738500,0.029,0.000,0.971
739000,0.029,0.000,0.971
739500,0.029,0.000,0.971
740000,0.029,0.000,0.971
740500,0.029,0.000,0.971
741000,0.029,0.000,0.971
741500,0.029,0.000,0.971
742000,0.029,0.000,0.971
742500,0.029,0.000,0.971
743000,0.029,0.000,0.971
743500,0.029,0.000,0.971
744000,0.029,0.000,0.971
744500,0.029,0.000,0.971
745000,0.029,0.000,0.971
745500,0.029,0.000,0.971
746000,0.029,0.000,0.971
746500,0.029,0.000,0.971
747000,0.029,0.000,0.971
747500,0.029,0.000,0.971
748000,0.029,0.000,0.971
748500,0.029,0.000,0.971
749000,0.029,0.000,0.971
749500,0.029,0.000,0.971
750000,0.029,0.000,0.971
750500,0.029,0.000,0.971
751000,0.029,0.000,0.971
751500,0.029,0.000,0.971
752000,0.029,0.000,0.971
752500,0.029,0.000,0.971
753000,0.029,0.000,0.971
753500,0.029,0.000,0.971
754000,0.029,0.000,0.971
754500,0.029,0.000,0.971
755000,0.029,0.000,0.971
755500,0.029,0.000,0.971
756000,0.029,0.000,0.971
756500,0.029,0.000,0.971
757000,0.029,0.000,0.971
757500,0.029,0.000,0.971
758000,0.029,0.000,0.971
758500,0.029,0.000,0.971
759000,0.029,0.000,0.971
759500,0.029,0.000,0.971
760000,0.029,0.000,0.971
760500,0.029,0.000,0.971
761000,0.029,0.000,0.971
761500,0.029,0.000,0.971
762000,0.029,0.000,0.971
762500,0.029,0.000,0.971
763000,0.029,0.000,0.971
763500,0.029,0.000,0.971
764000,0.029,0.000,0.971
764500,0.029,0.000,0.971
765000,0.029,0.000,0.971
765500,0.029,0.000,0.971
766000,0.029,0.000,0.971
766500,0.029,0.000,0.971
767000,0.029,0.000,0.971
767500,0.029,0.000,0.971
768000,0.029,0.000,0.971
768500,0.029,0.000,0.971
769000,0.029,0.000,0.971
769500,0.029,0.000,0.971
770000,0.029,0.000,0.971
770500,0.029,0.000,0.971
771000,0.029,0.000,0.971
771500,0.029,0.000,0.971
772000,0.029,0.000,0.971
772500,0.029,0.000,0.971
773000,0.029,0.000,0.971
773500,0.029,0.000,0.971
774000,0.029,0.000,0.971
774500,0.029,0.000,0.971
775000,0.029,0.000,0.971
775500,0.029,0.000,0.971
776000,0.029,0.000,0.971
776500,0.029,0.000,0.971
777000,0.029,0.000,0.971
777500,0.029,0.000,0.971
778000,0.029,0.000,0.971
778500,0.029,0.000,0.971
779000,0.029,0.000,0.971
779500,0.029,0.000,0.971
780000,0.029,0.000,0.971
780500,0.029,0.000,0.971
781000,0.029,0.000,0.971
781500,0.029,0.000,0.971
782000,0.029,0.000,0.971
782500,0.029,0.000,0.971
783000,0.029,0.000,0.971
783500,0.029,0.000,0.971
784000,0.029,0.000,0.971
784500,0.029,0.000,0.971
785000,0.029,0.000,0.971
785500,0.029,0.000,0.971
786000,0.029,0.000,0.971
786500,0.029,0.000,0.971
787000,0.029,0.000,0.971
787500,0.029,0.000,0.971
788000,0.029,0.000,0.971
788500,0.029,0.000,0.971
789000,0.029,0.000,0.971
789500,0.029,0.000,0.971
790000,0.029,0.000,0.971
790500,0.029,0.000,0.971
791000,0.029,0.000,0.971
791500,0.029,0.000,0.971
792000,0.029,0.000,0.971
792500,0.029,0.000,0.971
793000,0.029,0.000,0.971
793500,0.029,0.000,0.971
794000,0.029,0.000,0.971
794500,0.029,0.000,0.971
795000,0.029,0.000,0.971
795500,0.029,0.000,0.971
796000,0.029,0.000,0.971
796500,0.029,0.000,0.971
797000,0.029,0.000,0.971
797500,0.029,0.000,0.971
798000,0.029,0.000,0.971
798500,0.029,0.000,0.971
799000,0.029,0.000,0.971
799500,0.029,0.000,0.971
800000,0.029,0.000,0.971
800500,0.029,0.000,0.971
801000,0.029,0.000,0.971
801500,0.029,0.000,0.971
802000,0.029,0.000,0.971
802500,0.029,0.000,0.971
803000,0.029,0.000,0.971
803500,0.029,0.000,0.971
804000,0.029,0.000,0.971
804500,0.029,0.000,0.971
805000,0.029,0.000,0.971
805500,0.029,0.000,0.971
806000,0.029,0.000,0.971
806500,0.029,0.000,0.971
807000,0.029,0.000,0.971
807500,0.029,0.000,0.971
808000,0.029,0.000,0.971
808500,0.029,0.000,0.971
809000,0.029,0.000,0.971
809500,0.029,0.000,0.971
810000,0.029,0.000,0.971
810500,0.029,0.000,0.971
811000,0.029,0.000,0.971
811500,0.029,0.000,0.971
812000,0.029,0.000,0.971
812500,0.029,0.000,0.971
813000,0.029,0.000,0.971
813500,0.029,0.000,0.971
814000,0.029,0.000,0.971
814500,0.029,0.000,0.971
815000,0.029,0.000,0.971
815500,0.029,0.000,0.971
816000,0.029,0.000,0.971
816500,0.029,0.000,0.971
817000,0.029,0.000,0.971
817500,0.029,0.000,0.971
818000,0.029,0.000,0.971
818500,0.029,0.000,0.971
819000,0.029,0.000,0.971
819500,0.029,0.000,0.971
820000,0.029,0.000,0.971
820500,0.029,0.000,0.971
821000,0.029,0.000,0.971
821500,0.029,0.000,0.971
822000,0.029,0.000,0.971
822500,0.029,0.000,0.971
823000,0.029,0.000,0.971
823500,0.029,0.000,0.971
824000,0.029,0.000,0.971
824500,0.029,0.000,0.971
825000,0.029,0.000,0.971
825500,0.029,0.000,0.971
826000,0.029,0.000,0.971
826500,0.029,0.000,0.971
827000,0.029,0.000,0.971
827500,0.029,0.000,0.971
828000,0.029,0.000,0.971
828500,0.029,0.000,0.971
829000,0.029,0.000,0.971
829500,0.029,0.000,0.971
830000,0.029,0.000,0.971
830500,0.029,0.000,0.971
831000,0.029,0.000,0.971
831500,0.029,0.000,0.971
832000,0.029,0.000,0.971
832500,0.029,0.000,0.971
833000,0.029,0.000,0.971
833500,0.029,0.000,0.971
834000,0.029,0.000,0.971
834500,0.029,0.000,0.971
835000,0.029,0.000,0.971
835500,0.029,0.000,0.971
836000,0.029,0.000,0.971
836500,0.029,0.000,0.971
837000,0.029,0.000,0.971
837500,0.029,0.000,0.971
838000,0.029,0.000,0.971
838500,0.029,0.000,0.971
839000,0.029,0.000,0.971
839500,0.029,0.000,0.971
840000,0.029,0.000,0.971
840500,0.029,0.000,0.971
841000,0.029,0.000,0.971
841500,0.029,0.000,0.971
842000,0.029,0.000,0.971
842500,0.029,0.000,0.971
843000,0.029,0.000,0.971
843500,0.029,0.000,0.971
844000,0.029,0.000,0.971
844500,0.029,0.000,0.971
845000,0.029,0.000,0.971
845500,0.029,0.000,0.971
846000,0.029,0.000,0.971
846500,0.029,0.000,0.971
847000,0.029,0.000,0.971
847500,0.029,0.000,0.971
848000,0.029,0.000,0.971
848500,0.029,0.000,0.971
849000,0.029,0.000,0.971
849500,0.029,0.000,0.971
850000,0.029,0.000,0.971
850500,0.029,0.000,0.971
851000,0.029,0.000,0.971
851500,0.029,0.000,0.971
852000,0.029,0.000,0.971
852500,0.029,0.000,0.971
853000,0.029,0.000,0.971
853500,0.029,0.000,0.971
854000,0.029,0.000,0.971
854500,0.029,0.000,0.971
855000,0.029,0.000,0.971
855500,0.029,0.000,0.971
856000,0.029,0.000,0.971
856500,0.029,0.000,0.971
857000,0.029,0.000,0.971
857500,0.029,0.000,0.971
858000,0.029,0.000,0.971
858500,0.029,0.000,0.971
859000,0.029,0.000,0.971
859500,0.029,0.000,0.971
860000,0.029,0.000,0.971
860500,0.029,0.000,0.971
861000,0.029,0.000,0.971
861500,0.029,0.000,0.971
862000,0.029,0.000,0.971
862500,0.029,0.000,0.971
863000,0.029,0.000,0.971
863500,0.029,0.000,0.971
864000,0.029,0.000,0.971
864500,0.029,0.000,0.971
865000,0.029,0.000,0.971
865500,0.029,0.000,0.971
866000,0.029,0.000,0.971
866500,0.029,0.000,0.971
867000,0.029,0.000,0.971
867500,0.029,0.000,0.971
868000,0.029,0.000,0.971
868500,0.029,0.000,0.971
869000,0.029,0.000,0.971
869500,0.029,0.000,0.971
870000,0.029,0.000,0.971
870500,0.029,0.000,0.971
871000,0.029,0.000,0.971
871500,0.029,0.000,0.971
872000,0.029,0.000,0.971
872500,0.029,0.000,0.971
873000,0.029,0.000,0.971
873500,0.029,0.000,0.971
874000,0.029,0.000,0.971
874500,0.029,0.000,0.971
875000,0.029,0.000,0.971
875500,0.029,0.000,0.971
876000,0.029,0.000,0.971
876500,0.029,0.000,0.971
877000,0.029,0.000,0.971
877500,0.029,0.000,0.971
878000,0.029,0.000,0.971
878500,0.029,0.000,0.971
879000,0.029,0.000,0.971
879500,0.029,0.000,0.971
880000,0.029,0.000,0.971
880500,0.029,0.000,0.971
881000,0.029,0.000,0.971
881500,0.029,0.000,0.971
882000,0.029,0.000,0.971
882500,0.029,0.000,0.971
883000,0.029,0.000,0.971
883500,0.029,0.000,0.971
884000,0.029,0.000,0.971
884500,0.029,0.000,0.971
885000,0.029,0.000,0.971
885500,0.029,0.000,0.971
886000,0.029,0.000,0.971
886500,0.029,0.000,0.971
887000,0.029,0.000,0.971
887500,0.029,0.000,0.971
888000,0.029,0.000,0.971
888500,0.029,0.000,0.971
889000,0.029,0.000,0.971
889500,0.029,0.000,0.971
890000,0.029,0.000,0.971
890500,0.029,0.000,0.971
891000,0.029,0.000,0.971
891500,0.029,0.000,0.971
892000,0.029,0.000,0.971
892500,0.029,0.000,0.971
893000,0.029,0.000,0.971
893500,0.029,0.000,0.971
894000,0.029,0.000,0.971
894500,0.029,0.000,0.971
895000,0.029,0.000,0.971
895500,0.029,0.000,0.971
896000,0.029,0.000,0.971
896500,0.029,0.000,0.971
897000,0.029,0.000,0.971
897500,0.029,0.000,0.971
898000,0.029,0.000,0.971
898500,0.029,0.000,0.971
899000,0.029,0.000,0.971
899500,0.029,0.000,0.971
900000,0.029,0.000,0.971
900500,0.029,0.000,0.971
901000,0.029,0.000,0.971
901500,0.029,0.000,0.971
902000,0.029,0.000,0.971
902500,0.029,0.000,0.971
903000,0.029,0.000,0.971
903500,0.029,0.000,0.971
904000,0.029,0.000,0.971
904500,0.029,0.000,0.971
905000,0.029,0.000,0.971
905500,0.029,0.000,0.971
906000,0.029,0.000,0.971
906500,0.029,0.000,0.971
907000,0.029,0.000,0.971
907500,0.029,0.000,0.971
908000,0.029,0.000,0.971
908500,0.029,0.000,0.971
909000,0.029,0.000,0.971
909500,0.029,0.000,0.971
910000,0.029,0.000,0.971
910500,0.029,0.000,0.971
911000,0.029,0.000,0.971
911500,0.029,0.000,0.971
912000,0.029,0.000,0.971
912500,0.029,0.000,0.971
913000,0.029,0.000,0.971
913500,0.029,0.000,0.971
914000,0.029,0.000,0.971
914500,0.029,0.000,0.971
915000,0.029,0.000,0.971
915500,0.029,0.000,0.971
916000,0.029,0.000,0.971
916500,0.029,0.000,0.971
917000,0.029,0.000,0.971
917500,0.029,0.000,0.971
918000,0.029,0.000,0.971
918500,0.029,0.000,0.971
919000,0.029,0.000,0.971
919500,0.029,0.000,0.971
920000,0.029,0.000,0.971
920500,0.029,0.000,0.971
921000,0.029,0.000,0.971
921500,0.029,0.000,0.971
922000,0.029,0.000,0.971
922500,0.029,0.000,0.971
923000,0.029,0.000,0.971
923500,0.029,0.000,0.971
924000,0.029,0.000,0.971
924500,0.029,0.000,0.971
925000,0.029,0.000,0.971
925500,0.029,0.000,0.971
926000,0.029,0.000,0.971
926500,0.029,0.000,0.971
927000,0.029,0.000,0.971
927500,0.029,0.000,0.971
928000,0.029,0.000,0.971
928500,0.029,0.000,0.971
929000,0.029,0.000,0.971
929500,0.029,0.000,0.971
930000,0.029,0.000,0.971
930500,0.029,0.000,0.971
931000,0.029,0.000,0.971
931500,0.029,0.000,0.971
932000,0.029,0.000,0.971
932500,0.029,0.000,0.971
933000,0.029,0.000,0.971
933500,0.029,0.000,0.971
934000,0.029,0.000,0.971
934500,0.029,0.000,0.971
935000,0.029,0.000,0.971
935500,0.029,0.000,0.971
936000,0.029,0.000,0.971
936500,0.029,0.000,0.971
937000,0.029,0.000,0.971
937500,0.029,0.000,0.971
938000,0.029,0.000,0.971
938500,0.029,0.000,0.971
939000,0.029,0.000,0.971
939500,0.029,0.000,0.971
940000,0.029,0.000,0.971
940500,0.029,0.000,0.971
941000,0.029,0.000,0.971
941500,0.029,0.000,0.971
942000,0.029,0.000,0.971
942500,0.029,0.000,0.971
943000,0.029,0.000,0.971
943500,0.029,0.000,0.971
944000,0.029,0.000,0.971
944500,0.029,0.000,0.971
945000,0.029,0.000,0.971
945500,0.029,0.000,0.971
946000,0.029,0.000,0.971
946500,0.029,0.000,0.971
947000,0.029,0.000,0.971
947500,0.029,0.000,0.971
948000,0.029,0.000,0.971
948500,0.029,0.000,0.971
949000,0.029,0.000,0.971
949500,0.029,0.000,0.971
950000,0.029,0.000,0.971
950500,0.029,0.000,0.971
951000,0.029,0.000,0.971
951500,0.029,0.000,0.971
952000,0.029,0.000,0.971
952500,0.029,0.000,0.971
953000,0.029,0.000,0.971
953500,0.029,0.000,0.971
954000,0.029,0.000,0.971
954500,0.029,0.000,0.971
955000,0.029,0.000,0.971
955500,0.029,0.000,0.971
956000,0.029,0.000,0.971
956500,0.029,0.000,0.971
957000,0.029,0.000,0.971
957500,0.029,0.000,0.971
958000,0.029,0.000,0.971
958500,0.029,0.000,0.971
959000,0.029,0.000,0.971
959500,0.029,0.000,0.971
960000,0.029,0.000,0.971
960500,0.029,0.000,0.971
961000,0.029,0.000,0.971
961500,0.029,0.000,0.971
962000,0.029,0.000,0.971
962500,0.029,0.000,0.971
963000,0.029,0.000,0.971
963500,0.029,0.000,0.971
964000,0.029,0.000,0.971
964500,0.029,0.000,0.971
965000,0.029,0.000,0.971
965500,0.029,0.000,0.971
966000,0.029,0.000,0.971
966500,0.029,0.000,0.971
967000,0.029,0.000,0.971
967500,0.029,0.000,0.971
968000,0.029,0.000,0.971
968500,0.029,0.000,0.971
969000,0.029,0.000,0.971
969500,0.029,0.000,0.971
970000,0.029,0.000,0.971
970500,0.029,0.000,0.971
971000,0.029,0.000,0.971
971500,0.029,0.000,0.971
972000,0.029,0.000,0.971
972500,0.029,0.000,0.971
973000,0.029,0.000,0.971
973500,0.029,0.000,0.971
974000,0.029,0.000,0.971
974500,0.029,0.000,0.971
975000,0.029,0.000,0.971
975500,0.029,0.000,0.971
976000,0.029,0.000,0.971
976500,0.029,0.000,0.971
977000,0.029,0.000,0.971
977500,0.029,0.000,0.971
978000,0.029,0.000,0.971
978500,0.029,0.000,0.971
979000,0.029,0.000,0.971
979500,0.029,0.000,0.971
980000,0.029,0.000,0.971
980500,0.029,0.000,0.971
981000,0.029,0.000,0.971
981500,0.029,0.000,0.971
982000,0.029,0.000,0.971
982500,0.029,0.000,0.971
983000,0.029,0.000,0.971
983500,0.029,0.000,0.971
984000,0.029,0.000,0.971
984500,0.029,0.000,0.971
985000,0.029,0.000,0.971
985500,0.029,0.000,0.971
986000,0.029,0.000,0.971
986500,0.029,0.000,0.971
987000,0.029,0.000,0.971
987500,0.029,0.000,0.971
988000,0.029,0.000,0.971
988500,0.029,0.000,0.971
989000,0.029,0.000,0.971
989500,0.029,0.000,0.971
990000,0.029,0.000,0.971
990500,0.029,0.000,0.971
991000,0.029,0.000,0.971
991500,0.029,0.000,0.971
992000,0.029,0.000,0.971
992500,0.029,0.000,0.971
993000,0.029,0.000,0.971
993500,0.029,0.000,0.971
994000,0.029,0.000,0.971
994500,0.029,0.000,0.971
995000,0.029,0.000,0.971
995500,0.029,0.000,0.971
996000,0.029,0.000,0.971
996500,0.029,0.000,0.971
997000,0.029,0.000,0.971
997500,0.029,0.000,0.971
998000,0.029,0.000,0.971
998500,0.029,0.000,0.971
999000,0.029,0.000,0.971
999500,0.029,0.000,0.971
1000000,0.029,0.000,0.971
