time,n_A+p,n_B,n_AB
500,0.050,0.765,0.185
1000,0.050,0.400,0.550
1500,0.050,0.171,0.779
2000,0.081,0.091,0.828
2500,0.124,0.052,0.824
3000,0.165,0.020,0.815
3500,0.180,0.009,0.812
4000,0.238,0.005,0.756
4500,0.264,0.000,0.736
5000,0.193,0.002,0.806
5500,0.229,0.007,0.764
6000,0.242,0.004,0.754
6500,0.216,0.001,0.784
7000,0.212,0.011,0.777
7500,0.237,0.001,0.762
8000,0.222,0.006,0.772
8500,0.214,0.002,0.785
9000,0.252,0.009,0.739
9500,0.236,0.002,0.762
10000,0.287,0.003,0.710
10500,0.271,0.003,0.727
11000,0.261,0.008,0.731
11500,0.249,0.001,0.750
12000,0.239,0.009,0.753
12500,0.201,0.004,0.794
13000,0.187,0.011,0.801
13500,0.208,0.004,0.787
14000,0.207,0.004,0.789
14500,0.202,0.006,0.792
15000,0.189,0.014,0.797
15500,0.269,0.017,0.715
16000,0.246,0.005,0.749
16500,0.230,0.004,0.767
17000,0.264,0.011,0.726
17500,0.271,0.003,0.727
18000,0.225,0.010,0.765
18500,0.207,0.001,0.791
19000,0.240,0.002,0.758
19500,0.253,0.000,0.748
20000,0.234,0.000,0.766
20500,0.231,0.000,0.769
21000,0.268,0.000,0.732
21500,0.312,0.000,0.688
22000,0.244,0.000,0.756
22500,0.227,0.004,0.769
23000,0.245,0.007,0.747
23500,0.230,0.009,0.761
24000,0.227,0.001,0.772
24500,0.256,0.000,0.744
25000,0.229,0.000,0.771
25500,0.208,0.002,0.790
26000,0.193,0.000,0.807
26500,0.176,0.009,0.815
27000,0.207,0.007,0.786
27500,0.185,0.016,0.798
28000,0.215,0.002,0.782
28500,0.251,0.002,0.748
29000,0.208,0.018,0.774
29500,0.213,0.020,0.767
30000,0.211,0.004,0.784
30500,0.238,0.010,0.752
31000,0.196,0.011,0.793
31500,0.202,0.000,0.798
32000,0.243,0.000,0.756
32500,0.262,0.000,0.738
33000,0.314,0.000,0.686
33500,0.297,0.000,0.703
34000,0.310,0.000,0.690
34500,0.271,0.000,0.730
35000,0.268,0.004,0.728
35500,0.264,0.003,0.733
36000,0.225,0.001,0.774
36500,0.257,0.007,0.737
37000,0.291,0.000,0.709
37500,0.331,0.000,0.669
38000,0.318,0.000,0.682
38500,0.229,0.002,0.770
39000,0.217,0.008,0.775
39500,0.226,0.000,0.774
40000,0.258,0.000,0.742
40500,0.244,0.003,0.753
41000,0.275,0.000,0.725
41500,0.240,0.004,0.757
42000,0.261,0.004,0.735
42500,0.266,0.002,0.732
43000,0.247,0.000,0.752
43500,0.275,0.000,0.726
44000,0.275,0.000,0.725
44500,0.220,0.000,0.780
45000,0.258,0.009,0.733
45500,0.245,0.006,0.749
46000,0.296,0.004,0.700
46500,0.269,0.001,0.731
47000,0.261,0.004,0.736
47500,0.272,0.000,0.728
48000,0.286,0.000,0.714
48500,0.293,0.000,0.707
49000,0.278,0.000,0.722
49500,0.269,0.000,0.731
50000,0.225,0.002,0.773
50500,0.214,0.006,0.780
51000,0.230,0.003,0.767
51500,0.216,0.003,0.782
52000,0.215,0.001,0.784
52500,0.183,0.006,0.810
53000,0.225,0.004,0.772
53500,0.259,0.005,0.736
54000,0.215,0.007,0.777
54500,0.254,0.010,0.736
55000,0.241,0.003,0.756
55500,0.244,0.000,0.756
56000,0.228,0.001,0.771
56500,0.252,0.001,0.748
57000,0.219,0.006,0.775
57500,0.212,0.011,0.777
58000,0.259,0.001,0.741
58500,0.233,0.009,0.759
59000,0.212,0.009,0.779
59500,0.226,0.002,0.772
60000,0.236,0.015,0.748
60500,0.191,0.002,0.807
61000,0.218,0.013,0.768
61500,0.189,0.006,0.805
62000,0.209,0.009,0.782
62500,0.226,0.003,0.771
63000,0.296,0.000,0.704
63500,0.258,0.000,0.742
64000,0.266,0.000,0.734
64500,0.215,0.008,0.777
65000,0.244,0.001,0.755
65500,0.181,0.004,0.815
66000,0.213,0.000,0.787
66500,0.241,0.004,0.754
67000,0.273,0.007,0.720
67500,0.230,0.001,0.770
68000,0.246,0.000,0.754
68500,0.195,0.009,0.796
69000,0.200,0.018,0.783
69500,0.206,0.021,0.774
70000,0.208,0.002,0.790
70500,0.158,0.014,0.829
71000,0.222,0.011,0.768
71500,0.255,0.004,0.741
72000,0.251,0.008,0.741
72500,0.175,0.010,0.815
73000,0.192,0.004,0.805
73500,0.199,0.016,0.785
74000,0.221,0.007,0.772
74500,0.234,0.007,0.759
75000,0.211,0.004,0.785
75500,0.209,0.003,0.787
76000,0.211,0.007,0.781
76500,0.222,0.005,0.773
77000,0.245,0.000,0.755
77500,0.250,0.005,0.745
78000,0.231,0.001,0.769
78500,0.246,0.000,0.754
79000,0.276,0.000,0.724
79500,0.258,0.011,0.731
80000,0.239,0.002,0.759
80500,0.224,0.003,0.773
81000,0.233,0.001,0.766
81500,0.223,0.000,0.777
82000,0.288,0.000,0.712
82500,0.245,0.017,0.738
83000,0.254,0.010,0.736
83500,0.223,0.005,0.772
84000,0.202,0.003,0.795
84500,0.208,0.000,0.791
85000,0.216,0.000,0.784
85500,0.267,0.000,0.734
86000,0.255,0.000,0.746
86500,0.283,0.003,0.714
87000,0.280,0.000,0.720
87500,0.239,0.005,0.756
88000,0.257,0.007,0.737
88500,0.235,0.004,0.760
89000,0.210,0.001,0.789
89500,0.220,0.019,0.761
90000,0.203,0.009,0.788
90500,0.181,0.010,0.808
91000,0.267,0.001,0.733
91500,0.225,0.004,0.771
92000,0.185,0.010,0.805
92500,0.179,0.013,0.808
93000,0.193,0.009,0.798
93500,0.222,0.002,0.777
94000,0.244,0.000,0.756
94500,0.263,0.000,0.737
95000,0.244,0.000,0.756
95500,0.249,0.000,0.750
96000,0.209,0.001,0.789
96500,0.212,0.000,0.788
97000,0.268,0.000,0.732
97500,0.303,0.000,0.697
98000,0.286,0.000,0.714
98500,0.294,0.001,0.705
99000,0.272,0.003,0.726
99500,0.230,0.004,0.766
100000,0.261,0.001,0.738
100500,0.254,0.004,0.742
101000,0.271,0.007,0.722
101500,0.268,0.001,0.732
102000,0.255,0.003,0.743
102500,0.257,0.009,0.735
103000,0.240,0.001,0.759
103500,0.251,0.001,0.749
104000,0.248,0.011,0.741
104500,0.284,0.002,0.714
105000,0.327,0.003,0.671
105500,0.291,0.000,0.709
106000,0.254,0.002,0.744
106500,0.221,0.004,0.775
107000,0.274,0.004,0.723
107500,0.235,0.002,0.764
108000,0.214,0.003,0.784
108500,0.216,0.000,0.784
109000,0.261,0.000,0.739
109500,0.236,0.000,0.764
110000,0.214,0.003,0.783
110500,0.242,0.000,0.758
111000,0.278,0.000,0.722
111500,0.298,0.001,0.701
112000,0.277,0.003,0.721
112500,0.220,0.008,0.772
113000,0.220,0.006,0.774
113500,0.236,0.001,0.763
114000,0.178,0.004,0.818
114500,0.227,0.002,0.772
115000,0.232,0.008,0.760
115500,0.247,0.001,0.751
116000,0.232,0.001,0.768
116500,0.232,0.000,0.768
117000,0.212,0.000,0.787
117500,0.201,0.003,0.796
118000,0.192,0.015,0.793
118500,0.201,0.012,0.787
119000,0.169,0.013,0.818
119500,0.199,0.013,0.787
120000,0.182,0.010,0.807
120500,0.249,0.003,0.747
121000,0.235,0.001,0.764
121500,0.293,0.004,0.704
122000,0.281,0.001,0.719
122500,0.247,0.002,0.751
123000,0.225,0.005,0.770
123500,0.235,0.006,0.759
124000,0.219,0.005,0.776
124500,0.235,0.000,0.765
125000,0.252,0.002,0.747
125500,0.249,0.000,0.751
126000,0.246,0.004,0.751
126500,0.241,0.000,0.758
127000,0.184,0.000,0.816
127500,0.187,0.014,0.799
128000,0.229,0.006,0.765
128500,0.228,0.011,0.761
129000,0.221,0.002,0.777
129500,0.199,0.003,0.798
130000,0.281,0.000,0.720
130500,0.242,0.000,0.758
131000,0.238,0.006,0.755
131500,0.241,0.002,0.758
132000,0.232,0.001,0.767
132500,0.211,0.008,0.781
133000,0.197,0.004,0.799
133500,0.240,0.001,0.759
134000,0.267,0.000,0.734
134500,0.274,0.000,0.726
135000,0.268,0.000,0.732
135500,0.239,0.000,0.761
136000,0.238,0.000,0.762
136500,0.243,0.000,0.756
137000,0.222,0.000,0.778
137500,0.257,0.001,0.743
138000,0.286,0.004,0.710
138500,0.231,0.007,0.762
139000,0.257,0.002,0.741
139500,0.285,0.000,0.715
140000,0.234,0.000,0.766
140500,0.202,0.007,0.791
141000,0.230,0.000,0.770
141500,0.233,0.007,0.760
142000,0.206,0.001,0.793
142500,0.201,0.003,0.796
143000,0.197,0.007,0.796
143500,0.271,0.003,0.727
144000,0.260,0.001,0.740
144500,0.248,0.000,0.752
145000,0.252,0.006,0.742
145500,0.275,0.004,0.721
146000,0.225,0.004,0.771
146500,0.229,0.006,0.765
147000,0.205,0.015,0.780
147500,0.214,0.012,0.774
148000,0.228,0.010,0.762
148500,0.228,0.001,0.771
149000,0.212,0.007,0.781
149500,0.260,0.001,0.740
150000,0.285,0.001,0.715
150500,0.283,0.000,0.717
151000,0.258,0.006,0.736
151500,0.248,0.003,0.749
152000,0.263,0.004,0.734
152500,0.280,0.000,0.720
153000,0.311,0.000,0.689
153500,0.309,0.000,0.691
154000,0.257,0.009,0.735
154500,0.272,0.006,0.722
155000,0.211,0.002,0.788
155500,0.255,0.000,0.746
156000,0.287,0.001,0.712
156500,0.255,0.001,0.745
157000,0.290,0.000,0.710
157500,0.254,0.007,0.739
158000,0.253,0.002,0.745
158500,0.237,0.001,0.763
159000,0.280,0.000,0.720
159500,0.301,0.002,0.697
160000,0.238,0.007,0.754
160500,0.224,0.019,0.757
161000,0.238,0.004,0.757
161500,0.220,0.006,0.774
162000,0.205,0.001,0.793
162500,0.233,0.003,0.764
163000,0.212,0.006,0.781
163500,0.237,0.003,0.760
164000,0.247,0.001,0.751
164500,0.281,0.000,0.719
165000,0.267,0.000,0.733
165500,0.274,0.000,0.726
166000,0.238,0.005,0.757
166500,0.251,0.004,0.746
167000,0.217,0.003,0.781
167500,0.260,0.004,0.736
168000,0.265,0.000,0.736
168500,0.235,0.000,0.764
169000,0.204,0.025,0.771
169500,0.226,0.006,0.768
170000,0.232,0.004,0.764
170500,0.189,0.009,0.802
171000,0.231,0.002,0.768
171500,0.289,0.000,0.711
172000,0.206,0.007,0.786
172500,0.177,0.011,0.812
173000,0.186,0.011,0.802
173500,0.193,0.021,0.785
174000,0.201,0.009,0.791
174500,0.184,0.003,0.814
175000,0.223,0.000,0.777
175500,0.221,0.005,0.774
176000,0.197,0.005,0.798
176500,0.205,0.002,0.794
177000,0.254,0.002,0.744
177500,0.280,0.007,0.713
178000,0.281,0.004,0.715
178500,0.259,0.005,0.736
179000,0.260,0.004,0.736
179500,0.255,0.001,0.745
180000,0.251,0.000,0.749
180500,0.211,0.000,0.789
181000,0.259,0.003,0.739
181500,0.284,0.001,0.716
182000,0.250,0.004,0.747
182500,0.259,0.001,0.741
183000,0.247,0.001,0.753
183500,0.258,0.002,0.741
184000,0.251,0.001,0.749
184500,0.246,0.001,0.753
185000,0.247,0.000,0.752
185500,0.253,0.000,0.747
186000,0.238,0.007,0.754
186500,0.274,0.001,0.725
187000,0.249,0.000,0.750
187500,0.219,0.000,0.781
188000,0.240,0.014,0.746
188500,0.254,0.005,0.741
189000,0.259,0.006,0.736
189500,0.233,0.001,0.766
190000,0.257,0.000,0.743
190500,0.317,0.000,0.683
191000,0.255,0.000,0.746
191500,0.228,0.004,0.768
192000,0.243,0.006,0.751
192500,0.263,0.003,0.734
193000,0.261,0.001,0.739
193500,0.270,0.000,0.730
194000,0.246,0.000,0.754
194500,0.223,0.000,0.777
195000,0.244,0.000,0.756
195500,0.242,0.009,0.750
196000,0.237,0.007,0.756
196500,0.252,0.006,0.742
197000,0.246,0.001,0.753
197500,0.275,0.007,0.718
198000,0.270,0.006,0.724
198500,0.279,0.001,0.721
199000,0.217,0.005,0.777
199500,0.206,0.001,0.792
200000,0.186,0.011,0.804
200500,0.172,0.015,0.813
201000,0.211,0.011,0.777
201500,0.244,0.003,0.753
202000,0.243,0.000,0.756
202500,0.214,0.000,0.786
203000,0.269,0.000,0.731
203500,0.247,0.003,0.749
204000,0.277,0.001,0.723
204500,0.255,0.000,0.746
205000,0.220,0.000,0.780
205500,0.216,0.007,0.777
206000,0.231,0.002,0.767
206500,0.248,0.002,0.751
207000,0.218,0.000,0.781
207500,0.198,0.003,0.799
208000,0.233,0.006,0.761
208500,0.252,0.001,0.748
209000,0.276,0.000,0.724
209500,0.264,0.000,0.736
210000,0.260,0.000,0.740
210500,0.223,0.004,0.773
211000,0.200,0.007,0.793
211500,0.229,0.004,0.767
212000,0.215,0.003,0.782
212500,0.245,0.003,0.751
213000,0.304,0.001,0.695
213500,0.264,0.000,0.736
214000,0.184,0.014,0.801
214500,0.264,0.002,0.734
215000,0.295,0.000,0.705
215500,0.253,0.000,0.747
216000,0.237,0.002,0.761
216500,0.218,0.001,0.781
217000,0.271,0.003,0.726
217500,0.246,0.007,0.746
218000,0.256,0.004,0.741
218500,0.279,0.009,0.712
219000,0.248,0.002,0.750
219500,0.233,0.005,0.762
220000,0.220,0.005,0.775
220500,0.205,0.003,0.792
221000,0.262,0.005,0.733
221500,0.214,0.002,0.783
222000,0.221,0.002,0.778
222500,0.241,0.011,0.749
223000,0.261,0.001,0.738
223500,0.277,0.000,0.723
224000,0.314,0.001,0.685
224500,0.330,0.000,0.670
225000,0.299,0.004,0.697
225500,0.236,0.001,0.763
226000,0.277,0.000,0.723
226500,0.260,0.000,0.740
227000,0.270,0.000,0.730
227500,0.289,0.000,0.711
228000,0.248,0.000,0.752
228500,0.299,0.000,0.701
229000,0.264,0.000,0.736
229500,0.227,0.003,0.771
230000,0.240,0.011,0.749
230500,0.273,0.004,0.724
231000,0.267,0.009,0.725
231500,0.294,0.003,0.703
232000,0.264,0.006,0.730
232500,0.245,0.002,0.754
233000,0.196,0.004,0.801
233500,0.188,0.026,0.786
234000,0.206,0.009,0.786
234500,0.254,0.003,0.744
235000,0.228,0.006,0.766
235500,0.266,0.005,0.729
236000,0.240,0.005,0.754
236500,0.211,0.001,0.787
237000,0.225,0.006,0.769
237500,0.257,0.004,0.740
238000,0.252,0.001,0.747
238500,0.262,0.005,0.733
239000,0.242,0.001,0.758
239500,0.274,0.001,0.726
240000,0.218,0.000,0.782
240500,0.238,0.005,0.757
241000,0.205,0.001,0.795
241500,0.157,0.008,0.836
242000,0.206,0.013,0.780
242500,0.224,0.002,0.775
243000,0.246,0.000,0.754
243500,0.258,0.000,0.742
244000,0.242,0.000,0.758
244500,0.243,0.004,0.753
245000,0.206,0.010,0.783
245500,0.172,0.007,0.820
246000,0.200,0.011,0.789
246500,0.211,0.002,0.786
247000,0.198,0.006,0.796
247500,0.257,0.009,0.734
248000,0.200,0.007,0.793
248500,0.223,0.009,0.768
249000,0.241,0.003,0.755
249500,0.201,0.007,0.792
250000,0.269,0.002,0.730
250500,0.246,0.001,0.754
251000,0.220,0.000,0.780
251500,0.203,0.009,0.789
252000,0.236,0.004,0.760
252500,0.221,0.000,0.779
253000,0.295,0.004,0.701
253500,0.275,0.001,0.725
254000,0.258,0.000,0.742
254500,0.246,0.000,0.754
255000,0.235,0.001,0.764
255500,0.319,0.000,0.681
256000,0.303,0.000,0.697
256500,0.261,0.002,0.738
257000,0.309,0.000,0.691
257500,0.259,0.004,0.737
258000,0.270,0.003,0.728
258500,0.231,0.002,0.768
259000,0.277,0.000,0.724
259500,0.235,0.000,0.764
260000,0.265,0.002,0.734
260500,0.292,0.000,0.708
261000,0.201,0.006,0.793
261500,0.243,0.003,0.754
262000,0.259,0.001,0.741
262500,0.251,0.003,0.746
263000,0.233,0.001,0.766
263500,0.244,0.001,0.756
264000,0.282,0.000,0.718
264500,0.318,0.000,0.682
265000,0.240,0.000,0.760
265500,0.214,0.000,0.786
266000,0.263,0.002,0.735
266500,0.248,0.013,0.738
267000,0.275,0.008,0.718
267500,0.231,0.009,0.760
268000,0.249,0.001,0.750
268500,0.242,0.001,0.757
269000,0.225,0.001,0.774
269500,0.206,0.012,0.782
270000,0.234,0.002,0.764
270500,0.211,0.003,0.786
271000,0.186,0.006,0.808
271500,0.206,0.011,0.783
272000,0.220,0.003,0.777
272500,0.230,0.000,0.770
273000,0.245,0.008,0.747
273500,0.255,0.002,0.744
274000,0.254,0.004,0.743
274500,0.249,0.000,0.751
275000,0.248,0.006,0.746
275500,0.297,0.001,0.703
276000,0.276,0.001,0.724
276500,0.211,0.004,0.786
277000,0.217,0.012,0.771
277500,0.241,0.002,0.758
278000,0.286,0.000,0.714
278500,0.312,0.000,0.688
279000,0.258,0.005,0.737
279500,0.303,0.001,0.697
280000,0.284,0.000,0.716
280500,0.234,0.004,0.761
281000,0.289,0.001,0.710
281500,0.272,0.000,0.728
282000,0.287,0.000,0.713
282500,0.276,0.000,0.724
283000,0.245,0.000,0.754
283500,0.223,0.000,0.777
284000,0.279,0.000,0.722
284500,0.299,0.000,0.701
285000,0.277,0.000,0.724
285500,0.246,0.000,0.754
286000,0.252,0.006,0.742
286500,0.224,0.001,0.776
287000,0.201,0.011,0.788
287500,0.222,0.006,0.772
288000,0.279,0.000,0.721
288500,0.291,0.000,0.709
289000,0.235,0.008,0.756
289500,0.265,0.003,0.733
290000,0.230,0.009,0.762
290500,0.256,0.001,0.743
291000,0.248,0.001,0.751
291500,0.233,0.001,0.767
292000,0.275,0.001,0.725
292500,0.274,0.000,0.726
293000,0.247,0.002,0.750
293500,0.227,0.003,0.770
294000,0.256,0.000,0.744
294500,0.201,0.003,0.796
295000,0.189,0.002,0.810
295500,0.165,0.005,0.831
296000,0.214,0.006,0.779
296500,0.207,0.022,0.771
297000,0.231,0.004,0.765
297500,0.289,0.002,0.709
298000,0.205,0.013,0.782
298500,0.228,0.011,0.762
299000,0.248,0.000,0.752
299500,0.257,0.000,0.743
300000,0.258,0.013,0.729
300500,0.210,0.002,0.788
301000,0.247,0.000,0.752
301500,0.226,0.006,0.768
302000,0.240,0.001,0.759
302500,0.216,0.001,0.784
303000,0.232,0.006,0.762
303500,0.230,0.002,0.768
304000,0.227,0.006,0.767
304500,0.231,0.007,0.762
305000,0.244,0.003,0.754
305500,0.247,0.001,0.753
306000,0.230,0.000,0.770
306500,0.226,0.004,0.771
307000,0.239,0.000,0.761
307500,0.232,0.000,0.768
308000,0.232,0.000,0.768
308500,0.247,0.000,0.752
309000,0.240,0.004,0.757
309500,0.243,0.002,0.754
310000,0.282,0.000,0.718
310500,0.289,0.007,0.704
311000,0.248,0.001,0.751
311500,0.269,0.000,0.732
312000,0.195,0.006,0.799
312500,0.202,0.026,0.772
313000,0.172,0.012,0.817
313500,0.231,0.004,0.766
314000,0.297,0.001,0.703
314500,0.254,0.000,0.746
315000,0.206,0.000,0.793
315500,0.207,0.006,0.787
316000,0.242,0.001,0.757
316500,0.180,0.000,0.820
317000,0.206,0.004,0.791
317500,0.232,0.001,0.768
318000,0.259,0.012,0.730
318500,0.189,0.012,0.799
319000,0.225,0.001,0.775
319500,0.227,0.005,0.768
320000,0.215,0.006,0.779
320500,0.206,0.007,0.786
321000,0.254,0.006,0.740
321500,0.291,0.000,0.709
322000,0.266,0.000,0.734
322500,0.226,0.000,0.774
323000,0.220,0.003,0.777
323500,0.234,0.002,0.764
324000,0.232,0.002,0.767
324500,0.246,0.000,0.754
325000,0.271,0.000,0.730
325500,0.232,0.000,0.768
326000,0.177,0.015,0.808
326500,0.174,0.007,0.819
327000,0.224,0.004,0.772
327500,0.239,0.001,0.759
328000,0.236,0.000,0.764
328500,0.239,0.000,0.760
329000,0.245,0.004,0.751
329500,0.203,0.006,0.790
330000,0.195,0.009,0.797
330500,0.204,0.001,0.794
331000,0.275,0.000,0.726
331500,0.316,0.000,0.684
332000,0.281,0.000,0.719
332500,0.294,0.006,0.700
333000,0.226,0.001,0.774
333500,0.219,0.006,0.775
334000,0.235,0.007,0.758
334500,0.253,0.002,0.745
335000,0.215,0.002,0.783
335500,0.232,0.001,0.768
336000,0.218,0.000,0.782
336500,0.238,0.000,0.762
337000,0.241,0.006,0.752
337500,0.261,0.002,0.737
338000,0.268,0.005,0.727
338500,0.214,0.000,0.786
339000,0.289,0.002,0.709
339500,0.234,0.001,0.765
340000,0.278,0.007,0.715
340500,0.314,0.001,0.685
341000,0.257,0.001,0.743
341500,0.185,0.007,0.807
342000,0.184,0.002,0.814
342500,0.213,0.009,0.779
343000,0.281,0.003,0.717
343500,0.216,0.007,0.776
344000,0.294,0.002,0.704
344500,0.286,0.000,0.714
345000,0.253,0.000,0.748
345500,0.268,0.000,0.732
346000,0.238,0.003,0.760
346500,0.267,0.000,0.733
347000,0.277,0.000,0.723
347500,0.229,0.000,0.771
348000,0.282,0.000,0.718
348500,0.277,0.004,0.720
349000,0.242,0.003,0.755
349500,0.276,0.001,0.724
350000,0.273,0.000,0.727
350500,0.266,0.000,0.734
351000,0.282,0.000,0.718
351500,0.258,0.002,0.741
352000,0.263,0.002,0.736
352500,0.241,0.003,0.756
353000,0.251,0.004,0.746
353500,0.202,0.005,0.793
354000,0.225,0.003,0.773
354500,0.247,0.002,0.751
355000,0.212,0.009,0.778
355500,0.208,0.003,0.789
356000,0.260,0.007,0.733
356500,0.248,0.000,0.752
357000,0.250,0.001,0.749
357500,0.301,0.001,0.699
358000,0.274,0.000,0.726
358500,0.203,0.004,0.793
359000,0.212,0.002,0.786
359500,0.282,0.000,0.718
360000,0.228,0.005,0.767
360500,0.226,0.007,0.767
361000,0.270,0.001,0.729
361500,0.260,0.006,0.734
362000,0.262,0.001,0.738
362500,0.215,0.005,0.780
363000,0.241,0.004,0.754
363500,0.198,0.004,0.798
364000,0.194,0.018,0.788
364500,0.197,0.007,0.795
365000,0.233,0.003,0.765
365500,0.256,0.002,0.742
366000,0.272,0.004,0.724
366500,0.231,0.007,0.762
367000,0.256,0.004,0.740
367500,0.294,0.001,0.705
368000,0.247,0.000,0.752
368500,0.186,0.009,0.804
369000,0.206,0.017,0.776
369500,0.205,0.007,0.788
370000,0.191,0.029,0.779
370500,0.252,0.006,0.742
371000,0.258,0.001,0.742
371500,0.285,0.000,0.715
372000,0.223,0.006,0.771
372500,0.317,0.003,0.681
373000,0.265,0.013,0.722
373500,0.269,0.003,0.729
374000,0.295,0.005,0.699
374500,0.252,0.000,0.748
375000,0.241,0.000,0.759
375500,0.301,0.000,0.699
376000,0.246,0.010,0.744
376500,0.234,0.001,0.765
377000,0.229,0.007,0.764
377500,0.204,0.002,0.795
378000,0.229,0.004,0.768
378500,0.254,0.006,0.740
379000,0.202,0.004,0.794
379500,0.205,0.007,0.788
380000,0.234,0.004,0.763
380500,0.282,0.000,0.718
381000,0.353,0.000,0.647
381500,0.277,0.000,0.724
382000,0.212,0.003,0.784
382500,0.295,0.002,0.703
383000,0.252,0.000,0.748
383500,0.190,0.001,0.809
384000,0.223,0.000,0.777
384500,0.229,0.004,0.767
385000,0.259,0.001,0.741
385500,0.251,0.000,0.749
386000,0.229,0.003,0.769
386500,0.234,0.007,0.759
387000,0.168,0.017,0.816
387500,0.204,0.006,0.789
388000,0.200,0.003,0.797
388500,0.229,0.009,0.762
389000,0.228,0.004,0.768
389500,0.238,0.001,0.761
390000,0.252,0.003,0.745
390500,0.234,0.000,0.766
391000,0.237,0.000,0.762
391500,0.253,0.000,0.747
392000,0.249,0.000,0.751
392500,0.209,0.004,0.787
393000,0.238,0.001,0.761
393500,0.212,0.009,0.778
394000,0.203,0.002,0.795
394500,0.236,0.002,0.762
395000,0.210,0.007,0.783
395500,0.205,0.007,0.787
396000,0.263,0.002,0.736
396500,0.264,0.000,0.736
397000,0.236,0.000,0.764
397500,0.240,0.005,0.755
398000,0.210,0.000,0.790
398500,0.150,0.005,0.845
399000,0.246,0.013,0.741
399500,0.298,0.003,0.699
400000,0.209,0.001,0.790
400500,0.237,0.001,0.762
401000,0.218,0.003,0.778
401500,0.237,0.000,0.762
402000,0.262,0.002,0.736
402500,0.226,0.004,0.770
403000,0.273,0.001,0.727
403500,0.256,0.000,0.744
404000,0.213,0.006,0.781
404500,0.241,0.002,0.756
405000,0.240,0.004,0.756
405500,0.255,0.007,0.738
406000,0.236,0.004,0.760
406500,0.215,0.006,0.779
407000,0.233,0.002,0.765
407500,0.281,0.001,0.718
408000,0.177,0.002,0.822
408500,0.193,0.001,0.806
409000,0.223,0.001,0.777
409500,0.253,0.007,0.740
410000,0.241,0.011,0.749
410500,0.230,0.007,0.763
411000,0.291,0.001,0.709
411500,0.295,0.000,0.705
412000,0.259,0.000,0.741
412500,0.244,0.005,0.751
413000,0.246,0.001,0.753
413500,0.197,0.006,0.797
414000,0.216,0.006,0.777
414500,0.199,0.006,0.795
415000,0.280,0.007,0.713
415500,0.253,0.002,0.746
416000,0.300,0.005,0.695
416500,0.237,0.001,0.762
417000,0.273,0.003,0.725
417500,0.303,0.001,0.696
418000,0.278,0.004,0.719
418500,0.228,0.001,0.772
419000,0.214,0.009,0.777
419500,0.216,0.002,0.782
420000,0.236,0.004,0.760
420500,0.273,0.000,0.727
421000,0.227,0.002,0.771
421500,0.207,0.000,0.793
422000,0.196,0.005,0.799
422500,0.182,0.001,0.817
423000,0.242,0.010,0.748
423500,0.213,0.003,0.784
424000,0.209,0.004,0.787
424500,0.209,0.002,0.790
425000,0.255,0.002,0.743
425500,0.235,0.006,0.758
426000,0.250,0.001,0.750
426500,0.293,0.000,0.707
427000,0.271,0.000,0.730
427500,0.222,0.003,0.775
428000,0.206,0.000,0.793
428500,0.213,0.000,0.787
429000,0.211,0.001,0.788
429500,0.241,0.001,0.758
430000,0.260,0.006,0.734
430500,0.226,0.003,0.772
431000,0.243,0.003,0.755
431500,0.227,0.000,0.773
432000,0.226,0.002,0.772
432500,0.229,0.004,0.768
433000,0.218,0.006,0.775
433500,0.230,0.003,0.767
434000,0.242,0.009,0.750
434500,0.247,0.002,0.752
435000,0.266,0.001,0.734
435500,0.219,0.003,0.778
436000,0.260,0.006,0.734
436500,0.246,0.002,0.752
437000,0.254,0.005,0.741
437500,0.282,0.008,0.710
438000,0.265,0.001,0.735
438500,0.245,0.001,0.755
439000,0.259,0.000,0.741
439500,0.248,0.006,0.746
440000,0.234,0.002,0.764
440500,0.337,0.002,0.662
441000,0.281,0.001,0.718
441500,0.277,0.000,0.724
442000,0.258,0.000,0.742
442500,0.239,0.000,0.760
443000,0.277,0.001,0.722
443500,0.274,0.000,0.726
444000,0.236,0.002,0.762
444500,0.219,0.006,0.775
445000,0.241,0.001,0.759
445500,0.247,0.000,0.752
446000,0.249,0.000,0.750
446500,0.258,0.000,0.742
447000,0.242,0.000,0.758
447500,0.251,0.001,0.749
448000,0.263,0.000,0.738
448500,0.277,0.003,0.721
449000,0.254,0.010,0.736
449500,0.259,0.007,0.734
450000,0.255,0.003,0.743
450500,0.245,0.001,0.754
451000,0.302,0.001,0.697
451500,0.337,0.004,0.659
452000,0.254,0.001,0.746
452500,0.227,0.006,0.767
453000,0.193,0.018,0.789
453500,0.178,0.007,0.815
454000,0.216,0.009,0.774
454500,0.265,0.003,0.733
455000,0.308,0.000,0.692
455500,0.288,0.000,0.712
456000,0.259,0.001,0.740
456500,0.267,0.007,0.726
457000,0.249,0.007,0.744
457500,0.226,0.005,0.769
458000,0.240,0.002,0.759
458500,0.272,0.000,0.728
459000,0.233,0.006,0.761
459500,0.211,0.002,0.787
460000,0.243,0.009,0.748
460500,0.220,0.004,0.776
461000,0.282,0.002,0.717
461500,0.291,0.000,0.709
462000,0.223,0.001,0.776
462500,0.227,0.000,0.773
463000,0.201,0.003,0.796
463500,0.216,0.005,0.779
464000,0.209,0.002,0.788
464500,0.215,0.004,0.780
465000,0.216,0.007,0.776
465500,0.214,0.001,0.785
466000,0.232,0.005,0.763
466500,0.208,0.012,0.779
467000,0.220,0.006,0.774
467500,0.278,0.001,0.722
468000,0.224,0.000,0.776
468500,0.255,0.003,0.743
469000,0.316,0.001,0.684
469500,0.260,0.009,0.732
470000,0.291,0.002,0.707
470500,0.270,0.000,0.730
471000,0.239,0.000,0.761
471500,0.243,0.001,0.755
472000,0.285,0.002,0.713
472500,0.211,0.001,0.787
473000,0.235,0.004,0.761
473500,0.304,0.000,0.696
474000,0.321,0.000,0.679
474500,0.332,0.000,0.668
475000,0.318,0.000,0.682
475500,0.281,0.000,0.720
476000,0.256,0.009,0.736
476500,0.278,0.002,0.721
477000,0.296,0.000,0.704
477500,0.261,0.000,0.740
478000,0.240,0.000,0.760
478500,0.250,0.002,0.748
479000,0.245,0.002,0.753
479500,0.253,0.001,0.747
480000,0.241,0.002,0.756
480500,0.253,0.000,0.747
481000,0.222,0.018,0.761
481500,0.216,0.002,0.782
482000,0.218,0.000,0.781
482500,0.211,0.013,0.776
483000,0.227,0.003,0.771
483500,0.214,0.010,0.775
484000,0.221,0.001,0.779
484500,0.275,0.000,0.725
485000,0.218,0.006,0.776
485500,0.267,0.001,0.733
486000,0.268,0.000,0.732
486500,0.316,0.000,0.684
487000,0.244,0.002,0.755
487500,0.254,0.004,0.742
488000,0.217,0.004,0.779
488500,0.225,0.002,0.773
489000,0.252,0.003,0.746
489500,0.216,0.000,0.783
490000,0.268,0.000,0.732
490500,0.283,0.002,0.715
491000,0.257,0.001,0.743
491500,0.249,0.001,0.751
492000,0.222,0.001,0.778
492500,0.222,0.001,0.778
493000,0.244,0.004,0.751
493500,0.215,0.001,0.784
494000,0.236,0.000,0.764
494500,0.242,0.002,0.757
495000,0.256,0.000,0.744
495500,0.260,0.000,0.740
496000,0.227,0.000,0.773
496500,0.223,0.000,0.777
497000,0.356,0.000,0.643
497500,0.270,0.000,0.730
498000,0.238,0.013,0.748
498500,0.211,0.006,0.782
499000,0.245,0.004,0.750
499500,0.237,0.000,0.763
500000,0.228,0.000,0.772
500500,0.206,0.001,0.793
501000,0.212,0.022,0.766
501500,0.197,0.007,0.796
502000,0.220,0.004,0.777
502500,0.196,0.005,0.799
503000,0.204,0.011,0.786
503500,0.234,0.002,0.764
504000,0.242,0.001,0.757
504500,0.309,0.000,0.691
505000,0.239,0.000,0.760
505500,0.251,0.002,0.748
506000,0.270,0.004,0.726
506500,0.247,0.007,0.745
507000,0.246,0.001,0.754
507500,0.220,0.000,0.780
508000,0.309,0.000,0.691
508500,0.244,0.000,0.756
509000,0.252,0.003,0.746
509500,0.263,0.000,0.738
510000,0.281,0.000,0.719
510500,0.263,0.000,0.737
511000,0.256,0.000,0.744
511500,0.259,0.004,0.738
512000,0.202,0.006,0.792
512500,0.189,0.014,0.797
513000,0.172,0.015,0.812
513500,0.232,0.002,0.766
514000,0.259,0.002,0.739
514500,0.282,0.002,0.716
515000,0.318,0.000,0.682
515500,0.252,0.000,0.748
516000,0.249,0.005,0.745
516500,0.265,0.001,0.735
517000,0.298,0.004,0.698
517500,0.302,0.000,0.698
518000,0.279,0.009,0.712
518500,0.276,0.003,0.722
519000,0.297,0.000,0.703
519500,0.241,0.005,0.754
520000,0.258,0.001,0.741
520500,0.255,0.004,0.742
521000,0.280,0.001,0.720
521500,0.257,0.000,0.744
522000,0.242,0.000,0.758
522500,0.209,0.004,0.787
523000,0.230,0.002,0.768
523500,0.228,0.000,0.772
524000,0.261,0.000,0.740
524500,0.330,0.000,0.670
525000,0.296,0.000,0.704
525500,0.249,0.000,0.750
526000,0.226,0.005,0.769
526500,0.219,0.000,0.781
527000,0.274,0.001,0.726
527500,0.198,0.004,0.799
528000,0.200,0.001,0.800
528500,0.266,0.004,0.730
529000,0.283,0.001,0.717
529500,0.305,0.001,0.695
530000,0.292,0.000,0.708
530500,0.257,0.004,0.739
531000,0.230,0.001,0.770
531500,0.262,0.004,0.734
532000,0.260,0.001,0.740
532500,0.266,0.002,0.732
533000,0.294,0.001,0.705
533500,0.305,0.000,0.695
534000,0.280,0.000,0.720
534500,0.234,0.000,0.766
535000,0.225,0.001,0.775
535500,0.254,0.001,0.745
536000,0.237,0.004,0.760
536500,0.248,0.006,0.746
537000,0.250,0.002,0.748
537500,0.214,0.001,0.785
538000,0.275,0.000,0.726
538500,0.261,0.000,0.739
539000,0.275,0.000,0.725
539500,0.230,0.013,0.757
540000,0.233,0.001,0.766
540500,0.271,0.004,0.725
541000,0.222,0.001,0.778
541500,0.238,0.000,0.762
542000,0.203,0.009,0.788
542500,0.173,0.011,0.816
543000,0.185,0.004,0.811
543500,0.194,0.000,0.806
544000,0.245,0.000,0.754
544500,0.247,0.001,0.752
545000,0.252,0.001,0.747
545500,0.302,0.001,0.697
546000,0.275,0.000,0.725
546500,0.296,0.000,0.704
547000,0.242,0.000,0.758
547500,0.262,0.000,0.738
548000,0.259,0.000,0.741
548500,0.236,0.002,0.762
549000,0.256,0.000,0.744
549500,0.222,0.007,0.771
550000,0.240,0.012,0.748
550500,0.235,0.002,0.762
551000,0.326,0.002,0.672
551500,0.283,0.001,0.717
552000,0.238,0.001,0.761
552500,0.235,0.003,0.762
553000,0.197,0.006,0.797
553500,0.266,0.013,0.721
554000,0.248,0.003,0.749
554500,0.237,0.004,0.759
555000,0.214,0.005,0.781
555500,0.242,0.000,0.758
556000,0.203,0.000,0.797
556500,0.232,0.003,0.765
557000,0.232,0.001,0.767
557500,0.228,0.005,0.767
558000,0.236,0.006,0.758
558500,0.238,0.005,0.757
559000,0.251,0.000,0.749
559500,0.243,0.006,0.751
560000,0.256,0.001,0.743
560500,0.289,0.006,0.705
561000,0.314,0.001,0.685
561500,0.292,0.001,0.708
562000,0.256,0.001,0.744
562500,0.234,0.005,0.761
563000,0.243,0.003,0.755
563500,0.270,0.001,0.730
564000,0.289,0.000,0.711
564500,0.241,0.000,0.759
565000,0.239,0.001,0.761
565500,0.234,0.001,0.765
566000,0.253,0.000,0.748
566500,0.247,0.000,0.752
567000,0.224,0.013,0.763
567500,0.199,0.002,0.800
568000,0.259,0.003,0.739
568500,0.269,0.000,0.731
569000,0.269,0.003,0.729
569500,0.263,0.002,0.736
570000,0.228,0.004,0.768
570500,0.234,0.003,0.763
571000,0.231,0.000,0.769
571500,0.286,0.002,0.712
572000,0.252,0.000,0.748
572500,0.232,0.000,0.768
573000,0.216,0.002,0.782
573500,0.239,0.002,0.759
574000,0.246,0.003,0.752
574500,0.231,0.005,0.764
575000,0.230,0.002,0.768
575500,0.195,0.002,0.803
576000,0.221,0.009,0.770
576500,0.232,0.004,0.764
577000,0.235,0.007,0.758
577500,0.225,0.003,0.773
578000,0.254,0.001,0.746
578500,0.268,0.001,0.732
579000,0.211,0.001,0.789
579500,0.201,0.007,0.792
580000,0.278,0.000,0.722
580500,0.255,0.000,0.746
581000,0.256,0.000,0.744
581500,0.239,0.000,0.761
582000,0.216,0.002,0.783
582500,0.224,0.000,0.776
583000,0.233,0.009,0.758
583500,0.228,0.001,0.772
584000,0.214,0.000,0.786
584500,0.223,0.002,0.776
585000,0.264,0.003,0.733
585500,0.248,0.000,0.752
586000,0.244,0.002,0.754
586500,0.251,0.000,0.750
587000,0.192,0.003,0.805
587500,0.252,0.000,0.748
588000,0.256,0.000,0.744
588500,0.244,0.001,0.755
589000,0.231,0.000,0.769
589500,0.215,0.000,0.784
590000,0.247,0.004,0.748
590500,0.235,0.002,0.762
591000,0.243,0.004,0.752
591500,0.245,0.001,0.754
592000,0.235,0.004,0.760
592500,0.234,0.002,0.764
593000,0.221,0.005,0.774
593500,0.233,0.001,0.767
594000,0.175,0.007,0.818
594500,0.212,0.005,0.783
595000,0.265,0.004,0.732
595500,0.277,0.004,0.719
596000,0.244,0.004,0.752
596500,0.249,0.001,0.750
597000,0.239,0.004,0.757
597500,0.244,0.001,0.755
598000,0.234,0.001,0.765
598500,0.223,0.002,0.776
599000,0.222,0.000,0.778
599500,0.246,0.005,0.748
600000,0.249,0.009,0.742
600500,0.270,0.006,0.724
601000,0.209,0.009,0.782
601500,0.251,0.001,0.749
602000,0.260,0.000,0.740
602500,0.244,0.000,0.756
603000,0.250,0.000,0.750
603500,0.227,0.001,0.773
604000,0.251,0.001,0.749
604500,0.230,0.004,0.766
605000,0.263,0.000,0.738
605500,0.222,0.005,0.773
606000,0.202,0.012,0.786
606500,0.232,0.005,0.763
607000,0.226,0.001,0.773
607500,0.217,0.007,0.776
608000,0.260,0.001,0.739
608500,0.272,0.000,0.728
609000,0.220,0.000,0.780
609500,0.258,0.000,0.742
610000,0.266,0.001,0.733
610500,0.250,0.001,0.750
611000,0.216,0.004,0.780
611500,0.262,0.000,0.738
612000,0.235,0.004,0.761
612500,0.254,0.003,0.743
613000,0.223,0.006,0.771
613500,0.232,0.008,0.760
614000,0.239,0.002,0.760
614500,0.278,0.001,0.721
615000,0.246,0.000,0.754
615500,0.229,0.006,0.765
616000,0.279,0.001,0.720
616500,0.243,0.006,0.751
617000,0.297,0.002,0.702
617500,0.227,0.004,0.769
618000,0.228,0.007,0.765
618500,0.259,0.004,0.737
619000,0.241,0.000,0.759
619500,0.299,0.004,0.697
620000,0.235,0.003,0.763
620500,0.247,0.009,0.745
621000,0.224,0.001,0.776
621500,0.239,0.001,0.759
622000,0.272,0.000,0.728
622500,0.230,0.000,0.770
623000,0.206,0.003,0.791
623500,0.267,0.002,0.731
624000,0.211,0.007,0.782
624500,0.207,0.010,0.783
625000,0.236,0.010,0.754
625500,0.231,0.001,0.769
626000,0.282,0.004,0.714
626500,0.261,0.001,0.738
627000,0.234,0.000,0.766
627500,0.217,0.000,0.782
628000,0.218,0.000,0.781
628500,0.233,0.003,0.765
629000,0.311,0.001,0.689
629500,0.265,0.000,0.735
630000,0.256,0.001,0.743
630500,0.190,0.000,0.810
631000,0.189,0.000,0.811
631500,0.193,0.004,0.802
632000,0.224,0.001,0.776
632500,0.185,0.004,0.811
633000,0.230,0.002,0.769
633500,0.203,0.003,0.793
634000,0.209,0.006,0.784
634500,0.215,0.003,0.782
635000,0.256,0.005,0.739
635500,0.252,0.001,0.748
636000,0.226,0.002,0.772
636500,0.212,0.006,0.781
637000,0.259,0.001,0.740
637500,0.211,0.001,0.789
638000,0.208,0.012,0.779
638500,0.255,0.001,0.744
639000,0.233,0.005,0.762
639500,0.227,0.001,0.773
640000,0.251,0.000,0.750
640500,0.320,0.000,0.680
641000,0.279,0.004,0.717
641500,0.252,0.007,0.741
642000,0.251,0.001,0.749
642500,0.282,0.000,0.718
643000,0.270,0.001,0.730
643500,0.244,0.006,0.750
644000,0.193,0.016,0.791
644500,0.196,0.003,0.802
645000,0.236,0.011,0.752
645500,0.204,0.009,0.787
646000,0.254,0.004,0.743
646500,0.262,0.001,0.738
647000,0.234,0.005,0.761
647500,0.246,0.009,0.745
648000,0.234,0.004,0.763
648500,0.170,0.007,0.823
649000,0.191,0.009,0.801
649500,0.247,0.005,0.748
650000,0.224,0.003,0.773
650500,0.227,0.004,0.770
651000,0.246,0.004,0.749
651500,0.243,0.005,0.752
652000,0.239,0.003,0.757
652500,0.240,0.006,0.754
653000,0.196,0.000,0.804
653500,0.224,0.000,0.776
654000,0.254,0.000,0.746
654500,0.252,0.003,0.746
655000,0.272,0.000,0.728
655500,0.244,0.001,0.755
656000,0.259,0.002,0.740
656500,0.281,0.002,0.717
657000,0.251,0.000,0.749
657500,0.235,0.004,0.760
658000,0.290,0.003,0.707
658500,0.277,0.001,0.723
659000,0.289,0.004,0.706
659500,0.238,0.006,0.755
660000,0.259,0.007,0.734
660500,0.248,0.006,0.746
661000,0.190,0.001,0.809
661500,0.254,0.000,0.746
662000,0.278,0.003,0.720
662500,0.255,0.005,0.740
663000,0.246,0.006,0.747
663500,0.238,0.002,0.760
664000,0.293,0.000,0.707
664500,0.267,0.007,0.726
665000,0.202,0.002,0.796
665500,0.270,0.001,0.729
666000,0.310,0.000,0.690
666500,0.304,0.000,0.696
667000,0.237,0.000,0.763
667500,0.210,0.003,0.787
668000,0.194,0.007,0.799
668500,0.222,0.006,0.772
669000,0.273,0.004,0.724
669500,0.230,0.000,0.770
670000,0.200,0.005,0.795
670500,0.186,0.012,0.801
671000,0.225,0.004,0.771
671500,0.204,0.003,0.792
672000,0.222,0.002,0.777
672500,0.273,0.000,0.727
673000,0.233,0.015,0.752
673500,0.276,0.004,0.720
674000,0.244,0.000,0.756
674500,0.213,0.007,0.780
675000,0.264,0.001,0.736
675500,0.246,0.001,0.753
676000,0.231,0.003,0.766
676500,0.266,0.002,0.732
677000,0.266,0.001,0.734
677500,0.254,0.004,0.742
678000,0.221,0.009,0.771
678500,0.204,0.004,0.791
679000,0.212,0.002,0.786
679500,0.196,0.003,0.801
680000,0.197,0.001,0.802
680500,0.211,0.002,0.787
681000,0.186,0.002,0.811
681500,0.220,0.006,0.774
682000,0.249,0.001,0.751
682500,0.208,0.004,0.788
683000,0.235,0.001,0.764
683500,0.268,0.000,0.732
684000,0.292,0.000,0.708
684500,0.247,0.000,0.752
685000,0.241,0.000,0.759
685500,0.294,0.003,0.704
686000,0.242,0.000,0.758
686500,0.253,0.000,0.748
687000,0.198,0.010,0.792
687500,0.228,0.006,0.766
688000,0.231,0.006,0.763
688500,0.203,0.003,0.794
689000,0.227,0.001,0.773
689500,0.243,0.000,0.756
690000,0.213,0.004,0.782
690500,0.279,0.007,0.714
691000,0.234,0.000,0.766
691500,0.249,0.000,0.750
692000,0.315,0.000,0.685
692500,0.270,0.004,0.726
693000,0.246,0.000,0.754
693500,0.265,0.000,0.735
694000,0.290,0.000,0.710
694500,0.253,0.000,0.748
695000,0.201,0.008,0.791
695500,0.229,0.001,0.770
696000,0.252,0.001,0.748
696500,0.245,0.003,0.752
697000,0.231,0.000,0.769
697500,0.272,0.005,0.723
698000,0.253,0.003,0.745
698500,0.254,0.009,0.737
699000,0.202,0.007,0.791
699500,0.217,0.007,0.776
700000,0.246,0.004,0.750
700500,0.200,0.004,0.797
701000,0.209,0.009,0.782
701500,0.250,0.001,0.749
702000,0.236,0.002,0.762
702500,0.225,0.000,0.775
703000,0.280,0.002,0.718
703500,0.261,0.000,0.739
704000,0.278,0.000,0.722
704500,0.227,0.000,0.773
705000,0.249,0.000,0.751
705500,0.230,0.004,0.766
706000,0.264,0.007,0.729
706500,0.291,0.004,0.706
707000,0.267,0.004,0.730
707500,0.228,0.003,0.769
708000,0.265,0.001,0.735
708500,0.260,0.009,0.731
709000,0.268,0.001,0.732
709500,0.254,0.009,0.737
710000,0.291,0.002,0.707
710500,0.254,0.000,0.746
711000,0.233,0.000,0.767
711500,0.220,0.006,0.774
712000,0.222,0.002,0.777
712500,0.258,0.003,0.739
713000,0.213,0.004,0.782
713500,0.198,0.006,0.796
714000,0.145,0.016,0.839
714500,0.208,0.005,0.787
715000,0.203,0.009,0.788
715500,0.279,0.001,0.721
716000,0.256,0.005,0.739
716500,0.249,0.004,0.746
717000,0.213,0.013,0.775
717500,0.263,0.001,0.737
718000,0.273,0.001,0.727
718500,0.258,0.000,0.742
719000,0.250,0.000,0.750
719500,0.254,0.002,0.745
720000,0.248,0.010,0.742
720500,0.177,0.004,0.819
721000,0.183,0.006,0.811
721500,0.186,0.009,0.806
722000,0.189,0.010,0.801
722500,0.183,0.005,0.811
723000,0.220,0.005,0.775
723500,0.269,0.001,0.731
724000,0.243,0.005,0.752
724500,0.242,0.005,0.753
725000,0.230,0.004,0.767
725500,0.205,0.005,0.790
726000,0.248,0.002,0.750
726500,0.235,0.000,0.764
727000,0.263,0.000,0.738
727500,0.291,0.000,0.709
728000,0.285,0.004,0.711
728500,0.232,0.001,0.767
729000,0.222,0.003,0.775
729500,0.255,0.006,0.739
730000,0.255,0.014,0.731
730500,0.256,0.004,0.740
731000,0.287,0.001,0.713
731500,0.270,0.001,0.730
732000,0.242,0.000,0.758
732500,0.315,0.000,0.685
733000,0.282,0.002,0.716
733500,0.246,0.000,0.754
734000,0.253,0.001,0.747
734500,0.212,0.003,0.784
735000,0.206,0.016,0.778
735500,0.213,0.009,0.778
736000,0.215,0.003,0.782
736500,0.233,0.000,0.767
737000,0.258,0.009,0.733
737500,0.290,0.003,0.707
738000,0.281,0.001,0.719
738500,0.271,0.000,0.730
739000,0.260,0.000,0.740
739500,0.256,0.000,0.744
740000,0.222,0.004,0.774
740500,0.201,0.001,0.798
741000,0.196,0.004,0.801
741500,0.244,0.006,0.749
742000,0.237,0.004,0.759
742500,0.320,0.002,0.679
743000,0.251,0.002,0.747
743500,0.256,0.002,0.742
744000,0.229,0.000,0.771
744500,0.204,0.004,0.791
745000,0.259,0.004,0.737
745500,0.275,0.009,0.716
746000,0.286,0.007,0.706
746500,0.222,0.002,0.777
747000,0.278,0.005,0.717
747500,0.216,0.001,0.783
748000,0.225,0.000,0.775
748500,0.211,0.000,0.788
749000,0.193,0.004,0.803
749500,0.213,0.001,0.787
750000,0.243,0.005,0.751
750500,0.247,0.001,0.752
751000,0.176,0.011,0.813
751500,0.204,0.004,0.793
752000,0.218,0.013,0.768
752500,0.259,0.001,0.741
753000,0.264,0.000,0.736
753500,0.244,0.000,0.756
754000,0.275,0.004,0.722
754500,0.268,0.003,0.729
755000,0.231,0.001,0.769
755500,0.216,0.003,0.781
756000,0.282,0.001,0.717
756500,0.234,0.000,0.766
757000,0.255,0.000,0.745
757500,0.242,0.000,0.758
758000,0.251,0.002,0.747
758500,0.174,0.000,0.826
759000,0.258,0.000,0.742
759500,0.240,0.000,0.760
760000,0.258,0.000,0.742
760500,0.265,0.000,0.736
761000,0.247,0.004,0.748
761500,0.234,0.004,0.762
762000,0.265,0.000,0.736
762500,0.256,0.004,0.740
763000,0.202,0.004,0.794
763500,0.189,0.011,0.801
764000,0.197,0.009,0.795
764500,0.228,0.001,0.771
765000,0.239,0.000,0.761
765500,0.259,0.000,0.741
766000,0.247,0.009,0.745
766500,0.224,0.005,0.771
767000,0.206,0.002,0.792
767500,0.282,0.000,0.718
768000,0.226,0.000,0.774
768500,0.242,0.000,0.758
769000,0.242,0.005,0.753
769500,0.234,0.006,0.760
770000,0.267,0.006,0.727
770500,0.221,0.005,0.774
771000,0.214,0.001,0.785
771500,0.280,0.002,0.718
772000,0.262,0.001,0.737
772500,0.241,0.000,0.759
773000,0.222,0.007,0.771
773500,0.216,0.004,0.780
774000,0.176,0.005,0.819
774500,0.214,0.000,0.786
775000,0.281,0.000,0.719
775500,0.230,0.003,0.768
776000,0.251,0.000,0.750
776500,0.266,0.002,0.732
777000,0.274,0.000,0.726
777500,0.265,0.000,0.736
778000,0.250,0.001,0.749
778500,0.278,0.004,0.718
779000,0.249,0.004,0.747
779500,0.263,0.004,0.733
780000,0.237,0.001,0.762
780500,0.242,0.005,0.752
781000,0.272,0.005,0.723
781500,0.243,0.007,0.750
782000,0.197,0.009,0.794
782500,0.215,0.006,0.779
783000,0.263,0.001,0.737
783500,0.284,0.000,0.716
784000,0.230,0.000,0.770
784500,0.270,0.000,0.730
785000,0.253,0.000,0.748
785500,0.234,0.002,0.764
786000,0.215,0.000,0.784
786500,0.204,0.006,0.790
787000,0.255,0.001,0.745
787500,0.214,0.003,0.783
788000,0.217,0.001,0.782
788500,0.218,0.000,0.782
789000,0.236,0.005,0.759
789500,0.228,0.004,0.769
790000,0.234,0.001,0.766
790500,0.250,0.009,0.741
791000,0.203,0.011,0.786
791500,0.221,0.001,0.779
792000,0.194,0.005,0.801
792500,0.211,0.002,0.787
793000,0.228,0.010,0.762
793500,0.247,0.007,0.746
794000,0.301,0.001,0.699
794500,0.277,0.000,0.723
795000,0.253,0.000,0.747
795500,0.269,0.000,0.732
796000,0.243,0.000,0.756
796500,0.243,0.000,0.757
797000,0.264,0.003,0.734
797500,0.207,0.007,0.785
798000,0.281,0.001,0.718
798500,0.255,0.000,0.746
799000,0.258,0.007,0.735
799500,0.230,0.005,0.765
800000,0.220,0.006,0.774
800500,0.247,0.005,0.747
801000,0.230,0.001,0.769
801500,0.280,0.000,0.720
802000,0.214,0.013,0.773
802500,0.212,0.011,0.777
803000,0.236,0.001,0.763
803500,0.208,0.009,0.782
804000,0.208,0.005,0.787
804500,0.254,0.004,0.742
805000,0.290,0.003,0.708
805500,0.259,0.000,0.741
806000,0.235,0.000,0.764
806500,0.234,0.000,0.766
807000,0.217,0.010,0.772
807500,0.269,0.002,0.729
808000,0.233,0.001,0.766
808500,0.202,0.007,0.791
809000,0.196,0.002,0.803
809500,0.256,0.000,0.744
810000,0.227,0.000,0.773
810500,0.280,0.000,0.720
811000,0.265,0.000,0.735
811500,0.245,0.007,0.748
812000,0.257,0.001,0.742
812500,0.236,0.000,0.764
813000,0.220,0.000,0.780
813500,0.267,0.002,0.732
814000,0.280,0.001,0.720
814500,0.276,0.010,0.714
815000,0.225,0.002,0.774
815500,0.276,0.000,0.724
816000,0.285,0.000,0.715
816500,0.261,0.000,0.740
817000,0.263,0.003,0.735
817500,0.249,0.000,0.750
818000,0.262,0.006,0.732
818500,0.224,0.004,0.773
819000,0.208,0.011,0.781
819500,0.225,0.009,0.766
820000,0.200,0.002,0.799
820500,0.245,0.000,0.754
821000,0.178,0.001,0.821
821500,0.247,0.004,0.749
822000,0.253,0.001,0.747
822500,0.202,0.003,0.795
823000,0.210,0.000,0.790
823500,0.233,0.001,0.766
824000,0.260,0.001,0.739
824500,0.227,0.000,0.773
825000,0.216,0.010,0.773
825500,0.236,0.008,0.756
826000,0.223,0.001,0.776
826500,0.281,0.000,0.719
827000,0.275,0.002,0.724
827500,0.215,0.000,0.784
828000,0.208,0.003,0.788
828500,0.260,0.000,0.740
829000,0.250,0.000,0.750
829500,0.247,0.009,0.744
830000,0.253,0.001,0.747
830500,0.306,0.000,0.694
831000,0.245,0.007,0.747
831500,0.221,0.007,0.772
832000,0.203,0.011,0.786
832500,0.194,0.007,0.799
833000,0.193,0.011,0.796
833500,0.209,0.005,0.786
834000,0.181,0.011,0.808
834500,0.243,0.011,0.747
835000,0.235,0.006,0.759
835500,0.261,0.001,0.738
836000,0.273,0.001,0.727
836500,0.256,0.000,0.744
837000,0.245,0.000,0.754
837500,0.265,0.000,0.735
838000,0.241,0.000,0.758
838500,0.242,0.002,0.756
839000,0.295,0.001,0.704
839500,0.253,0.004,0.743
840000,0.229,0.000,0.771
840500,0.221,0.000,0.779
841000,0.222,0.002,0.777
841500,0.232,0.005,0.763
842000,0.177,0.008,0.815
842500,0.180,0.023,0.797
843000,0.208,0.008,0.783
843500,0.215,0.002,0.783
844000,0.216,0.005,0.779
844500,0.230,0.002,0.769
845000,0.211,0.003,0.785
845500,0.225,0.007,0.768
846000,0.255,0.000,0.745
846500,0.234,0.000,0.766
847000,0.216,0.002,0.783
847500,0.262,0.000,0.738
848000,0.272,0.006,0.722
848500,0.237,0.002,0.761
849000,0.236,0.008,0.756
849500,0.231,0.011,0.758
850000,0.248,0.001,0.752
850500,0.222,0.000,0.778
851000,0.216,0.000,0.784
851500,0.226,0.004,0.770
852000,0.223,0.004,0.773
852500,0.197,0.015,0.789
853000,0.172,0.013,0.814
853500,0.237,0.004,0.758
854000,0.247,0.002,0.751
854500,0.257,0.000,0.743
855000,0.234,0.000,0.766
855500,0.281,0.007,0.712
856000,0.267,0.001,0.733
856500,0.221,0.007,0.772
857000,0.185,0.010,0.805
857500,0.230,0.001,0.770
858000,0.213,0.003,0.784
858500,0.251,0.004,0.746
859000,0.229,0.003,0.768
859500,0.230,0.003,0.767
860000,0.239,0.003,0.758
860500,0.213,0.001,0.786
861000,0.223,0.000,0.777
861500,0.220,0.009,0.772
862000,0.211,0.005,0.783
862500,0.272,0.006,0.722
863000,0.247,0.004,0.749
863500,0.206,0.009,0.784
864000,0.233,0.006,0.761
864500,0.228,0.004,0.768
865000,0.237,0.003,0.760
865500,0.215,0.012,0.773
866000,0.225,0.003,0.773
866500,0.185,0.013,0.801
867000,0.221,0.005,0.774
867500,0.234,0.002,0.765
868000,0.262,0.000,0.738
868500,0.251,0.004,0.745
869000,0.313,0.003,0.684
869500,0.267,0.000,0.734
870000,0.193,0.003,0.805
870500,0.255,0.002,0.743
871000,0.244,0.004,0.753
871500,0.272,0.004,0.724
872000,0.241,0.000,0.759
872500,0.229,0.002,0.770
873000,0.208,0.000,0.791
873500,0.228,0.005,0.767
874000,0.217,0.001,0.781
874500,0.213,0.013,0.773
875000,0.237,0.003,0.760
875500,0.238,0.000,0.762
876000,0.201,0.004,0.795
876500,0.224,0.011,0.766
877000,0.232,0.006,0.762
877500,0.200,0.015,0.785
878000,0.206,0.006,0.788
878500,0.229,0.007,0.764
879000,0.269,0.006,0.726
879500,0.270,0.002,0.729
880000,0.225,0.000,0.775
880500,0.230,0.000,0.770
881000,0.214,0.006,0.779
881500,0.207,0.004,0.789
882000,0.251,0.012,0.737
882500,0.238,0.002,0.761
883000,0.243,0.003,0.754
883500,0.255,0.001,0.745
884000,0.225,0.004,0.771
884500,0.257,0.001,0.743
885000,0.265,0.002,0.734
885500,0.248,0.000,0.752
886000,0.297,0.000,0.703
886500,0.295,0.000,0.705
887000,0.262,0.000,0.738
887500,0.218,0.004,0.778
888000,0.256,0.001,0.743
888500,0.234,0.003,0.763
889000,0.239,0.001,0.760
889500,0.216,0.000,0.784
890000,0.183,0.007,0.809
890500,0.232,0.001,0.767
891000,0.273,0.002,0.726
891500,0.260,0.000,0.740
892000,0.240,0.000,0.760
892500,0.281,0.003,0.716
893000,0.278,0.000,0.722
893500,0.292,0.000,0.708
894000,0.254,0.006,0.740
894500,0.231,0.005,0.764
895000,0.166,0.013,0.822
895500,0.125,0.021,0.855
896000,0.194,0.011,0.795
896500,0.194,0.006,0.800
897000,0.222,0.007,0.771
897500,0.244,0.006,0.749
898000,0.231,0.000,0.769
898500,0.244,0.000,0.756
899000,0.235,0.000,0.765
899500,0.229,0.000,0.771
900000,0.274,0.000,0.726
900500,0.282,0.000,0.718
901000,0.265,0.013,0.722
901500,0.224,0.000,0.776
902000,0.222,0.008,0.770
902500,0.237,0.001,0.762
903000,0.245,0.003,0.753
903500,0.254,0.001,0.746
904000,0.217,0.002,0.781
904500,0.208,0.000,0.791
905000,0.191,0.008,0.801
905500,0.216,0.009,0.775
906000,0.189,0.013,0.798
906500,0.216,0.015,0.768
907000,0.204,0.002,0.794
907500,0.228,0.005,0.767
908000,0.231,0.004,0.765
908500,0.258,0.001,0.741
909000,0.237,0.004,0.759
909500,0.230,0.000,0.770
910000,0.205,0.000,0.794
910500,0.279,0.001,0.720
911000,0.330,0.008,0.662
911500,0.263,0.001,0.736
912000,0.240,0.001,0.760
912500,0.217,0.011,0.772
913000,0.222,0.011,0.767
913500,0.192,0.018,0.791
914000,0.227,0.005,0.768
914500,0.297,0.005,0.697
915000,0.258,0.002,0.741
915500,0.273,0.000,0.728
916000,0.310,0.004,0.686
916500,0.249,0.011,0.740
917000,0.227,0.004,0.769
917500,0.207,0.010,0.783
918000,0.246,0.003,0.751
918500,0.233,0.000,0.767
919000,0.260,0.000,0.740
919500,0.284,0.000,0.716
920000,0.250,0.006,0.744
920500,0.319,0.001,0.681
921000,0.306,0.000,0.694
921500,0.277,0.003,0.721
922000,0.236,0.003,0.762
922500,0.254,0.003,0.743
923000,0.250,0.001,0.749
923500,0.218,0.004,0.779
924000,0.225,0.002,0.774
924500,0.217,0.001,0.783
925000,0.261,0.006,0.734
925500,0.211,0.000,0.788
926000,0.261,0.000,0.739
926500,0.242,0.000,0.758
927000,0.282,0.000,0.718
927500,0.238,0.000,0.762
928000,0.222,0.004,0.774
928500,0.245,0.001,0.753
929000,0.243,0.004,0.752
929500,0.225,0.001,0.775
930000,0.264,0.003,0.734
930500,0.250,0.000,0.750
931000,0.263,0.004,0.733
931500,0.228,0.003,0.770
932000,0.231,0.006,0.763
932500,0.208,0.009,0.783
933000,0.216,0.005,0.778
933500,0.230,0.003,0.768
934000,0.267,0.004,0.730
934500,0.251,0.000,0.750
935000,0.255,0.000,0.745
935500,0.229,0.004,0.767
936000,0.238,0.006,0.756
936500,0.242,0.003,0.755
937000,0.224,0.009,0.767
937500,0.263,0.010,0.727
938000,0.249,0.004,0.746
938500,0.261,0.006,0.733
939000,0.230,0.000,0.770
939500,0.233,0.002,0.766
940000,0.253,0.001,0.747
940500,0.231,0.008,0.761
941000,0.204,0.004,0.793
941500,0.245,0.000,0.755
942000,0.285,0.000,0.715
942500,0.294,0.000,0.706
943000,0.264,0.000,0.736
943500,0.277,0.000,0.724
944000,0.278,0.000,0.722
944500,0.264,0.000,0.736
945000,0.223,0.000,0.777
945500,0.189,0.007,0.803
946000,0.158,0.009,0.834
946500,0.216,0.005,0.779
947000,0.204,0.004,0.791
947500,0.197,0.014,0.789
948000,0.239,0.004,0.756
948500,0.241,0.003,0.756
949000,0.294,0.001,0.705
949500,0.263,0.001,0.737
950000,0.235,0.001,0.763
950500,0.257,0.004,0.740
951000,0.265,0.000,0.735
951500,0.259,0.002,0.740
952000,0.209,0.001,0.789
952500,0.215,0.004,0.782
953000,0.253,0.002,0.746
953500,0.249,0.004,0.747
954000,0.216,0.004,0.780
954500,0.211,0.006,0.782
955000,0.256,0.004,0.740
955500,0.263,0.005,0.733
956000,0.235,0.002,0.762
956500,0.281,0.001,0.719
957000,0.247,0.002,0.750
957500,0.230,0.013,0.757
958000,0.223,0.004,0.773
958500,0.211,0.005,0.783
959000,0.233,0.001,0.767
959500,0.246,0.005,0.749
960000,0.283,0.002,0.716
960500,0.234,0.006,0.760
961000,0.257,0.002,0.742
961500,0.310,0.001,0.689
962000,0.274,0.000,0.726
962500,0.284,0.006,0.710
963000,0.243,0.006,0.751
963500,0.258,0.001,0.742
964000,0.283,0.000,0.717
964500,0.299,0.000,0.701
965000,0.284,0.007,0.708
965500,0.235,0.000,0.764
966000,0.240,0.006,0.754
966500,0.255,0.005,0.740
967000,0.277,0.003,0.721
967500,0.221,0.001,0.779
968000,0.210,0.001,0.790
968500,0.203,0.005,0.792
969000,0.197,0.014,0.789
969500,0.205,0.008,0.787
970000,0.211,0.001,0.787
970500,0.279,0.000,0.722
971000,0.289,0.000,0.711
971500,0.269,0.004,0.727
972000,0.272,0.002,0.726
972500,0.219,0.009,0.772
973000,0.211,0.005,0.784
973500,0.228,0.005,0.767
974000,0.204,0.005,0.791
974500,0.242,0.001,0.757
975000,0.255,0.003,0.743
975500,0.247,0.000,0.753
976000,0.273,0.000,0.728
976500,0.247,0.000,0.752
977000,0.253,0.001,0.747
977500,0.234,0.004,0.762
978000,0.248,0.001,0.751
978500,0.240,0.001,0.760
979000,0.222,0.000,0.778
979500,0.228,0.000,0.772
980000,0.184,0.003,0.813
980500,0.258,0.000,0.742
981000,0.269,0.000,0.731
981500,0.225,0.000,0.775
982000,0.284,0.007,0.709
982500,0.244,0.002,0.754
983000,0.247,0.007,0.745
983500,0.244,0.001,0.755
984000,0.236,0.003,0.761
984500,0.222,0.010,0.768
985000,0.182,0.011,0.808
985500,0.223,0.009,0.768
986000,0.226,0.007,0.767
986500,0.220,0.014,0.766
987000,0.222,0.007,0.771
987500,0.271,0.008,0.722
988000,0.245,0.002,0.754
988500,0.204,0.000,0.796
989000,0.214,0.005,0.781
989500,0.228,0.003,0.770
990000,0.260,0.001,0.740
990500,0.235,0.004,0.760
991000,0.226,0.011,0.763
991500,0.197,0.006,0.797
992000,0.216,0.007,0.777
992500,0.276,0.008,0.716
993000,0.271,0.002,0.727
993500,0.311,0.000,0.689
994000,0.257,0.003,0.741
994500,0.200,0.005,0.795
995000,0.220,0.001,0.779
995500,0.180,0.009,0.810
996000,0.218,0.011,0.770
996500,0.241,0.004,0.754
997000,0.197,0.006,0.797
997500,0.218,0.007,0.774
998000,0.222,0.006,0.772
998500,0.214,0.001,0.784
999000,0.268,0.005,0.727
999500,0.257,0.001,0.743
1000000,0.272,0.002,0.727
