time,n_A+p,n_B,n_AB
500,0.030,0.871,0.099
1000,0.030,0.846,0.124
1500,0.030,0.859,0.111
2000,0.030,0.794,0.175
2500,0.030,0.798,0.172
3000,0.030,0.864,0.106
3500,0.030,0.839,0.131
4000,0.030,0.836,0.134
4500,0.030,0.870,0.100
5000,0.030,0.856,0.114
5500,0.030,0.826,0.144
6000,0.030,0.797,0.173
6500,0.030,0.777,0.193
7000,0.030,0.843,0.127
7500,0.030,0.827,0.143
8000,0.030,0.764,0.206
8500,0.030,0.738,0.232
9000,0.030,0.756,0.214
9500,0.030,0.701,0.269
10000,0.030,0.750,0.220
10500,0.030,0.867,0.103
11000,0.030,0.867,0.103
11500,0.030,0.859,0.111
12000,0.030,0.820,0.150
12500,0.030,0.815,0.155
13000,0.030,0.800,0.169
13500,0.030,0.800,0.169
14000,0.030,0.735,0.235
14500,0.030,0.781,0.189
15000,0.030,0.829,0.141
15500,0.030,0.856,0.114
16000,0.030,0.860,0.110
16500,0.030,0.773,0.197
17000,0.030,0.702,0.268
17500,0.030,0.748,0.222
18000,0.030,0.876,0.094
18500,0.030,0.803,0.166
19000,0.030,0.860,0.110
19500,0.030,0.804,0.165
20000,0.030,0.807,0.163
20500,0.030,0.815,0.155
21000,0.030,0.810,0.159
21500,0.030,0.865,0.105
22000,0.030,0.835,0.135
22500,0.030,0.863,0.107
23000,0.030,0.811,0.158
23500,0.030,0.728,0.242
24000,0.030,0.755,0.215
24500,0.030,0.772,0.198
25000,0.030,0.691,0.279
25500,0.030,0.819,0.151
26000,0.030,0.734,0.236
26500,0.030,0.811,0.158
27000,0.030,0.834,0.136
27500,0.030,0.853,0.117
28000,0.030,0.877,0.093
28500,0.030,0.783,0.186
29000,0.030,0.811,0.159
29500,0.030,0.815,0.155
30000,0.030,0.779,0.191
30500,0.030,0.795,0.174
31000,0.030,0.774,0.196
31500,0.030,0.769,0.201
32000,0.030,0.768,0.202
32500,0.030,0.736,0.234
33000,0.030,0.825,0.145
33500,0.030,0.774,0.196
34000,0.030,0.835,0.135
34500,0.030,0.800,0.170
35000,0.030,0.840,0.130
35500,0.030,0.781,0.189
36000,0.030,0.768,0.202
36500,0.030,0.762,0.208
37000,0.030,0.789,0.180
37500,0.030,0.784,0.186
38000,0.030,0.784,0.186
38500,0.030,0.866,0.104
39000,0.030,0.881,0.089
39500,0.030,0.835,0.135
40000,0.030,0.834,0.136
40500,0.030,0.801,0.168
41000,0.030,0.689,0.281
41500,0.030,0.774,0.196
42000,0.030,0.790,0.180
42500,0.030,0.761,0.209
43000,0.030,0.768,0.202
43500,0.030,0.833,0.137
44000,0.030,0.741,0.229
44500,0.030,0.751,0.219
45000,0.030,0.722,0.248
45500,0.030,0.807,0.163
46000,0.030,0.753,0.217
46500,0.030,0.832,0.138
47000,0.030,0.837,0.133
47500,0.030,0.796,0.174
48000,0.030,0.830,0.140
48500,0.030,0.864,0.106
49000,0.030,0.835,0.135
49500,0.030,0.824,0.146
50000,0.030,0.790,0.179
50500,0.030,0.784,0.185
51000,0.030,0.803,0.166
51500,0.030,0.843,0.127
52000,0.030,0.794,0.176
52500,0.030,0.803,0.166
53000,0.030,0.838,0.132
53500,0.030,0.828,0.142
54000,0.030,0.797,0.172
54500,0.030,0.843,0.127
55000,0.030,0.797,0.172
55500,0.030,0.789,0.180
56000,0.030,0.828,0.142
56500,0.030,0.832,0.138
57000,0.030,0.775,0.195
57500,0.030,0.787,0.182
58000,0.030,0.871,0.099
58500,0.030,0.831,0.139
59000,0.030,0.843,0.127
59500,0.030,0.875,0.095
60000,0.030,0.776,0.194
60500,0.030,0.744,0.226
61000,0.030,0.741,0.229
61500,0.030,0.739,0.231
62000,0.030,0.713,0.257
62500,0.030,0.724,0.246
63000,0.030,0.848,0.122
63500,0.030,0.793,0.176
64000,0.030,0.756,0.214
64500,0.030,0.839,0.131
65000,0.030,0.801,0.168
65500,0.030,0.830,0.140
66000,0.030,0.802,0.167
66500,0.030,0.765,0.205
67000,0.030,0.832,0.138
67500,0.030,0.756,0.214
68000,0.030,0.744,0.226
68500,0.030,0.858,0.112
69000,0.030,0.842,0.128
69500,0.030,0.840,0.130
70000,0.030,0.804,0.166
70500,0.030,0.729,0.241
71000,0.030,0.762,0.208
71500,0.030,0.749,0.221
72000,0.030,0.807,0.162
72500,0.030,0.682,0.287
73000,0.030,0.710,0.260
73500,0.030,0.758,0.212
74000,0.030,0.773,0.197
74500,0.030,0.819,0.151
75000,0.030,0.794,0.175
75500,0.030,0.798,0.172
76000,0.030,0.789,0.180
76500,0.030,0.800,0.169
77000,0.030,0.848,0.122
77500,0.030,0.793,0.176
78000,0.030,0.814,0.156
78500,0.030,0.768,0.202
79000,0.030,0.842,0.128
79500,0.030,0.736,0.234
80000,0.030,0.809,0.160
80500,0.030,0.742,0.228
81000,0.030,0.739,0.231
81500,0.030,0.689,0.281
82000,0.030,0.820,0.150
82500,0.030,0.773,0.197
83000,0.030,0.768,0.202
83500,0.030,0.795,0.174
84000,0.030,0.816,0.154
84500,0.030,0.793,0.177
85000,0.030,0.817,0.153
85500,0.030,0.837,0.133
86000,0.030,0.758,0.212
86500,0.030,0.821,0.149
87000,0.030,0.799,0.170
87500,0.030,0.788,0.181
88000,0.030,0.829,0.141
88500,0.030,0.800,0.170
89000,0.030,0.751,0.219
89500,0.030,0.811,0.158
90000,0.030,0.838,0.132
90500,0.030,0.810,0.159
91000,0.030,0.850,0.120
91500,0.030,0.874,0.096
92000,0.030,0.840,0.130
92500,0.030,0.821,0.149
93000,0.030,0.831,0.139
93500,0.030,0.802,0.168
94000,0.030,0.762,0.208
94500,0.030,0.729,0.241
95000,0.030,0.758,0.212
95500,0.030,0.751,0.219
96000,0.030,0.791,0.179
96500,0.030,0.836,0.134
97000,0.030,0.802,0.168
97500,0.030,0.756,0.214
98000,0.030,0.720,0.250
98500,0.030,0.749,0.221
99000,0.030,0.792,0.178
99500,0.030,0.808,0.161
100000,0.030,0.777,0.193
100500,0.030,0.776,0.194
101000,0.030,0.822,0.148
101500,0.030,0.747,0.223
102000,0.030,0.836,0.134
102500,0.030,0.718,0.252
103000,0.030,0.804,0.165
103500,0.030,0.837,0.133
104000,0.030,0.749,0.221
104500,0.030,0.789,0.181
105000,0.030,0.808,0.161
105500,0.030,0.865,0.105
106000,0.030,0.787,0.182
106500,0.030,0.712,0.258
107000,0.030,0.721,0.249
107500,0.030,0.714,0.256
108000,0.030,0.775,0.195
108500,0.030,0.807,0.162
109000,0.030,0.759,0.211
109500,0.030,0.679,0.290
110000,0.030,0.681,0.289
110500,0.030,0.771,0.199
111000,0.030,0.847,0.123
111500,0.030,0.868,0.102
112000,0.030,0.832,0.138
112500,0.030,0.789,0.180
113000,0.030,0.784,0.185
113500,0.030,0.825,0.145
114000,0.030,0.815,0.155
114500,0.030,0.821,0.149
115000,0.030,0.840,0.130
115500,0.030,0.772,0.198
116000,0.030,0.805,0.165
116500,0.030,0.819,0.151
117000,0.030,0.817,0.153
117500,0.030,0.777,0.193
118000,0.030,0.827,0.143
118500,0.030,0.734,0.236
119000,0.030,0.739,0.231
119500,0.030,0.751,0.219
120000,0.030,0.765,0.205
120500,0.030,0.769,0.201
121000,0.030,0.798,0.172
121500,0.030,0.775,0.195
122000,0.030,0.799,0.171
122500,0.030,0.824,0.146
123000,0.030,0.763,0.207
123500,0.030,0.719,0.251
124000,0.030,0.770,0.200
124500,0.030,0.754,0.216
125000,0.030,0.844,0.126
125500,0.030,0.801,0.169
126000,0.030,0.803,0.167
126500,0.030,0.843,0.127
127000,0.030,0.741,0.229
127500,0.030,0.873,0.097
128000,0.030,0.842,0.128
128500,0.030,0.855,0.115
129000,0.030,0.796,0.173
129500,0.030,0.783,0.186
130000,0.030,0.787,0.183
130500,0.030,0.803,0.167
131000,0.030,0.724,0.246
131500,0.030,0.850,0.120
132000,0.030,0.820,0.150
132500,0.030,0.766,0.204
133000,0.030,0.721,0.249
133500,0.030,0.840,0.130
134000,0.030,0.802,0.167
134500,0.030,0.765,0.205
135000,0.030,0.776,0.194
135500,0.030,0.822,0.148
136000,0.030,0.839,0.131
136500,0.030,0.718,0.252
137000,0.030,0.828,0.142
137500,0.030,0.881,0.089
138000,0.030,0.848,0.122
138500,0.030,0.845,0.125
139000,0.030,0.823,0.147
139500,0.030,0.775,0.195
140000,0.030,0.663,0.307
140500,0.030,0.754,0.216
141000,0.030,0.697,0.273
141500,0.030,0.745,0.225
142000,0.030,0.799,0.170
142500,0.030,0.886,0.084
143000,0.030,0.801,0.169
143500,0.030,0.746,0.224
144000,0.030,0.794,0.176
144500,0.030,0.781,0.189
145000,0.030,0.800,0.169
145500,0.030,0.853,0.117
146000,0.030,0.809,0.160
146500,0.030,0.786,0.183
147000,0.030,0.867,0.103
147500,0.030,0.766,0.204
148000,0.030,0.761,0.209
148500,0.030,0.764,0.206
149000,0.030,0.795,0.174
149500,0.030,0.752,0.218
150000,0.030,0.811,0.159
150500,0.030,0.809,0.160
151000,0.030,0.810,0.160
151500,0.030,0.801,0.168
152000,0.030,0.772,0.198
152500,0.030,0.787,0.183
153000,0.030,0.788,0.181
153500,0.030,0.729,0.241
154000,0.030,0.692,0.278
154500,0.030,0.855,0.115
155000,0.030,0.838,0.132
155500,0.030,0.813,0.157
156000,0.030,0.815,0.155
156500,0.030,0.849,0.121
157000,0.030,0.817,0.153
157500,0.030,0.877,0.093
158000,0.030,0.806,0.164
158500,0.030,0.741,0.229
159000,0.030,0.719,0.251
159500,0.030,0.732,0.238
160000,0.030,0.686,0.284
160500,0.030,0.754,0.216
161000,0.030,0.766,0.204
161500,0.030,0.798,0.172
162000,0.030,0.846,0.124
162500,0.030,0.814,0.156
163000,0.030,0.767,0.203
163500,0.030,0.806,0.163
164000,0.030,0.787,0.183
164500,0.030,0.772,0.198
165000,0.030,0.765,0.205
165500,0.030,0.750,0.220
166000,0.030,0.803,0.167
166500,0.030,0.795,0.175
167000,0.030,0.802,0.167
167500,0.030,0.809,0.160
168000,0.030,0.736,0.234
168500,0.030,0.767,0.203
169000,0.030,0.748,0.222
169500,0.030,0.865,0.105
170000,0.030,0.706,0.264
170500,0.030,0.748,0.222
171000,0.030,0.769,0.201
171500,0.030,0.807,0.163
172000,0.030,0.720,0.250
172500,0.030,0.771,0.199
173000,0.030,0.845,0.125
173500,0.030,0.843,0.127
174000,0.030,0.805,0.164
174500,0.030,0.761,0.209
175000,0.030,0.733,0.237
175500,0.030,0.763,0.207
176000,0.030,0.765,0.205
176500,0.030,0.725,0.245
177000,0.030,0.818,0.152
177500,0.030,0.784,0.186
178000,0.030,0.812,0.158
178500,0.030,0.770,0.200
179000,0.030,0.790,0.179
179500,0.030,0.839,0.131
180000,0.030,0.766,0.204
180500,0.030,0.820,0.150
181000,0.030,0.868,0.102
181500,0.030,0.780,0.190
182000,0.030,0.768,0.202
182500,0.030,0.798,0.172
183000,0.030,0.760,0.210
183500,0.030,0.669,0.301
184000,0.030,0.753,0.217
184500,0.030,0.674,0.295
185000,0.030,0.786,0.183
185500,0.030,0.844,0.126
186000,0.030,0.881,0.089
186500,0.030,0.831,0.139
187000,0.030,0.800,0.169
187500,0.030,0.740,0.230
188000,0.030,0.836,0.134
188500,0.030,0.780,0.190
189000,0.030,0.785,0.185
189500,0.030,0.805,0.164
190000,0.030,0.857,0.113
190500,0.030,0.857,0.113
191000,0.030,0.839,0.131
191500,0.030,0.792,0.177
192000,0.030,0.817,0.153
192500,0.030,0.817,0.153
193000,0.030,0.834,0.136
193500,0.030,0.834,0.136
194000,0.030,0.771,0.199
194500,0.030,0.742,0.228
195000,0.030,0.768,0.202
195500,0.030,0.765,0.205
196000,0.030,0.792,0.178
196500,0.030,0.727,0.243
197000,0.030,0.746,0.224
197500,0.030,0.773,0.197
198000,0.030,0.826,0.144
198500,0.030,0.846,0.124
199000,0.030,0.778,0.192
199500,0.030,0.758,0.212
200000,0.030,0.850,0.120
200500,0.030,0.845,0.125
201000,0.030,0.750,0.220
201500,0.030,0.794,0.176
202000,0.030,0.797,0.172
202500,0.030,0.725,0.245
203000,0.030,0.704,0.266
203500,0.030,0.740,0.230
204000,0.030,0.791,0.178
204500,0.030,0.787,0.183
205000,0.030,0.807,0.162
205500,0.030,0.802,0.167
206000,0.030,0.810,0.160
206500,0.030,0.762,0.208
207000,0.030,0.744,0.226
207500,0.030,0.753,0.217
208000,0.030,0.779,0.191
208500,0.030,0.824,0.146
209000,0.030,0.853,0.117
209500,0.030,0.773,0.197
210000,0.030,0.754,0.216
210500,0.030,0.800,0.170
211000,0.030,0.802,0.168
211500,0.030,0.673,0.297
212000,0.030,0.736,0.234
212500,0.030,0.786,0.183
213000,0.030,0.832,0.138
213500,0.030,0.798,0.172
214000,0.030,0.839,0.131
214500,0.030,0.871,0.099
215000,0.030,0.786,0.184
215500,0.030,0.840,0.130
216000,0.030,0.788,0.182
216500,0.030,0.751,0.219
217000,0.030,0.793,0.176
217500,0.030,0.833,0.137
218000,0.030,0.760,0.210
218500,0.030,0.795,0.174
219000,0.030,0.788,0.181
219500,0.030,0.786,0.183
220000,0.030,0.809,0.161
220500,0.030,0.746,0.224
221000,0.030,0.758,0.212
221500,0.030,0.821,0.149
222000,0.030,0.805,0.165
222500,0.030,0.776,0.194
223000,0.030,0.785,0.185
223500,0.030,0.805,0.164
224000,0.030,0.831,0.139
224500,0.030,0.858,0.112
225000,0.030,0.811,0.158
225500,0.030,0.820,0.150
226000,0.030,0.726,0.244
226500,0.030,0.775,0.195
227000,0.030,0.786,0.183
227500,0.030,0.836,0.134
228000,0.030,0.858,0.112
228500,0.030,0.803,0.166
229000,0.030,0.827,0.143
229500,0.030,0.782,0.188
230000,0.030,0.861,0.109
230500,0.030,0.795,0.175
231000,0.030,0.854,0.116
231500,0.030,0.743,0.227
232000,0.030,0.736,0.234
232500,0.030,0.800,0.170
233000,0.030,0.731,0.239
233500,0.030,0.803,0.166
234000,0.030,0.801,0.168
234500,0.030,0.836,0.134
235000,0.030,0.826,0.144
235500,0.030,0.731,0.239
236000,0.030,0.789,0.181
236500,0.030,0.783,0.187
237000,0.030,0.845,0.125
237500,0.030,0.778,0.192
238000,0.030,0.749,0.221
238500,0.030,0.699,0.271
239000,0.030,0.796,0.173
239500,0.030,0.838,0.132
240000,0.030,0.661,0.308
240500,0.030,0.768,0.202
241000,0.030,0.724,0.246
241500,0.030,0.809,0.160
242000,0.030,0.868,0.102
242500,0.030,0.798,0.172
243000,0.030,0.702,0.268
243500,0.030,0.776,0.194
244000,0.030,0.716,0.254
244500,0.030,0.796,0.173
245000,0.030,0.717,0.253
245500,0.030,0.702,0.268
246000,0.030,0.700,0.270
246500,0.030,0.753,0.217
247000,0.030,0.690,0.280
247500,0.030,0.745,0.225
248000,0.030,0.911,0.058
248500,0.030,0.842,0.128
249000,0.030,0.820,0.150
249500,0.030,0.777,0.193
250000,0.030,0.831,0.139
250500,0.030,0.841,0.129
251000,0.030,0.842,0.128
251500,0.030,0.856,0.114
252000,0.030,0.799,0.171
252500,0.030,0.799,0.170
253000,0.030,0.826,0.144
253500,0.030,0.800,0.169
254000,0.030,0.850,0.120
254500,0.030,0.803,0.166
255000,0.030,0.808,0.161
255500,0.030,0.837,0.133
256000,0.030,0.756,0.214
256500,0.030,0.837,0.133
257000,0.030,0.833,0.137
257500,0.030,0.836,0.134
258000,0.030,0.882,0.088
258500,0.030,0.877,0.093
259000,0.030,0.793,0.176
259500,0.030,0.759,0.211
260000,0.030,0.849,0.121
260500,0.030,0.826,0.144
261000,0.030,0.749,0.221
261500,0.030,0.808,0.162
262000,0.030,0.751,0.219
262500,0.030,0.748,0.222
263000,0.030,0.810,0.160
263500,0.030,0.830,0.140
264000,0.030,0.862,0.108
264500,0.030,0.817,0.153
265000,0.030,0.784,0.186
265500,0.030,0.796,0.174
266000,0.030,0.722,0.248
266500,0.030,0.826,0.144
267000,0.030,0.869,0.101
267500,0.030,0.821,0.149
268000,0.030,0.787,0.182
268500,0.030,0.840,0.130
269000,0.030,0.834,0.136
269500,0.030,0.894,0.076
270000,0.030,0.870,0.100
270500,0.030,0.811,0.159
271000,0.030,0.835,0.135
271500,0.030,0.850,0.120
272000,0.030,0.844,0.126
272500,0.030,0.848,0.122
273000,0.030,0.765,0.205
273500,0.030,0.804,0.165
274000,0.030,0.877,0.093
274500,0.030,0.825,0.145
275000,0.030,0.745,0.225
275500,0.030,0.807,0.162
276000,0.030,0.724,0.246
276500,0.030,0.702,0.268
277000,0.030,0.705,0.265
277500,0.030,0.795,0.175
278000,0.030,0.850,0.120
278500,0.030,0.786,0.184
279000,0.030,0.824,0.146
279500,0.030,0.783,0.186
280000,0.030,0.777,0.193
280500,0.030,0.737,0.233
281000,0.030,0.807,0.162
281500,0.030,0.779,0.191
282000,0.030,0.842,0.128
282500,0.030,0.852,0.118
283000,0.030,0.777,0.193
283500,0.030,0.804,0.166
284000,0.030,0.797,0.173
284500,0.030,0.835,0.135
285000,0.030,0.738,0.232
285500,0.030,0.796,0.174
286000,0.030,0.777,0.193
286500,0.030,0.732,0.238
287000,0.030,0.796,0.174
287500,0.030,0.828,0.142
288000,0.030,0.849,0.121
288500,0.030,0.829,0.141
289000,0.030,0.850,0.120
289500,0.030,0.799,0.170
290000,0.030,0.760,0.210
290500,0.030,0.842,0.128
291000,0.030,0.867,0.103
291500,0.030,0.819,0.151
292000,0.030,0.876,0.094
292500,0.030,0.854,0.116
293000,0.030,0.828,0.142
293500,0.030,0.857,0.113
294000,0.030,0.881,0.089
294500,0.030,0.868,0.102
295000,0.030,0.763,0.207
295500,0.030,0.796,0.174
296000,0.030,0.865,0.105
296500,0.030,0.807,0.162
297000,0.030,0.830,0.140
297500,0.030,0.752,0.218
298000,0.030,0.789,0.181
298500,0.030,0.807,0.163
299000,0.030,0.803,0.167
299500,0.030,0.781,0.189
300000,0.030,0.862,0.108
300500,0.030,0.844,0.126
301000,0.030,0.753,0.217
301500,0.030,0.716,0.254
302000,0.030,0.752,0.218
302500,0.030,0.801,0.168
303000,0.030,0.750,0.220
303500,0.030,0.805,0.165
304000,0.030,0.844,0.126
304500,0.030,0.802,0.168
305000,0.030,0.837,0.133
305500,0.030,0.785,0.185
306000,0.030,0.739,0.231
306500,0.030,0.654,0.316
307000,0.030,0.767,0.203
307500,0.030,0.795,0.174
308000,0.030,0.827,0.143
308500,0.030,0.859,0.111
309000,0.030,0.866,0.104
309500,0.030,0.832,0.138
310000,0.030,0.801,0.168
310500,0.030,0.841,0.129
311000,0.030,0.766,0.204
311500,0.030,0.838,0.132
312000,0.030,0.837,0.133
312500,0.030,0.829,0.141
313000,0.030,0.797,0.173
313500,0.030,0.808,0.162
314000,0.030,0.774,0.196
314500,0.030,0.797,0.173
315000,0.030,0.810,0.159
315500,0.030,0.840,0.130
316000,0.030,0.782,0.188
316500,0.030,0.728,0.242
317000,0.030,0.817,0.153
317500,0.030,0.797,0.173
318000,0.030,0.862,0.108
318500,0.030,0.874,0.096
319000,0.030,0.801,0.169
319500,0.030,0.793,0.176
320000,0.030,0.795,0.174
320500,0.030,0.824,0.146
321000,0.030,0.806,0.163
321500,0.030,0.857,0.113
322000,0.030,0.875,0.095
322500,0.030,0.793,0.176
323000,0.030,0.799,0.170
323500,0.030,0.804,0.166
324000,0.030,0.814,0.156
324500,0.030,0.808,0.161
325000,0.030,0.834,0.136
325500,0.030,0.901,0.069
326000,0.030,0.863,0.107
326500,0.030,0.881,0.089
327000,0.030,0.856,0.114
327500,0.030,0.794,0.176
328000,0.030,0.861,0.109
328500,0.030,0.816,0.154
329000,0.030,0.828,0.142
329500,0.030,0.875,0.095
330000,0.030,0.870,0.100
330500,0.030,0.842,0.128
331000,0.030,0.863,0.107
331500,0.030,0.831,0.139
332000,0.030,0.811,0.158
332500,0.030,0.858,0.112
333000,0.030,0.817,0.153
333500,0.030,0.865,0.105
334000,0.030,0.892,0.078
334500,0.030,0.812,0.158
335000,0.030,0.861,0.109
335500,0.030,0.762,0.208
336000,0.030,0.768,0.202
336500,0.030,0.800,0.169
337000,0.030,0.765,0.205
337500,0.030,0.778,0.192
338000,0.030,0.731,0.239
338500,0.030,0.786,0.183
339000,0.030,0.872,0.098
339500,0.030,0.812,0.157
340000,0.030,0.757,0.213
340500,0.030,0.816,0.154
341000,0.030,0.767,0.203
341500,0.030,0.712,0.258
342000,0.030,0.860,0.110
342500,0.030,0.818,0.152
343000,0.030,0.751,0.219
343500,0.030,0.736,0.234
344000,0.030,0.820,0.150
344500,0.030,0.766,0.204
345000,0.030,0.786,0.184
345500,0.030,0.726,0.244
346000,0.030,0.836,0.134
346500,0.030,0.880,0.090
347000,0.030,0.697,0.273
347500,0.030,0.703,0.267
348000,0.030,0.726,0.244
348500,0.030,0.764,0.206
349000,0.030,0.687,0.283
349500,0.030,0.717,0.253
350000,0.030,0.713,0.257
350500,0.030,0.686,0.284
351000,0.030,0.723,0.247
351500,0.030,0.708,0.262
352000,0.030,0.730,0.240
352500,0.030,0.808,0.161
353000,0.030,0.735,0.235
353500,0.030,0.787,0.182
354000,0.030,0.800,0.169
354500,0.030,0.815,0.155
355000,0.030,0.754,0.216
355500,0.030,0.683,0.286
356000,0.030,0.677,0.293
356500,0.030,0.768,0.202
357000,0.030,0.748,0.222
357500,0.030,0.793,0.177
358000,0.030,0.785,0.185
358500,0.030,0.721,0.249
359000,0.030,0.862,0.108
359500,0.030,0.790,0.179
360000,0.030,0.760,0.210
360500,0.030,0.743,0.227
361000,0.030,0.702,0.268
361500,0.030,0.795,0.174
362000,0.030,0.746,0.224
362500,0.030,0.714,0.256
363000,0.030,0.795,0.175
363500,0.030,0.809,0.161
364000,0.030,0.820,0.150
364500,0.030,0.764,0.206
365000,0.030,0.734,0.236
365500,0.030,0.743,0.227
366000,0.030,0.796,0.174
366500,0.030,0.696,0.274
367000,0.030,0.711,0.259
367500,0.030,0.699,0.271
368000,0.030,0.761,0.209
368500,0.030,0.818,0.152
369000,0.030,0.837,0.133
369500,0.030,0.829,0.141
370000,0.030,0.732,0.238
370500,0.030,0.744,0.226
371000,0.030,0.877,0.093
371500,0.030,0.799,0.170
372000,0.030,0.795,0.175
372500,0.030,0.720,0.250
373000,0.030,0.765,0.205
373500,0.030,0.787,0.182
374000,0.030,0.823,0.147
374500,0.030,0.774,0.196
375000,0.030,0.847,0.123
375500,0.030,0.864,0.106
376000,0.030,0.843,0.127
376500,0.030,0.843,0.127
377000,0.030,0.841,0.129
377500,0.030,0.798,0.172
378000,0.030,0.817,0.153
378500,0.030,0.851,0.119
379000,0.030,0.857,0.113
379500,0.030,0.873,0.097
380000,0.030,0.836,0.134
380500,0.030,0.822,0.148
381000,0.030,0.818,0.152
381500,0.030,0.777,0.193
382000,0.030,0.721,0.249
382500,0.030,0.749,0.221
383000,0.030,0.814,0.156
383500,0.030,0.818,0.152
384000,0.030,0.835,0.135
384500,0.030,0.768,0.202
385000,0.030,0.780,0.190
385500,0.030,0.797,0.173
386000,0.030,0.813,0.157
386500,0.030,0.803,0.167
387000,0.030,0.838,0.132
387500,0.030,0.791,0.179
388000,0.030,0.780,0.190
388500,0.030,0.747,0.223
389000,0.030,0.771,0.199
389500,0.030,0.744,0.226
390000,0.030,0.755,0.215
390500,0.030,0.781,0.189
391000,0.030,0.790,0.179
391500,0.030,0.774,0.196
392000,0.030,0.800,0.169
392500,0.030,0.811,0.158
393000,0.030,0.748,0.222
393500,0.030,0.787,0.182
394000,0.030,0.744,0.226
394500,0.030,0.745,0.225
395000,0.030,0.834,0.136
395500,0.030,0.808,0.162
396000,0.030,0.786,0.183
396500,0.030,0.773,0.197
397000,0.030,0.875,0.095
397500,0.030,0.860,0.110
398000,0.030,0.803,0.166
398500,0.030,0.724,0.246
399000,0.030,0.729,0.241
399500,0.030,0.827,0.143
400000,0.030,0.854,0.116
400500,0.030,0.811,0.158
401000,0.030,0.839,0.131
401500,0.030,0.710,0.260
402000,0.030,0.771,0.199
402500,0.030,0.678,0.292
403000,0.030,0.784,0.186
403500,0.030,0.796,0.173
404000,0.030,0.760,0.210
404500,0.030,0.783,0.186
405000,0.030,0.748,0.222
405500,0.030,0.785,0.184
406000,0.030,0.842,0.128
406500,0.030,0.794,0.176
407000,0.030,0.791,0.179
407500,0.030,0.792,0.178
408000,0.030,0.806,0.164
408500,0.030,0.817,0.153
409000,0.030,0.864,0.106
409500,0.030,0.784,0.185
410000,0.030,0.822,0.148
410500,0.030,0.871,0.099
411000,0.030,0.836,0.134
411500,0.030,0.817,0.153
412000,0.030,0.773,0.197
412500,0.030,0.805,0.164
413000,0.030,0.807,0.162
413500,0.030,0.821,0.149
414000,0.030,0.845,0.125
414500,0.030,0.821,0.149
415000,0.030,0.850,0.120
415500,0.030,0.767,0.203
416000,0.030,0.755,0.215
416500,0.030,0.798,0.171
417000,0.030,0.793,0.177
417500,0.030,0.764,0.206
418000,0.030,0.754,0.216
418500,0.030,0.767,0.203
419000,0.030,0.778,0.192
419500,0.030,0.839,0.131
420000,0.030,0.795,0.174
420500,0.030,0.781,0.189
421000,0.030,0.828,0.142
421500,0.030,0.837,0.133
422000,0.030,0.859,0.111
422500,0.030,0.844,0.126
423000,0.030,0.863,0.107
423500,0.030,0.898,0.072
424000,0.030,0.875,0.095
424500,0.030,0.876,0.094
425000,0.030,0.894,0.076
425500,0.030,0.832,0.138
426000,0.030,0.781,0.189
426500,0.030,0.785,0.185
427000,0.030,0.634,0.336
427500,0.030,0.743,0.227
428000,0.030,0.790,0.180
428500,0.030,0.795,0.175
429000,0.030,0.817,0.153
429500,0.030,0.757,0.213
430000,0.030,0.866,0.104
430500,0.030,0.754,0.216
431000,0.030,0.835,0.135
431500,0.030,0.803,0.166
432000,0.030,0.801,0.169
432500,0.030,0.762,0.208
433000,0.030,0.785,0.184
433500,0.030,0.800,0.170
434000,0.030,0.800,0.169
434500,0.030,0.793,0.176
435000,0.030,0.783,0.187
435500,0.030,0.866,0.104
436000,0.030,0.862,0.108
436500,0.030,0.851,0.119
437000,0.030,0.915,0.054
437500,0.030,0.828,0.142
438000,0.030,0.803,0.167
438500,0.030,0.815,0.155
439000,0.030,0.853,0.117
439500,0.030,0.852,0.118
440000,0.030,0.804,0.166
440500,0.030,0.805,0.165
441000,0.030,0.790,0.180
441500,0.030,0.791,0.179
442000,0.030,0.766,0.204
442500,0.030,0.831,0.139
443000,0.030,0.837,0.133
443500,0.030,0.821,0.149
444000,0.030,0.823,0.147
444500,0.030,0.783,0.187
445000,0.030,0.863,0.107
445500,0.030,0.788,0.182
446000,0.030,0.816,0.154
446500,0.030,0.818,0.152
447000,0.030,0.853,0.117
447500,0.030,0.799,0.170
448000,0.030,0.861,0.109
448500,0.030,0.816,0.154
449000,0.030,0.838,0.132
449500,0.030,0.716,0.254
450000,0.030,0.828,0.142
450500,0.030,0.737,0.233
451000,0.030,0.788,0.182
451500,0.030,0.801,0.168
452000,0.030,0.802,0.167
452500,0.030,0.810,0.159
453000,0.030,0.802,0.167
453500,0.030,0.817,0.153
454000,0.030,0.842,0.128
454500,0.030,0.795,0.175
455000,0.030,0.850,0.120
455500,0.030,0.895,0.075
456000,0.030,0.863,0.107
456500,0.030,0.821,0.149
457000,0.030,0.781,0.189
457500,0.030,0.770,0.200
458000,0.030,0.772,0.198
458500,0.030,0.826,0.144
459000,0.030,0.758,0.212
459500,0.030,0.800,0.170
460000,0.030,0.732,0.238
460500,0.030,0.737,0.233
461000,0.030,0.725,0.245
461500,0.030,0.834,0.136
462000,0.030,0.761,0.209
462500,0.030,0.793,0.176
463000,0.030,0.790,0.179
463500,0.030,0.819,0.151
464000,0.030,0.772,0.198
464500,0.030,0.750,0.220
465000,0.030,0.765,0.205
465500,0.030,0.804,0.165
466000,0.030,0.890,0.080
466500,0.030,0.830,0.140
467000,0.030,0.789,0.181
467500,0.030,0.767,0.203
468000,0.030,0.777,0.193
468500,0.030,0.791,0.179
469000,0.030,0.772,0.198
469500,0.030,0.777,0.193
470000,0.030,0.808,0.161
470500,0.030,0.824,0.146
471000,0.030,0.769,0.201
471500,0.030,0.793,0.177
472000,0.030,0.830,0.140
472500,0.030,0.734,0.236
473000,0.030,0.790,0.179
473500,0.030,0.855,0.115
474000,0.030,0.803,0.166
474500,0.030,0.740,0.230
475000,0.030,0.782,0.188
475500,0.030,0.776,0.194
476000,0.030,0.734,0.236
476500,0.030,0.801,0.169
477000,0.030,0.735,0.235
477500,0.030,0.774,0.196
478000,0.030,0.830,0.140
478500,0.030,0.795,0.175
479000,0.030,0.838,0.132
479500,0.030,0.855,0.115
480000,0.030,0.798,0.172
480500,0.030,0.776,0.194
481000,0.030,0.808,0.161
481500,0.030,0.788,0.181
482000,0.030,0.837,0.133
482500,0.030,0.828,0.142
483000,0.030,0.799,0.170
483500,0.030,0.740,0.230
484000,0.030,0.851,0.119
484500,0.030,0.821,0.149
485000,0.030,0.766,0.204
485500,0.030,0.778,0.192
486000,0.030,0.836,0.134
486500,0.030,0.766,0.204
487000,0.030,0.806,0.163
487500,0.030,0.792,0.177
488000,0.030,0.826,0.144
488500,0.030,0.877,0.093
489000,0.030,0.806,0.164
489500,0.030,0.731,0.239
490000,0.030,0.721,0.249
490500,0.030,0.822,0.148
491000,0.030,0.812,0.158
491500,0.030,0.750,0.220
492000,0.030,0.744,0.226
492500,0.030,0.798,0.171
493000,0.030,0.771,0.199
493500,0.030,0.796,0.174
494000,0.030,0.779,0.191
494500,0.030,0.802,0.167
495000,0.030,0.809,0.161
495500,0.030,0.829,0.141
496000,0.030,0.797,0.173
496500,0.030,0.815,0.155
497000,0.030,0.786,0.183
497500,0.030,0.808,0.161
498000,0.030,0.846,0.124
498500,0.030,0.819,0.151
499000,0.030,0.855,0.115
499500,0.030,0.809,0.160
500000,0.030,0.866,0.104
500500,0.030,0.809,0.161
501000,0.030,0.767,0.203
501500,0.030,0.862,0.108
502000,0.030,0.899,0.071
502500,0.030,0.820,0.150
503000,0.030,0.878,0.092
503500,0.030,0.896,0.074
504000,0.030,0.833,0.137
504500,0.030,0.847,0.123
505000,0.030,0.846,0.124
505500,0.030,0.817,0.153
506000,0.030,0.834,0.136
506500,0.030,0.828,0.142
507000,0.030,0.808,0.162
507500,0.030,0.842,0.128
508000,0.030,0.811,0.158
508500,0.030,0.872,0.098
509000,0.030,0.836,0.134
509500,0.030,0.770,0.200
510000,0.030,0.844,0.126
510500,0.030,0.830,0.140
511000,0.030,0.808,0.161
511500,0.030,0.849,0.121
512000,0.030,0.785,0.184
512500,0.030,0.838,0.132
513000,0.030,0.803,0.166
513500,0.030,0.839,0.131
514000,0.030,0.749,0.221
514500,0.030,0.794,0.176
515000,0.030,0.779,0.191
515500,0.030,0.784,0.186
516000,0.030,0.826,0.144
516500,0.030,0.732,0.238
517000,0.030,0.700,0.270
517500,0.030,0.825,0.145
518000,0.030,0.808,0.162
518500,0.030,0.799,0.170
519000,0.030,0.810,0.159
519500,0.030,0.833,0.137
520000,0.030,0.828,0.142
520500,0.030,0.772,0.198
521000,0.030,0.752,0.218
521500,0.030,0.758,0.212
522000,0.030,0.767,0.203
522500,0.030,0.808,0.162
523000,0.030,0.788,0.182
523500,0.030,0.752,0.218
524000,0.030,0.858,0.112
524500,0.030,0.904,0.066
525000,0.030,0.832,0.138
525500,0.030,0.760,0.210
526000,0.030,0.786,0.184
526500,0.030,0.717,0.253
527000,0.030,0.734,0.236
527500,0.030,0.767,0.203
528000,0.030,0.746,0.224
528500,0.030,0.773,0.197
529000,0.030,0.864,0.106
529500,0.030,0.858,0.112
530000,0.030,0.871,0.099
530500,0.030,0.782,0.188
531000,0.030,0.776,0.194
531500,0.030,0.766,0.204
532000,0.030,0.802,0.167
532500,0.030,0.704,0.266
533000,0.030,0.724,0.246
533500,0.030,0.782,0.188
534000,0.030,0.720,0.250
534500,0.030,0.731,0.239
535000,0.030,0.817,0.153
535500,0.030,0.826,0.144
536000,0.030,0.784,0.186
536500,0.030,0.826,0.144
537000,0.030,0.795,0.174
537500,0.030,0.811,0.158
538000,0.030,0.841,0.129
538500,0.030,0.779,0.191
539000,0.030,0.839,0.131
539500,0.030,0.833,0.137
540000,0.030,0.824,0.146
540500,0.030,0.766,0.204
541000,0.030,0.722,0.248
541500,0.030,0.811,0.158
542000,0.030,0.853,0.117
542500,0.030,0.802,0.168
543000,0.030,0.748,0.222
543500,0.030,0.706,0.264
544000,0.030,0.737,0.233
544500,0.030,0.795,0.174
545000,0.030,0.797,0.173
545500,0.030,0.759,0.211
546000,0.030,0.780,0.190
546500,0.030,0.810,0.159
547000,0.030,0.771,0.199
547500,0.030,0.775,0.195
548000,0.030,0.815,0.155
548500,0.030,0.862,0.108
549000,0.030,0.806,0.164
549500,0.030,0.792,0.178
550000,0.030,0.715,0.255
550500,0.030,0.685,0.285
551000,0.030,0.725,0.245
551500,0.030,0.854,0.116
552000,0.030,0.873,0.097
552500,0.030,0.700,0.270
553000,0.030,0.767,0.203
553500,0.030,0.784,0.186
554000,0.030,0.778,0.192
554500,0.030,0.780,0.190
555000,0.030,0.759,0.211
555500,0.030,0.662,0.307
556000,0.030,0.829,0.141
556500,0.030,0.790,0.179
557000,0.030,0.801,0.168
557500,0.030,0.820,0.150
558000,0.030,0.809,0.161
558500,0.030,0.820,0.150
559000,0.030,0.798,0.171
559500,0.030,0.821,0.149
560000,0.030,0.843,0.127
560500,0.030,0.819,0.151
561000,0.030,0.815,0.155
561500,0.030,0.716,0.254
562000,0.030,0.761,0.209
562500,0.030,0.854,0.116
563000,0.030,0.797,0.172
563500,0.030,0.832,0.138
564000,0.030,0.834,0.136
564500,0.030,0.844,0.126
565000,0.030,0.770,0.200
565500,0.030,0.817,0.153
566000,0.030,0.814,0.156
566500,0.030,0.764,0.206
567000,0.030,0.775,0.195
567500,0.030,0.827,0.143
568000,0.030,0.782,0.188
568500,0.030,0.772,0.198
569000,0.030,0.834,0.136
569500,0.030,0.883,0.087
570000,0.030,0.829,0.141
570500,0.030,0.792,0.177
571000,0.030,0.833,0.137
571500,0.030,0.842,0.128
572000,0.030,0.747,0.223
572500,0.030,0.814,0.156
573000,0.030,0.742,0.228
573500,0.030,0.747,0.223
574000,0.030,0.725,0.245
574500,0.030,0.835,0.135
575000,0.030,0.850,0.120
575500,0.030,0.891,0.079
576000,0.030,0.802,0.167
576500,0.030,0.803,0.167
577000,0.030,0.851,0.119
577500,0.030,0.875,0.095
578000,0.030,0.884,0.086
578500,0.030,0.859,0.111
579000,0.030,0.880,0.090
579500,0.030,0.864,0.106
580000,0.030,0.846,0.124
580500,0.030,0.896,0.074
581000,0.030,0.785,0.184
581500,0.030,0.853,0.117
582000,0.030,0.872,0.098
582500,0.030,0.841,0.129
583000,0.030,0.849,0.121
583500,0.030,0.832,0.138
584000,0.030,0.833,0.137
584500,0.030,0.849,0.121
585000,0.030,0.842,0.128
585500,0.030,0.788,0.181
586000,0.030,0.807,0.163
586500,0.030,0.787,0.182
587000,0.030,0.752,0.218
587500,0.030,0.750,0.220
588000,0.030,0.826,0.144
588500,0.030,0.823,0.147
589000,0.030,0.847,0.123
589500,0.030,0.857,0.113
590000,0.030,0.759,0.211
590500,0.030,0.823,0.147
591000,0.030,0.763,0.207
591500,0.030,0.769,0.201
592000,0.030,0.787,0.183
592500,0.030,0.796,0.173
593000,0.030,0.763,0.207
593500,0.030,0.838,0.132
594000,0.030,0.750,0.220
594500,0.030,0.781,0.189
595000,0.030,0.803,0.166
595500,0.030,0.847,0.123
596000,0.030,0.838,0.132
596500,0.030,0.843,0.127
597000,0.030,0.815,0.155
597500,0.030,0.847,0.123
598000,0.030,0.831,0.139
598500,0.030,0.783,0.186
599000,0.030,0.711,0.259
599500,0.030,0.779,0.191
600000,0.030,0.787,0.182
600500,0.030,0.813,0.157
601000,0.030,0.763,0.207
601500,0.030,0.701,0.269
602000,0.030,0.703,0.267
602500,0.030,0.800,0.170
603000,0.030,0.845,0.125
603500,0.030,0.770,0.200
604000,0.030,0.842,0.128
604500,0.030,0.790,0.179
605000,0.030,0.697,0.273
605500,0.030,0.744,0.226
606000,0.030,0.754,0.216
606500,0.030,0.751,0.219
607000,0.030,0.794,0.175
607500,0.030,0.791,0.178
608000,0.030,0.826,0.144
608500,0.030,0.818,0.152
609000,0.030,0.835,0.135
609500,0.030,0.870,0.100
610000,0.030,0.862,0.108
610500,0.030,0.856,0.114
611000,0.030,0.720,0.250
611500,0.030,0.701,0.269
612000,0.030,0.768,0.202
612500,0.030,0.811,0.158
613000,0.030,0.802,0.167
613500,0.030,0.721,0.249
614000,0.030,0.769,0.201
614500,0.030,0.833,0.137
615000,0.030,0.832,0.138
615500,0.030,0.766,0.204
616000,0.030,0.816,0.154
616500,0.030,0.746,0.224
617000,0.030,0.805,0.165
617500,0.030,0.770,0.200
618000,0.030,0.717,0.253
618500,0.030,0.770,0.200
619000,0.030,0.817,0.153
619500,0.030,0.844,0.126
620000,0.030,0.870,0.100
620500,0.030,0.830,0.140
621000,0.030,0.869,0.101
621500,0.030,0.835,0.135
622000,0.030,0.765,0.205
622500,0.030,0.809,0.161
623000,0.030,0.864,0.106
623500,0.030,0.839,0.131
624000,0.030,0.849,0.121
624500,0.030,0.823,0.147
625000,0.030,0.829,0.141
625500,0.030,0.910,0.060
626000,0.030,0.839,0.131
626500,0.030,0.851,0.119
627000,0.030,0.721,0.249
627500,0.030,0.703,0.267
628000,0.030,0.802,0.168
628500,0.030,0.794,0.176
629000,0.030,0.794,0.176
629500,0.030,0.822,0.148
630000,0.030,0.820,0.150
630500,0.030,0.753,0.217
631000,0.030,0.699,0.271
631500,0.030,0.791,0.179
632000,0.030,0.873,0.097
632500,0.030,0.854,0.116
633000,0.030,0.757,0.213
633500,0.030,0.755,0.215
634000,0.030,0.792,0.177
634500,0.030,0.774,0.196
635000,0.030,0.779,0.191
635500,0.030,0.742,0.228
636000,0.030,0.738,0.232
636500,0.030,0.782,0.188
637000,0.030,0.856,0.114
637500,0.030,0.797,0.172
638000,0.030,0.816,0.154
638500,0.030,0.796,0.173
639000,0.030,0.805,0.164
639500,0.030,0.734,0.236
640000,0.030,0.736,0.234
640500,0.030,0.772,0.198
641000,0.030,0.774,0.196
641500,0.030,0.794,0.175
642000,0.030,0.712,0.258
642500,0.030,0.720,0.250
643000,0.030,0.764,0.206
643500,0.030,0.813,0.157
644000,0.030,0.831,0.139
644500,0.030,0.799,0.170
645000,0.030,0.783,0.187
645500,0.030,0.823,0.147
646000,0.030,0.814,0.156
646500,0.030,0.761,0.209
647000,0.030,0.739,0.231
647500,0.030,0.756,0.214
648000,0.030,0.729,0.241
648500,0.030,0.814,0.156
649000,0.030,0.769,0.201
649500,0.030,0.822,0.148
650000,0.030,0.827,0.143
650500,0.030,0.803,0.166
651000,0.030,0.841,0.129
651500,0.030,0.809,0.160
652000,0.030,0.826,0.144
652500,0.030,0.878,0.092
653000,0.030,0.869,0.101
653500,0.030,0.826,0.144
654000,0.030,0.842,0.128
654500,0.030,0.804,0.165
655000,0.030,0.748,0.222
655500,0.030,0.742,0.228
656000,0.030,0.787,0.182
656500,0.030,0.812,0.158
657000,0.030,0.834,0.136
657500,0.030,0.783,0.187
658000,0.030,0.745,0.225
658500,0.030,0.749,0.221
659000,0.030,0.805,0.164
659500,0.030,0.824,0.146
660000,0.030,0.736,0.234
660500,0.030,0.742,0.228
661000,0.030,0.626,0.344
661500,0.030,0.764,0.206
662000,0.030,0.799,0.171
662500,0.030,0.799,0.171
663000,0.030,0.746,0.224
663500,0.030,0.704,0.266
664000,0.030,0.762,0.208
664500,0.030,0.788,0.181
665000,0.030,0.808,0.162
665500,0.030,0.863,0.107
666000,0.030,0.839,0.131
666500,0.030,0.781,0.189
667000,0.030,0.874,0.096
667500,0.030,0.840,0.130
668000,0.030,0.782,0.188
668500,0.030,0.807,0.162
669000,0.030,0.834,0.136
669500,0.030,0.790,0.179
670000,0.030,0.792,0.177
670500,0.030,0.784,0.186
671000,0.030,0.738,0.232
671500,0.030,0.839,0.131
672000,0.030,0.873,0.097
672500,0.030,0.791,0.178
673000,0.030,0.783,0.187
673500,0.030,0.749,0.221
674000,0.030,0.752,0.218
674500,0.030,0.814,0.156
675000,0.030,0.878,0.092
675500,0.030,0.848,0.122
676000,0.030,0.837,0.133
676500,0.030,0.782,0.188
677000,0.030,0.749,0.221
677500,0.030,0.800,0.169
678000,0.030,0.838,0.132
678500,0.030,0.790,0.180
679000,0.030,0.799,0.171
679500,0.030,0.805,0.164
680000,0.030,0.751,0.219
680500,0.030,0.819,0.151
681000,0.030,0.804,0.165
681500,0.030,0.816,0.154
682000,0.030,0.810,0.160
682500,0.030,0.797,0.172
683000,0.030,0.777,0.193
683500,0.030,0.750,0.220
684000,0.030,0.801,0.169
684500,0.030,0.828,0.142
685000,0.030,0.777,0.193
685500,0.030,0.818,0.152
686000,0.030,0.850,0.120
686500,0.030,0.767,0.203
687000,0.030,0.741,0.229
687500,0.030,0.718,0.252
688000,0.030,0.769,0.201
688500,0.030,0.783,0.187
689000,0.030,0.740,0.230
689500,0.030,0.792,0.177
690000,0.030,0.735,0.235
690500,0.030,0.776,0.194
691000,0.030,0.779,0.191
691500,0.030,0.760,0.210
692000,0.030,0.805,0.165
692500,0.030,0.732,0.238
693000,0.030,0.794,0.176
693500,0.030,0.877,0.093
694000,0.030,0.866,0.104
694500,0.030,0.838,0.132
695000,0.030,0.816,0.154
695500,0.030,0.715,0.255
696000,0.030,0.689,0.281
696500,0.030,0.791,0.178
697000,0.030,0.758,0.212
697500,0.030,0.738,0.232
698000,0.030,0.763,0.207
698500,0.030,0.731,0.239
699000,0.030,0.789,0.180
699500,0.030,0.774,0.196
700000,0.030,0.816,0.154
700500,0.030,0.876,0.094
701000,0.030,0.878,0.092
701500,0.030,0.827,0.143
702000,0.030,0.808,0.161
702500,0.030,0.820,0.150
703000,0.030,0.829,0.141
703500,0.030,0.880,0.090
704000,0.030,0.796,0.173
704500,0.030,0.734,0.236
705000,0.030,0.812,0.157
705500,0.030,0.794,0.176
706000,0.030,0.847,0.123
706500,0.030,0.816,0.154
707000,0.030,0.845,0.125
707500,0.030,0.780,0.190
708000,0.030,0.846,0.124
708500,0.030,0.757,0.213
709000,0.030,0.804,0.165
709500,0.030,0.757,0.213
710000,0.030,0.845,0.125
710500,0.030,0.765,0.205
711000,0.030,0.792,0.177
711500,0.030,0.860,0.110
712000,0.030,0.824,0.146
712500,0.030,0.805,0.164
713000,0.030,0.792,0.177
713500,0.030,0.786,0.183
714000,0.030,0.788,0.182
714500,0.030,0.806,0.163
715000,0.030,0.772,0.198
715500,0.030,0.765,0.205
716000,0.030,0.795,0.175
716500,0.030,0.866,0.104
717000,0.030,0.845,0.125
717500,0.030,0.873,0.097
718000,0.030,0.857,0.113
718500,0.030,0.827,0.143
719000,0.030,0.831,0.139
719500,0.030,0.756,0.214
720000,0.030,0.735,0.235
720500,0.030,0.704,0.266
721000,0.030,0.754,0.216
721500,0.030,0.743,0.227
722000,0.030,0.771,0.199
722500,0.030,0.858,0.112
723000,0.030,0.866,0.104
723500,0.030,0.862,0.108
724000,0.030,0.748,0.222
724500,0.030,0.815,0.155
725000,0.030,0.907,0.062
725500,0.030,0.832,0.138
726000,0.030,0.807,0.163
726500,0.030,0.805,0.165
727000,0.030,0.771,0.199
727500,0.030,0.726,0.244
728000,0.030,0.674,0.295
728500,0.030,0.736,0.234
729000,0.030,0.685,0.284
729500,0.030,0.750,0.220
730000,0.030,0.821,0.149
730500,0.030,0.754,0.216
731000,0.030,0.784,0.186
731500,0.030,0.830,0.140
732000,0.030,0.816,0.154
732500,0.030,0.796,0.174
733000,0.030,0.757,0.213
733500,0.030,0.778,0.192
734000,0.030,0.804,0.166
734500,0.030,0.828,0.142
735000,0.030,0.792,0.178
735500,0.030,0.757,0.213
736000,0.030,0.864,0.106
736500,0.030,0.773,0.197
737000,0.030,0.809,0.160
737500,0.030,0.748,0.222
738000,0.030,0.797,0.172
738500,0.030,0.806,0.163
739000,0.030,0.837,0.133
739500,0.030,0.790,0.180
740000,0.030,0.747,0.223
740500,0.030,0.750,0.220
741000,0.030,0.782,0.188
741500,0.030,0.777,0.193
742000,0.030,0.825,0.145
742500,0.030,0.809,0.161
743000,0.030,0.745,0.225
743500,0.030,0.802,0.168
744000,0.030,0.841,0.129
744500,0.030,0.764,0.206
745000,0.030,0.833,0.137
745500,0.030,0.805,0.165
746000,0.030,0.832,0.138
746500,0.030,0.866,0.104
747000,0.030,0.836,0.134
747500,0.030,0.766,0.204
748000,0.030,0.825,0.145
748500,0.030,0.795,0.175
749000,0.030,0.716,0.254
749500,0.030,0.733,0.237
750000,0.030,0.749,0.221
750500,0.030,0.798,0.171
751000,0.030,0.795,0.175
751500,0.030,0.788,0.181
752000,0.030,0.806,0.164
752500,0.030,0.777,0.193
753000,0.030,0.844,0.126
753500,0.030,0.788,0.181
754000,0.030,0.748,0.222
754500,0.030,0.808,0.162
755000,0.030,0.836,0.134
755500,0.030,0.792,0.177
756000,0.030,0.843,0.127
756500,0.030,0.754,0.216
757000,0.030,0.869,0.101
757500,0.030,0.854,0.116
758000,0.030,0.801,0.168
758500,0.030,0.760,0.210
759000,0.030,0.760,0.210
759500,0.030,0.844,0.126
760000,0.030,0.872,0.098
760500,0.030,0.860,0.110
761000,0.030,0.827,0.143
761500,0.030,0.884,0.086
762000,0.030,0.819,0.151
762500,0.030,0.794,0.175
763000,0.030,0.750,0.220
763500,0.030,0.772,0.198
764000,0.030,0.814,0.156
764500,0.030,0.835,0.135
765000,0.030,0.837,0.133
765500,0.030,0.832,0.138
766000,0.030,0.785,0.184
766500,0.030,0.715,0.255
767000,0.030,0.753,0.217
767500,0.030,0.835,0.135
768000,0.030,0.774,0.196
768500,0.030,0.767,0.203
769000,0.030,0.751,0.219
769500,0.030,0.797,0.172
770000,0.030,0.879,0.091
770500,0.030,0.858,0.112
771000,0.030,0.883,0.087
771500,0.030,0.866,0.104
772000,0.030,0.865,0.105
772500,0.030,0.797,0.173
773000,0.030,0.787,0.183
773500,0.030,0.805,0.164
774000,0.030,0.775,0.195
774500,0.030,0.816,0.154
775000,0.030,0.855,0.115
775500,0.030,0.754,0.216
776000,0.030,0.826,0.144
776500,0.030,0.831,0.139
777000,0.030,0.723,0.247
777500,0.030,0.754,0.216
778000,0.030,0.795,0.174
778500,0.030,0.825,0.145
779000,0.030,0.798,0.172
779500,0.030,0.884,0.086
780000,0.030,0.825,0.145
780500,0.030,0.853,0.117
781000,0.030,0.831,0.139
781500,0.030,0.840,0.130
782000,0.030,0.800,0.169
782500,0.030,0.853,0.117
783000,0.030,0.801,0.168
783500,0.030,0.753,0.217
784000,0.030,0.802,0.168
784500,0.030,0.792,0.177
785000,0.030,0.852,0.118
785500,0.030,0.867,0.103
786000,0.030,0.790,0.179
786500,0.030,0.749,0.221
787000,0.030,0.741,0.229
787500,0.030,0.741,0.229
788000,0.030,0.794,0.176
788500,0.030,0.793,0.177
789000,0.030,0.777,0.193
789500,0.030,0.730,0.240
790000,0.030,0.718,0.252
790500,0.030,0.808,0.161
791000,0.030,0.815,0.155
791500,0.030,0.782,0.188
792000,0.030,0.800,0.169
792500,0.030,0.731,0.239
793000,0.030,0.749,0.221
793500,0.030,0.798,0.171
794000,0.030,0.808,0.162
794500,0.030,0.785,0.184
795000,0.030,0.764,0.206
795500,0.030,0.659,0.310
796000,0.030,0.701,0.269
796500,0.030,0.805,0.164
797000,0.030,0.780,0.190
797500,0.030,0.766,0.204
798000,0.030,0.754,0.216
798500,0.030,0.731,0.239
799000,0.030,0.739,0.231
799500,0.030,0.702,0.268
800000,0.030,0.763,0.207
800500,0.030,0.736,0.234
801000,0.030,0.731,0.239
801500,0.030,0.780,0.190
802000,0.030,0.835,0.135
802500,0.030,0.767,0.203
803000,0.030,0.789,0.181
803500,0.030,0.700,0.270
804000,0.030,0.713,0.257
804500,0.030,0.739,0.231
805000,0.030,0.766,0.204
805500,0.030,0.819,0.151
806000,0.030,0.798,0.171
806500,0.030,0.819,0.151
807000,0.030,0.851,0.119
807500,0.030,0.834,0.136
808000,0.030,0.854,0.116
808500,0.030,0.791,0.178
809000,0.030,0.796,0.174
809500,0.030,0.775,0.195
810000,0.030,0.822,0.148
810500,0.030,0.832,0.138
811000,0.030,0.791,0.179
811500,0.030,0.780,0.190
812000,0.030,0.789,0.180
812500,0.030,0.833,0.137
813000,0.030,0.862,0.108
813500,0.030,0.852,0.118
814000,0.030,0.845,0.125
814500,0.030,0.854,0.116
815000,0.030,0.782,0.188
815500,0.030,0.806,0.163
816000,0.030,0.838,0.132
816500,0.030,0.868,0.102
817000,0.030,0.837,0.133
817500,0.030,0.719,0.251
818000,0.030,0.752,0.218
818500,0.030,0.778,0.192
819000,0.030,0.810,0.159
819500,0.030,0.824,0.146
820000,0.030,0.763,0.207
820500,0.030,0.888,0.082
821000,0.030,0.865,0.105
821500,0.030,0.809,0.161
822000,0.030,0.842,0.128
822500,0.030,0.853,0.117
823000,0.030,0.809,0.160
823500,0.030,0.820,0.150
824000,0.030,0.837,0.133
824500,0.030,0.809,0.161
825000,0.030,0.714,0.256
825500,0.030,0.864,0.106
826000,0.030,0.865,0.105
826500,0.030,0.808,0.161
827000,0.030,0.753,0.217
827500,0.030,0.746,0.224
828000,0.030,0.789,0.180
828500,0.030,0.837,0.133
829000,0.030,0.860,0.110
829500,0.030,0.797,0.172
830000,0.030,0.723,0.247
830500,0.030,0.791,0.179
831000,0.030,0.736,0.234
831500,0.030,0.799,0.170
832000,0.030,0.811,0.159
832500,0.030,0.842,0.128
833000,0.030,0.718,0.252
833500,0.030,0.693,0.277
834000,0.030,0.882,0.088
834500,0.030,0.844,0.126
835000,0.030,0.771,0.199
835500,0.030,0.747,0.223
836000,0.030,0.765,0.205
836500,0.030,0.840,0.130
837000,0.030,0.868,0.102
837500,0.030,0.822,0.148
838000,0.030,0.834,0.136
838500,0.030,0.814,0.156
839000,0.030,0.848,0.122
839500,0.030,0.803,0.167
840000,0.030,0.783,0.186
840500,0.030,0.847,0.123
841000,0.030,0.878,0.092
841500,0.030,0.816,0.154
842000,0.030,0.845,0.125
842500,0.030,0.819,0.151
843000,0.030,0.727,0.243
843500,0.030,0.773,0.197
844000,0.030,0.737,0.233
844500,0.030,0.768,0.202
845000,0.030,0.806,0.163
845500,0.030,0.812,0.157
846000,0.030,0.845,0.125
846500,0.030,0.790,0.180
847000,0.030,0.813,0.157
847500,0.030,0.776,0.194
848000,0.030,0.759,0.211
848500,0.030,0.820,0.150
849000,0.030,0.801,0.168
849500,0.030,0.808,0.161
850000,0.030,0.812,0.158
850500,0.030,0.807,0.163
851000,0.030,0.815,0.155
851500,0.030,0.844,0.126
852000,0.030,0.810,0.159
852500,0.030,0.843,0.127
853000,0.030,0.790,0.179
853500,0.030,0.781,0.189
854000,0.030,0.824,0.146
854500,0.030,0.814,0.156
855000,0.030,0.836,0.134
855500,0.030,0.796,0.173
856000,0.030,0.803,0.166
856500,0.030,0.843,0.127
857000,0.030,0.800,0.170
857500,0.030,0.838,0.132
858000,0.030,0.787,0.183
858500,0.030,0.779,0.191
859000,0.030,0.795,0.175
859500,0.030,0.787,0.182
860000,0.030,0.772,0.198
860500,0.030,0.731,0.239
861000,0.030,0.801,0.169
861500,0.030,0.808,0.162
862000,0.030,0.751,0.219
862500,0.030,0.758,0.212
863000,0.030,0.819,0.151
863500,0.030,0.859,0.111
864000,0.030,0.797,0.173
864500,0.030,0.817,0.153
865000,0.030,0.775,0.195
865500,0.030,0.738,0.232
866000,0.030,0.848,0.122
866500,0.030,0.806,0.163
867000,0.030,0.788,0.181
867500,0.030,0.765,0.205
868000,0.030,0.813,0.157
868500,0.030,0.826,0.144
869000,0.030,0.833,0.137
869500,0.030,0.844,0.126
870000,0.030,0.847,0.123
870500,0.030,0.866,0.104
871000,0.030,0.802,0.167
871500,0.030,0.835,0.135
872000,0.030,0.814,0.156
872500,0.030,0.841,0.129
873000,0.030,0.810,0.160
873500,0.030,0.856,0.114
874000,0.030,0.844,0.126
874500,0.030,0.783,0.187
875000,0.030,0.769,0.201
875500,0.030,0.710,0.260
876000,0.030,0.735,0.235
876500,0.030,0.798,0.171
877000,0.030,0.752,0.218
877500,0.030,0.801,0.169
878000,0.030,0.839,0.131
878500,0.030,0.800,0.169
879000,0.030,0.818,0.152
879500,0.030,0.825,0.145
880000,0.030,0.731,0.239
880500,0.030,0.662,0.308
881000,0.030,0.723,0.247
881500,0.030,0.770,0.200
882000,0.030,0.702,0.268
882500,0.030,0.738,0.232
883000,0.030,0.745,0.225
883500,0.030,0.774,0.196
884000,0.030,0.859,0.111
884500,0.030,0.812,0.158
885000,0.030,0.839,0.131
885500,0.030,0.837,0.133
886000,0.030,0.757,0.213
886500,0.030,0.750,0.220
887000,0.030,0.824,0.146
887500,0.030,0.835,0.135
888000,0.030,0.803,0.167
888500,0.030,0.773,0.197
889000,0.030,0.760,0.210
889500,0.030,0.800,0.170
890000,0.030,0.798,0.172
890500,0.030,0.828,0.142
891000,0.030,0.914,0.056
891500,0.030,0.868,0.102
892000,0.030,0.827,0.143
892500,0.030,0.795,0.174
893000,0.030,0.819,0.151
893500,0.030,0.839,0.131
894000,0.030,0.775,0.195
894500,0.030,0.846,0.124
895000,0.030,0.749,0.221
895500,0.030,0.788,0.182
896000,0.030,0.800,0.170
896500,0.030,0.741,0.229
897000,0.030,0.800,0.170
897500,0.030,0.732,0.238
898000,0.030,0.734,0.236
898500,0.030,0.707,0.263
899000,0.030,0.800,0.170
899500,0.030,0.786,0.184
900000,0.030,0.789,0.181
900500,0.030,0.731,0.239
901000,0.030,0.770,0.200
901500,0.030,0.716,0.254
902000,0.030,0.776,0.194
902500,0.030,0.785,0.184
903000,0.030,0.786,0.184
903500,0.030,0.832,0.138
904000,0.030,0.783,0.187
904500,0.030,0.800,0.170
905000,0.030,0.875,0.095
905500,0.030,0.912,0.058
906000,0.030,0.806,0.164
906500,0.030,0.826,0.144
907000,0.030,0.816,0.154
907500,0.030,0.791,0.178
908000,0.030,0.810,0.159
908500,0.030,0.840,0.130
909000,0.030,0.833,0.137
909500,0.030,0.766,0.204
910000,0.030,0.734,0.236
910500,0.030,0.809,0.161
911000,0.030,0.827,0.143
911500,0.030,0.779,0.191
912000,0.030,0.775,0.195
912500,0.030,0.755,0.215
913000,0.030,0.742,0.228
913500,0.030,0.760,0.210
914000,0.030,0.755,0.215
914500,0.030,0.732,0.238
915000,0.030,0.728,0.242
915500,0.030,0.731,0.239
916000,0.030,0.765,0.205
916500,0.030,0.765,0.205
917000,0.030,0.805,0.165
917500,0.030,0.886,0.084
918000,0.030,0.792,0.177
918500,0.030,0.825,0.145
919000,0.030,0.836,0.134
919500,0.030,0.839,0.131
920000,0.030,0.696,0.274
920500,0.030,0.744,0.226
921000,0.030,0.809,0.161
921500,0.030,0.857,0.113
922000,0.030,0.864,0.106
922500,0.030,0.742,0.228
923000,0.030,0.737,0.233
923500,0.030,0.775,0.195
924000,0.030,0.733,0.237
924500,0.030,0.688,0.282
925000,0.030,0.821,0.149
925500,0.030,0.826,0.144
926000,0.030,0.788,0.182
926500,0.030,0.815,0.155
927000,0.030,0.750,0.220
927500,0.030,0.723,0.247
928000,0.030,0.708,0.262
928500,0.030,0.729,0.241
929000,0.030,0.815,0.155
929500,0.030,0.791,0.178
930000,0.030,0.864,0.106
930500,0.030,0.832,0.138
931000,0.030,0.816,0.154
931500,0.030,0.789,0.181
932000,0.030,0.844,0.126
932500,0.030,0.818,0.152
933000,0.030,0.776,0.194
933500,0.030,0.827,0.143
934000,0.030,0.856,0.114
934500,0.030,0.811,0.158
935000,0.030,0.805,0.164
935500,0.030,0.806,0.164
936000,0.030,0.791,0.179
936500,0.030,0.747,0.223
937000,0.030,0.743,0.227
937500,0.030,0.805,0.164
938000,0.030,0.807,0.163
938500,0.030,0.815,0.155
939000,0.030,0.854,0.116
939500,0.030,0.750,0.220
940000,0.030,0.718,0.252
940500,0.030,0.767,0.203
941000,0.030,0.757,0.213
941500,0.030,0.790,0.179
942000,0.030,0.727,0.243
942500,0.030,0.777,0.193
943000,0.030,0.783,0.186
943500,0.030,0.762,0.208
944000,0.030,0.822,0.148
944500,0.030,0.837,0.133
945000,0.030,0.839,0.131
945500,0.030,0.835,0.135
946000,0.030,0.809,0.160
946500,0.030,0.871,0.099
947000,0.030,0.876,0.094
947500,0.030,0.882,0.088
948000,0.030,0.863,0.107
948500,0.030,0.762,0.208
949000,0.030,0.783,0.187
949500,0.030,0.755,0.215
950000,0.030,0.775,0.195
950500,0.030,0.758,0.212
951000,0.030,0.838,0.132
951500,0.030,0.789,0.180
952000,0.030,0.847,0.123
952500,0.030,0.853,0.117
953000,0.030,0.837,0.133
953500,0.030,0.837,0.133
954000,0.030,0.807,0.163
954500,0.030,0.777,0.193
955000,0.030,0.800,0.170
955500,0.030,0.759,0.211
956000,0.030,0.767,0.203
956500,0.030,0.743,0.227
957000,0.030,0.739,0.231
957500,0.030,0.795,0.174
958000,0.030,0.769,0.201
958500,0.030,0.831,0.139
959000,0.030,0.833,0.137
959500,0.030,0.739,0.231
960000,0.030,0.742,0.228
960500,0.030,0.798,0.171
961000,0.030,0.812,0.157
961500,0.030,0.732,0.238
962000,0.030,0.739,0.231
962500,0.030,0.842,0.128
963000,0.030,0.841,0.129
963500,0.030,0.779,0.191
964000,0.030,0.846,0.124
964500,0.030,0.811,0.159
965000,0.030,0.809,0.161
965500,0.030,0.848,0.122
966000,0.030,0.837,0.133
966500,0.030,0.833,0.137
967000,0.030,0.783,0.187
967500,0.030,0.775,0.195
968000,0.030,0.752,0.218
968500,0.030,0.757,0.213
969000,0.030,0.788,0.182
969500,0.030,0.740,0.230
970000,0.030,0.744,0.226
970500,0.030,0.791,0.178
971000,0.030,0.739,0.231
971500,0.030,0.765,0.205
972000,0.030,0.843,0.127
972500,0.030,0.830,0.140
973000,0.030,0.746,0.224
973500,0.030,0.794,0.175
974000,0.030,0.790,0.180
974500,0.030,0.735,0.235
975000,0.030,0.670,0.299
975500,0.030,0.662,0.307
976000,0.030,0.737,0.233
976500,0.030,0.752,0.218
977000,0.030,0.778,0.192
977500,0.030,0.849,0.121
978000,0.030,0.807,0.162
978500,0.030,0.796,0.174
979000,0.030,0.809,0.161
979500,0.030,0.849,0.121
980000,0.030,0.759,0.211
980500,0.030,0.756,0.214
981000,0.030,0.742,0.228
981500,0.030,0.749,0.221
982000,0.030,0.741,0.229
982500,0.030,0.742,0.228
983000,0.030,0.801,0.168
983500,0.030,0.854,0.116
984000,0.030,0.850,0.120
984500,0.030,0.868,0.102
985000,0.030,0.854,0.116
985500,0.030,0.774,0.196
986000,0.030,0.783,0.187
986500,0.030,0.789,0.181
987000,0.030,0.712,0.258
987500,0.030,0.805,0.165
988000,0.030,0.817,0.153
988500,0.030,0.702,0.268
989000,0.030,0.730,0.240
989500,0.030,0.808,0.161
990000,0.030,0.855,0.115
990500,0.030,0.795,0.174
991000,0.030,0.789,0.180
991500,0.030,0.812,0.157
992000,0.030,0.798,0.172
992500,0.030,0.743,0.227
993000,0.030,0.737,0.233
993500,0.030,0.827,0.143
994000,0.030,0.857,0.113
994500,0.030,0.753,0.217
995000,0.030,0.718,0.252
995500,0.030,0.785,0.184
996000,0.030,0.765,0.205
996500,0.030,0.847,0.123
997000,0.030,0.821,0.149
997500,0.030,0.864,0.106
998000,0.030,0.835,0.135
998500,0.030,0.784,0.185
999000,0.030,0.795,0.175
999500,0.030,0.805,0.165
1000000,0.030,0.848,0.122
