time,n_A+p,n_B,n_AB
500,0.050,0.929,0.021
1000,0.053,0.906,0.041
1500,0.056,0.902,0.042
2000,0.055,0.881,0.064
2500,0.057,0.884,0.059
3000,0.053,0.883,0.064
3500,0.052,0.889,0.059
4000,0.055,0.866,0.079
4500,0.055,0.845,0.100
5000,0.060,0.848,0.092
5500,0.057,0.839,0.104
6000,0.058,0.828,0.114
6500,0.066,0.819,0.115
7000,0.062,0.824,0.114
7500,0.062,0.818,0.120
8000,0.065,0.813,0.122
8500,0.067,0.796,0.137
9000,0.067,0.790,0.143
9500,0.066,0.798,0.136
10000,0.063,0.807,0.130
10500,0.063,0.820,0.117
11000,0.065,0.812,0.123
11500,0.058,0.820,0.122
12000,0.059,0.812,0.129
12500,0.064,0.809,0.127
13000,0.064,0.811,0.125
13500,0.068,0.818,0.114
14000,0.069,0.820,0.111
14500,0.066,0.823,0.111
15000,0.067,0.825,0.108
15500,0.064,0.822,0.114
16000,0.065,0.819,0.116
16500,0.065,0.819,0.116
17000,0.063,0.814,0.123
17500,0.062,0.811,0.127
18000,0.064,0.783,0.153
18500,0.067,0.791,0.142
19000,0.067,0.791,0.142
19500,0.067,0.796,0.137
20000,0.065,0.787,0.148
20500,0.069,0.801,0.130
21000,0.068,0.795,0.137
21500,0.076,0.783,0.141
22000,0.084,0.776,0.140
22500,0.079,0.770,0.151
23000,0.080,0.750,0.170
23500,0.091,0.744,0.165
24000,0.095,0.739,0.166
24500,0.094,0.726,0.180
25000,0.086,0.726,0.188
25500,0.084,0.710,0.206
26000,0.090,0.716,0.194
26500,0.089,0.709,0.202
27000,0.088,0.715,0.197
27500,0.086,0.727,0.187
28000,0.085,0.731,0.184
28500,0.089,0.729,0.182
29000,0.082,0.739,0.179
29500,0.086,0.731,0.183
30000,0.095,0.715,0.190
30500,0.092,0.721,0.187
31000,0.082,0.728,0.190
31500,0.082,0.733,0.185
32000,0.083,0.730,0.187
32500,0.082,0.724,0.194
33000,0.082,0.721,0.197
33500,0.081,0.740,0.179
34000,0.078,0.740,0.182
34500,0.085,0.748,0.167
35000,0.081,0.757,0.162
35500,0.079,0.762,0.159
36000,0.087,0.750,0.163
36500,0.088,0.740,0.172
37000,0.091,0.733,0.176
37500,0.094,0.730,0.176
38000,0.096,0.723,0.181
38500,0.101,0.703,0.196
39000,0.088,0.708,0.204
39500,0.093,0.716,0.191
40000,0.101,0.726,0.173
40500,0.092,0.734,0.174
41000,0.092,0.744,0.164
41500,0.090,0.730,0.180
42000,0.079,0.744,0.177
42500,0.074,0.741,0.185
43000,0.080,0.748,0.172
43500,0.085,0.758,0.157
44000,0.084,0.759,0.157
44500,0.081,0.760,0.159
45000,0.084,0.739,0.177
45500,0.085,0.726,0.189
46000,0.083,0.731,0.186
46500,0.082,0.727,0.191
47000,0.085,0.751,0.164
47500,0.090,0.752,0.158
48000,0.088,0.750,0.162
48500,0.087,0.741,0.172
49000,0.090,0.732,0.178
49500,0.092,0.740,0.168
50000,0.085,0.741,0.174
50500,0.082,0.732,0.186
51000,0.093,0.742,0.165
51500,0.085,0.753,0.162
52000,0.075,0.758,0.167
52500,0.072,0.780,0.148
53000,0.077,0.767,0.156
53500,0.081,0.778,0.141
54000,0.084,0.780,0.136
54500,0.071,0.766,0.163
55000,0.071,0.762,0.167
55500,0.073,0.763,0.164
56000,0.082,0.767,0.151
56500,0.076,0.758,0.166
57000,0.082,0.743,0.175
57500,0.077,0.748,0.175
58000,0.080,0.753,0.167
58500,0.080,0.749,0.171
59000,0.078,0.760,0.162
59500,0.081,0.759,0.160
60000,0.083,0.758,0.159
60500,0.088,0.759,0.153
61000,0.082,0.742,0.176
61500,0.094,0.747,0.159
62000,0.091,0.741,0.168
62500,0.087,0.734,0.179
63000,0.090,0.726,0.184
63500,0.094,0.724,0.182
64000,0.089,0.728,0.183
64500,0.089,0.721,0.190
65000,0.090,0.718,0.192
65500,0.093,0.733,0.174
66000,0.094,0.715,0.191
66500,0.090,0.705,0.205
67000,0.091,0.711,0.198
67500,0.093,0.708,0.199
68000,0.090,0.716,0.194
68500,0.092,0.713,0.195
69000,0.100,0.718,0.182
69500,0.103,0.705,0.192
70000,0.095,0.710,0.195
70500,0.090,0.718,0.192
71000,0.093,0.727,0.180
71500,0.090,0.729,0.181
72000,0.093,0.731,0.176
72500,0.096,0.734,0.170
73000,0.096,0.728,0.176
73500,0.091,0.725,0.184
74000,0.095,0.714,0.191
74500,0.090,0.729,0.181
75000,0.097,0.738,0.165
75500,0.093,0.733,0.174
76000,0.081,0.739,0.180
76500,0.081,0.736,0.183
77000,0.080,0.757,0.163
77500,0.076,0.759,0.165
78000,0.089,0.764,0.147
78500,0.087,0.774,0.139
79000,0.084,0.766,0.150
79500,0.087,0.781,0.132
80000,0.077,0.759,0.164
80500,0.078,0.750,0.172
81000,0.079,0.754,0.167
81500,0.075,0.773,0.152
82000,0.076,0.768,0.156
82500,0.073,0.775,0.152
83000,0.067,0.778,0.155
83500,0.067,0.786,0.147
84000,0.067,0.788,0.145
84500,0.068,0.798,0.134
85000,0.076,0.792,0.132
85500,0.078,0.781,0.141
86000,0.078,0.777,0.145
86500,0.071,0.777,0.152
87000,0.070,0.772,0.158
87500,0.077,0.780,0.143
88000,0.084,0.773,0.143
88500,0.079,0.759,0.162
89000,0.073,0.763,0.164
89500,0.078,0.766,0.156
90000,0.075,0.774,0.151
90500,0.081,0.793,0.126
91000,0.083,0.789,0.128
91500,0.082,0.793,0.125
92000,0.066,0.786,0.148
92500,0.073,0.786,0.141
93000,0.067,0.784,0.149
93500,0.076,0.779,0.145
94000,0.080,0.775,0.145
94500,0.092,0.770,0.138
95000,0.096,0.763,0.141
95500,0.090,0.756,0.154
96000,0.081,0.759,0.160
96500,0.076,0.769,0.155
97000,0.076,0.773,0.151
97500,0.075,0.767,0.158
98000,0.078,0.779,0.143
98500,0.078,0.789,0.133
99000,0.073,0.780,0.147
99500,0.079,0.771,0.150
100000,0.074,0.756,0.170
100500,0.069,0.756,0.175
101000,0.071,0.752,0.177
101500,0.077,0.763,0.160
102000,0.074,0.739,0.187
102500,0.074,0.766,0.160
103000,0.082,0.750,0.168
103500,0.081,0.757,0.162
104000,0.073,0.738,0.189
104500,0.086,0.743,0.171
105000,0.090,0.737,0.173
105500,0.087,0.743,0.170
106000,0.088,0.754,0.158
106500,0.079,0.749,0.172
107000,0.078,0.756,0.166
107500,0.076,0.758,0.166
108000,0.073,0.752,0.175
108500,0.081,0.769,0.150
109000,0.081,0.763,0.156
109500,0.075,0.763,0.162
110000,0.080,0.765,0.155
110500,0.084,0.781,0.135
111000,0.087,0.780,0.133
111500,0.081,0.781,0.138
112000,0.077,0.780,0.143
112500,0.077,0.765,0.158
113000,0.085,0.777,0.138
113500,0.077,0.796,0.127
114000,0.084,0.788,0.128
114500,0.091,0.760,0.149
115000,0.087,0.748,0.165
115500,0.086,0.749,0.165
116000,0.088,0.756,0.156
116500,0.083,0.741,0.176
117000,0.094,0.740,0.166
117500,0.094,0.741,0.165
118000,0.089,0.737,0.174
118500,0.096,0.743,0.161
119000,0.093,0.748,0.159
119500,0.089,0.728,0.183
120000,0.094,0.729,0.177
120500,0.093,0.721,0.186
121000,0.092,0.721,0.187
121500,0.096,0.711,0.193
122000,0.096,0.724,0.180
122500,0.092,0.746,0.162
123000,0.086,0.744,0.170
123500,0.084,0.741,0.175
124000,0.078,0.757,0.165
124500,0.071,0.781,0.148
125000,0.073,0.773,0.154
125500,0.076,0.777,0.147
126000,0.078,0.781,0.141
126500,0.077,0.788,0.135
127000,0.075,0.789,0.136
127500,0.080,0.799,0.121
128000,0.076,0.779,0.145
128500,0.081,0.775,0.144
129000,0.076,0.777,0.147
129500,0.079,0.781,0.140
130000,0.082,0.765,0.153
130500,0.083,0.784,0.133
131000,0.086,0.773,0.141
131500,0.083,0.771,0.146
132000,0.083,0.771,0.146
132500,0.076,0.781,0.143
133000,0.073,0.762,0.165
133500,0.073,0.766,0.161
134000,0.077,0.771,0.152
134500,0.071,0.779,0.150
135000,0.068,0.786,0.146
135500,0.072,0.777,0.151
136000,0.076,0.781,0.143
136500,0.080,0.762,0.158
137000,0.080,0.764,0.156
137500,0.077,0.745,0.178
138000,0.074,0.756,0.170
138500,0.071,0.780,0.149
139000,0.080,0.784,0.136
139500,0.074,0.781,0.145
140000,0.077,0.776,0.147
140500,0.081,0.779,0.140
141000,0.084,0.788,0.128
141500,0.081,0.776,0.143
142000,0.080,0.784,0.136
142500,0.081,0.760,0.159
143000,0.078,0.773,0.149
143500,0.075,0.764,0.161
144000,0.073,0.772,0.155
144500,0.076,0.765,0.159
145000,0.082,0.788,0.130
145500,0.082,0.787,0.131
146000,0.078,0.777,0.145
146500,0.082,0.755,0.163
147000,0.082,0.762,0.156
147500,0.074,0.755,0.171
148000,0.087,0.744,0.169
148500,0.082,0.749,0.169
149000,0.080,0.732,0.188
149500,0.081,0.729,0.190
150000,0.091,0.724,0.185
150500,0.093,0.729,0.178
151000,0.095,0.735,0.170
151500,0.094,0.734,0.172
152000,0.094,0.713,0.193
152500,0.095,0.714,0.191
153000,0.106,0.725,0.169
153500,0.101,0.709,0.190
154000,0.103,0.721,0.176
154500,0.088,0.714,0.198
155000,0.085,0.720,0.195
155500,0.090,0.722,0.188
156000,0.090,0.722,0.188
156500,0.088,0.742,0.170
157000,0.084,0.732,0.184
157500,0.086,0.757,0.157
158000,0.088,0.752,0.160
158500,0.086,0.751,0.163
159000,0.088,0.747,0.165
159500,0.076,0.760,0.164
160000,0.081,0.758,0.161
160500,0.078,0.778,0.144
161000,0.079,0.768,0.153
161500,0.080,0.764,0.156
162000,0.076,0.768,0.156
162500,0.075,0.778,0.147
163000,0.073,0.774,0.153
163500,0.076,0.777,0.147
164000,0.080,0.776,0.144
164500,0.076,0.744,0.180
165000,0.086,0.750,0.164
165500,0.087,0.752,0.161
166000,0.092,0.757,0.151
166500,0.085,0.750,0.165
167000,0.084,0.743,0.173
167500,0.096,0.733,0.171
168000,0.090,0.736,0.174
168500,0.090,0.737,0.173
169000,0.085,0.739,0.176
169500,0.090,0.732,0.178
170000,0.083,0.749,0.168
170500,0.082,0.747,0.171
171000,0.082,0.738,0.180
171500,0.079,0.720,0.201
172000,0.086,0.715,0.199
172500,0.084,0.730,0.186
173000,0.088,0.747,0.165
173500,0.096,0.729,0.175
174000,0.096,0.739,0.165
174500,0.101,0.733,0.166
175000,0.090,0.731,0.179
175500,0.091,0.711,0.198
176000,0.098,0.731,0.171
176500,0.088,0.725,0.187
177000,0.088,0.730,0.182
177500,0.090,0.733,0.177
178000,0.095,0.738,0.167
178500,0.090,0.746,0.164
179000,0.087,0.764,0.149
179500,0.086,0.759,0.155
180000,0.087,0.742,0.171
180500,0.091,0.744,0.165
181000,0.090,0.749,0.161
181500,0.086,0.752,0.162
182000,0.083,0.744,0.173
182500,0.088,0.758,0.154
183000,0.087,0.737,0.176
183500,0.093,0.748,0.159
184000,0.087,0.739,0.174
184500,0.081,0.738,0.181
185000,0.083,0.751,0.166
185500,0.076,0.762,0.162
186000,0.076,0.770,0.154
186500,0.076,0.772,0.152
187000,0.074,0.757,0.169
187500,0.082,0.765,0.153
188000,0.090,0.772,0.138
188500,0.076,0.768,0.156
189000,0.075,0.777,0.148
189500,0.080,0.761,0.159
190000,0.076,0.760,0.164
190500,0.069,0.768,0.163
191000,0.074,0.768,0.158
191500,0.081,0.765,0.154
192000,0.075,0.760,0.165
192500,0.076,0.765,0.159
193000,0.078,0.733,0.189
193500,0.082,0.749,0.169
194000,0.092,0.743,0.165
194500,0.087,0.749,0.164
195000,0.083,0.751,0.166
195500,0.088,0.761,0.151
196000,0.083,0.762,0.155
196500,0.080,0.744,0.176
197000,0.081,0.733,0.186
197500,0.081,0.742,0.177
198000,0.082,0.739,0.179
198500,0.078,0.731,0.191
199000,0.077,0.742,0.181
199500,0.072,0.758,0.170
200000,0.076,0.762,0.162
200500,0.072,0.772,0.156
201000,0.074,0.769,0.157
201500,0.072,0.772,0.156
202000,0.068,0.773,0.159
202500,0.069,0.776,0.155
203000,0.073,0.766,0.161
203500,0.074,0.780,0.146
204000,0.074,0.765,0.161
204500,0.073,0.768,0.159
205000,0.072,0.776,0.152
205500,0.077,0.764,0.159
206000,0.080,0.751,0.169
206500,0.084,0.736,0.180
207000,0.082,0.722,0.196
207500,0.084,0.720,0.196
208000,0.094,0.724,0.182
208500,0.098,0.733,0.169
209000,0.093,0.735,0.172
209500,0.088,0.746,0.166
210000,0.079,0.748,0.173
210500,0.083,0.749,0.168
211000,0.082,0.740,0.178
211500,0.089,0.737,0.174
212000,0.088,0.741,0.171
212500,0.080,0.721,0.199
213000,0.085,0.730,0.185
213500,0.077,0.740,0.183
214000,0.076,0.749,0.175
214500,0.080,0.763,0.157
215000,0.077,0.752,0.171
215500,0.077,0.763,0.160
216000,0.080,0.761,0.159
216500,0.080,0.758,0.162
217000,0.078,0.765,0.157
217500,0.082,0.772,0.146
218000,0.080,0.773,0.147
218500,0.083,0.771,0.146
219000,0.089,0.742,0.169
219500,0.091,0.741,0.168
220000,0.085,0.737,0.178
220500,0.081,0.755,0.164
221000,0.091,0.744,0.165
221500,0.087,0.747,0.166
222000,0.082,0.733,0.185
222500,0.079,0.725,0.196
223000,0.089,0.732,0.179
223500,0.092,0.735,0.173
224000,0.090,0.743,0.167
224500,0.091,0.740,0.169
225000,0.097,0.734,0.169
225500,0.097,0.726,0.177
226000,0.092,0.724,0.184
226500,0.084,0.735,0.181
227000,0.082,0.730,0.188
227500,0.082,0.728,0.190
228000,0.093,0.730,0.177
228500,0.093,0.725,0.182
229000,0.083,0.710,0.207
229500,0.091,0.707,0.202
230000,0.097,0.710,0.193
230500,0.097,0.735,0.168
231000,0.090,0.723,0.187
231500,0.078,0.749,0.173
232000,0.077,0.772,0.151
232500,0.073,0.759,0.168
233000,0.076,0.761,0.163
233500,0.077,0.760,0.163
234000,0.090,0.749,0.161
234500,0.095,0.739,0.166
235000,0.102,0.718,0.180
235500,0.098,0.704,0.198
236000,0.099,0.728,0.173
236500,0.099,0.701,0.200
237000,0.100,0.725,0.175
237500,0.086,0.724,0.190
238000,0.084,0.726,0.190
238500,0.083,0.753,0.164
239000,0.081,0.759,0.160
239500,0.086,0.740,0.174
240000,0.090,0.755,0.155
240500,0.084,0.763,0.153
241000,0.079,0.767,0.154
241500,0.074,0.772,0.154
242000,0.074,0.766,0.160
242500,0.076,0.754,0.170
243000,0.084,0.753,0.163
243500,0.083,0.759,0.158
244000,0.083,0.769,0.148
244500,0.076,0.764,0.160
245000,0.070,0.768,0.162
245500,0.086,0.768,0.146
246000,0.085,0.771,0.144
246500,0.078,0.759,0.163
247000,0.080,0.770,0.150
247500,0.078,0.782,0.140
248000,0.075,0.783,0.142
248500,0.082,0.785,0.133
249000,0.075,0.804,0.121
249500,0.071,0.798,0.131
250000,0.066,0.799,0.135
250500,0.066,0.807,0.127
251000,0.063,0.805,0.132
251500,0.064,0.816,0.120
252000,0.063,0.819,0.118
252500,0.062,0.826,0.112
253000,0.061,0.821,0.118
253500,0.068,0.826,0.106
254000,0.066,0.837,0.097
254500,0.060,0.821,0.119
255000,0.060,0.813,0.127
255500,0.064,0.820,0.116
256000,0.065,0.825,0.110
256500,0.065,0.807,0.128
257000,0.070,0.794,0.136
257500,0.067,0.787,0.146
258000,0.065,0.791,0.144
258500,0.067,0.792,0.141
259000,0.072,0.778,0.150
259500,0.074,0.790,0.136
260000,0.076,0.786,0.138
260500,0.071,0.788,0.141
261000,0.077,0.784,0.139
261500,0.084,0.761,0.155
262000,0.076,0.759,0.165
262500,0.077,0.782,0.141
263000,0.081,0.783,0.136
263500,0.075,0.785,0.140
264000,0.075,0.771,0.154
264500,0.071,0.771,0.158
265000,0.078,0.777,0.145
265500,0.072,0.769,0.159
266000,0.073,0.760,0.167
266500,0.075,0.769,0.156
267000,0.075,0.745,0.180
267500,0.080,0.744,0.176
268000,0.083,0.743,0.174
268500,0.086,0.742,0.172
269000,0.090,0.749,0.161
269500,0.083,0.746,0.171
270000,0.077,0.746,0.177
270500,0.072,0.767,0.161
271000,0.080,0.766,0.154
271500,0.077,0.750,0.173
272000,0.080,0.751,0.169
272500,0.077,0.744,0.179
273000,0.084,0.742,0.174
273500,0.075,0.734,0.191
274000,0.082,0.746,0.172
274500,0.084,0.752,0.164
275000,0.084,0.754,0.162
275500,0.094,0.753,0.153
276000,0.098,0.729,0.173
276500,0.099,0.705,0.196
277000,0.099,0.690,0.211
277500,0.104,0.700,0.196
278000,0.099,0.691,0.210
278500,0.108,0.702,0.190
279000,0.102,0.694,0.204
279500,0.105,0.707,0.188
280000,0.105,0.697,0.198
280500,0.092,0.714,0.194
281000,0.089,0.731,0.180
281500,0.089,0.729,0.182
282000,0.091,0.718,0.191
282500,0.091,0.724,0.185
283000,0.101,0.712,0.187
283500,0.105,0.710,0.185
284000,0.101,0.711,0.188
284500,0.100,0.709,0.191
285000,0.110,0.716,0.174
285500,0.106,0.716,0.178
286000,0.098,0.720,0.182
286500,0.096,0.712,0.192
287000,0.099,0.707,0.194
287500,0.099,0.687,0.214
288000,0.099,0.679,0.222
288500,0.088,0.690,0.222
289000,0.098,0.703,0.199
289500,0.103,0.697,0.200
290000,0.104,0.700,0.196
290500,0.107,0.711,0.182
291000,0.095,0.698,0.207
291500,0.077,0.712,0.211
292000,0.091,0.707,0.202
292500,0.092,0.709,0.199
293000,0.092,0.705,0.203
293500,0.096,0.681,0.223
294000,0.093,0.710,0.197
294500,0.084,0.712,0.204
295000,0.092,0.723,0.185
295500,0.093,0.722,0.185
296000,0.092,0.723,0.185
296500,0.099,0.716,0.185
297000,0.097,0.715,0.188
297500,0.099,0.732,0.169
298000,0.091,0.742,0.167
298500,0.087,0.740,0.173
299000,0.091,0.733,0.176
299500,0.084,0.722,0.194
300000,0.083,0.743,0.174
300500,0.088,0.739,0.173
301000,0.086,0.724,0.190
301500,0.102,0.721,0.177
302000,0.101,0.732,0.167
302500,0.105,0.728,0.167
303000,0.099,0.714,0.187
303500,0.098,0.710,0.192
304000,0.089,0.712,0.199
304500,0.094,0.723,0.183
305000,0.091,0.731,0.178
305500,0.092,0.734,0.174
306000,0.101,0.738,0.161
306500,0.096,0.733,0.171
307000,0.089,0.733,0.178
307500,0.084,0.725,0.191
308000,0.085,0.721,0.194
308500,0.083,0.722,0.195
309000,0.095,0.727,0.178
309500,0.084,0.714,0.202
310000,0.082,0.745,0.173
310500,0.081,0.755,0.164
311000,0.077,0.752,0.171
311500,0.076,0.760,0.164
312000,0.076,0.776,0.148
312500,0.078,0.778,0.144
313000,0.076,0.784,0.140
313500,0.068,0.783,0.149
314000,0.072,0.784,0.144
314500,0.074,0.774,0.152
315000,0.078,0.773,0.149
315500,0.083,0.766,0.151
316000,0.091,0.754,0.155
316500,0.079,0.762,0.159
317000,0.073,0.765,0.162
317500,0.077,0.771,0.152
318000,0.077,0.753,0.170
318500,0.093,0.746,0.161
319000,0.092,0.749,0.159
319500,0.088,0.736,0.176
320000,0.086,0.731,0.183
320500,0.092,0.716,0.192
321000,0.100,0.723,0.177
321500,0.095,0.738,0.167
322000,0.090,0.737,0.173
322500,0.081,0.743,0.176
323000,0.085,0.740,0.175
323500,0.087,0.742,0.171
324000,0.083,0.737,0.180
324500,0.097,0.713,0.190
325000,0.102,0.712,0.186
325500,0.103,0.712,0.185
326000,0.096,0.707,0.197
326500,0.106,0.709,0.185
327000,0.109,0.699,0.192
327500,0.101,0.709,0.190
328000,0.102,0.706,0.192
328500,0.101,0.715,0.184
329000,0.088,0.705,0.207
329500,0.091,0.715,0.194
330000,0.084,0.713,0.203
330500,0.085,0.724,0.191
331000,0.090,0.743,0.167
331500,0.085,0.758,0.157
332000,0.083,0.753,0.164
332500,0.084,0.759,0.157
333000,0.089,0.741,0.170
333500,0.092,0.751,0.157
334000,0.091,0.751,0.158
334500,0.089,0.737,0.174
335000,0.082,0.728,0.190
335500,0.090,0.742,0.168
336000,0.087,0.735,0.178
336500,0.082,0.752,0.166
337000,0.077,0.748,0.175
337500,0.074,0.756,0.170
338000,0.078,0.764,0.158
338500,0.083,0.760,0.157
339000,0.081,0.753,0.166
339500,0.084,0.738,0.178
340000,0.083,0.739,0.178
340500,0.082,0.735,0.183
341000,0.085,0.722,0.193
341500,0.084,0.734,0.182
342000,0.085,0.739,0.176
342500,0.087,0.729,0.184
343000,0.094,0.757,0.149
343500,0.086,0.761,0.153
344000,0.087,0.759,0.154
344500,0.085,0.755,0.160
345000,0.082,0.757,0.161
345500,0.083,0.749,0.168
346000,0.082,0.743,0.175
346500,0.085,0.741,0.174
347000,0.096,0.738,0.166
347500,0.085,0.738,0.177
348000,0.088,0.757,0.155
348500,0.090,0.752,0.158
349000,0.090,0.763,0.147
349500,0.098,0.757,0.145
350000,0.092,0.750,0.158
350500,0.095,0.747,0.158
351000,0.097,0.742,0.161
351500,0.091,0.744,0.165
352000,0.090,0.724,0.186
352500,0.097,0.725,0.178
353000,0.105,0.722,0.173
353500,0.113,0.713,0.174
354000,0.110,0.713,0.177
354500,0.101,0.710,0.189
355000,0.097,0.714,0.189
355500,0.104,0.720,0.176
356000,0.097,0.711,0.192
356500,0.100,0.714,0.186
357000,0.106,0.701,0.193
357500,0.097,0.711,0.192
358000,0.097,0.734,0.169
358500,0.100,0.732,0.168
359000,0.102,0.724,0.174
359500,0.098,0.732,0.170
360000,0.097,0.728,0.175
360500,0.102,0.718,0.180
361000,0.095,0.722,0.183
361500,0.096,0.717,0.187
362000,0.104,0.728,0.168
362500,0.104,0.726,0.170
363000,0.105,0.704,0.191
363500,0.107,0.689,0.204
364000,0.118,0.675,0.207
364500,0.113,0.680,0.207
365000,0.109,0.707,0.184
365500,0.114,0.703,0.183
366000,0.111,0.720,0.169
366500,0.099,0.713,0.188
367000,0.104,0.714,0.182
367500,0.102,0.705,0.193
368000,0.112,0.687,0.201
368500,0.104,0.693,0.203
369000,0.090,0.720,0.190
369500,0.101,0.712,0.187
370000,0.095,0.728,0.177
370500,0.103,0.740,0.157
371000,0.089,0.747,0.164
371500,0.084,0.734,0.182
372000,0.083,0.741,0.176
372500,0.087,0.729,0.184
373000,0.089,0.722,0.189
373500,0.091,0.734,0.175
374000,0.091,0.721,0.188
374500,0.091,0.736,0.173
375000,0.089,0.750,0.161
375500,0.095,0.741,0.164
376000,0.093,0.731,0.176
376500,0.096,0.727,0.177
377000,0.102,0.719,0.179
377500,0.096,0.742,0.162
378000,0.097,0.732,0.171
378500,0.095,0.717,0.188
379000,0.093,0.716,0.191
379500,0.083,0.723,0.194
380000,0.082,0.745,0.173
380500,0.087,0.729,0.184
381000,0.087,0.733,0.180
381500,0.096,0.710,0.194
382000,0.090,0.734,0.176
382500,0.092,0.720,0.188
383000,0.089,0.700,0.211
383500,0.087,0.711,0.202
384000,0.085,0.721,0.194
384500,0.076,0.734,0.190
385000,0.082,0.742,0.176
385500,0.088,0.754,0.158
386000,0.086,0.740,0.174
386500,0.092,0.725,0.183
387000,0.088,0.700,0.212
387500,0.101,0.708,0.191
388000,0.100,0.684,0.216
388500,0.093,0.692,0.215
389000,0.093,0.701,0.206
389500,0.089,0.700,0.211
390000,0.092,0.712,0.196
390500,0.092,0.701,0.207
391000,0.091,0.709,0.200
391500,0.101,0.702,0.197
392000,0.099,0.711,0.190
392500,0.095,0.719,0.186
393000,0.098,0.717,0.185
393500,0.090,0.728,0.182
394000,0.083,0.714,0.203
394500,0.085,0.719,0.196
395000,0.075,0.720,0.205
395500,0.089,0.707,0.204
396000,0.086,0.719,0.195
396500,0.092,0.728,0.180
397000,0.088,0.726,0.186
397500,0.089,0.731,0.180
398000,0.088,0.730,0.182
398500,0.089,0.743,0.168
399000,0.092,0.736,0.172
399500,0.088,0.735,0.177
400000,0.080,0.753,0.167
400500,0.082,0.774,0.144
401000,0.083,0.787,0.130
401500,0.079,0.779,0.142
402000,0.079,0.776,0.145
402500,0.075,0.790,0.135
403000,0.078,0.778,0.144
403500,0.076,0.781,0.143
404000,0.073,0.774,0.153
404500,0.071,0.770,0.159
405000,0.070,0.765,0.165
405500,0.062,0.784,0.154
406000,0.067,0.780,0.153
406500,0.069,0.800,0.131
407000,0.066,0.803,0.131
407500,0.070,0.809,0.121
408000,0.066,0.811,0.123
408500,0.067,0.809,0.124
409000,0.069,0.806,0.125
409500,0.064,0.806,0.130
410000,0.068,0.789,0.143
410500,0.068,0.788,0.144
411000,0.069,0.790,0.141
411500,0.065,0.798,0.137
412000,0.075,0.790,0.135
412500,0.068,0.776,0.156
413000,0.076,0.784,0.140
413500,0.079,0.795,0.126
414000,0.077,0.789,0.134
414500,0.077,0.791,0.132
415000,0.073,0.786,0.141
415500,0.074,0.783,0.143
416000,0.074,0.799,0.127
416500,0.079,0.796,0.125
417000,0.077,0.786,0.137
417500,0.073,0.777,0.150
418000,0.078,0.780,0.142
418500,0.076,0.776,0.148
419000,0.067,0.782,0.151
419500,0.082,0.773,0.145
420000,0.079,0.780,0.141
420500,0.073,0.789,0.138
421000,0.077,0.795,0.128
421500,0.072,0.783,0.145
422000,0.069,0.780,0.151
422500,0.075,0.784,0.141
423000,0.070,0.792,0.138
423500,0.074,0.788,0.138
424000,0.081,0.776,0.143
424500,0.074,0.786,0.140
425000,0.079,0.779,0.142
425500,0.079,0.778,0.143
426000,0.074,0.739,0.187
426500,0.078,0.760,0.162
427000,0.085,0.756,0.159
427500,0.088,0.756,0.156
428000,0.087,0.759,0.154
428500,0.081,0.737,0.182
429000,0.083,0.736,0.181
429500,0.096,0.737,0.167
430000,0.099,0.718,0.183
430500,0.106,0.716,0.178
431000,0.097,0.700,0.203
431500,0.099,0.702,0.199
432000,0.103,0.717,0.180
432500,0.096,0.720,0.184
433000,0.101,0.728,0.171
433500,0.094,0.723,0.183
434000,0.096,0.722,0.182
434500,0.098,0.711,0.191
435000,0.101,0.707,0.192
435500,0.104,0.712,0.184
436000,0.103,0.709,0.188
436500,0.093,0.729,0.178
437000,0.101,0.732,0.167
437500,0.099,0.736,0.165
438000,0.101,0.723,0.176
438500,0.106,0.708,0.186
439000,0.098,0.704,0.198
439500,0.093,0.719,0.188
440000,0.092,0.712,0.196
440500,0.090,0.718,0.192
441000,0.091,0.696,0.213
441500,0.085,0.716,0.199
442000,0.090,0.709,0.201
442500,0.085,0.697,0.218
443000,0.078,0.710,0.212
443500,0.091,0.733,0.176
444000,0.085,0.737,0.178
444500,0.083,0.745,0.172
445000,0.087,0.740,0.173
445500,0.082,0.731,0.187
446000,0.082,0.713,0.205
446500,0.082,0.732,0.186
447000,0.089,0.720,0.191
447500,0.098,0.709,0.193
448000,0.094,0.700,0.206
448500,0.097,0.695,0.208
449000,0.086,0.702,0.212
449500,0.084,0.700,0.216
450000,0.085,0.710,0.205
450500,0.080,0.717,0.203
451000,0.080,0.717,0.203
451500,0.088,0.707,0.205
452000,0.088,0.730,0.182
452500,0.101,0.715,0.184
453000,0.105,0.709,0.186
453500,0.095,0.722,0.183
454000,0.088,0.722,0.190
454500,0.090,0.728,0.182
455000,0.090,0.720,0.190
455500,0.087,0.714,0.199
456000,0.086,0.717,0.197
456500,0.081,0.737,0.182
457000,0.084,0.746,0.170
457500,0.087,0.744,0.169
458000,0.078,0.746,0.176
458500,0.079,0.751,0.170
459000,0.090,0.755,0.155
459500,0.091,0.741,0.168
460000,0.090,0.722,0.188
460500,0.087,0.721,0.192
461000,0.086,0.714,0.200
461500,0.093,0.712,0.195
462000,0.085,0.736,0.179
462500,0.075,0.753,0.172
463000,0.085,0.740,0.175
463500,0.087,0.748,0.165
464000,0.095,0.742,0.163
464500,0.095,0.721,0.184
465000,0.100,0.722,0.178
465500,0.090,0.725,0.185
466000,0.101,0.711,0.188
466500,0.099,0.715,0.186
467000,0.102,0.715,0.183
467500,0.099,0.728,0.173
468000,0.089,0.722,0.189
468500,0.091,0.735,0.174
469000,0.093,0.728,0.179
469500,0.090,0.732,0.178
470000,0.097,0.727,0.176
470500,0.091,0.716,0.193
471000,0.089,0.719,0.192
471500,0.090,0.721,0.189
472000,0.092,0.709,0.199
472500,0.105,0.681,0.214
473000,0.097,0.680,0.223
473500,0.099,0.680,0.221
474000,0.093,0.704,0.203
474500,0.084,0.706,0.210
475000,0.083,0.720,0.197
475500,0.088,0.727,0.185
476000,0.095,0.720,0.185
476500,0.094,0.727,0.179
477000,0.083,0.741,0.176
477500,0.081,0.752,0.167
478000,0.077,0.750,0.173
478500,0.080,0.755,0.165
479000,0.083,0.751,0.166
479500,0.086,0.747,0.167
480000,0.080,0.752,0.168
480500,0.083,0.756,0.161
481000,0.083,0.776,0.141
481500,0.076,0.767,0.157
482000,0.079,0.759,0.162
482500,0.074,0.752,0.174
483000,0.068,0.769,0.163
483500,0.069,0.776,0.155
484000,0.063,0.779,0.158
484500,0.060,0.777,0.163
485000,0.069,0.775,0.156
485500,0.069,0.784,0.147
486000,0.074,0.771,0.155
486500,0.074,0.769,0.157
487000,0.080,0.767,0.153
487500,0.083,0.769,0.148
488000,0.089,0.760,0.151
488500,0.088,0.763,0.149
489000,0.082,0.752,0.166
489500,0.091,0.743,0.166
490000,0.090,0.741,0.169
490500,0.092,0.746,0.162
491000,0.080,0.762,0.158
491500,0.079,0.776,0.145
492000,0.077,0.768,0.155
492500,0.077,0.777,0.146
493000,0.081,0.763,0.156
493500,0.080,0.761,0.159
494000,0.077,0.772,0.151
494500,0.069,0.776,0.155
495000,0.068,0.785,0.147
495500,0.065,0.777,0.158
496000,0.065,0.798,0.137
496500,0.063,0.799,0.138
497000,0.065,0.803,0.132
497500,0.059,0.804,0.137
498000,0.058,0.812,0.130
498500,0.057,0.816,0.127
499000,0.056,0.814,0.130
499500,0.061,0.819,0.120
500000,0.058,0.819,0.123
500500,0.065,0.819,0.116
501000,0.066,0.814,0.120
501500,0.071,0.806,0.123
502000,0.069,0.813,0.118
502500,0.070,0.808,0.122
503000,0.066,0.798,0.136
503500,0.069,0.809,0.122
504000,0.077,0.812,0.111
504500,0.070,0.813,0.117
505000,0.073,0.789,0.138
505500,0.076,0.776,0.148
506000,0.070,0.775,0.155
506500,0.069,0.784,0.147
507000,0.075,0.775,0.150
507500,0.071,0.788,0.141
508000,0.069,0.786,0.145
508500,0.066,0.789,0.145
509000,0.067,0.798,0.135
509500,0.072,0.792,0.136
510000,0.083,0.780,0.137
510500,0.084,0.764,0.152
511000,0.088,0.758,0.154
511500,0.080,0.759,0.161
512000,0.080,0.743,0.177
512500,0.083,0.741,0.176
513000,0.078,0.753,0.169
513500,0.084,0.759,0.157
514000,0.086,0.760,0.154
514500,0.082,0.760,0.158
515000,0.081,0.762,0.157
515500,0.079,0.768,0.153
516000,0.072,0.785,0.143
516500,0.074,0.770,0.156
517000,0.072,0.771,0.157
517500,0.077,0.766,0.157
518000,0.080,0.751,0.169
518500,0.085,0.760,0.155
519000,0.089,0.747,0.164
519500,0.091,0.743,0.166
520000,0.082,0.747,0.171
520500,0.082,0.761,0.157
521000,0.075,0.780,0.145
521500,0.078,0.791,0.131
522000,0.075,0.790,0.135
522500,0.077,0.782,0.141
523000,0.074,0.785,0.141
523500,0.075,0.794,0.131
524000,0.078,0.786,0.136
524500,0.074,0.777,0.149
525000,0.078,0.769,0.153
525500,0.071,0.771,0.158
526000,0.069,0.780,0.151
526500,0.069,0.778,0.153
527000,0.086,0.765,0.149
527500,0.071,0.789,0.140
528000,0.072,0.793,0.135
528500,0.074,0.789,0.137
529000,0.075,0.788,0.137
529500,0.073,0.784,0.143
530000,0.076,0.785,0.139
530500,0.071,0.773,0.156
531000,0.087,0.763,0.150
531500,0.089,0.751,0.160
532000,0.102,0.737,0.161
532500,0.094,0.723,0.183
533000,0.085,0.732,0.183
533500,0.081,0.740,0.179
534000,0.087,0.721,0.192
534500,0.084,0.719,0.197
535000,0.093,0.732,0.175
535500,0.091,0.730,0.179
536000,0.089,0.738,0.173
536500,0.086,0.745,0.169
537000,0.080,0.746,0.174
537500,0.082,0.755,0.163
538000,0.082,0.785,0.133
538500,0.083,0.781,0.136
539000,0.072,0.780,0.148
539500,0.074,0.785,0.141
540000,0.072,0.786,0.142
540500,0.080,0.769,0.151
541000,0.083,0.762,0.155
541500,0.084,0.749,0.167
542000,0.089,0.746,0.165
542500,0.092,0.750,0.158
543000,0.094,0.730,0.176
543500,0.086,0.722,0.192
544000,0.081,0.731,0.188
544500,0.085,0.718,0.197
545000,0.090,0.707,0.203
545500,0.092,0.723,0.185
546000,0.093,0.705,0.202
546500,0.091,0.725,0.184
547000,0.089,0.723,0.188
547500,0.088,0.731,0.181
548000,0.096,0.734,0.170
548500,0.099,0.715,0.186
549000,0.095,0.726,0.179
549500,0.087,0.743,0.170
550000,0.082,0.745,0.173
550500,0.080,0.747,0.173
551000,0.096,0.733,0.171
551500,0.093,0.713,0.194
552000,0.098,0.715,0.187
552500,0.103,0.720,0.177
553000,0.105,0.709,0.186
553500,0.104,0.712,0.184
554000,0.099,0.716,0.185
554500,0.086,0.710,0.204
555000,0.083,0.704,0.213
555500,0.090,0.697,0.213
556000,0.093,0.667,0.240
556500,0.093,0.660,0.247
557000,0.097,0.683,0.220
557500,0.103,0.692,0.205
558000,0.102,0.693,0.205
558500,0.101,0.715,0.184
559000,0.101,0.693,0.206
559500,0.094,0.697,0.209
560000,0.095,0.703,0.202
560500,0.099,0.696,0.205
561000,0.104,0.696,0.200
561500,0.105,0.722,0.173
562000,0.097,0.729,0.174
562500,0.094,0.728,0.178
563000,0.096,0.736,0.168
563500,0.087,0.751,0.162
564000,0.083,0.734,0.183
564500,0.087,0.728,0.185
565000,0.084,0.732,0.184
565500,0.082,0.749,0.169
566000,0.089,0.739,0.172
566500,0.084,0.756,0.160
567000,0.085,0.752,0.163
567500,0.087,0.760,0.153
568000,0.078,0.745,0.177
568500,0.082,0.739,0.179
569000,0.082,0.737,0.181
569500,0.091,0.730,0.179
570000,0.089,0.746,0.165
570500,0.091,0.745,0.164
571000,0.089,0.748,0.163
571500,0.089,0.738,0.173
572000,0.086,0.736,0.178
572500,0.084,0.736,0.180
573000,0.087,0.747,0.166
573500,0.088,0.739,0.173
574000,0.095,0.734,0.171
574500,0.095,0.729,0.176
575000,0.082,0.720,0.198
575500,0.087,0.720,0.193
576000,0.093,0.738,0.169
576500,0.092,0.721,0.187
577000,0.096,0.716,0.188
577500,0.087,0.732,0.181
578000,0.082,0.740,0.178
578500,0.087,0.735,0.178
579000,0.095,0.732,0.173
579500,0.090,0.733,0.177
580000,0.096,0.728,0.176
580500,0.092,0.724,0.184
581000,0.080,0.722,0.198
581500,0.091,0.719,0.190
582000,0.095,0.727,0.178
582500,0.094,0.729,0.177
583000,0.089,0.750,0.161
583500,0.087,0.764,0.149
584000,0.085,0.743,0.172
584500,0.079,0.732,0.189
585000,0.081,0.754,0.165
585500,0.091,0.746,0.163
586000,0.078,0.760,0.162
586500,0.078,0.778,0.144
587000,0.071,0.777,0.152
587500,0.079,0.760,0.161
588000,0.082,0.744,0.174
588500,0.080,0.760,0.160
589000,0.084,0.771,0.145
589500,0.077,0.781,0.142
590000,0.070,0.783,0.147
590500,0.075,0.762,0.163
591000,0.076,0.767,0.157
591500,0.085,0.750,0.165
592000,0.089,0.754,0.157
592500,0.086,0.756,0.158
593000,0.074,0.745,0.181
593500,0.081,0.748,0.171
594000,0.081,0.755,0.164
594500,0.079,0.745,0.176
595000,0.075,0.754,0.171
595500,0.076,0.767,0.157
596000,0.080,0.765,0.155
596500,0.080,0.765,0.155
597000,0.079,0.765,0.156
597500,0.073,0.787,0.140
598000,0.072,0.789,0.139
598500,0.071,0.802,0.127
599000,0.071,0.801,0.128
599500,0.070,0.795,0.135
600000,0.066,0.798,0.136
600500,0.069,0.780,0.151
601000,0.068,0.787,0.145
601500,0.072,0.789,0.139
602000,0.076,0.783,0.141
602500,0.078,0.770,0.152
603000,0.083,0.753,0.164
603500,0.083,0.747,0.170
604000,0.089,0.738,0.173
604500,0.091,0.744,0.165
605000,0.096,0.743,0.161
605500,0.098,0.725,0.177
606000,0.098,0.728,0.174
606500,0.097,0.734,0.169
607000,0.101,0.715,0.184
607500,0.101,0.716,0.183
608000,0.106,0.701,0.193
608500,0.099,0.704,0.197
609000,0.096,0.713,0.191
609500,0.095,0.705,0.200
610000,0.096,0.716,0.188
610500,0.093,0.719,0.188
611000,0.092,0.728,0.180
611500,0.096,0.719,0.185
612000,0.090,0.732,0.178
612500,0.083,0.724,0.193
613000,0.089,0.720,0.191
613500,0.093,0.714,0.193
614000,0.093,0.707,0.200
614500,0.093,0.715,0.192
615000,0.088,0.737,0.175
615500,0.095,0.743,0.162
616000,0.093,0.732,0.175
616500,0.087,0.741,0.172
617000,0.077,0.732,0.191
617500,0.081,0.750,0.169
618000,0.079,0.755,0.166
618500,0.077,0.747,0.176
619000,0.078,0.747,0.175
619500,0.084,0.765,0.151
620000,0.078,0.759,0.163
620500,0.088,0.768,0.144
621000,0.077,0.777,0.146
621500,0.077,0.776,0.147
622000,0.072,0.779,0.149
622500,0.071,0.776,0.153
623000,0.074,0.780,0.146
623500,0.077,0.771,0.152
624000,0.079,0.777,0.144
624500,0.083,0.772,0.145
625000,0.080,0.773,0.147
625500,0.088,0.757,0.155
626000,0.081,0.743,0.176
626500,0.083,0.746,0.171
627000,0.079,0.755,0.166
627500,0.082,0.756,0.162
628000,0.083,0.750,0.167
628500,0.080,0.758,0.162
629000,0.080,0.761,0.159
629500,0.075,0.767,0.158
630000,0.073,0.761,0.166
630500,0.070,0.756,0.174
631000,0.076,0.761,0.163
631500,0.068,0.754,0.178
632000,0.067,0.764,0.169
632500,0.073,0.756,0.171
633000,0.078,0.744,0.178
633500,0.076,0.742,0.182
634000,0.074,0.755,0.171
634500,0.071,0.759,0.170
635000,0.070,0.735,0.195
635500,0.080,0.734,0.186
636000,0.074,0.722,0.204
636500,0.076,0.713,0.211
637000,0.074,0.722,0.204
637500,0.078,0.728,0.194
638000,0.089,0.730,0.181
638500,0.080,0.725,0.195
639000,0.087,0.732,0.181
639500,0.083,0.723,0.194
640000,0.082,0.748,0.170
640500,0.092,0.736,0.172
641000,0.087,0.728,0.185
641500,0.088,0.750,0.162
642000,0.086,0.741,0.173
642500,0.088,0.744,0.168
643000,0.087,0.740,0.173
643500,0.095,0.731,0.174
644000,0.091,0.724,0.185
644500,0.093,0.733,0.174
645000,0.093,0.727,0.180
645500,0.090,0.733,0.177
646000,0.087,0.719,0.194
646500,0.090,0.722,0.188
647000,0.086,0.733,0.181
647500,0.081,0.740,0.179
648000,0.088,0.744,0.168
648500,0.091,0.719,0.190
649000,0.101,0.702,0.197
649500,0.105,0.696,0.199
650000,0.100,0.693,0.207
650500,0.102,0.692,0.206
651000,0.108,0.693,0.199
651500,0.096,0.695,0.209
652000,0.099,0.673,0.228
652500,0.113,0.687,0.200
653000,0.113,0.689,0.198
653500,0.105,0.685,0.210
654000,0.106,0.711,0.183
654500,0.102,0.718,0.180
655000,0.097,0.714,0.189
655500,0.109,0.690,0.201
656000,0.107,0.685,0.208
656500,0.103,0.684,0.213
657000,0.103,0.692,0.205
657500,0.107,0.693,0.200
658000,0.109,0.690,0.201
658500,0.106,0.675,0.219
659000,0.107,0.675,0.218
659500,0.113,0.669,0.218
660000,0.124,0.677,0.199
660500,0.118,0.681,0.201
661000,0.121,0.665,0.214
661500,0.102,0.661,0.237
662000,0.108,0.671,0.221
662500,0.112,0.667,0.221
663000,0.108,0.680,0.212
663500,0.112,0.668,0.220
664000,0.101,0.676,0.223
664500,0.103,0.672,0.225
665000,0.105,0.659,0.236
665500,0.104,0.677,0.219
666000,0.118,0.663,0.219
666500,0.111,0.683,0.206
667000,0.108,0.700,0.192
667500,0.111,0.714,0.175
668000,0.116,0.703,0.181
668500,0.111,0.703,0.186
669000,0.105,0.714,0.181
669500,0.105,0.693,0.202
670000,0.102,0.706,0.192
670500,0.104,0.702,0.194
671000,0.110,0.707,0.183
671500,0.111,0.713,0.176
672000,0.116,0.709,0.175
672500,0.108,0.689,0.203
673000,0.111,0.679,0.210
673500,0.103,0.703,0.194
674000,0.105,0.701,0.194
674500,0.098,0.693,0.209
675000,0.101,0.673,0.226
675500,0.113,0.657,0.230
676000,0.120,0.644,0.236
676500,0.117,0.627,0.256
677000,0.127,0.627,0.246
677500,0.135,0.615,0.250
678000,0.133,0.607,0.260
678500,0.137,0.616,0.247
679000,0.133,0.639,0.228
679500,0.124,0.631,0.245
680000,0.125,0.613,0.262
680500,0.118,0.622,0.260
681000,0.128,0.617,0.255
681500,0.131,0.622,0.247
682000,0.142,0.643,0.215
682500,0.137,0.635,0.228
683000,0.130,0.631,0.239
683500,0.129,0.645,0.226
684000,0.142,0.644,0.214
684500,0.132,0.645,0.223
685000,0.137,0.624,0.239
685500,0.135,0.644,0.221
686000,0.128,0.648,0.224
686500,0.120,0.640,0.240
687000,0.119,0.644,0.237
687500,0.123,0.642,0.235
688000,0.130,0.656,0.214
688500,0.122,0.663,0.215
689000,0.119,0.661,0.220
689500,0.117,0.660,0.223
690000,0.112,0.643,0.245
690500,0.114,0.668,0.218
691000,0.121,0.672,0.207
691500,0.124,0.645,0.231
692000,0.134,0.667,0.199
692500,0.119,0.672,0.209
693000,0.116,0.648,0.236
693500,0.101,0.649,0.250
694000,0.101,0.687,0.212
694500,0.096,0.698,0.206
695000,0.093,0.716,0.191
695500,0.094,0.726,0.180
696000,0.093,0.726,0.181
696500,0.093,0.731,0.176
697000,0.096,0.739,0.165
697500,0.086,0.723,0.191
698000,0.093,0.733,0.174
698500,0.097,0.712,0.191
699000,0.104,0.702,0.194
699500,0.102,0.713,0.185
700000,0.096,0.696,0.208
700500,0.101,0.690,0.209
701000,0.101,0.710,0.189
701500,0.093,0.717,0.190
702000,0.092,0.711,0.197
702500,0.098,0.710,0.192
703000,0.088,0.702,0.210
703500,0.095,0.704,0.201
704000,0.100,0.699,0.201
704500,0.099,0.677,0.224
705000,0.105,0.685,0.210
705500,0.112,0.659,0.229
706000,0.113,0.663,0.224
706500,0.112,0.688,0.200
707000,0.114,0.692,0.194
707500,0.108,0.700,0.192
708000,0.103,0.714,0.183
708500,0.096,0.700,0.204
709000,0.101,0.725,0.174
709500,0.092,0.734,0.174
710000,0.087,0.752,0.161
710500,0.089,0.753,0.158
711000,0.095,0.742,0.163
711500,0.094,0.730,0.176
712000,0.095,0.736,0.169
712500,0.089,0.716,0.195
713000,0.087,0.717,0.196
713500,0.084,0.733,0.183
714000,0.081,0.707,0.212
714500,0.078,0.722,0.200
715000,0.083,0.706,0.211
715500,0.083,0.705,0.212
716000,0.085,0.722,0.193
716500,0.090,0.712,0.198
717000,0.097,0.702,0.201
717500,0.090,0.711,0.199
718000,0.092,0.719,0.189
718500,0.087,0.738,0.175
719000,0.095,0.733,0.172
719500,0.080,0.742,0.178
720000,0.087,0.743,0.170
720500,0.083,0.748,0.169
721000,0.087,0.734,0.179
721500,0.091,0.713,0.196
722000,0.098,0.712,0.190
722500,0.101,0.728,0.171
723000,0.092,0.714,0.194
723500,0.096,0.729,0.175
724000,0.099,0.686,0.215
724500,0.091,0.688,0.221
725000,0.098,0.688,0.214
725500,0.095,0.695,0.210
726000,0.101,0.692,0.207
726500,0.102,0.704,0.194
727000,0.104,0.678,0.218
727500,0.102,0.697,0.201
728000,0.092,0.704,0.204
728500,0.098,0.721,0.181
729000,0.110,0.682,0.208
729500,0.108,0.684,0.208
730000,0.104,0.705,0.191
730500,0.106,0.699,0.195
731000,0.093,0.705,0.202
731500,0.089,0.704,0.207
732000,0.087,0.695,0.218
732500,0.094,0.708,0.198
733000,0.104,0.706,0.190
733500,0.100,0.706,0.194
734000,0.094,0.698,0.208
734500,0.098,0.702,0.200
735000,0.092,0.723,0.185
735500,0.098,0.718,0.184
736000,0.107,0.720,0.173
736500,0.084,0.727,0.189
737000,0.096,0.726,0.178
737500,0.093,0.736,0.171
738000,0.086,0.736,0.178
738500,0.092,0.724,0.184
739000,0.095,0.709,0.196
739500,0.097,0.713,0.190
740000,0.094,0.718,0.188
740500,0.097,0.708,0.195
741000,0.096,0.700,0.204
741500,0.086,0.703,0.211
742000,0.091,0.720,0.189
742500,0.093,0.720,0.187
743000,0.100,0.708,0.192
743500,0.088,0.721,0.191
744000,0.105,0.701,0.194
744500,0.106,0.691,0.203
745000,0.119,0.698,0.183
745500,0.116,0.699,0.185
746000,0.108,0.697,0.195
746500,0.112,0.695,0.193
747000,0.114,0.679,0.207
747500,0.108,0.692,0.200
748000,0.098,0.681,0.221
748500,0.105,0.687,0.208
749000,0.102,0.684,0.214
749500,0.115,0.675,0.210
750000,0.111,0.694,0.195
750500,0.096,0.718,0.186
751000,0.096,0.717,0.187
751500,0.097,0.706,0.197
752000,0.107,0.695,0.198
752500,0.102,0.687,0.211
753000,0.104,0.665,0.231
753500,0.096,0.681,0.223
754000,0.098,0.698,0.204
754500,0.099,0.691,0.210
755000,0.103,0.700,0.197
755500,0.100,0.706,0.194
756000,0.102,0.694,0.204
756500,0.090,0.718,0.192
757000,0.085,0.721,0.194
757500,0.086,0.739,0.175
758000,0.091,0.735,0.174
758500,0.089,0.730,0.181
759000,0.089,0.739,0.172
759500,0.087,0.726,0.187
760000,0.083,0.708,0.209
760500,0.083,0.697,0.220
761000,0.082,0.715,0.203
761500,0.093,0.712,0.195
762000,0.095,0.713,0.192
762500,0.089,0.725,0.186
763000,0.090,0.722,0.188
763500,0.085,0.736,0.179
764000,0.080,0.748,0.172
764500,0.083,0.746,0.171
765000,0.088,0.760,0.152
765500,0.095,0.745,0.160
766000,0.090,0.754,0.156
766500,0.084,0.737,0.179
767000,0.084,0.730,0.186
767500,0.078,0.738,0.184
768000,0.082,0.733,0.185
768500,0.075,0.744,0.181
769000,0.076,0.728,0.196
769500,0.094,0.724,0.182
770000,0.087,0.724,0.189
770500,0.085,0.718,0.197
771000,0.093,0.702,0.205
771500,0.098,0.681,0.221
772000,0.104,0.679,0.217
772500,0.101,0.668,0.231
773000,0.105,0.658,0.237
773500,0.111,0.674,0.215
774000,0.104,0.690,0.206
774500,0.103,0.679,0.218
775000,0.094,0.667,0.239
775500,0.107,0.667,0.226
776000,0.107,0.656,0.237
776500,0.107,0.688,0.205
777000,0.112,0.675,0.213
777500,0.115,0.667,0.218
778000,0.123,0.653,0.224
778500,0.111,0.656,0.233
779000,0.106,0.688,0.206
779500,0.105,0.690,0.205
780000,0.101,0.701,0.198
780500,0.106,0.688,0.206
781000,0.105,0.705,0.190
781500,0.090,0.710,0.200
782000,0.092,0.719,0.189
782500,0.091,0.713,0.196
783000,0.093,0.711,0.196
783500,0.096,0.723,0.181
784000,0.095,0.728,0.177
784500,0.083,0.750,0.167
785000,0.077,0.732,0.191
785500,0.084,0.751,0.165
786000,0.084,0.738,0.178
786500,0.089,0.734,0.177
787000,0.093,0.717,0.190
787500,0.098,0.724,0.178
788000,0.085,0.739,0.176
788500,0.082,0.734,0.184
789000,0.085,0.730,0.185
789500,0.075,0.738,0.187
790000,0.084,0.742,0.174
790500,0.084,0.739,0.177
791000,0.078,0.730,0.192
791500,0.079,0.761,0.160
792000,0.075,0.760,0.165
792500,0.082,0.776,0.142
793000,0.079,0.782,0.139
793500,0.086,0.773,0.141
794000,0.089,0.764,0.147
794500,0.077,0.761,0.162
795000,0.081,0.777,0.142
795500,0.086,0.776,0.138
796000,0.079,0.767,0.154
796500,0.083,0.747,0.170
797000,0.088,0.744,0.168
797500,0.085,0.751,0.164
798000,0.084,0.757,0.159
798500,0.079,0.769,0.152
799000,0.081,0.768,0.151
799500,0.086,0.768,0.146
800000,0.078,0.761,0.161
800500,0.079,0.764,0.157
801000,0.079,0.755,0.166
801500,0.081,0.747,0.172
802000,0.082,0.759,0.159
802500,0.079,0.758,0.163
803000,0.080,0.757,0.163
803500,0.079,0.764,0.157
804000,0.080,0.764,0.156
804500,0.077,0.755,0.168
805000,0.080,0.749,0.171
805500,0.082,0.750,0.168
806000,0.083,0.750,0.167
806500,0.083,0.745,0.172
807000,0.086,0.722,0.192
807500,0.083,0.744,0.173
808000,0.085,0.746,0.169
808500,0.078,0.732,0.190
809000,0.087,0.737,0.176
809500,0.078,0.751,0.171
810000,0.081,0.751,0.168
810500,0.081,0.758,0.161
811000,0.082,0.766,0.152
811500,0.073,0.766,0.161
812000,0.069,0.772,0.159
812500,0.064,0.773,0.163
813000,0.076,0.777,0.147
813500,0.079,0.753,0.168
814000,0.082,0.758,0.160
814500,0.077,0.766,0.157
815000,0.078,0.772,0.150
815500,0.074,0.751,0.175
816000,0.079,0.758,0.163
816500,0.081,0.780,0.139
817000,0.082,0.774,0.144
817500,0.075,0.777,0.148
818000,0.071,0.785,0.144
818500,0.068,0.791,0.141
819000,0.071,0.796,0.133
819500,0.070,0.794,0.136
820000,0.067,0.797,0.136
820500,0.065,0.814,0.121
821000,0.067,0.802,0.131
821500,0.069,0.798,0.133
822000,0.073,0.794,0.133
822500,0.073,0.774,0.153
823000,0.074,0.783,0.143
823500,0.067,0.779,0.154
824000,0.066,0.791,0.143
824500,0.077,0.794,0.129
825000,0.073,0.795,0.132
825500,0.067,0.774,0.159
826000,0.070,0.771,0.159
826500,0.068,0.781,0.151
827000,0.069,0.775,0.156
827500,0.078,0.783,0.139
828000,0.077,0.785,0.138
828500,0.074,0.796,0.130
829000,0.072,0.781,0.147
829500,0.072,0.771,0.157
830000,0.071,0.769,0.160
830500,0.070,0.775,0.155
831000,0.068,0.772,0.160
831500,0.072,0.795,0.133
832000,0.074,0.788,0.138
832500,0.082,0.776,0.142
833000,0.077,0.764,0.159
833500,0.078,0.765,0.157
834000,0.084,0.762,0.154
834500,0.081,0.753,0.166
835000,0.076,0.775,0.149
835500,0.080,0.769,0.151
836000,0.073,0.762,0.165
836500,0.075,0.770,0.155
837000,0.070,0.763,0.167
837500,0.078,0.758,0.164
838000,0.081,0.750,0.169
838500,0.075,0.748,0.177
839000,0.074,0.742,0.184
839500,0.076,0.744,0.180
840000,0.073,0.769,0.158
840500,0.069,0.764,0.167
841000,0.080,0.766,0.154
841500,0.078,0.754,0.168
842000,0.083,0.756,0.161
842500,0.085,0.743,0.172
843000,0.096,0.751,0.153
843500,0.086,0.760,0.154
844000,0.092,0.743,0.165
844500,0.090,0.759,0.151
845000,0.086,0.765,0.149
845500,0.085,0.762,0.153
846000,0.088,0.747,0.165
846500,0.080,0.760,0.160
847000,0.080,0.741,0.179
847500,0.070,0.756,0.174
848000,0.083,0.767,0.150
848500,0.083,0.754,0.163
849000,0.087,0.768,0.145
849500,0.089,0.747,0.164
850000,0.088,0.741,0.171
850500,0.082,0.734,0.184
851000,0.095,0.732,0.173
851500,0.091,0.736,0.173
852000,0.086,0.731,0.183
852500,0.092,0.712,0.196
853000,0.091,0.723,0.186
853500,0.086,0.732,0.182
854000,0.087,0.724,0.189
854500,0.092,0.745,0.163
855000,0.087,0.757,0.156
855500,0.082,0.759,0.159
856000,0.070,0.769,0.161
856500,0.071,0.758,0.171
857000,0.084,0.753,0.163
857500,0.081,0.741,0.178
858000,0.086,0.742,0.172
858500,0.088,0.753,0.159
859000,0.083,0.739,0.178
859500,0.091,0.742,0.167
860000,0.081,0.742,0.177
860500,0.080,0.735,0.185
861000,0.085,0.752,0.163
861500,0.073,0.743,0.184
862000,0.083,0.755,0.162
862500,0.076,0.747,0.177
863000,0.075,0.753,0.172
863500,0.074,0.749,0.177
864000,0.081,0.739,0.180
864500,0.077,0.760,0.163
865000,0.076,0.751,0.173
865500,0.076,0.755,0.169
866000,0.077,0.732,0.191
866500,0.087,0.742,0.171
867000,0.087,0.728,0.185
867500,0.088,0.731,0.181
868000,0.094,0.735,0.171
868500,0.089,0.732,0.179
869000,0.088,0.737,0.175
869500,0.089,0.751,0.160
870000,0.085,0.742,0.173
870500,0.080,0.763,0.157
871000,0.078,0.775,0.147
871500,0.080,0.768,0.152
872000,0.088,0.769,0.143
872500,0.083,0.783,0.134
873000,0.074,0.778,0.148
873500,0.077,0.767,0.156
874000,0.076,0.765,0.159
874500,0.082,0.764,0.154
875000,0.079,0.766,0.155
875500,0.079,0.768,0.153
876000,0.080,0.765,0.155
876500,0.076,0.751,0.173
877000,0.082,0.736,0.182
877500,0.078,0.751,0.171
878000,0.090,0.753,0.157
878500,0.096,0.756,0.148
879000,0.092,0.735,0.173
879500,0.095,0.713,0.192
880000,0.102,0.728,0.170
880500,0.099,0.704,0.197
881000,0.093,0.709,0.198
881500,0.093,0.698,0.209
882000,0.081,0.708,0.211
882500,0.082,0.721,0.197
883000,0.074,0.729,0.197
883500,0.083,0.739,0.178
884000,0.083,0.737,0.180
884500,0.090,0.716,0.194
885000,0.088,0.712,0.200
885500,0.094,0.713,0.193
886000,0.094,0.700,0.206
886500,0.100,0.712,0.188
887000,0.094,0.728,0.178
887500,0.097,0.724,0.179
888000,0.107,0.719,0.174
888500,0.098,0.703,0.199
889000,0.094,0.716,0.190
889500,0.098,0.727,0.175
890000,0.101,0.724,0.175
890500,0.101,0.718,0.181
891000,0.103,0.712,0.185
891500,0.100,0.707,0.193
892000,0.104,0.706,0.190
892500,0.098,0.722,0.180
893000,0.090,0.716,0.194
893500,0.088,0.718,0.194
894000,0.091,0.728,0.181
894500,0.100,0.735,0.165
895000,0.103,0.734,0.163
895500,0.100,0.709,0.191
896000,0.099,0.699,0.202
896500,0.101,0.706,0.193
897000,0.097,0.695,0.208
897500,0.098,0.690,0.212
898000,0.106,0.688,0.206
898500,0.109,0.681,0.210
899000,0.115,0.689,0.196
899500,0.108,0.696,0.196
900000,0.106,0.697,0.197
900500,0.093,0.693,0.214
901000,0.098,0.708,0.194
901500,0.105,0.696,0.199
902000,0.096,0.707,0.197
902500,0.099,0.714,0.187
903000,0.091,0.719,0.190
903500,0.100,0.708,0.192
904000,0.106,0.701,0.193
904500,0.111,0.692,0.197
905000,0.091,0.699,0.210
905500,0.101,0.708,0.191
906000,0.100,0.713,0.187
906500,0.095,0.724,0.181
907000,0.092,0.728,0.180
907500,0.097,0.723,0.180
908000,0.090,0.727,0.183
908500,0.089,0.726,0.185
909000,0.084,0.731,0.185
909500,0.080,0.717,0.203
910000,0.086,0.726,0.188
910500,0.087,0.728,0.185
911000,0.085,0.738,0.177
911500,0.090,0.741,0.169
912000,0.097,0.736,0.167
912500,0.090,0.723,0.187
913000,0.093,0.722,0.185
913500,0.084,0.706,0.210
914000,0.093,0.719,0.188
914500,0.089,0.722,0.189
915000,0.088,0.712,0.200
915500,0.088,0.714,0.198
916000,0.089,0.715,0.196
916500,0.087,0.692,0.221
917000,0.095,0.693,0.212
917500,0.103,0.696,0.201
918000,0.103,0.684,0.213
918500,0.109,0.691,0.200
919000,0.114,0.710,0.176
919500,0.117,0.684,0.199
920000,0.111,0.683,0.206
920500,0.120,0.680,0.200
921000,0.128,0.660,0.212
921500,0.125,0.655,0.220
922000,0.123,0.655,0.222
922500,0.116,0.671,0.213
923000,0.125,0.664,0.211
923500,0.119,0.653,0.228
924000,0.103,0.670,0.227
924500,0.103,0.673,0.224
925000,0.102,0.685,0.213
925500,0.087,0.688,0.225
926000,0.090,0.696,0.214
926500,0.098,0.697,0.205
927000,0.104,0.698,0.198
927500,0.103,0.698,0.199
928000,0.100,0.693,0.207
928500,0.106,0.710,0.184
929000,0.092,0.722,0.186
929500,0.090,0.709,0.201
930000,0.091,0.717,0.192
930500,0.092,0.730,0.178
931000,0.092,0.727,0.181
931500,0.088,0.745,0.167
932000,0.084,0.741,0.175
932500,0.086,0.744,0.170
933000,0.082,0.754,0.164
933500,0.083,0.739,0.178
934000,0.083,0.737,0.180
934500,0.080,0.754,0.166
935000,0.084,0.755,0.161
935500,0.087,0.771,0.142
936000,0.071,0.756,0.173
936500,0.076,0.756,0.168
937000,0.080,0.755,0.165
937500,0.086,0.745,0.169
938000,0.081,0.741,0.178
938500,0.091,0.741,0.168
939000,0.091,0.744,0.165
939500,0.090,0.742,0.168
940000,0.091,0.746,0.163
940500,0.091,0.732,0.177
941000,0.092,0.723,0.185
941500,0.099,0.727,0.174
942000,0.098,0.720,0.182
942500,0.104,0.722,0.174
943000,0.103,0.713,0.184
943500,0.097,0.712,0.191
944000,0.089,0.725,0.186
944500,0.082,0.733,0.185
945000,0.077,0.720,0.203
945500,0.083,0.728,0.189
946000,0.087,0.736,0.177
946500,0.088,0.726,0.186
947000,0.087,0.710,0.203
947500,0.086,0.721,0.193
948000,0.089,0.736,0.175
948500,0.089,0.707,0.204
949000,0.088,0.711,0.201
949500,0.094,0.724,0.182
950000,0.097,0.736,0.167
950500,0.091,0.735,0.174
951000,0.094,0.715,0.191
951500,0.088,0.724,0.188
952000,0.089,0.713,0.198
952500,0.087,0.727,0.186
953000,0.091,0.721,0.188
953500,0.090,0.711,0.199
954000,0.083,0.727,0.190
954500,0.084,0.711,0.205
955000,0.089,0.715,0.196
955500,0.090,0.732,0.178
956000,0.085,0.742,0.173
956500,0.093,0.732,0.175
957000,0.092,0.737,0.171
957500,0.087,0.738,0.175
958000,0.094,0.727,0.179
958500,0.089,0.714,0.197
959000,0.084,0.715,0.201
959500,0.094,0.694,0.212
960000,0.095,0.701,0.204
960500,0.092,0.720,0.188
961000,0.096,0.722,0.182
961500,0.097,0.731,0.172
962000,0.089,0.711,0.200
962500,0.089,0.733,0.178
963000,0.084,0.737,0.179
963500,0.085,0.764,0.151
964000,0.074,0.756,0.170
964500,0.085,0.743,0.172
965000,0.091,0.724,0.185
965500,0.096,0.721,0.183
966000,0.099,0.728,0.173
966500,0.096,0.725,0.179
967000,0.091,0.720,0.189
967500,0.083,0.741,0.176
968000,0.086,0.740,0.174
968500,0.080,0.752,0.168
969000,0.080,0.761,0.159
969500,0.076,0.738,0.186
970000,0.083,0.757,0.160
970500,0.091,0.760,0.149
971000,0.093,0.766,0.141
971500,0.088,0.753,0.159
972000,0.088,0.751,0.161
972500,0.084,0.736,0.180
973000,0.084,0.739,0.177
973500,0.079,0.729,0.192
974000,0.077,0.748,0.175
974500,0.079,0.751,0.170
975000,0.087,0.749,0.164
975500,0.086,0.753,0.161
976000,0.079,0.743,0.178
976500,0.091,0.732,0.177
977000,0.094,0.727,0.179
977500,0.088,0.733,0.179
978000,0.079,0.734,0.187
978500,0.077,0.741,0.182
979000,0.081,0.736,0.183
979500,0.077,0.764,0.159
980000,0.076,0.783,0.141
980500,0.076,0.792,0.132
981000,0.077,0.782,0.141
981500,0.077,0.772,0.151
982000,0.075,0.770,0.155
982500,0.072,0.776,0.152
983000,0.073,0.780,0.147
983500,0.075,0.770,0.155
984000,0.078,0.774,0.148
984500,0.069,0.779,0.152
985000,0.069,0.786,0.145
985500,0.076,0.800,0.124
986000,0.076,0.805,0.119
986500,0.081,0.779,0.140
987000,0.085,0.776,0.139
987500,0.081,0.768,0.151
988000,0.076,0.772,0.152
988500,0.078,0.786,0.136
989000,0.081,0.772,0.147
989500,0.081,0.766,0.153
990000,0.080,0.762,0.158
990500,0.083,0.756,0.161
991000,0.090,0.743,0.167
991500,0.084,0.747,0.169
992000,0.079,0.763,0.158
992500,0.075,0.768,0.157
993000,0.067,0.773,0.160
993500,0.080,0.778,0.142
994000,0.079,0.784,0.137
994500,0.077,0.770,0.153
995000,0.078,0.750,0.172
995500,0.074,0.751,0.175
996000,0.087,0.743,0.170
996500,0.084,0.764,0.152
997000,0.080,0.753,0.167
997500,0.077,0.772,0.151
998000,0.078,0.754,0.168
998500,0.085,0.770,0.145
999000,0.085,0.759,0.156
999500,0.083,0.752,0.165
1000000,0.086,0.744,0.170
