time,n_A+p,n_B,n_AB
500,0.050,0.596,0.354
1000,0.050,0.233,0.717
1500,0.065,0.154,0.781
2000,0.247,0.028,0.725
2500,0.371,0.003,0.626
3000,0.373,0.000,0.627
3500,0.351,0.000,0.649
4000,0.394,0.001,0.605
4500,0.435,0.000,0.565
5000,0.366,0.000,0.634
5500,0.343,0.000,0.657
6000,0.291,0.008,0.701
6500,0.307,0.002,0.691
7000,0.384,0.000,0.616
7500,0.378,0.000,0.622
8000,0.401,0.000,0.599
8500,0.322,0.005,0.673
9000,0.393,0.000,0.607
9500,0.360,0.000,0.640
10000,0.423,0.004,0.573
10500,0.476,0.000,0.524
11000,0.403,0.000,0.597
11500,0.451,0.000,0.549
12000,0.425,0.000,0.575
12500,0.402,0.000,0.598
13000,0.470,0.005,0.525
13500,0.491,0.000,0.509
14000,0.426,0.000,0.574
14500,0.361,0.000,0.639
15000,0.412,0.000,0.588
15500,0.381,0.002,0.617
16000,0.340,0.000,0.660
16500,0.401,0.000,0.599
17000,0.392,0.001,0.607
17500,0.370,0.000,0.630
18000,0.382,0.001,0.617
18500,0.418,0.004,0.578
19000,0.312,0.000,0.688
19500,0.388,0.011,0.601
20000,0.466,0.000,0.534
20500,0.518,0.000,0.482
21000,0.427,0.010,0.563
21500,0.364,0.001,0.635
22000,0.311,0.000,0.689
22500,0.380,0.000,0.620
23000,0.315,0.000,0.685
23500,0.351,0.005,0.644
24000,0.379,0.002,0.619
24500,0.362,0.000,0.638
25000,0.349,0.009,0.642
25500,0.360,0.000,0.640
26000,0.378,0.000,0.622
26500,0.445,0.000,0.555
27000,0.375,0.000,0.625
27500,0.429,0.000,0.571
28000,0.427,0.000,0.573
28500,0.406,0.005,0.589
29000,0.429,0.001,0.570
29500,0.378,0.003,0.619
30000,0.453,0.000,0.547
30500,0.287,0.000,0.713
31000,0.329,0.003,0.668
31500,0.325,0.010,0.665
32000,0.354,0.007,0.639
32500,0.405,0.000,0.595
33000,0.426,0.000,0.574
33500,0.405,0.000,0.595
34000,0.417,0.007,0.576
34500,0.409,0.000,0.591
35000,0.442,0.000,0.558
35500,0.416,0.000,0.584
36000,0.501,0.000,0.499
36500,0.481,0.000,0.519
37000,0.416,0.000,0.584
37500,0.449,0.000,0.551
38000,0.499,0.000,0.501
38500,0.466,0.000,0.534
39000,0.387,0.000,0.613
39500,0.410,0.000,0.590
40000,0.377,0.009,0.614
40500,0.394,0.000,0.606
41000,0.354,0.005,0.641
41500,0.338,0.000,0.662
42000,0.416,0.004,0.580
42500,0.420,0.009,0.571
43000,0.427,0.001,0.572
43500,0.476,0.001,0.523
44000,0.544,0.000,0.456
44500,0.424,0.000,0.576
45000,0.436,0.000,0.564
45500,0.413,0.000,0.587
46000,0.346,0.000,0.654
46500,0.434,0.003,0.563
47000,0.467,0.000,0.533
47500,0.455,0.000,0.545
48000,0.383,0.000,0.617
48500,0.323,0.005,0.672
49000,0.381,0.004,0.615
49500,0.359,0.000,0.641
50000,0.364,0.011,0.625
50500,0.424,0.000,0.576
51000,0.440,0.000,0.560
51500,0.355,0.000,0.645
52000,0.380,0.004,0.616
52500,0.373,0.000,0.627
53000,0.270,0.007,0.723
53500,0.414,0.000,0.586
54000,0.431,0.000,0.569
54500,0.478,0.000,0.522
55000,0.388,0.000,0.612
55500,0.350,0.001,0.649
56000,0.385,0.000,0.615
56500,0.361,0.002,0.637
57000,0.364,0.001,0.635
57500,0.388,0.006,0.606
58000,0.393,0.001,0.606
58500,0.383,0.003,0.614
59000,0.279,0.019,0.702
59500,0.275,0.017,0.708
60000,0.367,0.008,0.625
60500,0.387,0.000,0.613
61000,0.340,0.009,0.651
61500,0.476,0.000,0.524
62000,0.434,0.000,0.566
62500,0.416,0.000,0.584
63000,0.404,0.000,0.596
63500,0.400,0.002,0.598
64000,0.410,0.000,0.590
64500,0.302,0.000,0.698
65000,0.401,0.000,0.599
65500,0.421,0.000,0.579
66000,0.387,0.000,0.613
66500,0.426,0.000,0.574
67000,0.479,0.000,0.521
67500,0.356,0.011,0.633
68000,0.326,0.007,0.667
68500,0.387,0.000,0.613
69000,0.434,0.004,0.562
69500,0.429,0.010,0.561
70000,0.424,0.014,0.562
70500,0.372,0.000,0.628
71000,0.431,0.000,0.569
71500,0.465,0.000,0.535
72000,0.462,0.001,0.537
72500,0.353,0.000,0.647
73000,0.376,0.001,0.623
73500,0.418,0.000,0.582
74000,0.343,0.000,0.657
74500,0.409,0.002,0.589
75000,0.412,0.000,0.588
75500,0.421,0.004,0.575
76000,0.359,0.001,0.640
76500,0.405,0.001,0.594
77000,0.409,0.001,0.590
77500,0.439,0.000,0.561
78000,0.398,0.000,0.602
78500,0.430,0.000,0.570
79000,0.334,0.000,0.666
79500,0.366,0.000,0.634
80000,0.427,0.000,0.573
80500,0.424,0.001,0.575
81000,0.339,0.000,0.661
81500,0.382,0.000,0.618
82000,0.316,0.006,0.678
82500,0.327,0.001,0.672
83000,0.364,0.000,0.636
83500,0.364,0.000,0.636
84000,0.491,0.000,0.509
84500,0.386,0.000,0.614
85000,0.431,0.000,0.569
85500,0.379,0.000,0.621
86000,0.436,0.000,0.564
86500,0.450,0.000,0.550
87000,0.427,0.000,0.573
87500,0.466,0.000,0.534
88000,0.434,0.000,0.566
88500,0.445,0.000,0.555
89000,0.442,0.000,0.558
89500,0.397,0.000,0.603
90000,0.432,0.008,0.560
90500,0.359,0.004,0.637
91000,0.385,0.002,0.613
91500,0.324,0.002,0.674
92000,0.394,0.000,0.606
92500,0.431,0.001,0.568
93000,0.363,0.012,0.625
93500,0.349,0.000,0.651
94000,0.385,0.000,0.615
94500,0.449,0.000,0.551
95000,0.517,0.000,0.483
95500,0.355,0.000,0.645
96000,0.370,0.000,0.630
96500,0.367,0.000,0.633
97000,0.393,0.000,0.607
97500,0.372,0.000,0.628
98000,0.383,0.000,0.617
98500,0.411,0.000,0.589
99000,0.371,0.002,0.627
99500,0.326,0.001,0.673
100000,0.386,0.000,0.614
100500,0.405,0.006,0.589
101000,0.444,0.001,0.555
101500,0.433,0.000,0.567
102000,0.493,0.000,0.507
102500,0.492,0.000,0.508
103000,0.480,0.000,0.520
103500,0.418,0.000,0.582
104000,0.437,0.012,0.551
104500,0.395,0.000,0.605
105000,0.391,0.000,0.609
105500,0.366,0.000,0.634
106000,0.307,0.011,0.682
106500,0.415,0.000,0.585
107000,0.385,0.007,0.608
107500,0.356,0.002,0.642
108000,0.439,0.000,0.561
108500,0.413,0.010,0.577
109000,0.377,0.000,0.623
109500,0.296,0.000,0.704
110000,0.367,0.000,0.633
110500,0.301,0.000,0.699
111000,0.301,0.003,0.696
111500,0.374,0.006,0.620
112000,0.391,0.000,0.609
112500,0.383,0.000,0.617
113000,0.346,0.001,0.653
113500,0.279,0.000,0.721
114000,0.310,0.002,0.688
114500,0.323,0.024,0.653
115000,0.340,0.006,0.654
115500,0.414,0.000,0.586
116000,0.347,0.001,0.652
116500,0.336,0.000,0.664
117000,0.346,0.000,0.654
117500,0.430,0.002,0.568
118000,0.462,0.000,0.538
118500,0.389,0.000,0.611
119000,0.380,0.002,0.618
119500,0.279,0.002,0.719
120000,0.443,0.005,0.552
120500,0.309,0.000,0.691
121000,0.414,0.000,0.586
121500,0.299,0.005,0.696
122000,0.378,0.000,0.622
122500,0.376,0.000,0.624
123000,0.424,0.000,0.576
123500,0.485,0.000,0.515
124000,0.441,0.000,0.559
124500,0.456,0.000,0.544
125000,0.387,0.000,0.613
125500,0.425,0.000,0.575
126000,0.383,0.000,0.617
126500,0.381,0.000,0.619
127000,0.325,0.000,0.675
127500,0.282,0.000,0.718
128000,0.297,0.008,0.695
128500,0.286,0.007,0.707
129000,0.297,0.000,0.703
129500,0.412,0.000,0.588
130000,0.508,0.000,0.492
130500,0.467,0.000,0.533
131000,0.428,0.000,0.572
131500,0.361,0.000,0.639
132000,0.337,0.006,0.657
132500,0.343,0.000,0.657
133000,0.412,0.000,0.588
133500,0.407,0.000,0.593
134000,0.350,0.000,0.650
134500,0.428,0.000,0.572
135000,0.401,0.008,0.591
135500,0.464,0.000,0.536
136000,0.402,0.000,0.598
136500,0.424,0.000,0.576
137000,0.361,0.004,0.635
137500,0.351,0.001,0.648
138000,0.353,0.003,0.644
138500,0.444,0.000,0.556
139000,0.330,0.006,0.664
139500,0.329,0.000,0.671
140000,0.304,0.000,0.696
140500,0.360,0.001,0.639
141000,0.391,0.004,0.605
141500,0.402,0.008,0.590
142000,0.432,0.001,0.567
142500,0.348,0.005,0.647
143000,0.417,0.000,0.583
143500,0.347,0.001,0.652
144000,0.404,0.000,0.596
144500,0.397,0.000,0.603
145000,0.430,0.000,0.570
145500,0.349,0.000,0.651
146000,0.444,0.000,0.556
146500,0.382,0.000,0.618
147000,0.324,0.000,0.676
147500,0.462,0.000,0.538
148000,0.465,0.000,0.535
148500,0.396,0.000,0.604
149000,0.404,0.000,0.596
149500,0.371,0.000,0.629
150000,0.314,0.000,0.686
150500,0.281,0.006,0.713
151000,0.376,0.003,0.621
151500,0.338,0.000,0.662
152000,0.414,0.000,0.586
152500,0.443,0.000,0.557
153000,0.373,0.000,0.627
153500,0.504,0.000,0.496
154000,0.468,0.000,0.532
154500,0.469,0.000,0.531
155000,0.444,0.000,0.556
155500,0.304,0.000,0.696
156000,0.329,0.003,0.668
156500,0.352,0.000,0.648
157000,0.371,0.010,0.619
157500,0.394,0.000,0.606
158000,0.461,0.000,0.539
158500,0.374,0.000,0.626
159000,0.327,0.000,0.673
159500,0.403,0.000,0.597
160000,0.400,0.010,0.590
160500,0.398,0.000,0.602
161000,0.463,0.000,0.537
161500,0.424,0.000,0.576
162000,0.413,0.000,0.587
162500,0.360,0.000,0.640
163000,0.396,0.000,0.604
163500,0.431,0.000,0.569
164000,0.370,0.000,0.630
164500,0.395,0.000,0.605
165000,0.374,0.000,0.626
165500,0.429,0.000,0.571
166000,0.293,0.002,0.705
166500,0.302,0.007,0.691
167000,0.464,0.000,0.536
167500,0.430,0.000,0.570
168000,0.420,0.000,0.580
168500,0.414,0.000,0.586
169000,0.371,0.000,0.629
169500,0.404,0.000,0.596
170000,0.479,0.000,0.521
170500,0.509,0.000,0.491
171000,0.463,0.000,0.537
171500,0.440,0.000,0.560
172000,0.380,0.000,0.620
172500,0.385,0.005,0.610
173000,0.455,0.000,0.545
173500,0.555,0.000,0.445
174000,0.455,0.000,0.545
174500,0.413,0.000,0.587
175000,0.412,0.000,0.588
175500,0.378,0.000,0.622
176000,0.348,0.000,0.652
176500,0.354,0.000,0.646
177000,0.420,0.000,0.580
177500,0.388,0.000,0.612
178000,0.378,0.009,0.613
178500,0.409,0.000,0.591
179000,0.440,0.004,0.556
179500,0.458,0.000,0.542
180000,0.362,0.000,0.638
180500,0.386,0.004,0.610
181000,0.285,0.015,0.700
181500,0.235,0.024,0.741
182000,0.241,0.004,0.755
182500,0.280,0.009,0.711
183000,0.335,0.004,0.661
183500,0.384,0.006,0.610
184000,0.312,0.008,0.680
184500,0.388,0.001,0.611
185000,0.534,0.000,0.466
185500,0.491,0.000,0.509
186000,0.477,0.000,0.523
186500,0.427,0.000,0.573
187000,0.465,0.000,0.535
187500,0.467,0.000,0.533
188000,0.361,0.000,0.639
188500,0.430,0.002,0.568
189000,0.411,0.000,0.589
189500,0.411,0.002,0.587
190000,0.369,0.003,0.628
190500,0.409,0.000,0.591
191000,0.363,0.002,0.635
191500,0.390,0.001,0.609
192000,0.345,0.000,0.655
192500,0.390,0.000,0.610
193000,0.373,0.000,0.627
193500,0.298,0.012,0.690
194000,0.354,0.006,0.640
194500,0.335,0.003,0.662
195000,0.371,0.000,0.629
195500,0.350,0.000,0.650
196000,0.356,0.000,0.644
196500,0.459,0.000,0.541
197000,0.482,0.000,0.518
197500,0.408,0.000,0.592
198000,0.339,0.000,0.661
198500,0.355,0.000,0.645
199000,0.421,0.000,0.579
199500,0.363,0.009,0.628
200000,0.355,0.005,0.640
200500,0.326,0.010,0.664
201000,0.292,0.005,0.703
201500,0.280,0.004,0.716
202000,0.381,0.000,0.619
202500,0.379,0.001,0.620
203000,0.397,0.000,0.603
203500,0.398,0.003,0.599
204000,0.296,0.005,0.699
204500,0.271,0.002,0.727
205000,0.327,0.000,0.673
205500,0.431,0.001,0.568
206000,0.413,0.000,0.587
206500,0.506,0.000,0.494
207000,0.573,0.000,0.427
207500,0.510,0.000,0.490
208000,0.442,0.000,0.558
208500,0.452,0.000,0.548
209000,0.433,0.000,0.567
209500,0.393,0.000,0.607
210000,0.288,0.006,0.706
210500,0.428,0.001,0.571
211000,0.464,0.000,0.536
211500,0.399,0.000,0.601
212000,0.339,0.001,0.660
212500,0.360,0.013,0.627
213000,0.344,0.001,0.655
213500,0.317,0.000,0.683
214000,0.333,0.001,0.666
214500,0.342,0.007,0.651
215000,0.319,0.007,0.674
215500,0.351,0.000,0.649
216000,0.326,0.011,0.663
216500,0.410,0.001,0.589
217000,0.397,0.007,0.596
217500,0.332,0.005,0.663
218000,0.350,0.001,0.649
218500,0.404,0.001,0.595
219000,0.429,0.000,0.571
219500,0.427,0.000,0.573
220000,0.381,0.000,0.619
220500,0.392,0.000,0.608
221000,0.354,0.000,0.646
221500,0.454,0.000,0.546
222000,0.425,0.000,0.575
222500,0.442,0.000,0.558
223000,0.441,0.000,0.559
223500,0.523,0.000,0.477
224000,0.493,0.000,0.507
224500,0.373,0.000,0.627
225000,0.424,0.000,0.576
225500,0.310,0.000,0.690
226000,0.423,0.000,0.577
226500,0.362,0.000,0.638
227000,0.451,0.000,0.549
227500,0.391,0.000,0.609
228000,0.440,0.000,0.560
228500,0.530,0.000,0.470
229000,0.465,0.000,0.535
229500,0.423,0.000,0.577
230000,0.352,0.000,0.648
230500,0.353,0.002,0.645
231000,0.367,0.000,0.633
231500,0.388,0.000,0.612
232000,0.353,0.000,0.647
232500,0.440,0.000,0.560
233000,0.353,0.005,0.642
233500,0.351,0.000,0.649
234000,0.356,0.000,0.644
234500,0.353,0.000,0.647
235000,0.307,0.005,0.688
235500,0.400,0.000,0.600
236000,0.467,0.000,0.533
236500,0.433,0.000,0.567
237000,0.398,0.000,0.602
237500,0.410,0.000,0.590
238000,0.415,0.000,0.585
238500,0.399,0.000,0.601
239000,0.381,0.000,0.619
239500,0.400,0.000,0.600
240000,0.372,0.000,0.628
240500,0.434,0.000,0.566
241000,0.445,0.000,0.555
241500,0.355,0.000,0.645
242000,0.430,0.000,0.570
242500,0.498,0.000,0.502
243000,0.448,0.000,0.552
243500,0.388,0.000,0.612
244000,0.372,0.007,0.621
244500,0.386,0.000,0.614
245000,0.394,0.000,0.606
245500,0.377,0.000,0.623
246000,0.424,0.000,0.576
246500,0.406,0.000,0.594
247000,0.472,0.000,0.528
247500,0.517,0.000,0.483
248000,0.465,0.000,0.535
248500,0.459,0.000,0.541
249000,0.429,0.006,0.565
249500,0.340,0.006,0.654
250000,0.334,0.001,0.665
250500,0.368,0.002,0.630
251000,0.350,0.001,0.649
251500,0.416,0.004,0.580
252000,0.459,0.000,0.541
252500,0.453,0.000,0.547
253000,0.478,0.000,0.522
253500,0.365,0.000,0.635
254000,0.375,0.000,0.625
254500,0.345,0.004,0.651
255000,0.297,0.001,0.702
255500,0.362,0.007,0.631
256000,0.401,0.000,0.599
256500,0.462,0.000,0.538
257000,0.435,0.000,0.565
257500,0.408,0.000,0.592
258000,0.390,0.000,0.610
258500,0.339,0.000,0.661
259000,0.407,0.001,0.592
259500,0.363,0.000,0.637
260000,0.349,0.006,0.645
260500,0.320,0.003,0.677
261000,0.321,0.008,0.671
261500,0.382,0.002,0.616
262000,0.405,0.000,0.595
262500,0.353,0.000,0.647
263000,0.425,0.000,0.575
263500,0.432,0.004,0.564
264000,0.347,0.005,0.648
264500,0.346,0.006,0.648
265000,0.435,0.001,0.564
265500,0.393,0.000,0.607
266000,0.461,0.000,0.539
266500,0.398,0.000,0.602
267000,0.407,0.002,0.591
267500,0.393,0.000,0.607
268000,0.309,0.004,0.687
268500,0.362,0.002,0.636
269000,0.337,0.000,0.663
269500,0.436,0.000,0.564
270000,0.412,0.000,0.588
270500,0.470,0.000,0.530
271000,0.370,0.005,0.625
271500,0.465,0.001,0.534
272000,0.443,0.000,0.557
272500,0.459,0.000,0.541
273000,0.345,0.004,0.651
273500,0.389,0.000,0.611
274000,0.436,0.000,0.564
274500,0.404,0.005,0.591
275000,0.395,0.003,0.602
275500,0.406,0.000,0.594
276000,0.433,0.002,0.565
276500,0.431,0.000,0.569
277000,0.434,0.000,0.566
277500,0.423,0.000,0.577
278000,0.370,0.000,0.630
278500,0.391,0.000,0.609
279000,0.458,0.000,0.542
279500,0.362,0.000,0.638
280000,0.404,0.007,0.589
280500,0.346,0.000,0.654
281000,0.309,0.000,0.691
281500,0.296,0.000,0.704
282000,0.310,0.000,0.690
282500,0.374,0.001,0.625
283000,0.435,0.000,0.565
283500,0.375,0.002,0.623
284000,0.330,0.007,0.663
284500,0.322,0.000,0.678
285000,0.418,0.012,0.570
285500,0.417,0.000,0.583
286000,0.343,0.000,0.657
286500,0.400,0.000,0.600
287000,0.398,0.000,0.602
287500,0.368,0.000,0.632
288000,0.388,0.000,0.612
288500,0.321,0.021,0.658
289000,0.297,0.016,0.687
289500,0.321,0.004,0.675
290000,0.360,0.000,0.640
290500,0.365,0.000,0.635
291000,0.459,0.000,0.541
291500,0.412,0.000,0.588
292000,0.401,0.000,0.599
292500,0.353,0.000,0.647
293000,0.374,0.003,0.623
293500,0.303,0.000,0.697
294000,0.335,0.011,0.654
294500,0.311,0.013,0.676
295000,0.341,0.001,0.658
295500,0.458,0.000,0.542
296000,0.423,0.000,0.577
296500,0.382,0.000,0.618
297000,0.406,0.000,0.594
297500,0.400,0.000,0.600
298000,0.409,0.000,0.591
298500,0.400,0.000,0.600
299000,0.457,0.000,0.543
299500,0.438,0.000,0.562
300000,0.353,0.000,0.647
300500,0.420,0.000,0.580
301000,0.443,0.000,0.557
301500,0.442,0.000,0.558
302000,0.356,0.000,0.644
302500,0.407,0.001,0.592
303000,0.486,0.000,0.514
303500,0.444,0.000,0.556
304000,0.476,0.002,0.522
304500,0.443,0.000,0.557
305000,0.418,0.000,0.582
305500,0.493,0.000,0.507
306000,0.453,0.000,0.547
306500,0.369,0.000,0.631
307000,0.419,0.000,0.581
307500,0.442,0.000,0.558
308000,0.382,0.002,0.616
308500,0.474,0.005,0.521
309000,0.330,0.000,0.670
309500,0.423,0.000,0.577
310000,0.445,0.000,0.555
310500,0.424,0.000,0.576
311000,0.376,0.000,0.624
311500,0.337,0.000,0.663
312000,0.365,0.000,0.635
312500,0.378,0.000,0.622
313000,0.380,0.008,0.612
313500,0.416,0.000,0.584
314000,0.380,0.001,0.619
314500,0.332,0.004,0.664
315000,0.390,0.003,0.607
315500,0.455,0.000,0.545
316000,0.366,0.000,0.634
316500,0.445,0.000,0.555
317000,0.450,0.000,0.550
317500,0.402,0.000,0.598
318000,0.437,0.000,0.563
318500,0.461,0.000,0.539
319000,0.399,0.000,0.601
319500,0.413,0.000,0.587
320000,0.322,0.000,0.678
320500,0.472,0.000,0.528
321000,0.377,0.019,0.604
321500,0.358,0.005,0.637
322000,0.356,0.001,0.643
322500,0.403,0.000,0.597
323000,0.434,0.000,0.566
323500,0.451,0.000,0.549
324000,0.496,0.000,0.504
324500,0.414,0.000,0.586
325000,0.327,0.000,0.673
325500,0.258,0.020,0.722
326000,0.302,0.018,0.680
326500,0.361,0.009,0.630
327000,0.346,0.000,0.654
327500,0.324,0.000,0.676
328000,0.390,0.001,0.609
328500,0.364,0.000,0.636
329000,0.438,0.000,0.562
329500,0.363,0.010,0.627
330000,0.397,0.003,0.600
330500,0.372,0.008,0.620
331000,0.322,0.002,0.676
331500,0.453,0.000,0.547
332000,0.440,0.000,0.560
332500,0.406,0.004,0.590
333000,0.423,0.000,0.577
333500,0.330,0.000,0.670
334000,0.443,0.000,0.557
334500,0.465,0.000,0.535
335000,0.367,0.001,0.632
335500,0.421,0.003,0.576
336000,0.408,0.000,0.592
336500,0.405,0.002,0.593
337000,0.372,0.000,0.628
337500,0.423,0.000,0.577
338000,0.373,0.002,0.625
338500,0.414,0.000,0.586
339000,0.485,0.000,0.515
339500,0.464,0.000,0.536
340000,0.407,0.000,0.593
340500,0.386,0.002,0.612
341000,0.471,0.000,0.529
341500,0.497,0.000,0.503
342000,0.454,0.000,0.546
342500,0.391,0.008,0.601
343000,0.350,0.002,0.648
343500,0.329,0.003,0.668
344000,0.412,0.000,0.588
344500,0.428,0.000,0.572
345000,0.396,0.000,0.604
345500,0.361,0.000,0.639
346000,0.368,0.000,0.632
346500,0.393,0.000,0.607
347000,0.284,0.006,0.710
347500,0.315,0.008,0.677
348000,0.396,0.001,0.603
348500,0.366,0.000,0.634
349000,0.408,0.006,0.586
349500,0.523,0.000,0.477
350000,0.395,0.000,0.605
350500,0.351,0.010,0.639
351000,0.404,0.000,0.596
351500,0.353,0.000,0.647
352000,0.406,0.000,0.594
352500,0.330,0.000,0.670
353000,0.391,0.000,0.609
353500,0.374,0.001,0.625
354000,0.397,0.000,0.603
354500,0.403,0.008,0.589
355000,0.328,0.000,0.672
355500,0.336,0.006,0.658
356000,0.347,0.000,0.653
356500,0.415,0.000,0.585
357000,0.434,0.000,0.566
357500,0.410,0.008,0.582
358000,0.330,0.010,0.660
358500,0.436,0.000,0.564
359000,0.425,0.000,0.575
359500,0.412,0.000,0.588
360000,0.374,0.000,0.626
360500,0.383,0.000,0.617
361000,0.390,0.002,0.608
361500,0.348,0.000,0.652
362000,0.328,0.000,0.672
362500,0.377,0.000,0.623
363000,0.346,0.000,0.654
363500,0.371,0.002,0.627
364000,0.307,0.004,0.689
364500,0.318,0.000,0.682
365000,0.355,0.003,0.642
365500,0.400,0.000,0.600
366000,0.476,0.004,0.520
366500,0.401,0.000,0.599
367000,0.392,0.001,0.607
367500,0.374,0.000,0.626
368000,0.384,0.008,0.608
368500,0.407,0.002,0.591
369000,0.363,0.010,0.627
369500,0.395,0.000,0.605
370000,0.493,0.000,0.507
370500,0.485,0.000,0.515
371000,0.383,0.000,0.617
371500,0.331,0.000,0.669
372000,0.381,0.002,0.617
372500,0.356,0.000,0.644
373000,0.471,0.000,0.529
373500,0.435,0.002,0.563
374000,0.433,0.000,0.567
374500,0.366,0.000,0.634
375000,0.358,0.002,0.640
375500,0.346,0.000,0.654
376000,0.358,0.008,0.634
376500,0.383,0.001,0.616
377000,0.406,0.000,0.594
377500,0.362,0.008,0.630
378000,0.353,0.006,0.641
378500,0.335,0.007,0.658
379000,0.379,0.002,0.619
379500,0.393,0.000,0.607
380000,0.424,0.000,0.576
380500,0.459,0.000,0.541
381000,0.443,0.000,0.557
381500,0.438,0.000,0.562
382000,0.429,0.000,0.571
382500,0.455,0.006,0.539
383000,0.442,0.007,0.551
383500,0.338,0.005,0.657
384000,0.386,0.000,0.614
384500,0.307,0.010,0.683
385000,0.307,0.006,0.687
385500,0.376,0.004,0.620
386000,0.327,0.000,0.673
386500,0.307,0.007,0.686
387000,0.380,0.001,0.619
387500,0.346,0.011,0.643
388000,0.417,0.000,0.583
388500,0.402,0.002,0.596
389000,0.336,0.012,0.652
389500,0.308,0.000,0.692
390000,0.304,0.001,0.695
390500,0.300,0.016,0.684
391000,0.327,0.005,0.668
391500,0.360,0.006,0.634
392000,0.357,0.000,0.643
392500,0.413,0.006,0.581
393000,0.480,0.000,0.520
393500,0.378,0.000,0.622
394000,0.439,0.006,0.555
394500,0.430,0.000,0.570
395000,0.396,0.000,0.604
395500,0.371,0.006,0.623
396000,0.413,0.001,0.586
396500,0.489,0.000,0.511
397000,0.424,0.000,0.576
397500,0.421,0.000,0.579
398000,0.384,0.000,0.616
398500,0.402,0.007,0.591
399000,0.419,0.001,0.580
399500,0.379,0.000,0.621
400000,0.398,0.000,0.602
400500,0.380,0.010,0.610
401000,0.433,0.000,0.567
401500,0.452,0.000,0.548
402000,0.507,0.000,0.493
402500,0.482,0.000,0.518
403000,0.515,0.000,0.485
403500,0.574,0.000,0.426
404000,0.472,0.000,0.528
404500,0.343,0.006,0.651
405000,0.357,0.000,0.643
405500,0.323,0.006,0.671
406000,0.377,0.003,0.620
406500,0.349,0.003,0.648
407000,0.437,0.000,0.563
407500,0.372,0.000,0.628
408000,0.381,0.007,0.612
408500,0.383,0.000,0.617
409000,0.482,0.000,0.518
409500,0.440,0.005,0.555
410000,0.473,0.000,0.527
410500,0.455,0.000,0.545
411000,0.566,0.000,0.434
411500,0.521,0.000,0.479
412000,0.415,0.009,0.576
412500,0.431,0.000,0.569
413000,0.376,0.005,0.619
413500,0.379,0.014,0.607
414000,0.424,0.000,0.576
414500,0.367,0.002,0.631
415000,0.377,0.000,0.623
415500,0.287,0.000,0.713
416000,0.441,0.002,0.557
416500,0.430,0.000,0.570
417000,0.418,0.000,0.582
417500,0.318,0.000,0.682
418000,0.308,0.015,0.677
418500,0.311,0.012,0.677
419000,0.316,0.001,0.683
419500,0.401,0.000,0.599
420000,0.477,0.000,0.523
420500,0.447,0.000,0.553
421000,0.462,0.001,0.537
421500,0.401,0.000,0.599
422000,0.427,0.000,0.573
422500,0.467,0.000,0.533
423000,0.371,0.000,0.629
423500,0.356,0.007,0.637
424000,0.469,0.000,0.531
424500,0.441,0.000,0.559
425000,0.395,0.013,0.592
425500,0.402,0.002,0.596
426000,0.444,0.000,0.556
426500,0.317,0.000,0.683
427000,0.352,0.000,0.648
427500,0.325,0.000,0.675
428000,0.408,0.000,0.592
428500,0.403,0.000,0.597
429000,0.325,0.009,0.666
429500,0.397,0.000,0.603
430000,0.379,0.003,0.618
430500,0.321,0.000,0.679
431000,0.288,0.010,0.702
431500,0.391,0.001,0.608
432000,0.401,0.000,0.599
432500,0.439,0.000,0.561
433000,0.450,0.000,0.550
433500,0.387,0.000,0.613
434000,0.395,0.000,0.605
434500,0.392,0.003,0.605
435000,0.397,0.000,0.603
435500,0.420,0.000,0.580
436000,0.367,0.002,0.631
436500,0.329,0.000,0.671
437000,0.358,0.000,0.642
437500,0.382,0.001,0.617
438000,0.406,0.005,0.589
438500,0.438,0.001,0.561
439000,0.508,0.000,0.492
439500,0.433,0.000,0.567
440000,0.428,0.000,0.572
440500,0.486,0.000,0.514
441000,0.407,0.000,0.593
441500,0.385,0.000,0.615
442000,0.370,0.000,0.630
442500,0.414,0.000,0.586
443000,0.361,0.000,0.639
443500,0.447,0.000,0.553
444000,0.444,0.000,0.556
444500,0.470,0.000,0.530
445000,0.482,0.000,0.518
445500,0.400,0.004,0.596
446000,0.445,0.000,0.555
446500,0.358,0.000,0.642
447000,0.364,0.013,0.623
447500,0.351,0.000,0.649
448000,0.347,0.007,0.646
448500,0.288,0.002,0.710
449000,0.425,0.000,0.575
449500,0.403,0.000,0.597
450000,0.445,0.000,0.555
450500,0.431,0.000,0.569
451000,0.369,0.000,0.631
451500,0.396,0.000,0.604
452000,0.414,0.000,0.586
452500,0.329,0.006,0.665
453000,0.275,0.000,0.725
453500,0.263,0.019,0.718
454000,0.329,0.004,0.667
454500,0.427,0.001,0.572
455000,0.472,0.002,0.526
455500,0.459,0.000,0.541
456000,0.472,0.000,0.528
456500,0.413,0.000,0.587
457000,0.417,0.000,0.583
457500,0.408,0.000,0.592
458000,0.314,0.012,0.674
458500,0.397,0.005,0.598
459000,0.366,0.004,0.630
459500,0.327,0.000,0.673
460000,0.479,0.000,0.521
460500,0.443,0.000,0.557
461000,0.394,0.000,0.606
461500,0.418,0.000,0.582
462000,0.453,0.000,0.547
462500,0.455,0.000,0.545
463000,0.452,0.000,0.548
463500,0.471,0.000,0.529
464000,0.454,0.000,0.546
464500,0.408,0.000,0.592
465000,0.372,0.001,0.627
465500,0.416,0.001,0.583
466000,0.424,0.000,0.576
466500,0.418,0.000,0.582
467000,0.362,0.000,0.638
467500,0.432,0.000,0.568
468000,0.380,0.000,0.620
468500,0.509,0.001,0.490
469000,0.403,0.000,0.597
469500,0.361,0.000,0.639
470000,0.442,0.000,0.558
470500,0.405,0.000,0.595
471000,0.452,0.000,0.548
471500,0.420,0.000,0.580
472000,0.510,0.000,0.490
472500,0.417,0.000,0.583
473000,0.382,0.000,0.618
473500,0.419,0.000,0.581
474000,0.405,0.000,0.595
474500,0.370,0.000,0.630
475000,0.372,0.000,0.628
475500,0.371,0.004,0.625
476000,0.405,0.002,0.593
476500,0.448,0.005,0.547
477000,0.385,0.003,0.612
477500,0.420,0.000,0.580
478000,0.444,0.000,0.556
478500,0.410,0.006,0.584
479000,0.365,0.009,0.626
479500,0.396,0.002,0.602
480000,0.298,0.001,0.701
480500,0.372,0.000,0.628
481000,0.430,0.000,0.570
481500,0.387,0.008,0.605
482000,0.371,0.000,0.629
482500,0.309,0.000,0.691
483000,0.382,0.001,0.617
483500,0.413,0.000,0.587
484000,0.489,0.000,0.511
484500,0.371,0.000,0.629
485000,0.400,0.001,0.599
485500,0.433,0.002,0.565
486000,0.470,0.002,0.528
486500,0.430,0.000,0.570
487000,0.405,0.000,0.595
487500,0.364,0.000,0.636
488000,0.384,0.000,0.616
488500,0.319,0.003,0.678
489000,0.347,0.006,0.647
489500,0.414,0.000,0.586
490000,0.345,0.000,0.655
490500,0.405,0.000,0.595
491000,0.369,0.010,0.621
491500,0.395,0.002,0.603
492000,0.357,0.000,0.643
492500,0.408,0.000,0.592
493000,0.428,0.000,0.572
493500,0.374,0.000,0.626
494000,0.386,0.000,0.614
494500,0.388,0.000,0.612
495000,0.461,0.000,0.539
495500,0.420,0.000,0.580
496000,0.399,0.000,0.601
496500,0.366,0.000,0.634
497000,0.334,0.000,0.666
497500,0.334,0.001,0.665
498000,0.442,0.001,0.557
498500,0.485,0.000,0.515
499000,0.438,0.000,0.562
499500,0.473,0.000,0.527
500000,0.461,0.000,0.539
500500,0.432,0.000,0.568
501000,0.419,0.000,0.581
501500,0.354,0.000,0.646
502000,0.438,0.000,0.562
502500,0.419,0.000,0.581
503000,0.402,0.000,0.598
503500,0.409,0.001,0.590
504000,0.437,0.000,0.563
504500,0.429,0.003,0.568
505000,0.459,0.000,0.541
505500,0.461,0.000,0.539
506000,0.451,0.000,0.549
506500,0.367,0.000,0.633
507000,0.433,0.007,0.560
507500,0.448,0.000,0.552
508000,0.355,0.000,0.645
508500,0.410,0.000,0.590
509000,0.372,0.001,0.627
509500,0.444,0.000,0.556
510000,0.347,0.003,0.650
510500,0.384,0.000,0.616
511000,0.344,0.000,0.656
511500,0.330,0.000,0.670
512000,0.417,0.000,0.583
512500,0.432,0.000,0.568
513000,0.427,0.000,0.573
513500,0.343,0.010,0.647
514000,0.435,0.001,0.564
514500,0.386,0.000,0.614
515000,0.490,0.000,0.510
515500,0.399,0.000,0.601
516000,0.475,0.000,0.525
516500,0.462,0.000,0.538
517000,0.426,0.000,0.574
517500,0.437,0.000,0.563
518000,0.485,0.000,0.515
518500,0.451,0.000,0.549
519000,0.407,0.008,0.585
519500,0.327,0.001,0.672
520000,0.412,0.000,0.588
520500,0.434,0.000,0.566
521000,0.535,0.000,0.465
521500,0.427,0.000,0.573
522000,0.440,0.000,0.560
522500,0.421,0.000,0.579
523000,0.480,0.000,0.520
523500,0.410,0.000,0.590
524000,0.453,0.000,0.547
524500,0.409,0.000,0.591
525000,0.466,0.000,0.534
525500,0.325,0.000,0.675
526000,0.317,0.000,0.683
526500,0.327,0.006,0.667
527000,0.366,0.006,0.628
527500,0.210,0.017,0.773
528000,0.277,0.010,0.713
528500,0.337,0.000,0.663
529000,0.292,0.004,0.704
529500,0.302,0.006,0.692
530000,0.414,0.003,0.583
530500,0.450,0.000,0.550
531000,0.366,0.000,0.634
531500,0.338,0.000,0.662
532000,0.452,0.000,0.548
532500,0.394,0.006,0.600
533000,0.282,0.012,0.706
533500,0.349,0.001,0.650
534000,0.362,0.000,0.638
534500,0.359,0.015,0.626
535000,0.410,0.002,0.588
535500,0.456,0.000,0.544
536000,0.409,0.000,0.591
536500,0.339,0.000,0.661
537000,0.414,0.002,0.584
537500,0.384,0.000,0.616
538000,0.505,0.000,0.495
538500,0.460,0.000,0.540
539000,0.351,0.000,0.649
539500,0.336,0.000,0.664
540000,0.373,0.001,0.626
540500,0.468,0.000,0.532
541000,0.495,0.000,0.505
541500,0.409,0.000,0.591
542000,0.349,0.000,0.651
542500,0.478,0.000,0.522
543000,0.439,0.000,0.561
543500,0.375,0.000,0.625
544000,0.379,0.000,0.621
544500,0.408,0.000,0.592
545000,0.318,0.000,0.682
545500,0.360,0.000,0.640
546000,0.343,0.002,0.655
546500,0.399,0.000,0.601
547000,0.412,0.000,0.588
547500,0.425,0.000,0.575
548000,0.432,0.000,0.568
548500,0.406,0.000,0.594
549000,0.379,0.008,0.613
549500,0.351,0.006,0.643
550000,0.299,0.006,0.695
550500,0.335,0.001,0.664
551000,0.369,0.000,0.631
551500,0.435,0.000,0.565
552000,0.401,0.001,0.598
552500,0.404,0.002,0.594
553000,0.363,0.000,0.637
553500,0.390,0.000,0.610
554000,0.382,0.000,0.618
554500,0.416,0.005,0.579
555000,0.458,0.000,0.542
555500,0.391,0.000,0.609
556000,0.380,0.001,0.619
556500,0.287,0.023,0.690
557000,0.312,0.001,0.687
557500,0.350,0.000,0.650
558000,0.454,0.000,0.546
558500,0.367,0.000,0.633
559000,0.421,0.000,0.579
559500,0.391,0.000,0.609
560000,0.481,0.000,0.519
560500,0.547,0.000,0.453
561000,0.507,0.000,0.493
561500,0.486,0.000,0.514
562000,0.549,0.000,0.451
562500,0.378,0.000,0.622
563000,0.460,0.000,0.540
563500,0.502,0.000,0.498
564000,0.459,0.000,0.541
564500,0.387,0.000,0.613
565000,0.348,0.009,0.643
565500,0.359,0.001,0.640
566000,0.377,0.000,0.623
566500,0.437,0.000,0.563
567000,0.372,0.000,0.628
567500,0.424,0.001,0.575
568000,0.387,0.000,0.613
568500,0.333,0.001,0.666
569000,0.422,0.000,0.578
569500,0.435,0.000,0.565
570000,0.457,0.004,0.539
570500,0.468,0.000,0.532
571000,0.470,0.000,0.530
571500,0.458,0.000,0.542
572000,0.493,0.000,0.507
572500,0.455,0.000,0.545
573000,0.482,0.000,0.518
573500,0.372,0.000,0.628
574000,0.361,0.000,0.639
574500,0.373,0.000,0.627
575000,0.402,0.000,0.598
575500,0.373,0.002,0.625
576000,0.313,0.000,0.687
576500,0.358,0.011,0.631
577000,0.358,0.001,0.641
577500,0.408,0.001,0.591
578000,0.428,0.000,0.572
578500,0.459,0.000,0.541
579000,0.466,0.002,0.532
579500,0.461,0.000,0.539
580000,0.402,0.002,0.596
580500,0.437,0.000,0.563
581000,0.462,0.006,0.532
581500,0.344,0.020,0.636
582000,0.437,0.002,0.561
582500,0.377,0.000,0.623
583000,0.455,0.000,0.545
583500,0.378,0.000,0.622
584000,0.341,0.000,0.659
584500,0.474,0.000,0.526
585000,0.481,0.000,0.519
585500,0.434,0.000,0.566
586000,0.350,0.000,0.650
586500,0.325,0.004,0.671
587000,0.433,0.000,0.567
587500,0.419,0.000,0.581
588000,0.374,0.001,0.625
588500,0.454,0.000,0.546
589000,0.453,0.000,0.547
589500,0.351,0.010,0.639
590000,0.337,0.001,0.662
590500,0.318,0.000,0.682
591000,0.363,0.000,0.637
591500,0.411,0.000,0.589
592000,0.454,0.000,0.546
592500,0.440,0.000,0.560
593000,0.494,0.000,0.506
593500,0.462,0.000,0.538
594000,0.368,0.000,0.632
594500,0.349,0.002,0.649
595000,0.372,0.004,0.624
595500,0.380,0.000,0.620
596000,0.397,0.001,0.602
596500,0.381,0.001,0.618
597000,0.376,0.000,0.624
597500,0.374,0.000,0.626
598000,0.425,0.000,0.575
598500,0.345,0.002,0.653
599000,0.358,0.000,0.642
599500,0.386,0.000,0.614
600000,0.427,0.000,0.573
600500,0.313,0.001,0.686
601000,0.391,0.000,0.609
601500,0.415,0.000,0.585
602000,0.356,0.000,0.644
602500,0.339,0.000,0.661
603000,0.313,0.000,0.687
603500,0.293,0.011,0.696
604000,0.322,0.004,0.674
604500,0.351,0.000,0.649
605000,0.391,0.000,0.609
605500,0.464,0.001,0.535
606000,0.411,0.000,0.589
606500,0.397,0.000,0.603
607000,0.306,0.007,0.687
607500,0.423,0.001,0.576
608000,0.378,0.000,0.622
608500,0.397,0.000,0.603
609000,0.307,0.018,0.675
609500,0.345,0.001,0.654
610000,0.396,0.000,0.604
610500,0.354,0.000,0.646
611000,0.332,0.000,0.668
611500,0.374,0.000,0.626
612000,0.507,0.000,0.493
612500,0.377,0.003,0.620
613000,0.330,0.001,0.669
613500,0.432,0.000,0.568
614000,0.246,0.000,0.754
614500,0.275,0.000,0.725
615000,0.284,0.004,0.712
615500,0.415,0.003,0.582
616000,0.408,0.000,0.592
616500,0.381,0.000,0.619
617000,0.405,0.001,0.594
617500,0.416,0.000,0.584
618000,0.488,0.000,0.512
618500,0.493,0.000,0.507
619000,0.422,0.000,0.578
619500,0.325,0.000,0.675
620000,0.410,0.005,0.585
620500,0.371,0.001,0.628
621000,0.398,0.000,0.602
621500,0.390,0.000,0.610
622000,0.396,0.000,0.604
622500,0.430,0.000,0.570
623000,0.346,0.000,0.654
623500,0.347,0.000,0.653
624000,0.367,0.003,0.630
624500,0.417,0.000,0.583
625000,0.378,0.000,0.622
625500,0.321,0.009,0.670
626000,0.387,0.010,0.603
626500,0.356,0.000,0.644
627000,0.443,0.000,0.557
627500,0.308,0.000,0.692
628000,0.330,0.000,0.670
628500,0.380,0.000,0.620
629000,0.402,0.001,0.597
629500,0.408,0.000,0.592
630000,0.377,0.003,0.620
630500,0.398,0.001,0.601
631000,0.394,0.000,0.606
631500,0.330,0.000,0.670
632000,0.425,0.006,0.569
632500,0.366,0.001,0.633
633000,0.434,0.000,0.566
633500,0.409,0.002,0.589
634000,0.426,0.000,0.574
634500,0.384,0.000,0.616
635000,0.376,0.000,0.624
635500,0.320,0.011,0.669
636000,0.389,0.001,0.610
636500,0.363,0.007,0.630
637000,0.414,0.001,0.585
637500,0.472,0.000,0.528
638000,0.364,0.000,0.636
638500,0.442,0.009,0.549
639000,0.479,0.000,0.521
639500,0.401,0.000,0.599
640000,0.372,0.009,0.619
640500,0.393,0.002,0.605
641000,0.381,0.000,0.619
641500,0.392,0.000,0.608
642000,0.343,0.004,0.653
642500,0.393,0.000,0.607
643000,0.400,0.001,0.599
643500,0.369,0.002,0.629
644000,0.475,0.000,0.525
644500,0.525,0.000,0.475
645000,0.443,0.000,0.557
645500,0.367,0.000,0.633
646000,0.350,0.000,0.650
646500,0.354,0.011,0.635
647000,0.290,0.000,0.710
647500,0.293,0.006,0.701
648000,0.340,0.006,0.654
648500,0.379,0.001,0.620
649000,0.477,0.000,0.523
649500,0.364,0.011,0.625
650000,0.292,0.008,0.700
650500,0.358,0.000,0.642
651000,0.411,0.000,0.589
651500,0.410,0.000,0.590
652000,0.388,0.000,0.612
652500,0.360,0.000,0.640
653000,0.410,0.000,0.590
653500,0.460,0.000,0.540
654000,0.433,0.000,0.567
654500,0.444,0.002,0.554
655000,0.388,0.001,0.611
655500,0.401,0.000,0.599
656000,0.443,0.000,0.557
656500,0.426,0.000,0.574
657000,0.445,0.000,0.555
657500,0.508,0.000,0.492
658000,0.462,0.000,0.538
658500,0.432,0.000,0.568
659000,0.425,0.000,0.575
659500,0.446,0.000,0.554
660000,0.482,0.000,0.518
660500,0.449,0.000,0.551
661000,0.382,0.000,0.618
661500,0.368,0.000,0.632
662000,0.413,0.008,0.579
662500,0.387,0.002,0.611
663000,0.303,0.027,0.670
663500,0.408,0.000,0.592
664000,0.411,0.000,0.589
664500,0.397,0.000,0.603
665000,0.382,0.000,0.618
665500,0.385,0.001,0.614
666000,0.318,0.001,0.681
666500,0.341,0.007,0.652
667000,0.399,0.004,0.597
667500,0.425,0.001,0.574
668000,0.374,0.000,0.626
668500,0.394,0.002,0.604
669000,0.385,0.000,0.615
669500,0.334,0.004,0.662
670000,0.453,0.001,0.546
670500,0.396,0.000,0.604
671000,0.363,0.001,0.636
671500,0.459,0.000,0.541
672000,0.465,0.000,0.535
672500,0.389,0.000,0.611
673000,0.447,0.000,0.553
673500,0.381,0.000,0.619
674000,0.370,0.000,0.630
674500,0.379,0.000,0.621
675000,0.340,0.001,0.659
675500,0.354,0.001,0.645
676000,0.410,0.000,0.590
676500,0.470,0.000,0.530
677000,0.380,0.002,0.618
677500,0.429,0.000,0.571
678000,0.357,0.000,0.643
678500,0.328,0.000,0.672
679000,0.350,0.000,0.650
679500,0.439,0.000,0.561
680000,0.403,0.000,0.597
680500,0.462,0.000,0.538
681000,0.443,0.003,0.554
681500,0.446,0.000,0.554
682000,0.352,0.005,0.643
682500,0.411,0.000,0.589
683000,0.374,0.000,0.626
683500,0.296,0.003,0.701
684000,0.379,0.002,0.619
684500,0.364,0.002,0.634
685000,0.342,0.004,0.654
685500,0.365,0.000,0.635
686000,0.430,0.000,0.570
686500,0.431,0.000,0.569
687000,0.382,0.000,0.618
687500,0.352,0.009,0.639
688000,0.347,0.000,0.653
688500,0.307,0.002,0.691
689000,0.391,0.000,0.609
689500,0.397,0.000,0.603
690000,0.468,0.000,0.532
690500,0.430,0.000,0.570
691000,0.271,0.012,0.717
691500,0.313,0.001,0.686
692000,0.434,0.000,0.566
692500,0.477,0.000,0.523
693000,0.395,0.000,0.605
693500,0.429,0.000,0.571
694000,0.345,0.006,0.649
694500,0.356,0.004,0.640
695000,0.314,0.008,0.678
695500,0.400,0.000,0.600
696000,0.399,0.000,0.601
696500,0.394,0.000,0.606
697000,0.409,0.000,0.591
697500,0.386,0.000,0.614
698000,0.399,0.007,0.594
698500,0.468,0.005,0.527
699000,0.451,0.000,0.549
699500,0.445,0.000,0.555
700000,0.477,0.000,0.523
700500,0.477,0.000,0.523
701000,0.411,0.000,0.589
701500,0.399,0.000,0.601
702000,0.413,0.000,0.587
702500,0.378,0.000,0.622
703000,0.387,0.000,0.613
703500,0.433,0.000,0.567
704000,0.380,0.000,0.620
704500,0.394,0.000,0.606
705000,0.352,0.000,0.648
705500,0.448,0.000,0.552
706000,0.421,0.000,0.579
706500,0.392,0.003,0.605
707000,0.314,0.000,0.686
707500,0.385,0.000,0.615
708000,0.460,0.000,0.540
708500,0.385,0.000,0.615
709000,0.372,0.000,0.628
709500,0.367,0.000,0.633
710000,0.358,0.000,0.642
710500,0.310,0.004,0.686
711000,0.417,0.000,0.583
711500,0.324,0.000,0.676
712000,0.353,0.000,0.647
712500,0.300,0.000,0.700
713000,0.386,0.000,0.614
713500,0.387,0.000,0.613
714000,0.367,0.005,0.628
714500,0.339,0.000,0.661
715000,0.490,0.000,0.510
715500,0.554,0.000,0.446
716000,0.529,0.000,0.471
716500,0.462,0.000,0.538
717000,0.463,0.000,0.537
717500,0.357,0.000,0.643
718000,0.319,0.003,0.678
718500,0.379,0.000,0.621
719000,0.395,0.001,0.604
719500,0.433,0.000,0.567
720000,0.433,0.008,0.559
720500,0.333,0.000,0.667
721000,0.371,0.000,0.629
721500,0.341,0.000,0.659
722000,0.445,0.000,0.555
722500,0.379,0.000,0.621
723000,0.381,0.000,0.619
723500,0.401,0.001,0.598
724000,0.378,0.000,0.622
724500,0.371,0.000,0.629
725000,0.382,0.000,0.618
725500,0.462,0.000,0.538
726000,0.459,0.000,0.541
726500,0.384,0.000,0.616
727000,0.457,0.000,0.543
727500,0.428,0.000,0.572
728000,0.411,0.000,0.589
728500,0.420,0.000,0.580
729000,0.422,0.000,0.578
729500,0.385,0.000,0.615
730000,0.388,0.004,0.608
730500,0.418,0.000,0.582
731000,0.381,0.000,0.619
731500,0.388,0.000,0.612
732000,0.434,0.000,0.566
732500,0.359,0.000,0.641
733000,0.393,0.004,0.603
733500,0.357,0.000,0.643
734000,0.370,0.004,0.626
734500,0.378,0.000,0.622
735000,0.405,0.006,0.589
735500,0.417,0.000,0.583
736000,0.352,0.004,0.644
736500,0.363,0.011,0.626
737000,0.387,0.000,0.613
737500,0.470,0.000,0.530
738000,0.393,0.000,0.607
738500,0.401,0.001,0.598
739000,0.377,0.005,0.618
739500,0.392,0.000,0.608
740000,0.386,0.000,0.614
740500,0.414,0.000,0.586
741000,0.362,0.000,0.638
741500,0.381,0.000,0.619
742000,0.319,0.005,0.676
742500,0.439,0.000,0.561
743000,0.432,0.000,0.568
743500,0.456,0.000,0.544
744000,0.458,0.000,0.542
744500,0.484,0.000,0.516
745000,0.335,0.000,0.665
745500,0.366,0.004,0.630
746000,0.378,0.008,0.614
746500,0.348,0.011,0.641
747000,0.334,0.002,0.664
747500,0.391,0.001,0.608
748000,0.334,0.004,0.662
748500,0.353,0.000,0.647
749000,0.408,0.003,0.589
749500,0.426,0.000,0.574
750000,0.373,0.000,0.627
750500,0.472,0.000,0.528
751000,0.524,0.000,0.476
751500,0.453,0.000,0.547
752000,0.429,0.000,0.571
752500,0.351,0.001,0.648
753000,0.409,0.005,0.586
753500,0.329,0.011,0.660
754000,0.380,0.000,0.620
754500,0.342,0.000,0.658
755000,0.407,0.002,0.591
755500,0.423,0.009,0.568
756000,0.348,0.000,0.652
756500,0.346,0.001,0.653
757000,0.369,0.000,0.631
757500,0.351,0.009,0.640
758000,0.375,0.001,0.624
758500,0.379,0.000,0.621
759000,0.414,0.000,0.586
759500,0.452,0.000,0.548
760000,0.474,0.000,0.526
760500,0.438,0.000,0.562
761000,0.380,0.000,0.620
761500,0.517,0.000,0.483
762000,0.424,0.000,0.576
762500,0.392,0.000,0.608
763000,0.422,0.007,0.571
763500,0.388,0.001,0.611
764000,0.283,0.007,0.710
764500,0.325,0.007,0.668
765000,0.330,0.003,0.667
765500,0.342,0.002,0.656
766000,0.350,0.001,0.649
766500,0.339,0.000,0.661
767000,0.368,0.000,0.632
767500,0.340,0.000,0.660
768000,0.419,0.000,0.581
768500,0.405,0.002,0.593
769000,0.422,0.000,0.578
769500,0.398,0.000,0.602
770000,0.410,0.000,0.590
770500,0.419,0.000,0.581
771000,0.450,0.000,0.550
771500,0.409,0.000,0.591
772000,0.425,0.000,0.575
772500,0.419,0.000,0.581
773000,0.445,0.000,0.555
773500,0.400,0.000,0.600
774000,0.373,0.004,0.623
774500,0.409,0.000,0.591
775000,0.468,0.000,0.532
775500,0.451,0.000,0.549
776000,0.482,0.000,0.518
776500,0.396,0.000,0.604
777000,0.272,0.000,0.728
777500,0.339,0.006,0.655
778000,0.319,0.002,0.679
778500,0.474,0.000,0.526
779000,0.363,0.000,0.637
779500,0.416,0.000,0.584
780000,0.380,0.000,0.620
780500,0.404,0.000,0.596
781000,0.503,0.000,0.497
781500,0.469,0.000,0.531
782000,0.312,0.004,0.684
782500,0.355,0.000,0.645
783000,0.354,0.000,0.646
783500,0.350,0.009,0.641
784000,0.368,0.000,0.632
784500,0.282,0.006,0.712
785000,0.323,0.000,0.677
785500,0.423,0.000,0.577
786000,0.315,0.000,0.685
786500,0.395,0.000,0.605
787000,0.394,0.002,0.604
787500,0.447,0.001,0.552
788000,0.413,0.000,0.587
788500,0.409,0.009,0.582
789000,0.404,0.007,0.589
789500,0.432,0.000,0.568
790000,0.427,0.001,0.572
790500,0.546,0.000,0.454
791000,0.528,0.000,0.472
791500,0.462,0.000,0.538
792000,0.451,0.001,0.548
792500,0.449,0.000,0.551
793000,0.476,0.000,0.524
793500,0.442,0.000,0.558
794000,0.441,0.000,0.559
794500,0.465,0.000,0.535
795000,0.444,0.000,0.556
795500,0.336,0.000,0.664
796000,0.356,0.003,0.641
796500,0.409,0.000,0.591
797000,0.361,0.000,0.639
797500,0.374,0.000,0.626
798000,0.371,0.000,0.629
798500,0.377,0.000,0.623
799000,0.352,0.000,0.648
799500,0.376,0.005,0.619
800000,0.512,0.000,0.488
800500,0.380,0.000,0.620
801000,0.375,0.008,0.617
801500,0.372,0.000,0.628
802000,0.387,0.000,0.613
802500,0.363,0.000,0.637
803000,0.344,0.000,0.656
803500,0.321,0.003,0.676
804000,0.308,0.011,0.681
804500,0.342,0.004,0.654
805000,0.386,0.000,0.614
805500,0.392,0.000,0.608
806000,0.435,0.000,0.565
806500,0.448,0.003,0.549
807000,0.338,0.000,0.662
807500,0.308,0.011,0.681
808000,0.375,0.004,0.621
808500,0.415,0.000,0.585
809000,0.450,0.000,0.550
809500,0.440,0.000,0.560
810000,0.444,0.000,0.556
810500,0.386,0.000,0.614
811000,0.393,0.000,0.607
811500,0.363,0.001,0.636
812000,0.447,0.000,0.553
812500,0.387,0.000,0.613
813000,0.412,0.000,0.588
813500,0.456,0.000,0.544
814000,0.380,0.000,0.620
814500,0.342,0.000,0.658
815000,0.440,0.000,0.560
815500,0.414,0.005,0.581
816000,0.402,0.000,0.598
816500,0.356,0.000,0.644
817000,0.408,0.000,0.592
817500,0.310,0.000,0.690
818000,0.277,0.010,0.713
818500,0.420,0.002,0.578
819000,0.359,0.000,0.641
819500,0.308,0.009,0.683
820000,0.370,0.001,0.629
820500,0.341,0.001,0.658
821000,0.339,0.002,0.659
821500,0.365,0.000,0.635
822000,0.354,0.000,0.646
822500,0.380,0.000,0.620
823000,0.376,0.000,0.624
823500,0.478,0.000,0.522
824000,0.384,0.000,0.616
824500,0.300,0.005,0.695
825000,0.325,0.004,0.671
825500,0.353,0.002,0.645
826000,0.369,0.000,0.631
826500,0.425,0.000,0.575
827000,0.553,0.000,0.447
827500,0.480,0.000,0.520
828000,0.433,0.000,0.567
828500,0.384,0.000,0.616
829000,0.440,0.000,0.560
829500,0.477,0.000,0.523
830000,0.458,0.000,0.542
830500,0.438,0.000,0.562
831000,0.350,0.003,0.647
831500,0.428,0.000,0.572
832000,0.427,0.000,0.573
832500,0.412,0.000,0.588
833000,0.313,0.005,0.682
833500,0.331,0.002,0.667
834000,0.367,0.003,0.630
834500,0.280,0.002,0.718
835000,0.328,0.008,0.664
835500,0.319,0.004,0.677
836000,0.402,0.000,0.598
836500,0.478,0.000,0.522
837000,0.378,0.007,0.615
837500,0.469,0.001,0.530
838000,0.423,0.000,0.577
838500,0.335,0.000,0.665
839000,0.434,0.000,0.566
839500,0.404,0.001,0.595
840000,0.479,0.000,0.521
840500,0.396,0.000,0.604
841000,0.392,0.000,0.608
841500,0.391,0.003,0.606
842000,0.397,0.005,0.598
842500,0.408,0.000,0.592
843000,0.461,0.000,0.539
843500,0.395,0.000,0.605
844000,0.504,0.000,0.496
844500,0.483,0.000,0.517
845000,0.488,0.000,0.512
845500,0.439,0.000,0.561
846000,0.387,0.000,0.613
846500,0.492,0.000,0.508
847000,0.460,0.000,0.540
847500,0.443,0.000,0.557
848000,0.371,0.000,0.629
848500,0.434,0.004,0.562
849000,0.407,0.000,0.593
849500,0.403,0.000,0.597
850000,0.402,0.000,0.598
850500,0.368,0.010,0.622
851000,0.420,0.000,0.580
851500,0.449,0.000,0.551
852000,0.407,0.000,0.593
852500,0.319,0.000,0.681
853000,0.344,0.005,0.651
853500,0.381,0.005,0.614
854000,0.370,0.000,0.630
854500,0.405,0.008,0.587
855000,0.363,0.000,0.637
855500,0.337,0.000,0.663
856000,0.419,0.000,0.581
856500,0.399,0.000,0.601
857000,0.356,0.000,0.644
857500,0.386,0.000,0.614
858000,0.297,0.016,0.687
858500,0.376,0.000,0.624
859000,0.539,0.000,0.461
859500,0.433,0.000,0.567
860000,0.521,0.000,0.479
860500,0.451,0.000,0.549
861000,0.361,0.000,0.639
861500,0.387,0.001,0.612
862000,0.444,0.000,0.556
862500,0.452,0.000,0.548
863000,0.425,0.000,0.575
863500,0.427,0.005,0.568
864000,0.430,0.001,0.569
864500,0.418,0.000,0.582
865000,0.364,0.000,0.636
865500,0.407,0.009,0.584
866000,0.378,0.001,0.621
866500,0.346,0.000,0.654
867000,0.376,0.001,0.623
867500,0.352,0.011,0.637
868000,0.377,0.002,0.621
868500,0.491,0.000,0.509
869000,0.401,0.000,0.599
869500,0.426,0.000,0.574
870000,0.439,0.000,0.561
870500,0.438,0.000,0.562
871000,0.483,0.000,0.517
871500,0.435,0.000,0.565
872000,0.431,0.000,0.569
872500,0.341,0.008,0.651
873000,0.342,0.002,0.656
873500,0.373,0.000,0.627
874000,0.398,0.004,0.598
874500,0.340,0.001,0.659
875000,0.349,0.000,0.651
875500,0.410,0.000,0.590
876000,0.311,0.007,0.682
876500,0.302,0.006,0.692
877000,0.336,0.001,0.663
877500,0.310,0.000,0.690
878000,0.424,0.001,0.575
878500,0.359,0.000,0.641
879000,0.425,0.000,0.575
879500,0.402,0.000,0.598
880000,0.405,0.000,0.595
880500,0.414,0.000,0.586
881000,0.417,0.000,0.583
881500,0.456,0.000,0.544
882000,0.531,0.000,0.469
882500,0.419,0.000,0.581
883000,0.451,0.000,0.549
883500,0.409,0.000,0.591
884000,0.345,0.000,0.655
884500,0.342,0.000,0.658
885000,0.350,0.002,0.648
885500,0.364,0.000,0.636
886000,0.379,0.000,0.621
886500,0.450,0.003,0.547
887000,0.454,0.000,0.546
887500,0.359,0.000,0.641
888000,0.407,0.004,0.589
888500,0.437,0.001,0.562
889000,0.424,0.000,0.576
889500,0.465,0.000,0.535
890000,0.428,0.000,0.572
890500,0.423,0.000,0.577
891000,0.374,0.007,0.619
891500,0.320,0.005,0.675
892000,0.371,0.002,0.627
892500,0.390,0.008,0.602
893000,0.416,0.002,0.582
893500,0.429,0.000,0.571
894000,0.289,0.022,0.689
894500,0.304,0.001,0.695
895000,0.287,0.001,0.712
895500,0.351,0.000,0.649
896000,0.408,0.000,0.592
896500,0.436,0.003,0.561
897000,0.418,0.000,0.582
897500,0.515,0.000,0.485
898000,0.538,0.000,0.462
898500,0.458,0.000,0.542
899000,0.552,0.000,0.448
899500,0.371,0.000,0.629
900000,0.411,0.000,0.589
900500,0.332,0.000,0.668
901000,0.331,0.003,0.666
901500,0.354,0.000,0.646
902000,0.354,0.000,0.646
902500,0.377,0.000,0.623
903000,0.318,0.000,0.682
903500,0.242,0.015,0.743
904000,0.321,0.002,0.677
904500,0.388,0.002,0.610
905000,0.395,0.002,0.603
905500,0.376,0.000,0.624
906000,0.332,0.000,0.668
906500,0.356,0.000,0.644
907000,0.413,0.000,0.587
907500,0.424,0.001,0.575
908000,0.365,0.000,0.635
908500,0.293,0.007,0.700
909000,0.400,0.000,0.600
909500,0.398,0.000,0.602
910000,0.397,0.000,0.603
910500,0.371,0.002,0.627
911000,0.392,0.000,0.608
911500,0.377,0.000,0.623
912000,0.437,0.000,0.563
912500,0.488,0.000,0.512
913000,0.466,0.000,0.534
913500,0.354,0.000,0.646
914000,0.371,0.000,0.629
914500,0.353,0.005,0.642
915000,0.402,0.000,0.598
915500,0.400,0.000,0.600
916000,0.377,0.000,0.623
916500,0.439,0.000,0.561
917000,0.540,0.000,0.460
917500,0.495,0.000,0.505
918000,0.425,0.008,0.567
918500,0.318,0.010,0.672
919000,0.342,0.015,0.643
919500,0.376,0.001,0.623
920000,0.347,0.002,0.651
920500,0.415,0.000,0.585
921000,0.362,0.009,0.629
921500,0.389,0.001,0.610
922000,0.400,0.000,0.600
922500,0.384,0.000,0.616
923000,0.301,0.002,0.697
923500,0.345,0.012,0.643
924000,0.290,0.010,0.700
924500,0.400,0.000,0.600
925000,0.421,0.001,0.578
925500,0.488,0.000,0.512
926000,0.499,0.000,0.501
926500,0.446,0.000,0.554
927000,0.402,0.000,0.598
927500,0.369,0.000,0.631
928000,0.368,0.005,0.627
928500,0.349,0.002,0.649
929000,0.408,0.000,0.592
929500,0.363,0.011,0.626
930000,0.337,0.000,0.663
930500,0.325,0.000,0.675
931000,0.363,0.000,0.637
931500,0.385,0.000,0.615
932000,0.492,0.002,0.506
932500,0.408,0.000,0.592
933000,0.380,0.000,0.620
933500,0.331,0.003,0.666
934000,0.345,0.001,0.654
934500,0.381,0.003,0.616
935000,0.431,0.004,0.565
935500,0.377,0.000,0.623
936000,0.405,0.000,0.595
936500,0.469,0.001,0.530
937000,0.426,0.000,0.574
937500,0.416,0.000,0.584
938000,0.387,0.002,0.611
938500,0.446,0.000,0.554
939000,0.424,0.000,0.576
939500,0.409,0.000,0.591
940000,0.312,0.000,0.688
940500,0.411,0.003,0.586
941000,0.510,0.001,0.489
941500,0.409,0.000,0.591
942000,0.423,0.000,0.577
942500,0.425,0.000,0.575
943000,0.390,0.000,0.610
943500,0.403,0.000,0.597
944000,0.405,0.000,0.595
944500,0.385,0.005,0.610
945000,0.402,0.000,0.598
945500,0.410,0.000,0.590
946000,0.351,0.003,0.646
946500,0.418,0.000,0.582
947000,0.402,0.000,0.598
947500,0.377,0.000,0.623
948000,0.406,0.000,0.594
948500,0.355,0.000,0.645
949000,0.418,0.000,0.582
949500,0.419,0.000,0.581
950000,0.449,0.000,0.551
950500,0.386,0.000,0.614
951000,0.396,0.000,0.604
951500,0.367,0.001,0.632
952000,0.380,0.000,0.620
952500,0.393,0.000,0.607
953000,0.333,0.002,0.665
953500,0.302,0.000,0.698
954000,0.327,0.001,0.672
954500,0.309,0.015,0.676
955000,0.316,0.018,0.666
955500,0.367,0.010,0.623
956000,0.339,0.005,0.656
956500,0.359,0.011,0.630
957000,0.363,0.000,0.637
957500,0.330,0.002,0.668
958000,0.402,0.000,0.598
958500,0.442,0.000,0.558
959000,0.344,0.000,0.656
959500,0.436,0.000,0.564
960000,0.420,0.000,0.580
960500,0.489,0.000,0.511
961000,0.434,0.000,0.566
961500,0.362,0.000,0.638
962000,0.352,0.000,0.648
962500,0.443,0.000,0.557
963000,0.416,0.000,0.584
963500,0.433,0.000,0.567
964000,0.421,0.000,0.579
964500,0.412,0.000,0.588
965000,0.366,0.000,0.634
965500,0.405,0.000,0.595
966000,0.393,0.000,0.607
966500,0.317,0.002,0.681
967000,0.372,0.001,0.627
967500,0.431,0.000,0.569
968000,0.409,0.000,0.591
968500,0.416,0.002,0.582
969000,0.425,0.000,0.575
969500,0.375,0.007,0.618
970000,0.329,0.004,0.667
970500,0.392,0.013,0.595
971000,0.358,0.000,0.642
971500,0.410,0.000,0.590
972000,0.400,0.000,0.600
972500,0.363,0.000,0.637
973000,0.345,0.000,0.655
973500,0.361,0.001,0.638
974000,0.405,0.001,0.594
974500,0.436,0.000,0.564
975000,0.407,0.000,0.593
975500,0.404,0.000,0.596
976000,0.390,0.000,0.610
976500,0.409,0.000,0.591
977000,0.349,0.001,0.650
977500,0.381,0.000,0.619
978000,0.439,0.008,0.553
978500,0.396,0.002,0.602
979000,0.336,0.000,0.664
979500,0.459,0.000,0.541
980000,0.476,0.000,0.524
980500,0.410,0.000,0.590
981000,0.343,0.009,0.648
981500,0.339,0.001,0.660
982000,0.343,0.000,0.657
982500,0.351,0.000,0.649
983000,0.327,0.002,0.671
983500,0.381,0.000,0.619
984000,0.433,0.000,0.567
984500,0.367,0.000,0.633
985000,0.373,0.000,0.627
985500,0.343,0.000,0.657
986000,0.367,0.001,0.632
986500,0.421,0.000,0.579
987000,0.388,0.000,0.612
987500,0.477,0.000,0.523
988000,0.424,0.000,0.576
988500,0.411,0.000,0.589
989000,0.440,0.000,0.560
989500,0.453,0.000,0.547
990000,0.500,0.000,0.500
990500,0.492,0.000,0.508
991000,0.527,0.000,0.473
991500,0.466,0.000,0.534
992000,0.421,0.000,0.579
992500,0.452,0.000,0.548
993000,0.463,0.002,0.535
993500,0.435,0.010,0.555
994000,0.445,0.000,0.555
994500,0.385,0.000,0.615
995000,0.304,0.017,0.679
995500,0.313,0.007,0.680
996000,0.391,0.000,0.609
996500,0.294,0.005,0.701
997000,0.428,0.000,0.572
997500,0.425,0.001,0.574
998000,0.463,0.000,0.537
998500,0.391,0.000,0.609
999000,0.444,0.000,0.556
999500,0.479,0.000,0.521
1000000,0.525,0.000,0.475
