time,n_A+p,n_B,n_AB
500,0.010,0.966,0.024
1000,0.010,0.917,0.073
1500,0.010,0.971,0.019
2000,0.010,0.916,0.074
2500,0.010,0.888,0.102
3000,0.010,0.901,0.089
3500,0.010,0.947,0.043
4000,0.010,0.938,0.052
4500,0.010,0.990,0.000
5000,0.010,0.980,0.010
5500,0.010,0.983,0.007
6000,0.010,0.948,0.042
6500,0.010,0.896,0.094
7000,0.010,0.982,0.008
7500,0.010,0.987,0.003
8000,0.010,0.868,0.122
8500,0.010,0.972,0.018
9000,0.010,0.984,0.006
9500,0.010,0.990,0.000
10000,0.010,0.920,0.070
10500,0.010,0.963,0.027
11000,0.010,0.941,0.049
11500,0.010,0.954,0.036
12000,0.010,0.974,0.016
12500,0.010,0.956,0.034
13000,0.010,0.985,0.005
13500,0.010,0.941,0.049
14000,0.010,0.965,0.025
14500,0.010,0.987,0.003
15000,0.010,0.982,0.008
15500,0.010,0.984,0.006
16000,0.010,0.987,0.003
16500,0.010,0.917,0.073
17000,0.010,0.966,0.024
17500,0.010,0.984,0.006
18000,0.010,0.870,0.120
18500,0.010,0.933,0.057
19000,0.010,0.952,0.038
19500,0.010,0.922,0.068
20000,0.010,0.899,0.091
20500,0.010,0.981,0.009
21000,0.010,0.988,0.002
21500,0.010,0.910,0.080
22000,0.010,0.989,0.001
22500,0.010,0.949,0.041
23000,0.010,0.947,0.043
23500,0.010,0.970,0.020
24000,0.010,0.979,0.011
24500,0.010,0.951,0.039
25000,0.010,0.870,0.120
25500,0.010,0.987,0.003
26000,0.010,0.985,0.005
26500,0.010,0.935,0.055
27000,0.010,0.920,0.070
27500,0.010,0.906,0.084
28000,0.010,0.923,0.067
28500,0.010,0.968,0.022
29000,0.010,0.981,0.009
29500,0.010,0.989,0.001
30000,0.010,0.937,0.053
30500,0.010,0.973,0.017
31000,0.010,0.971,0.019
31500,0.010,0.969,0.021
32000,0.010,0.987,0.003
32500,0.010,0.985,0.005
33000,0.010,0.949,0.041
33500,0.010,0.979,0.011
34000,0.010,0.923,0.067
34500,0.010,0.981,0.009
35000,0.010,0.963,0.027
35500,0.010,0.984,0.006
36000,0.010,0.945,0.045
36500,0.010,0.898,0.092
37000,0.010,0.990,0.000
37500,0.010,0.917,0.073
38000,0.010,0.937,0.053
38500,0.010,0.940,0.050
39000,0.010,0.985,0.005
39500,0.010,0.814,0.176
40000,0.010,0.954,0.036
40500,0.010,0.928,0.062
41000,0.010,0.951,0.039
41500,0.010,0.963,0.027
42000,0.010,0.962,0.028
42500,0.010,0.990,0.000
43000,0.010,0.983,0.007
43500,0.010,0.882,0.108
44000,0.010,0.901,0.089
44500,0.010,0.972,0.018
45000,0.010,0.939,0.051
45500,0.010,0.982,0.008
46000,0.010,0.959,0.031
46500,0.010,0.982,0.008
47000,0.010,0.979,0.011
47500,0.010,0.944,0.046
48000,0.010,0.970,0.020
48500,0.010,0.966,0.024
49000,0.010,0.985,0.005
49500,0.010,0.940,0.050
50000,0.010,0.984,0.006
50500,0.010,0.951,0.039
51000,0.010,0.901,0.089
51500,0.010,0.988,0.002
52000,0.010,0.844,0.146
52500,0.010,0.920,0.070
53000,0.010,0.963,0.027
53500,0.010,0.990,0.000
54000,0.010,0.985,0.005
54500,0.010,0.964,0.026
55000,0.010,0.985,0.005
55500,0.010,0.974,0.016
56000,0.010,0.980,0.010
56500,0.010,0.955,0.035
57000,0.010,0.990,0.000
57500,0.010,0.990,0.000
58000,0.010,0.913,0.077
58500,0.010,0.873,0.117
59000,0.010,0.985,0.005
59500,0.010,0.924,0.066
60000,0.010,0.973,0.017
60500,0.010,0.986,0.004
61000,0.010,0.957,0.033
61500,0.010,0.946,0.044
62000,0.010,0.946,0.044
62500,0.010,0.990,0.000
63000,0.010,0.959,0.031
63500,0.010,0.990,0.000
64000,0.010,0.923,0.067
64500,0.010,0.943,0.047
65000,0.010,0.960,0.030
65500,0.010,0.916,0.074
66000,0.010,0.984,0.006
66500,0.010,0.990,0.000
67000,0.010,0.948,0.042
67500,0.010,0.967,0.023
68000,0.010,0.850,0.140
68500,0.010,0.957,0.033
69000,0.010,0.962,0.028
69500,0.010,0.990,0.000
70000,0.010,0.962,0.028
70500,0.010,0.925,0.065
71000,0.010,0.979,0.011
71500,0.010,0.960,0.030
72000,0.010,0.924,0.066
72500,0.010,0.986,0.004
73000,0.010,0.979,0.011
73500,0.010,0.958,0.032
74000,0.010,0.935,0.055
74500,0.010,0.985,0.005
75000,0.010,0.989,0.001
75500,0.010,0.948,0.042
76000,0.010,0.988,0.002
76500,0.010,0.942,0.048
77000,0.010,0.990,0.000
77500,0.010,0.974,0.016
78000,0.010,0.983,0.007
78500,0.010,0.984,0.006
79000,0.010,0.908,0.082
79500,0.010,0.975,0.015
80000,0.010,0.916,0.074
80500,0.010,0.972,0.018
81000,0.010,0.955,0.035
81500,0.010,0.990,0.000
82000,0.010,0.967,0.023
82500,0.010,0.982,0.008
83000,0.010,0.912,0.078
83500,0.010,0.944,0.046
84000,0.010,0.965,0.025
84500,0.010,0.967,0.023
85000,0.010,0.969,0.021
85500,0.010,0.949,0.041
86000,0.010,0.947,0.043
86500,0.010,0.965,0.025
87000,0.010,0.929,0.061
87500,0.010,0.883,0.107
88000,0.010,0.920,0.070
88500,0.010,0.948,0.042
89000,0.010,0.938,0.052
89500,0.010,0.987,0.003
90000,0.010,0.971,0.019
90500,0.010,0.882,0.108
91000,0.010,0.985,0.005
91500,0.010,0.980,0.010
92000,0.010,0.962,0.028
92500,0.010,0.942,0.048
93000,0.010,0.981,0.009
93500,0.010,0.951,0.039
94000,0.010,0.973,0.017
94500,0.010,0.987,0.003
95000,0.010,0.957,0.033
95500,0.010,0.904,0.086
96000,0.010,0.988,0.002
96500,0.010,0.985,0.005
97000,0.010,0.981,0.009
97500,0.010,0.874,0.116
98000,0.010,0.913,0.077
98500,0.010,0.963,0.027
99000,0.010,0.980,0.010
99500,0.010,0.880,0.110
100000,0.010,0.911,0.079
100500,0.010,0.965,0.025
101000,0.010,0.944,0.046
101500,0.010,0.969,0.021
102000,0.010,0.959,0.031
102500,0.010,0.980,0.010
103000,0.010,0.925,0.065
103500,0.010,0.968,0.022
104000,0.010,0.954,0.036
104500,0.010,0.941,0.049
105000,0.010,0.953,0.037
105500,0.010,0.938,0.052
106000,0.010,0.963,0.027
106500,0.010,0.976,0.014
107000,0.010,0.902,0.088
107500,0.010,0.986,0.004
108000,0.010,0.987,0.003
108500,0.010,0.913,0.077
109000,0.010,0.882,0.108
109500,0.010,0.925,0.065
110000,0.010,0.978,0.012
110500,0.010,0.985,0.005
111000,0.010,0.990,0.000
111500,0.010,0.963,0.027
112000,0.010,0.990,0.000
112500,0.010,0.957,0.033
113000,0.010,0.945,0.045
113500,0.010,0.979,0.011
114000,0.010,0.972,0.018
114500,0.010,0.990,0.000
115000,0.010,0.972,0.018
115500,0.010,0.941,0.049
116000,0.010,0.949,0.041
116500,0.010,0.929,0.061
117000,0.010,0.936,0.054
117500,0.010,0.959,0.031
118000,0.010,0.970,0.020
118500,0.010,0.986,0.004
119000,0.010,0.939,0.051
119500,0.010,0.985,0.005
120000,0.010,0.971,0.019
120500,0.010,0.896,0.094
121000,0.010,0.968,0.022
121500,0.010,0.987,0.003
122000,0.010,0.956,0.034
122500,0.010,0.949,0.041
123000,0.010,0.910,0.080
123500,0.010,0.961,0.029
124000,0.010,0.990,0.000
124500,0.010,0.905,0.085
125000,0.010,0.967,0.023
125500,0.010,0.968,0.022
126000,0.010,0.984,0.006
126500,0.010,0.986,0.004
127000,0.010,0.929,0.061
127500,0.010,0.931,0.059
128000,0.010,0.985,0.005
128500,0.010,0.953,0.037
129000,0.010,0.945,0.045
129500,0.010,0.979,0.011
130000,0.010,0.984,0.006
130500,0.010,0.980,0.010
131000,0.010,0.956,0.034
131500,0.010,0.909,0.081
132000,0.010,0.969,0.021
132500,0.010,0.956,0.034
133000,0.010,0.984,0.006
133500,0.010,0.983,0.007
134000,0.010,0.946,0.044
134500,0.010,0.979,0.011
135000,0.010,0.987,0.003
135500,0.010,0.974,0.016
136000,0.010,0.983,0.007
136500,0.010,0.969,0.021
137000,0.010,0.944,0.046
137500,0.010,0.931,0.059
138000,0.010,0.988,0.002
138500,0.010,0.973,0.017
139000,0.010,0.878,0.112
139500,0.010,0.943,0.047
140000,0.010,0.981,0.009
140500,0.010,0.990,0.000
141000,0.010,0.987,0.003
141500,0.010,0.989,0.001
142000,0.010,0.980,0.010
142500,0.010,0.990,0.000
143000,0.010,0.968,0.022
143500,0.010,0.982,0.008
144000,0.010,0.984,0.006
144500,0.010,0.969,0.021
145000,0.010,0.990,0.000
145500,0.010,0.931,0.059
146000,0.010,0.990,0.000
146500,0.010,0.975,0.015
147000,0.010,0.948,0.042
147500,0.010,0.975,0.015
148000,0.010,0.956,0.034
148500,0.010,0.944,0.046
149000,0.010,0.948,0.042
149500,0.010,0.958,0.032
150000,0.010,0.974,0.016
150500,0.010,0.909,0.081
151000,0.010,0.940,0.050
151500,0.010,0.979,0.011
152000,0.010,0.969,0.021
152500,0.010,0.947,0.043
153000,0.010,0.966,0.024
153500,0.010,0.988,0.002
154000,0.010,0.982,0.008
154500,0.010,0.971,0.019
155000,0.010,0.964,0.026
155500,0.010,0.987,0.003
156000,0.010,0.941,0.049
156500,0.010,0.949,0.041
157000,0.010,0.971,0.019
157500,0.010,0.989,0.001
158000,0.010,0.974,0.016
158500,0.010,0.964,0.026
159000,0.010,0.934,0.056
159500,0.010,0.931,0.059
160000,0.010,0.981,0.009
160500,0.010,0.969,0.021
161000,0.010,0.986,0.004
161500,0.010,0.987,0.003
162000,0.010,0.944,0.046
162500,0.010,0.979,0.011
163000,0.010,0.933,0.057
163500,0.010,0.965,0.025
164000,0.010,0.967,0.023
164500,0.010,0.985,0.005
165000,0.010,0.990,0.000
165500,0.010,0.951,0.039
166000,0.010,0.985,0.005
166500,0.010,0.990,0.000
167000,0.010,0.974,0.016
167500,0.010,0.970,0.020
168000,0.010,0.932,0.058
168500,0.010,0.949,0.041
169000,0.010,0.927,0.063
169500,0.010,0.974,0.016
170000,0.010,0.972,0.018
170500,0.010,0.969,0.021
171000,0.010,0.923,0.067
171500,0.010,0.977,0.013
172000,0.010,0.989,0.001
172500,0.010,0.987,0.003
173000,0.010,0.904,0.086
173500,0.010,0.965,0.025
174000,0.010,0.969,0.021
174500,0.010,0.974,0.016
175000,0.010,0.913,0.077
175500,0.010,0.965,0.025
176000,0.010,0.989,0.001
176500,0.010,0.946,0.044
177000,0.010,0.919,0.071
177500,0.010,0.982,0.008
178000,0.010,0.979,0.011
178500,0.010,0.883,0.107
179000,0.010,0.988,0.002
179500,0.010,0.973,0.017
180000,0.010,0.946,0.044
180500,0.010,0.884,0.106
181000,0.010,0.974,0.016
181500,0.010,0.952,0.038
182000,0.010,0.985,0.005
182500,0.010,0.949,0.041
183000,0.010,0.874,0.116
183500,0.010,0.928,0.062
184000,0.010,0.980,0.010
184500,0.010,0.972,0.018
185000,0.010,0.990,0.000
185500,0.010,0.939,0.051
186000,0.010,0.984,0.006
186500,0.010,0.983,0.007
187000,0.010,0.984,0.006
187500,0.010,0.984,0.006
188000,0.010,0.970,0.020
188500,0.010,0.906,0.084
189000,0.010,0.980,0.010
189500,0.010,0.936,0.054
190000,0.010,0.990,0.000
190500,0.010,0.984,0.006
191000,0.010,0.964,0.026
191500,0.010,0.899,0.091
192000,0.010,0.958,0.032
192500,0.010,0.978,0.012
193000,0.010,0.949,0.041
193500,0.010,0.907,0.083
194000,0.010,0.989,0.001
194500,0.010,0.957,0.033
195000,0.010,0.981,0.009
195500,0.010,0.910,0.080
196000,0.010,0.971,0.019
196500,0.010,0.894,0.096
197000,0.010,0.948,0.042
197500,0.010,0.953,0.037
198000,0.010,0.867,0.123
198500,0.010,0.950,0.040
199000,0.010,0.971,0.019
199500,0.010,0.937,0.053
200000,0.010,0.988,0.002
200500,0.010,0.978,0.012
201000,0.010,0.961,0.029
201500,0.010,0.966,0.024
202000,0.010,0.934,0.056
202500,0.010,0.984,0.006
203000,0.010,0.987,0.003
203500,0.010,0.989,0.001
204000,0.010,0.932,0.058
204500,0.010,0.976,0.014
205000,0.010,0.985,0.005
205500,0.010,0.935,0.055
206000,0.010,0.969,0.021
206500,0.010,0.951,0.039
207000,0.010,0.975,0.015
207500,0.010,0.970,0.020
208000,0.010,0.972,0.018
208500,0.010,0.960,0.030
209000,0.010,0.972,0.018
209500,0.010,0.980,0.010
210000,0.010,0.928,0.062
210500,0.010,0.971,0.019
211000,0.010,0.989,0.001
211500,0.010,0.940,0.050
212000,0.010,0.965,0.025
212500,0.010,0.970,0.020
213000,0.010,0.949,0.041
213500,0.010,0.982,0.008
214000,0.010,0.969,0.021
214500,0.010,0.942,0.048
215000,0.010,0.922,0.068
215500,0.010,0.987,0.003
216000,0.010,0.963,0.027
216500,0.010,0.964,0.026
217000,0.010,0.950,0.040
217500,0.010,0.949,0.041
218000,0.010,0.977,0.013
218500,0.010,0.907,0.083
219000,0.010,0.966,0.024
219500,0.010,0.947,0.043
220000,0.010,0.964,0.026
220500,0.010,0.943,0.047
221000,0.010,0.982,0.008
221500,0.010,0.920,0.070
222000,0.010,0.948,0.042
222500,0.010,0.971,0.019
223000,0.010,0.990,0.000
223500,0.010,0.981,0.009
224000,0.010,0.958,0.032
224500,0.010,0.985,0.005
225000,0.010,0.990,0.000
225500,0.010,0.900,0.090
226000,0.010,0.987,0.003
226500,0.010,0.959,0.031
227000,0.010,0.927,0.063
227500,0.010,0.990,0.000
228000,0.010,0.979,0.011
228500,0.010,0.974,0.016
229000,0.010,0.984,0.006
229500,0.010,0.988,0.002
230000,0.010,0.950,0.040
230500,0.010,0.961,0.029
231000,0.010,0.955,0.035
231500,0.010,0.856,0.134
232000,0.010,0.930,0.060
232500,0.010,0.944,0.046
233000,0.010,0.956,0.034
233500,0.010,0.922,0.068
234000,0.010,0.947,0.043
234500,0.010,0.973,0.017
235000,0.010,0.968,0.022
235500,0.010,0.959,0.031
236000,0.010,0.965,0.025
236500,0.010,0.989,0.001
237000,0.010,0.956,0.034
237500,0.010,0.946,0.044
238000,0.010,0.988,0.002
238500,0.010,0.958,0.032
239000,0.010,0.903,0.087
239500,0.010,0.940,0.050
240000,0.010,0.976,0.014
240500,0.010,0.916,0.074
241000,0.010,0.988,0.002
241500,0.010,0.899,0.091
242000,0.010,0.985,0.005
242500,0.010,0.977,0.013
243000,0.010,0.973,0.017
243500,0.010,0.990,0.000
244000,0.010,0.986,0.004
244500,0.010,0.990,0.000
245000,0.010,0.990,0.000
245500,0.010,0.990,0.000
246000,0.010,0.986,0.004
246500,0.010,0.987,0.003
247000,0.010,0.989,0.001
247500,0.010,0.973,0.017
248000,0.010,0.959,0.031
248500,0.010,0.950,0.040
249000,0.010,0.978,0.012
249500,0.010,0.980,0.010
250000,0.010,0.928,0.062
250500,0.010,0.974,0.016
251000,0.010,0.889,0.101
251500,0.010,0.909,0.081
252000,0.010,0.909,0.081
252500,0.010,0.962,0.028
253000,0.010,0.989,0.001
253500,0.010,0.974,0.016
254000,0.010,0.978,0.012
254500,0.010,0.973,0.017
255000,0.010,0.913,0.077
255500,0.010,0.941,0.049
256000,0.010,0.978,0.012
256500,0.010,0.943,0.047
257000,0.010,0.963,0.027
257500,0.010,0.867,0.123
258000,0.010,0.898,0.092
258500,0.010,0.986,0.004
259000,0.010,0.987,0.003
259500,0.010,0.965,0.025
260000,0.010,0.913,0.077
260500,0.010,0.953,0.037
261000,0.010,0.926,0.064
261500,0.010,0.967,0.023
262000,0.010,0.990,0.000
262500,0.010,0.935,0.055
263000,0.010,0.990,0.000
263500,0.010,0.952,0.038
264000,0.010,0.974,0.016
264500,0.010,0.974,0.016
265000,0.010,0.964,0.026
265500,0.010,0.945,0.045
266000,0.010,0.918,0.072
266500,0.010,0.990,0.000
267000,0.010,0.952,0.038
267500,0.010,0.971,0.019
268000,0.010,0.952,0.038
268500,0.010,0.972,0.018
269000,0.010,0.927,0.063
269500,0.010,0.963,0.027
270000,0.010,0.976,0.014
270500,0.010,0.972,0.018
271000,0.010,0.987,0.003
271500,0.010,0.975,0.015
272000,0.010,0.990,0.000
272500,0.010,0.938,0.052
273000,0.010,0.990,0.000
273500,0.010,0.852,0.138
274000,0.010,0.990,0.000
274500,0.010,0.957,0.033
275000,0.010,0.989,0.001
275500,0.010,0.982,0.008
276000,0.010,0.988,0.002
276500,0.010,0.990,0.000
277000,0.010,0.987,0.003
277500,0.010,0.950,0.040
278000,0.010,0.976,0.014
278500,0.010,0.971,0.019
279000,0.010,0.940,0.050
279500,0.010,0.958,0.032
280000,0.010,0.913,0.077
280500,0.010,0.956,0.034
281000,0.010,0.963,0.027
281500,0.010,0.979,0.011
282000,0.010,0.970,0.020
282500,0.010,0.939,0.051
283000,0.010,0.990,0.000
283500,0.010,0.927,0.063
284000,0.010,0.926,0.064
284500,0.010,0.906,0.084
285000,0.010,0.971,0.019
285500,0.010,0.958,0.032
286000,0.010,0.974,0.016
286500,0.010,0.964,0.026
287000,0.010,0.967,0.023
287500,0.010,0.976,0.014
288000,0.010,0.973,0.017
288500,0.010,0.969,0.021
289000,0.010,0.958,0.032
289500,0.010,0.955,0.035
290000,0.010,0.857,0.133
290500,0.010,0.962,0.028
291000,0.010,0.938,0.052
291500,0.010,0.946,0.044
292000,0.010,0.926,0.064
292500,0.010,0.987,0.003
293000,0.010,0.955,0.035
293500,0.010,0.980,0.010
294000,0.010,0.973,0.017
294500,0.010,0.988,0.002
295000,0.010,0.987,0.003
295500,0.010,0.990,0.000
296000,0.010,0.983,0.007
296500,0.010,0.971,0.019
297000,0.010,0.990,0.000
297500,0.010,0.972,0.018
298000,0.010,0.977,0.013
298500,0.010,0.968,0.022
299000,0.010,0.933,0.057
299500,0.010,0.943,0.047
300000,0.010,0.966,0.024
300500,0.010,0.990,0.000
301000,0.010,0.962,0.028
301500,0.010,0.981,0.009
302000,0.010,0.874,0.116
302500,0.010,0.973,0.017
303000,0.010,0.990,0.000
303500,0.010,0.948,0.042
304000,0.010,0.989,0.001
304500,0.010,0.958,0.032
305000,0.010,0.948,0.042
305500,0.010,0.968,0.022
306000,0.010,0.990,0.000
306500,0.010,0.928,0.062
307000,0.010,0.966,0.024
307500,0.010,0.970,0.020
308000,0.010,0.949,0.041
308500,0.010,0.964,0.026
309000,0.010,0.891,0.099
309500,0.010,0.989,0.001
310000,0.010,0.990,0.000
310500,0.010,0.932,0.058
311000,0.010,0.928,0.062
311500,0.010,0.987,0.003
312000,0.010,0.986,0.004
312500,0.010,0.988,0.002
313000,0.010,0.974,0.016
313500,0.010,0.990,0.000
314000,0.010,0.911,0.079
314500,0.010,0.964,0.026
315000,0.010,0.985,0.005
315500,0.010,0.986,0.004
316000,0.010,0.987,0.003
316500,0.010,0.987,0.003
317000,0.010,0.916,0.074
317500,0.010,0.981,0.009
318000,0.010,0.988,0.002
318500,0.010,0.987,0.003
319000,0.010,0.987,0.003
319500,0.010,0.968,0.022
320000,0.010,0.944,0.046
320500,0.010,0.955,0.035
321000,0.010,0.983,0.007
321500,0.010,0.968,0.022
322000,0.010,0.965,0.025
322500,0.010,0.948,0.042
323000,0.010,0.987,0.003
323500,0.010,0.936,0.054
324000,0.010,0.953,0.037
324500,0.010,0.990,0.000
325000,0.010,0.990,0.000
325500,0.010,0.970,0.020
326000,0.010,0.971,0.019
326500,0.010,0.974,0.016
327000,0.010,0.988,0.002
327500,0.010,0.969,0.021
328000,0.010,0.988,0.002
328500,0.010,0.934,0.056
329000,0.010,0.974,0.016
329500,0.010,0.979,0.011
330000,0.010,0.940,0.050
330500,0.010,0.940,0.050
331000,0.010,0.972,0.018
331500,0.010,0.990,0.000
332000,0.010,0.984,0.006
332500,0.010,0.973,0.017
333000,0.010,0.922,0.068
333500,0.010,0.925,0.065
334000,0.010,0.986,0.004
334500,0.010,0.980,0.010
335000,0.010,0.926,0.064
335500,0.010,0.988,0.002
336000,0.010,0.927,0.063
336500,0.010,0.961,0.029
337000,0.010,0.939,0.051
337500,0.010,0.864,0.126
338000,0.010,0.984,0.006
338500,0.010,0.970,0.020
339000,0.010,0.962,0.028
339500,0.010,0.943,0.047
340000,0.010,0.933,0.057
340500,0.010,0.976,0.014
341000,0.010,0.976,0.014
341500,0.010,0.961,0.029
342000,0.010,0.990,0.000
342500,0.010,0.937,0.053
343000,0.010,0.989,0.001
343500,0.010,0.971,0.019
344000,0.010,0.967,0.023
344500,0.010,0.946,0.044
345000,0.010,0.967,0.023
345500,0.010,0.943,0.047
346000,0.010,0.949,0.041
346500,0.010,0.935,0.055
347000,0.010,0.978,0.012
347500,0.010,0.957,0.033
348000,0.010,0.953,0.037
348500,0.010,0.969,0.021
349000,0.010,0.989,0.001
349500,0.010,0.906,0.084
350000,0.010,0.980,0.010
350500,0.010,0.870,0.120
351000,0.010,0.981,0.009
351500,0.010,0.958,0.032
352000,0.010,0.961,0.029
352500,0.010,0.950,0.040
353000,0.010,0.960,0.030
353500,0.010,0.986,0.004
354000,0.010,0.894,0.096
354500,0.010,0.981,0.009
355000,0.010,0.984,0.006
355500,0.010,0.962,0.028
356000,0.010,0.989,0.001
356500,0.010,0.956,0.034
357000,0.010,0.958,0.032
357500,0.010,0.913,0.077
358000,0.010,0.952,0.038
358500,0.010,0.988,0.002
359000,0.010,0.978,0.012
359500,0.010,0.931,0.059
360000,0.010,0.982,0.008
360500,0.010,0.961,0.029
361000,0.010,0.987,0.003
361500,0.010,0.989,0.001
362000,0.010,0.971,0.019
362500,0.010,0.935,0.055
363000,0.010,0.949,0.041
363500,0.010,0.988,0.002
364000,0.010,0.959,0.031
364500,0.010,0.925,0.065
365000,0.010,0.952,0.038
365500,0.010,0.982,0.008
366000,0.010,0.962,0.028
366500,0.010,0.964,0.026
367000,0.010,0.983,0.007
367500,0.010,0.900,0.090
368000,0.010,0.972,0.018
368500,0.010,0.955,0.035
369000,0.010,0.939,0.051
369500,0.010,0.947,0.043
370000,0.010,0.976,0.014
370500,0.010,0.928,0.062
371000,0.010,0.961,0.029
371500,0.010,0.973,0.017
372000,0.010,0.976,0.014
372500,0.010,0.924,0.066
373000,0.010,0.982,0.008
373500,0.010,0.872,0.118
374000,0.010,0.972,0.018
374500,0.010,0.911,0.079
375000,0.010,0.982,0.008
375500,0.010,0.967,0.023
376000,0.010,0.962,0.028
376500,0.010,0.957,0.033
377000,0.010,0.990,0.000
377500,0.010,0.973,0.017
378000,0.010,0.877,0.113
378500,0.010,0.986,0.004
379000,0.010,0.989,0.001
379500,0.010,0.983,0.007
380000,0.010,0.962,0.028
380500,0.010,0.885,0.105
381000,0.010,0.953,0.037
381500,0.010,0.966,0.024
382000,0.010,0.938,0.052
382500,0.010,0.896,0.094
383000,0.010,0.930,0.060
383500,0.010,0.943,0.047
384000,0.010,0.969,0.021
384500,0.010,0.989,0.001
385000,0.010,0.946,0.044
385500,0.010,0.990,0.000
386000,0.010,0.988,0.002
386500,0.010,0.990,0.000
387000,0.010,0.988,0.002
387500,0.010,0.988,0.002
388000,0.010,0.964,0.026
388500,0.010,0.971,0.019
389000,0.010,0.986,0.004
389500,0.010,0.990,0.000
390000,0.010,0.981,0.009
390500,0.010,0.952,0.038
391000,0.010,0.908,0.082
391500,0.010,0.936,0.054
392000,0.010,0.972,0.018
392500,0.010,0.973,0.017
393000,0.010,0.987,0.003
393500,0.010,0.917,0.073
394000,0.010,0.975,0.015
394500,0.010,0.895,0.095
395000,0.010,0.877,0.113
395500,0.010,0.976,0.014
396000,0.010,0.990,0.000
396500,0.010,0.989,0.001
397000,0.010,0.980,0.010
397500,0.010,0.969,0.021
398000,0.010,0.954,0.036
398500,0.010,0.938,0.052
399000,0.010,0.953,0.037
399500,0.010,0.980,0.010
400000,0.010,0.986,0.004
400500,0.010,0.981,0.009
401000,0.010,0.951,0.039
401500,0.010,0.957,0.033
402000,0.010,0.962,0.028
402500,0.010,0.926,0.064
403000,0.010,0.971,0.019
403500,0.010,0.989,0.001
404000,0.010,0.923,0.067
404500,0.010,0.984,0.006
405000,0.010,0.977,0.013
405500,0.010,0.974,0.016
406000,0.010,0.981,0.009
406500,0.010,0.956,0.034
407000,0.010,0.894,0.096
407500,0.010,0.984,0.006
408000,0.010,0.962,0.028
408500,0.010,0.958,0.032
409000,0.010,0.987,0.003
409500,0.010,0.978,0.012
410000,0.010,0.936,0.054
410500,0.010,0.990,0.000
411000,0.010,0.981,0.009
411500,0.010,0.989,0.001
412000,0.010,0.942,0.048
412500,0.010,0.955,0.035
413000,0.010,0.988,0.002
413500,0.010,0.989,0.001
414000,0.010,0.987,0.003
414500,0.010,0.930,0.060
415000,0.010,0.986,0.004
415500,0.010,0.978,0.012
416000,0.010,0.904,0.086
416500,0.010,0.945,0.045
417000,0.010,0.987,0.003
417500,0.010,0.976,0.014
418000,0.010,0.969,0.021
418500,0.010,0.974,0.016
419000,0.010,0.987,0.003
419500,0.010,0.987,0.003
420000,0.010,0.967,0.023
420500,0.010,0.980,0.010
421000,0.010,0.938,0.052
421500,0.010,0.875,0.115
422000,0.010,0.919,0.071
422500,0.010,0.971,0.019
423000,0.010,0.982,0.008
423500,0.010,0.958,0.032
424000,0.010,0.973,0.017
424500,0.010,0.978,0.012
425000,0.010,0.972,0.018
425500,0.010,0.980,0.010
426000,0.010,0.928,0.062
426500,0.010,0.965,0.025
427000,0.010,0.937,0.053
427500,0.010,0.894,0.096
428000,0.010,0.949,0.041
428500,0.010,0.954,0.036
429000,0.010,0.964,0.026
429500,0.010,0.987,0.003
430000,0.010,0.948,0.042
430500,0.010,0.967,0.023
431000,0.010,0.896,0.094
431500,0.010,0.967,0.023
432000,0.010,0.983,0.007
432500,0.010,0.921,0.069
433000,0.010,0.970,0.020
433500,0.010,0.980,0.010
434000,0.010,0.980,0.010
434500,0.010,0.985,0.005
435000,0.010,0.928,0.062
435500,0.010,0.988,0.002
436000,0.010,0.975,0.015
436500,0.010,0.899,0.091
437000,0.010,0.895,0.095
437500,0.010,0.979,0.011
438000,0.010,0.944,0.046
438500,0.010,0.943,0.047
439000,0.010,0.960,0.030
439500,0.010,0.975,0.015
440000,0.010,0.772,0.218
440500,0.010,0.941,0.049
441000,0.010,0.913,0.077
441500,0.010,0.976,0.014
442000,0.010,0.967,0.023
442500,0.010,0.967,0.023
443000,0.010,0.988,0.002
443500,0.010,0.934,0.056
444000,0.010,0.986,0.004
444500,0.010,0.973,0.017
445000,0.010,0.889,0.101
445500,0.010,0.928,0.062
446000,0.010,0.972,0.018
446500,0.010,0.978,0.012
447000,0.010,0.963,0.027
447500,0.010,0.989,0.001
448000,0.010,0.843,0.147
448500,0.010,0.946,0.044
449000,0.010,0.969,0.021
449500,0.010,0.963,0.027
450000,0.010,0.933,0.057
450500,0.010,0.906,0.084
451000,0.010,0.976,0.014
451500,0.010,0.926,0.064
452000,0.010,0.982,0.008
452500,0.010,0.927,0.063
453000,0.010,0.988,0.002
453500,0.010,0.990,0.000
454000,0.010,0.949,0.041
454500,0.010,0.964,0.026
455000,0.010,0.970,0.020
455500,0.010,0.840,0.150
456000,0.010,0.950,0.040
456500,0.010,0.987,0.003
457000,0.010,0.934,0.056
457500,0.010,0.989,0.001
458000,0.010,0.955,0.035
458500,0.010,0.974,0.016
459000,0.010,0.933,0.057
459500,0.010,0.950,0.040
460000,0.010,0.963,0.027
460500,0.010,0.985,0.005
461000,0.010,0.979,0.011
461500,0.010,0.914,0.076
462000,0.010,0.982,0.008
462500,0.010,0.972,0.018
463000,0.010,0.955,0.035
463500,0.010,0.963,0.027
464000,0.010,0.980,0.010
464500,0.010,0.966,0.024
465000,0.010,0.968,0.022
465500,0.010,0.947,0.043
466000,0.010,0.958,0.032
466500,0.010,0.954,0.036
467000,0.010,0.931,0.059
467500,0.010,0.987,0.003
468000,0.010,0.989,0.001
468500,0.010,0.979,0.011
469000,0.010,0.990,0.000
469500,0.010,0.881,0.109
470000,0.010,0.972,0.018
470500,0.010,0.951,0.039
471000,0.010,0.954,0.036
471500,0.010,0.962,0.028
472000,0.010,0.989,0.001
472500,0.010,0.968,0.022
473000,0.010,0.971,0.019
473500,0.010,0.990,0.000
474000,0.010,0.910,0.080
474500,0.010,0.885,0.105
475000,0.010,0.963,0.027
475500,0.010,0.990,0.000
476000,0.010,0.965,0.025
476500,0.010,0.990,0.000
477000,0.010,0.976,0.014
477500,0.010,0.973,0.017
478000,0.010,0.925,0.065
478500,0.010,0.959,0.031
479000,0.010,0.989,0.001
479500,0.010,0.988,0.002
480000,0.010,0.885,0.105
480500,0.010,0.859,0.131
481000,0.010,0.983,0.007
481500,0.010,0.981,0.009
482000,0.010,0.954,0.036
482500,0.010,0.982,0.008
483000,0.010,0.973,0.017
483500,0.010,0.943,0.047
484000,0.010,0.916,0.074
484500,0.010,0.960,0.030
485000,0.010,0.988,0.002
485500,0.010,0.956,0.034
486000,0.010,0.984,0.006
486500,0.010,0.951,0.039
487000,0.010,0.953,0.037
487500,0.010,0.976,0.014
488000,0.010,0.980,0.010
488500,0.010,0.988,0.002
489000,0.010,0.984,0.006
489500,0.010,0.977,0.013
490000,0.010,0.979,0.011
490500,0.010,0.950,0.040
491000,0.010,0.989,0.001
491500,0.010,0.953,0.037
492000,0.010,0.982,0.008
492500,0.010,0.905,0.085
493000,0.010,0.987,0.003
493500,0.010,0.980,0.010
494000,0.010,0.925,0.065
494500,0.010,0.957,0.033
495000,0.010,0.985,0.005
495500,0.010,0.962,0.028
496000,0.010,0.964,0.026
496500,0.010,0.987,0.003
497000,0.010,0.965,0.025
497500,0.010,0.975,0.015
498000,0.010,0.913,0.077
498500,0.010,0.976,0.014
499000,0.010,0.979,0.011
499500,0.010,0.933,0.057
500000,0.010,0.914,0.076
500500,0.010,0.924,0.066
501000,0.010,0.906,0.084
501500,0.010,0.886,0.104
502000,0.010,0.988,0.002
502500,0.010,0.949,0.041
503000,0.010,0.987,0.003
503500,0.010,0.974,0.016
504000,0.010,0.981,0.009
504500,0.010,0.962,0.028
505000,0.010,0.947,0.043
505500,0.010,0.968,0.022
506000,0.010,0.986,0.004
506500,0.010,0.978,0.012
507000,0.010,0.960,0.030
507500,0.010,0.990,0.000
508000,0.010,0.967,0.023
508500,0.010,0.952,0.038
509000,0.010,0.990,0.000
509500,0.010,0.984,0.006
510000,0.010,0.890,0.100
510500,0.010,0.934,0.056
511000,0.010,0.976,0.014
511500,0.010,0.956,0.034
512000,0.010,0.939,0.051
512500,0.010,0.987,0.003
513000,0.010,0.987,0.003
513500,0.010,0.988,0.002
514000,0.010,0.921,0.069
514500,0.010,0.942,0.048
515000,0.010,0.971,0.019
515500,0.010,0.912,0.078
516000,0.010,0.905,0.085
516500,0.010,0.963,0.027
517000,0.010,0.986,0.004
517500,0.010,0.964,0.026
518000,0.010,0.982,0.008
518500,0.010,0.975,0.015
519000,0.010,0.940,0.050
519500,0.010,0.942,0.048
520000,0.010,0.976,0.014
520500,0.010,0.942,0.048
521000,0.010,0.976,0.014
521500,0.010,0.932,0.058
522000,0.010,0.969,0.021
522500,0.010,0.929,0.061
523000,0.010,0.943,0.047
523500,0.010,0.954,0.036
524000,0.010,0.953,0.037
524500,0.010,0.969,0.021
525000,0.010,0.979,0.011
525500,0.010,0.945,0.045
526000,0.010,0.960,0.030
526500,0.010,0.958,0.032
527000,0.010,0.962,0.028
527500,0.010,0.983,0.007
528000,0.010,0.933,0.057
528500,0.010,0.987,0.003
529000,0.010,0.958,0.032
529500,0.010,0.989,0.001
530000,0.010,0.903,0.087
530500,0.010,0.950,0.040
531000,0.010,0.965,0.025
531500,0.010,0.927,0.063
532000,0.010,0.941,0.049
532500,0.010,0.952,0.038
533000,0.010,0.962,0.028
533500,0.010,0.942,0.048
534000,0.010,0.921,0.069
534500,0.010,0.980,0.010
535000,0.010,0.962,0.028
535500,0.010,0.965,0.025
536000,0.010,0.972,0.018
536500,0.010,0.987,0.003
537000,0.010,0.948,0.042
537500,0.010,0.984,0.006
538000,0.010,0.926,0.064
538500,0.010,0.969,0.021
539000,0.010,0.980,0.010
539500,0.010,0.990,0.000
540000,0.010,0.963,0.027
540500,0.010,0.936,0.054
541000,0.010,0.990,0.000
541500,0.010,0.930,0.060
542000,0.010,0.989,0.001
542500,0.010,0.945,0.045
543000,0.010,0.972,0.018
543500,0.010,0.865,0.125
544000,0.010,0.970,0.020
544500,0.010,0.988,0.002
545000,0.010,0.929,0.061
545500,0.010,0.983,0.007
546000,0.010,0.979,0.011
546500,0.010,0.990,0.000
547000,0.010,0.959,0.031
547500,0.010,0.975,0.015
548000,0.010,0.986,0.004
548500,0.010,0.953,0.037
549000,0.010,0.961,0.029
549500,0.010,0.949,0.041
550000,0.010,0.969,0.021
550500,0.010,0.989,0.001
551000,0.010,0.811,0.179
551500,0.010,0.988,0.002
552000,0.010,0.990,0.000
552500,0.010,0.990,0.000
553000,0.010,0.990,0.000
553500,0.010,0.990,0.000
554000,0.010,0.967,0.023
554500,0.010,0.938,0.052
555000,0.010,0.978,0.012
555500,0.010,0.971,0.019
556000,0.010,0.990,0.000
556500,0.010,0.972,0.018
557000,0.010,0.920,0.070
557500,0.010,0.946,0.044
558000,0.010,0.870,0.120
558500,0.010,0.949,0.041
559000,0.010,0.920,0.070
559500,0.010,0.988,0.002
560000,0.010,0.917,0.073
560500,0.010,0.968,0.022
561000,0.010,0.969,0.021
561500,0.010,0.989,0.001
562000,0.010,0.990,0.000
562500,0.010,0.980,0.010
563000,0.010,0.985,0.005
563500,0.010,0.908,0.082
564000,0.010,0.969,0.021
564500,0.010,0.983,0.007
565000,0.010,0.964,0.026
565500,0.010,0.985,0.005
566000,0.010,0.980,0.010
566500,0.010,0.990,0.000
567000,0.010,0.915,0.075
567500,0.010,0.975,0.015
568000,0.010,0.955,0.035
568500,0.010,0.950,0.040
569000,0.010,0.985,0.005
569500,0.010,0.982,0.008
570000,0.010,0.895,0.095
570500,0.010,0.955,0.035
571000,0.010,0.990,0.000
571500,0.010,0.969,0.021
572000,0.010,0.988,0.002
572500,0.010,0.980,0.010
573000,0.010,0.948,0.042
573500,0.010,0.985,0.005
574000,0.010,0.990,0.000
574500,0.010,0.968,0.022
575000,0.010,0.936,0.054
575500,0.010,0.943,0.047
576000,0.010,0.878,0.112
576500,0.010,0.968,0.022
577000,0.010,0.989,0.001
577500,0.010,0.910,0.080
578000,0.010,0.973,0.017
578500,0.010,0.958,0.032
579000,0.010,0.873,0.117
579500,0.010,0.909,0.081
580000,0.010,0.977,0.013
580500,0.010,0.863,0.127
581000,0.010,0.970,0.020
581500,0.010,0.938,0.052
582000,0.010,0.952,0.038
582500,0.010,0.966,0.024
583000,0.010,0.978,0.012
583500,0.010,0.989,0.001
584000,0.010,0.955,0.035
584500,0.010,0.976,0.014
585000,0.010,0.978,0.012
585500,0.010,0.984,0.006
586000,0.010,0.990,0.000
586500,0.010,0.952,0.038
587000,0.010,0.983,0.007
587500,0.010,0.843,0.147
588000,0.010,0.974,0.016
588500,0.010,0.987,0.003
589000,0.010,0.987,0.003
589500,0.010,0.989,0.001
590000,0.010,0.961,0.029
590500,0.010,0.929,0.061
591000,0.010,0.979,0.011
591500,0.010,0.948,0.042
592000,0.010,0.986,0.004
592500,0.010,0.983,0.007
593000,0.010,0.954,0.036
593500,0.010,0.969,0.021
594000,0.010,0.918,0.072
594500,0.010,0.959,0.031
595000,0.010,0.947,0.043
595500,0.010,0.958,0.032
596000,0.010,0.976,0.014
596500,0.010,0.976,0.014
597000,0.010,0.920,0.070
597500,0.010,0.990,0.000
598000,0.010,0.972,0.018
598500,0.010,0.916,0.074
599000,0.010,0.938,0.052
599500,0.010,0.972,0.018
600000,0.010,0.985,0.005
600500,0.010,0.941,0.049
601000,0.010,0.989,0.001
601500,0.010,0.952,0.038
602000,0.010,0.990,0.000
602500,0.010,0.957,0.033
603000,0.010,0.971,0.019
603500,0.010,0.987,0.003
604000,0.010,0.988,0.002
604500,0.010,0.978,0.012
605000,0.010,0.877,0.113
605500,0.010,0.961,0.029
606000,0.010,0.989,0.001
606500,0.010,0.940,0.050
607000,0.010,0.902,0.088
607500,0.010,0.925,0.065
608000,0.010,0.958,0.032
608500,0.010,0.978,0.012
609000,0.010,0.985,0.005
609500,0.010,0.962,0.028
610000,0.010,0.974,0.016
610500,0.010,0.988,0.002
611000,0.010,0.976,0.014
611500,0.010,0.962,0.028
612000,0.010,0.979,0.011
612500,0.010,0.930,0.060
613000,0.010,0.918,0.072
613500,0.010,0.971,0.019
614000,0.010,0.941,0.049
614500,0.010,0.989,0.001
615000,0.010,0.948,0.042
615500,0.010,0.978,0.012
616000,0.010,0.945,0.045
616500,0.010,0.978,0.012
617000,0.010,0.898,0.092
617500,0.010,0.921,0.069
618000,0.010,0.984,0.006
618500,0.010,0.990,0.000
619000,0.010,0.904,0.086
619500,0.010,0.956,0.034
620000,0.010,0.979,0.011
620500,0.010,0.858,0.132
621000,0.010,0.946,0.044
621500,0.010,0.948,0.042
622000,0.010,0.960,0.030
622500,0.010,0.887,0.103
623000,0.010,0.952,0.038
623500,0.010,0.868,0.122
624000,0.010,0.955,0.035
624500,0.010,0.974,0.016
625000,0.010,0.953,0.037
625500,0.010,0.958,0.032
626000,0.010,0.990,0.000
626500,0.010,0.982,0.008
627000,0.010,0.942,0.048
627500,0.010,0.959,0.031
628000,0.010,0.985,0.005
628500,0.010,0.990,0.000
629000,0.010,0.939,0.051
629500,0.010,0.939,0.051
630000,0.010,0.981,0.009
630500,0.010,0.971,0.019
631000,0.010,0.985,0.005
631500,0.010,0.983,0.007
632000,0.010,0.968,0.022
632500,0.010,0.987,0.003
633000,0.010,0.973,0.017
633500,0.010,0.904,0.086
634000,0.010,0.988,0.002
634500,0.010,0.948,0.042
635000,0.010,0.981,0.009
635500,0.010,0.984,0.006
636000,0.010,0.990,0.000
636500,0.010,0.981,0.009
637000,0.010,0.984,0.006
637500,0.010,0.990,0.000
638000,0.010,0.984,0.006
638500,0.010,0.948,0.042
639000,0.010,0.906,0.084
639500,0.010,0.984,0.006
640000,0.010,0.914,0.076
640500,0.010,0.978,0.012
641000,0.010,0.958,0.032
641500,0.010,0.958,0.032
642000,0.010,0.990,0.000
642500,0.010,0.965,0.025
643000,0.010,0.990,0.000
643500,0.010,0.990,0.000
644000,0.010,0.932,0.058
644500,0.010,0.958,0.032
645000,0.010,0.938,0.052
645500,0.010,0.987,0.003
646000,0.010,0.979,0.011
646500,0.010,0.922,0.068
647000,0.010,0.938,0.052
647500,0.010,0.976,0.014
648000,0.010,0.892,0.098
648500,0.010,0.984,0.006
649000,0.010,0.965,0.025
649500,0.010,0.929,0.061
650000,0.010,0.918,0.072
650500,0.010,0.990,0.000
651000,0.010,0.931,0.059
651500,0.010,0.955,0.035
652000,0.010,0.868,0.122
652500,0.010,0.985,0.005
653000,0.010,0.941,0.049
653500,0.010,0.956,0.034
654000,0.010,0.930,0.060
654500,0.010,0.972,0.018
655000,0.010,0.922,0.068
655500,0.010,0.927,0.063
656000,0.010,0.929,0.061
656500,0.010,0.978,0.012
657000,0.010,0.986,0.004
657500,0.010,0.970,0.020
658000,0.010,0.975,0.015
658500,0.010,0.898,0.092
659000,0.010,0.959,0.031
659500,0.010,0.917,0.073
660000,0.010,0.943,0.047
660500,0.010,0.978,0.012
661000,0.010,0.975,0.015
661500,0.010,0.970,0.020
662000,0.010,0.933,0.057
662500,0.010,0.924,0.066
663000,0.010,0.965,0.025
663500,0.010,0.976,0.014
664000,0.010,0.976,0.014
664500,0.010,0.911,0.079
665000,0.010,0.980,0.010
665500,0.010,0.961,0.029
666000,0.010,0.948,0.042
666500,0.010,0.860,0.130
667000,0.010,0.831,0.159
667500,0.010,0.963,0.027
668000,0.010,0.987,0.003
668500,0.010,0.983,0.007
669000,0.010,0.990,0.000
669500,0.010,0.988,0.002
670000,0.010,0.982,0.008
670500,0.010,0.989,0.001
671000,0.010,0.930,0.060
671500,0.010,0.937,0.053
672000,0.010,0.973,0.017
672500,0.010,0.969,0.021
673000,0.010,0.953,0.037
673500,0.010,0.989,0.001
674000,0.010,0.989,0.001
674500,0.010,0.989,0.001
675000,0.010,0.990,0.000
675500,0.010,0.964,0.026
676000,0.010,0.986,0.004
676500,0.010,0.970,0.020
677000,0.010,0.964,0.026
677500,0.010,0.978,0.012
678000,0.010,0.882,0.108
678500,0.010,0.944,0.046
679000,0.010,0.947,0.043
679500,0.010,0.985,0.005
680000,0.010,0.968,0.022
680500,0.010,0.979,0.011
681000,0.010,0.903,0.087
681500,0.010,0.990,0.000
682000,0.010,0.971,0.019
682500,0.010,0.971,0.019
683000,0.010,0.976,0.014
683500,0.010,0.931,0.059
684000,0.010,0.948,0.042
684500,0.010,0.990,0.000
685000,0.010,0.882,0.108
685500,0.010,0.982,0.008
686000,0.010,0.969,0.021
686500,0.010,0.828,0.162
687000,0.010,0.976,0.014
687500,0.010,0.970,0.020
688000,0.010,0.884,0.106
688500,0.010,0.944,0.046
689000,0.010,0.941,0.049
689500,0.010,0.990,0.000
690000,0.010,0.990,0.000
690500,0.010,0.985,0.005
691000,0.010,0.955,0.035
691500,0.010,0.965,0.025
692000,0.010,0.969,0.021
692500,0.010,0.972,0.018
693000,0.010,0.978,0.012
693500,0.010,0.984,0.006
694000,0.010,0.979,0.011
694500,0.010,0.927,0.063
695000,0.010,0.968,0.022
695500,0.010,0.988,0.002
696000,0.010,0.956,0.034
696500,0.010,0.990,0.000
697000,0.010,0.967,0.023
697500,0.010,0.969,0.021
698000,0.010,0.927,0.063
698500,0.010,0.969,0.021
699000,0.010,0.881,0.109
699500,0.010,0.906,0.084
700000,0.010,0.944,0.046
700500,0.010,0.978,0.012
701000,0.010,0.983,0.007
701500,0.010,0.950,0.040
702000,0.010,0.954,0.036
702500,0.010,0.939,0.051
703000,0.010,0.943,0.047
703500,0.010,0.925,0.065
704000,0.010,0.974,0.016
704500,0.010,0.961,0.029
705000,0.010,0.975,0.015
705500,0.010,0.968,0.022
706000,0.010,0.957,0.033
706500,0.010,0.944,0.046
707000,0.010,0.911,0.079
707500,0.010,0.959,0.031
708000,0.010,0.990,0.000
708500,0.010,0.988,0.002
709000,0.010,0.897,0.093
709500,0.010,0.990,0.000
710000,0.010,0.990,0.000
710500,0.010,0.955,0.035
711000,0.010,0.959,0.031
711500,0.010,0.976,0.014
712000,0.010,0.985,0.005
712500,0.010,0.978,0.012
713000,0.010,0.871,0.119
713500,0.010,0.977,0.013
714000,0.010,0.956,0.034
714500,0.010,0.990,0.000
715000,0.010,0.942,0.048
715500,0.010,0.929,0.061
716000,0.010,0.985,0.005
716500,0.010,0.908,0.082
717000,0.010,0.958,0.032
717500,0.010,0.964,0.026
718000,0.010,0.952,0.038
718500,0.010,0.926,0.064
719000,0.010,0.949,0.041
719500,0.010,0.989,0.001
720000,0.010,0.990,0.000
720500,0.010,0.983,0.007
721000,0.010,0.948,0.042
721500,0.010,0.980,0.010
722000,0.010,0.990,0.000
722500,0.010,0.947,0.043
723000,0.010,0.968,0.022
723500,0.010,0.985,0.005
724000,0.010,0.976,0.014
724500,0.010,0.985,0.005
725000,0.010,0.986,0.004
725500,0.010,0.987,0.003
726000,0.010,0.921,0.069
726500,0.010,0.961,0.029
727000,0.010,0.959,0.031
727500,0.010,0.951,0.039
728000,0.010,0.990,0.000
728500,0.010,0.967,0.023
729000,0.010,0.985,0.005
729500,0.010,0.985,0.005
730000,0.010,0.943,0.047
730500,0.010,0.963,0.027
731000,0.010,0.949,0.041
731500,0.010,0.986,0.004
732000,0.010,0.923,0.067
732500,0.010,0.893,0.097
733000,0.010,0.989,0.001
733500,0.010,0.981,0.009
734000,0.010,0.928,0.062
734500,0.010,0.966,0.024
735000,0.010,0.990,0.000
735500,0.010,0.975,0.015
736000,0.010,0.911,0.079
736500,0.010,0.979,0.011
737000,0.010,0.981,0.009
737500,0.010,0.990,0.000
738000,0.010,0.920,0.070
738500,0.010,0.847,0.143
739000,0.010,0.944,0.046
739500,0.010,0.933,0.057
740000,0.010,0.962,0.028
740500,0.010,0.935,0.055
741000,0.010,0.969,0.021
741500,0.010,0.970,0.020
742000,0.010,0.971,0.019
742500,0.010,0.817,0.173
743000,0.010,0.883,0.107
743500,0.010,0.945,0.045
744000,0.010,0.951,0.039
744500,0.010,0.900,0.090
745000,0.010,0.975,0.015
745500,0.010,0.898,0.092
746000,0.010,0.955,0.035
746500,0.010,0.987,0.003
747000,0.010,0.984,0.006
747500,0.010,0.966,0.024
748000,0.010,0.978,0.012
748500,0.010,0.986,0.004
749000,0.010,0.907,0.083
749500,0.010,0.977,0.013
750000,0.010,0.950,0.040
750500,0.010,0.987,0.003
751000,0.010,0.982,0.008
751500,0.010,0.939,0.051
752000,0.010,0.980,0.010
752500,0.010,0.985,0.005
753000,0.010,0.975,0.015
753500,0.010,0.949,0.041
754000,0.010,0.979,0.011
754500,0.010,0.990,0.000
755000,0.010,0.972,0.018
755500,0.010,0.963,0.027
756000,0.010,0.978,0.012
756500,0.010,0.894,0.096
757000,0.010,0.981,0.009
757500,0.010,0.802,0.188
758000,0.010,0.972,0.018
758500,0.010,0.967,0.023
759000,0.010,0.963,0.027
759500,0.010,0.851,0.139
760000,0.010,0.858,0.132
760500,0.010,0.983,0.007
761000,0.010,0.931,0.059
761500,0.010,0.974,0.016
762000,0.010,0.954,0.036
762500,0.010,0.976,0.014
763000,0.010,0.980,0.010
763500,0.010,0.975,0.015
764000,0.010,0.990,0.000
764500,0.010,0.981,0.009
765000,0.010,0.904,0.086
765500,0.010,0.981,0.009
766000,0.010,0.949,0.041
766500,0.010,0.926,0.064
767000,0.010,0.990,0.000
767500,0.010,0.963,0.027
768000,0.010,0.934,0.056
768500,0.010,0.965,0.025
769000,0.010,0.964,0.026
769500,0.010,0.956,0.034
770000,0.010,0.980,0.010
770500,0.010,0.985,0.005
771000,0.010,0.985,0.005
771500,0.010,0.889,0.101
772000,0.010,0.926,0.064
772500,0.010,0.974,0.016
773000,0.010,0.982,0.008
773500,0.010,0.892,0.098
774000,0.010,0.985,0.005
774500,0.010,0.943,0.047
775000,0.010,0.939,0.051
775500,0.010,0.974,0.016
776000,0.010,0.792,0.198
776500,0.010,0.912,0.078
777000,0.010,0.954,0.036
777500,0.010,0.985,0.005
778000,0.010,0.976,0.014
778500,0.010,0.951,0.039
779000,0.010,0.990,0.000
779500,0.010,0.956,0.034
780000,0.010,0.967,0.023
780500,0.010,0.964,0.026
781000,0.010,0.990,0.000
781500,0.010,0.971,0.019
782000,0.010,0.972,0.018
782500,0.010,0.932,0.058
783000,0.010,0.952,0.038
783500,0.010,0.980,0.010
784000,0.010,0.932,0.058
784500,0.010,0.921,0.069
785000,0.010,0.944,0.046
785500,0.010,0.968,0.022
786000,0.010,0.977,0.013
786500,0.010,0.948,0.042
787000,0.010,0.990,0.000
787500,0.010,0.852,0.138
788000,0.010,0.933,0.057
788500,0.010,0.962,0.028
789000,0.010,0.980,0.010
789500,0.010,0.952,0.038
790000,0.010,0.864,0.126
790500,0.010,0.979,0.011
791000,0.010,0.982,0.008
791500,0.010,0.965,0.025
792000,0.010,0.969,0.021
792500,0.010,0.977,0.013
793000,0.010,0.890,0.100
793500,0.010,0.977,0.013
794000,0.010,0.929,0.061
794500,0.010,0.976,0.014
795000,0.010,0.966,0.024
795500,0.010,0.925,0.065
796000,0.010,0.975,0.015
796500,0.010,0.920,0.070
797000,0.010,0.964,0.026
797500,0.010,0.977,0.013
798000,0.010,0.948,0.042
798500,0.010,0.935,0.055
799000,0.010,0.858,0.132
799500,0.010,0.990,0.000
800000,0.010,0.979,0.011
800500,0.010,0.915,0.075
801000,0.010,0.894,0.096
801500,0.010,0.973,0.017
802000,0.010,0.977,0.013
802500,0.010,0.953,0.037
803000,0.010,0.926,0.064
803500,0.010,0.984,0.006
804000,0.010,0.949,0.041
804500,0.010,0.988,0.002
805000,0.010,0.989,0.001
805500,0.010,0.876,0.114
806000,0.010,0.929,0.061
806500,0.010,0.965,0.025
807000,0.010,0.982,0.008
807500,0.010,0.944,0.046
808000,0.010,0.950,0.040
808500,0.010,0.978,0.012
809000,0.010,0.985,0.005
809500,0.010,0.926,0.064
810000,0.010,0.947,0.043
810500,0.010,0.950,0.040
811000,0.010,0.990,0.000
811500,0.010,0.988,0.002
812000,0.010,0.939,0.051
812500,0.010,0.963,0.027
813000,0.010,0.959,0.031
813500,0.010,0.990,0.000
814000,0.010,0.965,0.025
814500,0.010,0.990,0.000
815000,0.010,0.981,0.009
815500,0.010,0.989,0.001
816000,0.010,0.961,0.029
816500,0.010,0.973,0.017
817000,0.010,0.987,0.003
817500,0.010,0.990,0.000
818000,0.010,0.950,0.040
818500,0.010,0.890,0.100
819000,0.010,0.893,0.097
819500,0.010,0.960,0.030
820000,0.010,0.918,0.072
820500,0.010,0.959,0.031
821000,0.010,0.990,0.000
821500,0.010,0.990,0.000
822000,0.010,0.940,0.050
822500,0.010,0.900,0.090
823000,0.010,0.990,0.000
823500,0.010,0.987,0.003
824000,0.010,0.973,0.017
824500,0.010,0.931,0.059
825000,0.010,0.967,0.023
825500,0.010,0.982,0.008
826000,0.010,0.956,0.034
826500,0.010,0.954,0.036
827000,0.010,0.938,0.052
827500,0.010,0.982,0.008
828000,0.010,0.951,0.039
828500,0.010,0.964,0.026
829000,0.010,0.972,0.018
829500,0.010,0.988,0.002
830000,0.010,0.959,0.031
830500,0.010,0.976,0.014
831000,0.010,0.978,0.012
831500,0.010,0.927,0.063
832000,0.010,0.990,0.000
832500,0.010,0.890,0.100
833000,0.010,0.978,0.012
833500,0.010,0.964,0.026
834000,0.010,0.968,0.022
834500,0.010,0.936,0.054
835000,0.010,0.957,0.033
835500,0.010,0.976,0.014
836000,0.010,0.990,0.000
836500,0.010,0.981,0.009
837000,0.010,0.956,0.034
837500,0.010,0.973,0.017
838000,0.010,0.906,0.084
838500,0.010,0.930,0.060
839000,0.010,0.937,0.053
839500,0.010,0.989,0.001
840000,0.010,0.963,0.027
840500,0.010,0.976,0.014
841000,0.010,0.860,0.130
841500,0.010,0.949,0.041
842000,0.010,0.917,0.073
842500,0.010,0.906,0.084
843000,0.010,0.941,0.049
843500,0.010,0.934,0.056
844000,0.010,0.932,0.058
844500,0.010,0.957,0.033
845000,0.010,0.990,0.000
845500,0.010,0.967,0.023
846000,0.010,0.957,0.033
846500,0.010,0.980,0.010
847000,0.010,0.933,0.057
847500,0.010,0.990,0.000
848000,0.010,0.981,0.009
848500,0.010,0.973,0.017
849000,0.010,0.907,0.083
849500,0.010,0.968,0.022
850000,0.010,0.989,0.001
850500,0.010,0.945,0.045
851000,0.010,0.989,0.001
851500,0.010,0.974,0.016
852000,0.010,0.931,0.059
852500,0.010,0.983,0.007
853000,0.010,0.901,0.089
853500,0.010,0.910,0.080
854000,0.010,0.965,0.025
854500,0.010,0.976,0.014
855000,0.010,0.985,0.005
855500,0.010,0.968,0.022
856000,0.010,0.989,0.001
856500,0.010,0.979,0.011
857000,0.010,0.958,0.032
857500,0.010,0.973,0.017
858000,0.010,0.841,0.149
858500,0.010,0.941,0.049
859000,0.010,0.942,0.048
859500,0.010,0.961,0.029
860000,0.010,0.914,0.076
860500,0.010,0.987,0.003
861000,0.010,0.933,0.057
861500,0.010,0.990,0.000
862000,0.010,0.954,0.036
862500,0.010,0.915,0.075
863000,0.010,0.977,0.013
863500,0.010,0.965,0.025
864000,0.010,0.924,0.066
864500,0.010,0.957,0.033
865000,0.010,0.979,0.011
865500,0.010,0.987,0.003
866000,0.010,0.982,0.008
866500,0.010,0.967,0.023
867000,0.010,0.936,0.054
867500,0.010,0.982,0.008
868000,0.010,0.878,0.112
868500,0.010,0.972,0.018
869000,0.010,0.989,0.001
869500,0.010,0.968,0.022
870000,0.010,0.979,0.011
870500,0.010,0.933,0.057
871000,0.010,0.940,0.050
871500,0.010,0.932,0.058
872000,0.010,0.967,0.023
872500,0.010,0.973,0.017
873000,0.010,0.975,0.015
873500,0.010,0.988,0.002
874000,0.010,0.871,0.119
874500,0.010,0.972,0.018
875000,0.010,0.906,0.084
875500,0.010,0.972,0.018
876000,0.010,0.951,0.039
876500,0.010,0.967,0.023
877000,0.010,0.921,0.069
877500,0.010,0.915,0.075
878000,0.010,0.988,0.002
878500,0.010,0.985,0.005
879000,0.010,0.970,0.020
879500,0.010,0.970,0.020
880000,0.010,0.880,0.110
880500,0.010,0.965,0.025
881000,0.010,0.968,0.022
881500,0.010,0.972,0.018
882000,0.010,0.843,0.147
882500,0.010,0.958,0.032
883000,0.010,0.956,0.034
883500,0.010,0.905,0.085
884000,0.010,0.984,0.006
884500,0.010,0.975,0.015
885000,0.010,0.961,0.029
885500,0.010,0.982,0.008
886000,0.010,0.984,0.006
886500,0.010,0.941,0.049
887000,0.010,0.976,0.014
887500,0.010,0.945,0.045
888000,0.010,0.942,0.048
888500,0.010,0.928,0.062
889000,0.010,0.956,0.034
889500,0.010,0.990,0.000
890000,0.010,0.987,0.003
890500,0.010,0.926,0.064
891000,0.010,0.989,0.001
891500,0.010,0.987,0.003
892000,0.010,0.975,0.015
892500,0.010,0.988,0.002
893000,0.010,0.945,0.045
893500,0.010,0.914,0.076
894000,0.010,0.975,0.015
894500,0.010,0.844,0.146
895000,0.010,0.987,0.003
895500,0.010,0.990,0.000
896000,0.010,0.980,0.010
896500,0.010,0.955,0.035
897000,0.010,0.969,0.021
897500,0.010,0.990,0.000
898000,0.010,0.990,0.000
898500,0.010,0.943,0.047
899000,0.010,0.974,0.016
899500,0.010,0.984,0.006
900000,0.010,0.975,0.015
900500,0.010,0.960,0.030
901000,0.010,0.921,0.069
901500,0.010,0.897,0.093
902000,0.010,0.938,0.052
902500,0.010,0.968,0.022
903000,0.010,0.975,0.015
903500,0.010,0.975,0.015
904000,0.010,0.909,0.081
904500,0.010,0.988,0.002
905000,0.010,0.982,0.008
905500,0.010,0.956,0.034
906000,0.010,0.943,0.047
906500,0.010,0.946,0.044
907000,0.010,0.990,0.000
907500,0.010,0.986,0.004
908000,0.010,0.982,0.008
908500,0.010,0.990,0.000
909000,0.010,0.945,0.045
909500,0.010,0.916,0.074
910000,0.010,0.934,0.056
910500,0.010,0.958,0.032
911000,0.010,0.885,0.105
911500,0.010,0.853,0.137
912000,0.010,0.979,0.011
912500,0.010,0.964,0.026
913000,0.010,0.964,0.026
913500,0.010,0.975,0.015
914000,0.010,0.975,0.015
914500,0.010,0.851,0.139
915000,0.010,0.964,0.026
915500,0.010,0.987,0.003
916000,0.010,0.905,0.085
916500,0.010,0.961,0.029
917000,0.010,0.981,0.009
917500,0.010,0.958,0.032
918000,0.010,0.980,0.010
918500,0.010,0.981,0.009
919000,0.010,0.891,0.099
919500,0.010,0.985,0.005
920000,0.010,0.961,0.029
920500,0.010,0.905,0.085
921000,0.010,0.911,0.079
921500,0.010,0.989,0.001
922000,0.010,0.989,0.001
922500,0.010,0.931,0.059
923000,0.010,0.909,0.081
923500,0.010,0.919,0.071
924000,0.010,0.891,0.099
924500,0.010,0.964,0.026
925000,0.010,0.986,0.004
925500,0.010,0.981,0.009
926000,0.010,0.861,0.129
926500,0.010,0.976,0.014
927000,0.010,0.980,0.010
927500,0.010,0.989,0.001
928000,0.010,0.947,0.043
928500,0.010,0.940,0.050
929000,0.010,0.988,0.002
929500,0.010,0.963,0.027
930000,0.010,0.964,0.026
930500,0.010,0.985,0.005
931000,0.010,0.951,0.039
931500,0.010,0.982,0.008
932000,0.010,0.959,0.031
932500,0.010,0.964,0.026
933000,0.010,0.980,0.010
933500,0.010,0.982,0.008
934000,0.010,0.988,0.002
934500,0.010,0.985,0.005
935000,0.010,0.959,0.031
935500,0.010,0.937,0.053
936000,0.010,0.902,0.088
936500,0.010,0.964,0.026
937000,0.010,0.988,0.002
937500,0.010,0.976,0.014
938000,0.010,0.986,0.004
938500,0.010,0.980,0.010
939000,0.010,0.955,0.035
939500,0.010,0.956,0.034
940000,0.010,0.944,0.046
940500,0.010,0.980,0.010
941000,0.010,0.909,0.081
941500,0.010,0.964,0.026
942000,0.010,0.987,0.003
942500,0.010,0.961,0.029
943000,0.010,0.917,0.073
943500,0.010,0.962,0.028
944000,0.010,0.990,0.000
944500,0.010,0.990,0.000
945000,0.010,0.990,0.000
945500,0.010,0.980,0.010
946000,0.010,0.904,0.086
946500,0.010,0.953,0.037
947000,0.010,0.953,0.037
947500,0.010,0.872,0.118
948000,0.010,0.938,0.052
948500,0.010,0.962,0.028
949000,0.010,0.962,0.028
949500,0.010,0.956,0.034
950000,0.010,0.974,0.016
950500,0.010,0.964,0.026
951000,0.010,0.989,0.001
951500,0.010,0.964,0.026
952000,0.010,0.990,0.000
952500,0.010,0.957,0.033
953000,0.010,0.931,0.059
953500,0.010,0.982,0.008
954000,0.010,0.990,0.000
954500,0.010,0.972,0.018
955000,0.010,0.926,0.064
955500,0.010,0.975,0.015
956000,0.010,0.918,0.072
956500,0.010,0.988,0.002
957000,0.010,0.973,0.017
957500,0.010,0.984,0.006
958000,0.010,0.960,0.030
958500,0.010,0.990,0.000
959000,0.010,0.930,0.060
959500,0.010,0.925,0.065
960000,0.010,0.987,0.003
960500,0.010,0.985,0.005
961000,0.010,0.942,0.048
961500,0.010,0.978,0.012
962000,0.010,0.909,0.081
962500,0.010,0.905,0.085
963000,0.010,0.990,0.000
963500,0.010,0.942,0.048
964000,0.010,0.977,0.013
964500,0.010,0.883,0.107
965000,0.010,0.909,0.081
965500,0.010,0.917,0.073
966000,0.010,0.973,0.017
966500,0.010,0.976,0.014
967000,0.010,0.855,0.135
967500,0.010,0.988,0.002
968000,0.010,0.938,0.052
968500,0.010,0.949,0.041
969000,0.010,0.977,0.013
969500,0.010,0.939,0.051
970000,0.010,0.965,0.025
970500,0.010,0.971,0.019
971000,0.010,0.936,0.054
971500,0.010,0.985,0.005
972000,0.010,0.985,0.005
972500,0.010,0.978,0.012
973000,0.010,0.890,0.100
973500,0.010,0.909,0.081
974000,0.010,0.983,0.007
974500,0.010,0.990,0.000
975000,0.010,0.980,0.010
975500,0.010,0.972,0.018
976000,0.010,0.958,0.032
976500,0.010,0.973,0.017
977000,0.010,0.951,0.039
977500,0.010,0.986,0.004
978000,0.010,0.926,0.064
978500,0.010,0.981,0.009
979000,0.010,0.913,0.077
979500,0.010,0.970,0.020
980000,0.010,0.979,0.011
980500,0.010,0.968,0.022
981000,0.010,0.947,0.043
981500,0.010,0.988,0.002
982000,0.010,0.939,0.051
982500,0.010,0.945,0.045
983000,0.010,0.943,0.047
983500,0.010,0.979,0.011
984000,0.010,0.989,0.001
984500,0.010,0.929,0.061
985000,0.010,0.948,0.042
985500,0.010,0.969,0.021
986000,0.010,0.983,0.007
986500,0.010,0.957,0.033
987000,0.010,0.913,0.077
987500,0.010,0.990,0.000
988000,0.010,0.984,0.006
988500,0.010,0.885,0.105
989000,0.010,0.946,0.044
989500,0.010,0.969,0.021
990000,0.010,0.981,0.009
990500,0.010,0.946,0.044
991000,0.010,0.977,0.013
991500,0.010,0.905,0.085
992000,0.010,0.942,0.048
992500,0.010,0.988,0.002
993000,0.010,0.908,0.082
993500,0.010,0.981,0.009
994000,0.010,0.960,0.030
994500,0.010,0.990,0.000
995000,0.010,0.990,0.000
995500,0.010,0.985,0.005
996000,0.010,0.884,0.106
996500,0.010,0.973,0.017
997000,0.010,0.975,0.015
997500,0.010,0.964,0.026
998000,0.010,0.979,0.011
998500,0.010,0.962,0.028
999000,0.010,0.990,0.000
999500,0.010,0.989,0.001
1000000,0.010,0.959,0.031
