time,n_A+p,n_B,n_AB
500,0.080,0.616,0.304
1000,0.089,0.254,0.657
1500,0.151,0.100,0.749
2000,0.321,0.011,0.668
2500,0.462,0.000,0.538
3000,0.436,0.000,0.564
3500,0.553,0.000,0.447
4000,0.509,0.000,0.491
4500,0.560,0.000,0.440
5000,0.555,0.000,0.445
5500,0.515,0.000,0.485
6000,0.433,0.009,0.558
6500,0.468,0.000,0.532
7000,0.551,0.000,0.449
7500,0.565,0.000,0.435
8000,0.480,0.000,0.520
8500,0.514,0.000,0.486
9000,0.517,0.000,0.483
9500,0.534,0.000,0.466
10000,0.560,0.000,0.440
10500,0.560,0.000,0.440
11000,0.553,0.000,0.447
11500,0.491,0.000,0.509
12000,0.544,0.000,0.456
12500,0.507,0.000,0.493
13000,0.586,0.000,0.414
13500,0.656,0.000,0.344
14000,0.582,0.000,0.418
14500,0.555,0.000,0.445
15000,0.572,0.000,0.428
15500,0.480,0.000,0.520
16000,0.548,0.000,0.452
16500,0.548,0.000,0.452
17000,0.568,0.000,0.432
17500,0.538,0.000,0.462
18000,0.479,0.000,0.521
18500,0.514,0.000,0.486
19000,0.535,0.000,0.465
19500,0.538,0.000,0.462
20000,0.579,0.000,0.421
20500,0.503,0.000,0.497
21000,0.452,0.000,0.548
21500,0.537,0.000,0.463
22000,0.515,0.000,0.485
22500,0.550,0.000,0.450
23000,0.532,0.000,0.468
23500,0.444,0.000,0.556
24000,0.485,0.000,0.515
24500,0.559,0.000,0.441
25000,0.506,0.000,0.494
25500,0.547,0.000,0.453
26000,0.513,0.000,0.487
26500,0.497,0.000,0.503
27000,0.466,0.000,0.534
27500,0.498,0.001,0.501
28000,0.529,0.000,0.471
28500,0.534,0.000,0.466
29000,0.527,0.000,0.473
29500,0.549,0.000,0.451
30000,0.517,0.000,0.483
30500,0.471,0.001,0.528
31000,0.500,0.000,0.500
31500,0.430,0.000,0.570
32000,0.457,0.001,0.542
32500,0.464,0.000,0.536
33000,0.491,0.000,0.509
33500,0.490,0.000,0.510
34000,0.513,0.000,0.487
34500,0.474,0.000,0.526
35000,0.508,0.000,0.492
35500,0.606,0.000,0.394
36000,0.533,0.000,0.467
36500,0.559,0.000,0.441
37000,0.561,0.000,0.439
37500,0.479,0.000,0.521
38000,0.474,0.000,0.526
38500,0.441,0.000,0.559
39000,0.498,0.001,0.501
39500,0.477,0.000,0.523
40000,0.461,0.000,0.539
40500,0.441,0.000,0.559
41000,0.483,0.000,0.517
41500,0.508,0.000,0.492
42000,0.495,0.000,0.505
42500,0.504,0.000,0.496
43000,0.521,0.000,0.479
43500,0.537,0.000,0.463
44000,0.444,0.000,0.556
44500,0.357,0.012,0.631
45000,0.479,0.001,0.520
45500,0.517,0.000,0.483
46000,0.527,0.000,0.473
46500,0.512,0.000,0.488
47000,0.494,0.000,0.506
47500,0.467,0.000,0.533
48000,0.430,0.000,0.570
48500,0.420,0.000,0.580
49000,0.465,0.004,0.531
49500,0.547,0.000,0.453
50000,0.489,0.000,0.511
50500,0.533,0.000,0.467
51000,0.499,0.000,0.501
51500,0.522,0.000,0.478
52000,0.502,0.000,0.498
52500,0.508,0.000,0.492
53000,0.539,0.000,0.461
53500,0.569,0.000,0.431
54000,0.530,0.000,0.470
54500,0.541,0.000,0.459
55000,0.513,0.000,0.487
55500,0.529,0.000,0.471
56000,0.575,0.000,0.425
56500,0.473,0.000,0.527
57000,0.480,0.000,0.520
57500,0.500,0.000,0.500
58000,0.558,0.000,0.442
58500,0.566,0.000,0.434
59000,0.478,0.000,0.522
59500,0.524,0.000,0.476
60000,0.552,0.002,0.446
60500,0.579,0.000,0.421
61000,0.548,0.000,0.452
61500,0.535,0.000,0.465
62000,0.478,0.000,0.522
62500,0.493,0.000,0.507
63000,0.508,0.007,0.485
63500,0.492,0.000,0.508
64000,0.468,0.000,0.532
64500,0.502,0.000,0.498
65000,0.468,0.000,0.532
65500,0.513,0.000,0.487
66000,0.475,0.000,0.525
66500,0.514,0.000,0.486
67000,0.504,0.000,0.496
67500,0.490,0.000,0.510
68000,0.525,0.000,0.475
68500,0.492,0.000,0.508
69000,0.587,0.000,0.413
69500,0.557,0.000,0.443
70000,0.532,0.000,0.468
70500,0.500,0.000,0.500
71000,0.529,0.000,0.471
71500,0.534,0.000,0.466
72000,0.540,0.000,0.460
72500,0.534,0.000,0.466
73000,0.507,0.000,0.493
73500,0.479,0.000,0.521
74000,0.493,0.000,0.507
74500,0.511,0.000,0.489
75000,0.483,0.000,0.517
75500,0.498,0.000,0.502
76000,0.516,0.000,0.484
76500,0.482,0.000,0.518
77000,0.486,0.000,0.514
77500,0.504,0.000,0.496
78000,0.482,0.000,0.518
78500,0.529,0.000,0.471
79000,0.583,0.000,0.417
79500,0.500,0.000,0.500
80000,0.466,0.000,0.534
80500,0.506,0.000,0.494
81000,0.490,0.000,0.510
81500,0.473,0.000,0.527
82000,0.523,0.000,0.477
82500,0.517,0.000,0.483
83000,0.542,0.000,0.458
83500,0.588,0.000,0.412
84000,0.563,0.000,0.437
84500,0.592,0.000,0.408
85000,0.563,0.000,0.437
85500,0.636,0.000,0.364
86000,0.640,0.000,0.360
86500,0.548,0.000,0.452
87000,0.483,0.000,0.517
87500,0.510,0.000,0.490
88000,0.490,0.000,0.510
88500,0.517,0.000,0.483
89000,0.510,0.000,0.490
89500,0.591,0.000,0.409
90000,0.636,0.000,0.364
90500,0.533,0.000,0.467
91000,0.401,0.009,0.590
91500,0.459,0.005,0.536
92000,0.553,0.000,0.447
92500,0.489,0.000,0.511
93000,0.572,0.000,0.428
93500,0.498,0.000,0.502
94000,0.458,0.000,0.542
94500,0.565,0.000,0.435
95000,0.544,0.000,0.456
95500,0.477,0.000,0.523
96000,0.533,0.000,0.467
96500,0.478,0.000,0.522
97000,0.475,0.000,0.525
97500,0.430,0.000,0.570
98000,0.509,0.000,0.491
98500,0.519,0.000,0.481
99000,0.622,0.000,0.378
99500,0.617,0.000,0.383
100000,0.610,0.000,0.390
100500,0.528,0.000,0.472
101000,0.543,0.000,0.457
101500,0.505,0.000,0.495
102000,0.494,0.000,0.506
102500,0.399,0.000,0.601
103000,0.470,0.000,0.530
103500,0.493,0.000,0.507
104000,0.536,0.000,0.464
104500,0.543,0.000,0.457
105000,0.564,0.000,0.436
105500,0.552,0.000,0.448
106000,0.438,0.000,0.562
106500,0.428,0.000,0.572
107000,0.415,0.000,0.585
107500,0.415,0.000,0.585
108000,0.477,0.000,0.523
108500,0.460,0.000,0.540
109000,0.490,0.000,0.510
109500,0.533,0.000,0.467
110000,0.536,0.000,0.464
110500,0.489,0.000,0.511
111000,0.536,0.000,0.464
111500,0.491,0.000,0.509
112000,0.489,0.002,0.509
112500,0.525,0.000,0.475
113000,0.527,0.000,0.473
113500,0.513,0.000,0.487
114000,0.505,0.000,0.495
114500,0.556,0.000,0.444
115000,0.528,0.000,0.472
115500,0.593,0.000,0.407
116000,0.634,0.000,0.366
116500,0.555,0.000,0.445
117000,0.524,0.000,0.476
117500,0.491,0.000,0.509
118000,0.434,0.000,0.566
118500,0.478,0.005,0.517
119000,0.475,0.000,0.525
119500,0.488,0.000,0.512
120000,0.450,0.000,0.550
120500,0.478,0.000,0.522
121000,0.447,0.000,0.553
121500,0.470,0.003,0.527
122000,0.498,0.000,0.502
122500,0.581,0.000,0.419
123000,0.472,0.000,0.528
123500,0.461,0.000,0.539
124000,0.511,0.000,0.489
124500,0.590,0.000,0.410
125000,0.465,0.000,0.535
125500,0.464,0.000,0.536
126000,0.403,0.000,0.597
126500,0.474,0.000,0.526
127000,0.467,0.006,0.527
127500,0.467,0.000,0.533
128000,0.388,0.000,0.612
128500,0.389,0.000,0.611
129000,0.500,0.000,0.500
129500,0.517,0.000,0.483
130000,0.502,0.000,0.498
130500,0.539,0.008,0.453
131000,0.498,0.001,0.501
131500,0.507,0.000,0.493
132000,0.493,0.000,0.507
132500,0.527,0.000,0.473
133000,0.536,0.000,0.464
133500,0.469,0.000,0.531
134000,0.504,0.000,0.496
134500,0.462,0.000,0.538
135000,0.564,0.000,0.436
135500,0.581,0.000,0.419
136000,0.648,0.000,0.352
136500,0.618,0.000,0.382
137000,0.555,0.000,0.445
137500,0.457,0.000,0.543
138000,0.538,0.000,0.462
138500,0.449,0.000,0.551
139000,0.466,0.000,0.534
139500,0.427,0.000,0.573
140000,0.516,0.000,0.484
140500,0.605,0.000,0.395
141000,0.547,0.000,0.453
141500,0.561,0.000,0.439
142000,0.565,0.002,0.433
142500,0.520,0.000,0.480
143000,0.446,0.002,0.552
143500,0.464,0.000,0.536
144000,0.495,0.000,0.505
144500,0.442,0.000,0.558
145000,0.590,0.000,0.410
145500,0.559,0.000,0.441
146000,0.528,0.000,0.472
146500,0.549,0.000,0.451
147000,0.441,0.000,0.559
147500,0.491,0.000,0.509
148000,0.546,0.000,0.454
148500,0.491,0.000,0.509
149000,0.445,0.000,0.555
149500,0.546,0.000,0.454
150000,0.626,0.000,0.374
150500,0.446,0.000,0.554
151000,0.480,0.000,0.520
151500,0.546,0.000,0.454
152000,0.602,0.000,0.398
152500,0.515,0.000,0.485
153000,0.448,0.000,0.552
153500,0.437,0.000,0.563
154000,0.469,0.000,0.531
154500,0.467,0.000,0.533
155000,0.477,0.000,0.523
155500,0.541,0.000,0.459
156000,0.578,0.000,0.422
156500,0.438,0.000,0.562
157000,0.397,0.000,0.603
157500,0.458,0.000,0.542
158000,0.440,0.000,0.560
158500,0.426,0.000,0.574
159000,0.501,0.000,0.499
159500,0.482,0.000,0.518
160000,0.466,0.000,0.534
160500,0.520,0.000,0.480
161000,0.532,0.000,0.468
161500,0.450,0.000,0.550
162000,0.450,0.000,0.550
162500,0.502,0.000,0.498
163000,0.461,0.000,0.539
163500,0.480,0.000,0.520
164000,0.457,0.000,0.543
164500,0.502,0.000,0.498
165000,0.425,0.006,0.569
165500,0.506,0.000,0.494
166000,0.473,0.002,0.525
166500,0.514,0.000,0.486
167000,0.517,0.000,0.483
167500,0.589,0.000,0.411
168000,0.548,0.000,0.452
168500,0.506,0.000,0.494
169000,0.476,0.000,0.524
169500,0.495,0.000,0.505
170000,0.509,0.000,0.491
170500,0.564,0.000,0.436
171000,0.544,0.000,0.456
171500,0.573,0.000,0.427
172000,0.596,0.000,0.404
172500,0.517,0.000,0.483
173000,0.515,0.000,0.485
173500,0.454,0.000,0.546
174000,0.468,0.000,0.532
174500,0.547,0.000,0.453
175000,0.532,0.000,0.468
175500,0.528,0.000,0.472
176000,0.565,0.000,0.435
176500,0.510,0.000,0.490
177000,0.528,0.000,0.472
177500,0.465,0.000,0.535
178000,0.472,0.000,0.528
178500,0.471,0.000,0.529
179000,0.475,0.000,0.525
179500,0.463,0.000,0.537
180000,0.507,0.000,0.493
180500,0.459,0.000,0.541
181000,0.410,0.005,0.585
181500,0.495,0.000,0.505
182000,0.449,0.000,0.551
182500,0.488,0.000,0.512
183000,0.452,0.000,0.548
183500,0.543,0.000,0.457
184000,0.623,0.000,0.377
184500,0.638,0.000,0.362
185000,0.596,0.000,0.404
185500,0.517,0.000,0.483
186000,0.524,0.000,0.476
186500,0.563,0.000,0.437
187000,0.537,0.000,0.463
187500,0.409,0.000,0.591
188000,0.470,0.000,0.530
188500,0.502,0.000,0.498
189000,0.507,0.000,0.493
189500,0.481,0.000,0.519
190000,0.429,0.000,0.571
190500,0.455,0.000,0.545
191000,0.477,0.000,0.523
191500,0.437,0.000,0.563
192000,0.471,0.000,0.529
192500,0.465,0.000,0.535
193000,0.500,0.000,0.500
193500,0.559,0.000,0.441
194000,0.464,0.000,0.536
194500,0.472,0.003,0.525
195000,0.528,0.000,0.472
195500,0.492,0.000,0.508
196000,0.525,0.000,0.475
196500,0.441,0.003,0.556
197000,0.462,0.000,0.538
197500,0.412,0.000,0.588
198000,0.507,0.000,0.493
198500,0.473,0.000,0.527
199000,0.477,0.000,0.523
199500,0.515,0.000,0.485
200000,0.523,0.000,0.477
200500,0.472,0.000,0.528
201000,0.508,0.000,0.492
201500,0.545,0.000,0.455
202000,0.550,0.000,0.450
202500,0.613,0.000,0.387
203000,0.597,0.000,0.403
203500,0.460,0.000,0.540
204000,0.473,0.000,0.527
204500,0.530,0.000,0.470
205000,0.456,0.000,0.544
205500,0.487,0.000,0.513
206000,0.494,0.000,0.506
206500,0.454,0.000,0.546
207000,0.479,0.000,0.521
207500,0.491,0.000,0.509
208000,0.509,0.000,0.491
208500,0.480,0.000,0.520
209000,0.407,0.000,0.593
209500,0.415,0.000,0.585
210000,0.407,0.000,0.593
210500,0.464,0.000,0.536
211000,0.436,0.000,0.564
211500,0.541,0.000,0.459
212000,0.523,0.000,0.477
212500,0.512,0.000,0.488
213000,0.441,0.000,0.559
213500,0.475,0.000,0.525
214000,0.544,0.000,0.456
214500,0.576,0.000,0.424
215000,0.495,0.000,0.505
215500,0.433,0.000,0.567
216000,0.462,0.000,0.538
216500,0.483,0.000,0.517
217000,0.492,0.000,0.508
217500,0.482,0.000,0.518
218000,0.479,0.000,0.521
218500,0.496,0.000,0.504
219000,0.438,0.000,0.562
219500,0.489,0.000,0.511
220000,0.570,0.000,0.430
220500,0.462,0.000,0.538
221000,0.579,0.000,0.421
221500,0.593,0.000,0.407
222000,0.547,0.000,0.453
222500,0.542,0.000,0.458
223000,0.530,0.000,0.470
223500,0.522,0.000,0.478
224000,0.537,0.000,0.463
224500,0.499,0.000,0.501
225000,0.540,0.000,0.460
225500,0.589,0.000,0.411
226000,0.537,0.000,0.463
226500,0.482,0.000,0.518
227000,0.415,0.000,0.585
227500,0.400,0.000,0.600
228000,0.459,0.000,0.541
228500,0.399,0.000,0.601
229000,0.425,0.000,0.575
229500,0.471,0.000,0.529
230000,0.501,0.000,0.499
230500,0.533,0.000,0.467
231000,0.527,0.000,0.473
231500,0.523,0.000,0.477
232000,0.535,0.000,0.465
232500,0.528,0.000,0.472
233000,0.424,0.000,0.576
233500,0.388,0.000,0.612
234000,0.481,0.000,0.519
234500,0.498,0.000,0.502
235000,0.528,0.000,0.472
235500,0.543,0.000,0.457
236000,0.545,0.000,0.455
236500,0.639,0.000,0.361
237000,0.584,0.000,0.416
237500,0.485,0.000,0.515
238000,0.539,0.000,0.461
238500,0.392,0.000,0.608
239000,0.468,0.000,0.532
239500,0.423,0.000,0.577
240000,0.530,0.000,0.470
240500,0.499,0.000,0.501
241000,0.482,0.000,0.518
241500,0.527,0.000,0.473
242000,0.476,0.000,0.524
242500,0.461,0.000,0.539
243000,0.514,0.000,0.486
243500,0.543,0.000,0.457
244000,0.582,0.000,0.418
244500,0.517,0.000,0.483
245000,0.452,0.000,0.548
245500,0.479,0.000,0.521
246000,0.497,0.000,0.503
246500,0.547,0.000,0.453
247000,0.650,0.000,0.350
247500,0.570,0.000,0.430
248000,0.523,0.000,0.477
248500,0.487,0.001,0.512
249000,0.495,0.000,0.505
249500,0.531,0.000,0.469
250000,0.429,0.000,0.571
250500,0.558,0.000,0.442
251000,0.564,0.000,0.436
251500,0.522,0.000,0.478
252000,0.532,0.000,0.468
252500,0.488,0.000,0.512
253000,0.477,0.000,0.523
253500,0.547,0.000,0.453
254000,0.414,0.000,0.586
254500,0.470,0.001,0.529
255000,0.517,0.000,0.483
255500,0.429,0.000,0.571
256000,0.487,0.000,0.513
256500,0.522,0.000,0.478
257000,0.498,0.000,0.502
257500,0.418,0.000,0.582
258000,0.439,0.000,0.561
258500,0.425,0.000,0.575
259000,0.485,0.000,0.515
259500,0.513,0.000,0.487
260000,0.481,0.000,0.519
260500,0.468,0.000,0.532
261000,0.549,0.000,0.451
261500,0.538,0.000,0.462
262000,0.454,0.000,0.546
262500,0.534,0.000,0.466
263000,0.549,0.000,0.451
263500,0.496,0.000,0.504
264000,0.424,0.000,0.576
264500,0.502,0.000,0.498
265000,0.539,0.000,0.461
265500,0.442,0.000,0.558
266000,0.493,0.000,0.507
266500,0.475,0.000,0.525
267000,0.341,0.001,0.658
267500,0.400,0.000,0.600
268000,0.467,0.000,0.533
268500,0.487,0.000,0.513
269000,0.513,0.000,0.487
269500,0.444,0.000,0.556
270000,0.403,0.001,0.596
270500,0.512,0.000,0.488
271000,0.493,0.000,0.507
271500,0.432,0.000,0.568
272000,0.433,0.000,0.567
272500,0.448,0.000,0.552
273000,0.425,0.000,0.575
273500,0.509,0.000,0.491
274000,0.610,0.000,0.390
274500,0.527,0.000,0.473
275000,0.580,0.000,0.420
275500,0.514,0.000,0.486
276000,0.482,0.000,0.518
276500,0.415,0.004,0.581
277000,0.498,0.001,0.501
277500,0.509,0.000,0.491
278000,0.570,0.000,0.430
278500,0.610,0.000,0.390
279000,0.576,0.000,0.424
279500,0.573,0.000,0.427
280000,0.519,0.000,0.481
280500,0.426,0.000,0.574
281000,0.405,0.000,0.595
281500,0.427,0.001,0.572
282000,0.494,0.000,0.506
282500,0.470,0.000,0.530
283000,0.475,0.000,0.525
283500,0.499,0.000,0.501
284000,0.497,0.000,0.503
284500,0.509,0.000,0.491
285000,0.458,0.000,0.542
285500,0.530,0.000,0.470
286000,0.565,0.000,0.435
286500,0.542,0.000,0.458
287000,0.558,0.000,0.442
287500,0.526,0.000,0.474
288000,0.543,0.000,0.457
288500,0.496,0.008,0.496
289000,0.498,0.000,0.502
289500,0.549,0.000,0.451
290000,0.508,0.000,0.492
290500,0.552,0.000,0.448
291000,0.533,0.000,0.467
291500,0.552,0.000,0.448
292000,0.524,0.000,0.476
292500,0.561,0.000,0.439
293000,0.483,0.000,0.517
293500,0.509,0.000,0.491
294000,0.476,0.000,0.524
294500,0.473,0.000,0.527
295000,0.506,0.000,0.494
295500,0.540,0.000,0.460
296000,0.574,0.000,0.426
296500,0.561,0.000,0.439
297000,0.433,0.000,0.567
297500,0.451,0.000,0.549
298000,0.430,0.000,0.570
298500,0.542,0.000,0.458
299000,0.616,0.000,0.384
299500,0.528,0.000,0.472
300000,0.496,0.000,0.504
300500,0.517,0.000,0.483
301000,0.525,0.000,0.475
301500,0.493,0.000,0.507
302000,0.527,0.000,0.473
302500,0.529,0.000,0.471
303000,0.521,0.000,0.479
303500,0.556,0.000,0.444
304000,0.524,0.000,0.476
304500,0.442,0.000,0.558
305000,0.521,0.000,0.479
305500,0.569,0.000,0.431
306000,0.606,0.000,0.394
306500,0.541,0.000,0.459
307000,0.498,0.000,0.502
307500,0.548,0.000,0.452
308000,0.565,0.000,0.435
308500,0.590,0.000,0.410
309000,0.630,0.000,0.370
309500,0.605,0.000,0.395
310000,0.481,0.000,0.519
310500,0.474,0.000,0.526
311000,0.459,0.000,0.541
311500,0.516,0.000,0.484
312000,0.550,0.000,0.450
312500,0.474,0.002,0.524
313000,0.582,0.000,0.418
313500,0.508,0.000,0.492
314000,0.512,0.000,0.488
314500,0.525,0.000,0.475
315000,0.531,0.000,0.469
315500,0.536,0.000,0.464
316000,0.485,0.000,0.515
316500,0.492,0.001,0.507
317000,0.454,0.000,0.546
317500,0.486,0.000,0.514
318000,0.476,0.000,0.524
318500,0.479,0.000,0.521
319000,0.479,0.000,0.521
319500,0.530,0.000,0.470
320000,0.523,0.000,0.477
320500,0.498,0.000,0.502
321000,0.444,0.002,0.554
321500,0.467,0.000,0.533
322000,0.493,0.000,0.507
322500,0.496,0.000,0.504
323000,0.512,0.000,0.488
323500,0.519,0.000,0.481
324000,0.504,0.000,0.496
324500,0.408,0.000,0.592
325000,0.390,0.000,0.610
325500,0.443,0.000,0.557
326000,0.443,0.003,0.554
326500,0.531,0.000,0.469
327000,0.510,0.000,0.490
327500,0.547,0.000,0.453
328000,0.468,0.000,0.532
328500,0.420,0.000,0.580
329000,0.494,0.000,0.506
329500,0.516,0.000,0.484
330000,0.512,0.000,0.488
330500,0.484,0.000,0.516
331000,0.483,0.000,0.517
331500,0.487,0.000,0.513
332000,0.447,0.005,0.548
332500,0.543,0.000,0.457
333000,0.574,0.000,0.426
333500,0.470,0.000,0.530
334000,0.527,0.000,0.473
334500,0.521,0.000,0.479
335000,0.478,0.000,0.522
335500,0.555,0.000,0.445
336000,0.408,0.000,0.592
336500,0.471,0.000,0.529
337000,0.428,0.000,0.572
337500,0.474,0.000,0.526
338000,0.481,0.000,0.519
338500,0.433,0.000,0.567
339000,0.432,0.000,0.568
339500,0.523,0.000,0.477
340000,0.436,0.000,0.564
340500,0.431,0.000,0.569
341000,0.566,0.000,0.434
341500,0.676,0.000,0.324
342000,0.637,0.000,0.363
342500,0.608,0.000,0.392
343000,0.500,0.000,0.500
343500,0.490,0.000,0.510
344000,0.506,0.000,0.494
344500,0.542,0.000,0.458
345000,0.523,0.000,0.477
345500,0.531,0.000,0.469
346000,0.601,0.000,0.399
346500,0.518,0.000,0.482
347000,0.571,0.000,0.429
347500,0.522,0.000,0.478
348000,0.438,0.000,0.562
348500,0.413,0.000,0.587
349000,0.526,0.000,0.474
349500,0.600,0.000,0.400
350000,0.629,0.000,0.371
350500,0.585,0.000,0.415
351000,0.551,0.000,0.449
351500,0.542,0.000,0.458
352000,0.543,0.000,0.457
352500,0.402,0.010,0.588
353000,0.469,0.000,0.531
353500,0.439,0.000,0.561
354000,0.461,0.001,0.538
354500,0.470,0.002,0.528
355000,0.511,0.000,0.489
355500,0.558,0.000,0.442
356000,0.536,0.000,0.464
356500,0.537,0.000,0.463
357000,0.518,0.000,0.482
357500,0.540,0.000,0.460
358000,0.576,0.000,0.424
358500,0.528,0.000,0.472
359000,0.561,0.000,0.439
359500,0.535,0.000,0.465
360000,0.460,0.000,0.540
360500,0.354,0.000,0.646
361000,0.469,0.000,0.531
361500,0.434,0.000,0.566
362000,0.435,0.000,0.565
362500,0.567,0.000,0.433
363000,0.585,0.000,0.415
363500,0.567,0.000,0.433
364000,0.583,0.000,0.417
364500,0.657,0.000,0.343
365000,0.548,0.000,0.452
365500,0.583,0.000,0.417
366000,0.508,0.000,0.492
366500,0.534,0.000,0.466
367000,0.555,0.000,0.445
367500,0.495,0.000,0.505
368000,0.508,0.000,0.492
368500,0.505,0.000,0.495
369000,0.545,0.000,0.455
369500,0.494,0.000,0.506
370000,0.546,0.000,0.454
370500,0.543,0.000,0.457
371000,0.457,0.000,0.543
371500,0.481,0.000,0.519
372000,0.484,0.000,0.516
372500,0.554,0.000,0.446
373000,0.584,0.000,0.416
373500,0.573,0.000,0.427
374000,0.461,0.000,0.539
374500,0.450,0.008,0.542
375000,0.480,0.001,0.519
375500,0.516,0.000,0.484
376000,0.516,0.000,0.484
376500,0.460,0.000,0.540
377000,0.541,0.000,0.459
377500,0.459,0.000,0.541
378000,0.473,0.000,0.527
378500,0.437,0.000,0.563
379000,0.396,0.000,0.604
379500,0.481,0.000,0.519
380000,0.502,0.000,0.498
380500,0.569,0.000,0.431
381000,0.558,0.000,0.442
381500,0.465,0.000,0.535
382000,0.554,0.000,0.446
382500,0.505,0.000,0.495
383000,0.611,0.000,0.389
383500,0.637,0.000,0.363
384000,0.589,0.000,0.411
384500,0.547,0.000,0.453
385000,0.543,0.000,0.457
385500,0.441,0.000,0.559
386000,0.461,0.000,0.539
386500,0.458,0.000,0.542
387000,0.504,0.000,0.496
387500,0.446,0.000,0.554
388000,0.530,0.000,0.470
388500,0.490,0.000,0.510
389000,0.524,0.000,0.476
389500,0.489,0.000,0.511
390000,0.520,0.000,0.480
390500,0.550,0.000,0.450
391000,0.582,0.000,0.418
391500,0.575,0.000,0.425
392000,0.523,0.000,0.477
392500,0.555,0.000,0.445
393000,0.499,0.000,0.501
393500,0.594,0.000,0.406
394000,0.559,0.000,0.441
394500,0.455,0.000,0.545
395000,0.508,0.000,0.492
395500,0.496,0.000,0.504
396000,0.430,0.000,0.570
396500,0.517,0.000,0.483
397000,0.437,0.000,0.563
397500,0.398,0.000,0.602
398000,0.369,0.000,0.631
398500,0.425,0.000,0.575
399000,0.540,0.000,0.460
399500,0.556,0.000,0.444
400000,0.521,0.000,0.479
400500,0.529,0.000,0.471
401000,0.610,0.000,0.390
401500,0.517,0.000,0.483
402000,0.560,0.000,0.440
402500,0.653,0.000,0.347
403000,0.612,0.000,0.388
403500,0.572,0.000,0.428
404000,0.500,0.000,0.500
404500,0.541,0.000,0.459
405000,0.567,0.000,0.433
405500,0.595,0.000,0.405
406000,0.600,0.000,0.400
406500,0.539,0.000,0.461
407000,0.535,0.000,0.465
407500,0.529,0.000,0.471
408000,0.525,0.000,0.475
408500,0.542,0.000,0.458
409000,0.551,0.000,0.449
409500,0.546,0.000,0.454
410000,0.608,0.000,0.392
410500,0.659,0.000,0.341
411000,0.588,0.000,0.412
411500,0.591,0.000,0.409
412000,0.624,0.000,0.376
412500,0.507,0.000,0.493
413000,0.477,0.000,0.523
413500,0.534,0.000,0.466
414000,0.585,0.000,0.415
414500,0.482,0.000,0.518
415000,0.491,0.000,0.509
415500,0.468,0.000,0.532
416000,0.481,0.000,0.519
416500,0.439,0.000,0.561
417000,0.462,0.000,0.538
417500,0.440,0.000,0.560
418000,0.447,0.000,0.553
418500,0.367,0.000,0.633
419000,0.510,0.000,0.490
419500,0.567,0.000,0.433
420000,0.539,0.000,0.461
420500,0.621,0.000,0.379
421000,0.516,0.000,0.484
421500,0.498,0.000,0.502
422000,0.460,0.000,0.540
422500,0.452,0.000,0.548
423000,0.471,0.000,0.529
423500,0.463,0.000,0.537
424000,0.495,0.000,0.505
424500,0.426,0.000,0.574
425000,0.556,0.000,0.444
425500,0.564,0.000,0.436
426000,0.508,0.000,0.492
426500,0.406,0.000,0.594
427000,0.543,0.000,0.457
427500,0.525,0.000,0.475
428000,0.567,0.000,0.433
428500,0.521,0.000,0.479
429000,0.429,0.000,0.571
429500,0.483,0.000,0.517
430000,0.492,0.000,0.508
430500,0.526,0.000,0.474
431000,0.480,0.000,0.520
431500,0.592,0.000,0.408
432000,0.577,0.000,0.423
432500,0.599,0.000,0.401
433000,0.511,0.000,0.489
433500,0.512,0.000,0.488
434000,0.532,0.000,0.468
434500,0.517,0.000,0.483
435000,0.623,0.000,0.377
435500,0.511,0.000,0.489
436000,0.436,0.000,0.564
436500,0.465,0.000,0.535
437000,0.505,0.000,0.495
437500,0.493,0.000,0.507
438000,0.520,0.000,0.480
438500,0.611,0.000,0.389
439000,0.584,0.000,0.416
439500,0.526,0.000,0.474
440000,0.476,0.007,0.517
440500,0.384,0.003,0.613
441000,0.468,0.001,0.531
441500,0.510,0.000,0.490
442000,0.451,0.004,0.545
442500,0.520,0.000,0.480
443000,0.484,0.000,0.516
443500,0.535,0.000,0.465
444000,0.482,0.000,0.518
444500,0.484,0.000,0.516
445000,0.579,0.000,0.421
445500,0.523,0.000,0.477
446000,0.529,0.000,0.471
446500,0.526,0.000,0.474
447000,0.470,0.001,0.529
447500,0.528,0.000,0.472
448000,0.371,0.000,0.629
448500,0.448,0.000,0.552
449000,0.469,0.000,0.531
449500,0.580,0.000,0.420
450000,0.488,0.000,0.512
450500,0.549,0.000,0.451
451000,0.499,0.000,0.501
451500,0.448,0.000,0.552
452000,0.476,0.000,0.524
452500,0.505,0.000,0.495
453000,0.555,0.000,0.445
453500,0.488,0.000,0.512
454000,0.514,0.000,0.486
454500,0.528,0.000,0.472
455000,0.478,0.000,0.522
455500,0.503,0.000,0.497
456000,0.443,0.000,0.557
456500,0.479,0.000,0.521
457000,0.532,0.000,0.468
457500,0.542,0.000,0.458
458000,0.503,0.000,0.497
458500,0.591,0.000,0.409
459000,0.491,0.000,0.509
459500,0.474,0.000,0.526
460000,0.435,0.010,0.555
460500,0.452,0.000,0.548
461000,0.491,0.000,0.509
461500,0.441,0.000,0.559
462000,0.420,0.008,0.572
462500,0.452,0.000,0.548
463000,0.478,0.000,0.522
463500,0.598,0.000,0.402
464000,0.607,0.000,0.393
464500,0.546,0.000,0.454
465000,0.439,0.000,0.561
465500,0.485,0.000,0.515
466000,0.470,0.000,0.530
466500,0.482,0.000,0.518
467000,0.438,0.000,0.562
467500,0.493,0.002,0.505
468000,0.485,0.000,0.515
468500,0.494,0.000,0.506
469000,0.497,0.000,0.503
469500,0.453,0.000,0.547
470000,0.451,0.000,0.549
470500,0.484,0.000,0.516
471000,0.463,0.000,0.537
471500,0.448,0.000,0.552
472000,0.422,0.000,0.578
472500,0.443,0.000,0.557
473000,0.512,0.000,0.488
473500,0.541,0.000,0.459
474000,0.575,0.000,0.425
474500,0.523,0.000,0.477
475000,0.528,0.000,0.472
475500,0.501,0.000,0.499
476000,0.494,0.000,0.506
476500,0.421,0.000,0.579
477000,0.486,0.000,0.514
477500,0.443,0.000,0.557
478000,0.457,0.000,0.543
478500,0.535,0.000,0.465
479000,0.564,0.000,0.436
479500,0.471,0.000,0.529
480000,0.491,0.000,0.509
480500,0.547,0.000,0.453
481000,0.565,0.000,0.435
481500,0.563,0.000,0.437
482000,0.521,0.000,0.479
482500,0.475,0.000,0.525
483000,0.503,0.000,0.497
483500,0.468,0.000,0.532
484000,0.388,0.008,0.604
484500,0.484,0.000,0.516
485000,0.514,0.000,0.486
485500,0.551,0.000,0.449
486000,0.622,0.000,0.378
486500,0.569,0.000,0.431
487000,0.530,0.000,0.470
487500,0.443,0.000,0.557
488000,0.561,0.000,0.439
488500,0.498,0.003,0.499
489000,0.550,0.000,0.450
489500,0.571,0.000,0.429
490000,0.434,0.000,0.566
490500,0.469,0.000,0.531
491000,0.481,0.000,0.519
491500,0.414,0.000,0.586
492000,0.458,0.000,0.542
492500,0.556,0.000,0.444
493000,0.511,0.000,0.489
493500,0.490,0.000,0.510
494000,0.592,0.000,0.408
494500,0.583,0.000,0.417
495000,0.576,0.000,0.424
495500,0.556,0.000,0.444
496000,0.495,0.000,0.505
496500,0.502,0.000,0.498
497000,0.523,0.000,0.477
497500,0.519,0.000,0.481
498000,0.517,0.000,0.483
498500,0.476,0.000,0.524
499000,0.436,0.000,0.564
499500,0.497,0.000,0.503
500000,0.498,0.000,0.502
500500,0.522,0.000,0.478
501000,0.475,0.000,0.525
501500,0.557,0.000,0.443
502000,0.484,0.000,0.516
502500,0.424,0.001,0.575
503000,0.474,0.000,0.526
503500,0.569,0.000,0.431
504000,0.507,0.000,0.493
504500,0.468,0.000,0.532
505000,0.566,0.000,0.434
505500,0.506,0.000,0.494
506000,0.513,0.000,0.487
506500,0.569,0.000,0.431
507000,0.528,0.000,0.472
507500,0.480,0.000,0.520
508000,0.492,0.000,0.508
508500,0.503,0.000,0.497
509000,0.517,0.000,0.483
509500,0.466,0.000,0.534
510000,0.483,0.000,0.517
510500,0.454,0.009,0.537
511000,0.451,0.001,0.548
511500,0.480,0.000,0.520
512000,0.511,0.000,0.489
512500,0.494,0.000,0.506
513000,0.524,0.000,0.476
513500,0.490,0.000,0.510
514000,0.466,0.000,0.534
514500,0.355,0.008,0.637
515000,0.481,0.001,0.518
515500,0.511,0.000,0.489
516000,0.478,0.000,0.522
516500,0.522,0.000,0.478
517000,0.529,0.000,0.471
517500,0.441,0.000,0.559
518000,0.468,0.000,0.532
518500,0.472,0.000,0.528
519000,0.515,0.000,0.485
519500,0.533,0.003,0.464
520000,0.535,0.000,0.465
520500,0.503,0.000,0.497
521000,0.542,0.000,0.458
521500,0.590,0.000,0.410
522000,0.488,0.000,0.512
522500,0.481,0.000,0.519
523000,0.458,0.000,0.542
523500,0.436,0.000,0.564
524000,0.461,0.000,0.539
524500,0.601,0.000,0.399
525000,0.538,0.000,0.462
525500,0.508,0.000,0.492
526000,0.488,0.000,0.512
526500,0.582,0.000,0.418
527000,0.505,0.000,0.495
527500,0.600,0.000,0.400
528000,0.510,0.000,0.490
528500,0.479,0.000,0.521
529000,0.519,0.000,0.481
529500,0.588,0.000,0.412
530000,0.600,0.000,0.400
530500,0.476,0.000,0.524
531000,0.456,0.000,0.544
531500,0.474,0.000,0.526
532000,0.533,0.000,0.467
532500,0.450,0.000,0.550
533000,0.467,0.000,0.533
533500,0.490,0.000,0.510
534000,0.499,0.000,0.501
534500,0.463,0.000,0.537
535000,0.530,0.000,0.470
535500,0.550,0.000,0.450
536000,0.579,0.000,0.421
536500,0.553,0.000,0.447
537000,0.536,0.000,0.464
537500,0.516,0.000,0.484
538000,0.577,0.000,0.423
538500,0.457,0.000,0.543
539000,0.437,0.000,0.563
539500,0.370,0.000,0.630
540000,0.460,0.000,0.540
540500,0.438,0.002,0.560
541000,0.477,0.000,0.523
541500,0.513,0.000,0.487
542000,0.556,0.000,0.444
542500,0.632,0.000,0.368
543000,0.701,0.000,0.299
543500,0.607,0.000,0.393
544000,0.624,0.000,0.376
544500,0.566,0.000,0.434
545000,0.538,0.000,0.462
545500,0.552,0.000,0.448
546000,0.531,0.000,0.469
546500,0.529,0.000,0.471
547000,0.454,0.000,0.546
547500,0.556,0.000,0.444
548000,0.544,0.000,0.456
548500,0.619,0.000,0.381
549000,0.517,0.000,0.483
549500,0.571,0.000,0.429
550000,0.568,0.000,0.432
550500,0.501,0.000,0.499
551000,0.422,0.000,0.578
551500,0.505,0.000,0.495
552000,0.504,0.000,0.496
552500,0.474,0.000,0.526
553000,0.527,0.000,0.473
553500,0.524,0.000,0.476
554000,0.419,0.000,0.581
554500,0.491,0.000,0.509
555000,0.418,0.000,0.582
555500,0.433,0.000,0.567
556000,0.520,0.000,0.480
556500,0.503,0.000,0.497
557000,0.492,0.000,0.508
557500,0.455,0.000,0.545
558000,0.484,0.000,0.516
558500,0.527,0.000,0.473
559000,0.523,0.000,0.477
559500,0.483,0.000,0.517
560000,0.496,0.000,0.504
560500,0.505,0.000,0.495
561000,0.479,0.000,0.521
561500,0.450,0.000,0.550
562000,0.292,0.008,0.700
562500,0.470,0.000,0.530
563000,0.511,0.000,0.489
563500,0.468,0.000,0.532
564000,0.468,0.000,0.532
564500,0.436,0.000,0.564
565000,0.480,0.000,0.520
565500,0.453,0.000,0.547
566000,0.447,0.000,0.553
566500,0.568,0.005,0.427
567000,0.512,0.000,0.488
567500,0.470,0.000,0.530
568000,0.446,0.000,0.554
568500,0.489,0.000,0.511
569000,0.507,0.000,0.493
569500,0.544,0.000,0.456
570000,0.554,0.000,0.446
570500,0.557,0.000,0.443
571000,0.469,0.000,0.531
571500,0.532,0.000,0.468
572000,0.565,0.000,0.435
572500,0.488,0.000,0.512
573000,0.452,0.000,0.548
573500,0.479,0.000,0.521
574000,0.443,0.000,0.557
574500,0.500,0.000,0.500
575000,0.470,0.000,0.530
575500,0.472,0.000,0.528
576000,0.494,0.000,0.506
576500,0.515,0.000,0.485
577000,0.516,0.000,0.484
577500,0.526,0.000,0.474
578000,0.450,0.000,0.550
578500,0.586,0.000,0.414
579000,0.603,0.000,0.397
579500,0.427,0.000,0.573
580000,0.494,0.000,0.506
580500,0.597,0.000,0.403
581000,0.531,0.000,0.469
581500,0.549,0.000,0.451
582000,0.511,0.000,0.489
582500,0.479,0.000,0.521
583000,0.441,0.000,0.559
583500,0.482,0.000,0.518
584000,0.510,0.000,0.490
584500,0.529,0.000,0.471
585000,0.491,0.000,0.509
585500,0.531,0.000,0.469
586000,0.429,0.000,0.571
586500,0.384,0.005,0.611
587000,0.509,0.000,0.491
587500,0.494,0.000,0.506
588000,0.537,0.000,0.463
588500,0.534,0.000,0.466
589000,0.560,0.000,0.440
589500,0.442,0.000,0.558
590000,0.493,0.001,0.506
590500,0.517,0.000,0.483
591000,0.478,0.000,0.522
591500,0.498,0.000,0.502
592000,0.497,0.000,0.503
592500,0.445,0.000,0.555
593000,0.503,0.000,0.497
593500,0.493,0.000,0.507
594000,0.431,0.000,0.569
594500,0.477,0.000,0.523
595000,0.429,0.001,0.570
595500,0.448,0.000,0.552
596000,0.463,0.000,0.537
596500,0.450,0.000,0.550
597000,0.430,0.000,0.570
597500,0.521,0.000,0.479
598000,0.504,0.000,0.496
598500,0.540,0.000,0.460
599000,0.547,0.000,0.453
599500,0.482,0.000,0.518
600000,0.551,0.000,0.449
600500,0.548,0.000,0.452
601000,0.471,0.000,0.529
601500,0.394,0.000,0.606
602000,0.549,0.000,0.451
602500,0.519,0.000,0.481
603000,0.520,0.000,0.480
603500,0.515,0.000,0.485
604000,0.572,0.000,0.428
604500,0.513,0.000,0.487
605000,0.534,0.000,0.466
605500,0.481,0.000,0.519
606000,0.442,0.000,0.558
606500,0.520,0.000,0.480
607000,0.501,0.000,0.499
607500,0.563,0.000,0.437
608000,0.556,0.000,0.444
608500,0.562,0.000,0.438
609000,0.504,0.000,0.496
609500,0.576,0.000,0.424
610000,0.526,0.000,0.474
610500,0.564,0.000,0.436
611000,0.491,0.000,0.509
611500,0.491,0.000,0.509
612000,0.494,0.000,0.506
612500,0.499,0.000,0.501
613000,0.493,0.000,0.507
613500,0.523,0.000,0.477
614000,0.503,0.000,0.497
614500,0.551,0.000,0.449
615000,0.624,0.000,0.376
615500,0.542,0.000,0.458
616000,0.467,0.000,0.533
616500,0.523,0.000,0.477
617000,0.540,0.000,0.460
617500,0.531,0.000,0.469
618000,0.576,0.000,0.424
618500,0.527,0.000,0.473
619000,0.465,0.000,0.535
619500,0.492,0.000,0.508
620000,0.559,0.000,0.441
620500,0.455,0.000,0.545
621000,0.448,0.000,0.552
621500,0.506,0.000,0.494
622000,0.516,0.000,0.484
622500,0.500,0.000,0.500
623000,0.516,0.000,0.484
623500,0.483,0.000,0.517
624000,0.558,0.000,0.442
624500,0.505,0.001,0.494
625000,0.584,0.000,0.416
625500,0.550,0.000,0.450
626000,0.480,0.000,0.520
626500,0.480,0.000,0.520
627000,0.569,0.000,0.431
627500,0.556,0.000,0.444
628000,0.529,0.000,0.471
628500,0.528,0.000,0.472
629000,0.555,0.000,0.445
629500,0.421,0.001,0.578
630000,0.491,0.000,0.509
630500,0.457,0.000,0.543
631000,0.497,0.000,0.503
631500,0.520,0.002,0.478
632000,0.485,0.000,0.515
632500,0.485,0.000,0.515
633000,0.548,0.000,0.452
633500,0.448,0.000,0.552
634000,0.459,0.000,0.541
634500,0.522,0.000,0.478
635000,0.545,0.000,0.455
635500,0.570,0.000,0.430
636000,0.579,0.000,0.421
636500,0.495,0.000,0.505
637000,0.514,0.000,0.486
637500,0.532,0.000,0.468
638000,0.533,0.000,0.467
638500,0.469,0.000,0.531
639000,0.493,0.000,0.507
639500,0.472,0.000,0.528
640000,0.503,0.000,0.497
640500,0.382,0.000,0.618
641000,0.417,0.000,0.583
641500,0.395,0.010,0.595
642000,0.486,0.000,0.514
642500,0.547,0.000,0.453
643000,0.515,0.000,0.485
643500,0.500,0.000,0.500
644000,0.566,0.000,0.434
644500,0.568,0.000,0.432
645000,0.594,0.000,0.406
645500,0.566,0.000,0.434
646000,0.491,0.000,0.509
646500,0.478,0.000,0.522
647000,0.495,0.000,0.505
647500,0.470,0.000,0.530
648000,0.463,0.000,0.537
648500,0.420,0.000,0.580
649000,0.413,0.000,0.587
649500,0.523,0.000,0.477
650000,0.537,0.000,0.463
650500,0.594,0.000,0.406
651000,0.497,0.000,0.503
651500,0.543,0.000,0.457
652000,0.573,0.000,0.427
652500,0.496,0.000,0.504
653000,0.478,0.002,0.520
653500,0.459,0.000,0.541
654000,0.454,0.000,0.546
654500,0.470,0.000,0.530
655000,0.513,0.000,0.487
655500,0.466,0.000,0.534
656000,0.563,0.000,0.437
656500,0.532,0.000,0.468
657000,0.510,0.002,0.488
657500,0.549,0.000,0.451
658000,0.545,0.006,0.449
658500,0.479,0.003,0.518
659000,0.480,0.000,0.520
659500,0.379,0.000,0.621
660000,0.451,0.001,0.548
660500,0.501,0.000,0.499
661000,0.553,0.000,0.447
661500,0.570,0.000,0.430
662000,0.562,0.000,0.438
662500,0.489,0.000,0.511
663000,0.438,0.000,0.562
663500,0.485,0.000,0.515
664000,0.456,0.000,0.544
664500,0.424,0.000,0.576
665000,0.439,0.000,0.561
665500,0.523,0.000,0.477
666000,0.596,0.000,0.404
666500,0.527,0.000,0.473
667000,0.568,0.000,0.432
667500,0.621,0.000,0.379
668000,0.533,0.000,0.467
668500,0.499,0.000,0.501
669000,0.533,0.000,0.467
669500,0.516,0.000,0.484
670000,0.458,0.000,0.542
670500,0.497,0.000,0.503
671000,0.550,0.000,0.450
671500,0.551,0.000,0.449
672000,0.480,0.000,0.520
672500,0.562,0.000,0.438
673000,0.477,0.000,0.523
673500,0.542,0.000,0.458
674000,0.526,0.000,0.474
674500,0.564,0.000,0.436
675000,0.532,0.000,0.468
675500,0.435,0.000,0.565
676000,0.434,0.000,0.566
676500,0.485,0.003,0.512
677000,0.526,0.000,0.474
677500,0.569,0.000,0.431
678000,0.605,0.000,0.395
678500,0.506,0.000,0.494
679000,0.508,0.000,0.492
679500,0.600,0.000,0.400
680000,0.614,0.000,0.386
680500,0.553,0.000,0.447
681000,0.574,0.000,0.426
681500,0.501,0.000,0.499
682000,0.565,0.000,0.435
682500,0.420,0.000,0.580
683000,0.465,0.000,0.535
683500,0.505,0.000,0.495
684000,0.470,0.000,0.530
684500,0.397,0.000,0.603
685000,0.435,0.000,0.565
685500,0.454,0.000,0.546
686000,0.433,0.000,0.567
686500,0.509,0.000,0.491
687000,0.482,0.000,0.518
687500,0.531,0.000,0.469
688000,0.559,0.000,0.441
688500,0.489,0.000,0.511
689000,0.516,0.000,0.484
689500,0.515,0.000,0.485
690000,0.548,0.000,0.452
690500,0.535,0.000,0.465
691000,0.564,0.000,0.436
691500,0.529,0.000,0.471
692000,0.577,0.000,0.423
692500,0.568,0.000,0.432
693000,0.465,0.000,0.535
693500,0.532,0.000,0.468
694000,0.463,0.000,0.537
694500,0.392,0.000,0.608
695000,0.460,0.000,0.540
695500,0.487,0.000,0.513
696000,0.417,0.005,0.578
696500,0.476,0.000,0.524
697000,0.516,0.000,0.484
697500,0.527,0.007,0.466
698000,0.517,0.000,0.483
698500,0.453,0.000,0.547
699000,0.455,0.000,0.545
699500,0.522,0.000,0.478
700000,0.567,0.000,0.433
700500,0.431,0.000,0.569
701000,0.511,0.000,0.489
701500,0.552,0.000,0.448
702000,0.481,0.000,0.519
702500,0.495,0.000,0.505
703000,0.557,0.000,0.443
703500,0.595,0.000,0.405
704000,0.613,0.000,0.387
704500,0.686,0.000,0.314
705000,0.618,0.000,0.382
705500,0.520,0.000,0.480
706000,0.400,0.000,0.600
706500,0.403,0.000,0.597
707000,0.564,0.000,0.436
707500,0.601,0.000,0.399
708000,0.624,0.000,0.376
708500,0.580,0.000,0.420
709000,0.481,0.000,0.519
709500,0.479,0.000,0.521
710000,0.553,0.000,0.447
710500,0.585,0.000,0.415
711000,0.602,0.000,0.398
711500,0.647,0.000,0.353
712000,0.472,0.000,0.528
712500,0.500,0.000,0.500
713000,0.447,0.000,0.553
713500,0.414,0.000,0.586
714000,0.579,0.000,0.421
714500,0.497,0.000,0.503
715000,0.415,0.000,0.585
715500,0.412,0.000,0.588
716000,0.453,0.000,0.547
716500,0.487,0.000,0.513
717000,0.484,0.000,0.516
717500,0.573,0.000,0.427
718000,0.542,0.000,0.458
718500,0.475,0.000,0.525
719000,0.480,0.000,0.520
719500,0.568,0.000,0.432
720000,0.629,0.000,0.371
720500,0.597,0.000,0.403
721000,0.539,0.000,0.461
721500,0.475,0.005,0.520
722000,0.468,0.002,0.530
722500,0.507,0.000,0.493
723000,0.500,0.000,0.500
723500,0.510,0.000,0.490
724000,0.500,0.000,0.500
724500,0.598,0.000,0.402
725000,0.604,0.000,0.396
725500,0.614,0.000,0.386
726000,0.622,0.000,0.378
726500,0.522,0.012,0.466
727000,0.508,0.000,0.492
727500,0.494,0.000,0.506
728000,0.472,0.000,0.528
728500,0.529,0.000,0.471
729000,0.543,0.000,0.457
729500,0.525,0.000,0.475
730000,0.439,0.000,0.561
730500,0.386,0.003,0.611
731000,0.388,0.004,0.608
731500,0.416,0.000,0.584
732000,0.526,0.001,0.473
732500,0.422,0.001,0.577
733000,0.437,0.000,0.563
733500,0.453,0.000,0.547
734000,0.430,0.000,0.570
734500,0.403,0.000,0.597
735000,0.395,0.003,0.602
735500,0.432,0.000,0.568
736000,0.458,0.000,0.542
736500,0.422,0.000,0.578
737000,0.392,0.000,0.608
737500,0.425,0.000,0.575
738000,0.445,0.009,0.546
738500,0.458,0.000,0.542
739000,0.496,0.000,0.504
739500,0.554,0.000,0.446
740000,0.490,0.000,0.510
740500,0.518,0.000,0.482
741000,0.507,0.000,0.493
741500,0.509,0.000,0.491
742000,0.477,0.000,0.523
742500,0.525,0.000,0.475
743000,0.573,0.000,0.427
743500,0.529,0.000,0.471
744000,0.512,0.000,0.488
744500,0.578,0.000,0.422
745000,0.504,0.000,0.496
745500,0.501,0.000,0.499
746000,0.533,0.000,0.467
746500,0.430,0.000,0.570
747000,0.513,0.000,0.487
747500,0.521,0.000,0.479
748000,0.506,0.000,0.494
748500,0.566,0.000,0.434
749000,0.614,0.000,0.386
749500,0.519,0.000,0.481
750000,0.400,0.004,0.596
750500,0.458,0.000,0.542
751000,0.403,0.000,0.597
751500,0.433,0.000,0.567
752000,0.453,0.000,0.547
752500,0.543,0.000,0.457
753000,0.467,0.000,0.533
753500,0.603,0.000,0.397
754000,0.516,0.000,0.484
754500,0.479,0.000,0.521
755000,0.471,0.000,0.529
755500,0.424,0.000,0.576
756000,0.411,0.001,0.588
756500,0.408,0.007,0.585
757000,0.454,0.000,0.546
757500,0.478,0.000,0.522
758000,0.489,0.000,0.511
758500,0.551,0.000,0.449
759000,0.487,0.002,0.511
759500,0.503,0.000,0.497
760000,0.577,0.000,0.423
760500,0.530,0.000,0.470
761000,0.382,0.000,0.618
761500,0.491,0.000,0.509
762000,0.480,0.000,0.520
762500,0.458,0.000,0.542
763000,0.566,0.000,0.434
763500,0.515,0.000,0.485
764000,0.532,0.000,0.468
764500,0.475,0.000,0.525
765000,0.480,0.000,0.520
765500,0.494,0.002,0.504
766000,0.497,0.000,0.503
766500,0.544,0.000,0.456
767000,0.466,0.000,0.534
767500,0.428,0.005,0.567
768000,0.532,0.000,0.468
768500,0.473,0.000,0.527
769000,0.480,0.000,0.520
769500,0.490,0.000,0.510
770000,0.441,0.000,0.559
770500,0.533,0.000,0.467
771000,0.539,0.000,0.461
771500,0.499,0.000,0.501
772000,0.486,0.000,0.514
772500,0.475,0.000,0.525
773000,0.573,0.002,0.425
773500,0.549,0.000,0.451
774000,0.621,0.000,0.379
774500,0.474,0.000,0.526
775000,0.362,0.000,0.638
775500,0.509,0.000,0.491
776000,0.503,0.000,0.497
776500,0.560,0.000,0.440
777000,0.546,0.000,0.454
777500,0.439,0.000,0.561
778000,0.557,0.000,0.443
778500,0.481,0.000,0.519
779000,0.610,0.000,0.390
779500,0.646,0.000,0.354
780000,0.510,0.000,0.490
780500,0.461,0.000,0.539
781000,0.486,0.000,0.514
781500,0.496,0.000,0.504
782000,0.501,0.000,0.499
782500,0.480,0.000,0.520
783000,0.446,0.000,0.554
783500,0.473,0.000,0.527
784000,0.625,0.000,0.375
784500,0.585,0.000,0.415
785000,0.563,0.000,0.437
785500,0.464,0.000,0.536
786000,0.456,0.000,0.544
786500,0.446,0.000,0.554
787000,0.501,0.000,0.499
787500,0.400,0.008,0.592
788000,0.500,0.000,0.500
788500,0.469,0.000,0.531
789000,0.433,0.000,0.567
789500,0.446,0.000,0.554
790000,0.494,0.000,0.506
790500,0.461,0.000,0.539
791000,0.523,0.000,0.477
791500,0.466,0.000,0.534
792000,0.527,0.000,0.473
792500,0.503,0.000,0.497
793000,0.613,0.000,0.387
793500,0.482,0.000,0.518
794000,0.485,0.000,0.515
794500,0.571,0.000,0.429
795000,0.523,0.000,0.477
795500,0.487,0.000,0.513
796000,0.492,0.000,0.508
796500,0.527,0.000,0.473
797000,0.459,0.000,0.541
797500,0.528,0.000,0.472
798000,0.510,0.000,0.490
798500,0.517,0.000,0.483
799000,0.516,0.000,0.484
799500,0.546,0.000,0.454
800000,0.576,0.000,0.424
800500,0.491,0.000,0.509
801000,0.502,0.000,0.498
801500,0.517,0.000,0.483
802000,0.473,0.000,0.527
802500,0.507,0.000,0.493
803000,0.549,0.000,0.451
803500,0.550,0.000,0.450
804000,0.350,0.000,0.650
804500,0.442,0.000,0.558
805000,0.449,0.000,0.551
805500,0.397,0.000,0.603
806000,0.483,0.000,0.517
806500,0.477,0.000,0.523
807000,0.397,0.000,0.603
807500,0.496,0.000,0.504
808000,0.508,0.000,0.492
808500,0.509,0.000,0.491
809000,0.549,0.000,0.451
809500,0.580,0.000,0.420
810000,0.450,0.000,0.550
810500,0.384,0.000,0.616
811000,0.434,0.001,0.565
811500,0.429,0.000,0.571
812000,0.514,0.000,0.486
812500,0.451,0.000,0.549
813000,0.517,0.001,0.482
813500,0.467,0.000,0.533
814000,0.578,0.000,0.422
814500,0.456,0.000,0.544
815000,0.441,0.000,0.559
815500,0.464,0.000,0.536
816000,0.555,0.000,0.445
816500,0.499,0.000,0.501
817000,0.453,0.000,0.547
817500,0.454,0.000,0.546
818000,0.421,0.000,0.579
818500,0.467,0.000,0.533
819000,0.583,0.000,0.417
819500,0.519,0.000,0.481
820000,0.405,0.008,0.587
820500,0.499,0.000,0.501
821000,0.488,0.000,0.512
821500,0.559,0.000,0.441
822000,0.550,0.000,0.450
822500,0.531,0.000,0.469
823000,0.526,0.000,0.474
823500,0.662,0.000,0.338
824000,0.566,0.000,0.434
824500,0.536,0.000,0.464
825000,0.500,0.000,0.500
825500,0.566,0.000,0.434
826000,0.486,0.000,0.514
826500,0.480,0.000,0.520
827000,0.504,0.000,0.496
827500,0.494,0.000,0.506
828000,0.446,0.000,0.554
828500,0.496,0.000,0.504
829000,0.383,0.003,0.614
829500,0.385,0.005,0.610
830000,0.406,0.000,0.594
830500,0.511,0.000,0.489
831000,0.520,0.000,0.480
831500,0.545,0.000,0.455
832000,0.464,0.000,0.536
832500,0.418,0.000,0.582
833000,0.486,0.000,0.514
833500,0.542,0.000,0.458
834000,0.572,0.000,0.428
834500,0.520,0.000,0.480
835000,0.552,0.000,0.448
835500,0.552,0.000,0.448
836000,0.510,0.000,0.490
836500,0.480,0.000,0.520
837000,0.574,0.000,0.426
837500,0.575,0.000,0.425
838000,0.541,0.000,0.459
838500,0.635,0.000,0.365
839000,0.642,0.000,0.358
839500,0.535,0.000,0.465
840000,0.493,0.000,0.507
840500,0.492,0.000,0.508
841000,0.503,0.000,0.497
841500,0.549,0.000,0.451
842000,0.507,0.000,0.493
842500,0.500,0.000,0.500
843000,0.496,0.000,0.504
843500,0.555,0.000,0.445
844000,0.493,0.000,0.507
844500,0.447,0.002,0.551
845000,0.493,0.000,0.507
845500,0.408,0.000,0.592
846000,0.476,0.000,0.524
846500,0.425,0.000,0.575
847000,0.472,0.000,0.528
847500,0.502,0.000,0.498
848000,0.449,0.000,0.551
848500,0.445,0.000,0.555
849000,0.464,0.000,0.536
849500,0.471,0.000,0.529
850000,0.543,0.000,0.457
850500,0.492,0.000,0.508
851000,0.513,0.000,0.487
851500,0.455,0.000,0.545
852000,0.448,0.000,0.552
852500,0.454,0.000,0.546
853000,0.561,0.000,0.439
853500,0.612,0.000,0.388
854000,0.623,0.000,0.377
854500,0.517,0.000,0.483
855000,0.493,0.000,0.507
855500,0.423,0.000,0.577
856000,0.450,0.000,0.550
856500,0.449,0.000,0.551
857000,0.476,0.001,0.523
857500,0.506,0.005,0.489
858000,0.580,0.000,0.420
858500,0.546,0.000,0.454
859000,0.537,0.000,0.463
859500,0.523,0.000,0.477
860000,0.477,0.004,0.519
860500,0.414,0.000,0.586
861000,0.466,0.000,0.534
861500,0.546,0.000,0.454
862000,0.537,0.000,0.463
862500,0.499,0.000,0.501
863000,0.451,0.000,0.549
863500,0.463,0.000,0.537
864000,0.554,0.000,0.446
864500,0.545,0.000,0.455
865000,0.439,0.000,0.561
865500,0.437,0.000,0.563
866000,0.517,0.000,0.483
866500,0.590,0.000,0.410
867000,0.498,0.000,0.502
867500,0.486,0.000,0.514
868000,0.418,0.004,0.578
868500,0.505,0.002,0.493
869000,0.488,0.000,0.512
869500,0.488,0.000,0.512
870000,0.493,0.000,0.507
870500,0.471,0.000,0.529
871000,0.378,0.002,0.620
871500,0.453,0.000,0.547
872000,0.438,0.000,0.562
872500,0.434,0.006,0.560
873000,0.439,0.001,0.560
873500,0.504,0.000,0.496
874000,0.435,0.002,0.563
874500,0.401,0.001,0.598
875000,0.493,0.000,0.507
875500,0.461,0.000,0.539
876000,0.479,0.000,0.521
876500,0.511,0.000,0.489
877000,0.522,0.000,0.478
877500,0.488,0.000,0.512
878000,0.511,0.000,0.489
878500,0.563,0.000,0.437
879000,0.565,0.000,0.435
879500,0.513,0.000,0.487
880000,0.544,0.000,0.456
880500,0.499,0.000,0.501
881000,0.518,0.000,0.482
881500,0.516,0.001,0.483
882000,0.520,0.000,0.480
882500,0.494,0.000,0.506
883000,0.540,0.000,0.460
883500,0.428,0.000,0.572
884000,0.470,0.001,0.529
884500,0.410,0.000,0.590
885000,0.443,0.000,0.557
885500,0.430,0.008,0.562
886000,0.507,0.001,0.492
886500,0.503,0.000,0.497
887000,0.431,0.000,0.569
887500,0.580,0.000,0.420
888000,0.645,0.000,0.355
888500,0.656,0.000,0.344
889000,0.549,0.000,0.451
889500,0.580,0.000,0.420
890000,0.549,0.000,0.451
890500,0.633,0.000,0.367
891000,0.524,0.000,0.476
891500,0.497,0.000,0.503
892000,0.538,0.000,0.462
892500,0.619,0.000,0.381
893000,0.601,0.000,0.399
893500,0.527,0.000,0.473
894000,0.425,0.000,0.575
894500,0.454,0.000,0.546
895000,0.467,0.000,0.533
895500,0.420,0.000,0.580
896000,0.414,0.000,0.586
896500,0.418,0.000,0.582
897000,0.485,0.000,0.515
897500,0.618,0.000,0.382
898000,0.483,0.000,0.517
898500,0.510,0.000,0.490
899000,0.423,0.000,0.577
899500,0.456,0.000,0.544
900000,0.571,0.000,0.429
900500,0.584,0.000,0.416
901000,0.520,0.000,0.480
901500,0.507,0.000,0.493
902000,0.472,0.000,0.528
902500,0.492,0.000,0.508
903000,0.541,0.000,0.459
903500,0.549,0.000,0.451
904000,0.527,0.000,0.473
904500,0.540,0.000,0.460
905000,0.510,0.000,0.490
905500,0.425,0.000,0.575
906000,0.499,0.000,0.501
906500,0.417,0.000,0.583
907000,0.574,0.000,0.426
907500,0.425,0.000,0.575
908000,0.404,0.005,0.591
908500,0.506,0.000,0.494
909000,0.484,0.000,0.516
909500,0.435,0.000,0.565
910000,0.482,0.000,0.518
910500,0.585,0.000,0.415
911000,0.547,0.000,0.453
911500,0.599,0.000,0.401
912000,0.525,0.000,0.475
912500,0.509,0.000,0.491
913000,0.540,0.000,0.460
913500,0.437,0.000,0.563
914000,0.571,0.000,0.429
914500,0.551,0.000,0.449
915000,0.528,0.000,0.472
915500,0.480,0.000,0.520
916000,0.436,0.001,0.563
916500,0.481,0.000,0.519
917000,0.528,0.000,0.472
917500,0.475,0.000,0.525
918000,0.498,0.000,0.502
918500,0.521,0.000,0.479
919000,0.533,0.000,0.467
919500,0.520,0.000,0.480
920000,0.507,0.000,0.493
920500,0.524,0.000,0.476
921000,0.525,0.000,0.475
921500,0.567,0.000,0.433
922000,0.541,0.000,0.459
922500,0.501,0.000,0.499
923000,0.493,0.000,0.507
923500,0.462,0.000,0.538
924000,0.340,0.003,0.657
924500,0.447,0.001,0.552
925000,0.472,0.000,0.528
925500,0.443,0.000,0.557
926000,0.537,0.000,0.463
926500,0.483,0.000,0.517
927000,0.499,0.000,0.501
927500,0.449,0.000,0.551
928000,0.465,0.000,0.535
928500,0.534,0.000,0.466
929000,0.590,0.000,0.410
929500,0.521,0.000,0.479
930000,0.476,0.000,0.524
930500,0.519,0.000,0.481
931000,0.524,0.000,0.476
931500,0.485,0.000,0.515
932000,0.609,0.000,0.391
932500,0.602,0.000,0.398
933000,0.535,0.000,0.465
933500,0.506,0.000,0.494
934000,0.467,0.000,0.533
934500,0.446,0.000,0.554
935000,0.460,0.000,0.540
935500,0.444,0.000,0.556
936000,0.370,0.010,0.620
936500,0.445,0.000,0.555
937000,0.434,0.009,0.557
937500,0.524,0.000,0.476
938000,0.510,0.000,0.490
938500,0.489,0.005,0.506
939000,0.372,0.000,0.628
939500,0.376,0.010,0.614
940000,0.500,0.000,0.500
940500,0.538,0.000,0.462
941000,0.508,0.000,0.492
941500,0.464,0.000,0.536
942000,0.456,0.000,0.544
942500,0.487,0.000,0.513
943000,0.496,0.000,0.504
943500,0.488,0.003,0.509
944000,0.441,0.002,0.557
944500,0.463,0.000,0.537
945000,0.487,0.000,0.513
945500,0.581,0.000,0.419
946000,0.612,0.000,0.388
946500,0.567,0.000,0.433
947000,0.502,0.000,0.498
947500,0.437,0.000,0.563
948000,0.372,0.009,0.619
948500,0.398,0.004,0.598
949000,0.526,0.000,0.474
949500,0.492,0.000,0.508
950000,0.498,0.000,0.502
950500,0.452,0.000,0.548
951000,0.556,0.000,0.444
951500,0.601,0.000,0.399
952000,0.575,0.000,0.425
952500,0.502,0.000,0.498
953000,0.445,0.000,0.555
953500,0.417,0.000,0.583
954000,0.457,0.002,0.541
954500,0.499,0.000,0.501
955000,0.455,0.000,0.545
955500,0.448,0.000,0.552
956000,0.478,0.000,0.522
956500,0.480,0.000,0.520
957000,0.486,0.000,0.514
957500,0.426,0.000,0.574
958000,0.483,0.000,0.517
958500,0.500,0.000,0.500
959000,0.473,0.000,0.527
959500,0.507,0.000,0.493
960000,0.512,0.000,0.488
960500,0.499,0.000,0.501
961000,0.578,0.000,0.422
961500,0.534,0.000,0.466
962000,0.567,0.000,0.433
962500,0.566,0.000,0.434
963000,0.532,0.000,0.468
963500,0.620,0.000,0.380
964000,0.623,0.000,0.377
964500,0.644,0.000,0.356
965000,0.553,0.000,0.447
965500,0.563,0.000,0.437
966000,0.556,0.000,0.444
966500,0.582,0.000,0.418
967000,0.578,0.000,0.422
967500,0.438,0.000,0.562
968000,0.486,0.000,0.514
968500,0.459,0.000,0.541
969000,0.521,0.000,0.479
969500,0.573,0.000,0.427
970000,0.576,0.000,0.424
970500,0.521,0.000,0.479
971000,0.434,0.000,0.566
971500,0.463,0.000,0.537
972000,0.456,0.000,0.544
972500,0.478,0.000,0.522
973000,0.469,0.000,0.531
973500,0.443,0.000,0.557
974000,0.449,0.000,0.551
974500,0.423,0.001,0.576
975000,0.475,0.000,0.525
975500,0.513,0.000,0.487
976000,0.509,0.000,0.491
976500,0.598,0.000,0.402
977000,0.443,0.000,0.557
977500,0.536,0.000,0.464
978000,0.499,0.000,0.501
978500,0.499,0.000,0.501
979000,0.478,0.000,0.522
979500,0.464,0.000,0.536
980000,0.474,0.000,0.526
980500,0.419,0.000,0.581
981000,0.395,0.000,0.605
981500,0.515,0.000,0.485
982000,0.426,0.000,0.574
982500,0.436,0.002,0.562
983000,0.581,0.000,0.419
983500,0.467,0.003,0.530
984000,0.493,0.001,0.506
984500,0.539,0.000,0.461
985000,0.510,0.000,0.490
985500,0.559,0.000,0.441
986000,0.540,0.000,0.460
986500,0.520,0.000,0.480
987000,0.528,0.000,0.472
987500,0.501,0.000,0.499
988000,0.511,0.000,0.489
988500,0.437,0.000,0.563
989000,0.490,0.000,0.510
989500,0.572,0.000,0.428
990000,0.590,0.000,0.410
990500,0.602,0.000,0.398
991000,0.580,0.000,0.420
991500,0.552,0.000,0.448
992000,0.515,0.000,0.485
992500,0.414,0.000,0.586
993000,0.433,0.000,0.567
993500,0.527,0.000,0.473
994000,0.473,0.000,0.527
994500,0.418,0.000,0.582
995000,0.416,0.003,0.581
995500,0.490,0.000,0.510
996000,0.517,0.000,0.483
996500,0.489,0.000,0.511
997000,0.465,0.000,0.535
997500,0.540,0.000,0.460
998000,0.556,0.000,0.444
998500,0.464,0.000,0.536
999000,0.569,0.000,0.431
999500,0.584,0.000,0.416
1000000,0.597,0.000,0.403
