time,n_A+p,n_B,n_AB
500,0.050,0.905,0.045
1000,0.050,0.875,0.075
1500,0.050,0.862,0.088
2000,0.050,0.829,0.121
2500,0.050,0.840,0.110
3000,0.050,0.826,0.124
3500,0.050,0.840,0.110
4000,0.050,0.851,0.099
4500,0.050,0.842,0.108
5000,0.050,0.842,0.108
5500,0.050,0.854,0.096
6000,0.050,0.852,0.098
6500,0.050,0.835,0.115
7000,0.050,0.816,0.134
7500,0.050,0.847,0.103
8000,0.050,0.862,0.088
8500,0.050,0.853,0.097
9000,0.050,0.837,0.113
9500,0.050,0.819,0.131
10000,0.050,0.838,0.112
10500,0.050,0.837,0.113
11000,0.050,0.810,0.140
11500,0.050,0.821,0.129
12000,0.050,0.815,0.135
12500,0.050,0.826,0.124
13000,0.050,0.830,0.120
13500,0.050,0.834,0.116
14000,0.050,0.821,0.129
14500,0.050,0.808,0.142
15000,0.050,0.829,0.121
15500,0.050,0.836,0.114
16000,0.050,0.830,0.120
16500,0.050,0.823,0.127
17000,0.050,0.838,0.112
17500,0.050,0.842,0.108
18000,0.050,0.844,0.106
18500,0.050,0.841,0.109
19000,0.050,0.827,0.123
19500,0.050,0.803,0.147
20000,0.050,0.790,0.159
20500,0.050,0.791,0.158
21000,0.051,0.799,0.149
21500,0.051,0.814,0.136
22000,0.050,0.808,0.141
22500,0.051,0.802,0.146
23000,0.050,0.811,0.138
23500,0.050,0.806,0.144
24000,0.050,0.785,0.164
24500,0.050,0.815,0.135
25000,0.050,0.807,0.142
25500,0.050,0.836,0.114
26000,0.050,0.821,0.129
26500,0.050,0.805,0.145
27000,0.050,0.794,0.156
27500,0.050,0.800,0.149
28000,0.050,0.808,0.142
28500,0.050,0.798,0.151
29000,0.050,0.821,0.129
29500,0.050,0.818,0.132
30000,0.050,0.832,0.118
30500,0.050,0.829,0.121
31000,0.050,0.851,0.099
31500,0.050,0.852,0.098
32000,0.050,0.824,0.126
32500,0.050,0.813,0.137
33000,0.050,0.826,0.124
33500,0.050,0.844,0.106
34000,0.050,0.817,0.133
34500,0.050,0.821,0.129
35000,0.050,0.820,0.130
35500,0.050,0.822,0.128
36000,0.050,0.826,0.124
36500,0.050,0.819,0.131
37000,0.050,0.798,0.151
37500,0.050,0.808,0.141
38000,0.050,0.798,0.151
38500,0.050,0.807,0.143
39000,0.050,0.793,0.156
39500,0.051,0.815,0.134
40000,0.050,0.817,0.133
40500,0.050,0.828,0.122
41000,0.050,0.817,0.133
41500,0.050,0.828,0.122
42000,0.051,0.823,0.127
42500,0.050,0.799,0.151
43000,0.050,0.789,0.161
43500,0.050,0.801,0.148
44000,0.050,0.820,0.130
44500,0.050,0.821,0.129
45000,0.050,0.832,0.118
45500,0.050,0.831,0.119
46000,0.050,0.810,0.140
46500,0.050,0.835,0.115
47000,0.050,0.846,0.104
47500,0.050,0.867,0.083
48000,0.050,0.839,0.111
48500,0.050,0.829,0.121
49000,0.050,0.824,0.126
49500,0.050,0.816,0.134
50000,0.050,0.795,0.154
50500,0.050,0.797,0.152
51000,0.050,0.795,0.154
51500,0.050,0.785,0.164
52000,0.050,0.792,0.158
52500,0.051,0.807,0.142
53000,0.051,0.825,0.125
53500,0.050,0.820,0.130
54000,0.050,0.810,0.140
54500,0.050,0.829,0.121
55000,0.050,0.847,0.103
55500,0.050,0.844,0.106
56000,0.050,0.843,0.107
56500,0.050,0.839,0.111
57000,0.050,0.840,0.110
57500,0.050,0.812,0.138
58000,0.050,0.817,0.133
58500,0.050,0.827,0.123
59000,0.050,0.816,0.134
59500,0.050,0.827,0.123
60000,0.050,0.837,0.113
60500,0.050,0.824,0.126
61000,0.050,0.828,0.122
61500,0.050,0.811,0.138
62000,0.050,0.808,0.142
62500,0.051,0.826,0.123
63000,0.051,0.797,0.152
63500,0.051,0.803,0.146
64000,0.050,0.814,0.136
64500,0.050,0.818,0.132
65000,0.050,0.814,0.136
65500,0.050,0.810,0.140
66000,0.050,0.795,0.155
66500,0.050,0.808,0.141
67000,0.050,0.807,0.142
67500,0.050,0.793,0.157
68000,0.050,0.797,0.153
68500,0.051,0.790,0.159
69000,0.051,0.807,0.142
69500,0.050,0.798,0.151
70000,0.050,0.812,0.138
70500,0.050,0.793,0.156
71000,0.050,0.791,0.159
71500,0.050,0.808,0.141
72000,0.050,0.823,0.127
72500,0.050,0.826,0.124
73000,0.050,0.828,0.122
73500,0.050,0.840,0.110
74000,0.051,0.834,0.115
74500,0.050,0.829,0.121
75000,0.050,0.837,0.113
75500,0.050,0.844,0.106
76000,0.050,0.845,0.105
76500,0.050,0.841,0.109
77000,0.050,0.840,0.110
77500,0.050,0.847,0.103
78000,0.050,0.838,0.112
78500,0.050,0.856,0.094
79000,0.050,0.852,0.098
79500,0.050,0.862,0.088
80000,0.050,0.852,0.098
80500,0.050,0.847,0.103
81000,0.050,0.848,0.102
81500,0.050,0.849,0.101
82000,0.051,0.839,0.110
82500,0.051,0.836,0.113
83000,0.051,0.823,0.127
83500,0.051,0.831,0.119
84000,0.051,0.814,0.136
84500,0.050,0.825,0.125
85000,0.050,0.820,0.130
85500,0.050,0.809,0.140
86000,0.050,0.811,0.138
86500,0.050,0.814,0.136
87000,0.050,0.837,0.113
87500,0.050,0.835,0.115
88000,0.050,0.798,0.151
88500,0.050,0.811,0.139
89000,0.050,0.805,0.144
89500,0.050,0.806,0.143
90000,0.050,0.769,0.180
90500,0.050,0.766,0.184
91000,0.050,0.750,0.200
91500,0.050,0.783,0.167
92000,0.050,0.784,0.165
92500,0.050,0.791,0.159
93000,0.050,0.772,0.177
93500,0.050,0.809,0.140
94000,0.050,0.822,0.128
94500,0.051,0.814,0.136
95000,0.051,0.832,0.118
95500,0.050,0.832,0.118
96000,0.050,0.850,0.100
96500,0.050,0.842,0.108
97000,0.050,0.847,0.103
97500,0.050,0.828,0.122
98000,0.050,0.821,0.129
98500,0.050,0.832,0.118
99000,0.050,0.837,0.113
99500,0.050,0.832,0.118
100000,0.050,0.824,0.126
100500,0.050,0.839,0.111
101000,0.050,0.839,0.111
101500,0.050,0.811,0.138
102000,0.050,0.837,0.113
102500,0.050,0.835,0.115
103000,0.051,0.836,0.113
103500,0.050,0.817,0.133
104000,0.050,0.817,0.133
104500,0.050,0.822,0.128
105000,0.050,0.825,0.125
105500,0.050,0.810,0.139
106000,0.050,0.811,0.138
106500,0.050,0.831,0.119
107000,0.050,0.839,0.111
107500,0.050,0.826,0.124
108000,0.050,0.795,0.155
108500,0.050,0.815,0.135
109000,0.050,0.819,0.131
109500,0.050,0.840,0.110
110000,0.050,0.814,0.136
110500,0.050,0.839,0.111
111000,0.050,0.828,0.122
111500,0.050,0.834,0.116
112000,0.050,0.833,0.117
112500,0.052,0.825,0.123
113000,0.051,0.814,0.136
113500,0.050,0.801,0.148
114000,0.050,0.817,0.133
114500,0.050,0.818,0.132
115000,0.050,0.823,0.127
115500,0.050,0.823,0.127
116000,0.050,0.826,0.124
116500,0.050,0.816,0.134
117000,0.050,0.819,0.131
117500,0.050,0.830,0.120
118000,0.050,0.826,0.124
118500,0.051,0.833,0.116
119000,0.051,0.810,0.138
119500,0.051,0.809,0.140
120000,0.051,0.818,0.132
120500,0.050,0.814,0.136
121000,0.051,0.819,0.130
121500,0.051,0.819,0.130
122000,0.050,0.821,0.129
122500,0.050,0.826,0.124
123000,0.050,0.817,0.133
123500,0.050,0.805,0.145
124000,0.050,0.807,0.143
124500,0.050,0.799,0.151
125000,0.050,0.786,0.163
125500,0.050,0.786,0.163
126000,0.050,0.802,0.147
126500,0.050,0.793,0.156
127000,0.050,0.807,0.143
127500,0.050,0.805,0.144
128000,0.050,0.804,0.145
128500,0.050,0.816,0.134
129000,0.050,0.794,0.156
129500,0.051,0.793,0.156
130000,0.050,0.773,0.176
130500,0.050,0.784,0.166
131000,0.050,0.793,0.156
131500,0.050,0.800,0.150
132000,0.050,0.790,0.160
132500,0.050,0.809,0.140
133000,0.050,0.822,0.128
133500,0.050,0.830,0.120
134000,0.050,0.830,0.120
134500,0.050,0.819,0.131
135000,0.050,0.805,0.144
135500,0.050,0.798,0.151
136000,0.050,0.816,0.134
136500,0.050,0.817,0.133
137000,0.050,0.814,0.136
137500,0.050,0.819,0.131
138000,0.050,0.816,0.134
138500,0.050,0.818,0.132
139000,0.050,0.803,0.146
139500,0.050,0.812,0.138
140000,0.050,0.796,0.154
140500,0.051,0.812,0.136
141000,0.051,0.812,0.137
141500,0.051,0.809,0.140
142000,0.050,0.811,0.139
142500,0.050,0.808,0.141
143000,0.050,0.793,0.157
143500,0.050,0.804,0.145
144000,0.050,0.815,0.135
144500,0.050,0.829,0.121
145000,0.050,0.807,0.142
145500,0.050,0.821,0.129
146000,0.050,0.804,0.145
146500,0.050,0.806,0.144
147000,0.050,0.807,0.142
147500,0.050,0.809,0.140
148000,0.051,0.816,0.134
148500,0.051,0.826,0.124
149000,0.050,0.832,0.118
149500,0.050,0.825,0.125
150000,0.050,0.829,0.121
150500,0.050,0.836,0.114
151000,0.050,0.817,0.133
151500,0.050,0.826,0.124
152000,0.051,0.817,0.132
152500,0.050,0.825,0.125
153000,0.050,0.816,0.134
153500,0.050,0.824,0.126
154000,0.050,0.811,0.139
154500,0.050,0.822,0.128
155000,0.050,0.841,0.109
155500,0.050,0.844,0.106
156000,0.050,0.842,0.108
156500,0.050,0.809,0.140
157000,0.050,0.810,0.139
157500,0.050,0.799,0.151
158000,0.050,0.795,0.155
158500,0.051,0.798,0.150
159000,0.050,0.814,0.136
159500,0.051,0.797,0.152
160000,0.051,0.804,0.145
160500,0.050,0.788,0.162
161000,0.050,0.792,0.158
161500,0.050,0.779,0.171
162000,0.050,0.782,0.168
162500,0.050,0.799,0.150
163000,0.050,0.786,0.163
163500,0.050,0.797,0.152
164000,0.050,0.779,0.171
164500,0.050,0.780,0.169
165000,0.050,0.790,0.160
165500,0.050,0.811,0.139
166000,0.050,0.797,0.153
166500,0.050,0.790,0.159
167000,0.050,0.791,0.159
167500,0.050,0.814,0.136
168000,0.050,0.795,0.155
168500,0.050,0.799,0.151
169000,0.050,0.807,0.142
169500,0.051,0.826,0.123
170000,0.051,0.815,0.135
170500,0.051,0.826,0.124
171000,0.051,0.815,0.135
171500,0.050,0.830,0.120
172000,0.050,0.836,0.114
172500,0.050,0.834,0.116
173000,0.050,0.812,0.137
173500,0.050,0.814,0.136
174000,0.050,0.823,0.127
174500,0.050,0.825,0.125
175000,0.050,0.831,0.119
175500,0.050,0.841,0.109
176000,0.050,0.829,0.121
176500,0.050,0.816,0.134
177000,0.050,0.834,0.116
177500,0.050,0.850,0.100
178000,0.050,0.840,0.110
178500,0.050,0.833,0.117
179000,0.050,0.812,0.138
179500,0.050,0.813,0.137
180000,0.050,0.822,0.128
180500,0.050,0.812,0.137
181000,0.050,0.824,0.126
181500,0.050,0.822,0.128
182000,0.050,0.818,0.132
182500,0.050,0.820,0.130
183000,0.050,0.843,0.107
183500,0.050,0.827,0.123
184000,0.050,0.845,0.105
184500,0.050,0.850,0.100
185000,0.050,0.827,0.123
185500,0.050,0.809,0.140
186000,0.050,0.818,0.132
186500,0.050,0.828,0.122
187000,0.050,0.837,0.113
187500,0.050,0.842,0.108
188000,0.050,0.833,0.117
188500,0.050,0.828,0.122
189000,0.050,0.832,0.118
189500,0.050,0.851,0.099
190000,0.050,0.833,0.117
190500,0.050,0.836,0.114
191000,0.050,0.826,0.124
191500,0.050,0.829,0.121
192000,0.052,0.823,0.125
192500,0.051,0.834,0.116
193000,0.050,0.850,0.100
193500,0.050,0.832,0.118
194000,0.050,0.799,0.150
194500,0.050,0.819,0.131
195000,0.050,0.832,0.118
195500,0.050,0.817,0.133
196000,0.050,0.814,0.136
196500,0.050,0.810,0.140
197000,0.050,0.816,0.134
197500,0.050,0.805,0.144
198000,0.050,0.837,0.113
198500,0.050,0.814,0.136
199000,0.050,0.836,0.114
199500,0.050,0.832,0.118
200000,0.050,0.834,0.116
200500,0.050,0.838,0.112
201000,0.050,0.833,0.117
201500,0.050,0.815,0.135
202000,0.051,0.827,0.123
202500,0.051,0.807,0.142
203000,0.050,0.812,0.138
203500,0.050,0.831,0.119
204000,0.051,0.840,0.110
204500,0.051,0.834,0.116
205000,0.051,0.810,0.139
205500,0.051,0.827,0.123
206000,0.050,0.832,0.118
206500,0.050,0.835,0.115
207000,0.050,0.822,0.128
207500,0.050,0.824,0.126
208000,0.050,0.828,0.122
208500,0.050,0.828,0.122
209000,0.050,0.845,0.105
209500,0.051,0.818,0.132
210000,0.051,0.817,0.133
210500,0.050,0.827,0.123
211000,0.050,0.823,0.127
211500,0.050,0.825,0.125
212000,0.050,0.831,0.119
212500,0.050,0.828,0.122
213000,0.050,0.837,0.113
213500,0.050,0.820,0.130
214000,0.050,0.829,0.121
214500,0.050,0.824,0.126
215000,0.050,0.839,0.111
215500,0.050,0.821,0.129
216000,0.050,0.836,0.114
216500,0.050,0.826,0.124
217000,0.050,0.816,0.134
217500,0.050,0.798,0.152
218000,0.050,0.809,0.140
218500,0.050,0.804,0.146
219000,0.050,0.809,0.141
219500,0.050,0.823,0.127
220000,0.050,0.808,0.141
220500,0.050,0.832,0.118
221000,0.051,0.796,0.153
221500,0.051,0.801,0.148
222000,0.050,0.808,0.141
222500,0.050,0.841,0.109
223000,0.050,0.811,0.138
223500,0.050,0.836,0.114
224000,0.050,0.821,0.129
224500,0.050,0.818,0.132
225000,0.050,0.817,0.133
225500,0.050,0.801,0.149
226000,0.050,0.810,0.140
226500,0.050,0.827,0.123
227000,0.050,0.825,0.125
227500,0.050,0.819,0.131
228000,0.050,0.847,0.103
228500,0.050,0.860,0.090
229000,0.050,0.848,0.102
229500,0.050,0.854,0.096
230000,0.050,0.826,0.124
230500,0.050,0.824,0.126
231000,0.050,0.823,0.127
231500,0.050,0.824,0.126
232000,0.050,0.841,0.109
232500,0.050,0.851,0.099
233000,0.050,0.845,0.105
233500,0.050,0.848,0.102
234000,0.050,0.831,0.119
234500,0.050,0.819,0.131
235000,0.050,0.821,0.129
235500,0.050,0.806,0.143
236000,0.050,0.824,0.126
236500,0.050,0.828,0.122
237000,0.050,0.837,0.113
237500,0.050,0.833,0.117
238000,0.050,0.829,0.121
238500,0.050,0.834,0.116
239000,0.050,0.822,0.128
239500,0.050,0.829,0.121
240000,0.050,0.833,0.117
240500,0.050,0.824,0.126
241000,0.050,0.822,0.128
241500,0.050,0.821,0.129
242000,0.050,0.795,0.155
242500,0.050,0.814,0.136
243000,0.050,0.821,0.129
243500,0.050,0.804,0.146
244000,0.050,0.835,0.115
244500,0.050,0.847,0.103
245000,0.050,0.837,0.113
245500,0.050,0.836,0.114
246000,0.050,0.816,0.134
246500,0.050,0.786,0.163
247000,0.050,0.799,0.151
247500,0.050,0.798,0.151
248000,0.050,0.791,0.159
248500,0.050,0.790,0.159
249000,0.051,0.807,0.141
249500,0.051,0.802,0.147
250000,0.050,0.821,0.129
250500,0.050,0.809,0.141
251000,0.050,0.801,0.148
251500,0.050,0.792,0.157
252000,0.050,0.781,0.168
252500,0.050,0.795,0.155
253000,0.050,0.810,0.139
253500,0.051,0.804,0.144
254000,0.050,0.807,0.142
254500,0.050,0.802,0.148
255000,0.050,0.817,0.133
255500,0.050,0.821,0.129
256000,0.050,0.812,0.137
256500,0.050,0.827,0.123
257000,0.050,0.829,0.121
257500,0.050,0.814,0.136
258000,0.051,0.818,0.132
258500,0.051,0.818,0.132
259000,0.050,0.809,0.140
259500,0.050,0.808,0.142
260000,0.050,0.830,0.120
260500,0.050,0.849,0.101
261000,0.050,0.844,0.106
261500,0.050,0.862,0.088
262000,0.050,0.862,0.088
262500,0.050,0.852,0.098
263000,0.050,0.862,0.088
263500,0.050,0.847,0.103
264000,0.050,0.860,0.090
264500,0.050,0.847,0.103
265000,0.050,0.859,0.091
265500,0.050,0.849,0.101
266000,0.050,0.830,0.120
266500,0.051,0.833,0.116
267000,0.051,0.850,0.099
267500,0.051,0.834,0.116
268000,0.050,0.839,0.111
268500,0.050,0.834,0.116
269000,0.050,0.818,0.132
269500,0.050,0.829,0.121
270000,0.050,0.809,0.140
270500,0.050,0.821,0.129
271000,0.050,0.818,0.132
271500,0.050,0.803,0.147
272000,0.050,0.824,0.126
272500,0.050,0.825,0.125
273000,0.050,0.826,0.124
273500,0.050,0.836,0.114
274000,0.050,0.846,0.104
274500,0.050,0.855,0.095
275000,0.050,0.858,0.092
275500,0.050,0.845,0.105
276000,0.050,0.841,0.109
276500,0.050,0.841,0.109
277000,0.050,0.826,0.124
277500,0.050,0.849,0.101
278000,0.050,0.843,0.107
278500,0.050,0.845,0.105
279000,0.050,0.847,0.103
279500,0.050,0.840,0.110
280000,0.050,0.810,0.139
280500,0.050,0.833,0.117
281000,0.050,0.832,0.118
281500,0.050,0.841,0.109
282000,0.050,0.839,0.111
282500,0.050,0.824,0.126
283000,0.050,0.821,0.129
283500,0.050,0.828,0.122
284000,0.050,0.820,0.130
284500,0.050,0.829,0.121
285000,0.050,0.821,0.129
285500,0.050,0.830,0.120
286000,0.050,0.848,0.102
286500,0.050,0.842,0.108
287000,0.050,0.810,0.140
287500,0.050,0.822,0.128
288000,0.050,0.830,0.120
288500,0.050,0.816,0.134
289000,0.050,0.817,0.133
289500,0.050,0.824,0.126
290000,0.051,0.758,0.190
290500,0.051,0.753,0.196
291000,0.051,0.784,0.165
291500,0.050,0.808,0.141
292000,0.050,0.818,0.132
292500,0.051,0.815,0.134
293000,0.051,0.827,0.123
293500,0.051,0.819,0.131
294000,0.050,0.804,0.145
294500,0.050,0.807,0.143
295000,0.050,0.818,0.132
295500,0.050,0.808,0.141
296000,0.052,0.822,0.126
296500,0.050,0.797,0.153
297000,0.050,0.772,0.178
297500,0.050,0.785,0.164
298000,0.050,0.794,0.156
298500,0.050,0.805,0.144
299000,0.050,0.823,0.127
299500,0.052,0.828,0.120
300000,0.051,0.835,0.114
300500,0.051,0.835,0.114
301000,0.050,0.825,0.125
301500,0.050,0.828,0.122
302000,0.050,0.825,0.125
302500,0.050,0.843,0.107
303000,0.050,0.855,0.095
303500,0.050,0.866,0.084
304000,0.050,0.846,0.104
304500,0.050,0.839,0.111
305000,0.050,0.837,0.113
305500,0.050,0.830,0.120
306000,0.050,0.803,0.146
306500,0.050,0.788,0.161
307000,0.050,0.822,0.128
307500,0.050,0.812,0.137
308000,0.050,0.833,0.117
308500,0.050,0.830,0.120
309000,0.050,0.810,0.140
309500,0.050,0.820,0.130
310000,0.050,0.818,0.132
310500,0.050,0.817,0.133
311000,0.050,0.838,0.112
311500,0.050,0.835,0.115
312000,0.050,0.830,0.120
312500,0.050,0.824,0.126
313000,0.050,0.814,0.136
313500,0.050,0.812,0.138
314000,0.050,0.801,0.148
314500,0.050,0.779,0.170
315000,0.050,0.793,0.157
315500,0.050,0.812,0.137
316000,0.050,0.809,0.140
316500,0.050,0.815,0.135
317000,0.050,0.800,0.150
317500,0.050,0.806,0.144
318000,0.050,0.811,0.139
318500,0.050,0.794,0.155
319000,0.050,0.798,0.152
319500,0.050,0.803,0.147
320000,0.050,0.812,0.138
320500,0.050,0.816,0.134
321000,0.050,0.832,0.118
321500,0.050,0.842,0.108
322000,0.050,0.840,0.110
322500,0.050,0.832,0.118
323000,0.050,0.831,0.119
323500,0.050,0.821,0.129
324000,0.050,0.826,0.124
324500,0.050,0.852,0.098
325000,0.050,0.837,0.113
325500,0.050,0.805,0.145
326000,0.050,0.814,0.136
326500,0.050,0.805,0.144
327000,0.050,0.803,0.147
327500,0.050,0.796,0.153
328000,0.050,0.783,0.167
328500,0.050,0.800,0.150
329000,0.050,0.796,0.153
329500,0.050,0.810,0.139
330000,0.050,0.818,0.132
330500,0.050,0.823,0.127
331000,0.052,0.780,0.168
331500,0.051,0.800,0.149
332000,0.051,0.818,0.132
332500,0.050,0.815,0.135
333000,0.050,0.834,0.116
333500,0.050,0.815,0.135
334000,0.050,0.809,0.141
334500,0.050,0.822,0.128
335000,0.050,0.830,0.120
335500,0.050,0.855,0.095
336000,0.050,0.860,0.090
336500,0.050,0.833,0.117
337000,0.050,0.821,0.129
337500,0.050,0.825,0.125
338000,0.051,0.828,0.122
338500,0.051,0.817,0.133
339000,0.050,0.809,0.140
339500,0.050,0.810,0.139
340000,0.050,0.836,0.114
340500,0.050,0.808,0.142
341000,0.050,0.812,0.138
341500,0.050,0.807,0.142
342000,0.050,0.817,0.133
342500,0.050,0.819,0.131
343000,0.050,0.811,0.138
343500,0.050,0.816,0.134
344000,0.050,0.841,0.109
344500,0.050,0.836,0.114
345000,0.050,0.847,0.103
345500,0.050,0.831,0.119
346000,0.050,0.809,0.140
346500,0.050,0.788,0.162
347000,0.050,0.785,0.165
347500,0.050,0.790,0.160
348000,0.050,0.815,0.135
348500,0.050,0.837,0.113
349000,0.050,0.817,0.133
349500,0.050,0.835,0.115
350000,0.050,0.834,0.116
350500,0.050,0.820,0.130
351000,0.050,0.833,0.117
351500,0.050,0.816,0.134
352000,0.050,0.843,0.107
352500,0.050,0.818,0.132
353000,0.050,0.815,0.135
353500,0.050,0.819,0.131
354000,0.050,0.817,0.133
354500,0.050,0.836,0.114
355000,0.050,0.811,0.139
355500,0.050,0.809,0.141
356000,0.050,0.805,0.144
356500,0.050,0.817,0.133
357000,0.050,0.835,0.115
357500,0.050,0.828,0.122
358000,0.050,0.809,0.141
358500,0.050,0.815,0.135
359000,0.050,0.805,0.144
359500,0.050,0.805,0.144
360000,0.050,0.809,0.140
360500,0.051,0.810,0.138
361000,0.050,0.808,0.142
361500,0.050,0.816,0.134
362000,0.050,0.814,0.136
362500,0.050,0.825,0.125
363000,0.050,0.824,0.126
363500,0.050,0.830,0.120
364000,0.050,0.826,0.124
364500,0.051,0.828,0.122
365000,0.050,0.822,0.128
365500,0.050,0.809,0.141
366000,0.050,0.795,0.155
366500,0.050,0.813,0.137
367000,0.051,0.819,0.130
367500,0.051,0.798,0.151
368000,0.050,0.818,0.132
368500,0.050,0.810,0.139
369000,0.050,0.799,0.151
369500,0.050,0.819,0.131
370000,0.050,0.826,0.124
370500,0.050,0.806,0.144
371000,0.050,0.782,0.167
371500,0.050,0.814,0.136
372000,0.050,0.821,0.129
372500,0.050,0.822,0.128
373000,0.050,0.825,0.125
373500,0.050,0.825,0.125
374000,0.050,0.837,0.113
374500,0.050,0.829,0.121
375000,0.050,0.824,0.126
375500,0.050,0.807,0.142
376000,0.050,0.802,0.148
376500,0.050,0.806,0.144
377000,0.050,0.816,0.134
377500,0.050,0.837,0.113
378000,0.050,0.838,0.112
378500,0.050,0.830,0.120
379000,0.050,0.847,0.103
379500,0.050,0.849,0.101
380000,0.050,0.842,0.108
380500,0.050,0.825,0.125
381000,0.050,0.823,0.127
381500,0.050,0.842,0.108
382000,0.050,0.824,0.126
382500,0.050,0.808,0.141
383000,0.050,0.804,0.146
383500,0.050,0.817,0.133
384000,0.050,0.817,0.133
384500,0.050,0.817,0.133
385000,0.050,0.822,0.128
385500,0.050,0.802,0.147
386000,0.051,0.808,0.140
386500,0.051,0.805,0.144
387000,0.052,0.809,0.138
387500,0.051,0.794,0.154
388000,0.051,0.808,0.140
388500,0.051,0.808,0.141
389000,0.051,0.801,0.148
389500,0.050,0.812,0.138
390000,0.050,0.820,0.130
390500,0.050,0.836,0.114
391000,0.050,0.836,0.114
391500,0.050,0.808,0.142
392000,0.050,0.822,0.128
392500,0.050,0.801,0.149
393000,0.050,0.802,0.148
393500,0.050,0.795,0.155
394000,0.050,0.781,0.168
394500,0.050,0.791,0.158
395000,0.050,0.778,0.171
395500,0.050,0.819,0.131
396000,0.050,0.832,0.118
396500,0.050,0.812,0.138
397000,0.050,0.826,0.124
397500,0.050,0.835,0.115
398000,0.050,0.806,0.144
398500,0.050,0.802,0.148
399000,0.050,0.801,0.149
399500,0.050,0.827,0.123
400000,0.050,0.819,0.131
400500,0.050,0.811,0.138
401000,0.050,0.832,0.118
401500,0.050,0.837,0.113
402000,0.050,0.807,0.142
402500,0.050,0.809,0.141
403000,0.050,0.834,0.116
403500,0.050,0.839,0.111
404000,0.050,0.855,0.095
404500,0.050,0.847,0.103
405000,0.050,0.830,0.120
405500,0.050,0.837,0.113
406000,0.050,0.825,0.125
406500,0.050,0.838,0.112
407000,0.050,0.843,0.107
407500,0.050,0.826,0.124
408000,0.050,0.841,0.109
408500,0.050,0.827,0.123
409000,0.050,0.808,0.142
409500,0.050,0.806,0.143
410000,0.050,0.841,0.109
410500,0.051,0.808,0.140
411000,0.051,0.815,0.135
411500,0.051,0.828,0.122
412000,0.051,0.804,0.145
412500,0.051,0.793,0.156
413000,0.051,0.792,0.156
413500,0.050,0.801,0.149
414000,0.050,0.801,0.148
414500,0.050,0.818,0.132
415000,0.050,0.781,0.168
415500,0.050,0.808,0.141
416000,0.050,0.808,0.142
416500,0.050,0.817,0.133
417000,0.050,0.810,0.140
417500,0.050,0.827,0.123
418000,0.050,0.824,0.126
418500,0.050,0.839,0.111
419000,0.050,0.839,0.111
419500,0.050,0.822,0.128
420000,0.050,0.823,0.127
420500,0.050,0.833,0.117
421000,0.050,0.812,0.137
421500,0.050,0.840,0.110
422000,0.050,0.828,0.122
422500,0.050,0.842,0.108
423000,0.050,0.843,0.107
423500,0.050,0.853,0.097
424000,0.050,0.854,0.096
424500,0.050,0.817,0.133
425000,0.050,0.815,0.135
425500,0.050,0.833,0.117
426000,0.050,0.822,0.128
426500,0.050,0.819,0.131
427000,0.050,0.827,0.123
427500,0.050,0.825,0.125
428000,0.050,0.826,0.124
428500,0.050,0.822,0.128
429000,0.050,0.842,0.108
429500,0.050,0.859,0.091
430000,0.050,0.866,0.084
430500,0.050,0.858,0.092
431000,0.050,0.849,0.101
431500,0.050,0.839,0.111
432000,0.050,0.845,0.105
432500,0.050,0.829,0.121
433000,0.050,0.814,0.136
433500,0.050,0.826,0.124
434000,0.050,0.827,0.123
434500,0.050,0.817,0.133
435000,0.050,0.807,0.143
435500,0.050,0.809,0.141
436000,0.050,0.808,0.142
436500,0.050,0.811,0.138
437000,0.050,0.805,0.145
437500,0.050,0.831,0.119
438000,0.050,0.841,0.109
438500,0.050,0.841,0.109
439000,0.050,0.856,0.094
439500,0.050,0.820,0.130
440000,0.050,0.831,0.119
440500,0.050,0.821,0.129
441000,0.050,0.819,0.131
441500,0.050,0.812,0.137
442000,0.050,0.805,0.144
442500,0.050,0.817,0.133
443000,0.050,0.809,0.140
443500,0.050,0.815,0.135
444000,0.050,0.815,0.135
444500,0.052,0.825,0.123
445000,0.051,0.831,0.119
445500,0.050,0.827,0.123
446000,0.050,0.844,0.106
446500,0.050,0.803,0.147
447000,0.050,0.805,0.144
447500,0.050,0.812,0.137
448000,0.050,0.827,0.123
448500,0.050,0.829,0.121
449000,0.050,0.829,0.121
449500,0.050,0.811,0.138
450000,0.050,0.816,0.134
450500,0.050,0.831,0.119
451000,0.050,0.833,0.117
451500,0.050,0.843,0.107
452000,0.050,0.853,0.097
452500,0.050,0.840,0.110
453000,0.050,0.837,0.113
453500,0.050,0.836,0.114
454000,0.050,0.801,0.149
454500,0.050,0.791,0.158
455000,0.050,0.814,0.136
455500,0.050,0.815,0.135
456000,0.050,0.823,0.127
456500,0.050,0.812,0.138
457000,0.050,0.835,0.115
457500,0.050,0.828,0.122
458000,0.050,0.816,0.134
458500,0.050,0.835,0.115
459000,0.050,0.834,0.116
459500,0.050,0.824,0.126
460000,0.050,0.831,0.119
460500,0.050,0.825,0.125
461000,0.050,0.812,0.138
461500,0.051,0.838,0.111
462000,0.051,0.821,0.129
462500,0.050,0.815,0.135
463000,0.050,0.836,0.114
463500,0.050,0.834,0.116
464000,0.050,0.838,0.112
464500,0.050,0.797,0.153
465000,0.050,0.814,0.136
465500,0.050,0.825,0.125
466000,0.050,0.824,0.126
466500,0.050,0.828,0.122
467000,0.050,0.829,0.121
467500,0.050,0.810,0.139
468000,0.050,0.799,0.150
468500,0.050,0.782,0.167
469000,0.050,0.775,0.175
469500,0.050,0.792,0.157
470000,0.050,0.833,0.117
470500,0.050,0.824,0.126
471000,0.050,0.825,0.125
471500,0.050,0.832,0.118
472000,0.050,0.840,0.110
472500,0.050,0.829,0.121
473000,0.050,0.830,0.120
473500,0.050,0.831,0.119
474000,0.050,0.811,0.139
474500,0.050,0.807,0.143
475000,0.050,0.824,0.126
475500,0.050,0.808,0.142
476000,0.050,0.818,0.132
476500,0.050,0.824,0.126
477000,0.050,0.844,0.106
477500,0.050,0.808,0.141
478000,0.050,0.836,0.114
478500,0.050,0.823,0.127
479000,0.050,0.807,0.142
479500,0.050,0.838,0.112
480000,0.050,0.835,0.115
480500,0.050,0.836,0.114
481000,0.050,0.829,0.121
481500,0.050,0.835,0.115
482000,0.050,0.848,0.102
482500,0.050,0.821,0.129
483000,0.050,0.830,0.120
483500,0.050,0.821,0.129
484000,0.050,0.846,0.104
484500,0.050,0.832,0.118
485000,0.051,0.845,0.104
485500,0.050,0.850,0.100
486000,0.050,0.853,0.097
486500,0.050,0.864,0.086
487000,0.050,0.836,0.114
487500,0.050,0.852,0.098
488000,0.050,0.841,0.109
488500,0.050,0.831,0.119
489000,0.050,0.846,0.104
489500,0.050,0.856,0.094
490000,0.050,0.846,0.104
490500,0.050,0.851,0.099
491000,0.050,0.857,0.093
491500,0.050,0.813,0.137
492000,0.050,0.801,0.148
492500,0.050,0.829,0.121
493000,0.050,0.822,0.128
493500,0.050,0.839,0.111
494000,0.050,0.840,0.110
494500,0.050,0.844,0.106
495000,0.050,0.822,0.128
495500,0.050,0.834,0.116
496000,0.050,0.860,0.090
496500,0.050,0.855,0.095
497000,0.050,0.847,0.103
497500,0.050,0.830,0.120
498000,0.050,0.822,0.128
498500,0.050,0.811,0.139
499000,0.050,0.810,0.140
499500,0.050,0.822,0.128
500000,0.050,0.820,0.130
500500,0.050,0.836,0.114
501000,0.050,0.838,0.112
501500,0.050,0.826,0.124
502000,0.050,0.829,0.121
502500,0.050,0.824,0.126
503000,0.050,0.808,0.141
503500,0.050,0.820,0.130
504000,0.050,0.803,0.147
504500,0.050,0.824,0.126
505000,0.050,0.830,0.120
505500,0.050,0.854,0.096
506000,0.050,0.845,0.105
506500,0.050,0.830,0.120
507000,0.050,0.824,0.126
507500,0.050,0.836,0.114
508000,0.050,0.849,0.101
508500,0.050,0.841,0.109
509000,0.050,0.813,0.137
509500,0.050,0.820,0.130
510000,0.050,0.820,0.130
510500,0.050,0.809,0.141
511000,0.050,0.819,0.131
511500,0.050,0.838,0.112
512000,0.050,0.829,0.121
512500,0.050,0.809,0.141
513000,0.050,0.823,0.127
513500,0.050,0.820,0.130
514000,0.050,0.818,0.132
514500,0.050,0.815,0.135
515000,0.050,0.830,0.120
515500,0.051,0.830,0.119
516000,0.050,0.831,0.119
516500,0.050,0.825,0.125
517000,0.050,0.818,0.132
517500,0.050,0.809,0.141
518000,0.050,0.822,0.128
518500,0.050,0.804,0.146
519000,0.051,0.804,0.144
519500,0.051,0.809,0.140
520000,0.051,0.796,0.153
520500,0.051,0.770,0.179
521000,0.051,0.790,0.159
521500,0.050,0.777,0.172
522000,0.050,0.799,0.151
522500,0.050,0.810,0.139
523000,0.050,0.816,0.134
523500,0.050,0.814,0.136
524000,0.050,0.818,0.132
524500,0.050,0.810,0.140
525000,0.050,0.814,0.136
525500,0.050,0.807,0.142
526000,0.050,0.791,0.158
526500,0.051,0.807,0.141
527000,0.050,0.818,0.132
527500,0.050,0.826,0.124
528000,0.050,0.806,0.144
528500,0.050,0.802,0.147
529000,0.050,0.793,0.157
529500,0.050,0.805,0.144
530000,0.050,0.819,0.131
530500,0.050,0.815,0.135
531000,0.050,0.811,0.139
531500,0.050,0.809,0.141
532000,0.050,0.795,0.154
532500,0.050,0.802,0.148
533000,0.050,0.771,0.178
533500,0.050,0.803,0.147
534000,0.050,0.800,0.149
534500,0.050,0.810,0.140
535000,0.050,0.825,0.125
535500,0.050,0.830,0.120
536000,0.050,0.830,0.120
536500,0.050,0.825,0.125
537000,0.050,0.806,0.143
537500,0.050,0.807,0.142
538000,0.050,0.807,0.142
538500,0.050,0.807,0.143
539000,0.050,0.771,0.179
539500,0.050,0.800,0.150
540000,0.050,0.810,0.139
540500,0.050,0.825,0.125
541000,0.050,0.826,0.124
541500,0.050,0.805,0.144
542000,0.050,0.821,0.129
542500,0.050,0.818,0.132
543000,0.051,0.802,0.147
543500,0.051,0.807,0.141
544000,0.050,0.824,0.126
544500,0.050,0.820,0.130
545000,0.050,0.804,0.146
545500,0.050,0.800,0.149
546000,0.050,0.804,0.146
546500,0.050,0.790,0.159
547000,0.050,0.832,0.118
547500,0.050,0.817,0.133
548000,0.050,0.811,0.138
548500,0.051,0.801,0.148
549000,0.050,0.806,0.143
549500,0.050,0.816,0.134
550000,0.050,0.821,0.129
550500,0.050,0.821,0.129
551000,0.050,0.825,0.125
551500,0.051,0.815,0.134
552000,0.050,0.845,0.105
552500,0.050,0.845,0.105
553000,0.050,0.824,0.126
553500,0.050,0.817,0.133
554000,0.050,0.821,0.129
554500,0.050,0.810,0.140
555000,0.050,0.816,0.134
555500,0.050,0.805,0.144
556000,0.050,0.807,0.143
556500,0.050,0.794,0.156
557000,0.050,0.806,0.144
557500,0.050,0.802,0.148
558000,0.050,0.818,0.132
558500,0.050,0.820,0.130
559000,0.050,0.839,0.111
559500,0.050,0.816,0.134
560000,0.050,0.840,0.110
560500,0.050,0.823,0.127
561000,0.050,0.832,0.118
561500,0.050,0.831,0.119
562000,0.050,0.820,0.130
562500,0.050,0.846,0.104
563000,0.050,0.839,0.111
563500,0.050,0.822,0.128
564000,0.051,0.814,0.135
564500,0.050,0.815,0.135
565000,0.050,0.819,0.131
565500,0.050,0.832,0.118
566000,0.050,0.817,0.133
566500,0.050,0.818,0.132
567000,0.050,0.817,0.133
567500,0.050,0.835,0.115
568000,0.050,0.836,0.114
568500,0.050,0.835,0.115
569000,0.050,0.834,0.116
569500,0.050,0.845,0.105
570000,0.050,0.822,0.128
570500,0.050,0.830,0.120
571000,0.050,0.822,0.128
571500,0.050,0.818,0.132
572000,0.050,0.815,0.135
572500,0.050,0.807,0.142
573000,0.050,0.807,0.143
573500,0.052,0.806,0.141
574000,0.053,0.819,0.128
574500,0.051,0.820,0.130
575000,0.051,0.830,0.120
575500,0.050,0.849,0.101
576000,0.050,0.843,0.107
576500,0.050,0.861,0.089
577000,0.050,0.852,0.098
577500,0.050,0.846,0.104
578000,0.050,0.829,0.121
578500,0.050,0.831,0.119
579000,0.050,0.843,0.107
579500,0.050,0.850,0.100
580000,0.050,0.844,0.106
580500,0.050,0.833,0.117
581000,0.050,0.832,0.118
581500,0.052,0.810,0.137
582000,0.051,0.801,0.148
582500,0.050,0.791,0.158
583000,0.050,0.797,0.152
583500,0.050,0.810,0.139
584000,0.051,0.818,0.131
584500,0.051,0.794,0.154
585000,0.051,0.824,0.126
585500,0.050,0.812,0.137
586000,0.050,0.809,0.140
586500,0.050,0.801,0.149
587000,0.050,0.837,0.113
587500,0.050,0.849,0.101
588000,0.050,0.847,0.103
588500,0.050,0.841,0.109
589000,0.050,0.827,0.123
589500,0.050,0.832,0.118
590000,0.050,0.838,0.112
590500,0.050,0.834,0.116
591000,0.050,0.829,0.121
591500,0.050,0.819,0.131
592000,0.050,0.818,0.132
592500,0.050,0.816,0.134
593000,0.050,0.790,0.160
593500,0.050,0.788,0.162
594000,0.050,0.778,0.172
594500,0.050,0.797,0.153
595000,0.050,0.829,0.121
595500,0.050,0.834,0.116
596000,0.050,0.828,0.122
596500,0.050,0.811,0.138
597000,0.050,0.824,0.126
597500,0.050,0.824,0.126
598000,0.050,0.816,0.134
598500,0.050,0.814,0.136
599000,0.050,0.817,0.133
599500,0.050,0.808,0.141
600000,0.050,0.806,0.144
600500,0.050,0.803,0.146
601000,0.050,0.824,0.126
601500,0.050,0.819,0.131
602000,0.050,0.815,0.135
602500,0.050,0.819,0.131
603000,0.050,0.849,0.101
603500,0.050,0.830,0.120
604000,0.050,0.822,0.128
604500,0.050,0.803,0.147
605000,0.050,0.790,0.159
605500,0.050,0.775,0.175
606000,0.050,0.789,0.160
606500,0.050,0.755,0.195
607000,0.050,0.764,0.185
607500,0.050,0.775,0.174
608000,0.050,0.810,0.139
608500,0.052,0.800,0.147
609000,0.051,0.799,0.149
609500,0.050,0.823,0.127
610000,0.050,0.823,0.127
610500,0.050,0.810,0.139
611000,0.050,0.847,0.103
611500,0.050,0.832,0.118
612000,0.050,0.835,0.115
612500,0.050,0.847,0.103
613000,0.050,0.838,0.112
613500,0.050,0.831,0.119
614000,0.050,0.820,0.130
614500,0.050,0.807,0.142
615000,0.050,0.819,0.131
615500,0.050,0.831,0.119
616000,0.050,0.809,0.141
616500,0.051,0.814,0.135
617000,0.051,0.808,0.141
617500,0.050,0.825,0.125
618000,0.050,0.826,0.124
618500,0.050,0.839,0.111
619000,0.050,0.825,0.125
619500,0.050,0.816,0.134
620000,0.050,0.841,0.109
620500,0.051,0.834,0.116
621000,0.050,0.840,0.110
621500,0.050,0.860,0.090
622000,0.050,0.862,0.088
622500,0.050,0.838,0.112
623000,0.050,0.815,0.135
623500,0.050,0.830,0.120
624000,0.050,0.839,0.111
624500,0.050,0.821,0.129
625000,0.050,0.827,0.123
625500,0.050,0.827,0.123
626000,0.050,0.826,0.124
626500,0.050,0.824,0.126
627000,0.050,0.831,0.119
627500,0.050,0.832,0.118
628000,0.050,0.821,0.129
628500,0.050,0.835,0.115
629000,0.050,0.830,0.120
629500,0.050,0.823,0.127
630000,0.050,0.800,0.150
630500,0.050,0.805,0.144
631000,0.050,0.809,0.141
631500,0.050,0.800,0.150
632000,0.050,0.799,0.150
632500,0.051,0.807,0.141
633000,0.051,0.807,0.142
633500,0.051,0.793,0.156
634000,0.051,0.799,0.150
634500,0.051,0.771,0.178
635000,0.051,0.779,0.169
635500,0.051,0.797,0.152
636000,0.050,0.792,0.158
636500,0.050,0.790,0.160
637000,0.050,0.801,0.148
637500,0.051,0.814,0.136
638000,0.051,0.806,0.143
638500,0.051,0.796,0.153
639000,0.050,0.791,0.158
639500,0.050,0.808,0.142
640000,0.050,0.806,0.143
640500,0.050,0.825,0.125
641000,0.050,0.807,0.143
641500,0.050,0.842,0.108
642000,0.050,0.858,0.092
642500,0.050,0.845,0.105
643000,0.050,0.844,0.106
643500,0.050,0.823,0.127
644000,0.050,0.826,0.124
644500,0.050,0.825,0.125
645000,0.050,0.839,0.111
645500,0.050,0.839,0.111
646000,0.050,0.821,0.129
646500,0.050,0.817,0.133
647000,0.050,0.811,0.138
647500,0.050,0.815,0.135
648000,0.052,0.841,0.107
648500,0.051,0.848,0.101
649000,0.051,0.833,0.116
649500,0.051,0.859,0.090
650000,0.051,0.843,0.107
650500,0.050,0.835,0.115
651000,0.050,0.824,0.126
651500,0.050,0.813,0.137
652000,0.050,0.825,0.125
652500,0.050,0.833,0.117
653000,0.050,0.838,0.112
653500,0.050,0.836,0.114
654000,0.050,0.841,0.109
654500,0.050,0.843,0.107
655000,0.050,0.839,0.111
655500,0.050,0.837,0.113
656000,0.050,0.837,0.113
656500,0.050,0.834,0.116
657000,0.050,0.822,0.128
657500,0.050,0.850,0.100
658000,0.050,0.850,0.100
658500,0.050,0.817,0.133
659000,0.050,0.810,0.139
659500,0.050,0.825,0.125
660000,0.050,0.823,0.127
660500,0.050,0.835,0.115
661000,0.052,0.816,0.132
661500,0.051,0.808,0.140
662000,0.051,0.818,0.132
662500,0.051,0.829,0.121
663000,0.050,0.805,0.144
663500,0.050,0.818,0.132
664000,0.050,0.854,0.096
664500,0.050,0.848,0.102
665000,0.050,0.795,0.155
665500,0.050,0.824,0.126
666000,0.050,0.814,0.136
666500,0.050,0.795,0.154
667000,0.050,0.798,0.151
667500,0.050,0.802,0.147
668000,0.050,0.788,0.162
668500,0.050,0.813,0.137
669000,0.050,0.830,0.120
669500,0.050,0.810,0.139
670000,0.050,0.821,0.129
670500,0.050,0.794,0.155
671000,0.050,0.801,0.148
671500,0.050,0.799,0.151
672000,0.050,0.790,0.160
672500,0.050,0.805,0.145
673000,0.050,0.801,0.149
673500,0.050,0.818,0.132
674000,0.050,0.824,0.126
674500,0.050,0.815,0.135
675000,0.050,0.805,0.145
675500,0.050,0.815,0.135
676000,0.050,0.829,0.121
676500,0.050,0.813,0.137
677000,0.050,0.809,0.140
677500,0.050,0.803,0.146
678000,0.050,0.781,0.168
678500,0.050,0.793,0.157
679000,0.050,0.799,0.151
679500,0.050,0.812,0.137
680000,0.050,0.814,0.136
680500,0.050,0.811,0.139
681000,0.050,0.809,0.140
681500,0.050,0.813,0.137
682000,0.050,0.831,0.119
682500,0.050,0.843,0.107
683000,0.050,0.840,0.110
683500,0.050,0.833,0.117
684000,0.050,0.846,0.104
684500,0.050,0.836,0.114
685000,0.051,0.846,0.103
685500,0.050,0.842,0.108
686000,0.050,0.835,0.115
686500,0.050,0.830,0.120
687000,0.050,0.813,0.137
687500,0.050,0.818,0.132
688000,0.050,0.825,0.125
688500,0.050,0.847,0.103
689000,0.050,0.823,0.127
689500,0.050,0.788,0.161
690000,0.051,0.789,0.160
690500,0.051,0.784,0.165
691000,0.050,0.790,0.160
691500,0.050,0.807,0.143
692000,0.050,0.815,0.135
692500,0.050,0.795,0.155
693000,0.050,0.804,0.145
693500,0.050,0.827,0.123
694000,0.050,0.852,0.098
694500,0.050,0.828,0.122
695000,0.050,0.824,0.126
695500,0.050,0.814,0.136
696000,0.050,0.822,0.128
696500,0.050,0.811,0.138
697000,0.052,0.825,0.123
697500,0.051,0.825,0.124
698000,0.051,0.826,0.124
698500,0.050,0.820,0.130
699000,0.050,0.809,0.140
699500,0.050,0.842,0.108
700000,0.050,0.808,0.141
700500,0.050,0.794,0.155
701000,0.051,0.823,0.126
701500,0.050,0.827,0.123
702000,0.050,0.812,0.137
702500,0.050,0.820,0.130
703000,0.050,0.809,0.140
703500,0.050,0.818,0.132
704000,0.050,0.823,0.127
704500,0.050,0.820,0.130
705000,0.050,0.840,0.110
705500,0.050,0.839,0.111
706000,0.050,0.830,0.120
706500,0.050,0.827,0.123
707000,0.050,0.825,0.125
707500,0.050,0.854,0.096
708000,0.050,0.851,0.099
708500,0.050,0.856,0.094
709000,0.050,0.855,0.095
709500,0.050,0.861,0.089
710000,0.050,0.833,0.117
710500,0.050,0.831,0.119
711000,0.050,0.827,0.123
711500,0.050,0.816,0.134
712000,0.050,0.817,0.133
712500,0.050,0.824,0.126
713000,0.050,0.825,0.125
713500,0.050,0.808,0.142
714000,0.050,0.803,0.146
714500,0.050,0.808,0.141
715000,0.050,0.817,0.133
715500,0.050,0.804,0.146
716000,0.050,0.810,0.140
716500,0.050,0.827,0.123
717000,0.050,0.828,0.122
717500,0.050,0.843,0.107
718000,0.050,0.812,0.138
718500,0.050,0.797,0.152
719000,0.051,0.822,0.127
719500,0.050,0.821,0.129
720000,0.050,0.811,0.139
720500,0.050,0.822,0.128
721000,0.050,0.854,0.096
721500,0.050,0.841,0.109
722000,0.050,0.828,0.122
722500,0.050,0.828,0.122
723000,0.050,0.820,0.130
723500,0.050,0.820,0.130
724000,0.050,0.816,0.134
724500,0.050,0.832,0.118
725000,0.050,0.843,0.107
725500,0.050,0.844,0.106
726000,0.050,0.819,0.131
726500,0.050,0.825,0.125
727000,0.050,0.822,0.128
727500,0.051,0.818,0.132
728000,0.050,0.824,0.126
728500,0.050,0.826,0.124
729000,0.050,0.844,0.106
729500,0.050,0.849,0.101
730000,0.050,0.849,0.101
730500,0.050,0.828,0.122
731000,0.050,0.842,0.108
731500,0.050,0.844,0.106
732000,0.050,0.807,0.142
732500,0.050,0.819,0.131
733000,0.050,0.823,0.127
733500,0.050,0.811,0.138
734000,0.050,0.847,0.103
734500,0.050,0.826,0.124
735000,0.050,0.807,0.142
735500,0.050,0.793,0.156
736000,0.051,0.791,0.157
736500,0.051,0.814,0.135
737000,0.050,0.802,0.148
737500,0.050,0.817,0.133
738000,0.050,0.835,0.115
738500,0.050,0.828,0.122
739000,0.050,0.804,0.146
739500,0.050,0.816,0.134
740000,0.050,0.817,0.133
740500,0.050,0.815,0.135
741000,0.050,0.823,0.127
741500,0.050,0.812,0.138
742000,0.050,0.812,0.138
742500,0.050,0.835,0.115
743000,0.050,0.846,0.104
743500,0.050,0.841,0.109
744000,0.050,0.827,0.123
744500,0.050,0.812,0.138
745000,0.050,0.816,0.134
745500,0.050,0.820,0.130
746000,0.050,0.820,0.130
746500,0.050,0.807,0.142
747000,0.050,0.822,0.128
747500,0.050,0.824,0.126
748000,0.050,0.822,0.128
748500,0.050,0.822,0.128
749000,0.050,0.825,0.125
749500,0.050,0.826,0.124
750000,0.050,0.794,0.156
750500,0.050,0.815,0.135
751000,0.050,0.803,0.147
751500,0.050,0.814,0.136
752000,0.050,0.828,0.122
752500,0.050,0.830,0.120
753000,0.050,0.843,0.107
753500,0.050,0.843,0.107
754000,0.050,0.846,0.104
754500,0.050,0.850,0.100
755000,0.050,0.832,0.118
755500,0.050,0.808,0.141
756000,0.050,0.830,0.120
756500,0.050,0.839,0.111
757000,0.050,0.833,0.117
757500,0.050,0.823,0.127
758000,0.050,0.812,0.138
758500,0.050,0.806,0.144
759000,0.050,0.819,0.131
759500,0.050,0.820,0.130
760000,0.050,0.829,0.121
760500,0.050,0.828,0.122
761000,0.050,0.837,0.113
761500,0.050,0.840,0.110
762000,0.050,0.822,0.128
762500,0.050,0.827,0.123
763000,0.050,0.827,0.123
763500,0.050,0.847,0.103
764000,0.050,0.856,0.094
764500,0.050,0.843,0.107
765000,0.050,0.840,0.110
765500,0.050,0.847,0.103
766000,0.050,0.850,0.100
766500,0.050,0.862,0.088
767000,0.050,0.837,0.113
767500,0.050,0.836,0.114
768000,0.050,0.843,0.107
768500,0.050,0.853,0.097
769000,0.050,0.854,0.096
769500,0.050,0.832,0.118
770000,0.050,0.832,0.118
770500,0.050,0.850,0.100
771000,0.050,0.841,0.109
771500,0.050,0.846,0.104
772000,0.050,0.838,0.112
772500,0.050,0.818,0.132
773000,0.050,0.824,0.126
773500,0.050,0.809,0.141
774000,0.050,0.830,0.120
774500,0.050,0.824,0.126
775000,0.050,0.830,0.120
775500,0.050,0.828,0.122
776000,0.050,0.856,0.094
776500,0.050,0.838,0.112
777000,0.050,0.838,0.112
777500,0.050,0.820,0.130
778000,0.050,0.831,0.119
778500,0.050,0.838,0.112
779000,0.050,0.816,0.134
779500,0.050,0.805,0.145
780000,0.050,0.843,0.107
780500,0.050,0.844,0.106
781000,0.050,0.814,0.136
781500,0.050,0.806,0.144
782000,0.050,0.816,0.134
782500,0.050,0.808,0.141
783000,0.050,0.835,0.115
783500,0.050,0.828,0.122
784000,0.050,0.812,0.137
784500,0.050,0.809,0.140
785000,0.050,0.822,0.128
785500,0.050,0.816,0.134
786000,0.050,0.793,0.156
786500,0.050,0.811,0.138
787000,0.050,0.810,0.139
787500,0.050,0.835,0.115
788000,0.050,0.836,0.114
788500,0.050,0.823,0.127
789000,0.050,0.840,0.110
789500,0.050,0.835,0.115
790000,0.050,0.834,0.116
790500,0.050,0.850,0.100
791000,0.050,0.827,0.123
791500,0.050,0.829,0.121
792000,0.050,0.822,0.128
792500,0.050,0.829,0.121
793000,0.050,0.834,0.116
793500,0.051,0.811,0.138
794000,0.050,0.827,0.123
794500,0.050,0.795,0.154
795000,0.050,0.807,0.143
795500,0.051,0.807,0.141
796000,0.051,0.807,0.141
796500,0.050,0.800,0.149
797000,0.050,0.801,0.149
797500,0.050,0.801,0.149
798000,0.050,0.809,0.140
798500,0.050,0.806,0.144
799000,0.051,0.800,0.149
799500,0.050,0.802,0.147
800000,0.050,0.798,0.151
800500,0.050,0.806,0.143
801000,0.050,0.825,0.125
801500,0.050,0.801,0.149
802000,0.050,0.801,0.149
802500,0.050,0.797,0.153
803000,0.050,0.793,0.156
803500,0.052,0.802,0.145
804000,0.051,0.792,0.156
804500,0.052,0.785,0.162
805000,0.051,0.826,0.123
805500,0.051,0.825,0.125
806000,0.050,0.816,0.134
806500,0.050,0.803,0.146
807000,0.050,0.835,0.115
807500,0.050,0.822,0.128
808000,0.050,0.810,0.139
808500,0.050,0.813,0.137
809000,0.050,0.826,0.124
809500,0.050,0.825,0.125
810000,0.050,0.827,0.123
810500,0.050,0.826,0.124
811000,0.050,0.827,0.123
811500,0.050,0.829,0.121
812000,0.050,0.828,0.122
812500,0.050,0.824,0.126
813000,0.050,0.843,0.107
813500,0.050,0.814,0.136
814000,0.050,0.826,0.124
814500,0.050,0.832,0.118
815000,0.050,0.831,0.119
815500,0.050,0.827,0.123
816000,0.050,0.830,0.120
816500,0.050,0.831,0.119
817000,0.050,0.831,0.119
817500,0.050,0.847,0.103
818000,0.050,0.844,0.106
818500,0.050,0.821,0.129
819000,0.050,0.837,0.113
819500,0.050,0.840,0.110
820000,0.050,0.849,0.101
820500,0.050,0.838,0.112
821000,0.051,0.816,0.133
821500,0.051,0.814,0.136
822000,0.050,0.825,0.125
822500,0.050,0.804,0.146
823000,0.050,0.833,0.117
823500,0.050,0.827,0.123
824000,0.050,0.812,0.138
824500,0.050,0.818,0.132
825000,0.050,0.810,0.139
825500,0.050,0.829,0.121
826000,0.050,0.804,0.146
826500,0.050,0.823,0.127
827000,0.050,0.809,0.140
827500,0.050,0.809,0.140
828000,0.050,0.827,0.123
828500,0.050,0.829,0.121
829000,0.050,0.838,0.112
829500,0.050,0.831,0.119
830000,0.050,0.819,0.131
830500,0.050,0.820,0.130
831000,0.050,0.817,0.133
831500,0.050,0.831,0.119
832000,0.050,0.840,0.110
832500,0.050,0.817,0.133
833000,0.050,0.822,0.128
833500,0.050,0.822,0.128
834000,0.050,0.818,0.132
834500,0.051,0.824,0.126
835000,0.051,0.820,0.130
835500,0.050,0.807,0.142
836000,0.050,0.816,0.134
836500,0.050,0.837,0.113
837000,0.050,0.834,0.116
837500,0.050,0.837,0.113
838000,0.050,0.816,0.134
838500,0.050,0.835,0.115
839000,0.050,0.859,0.091
839500,0.051,0.843,0.107
840000,0.050,0.817,0.133
840500,0.050,0.825,0.125
841000,0.050,0.827,0.123
841500,0.050,0.842,0.108
842000,0.050,0.831,0.119
842500,0.050,0.807,0.142
843000,0.050,0.797,0.152
843500,0.050,0.821,0.129
844000,0.050,0.803,0.146
844500,0.050,0.844,0.106
845000,0.050,0.855,0.095
845500,0.050,0.854,0.096
846000,0.050,0.854,0.096
846500,0.050,0.841,0.109
847000,0.050,0.809,0.140
847500,0.050,0.821,0.129
848000,0.050,0.813,0.137
848500,0.050,0.801,0.148
849000,0.050,0.813,0.137
849500,0.050,0.806,0.143
850000,0.051,0.797,0.152
850500,0.051,0.810,0.139
851000,0.050,0.809,0.140
851500,0.050,0.787,0.163
852000,0.050,0.792,0.158
852500,0.050,0.815,0.135
853000,0.050,0.820,0.130
853500,0.050,0.809,0.140
854000,0.050,0.831,0.119
854500,0.050,0.842,0.108
855000,0.050,0.854,0.096
855500,0.050,0.845,0.105
856000,0.050,0.848,0.102
856500,0.050,0.840,0.110
857000,0.050,0.840,0.110
857500,0.050,0.837,0.113
858000,0.050,0.830,0.120
858500,0.050,0.811,0.138
859000,0.050,0.810,0.140
859500,0.050,0.833,0.117
860000,0.050,0.836,0.114
860500,0.050,0.815,0.135
861000,0.050,0.797,0.152
861500,0.050,0.815,0.135
862000,0.050,0.797,0.153
862500,0.050,0.795,0.154
863000,0.050,0.788,0.161
863500,0.050,0.816,0.134
864000,0.050,0.817,0.133
864500,0.050,0.795,0.154
865000,0.050,0.805,0.144
865500,0.050,0.819,0.131
866000,0.050,0.831,0.119
866500,0.050,0.836,0.114
867000,0.050,0.826,0.124
867500,0.050,0.809,0.140
868000,0.050,0.807,0.143
868500,0.050,0.833,0.117
869000,0.050,0.836,0.114
869500,0.050,0.826,0.124
870000,0.050,0.826,0.124
870500,0.050,0.820,0.130
871000,0.050,0.842,0.108
871500,0.050,0.839,0.111
872000,0.050,0.819,0.131
872500,0.051,0.823,0.126
873000,0.052,0.776,0.172
873500,0.051,0.773,0.176
874000,0.051,0.784,0.165
874500,0.050,0.786,0.163
875000,0.050,0.790,0.159
875500,0.050,0.792,0.157
876000,0.050,0.771,0.178
876500,0.050,0.788,0.161
877000,0.050,0.808,0.142
877500,0.050,0.815,0.135
878000,0.050,0.814,0.136
878500,0.050,0.793,0.157
879000,0.050,0.807,0.142
879500,0.050,0.811,0.138
880000,0.051,0.825,0.125
880500,0.050,0.826,0.124
881000,0.050,0.825,0.125
881500,0.050,0.838,0.112
882000,0.050,0.834,0.116
882500,0.050,0.856,0.094
883000,0.050,0.837,0.113
883500,0.051,0.842,0.108
884000,0.050,0.831,0.119
884500,0.050,0.827,0.123
885000,0.050,0.845,0.105
885500,0.051,0.841,0.108
886000,0.051,0.835,0.115
886500,0.050,0.837,0.113
887000,0.050,0.840,0.110
887500,0.050,0.837,0.113
888000,0.050,0.846,0.104
888500,0.050,0.854,0.096
889000,0.050,0.852,0.098
889500,0.051,0.832,0.117
890000,0.050,0.845,0.105
890500,0.050,0.834,0.116
891000,0.050,0.819,0.131
891500,0.050,0.824,0.126
892000,0.052,0.837,0.111
892500,0.051,0.827,0.123
893000,0.050,0.820,0.130
893500,0.050,0.812,0.137
894000,0.052,0.818,0.130
894500,0.050,0.825,0.125
895000,0.050,0.826,0.124
895500,0.050,0.833,0.117
896000,0.050,0.818,0.132
896500,0.050,0.834,0.116
897000,0.050,0.843,0.107
897500,0.050,0.829,0.121
898000,0.050,0.820,0.130
898500,0.050,0.813,0.137
899000,0.050,0.833,0.117
899500,0.050,0.842,0.108
900000,0.050,0.833,0.117
900500,0.050,0.839,0.111
901000,0.050,0.852,0.098
901500,0.050,0.817,0.133
902000,0.050,0.845,0.105
902500,0.050,0.839,0.111
903000,0.050,0.821,0.129
903500,0.050,0.800,0.150
904000,0.050,0.801,0.149
904500,0.050,0.815,0.135
905000,0.050,0.805,0.145
905500,0.050,0.823,0.127
906000,0.050,0.832,0.118
906500,0.050,0.835,0.115
907000,0.050,0.835,0.115
907500,0.050,0.827,0.123
908000,0.050,0.848,0.102
908500,0.050,0.840,0.110
909000,0.050,0.829,0.121
909500,0.050,0.803,0.146
910000,0.050,0.801,0.148
910500,0.050,0.805,0.144
911000,0.050,0.783,0.167
911500,0.050,0.800,0.149
912000,0.051,0.801,0.147
912500,0.050,0.797,0.152
913000,0.050,0.814,0.136
913500,0.050,0.829,0.121
914000,0.050,0.836,0.114
914500,0.050,0.838,0.112
915000,0.050,0.807,0.143
915500,0.050,0.811,0.139
916000,0.050,0.790,0.159
916500,0.050,0.816,0.134
917000,0.050,0.819,0.131
917500,0.050,0.800,0.149
918000,0.050,0.795,0.154
918500,0.050,0.792,0.158
919000,0.050,0.795,0.155
919500,0.050,0.813,0.137
920000,0.050,0.833,0.117
920500,0.050,0.835,0.115
921000,0.050,0.839,0.111
921500,0.050,0.823,0.127
922000,0.050,0.842,0.108
922500,0.050,0.825,0.125
923000,0.050,0.827,0.123
923500,0.050,0.837,0.113
924000,0.050,0.818,0.132
924500,0.050,0.813,0.137
925000,0.050,0.800,0.149
925500,0.050,0.788,0.162
926000,0.050,0.786,0.163
926500,0.050,0.805,0.145
927000,0.050,0.789,0.160
927500,0.051,0.801,0.148
928000,0.050,0.813,0.137
928500,0.050,0.817,0.133
929000,0.050,0.833,0.117
929500,0.050,0.822,0.128
930000,0.050,0.853,0.097
930500,0.050,0.823,0.127
931000,0.050,0.823,0.127
931500,0.050,0.833,0.117
932000,0.050,0.847,0.103
932500,0.050,0.847,0.103
933000,0.050,0.834,0.116
933500,0.050,0.840,0.110
934000,0.050,0.848,0.102
934500,0.050,0.835,0.115
935000,0.050,0.836,0.114
935500,0.050,0.836,0.114
936000,0.050,0.838,0.112
936500,0.050,0.851,0.099
937000,0.050,0.843,0.107
937500,0.050,0.818,0.132
938000,0.050,0.798,0.151
938500,0.050,0.797,0.153
939000,0.052,0.773,0.174
939500,0.051,0.775,0.174
940000,0.050,0.784,0.166
940500,0.050,0.797,0.153
941000,0.050,0.802,0.148
941500,0.050,0.839,0.111
942000,0.050,0.838,0.112
942500,0.050,0.814,0.136
943000,0.050,0.821,0.129
943500,0.052,0.811,0.136
944000,0.050,0.836,0.114
944500,0.051,0.822,0.128
945000,0.050,0.816,0.134
945500,0.050,0.843,0.107
946000,0.050,0.859,0.091
946500,0.050,0.846,0.104
947000,0.050,0.834,0.116
947500,0.050,0.844,0.106
948000,0.050,0.844,0.106
948500,0.050,0.845,0.105
949000,0.050,0.833,0.117
949500,0.050,0.823,0.127
950000,0.050,0.807,0.142
950500,0.050,0.816,0.134
951000,0.050,0.797,0.153
951500,0.050,0.821,0.129
952000,0.050,0.821,0.129
952500,0.050,0.821,0.129
953000,0.050,0.833,0.117
953500,0.050,0.846,0.104
954000,0.050,0.802,0.147
954500,0.050,0.800,0.149
955000,0.050,0.806,0.143
955500,0.050,0.810,0.139
956000,0.051,0.808,0.140
956500,0.052,0.814,0.134
957000,0.051,0.825,0.124
957500,0.050,0.842,0.108
958000,0.050,0.824,0.126
958500,0.050,0.824,0.126
959000,0.050,0.821,0.129
959500,0.050,0.817,0.133
960000,0.050,0.805,0.144
960500,0.050,0.803,0.146
961000,0.050,0.820,0.130
961500,0.050,0.836,0.114
962000,0.050,0.830,0.120
962500,0.050,0.846,0.104
963000,0.050,0.840,0.110
963500,0.050,0.837,0.113
964000,0.050,0.843,0.107
964500,0.050,0.841,0.109
965000,0.050,0.831,0.119
965500,0.050,0.850,0.100
966000,0.050,0.831,0.119
966500,0.050,0.840,0.110
967000,0.050,0.826,0.124
967500,0.052,0.804,0.143
968000,0.052,0.793,0.155
968500,0.051,0.783,0.165
969000,0.051,0.790,0.158
969500,0.051,0.799,0.149
970000,0.050,0.811,0.138
970500,0.050,0.811,0.138
971000,0.050,0.809,0.141
971500,0.050,0.821,0.129
972000,0.050,0.829,0.121
972500,0.050,0.831,0.119
973000,0.050,0.833,0.117
973500,0.050,0.830,0.120
974000,0.050,0.822,0.128
974500,0.050,0.801,0.148
975000,0.050,0.819,0.131
975500,0.050,0.835,0.115
976000,0.050,0.834,0.116
976500,0.050,0.833,0.117
977000,0.051,0.836,0.113
977500,0.051,0.798,0.151
978000,0.051,0.805,0.144
978500,0.051,0.831,0.119
979000,0.050,0.833,0.117
979500,0.050,0.834,0.116
980000,0.050,0.801,0.149
980500,0.050,0.820,0.130
981000,0.050,0.834,0.116
981500,0.050,0.814,0.136
982000,0.050,0.805,0.145
982500,0.050,0.794,0.156
983000,0.050,0.803,0.146
983500,0.050,0.830,0.120
984000,0.050,0.815,0.135
984500,0.051,0.797,0.152
985000,0.050,0.804,0.145
985500,0.050,0.835,0.115
986000,0.050,0.815,0.135
986500,0.050,0.818,0.132
987000,0.050,0.852,0.098
987500,0.050,0.814,0.136
988000,0.050,0.822,0.128
988500,0.050,0.823,0.127
989000,0.050,0.826,0.124
989500,0.050,0.824,0.126
990000,0.050,0.828,0.122
990500,0.050,0.800,0.150
991000,0.050,0.818,0.132
991500,0.050,0.785,0.164
992000,0.050,0.815,0.135
992500,0.050,0.823,0.127
993000,0.050,0.840,0.110
993500,0.050,0.850,0.100
994000,0.050,0.829,0.121
994500,0.050,0.829,0.121
995000,0.050,0.822,0.128
995500,0.050,0.821,0.129
996000,0.050,0.830,0.120
996500,0.050,0.857,0.093
997000,0.050,0.843,0.107
997500,0.050,0.840,0.110
998000,0.050,0.836,0.114
998500,0.050,0.829,0.121
999000,0.050,0.831,0.119
999500,0.050,0.805,0.144
1000000,0.050,0.816,0.134
