time,n_A+p,n_B,n_AB
500,0.093,0.008,0.899
1000,0.124,0.000,0.876
1500,0.142,0.000,0.858
2000,0.130,0.000,0.870
2500,0.171,0.000,0.829
3000,0.137,0.000,0.863
3500,0.186,0.000,0.814
4000,0.150,0.000,0.850
4500,0.106,0.000,0.894
5000,0.073,0.009,0.918
5500,0.201,0.000,0.799
6000,0.073,0.000,0.927
6500,0.174,0.000,0.826
7000,0.205,0.000,0.795
7500,0.144,0.000,0.856
8000,0.112,0.000,0.888
8500,0.149,0.000,0.851
9000,0.064,0.000,0.936
9500,0.135,0.000,0.865
10000,0.171,0.000,0.829
10500,0.120,0.000,0.880
11000,0.222,0.000,0.778
11500,0.062,0.026,0.912
12000,0.117,0.000,0.883
12500,0.059,0.030,0.911
13000,0.263,0.000,0.737
13500,0.263,0.000,0.737
14000,0.035,0.003,0.962
14500,0.054,0.022,0.924
15000,0.108,0.000,0.892
15500,0.134,0.000,0.866
16000,0.094,0.000,0.906
16500,0.187,0.000,0.813
17000,0.085,0.000,0.915
17500,0.089,0.000,0.911
18000,0.104,0.014,0.882
18500,0.219,0.000,0.781
19000,0.116,0.000,0.884
19500,0.082,0.001,0.917
20000,0.159,0.000,0.841
20500,0.095,0.000,0.905
21000,0.160,0.000,0.840
21500,0.193,0.000,0.807
22000,0.180,0.000,0.820
22500,0.062,0.000,0.938
23000,0.116,0.000,0.884
23500,0.253,0.000,0.747
24000,0.142,0.000,0.858
24500,0.054,0.000,0.946
25000,0.076,0.000,0.924
25500,0.217,0.000,0.783
26000,0.084,0.000,0.916
26500,0.068,0.000,0.932
27000,0.111,0.001,0.888
27500,0.121,0.000,0.879
28000,0.133,0.000,0.867
28500,0.194,0.000,0.806
29000,0.167,0.000,0.833
29500,0.137,0.003,0.860
30000,0.065,0.030,0.905
30500,0.114,0.000,0.886
31000,0.102,0.000,0.898
31500,0.090,0.000,0.910
32000,0.171,0.000,0.829
32500,0.075,0.014,0.911
33000,0.161,0.000,0.839
33500,0.128,0.000,0.872
34000,0.143,0.000,0.857
34500,0.162,0.000,0.838
35000,0.260,0.000,0.740
35500,0.064,0.014,0.922
36000,0.089,0.004,0.907
36500,0.219,0.000,0.781
37000,0.085,0.017,0.898
37500,0.090,0.005,0.905
38000,0.177,0.000,0.823
38500,0.163,0.000,0.837
39000,0.150,0.000,0.850
39500,0.225,0.000,0.775
40000,0.089,0.004,0.907
40500,0.129,0.000,0.871
41000,0.115,0.000,0.885
41500,0.131,0.000,0.869
42000,0.071,0.000,0.929
42500,0.139,0.000,0.861
43000,0.136,0.000,0.864
43500,0.066,0.000,0.934
44000,0.082,0.000,0.918
44500,0.135,0.000,0.865
45000,0.163,0.000,0.837
45500,0.213,0.000,0.787
46000,0.086,0.000,0.914
46500,0.174,0.000,0.826
47000,0.053,0.002,0.945
47500,0.143,0.000,0.857
48000,0.208,0.000,0.792
48500,0.156,0.000,0.844
49000,0.112,0.000,0.888
49500,0.077,0.000,0.923
50000,0.118,0.000,0.882
50500,0.171,0.000,0.829
51000,0.128,0.000,0.872
51500,0.111,0.000,0.889
52000,0.267,0.000,0.733
52500,0.209,0.000,0.791
53000,0.153,0.000,0.847
53500,0.103,0.000,0.897
54000,0.149,0.000,0.851
54500,0.074,0.000,0.926
55000,0.189,0.000,0.811
55500,0.235,0.001,0.764
56000,0.146,0.000,0.854
56500,0.092,0.000,0.908
57000,0.091,0.001,0.908
57500,0.173,0.000,0.827
58000,0.194,0.000,0.806
58500,0.256,0.000,0.744
59000,0.125,0.000,0.875
59500,0.105,0.000,0.895
60000,0.198,0.000,0.802
60500,0.074,0.002,0.924
61000,0.205,0.000,0.795
61500,0.121,0.000,0.879
62000,0.114,0.000,0.886
62500,0.145,0.000,0.855
63000,0.183,0.000,0.817
63500,0.146,0.000,0.854
64000,0.101,0.000,0.899
64500,0.112,0.000,0.888
65000,0.139,0.000,0.861
65500,0.091,0.000,0.909
66000,0.106,0.007,0.887
66500,0.152,0.000,0.848
67000,0.150,0.000,0.850
67500,0.200,0.000,0.800
68000,0.062,0.000,0.938
68500,0.058,0.019,0.923
69000,0.145,0.000,0.855
69500,0.072,0.049,0.879
70000,0.098,0.000,0.902
70500,0.114,0.000,0.886
71000,0.132,0.000,0.868
71500,0.031,0.022,0.947
72000,0.167,0.000,0.833
72500,0.082,0.003,0.915
73000,0.126,0.000,0.874
73500,0.055,0.000,0.945
74000,0.115,0.000,0.885
74500,0.096,0.000,0.904
75000,0.120,0.000,0.880
75500,0.056,0.000,0.944
76000,0.143,0.000,0.857
76500,0.190,0.000,0.810
77000,0.221,0.000,0.779
77500,0.072,0.000,0.928
78000,0.141,0.000,0.859
78500,0.137,0.000,0.863
79000,0.086,0.002,0.912
79500,0.054,0.000,0.946
80000,0.076,0.034,0.890
80500,0.167,0.000,0.833
81000,0.154,0.000,0.846
81500,0.160,0.000,0.840
82000,0.080,0.034,0.886
82500,0.119,0.000,0.881
83000,0.135,0.000,0.865
83500,0.088,0.000,0.912
84000,0.103,0.000,0.897
84500,0.192,0.000,0.808
85000,0.169,0.000,0.831
85500,0.137,0.004,0.859
86000,0.120,0.000,0.880
86500,0.103,0.000,0.897
87000,0.213,0.000,0.787
87500,0.155,0.000,0.845
88000,0.160,0.000,0.840
88500,0.126,0.000,0.874
89000,0.195,0.000,0.805
89500,0.132,0.000,0.868
90000,0.151,0.000,0.849
90500,0.052,0.032,0.916
91000,0.085,0.000,0.915
91500,0.199,0.000,0.801
92000,0.114,0.000,0.886
92500,0.104,0.000,0.896
93000,0.067,0.000,0.933
93500,0.104,0.000,0.896
94000,0.128,0.000,0.872
94500,0.109,0.000,0.891
95000,0.129,0.000,0.871
95500,0.127,0.000,0.873
96000,0.086,0.000,0.914
96500,0.080,0.000,0.920
97000,0.110,0.000,0.890
97500,0.119,0.000,0.881
98000,0.095,0.000,0.905
98500,0.197,0.000,0.803
99000,0.131,0.000,0.869
99500,0.114,0.000,0.886
100000,0.111,0.000,0.889
100500,0.266,0.000,0.734
101000,0.067,0.011,0.922
101500,0.171,0.000,0.829
102000,0.119,0.000,0.881
102500,0.148,0.000,0.852
103000,0.072,0.005,0.923
103500,0.094,0.000,0.906
104000,0.098,0.000,0.902
104500,0.112,0.010,0.878
105000,0.210,0.000,0.790
105500,0.077,0.003,0.920
106000,0.068,0.000,0.932
106500,0.040,0.000,0.960
107000,0.139,0.000,0.861
107500,0.103,0.008,0.889
108000,0.155,0.000,0.845
108500,0.139,0.000,0.861
109000,0.137,0.000,0.863
109500,0.031,0.019,0.950
110000,0.135,0.000,0.865
110500,0.110,0.000,0.890
111000,0.240,0.000,0.760
111500,0.162,0.000,0.838
112000,0.184,0.000,0.816
112500,0.102,0.000,0.898
113000,0.140,0.000,0.860
113500,0.106,0.000,0.894
114000,0.036,0.030,0.934
114500,0.081,0.000,0.919
115000,0.102,0.004,0.894
115500,0.172,0.000,0.828
116000,0.075,0.000,0.925
116500,0.165,0.000,0.835
117000,0.107,0.000,0.893
117500,0.080,0.035,0.885
118000,0.135,0.000,0.865
118500,0.173,0.000,0.827
119000,0.158,0.000,0.842
119500,0.143,0.000,0.857
120000,0.117,0.000,0.883
120500,0.195,0.000,0.805
121000,0.087,0.000,0.913
121500,0.033,0.068,0.899
122000,0.060,0.000,0.940
122500,0.152,0.000,0.848
123000,0.128,0.000,0.872
123500,0.094,0.004,0.902
124000,0.198,0.000,0.802
124500,0.118,0.000,0.882
125000,0.090,0.000,0.910
125500,0.098,0.002,0.900
126000,0.070,0.000,0.930
126500,0.078,0.000,0.922
127000,0.053,0.003,0.944
127500,0.178,0.000,0.822
128000,0.102,0.000,0.898
128500,0.061,0.000,0.939
129000,0.068,0.011,0.921
129500,0.130,0.000,0.870
130000,0.083,0.000,0.917
130500,0.169,0.000,0.831
131000,0.037,0.004,0.959
131500,0.078,0.002,0.920
132000,0.182,0.000,0.818
132500,0.130,0.000,0.870
133000,0.145,0.000,0.855
133500,0.081,0.000,0.919
134000,0.169,0.002,0.829
134500,0.203,0.000,0.797
135000,0.149,0.000,0.851
135500,0.090,0.000,0.910
136000,0.118,0.000,0.882
136500,0.050,0.000,0.950
137000,0.204,0.000,0.796
137500,0.114,0.000,0.886
138000,0.081,0.000,0.919
138500,0.123,0.000,0.877
139000,0.228,0.000,0.772
139500,0.107,0.000,0.893
140000,0.139,0.000,0.861
140500,0.104,0.000,0.896
141000,0.177,0.000,0.823
141500,0.180,0.000,0.820
142000,0.063,0.000,0.937
142500,0.097,0.000,0.903
143000,0.250,0.000,0.750
143500,0.136,0.000,0.864
144000,0.065,0.000,0.935
144500,0.135,0.000,0.865
145000,0.254,0.000,0.746
145500,0.097,0.000,0.903
146000,0.115,0.000,0.885
146500,0.176,0.000,0.824
147000,0.162,0.000,0.838
147500,0.103,0.002,0.895
148000,0.064,0.001,0.935
148500,0.148,0.000,0.852
149000,0.154,0.000,0.846
149500,0.161,0.000,0.839
150000,0.070,0.000,0.930
150500,0.160,0.000,0.840
151000,0.134,0.000,0.866
151500,0.144,0.000,0.856
152000,0.094,0.000,0.906
152500,0.087,0.000,0.913
153000,0.056,0.000,0.944
153500,0.129,0.001,0.870
154000,0.113,0.002,0.885
154500,0.138,0.000,0.862
155000,0.124,0.001,0.875
155500,0.156,0.000,0.844
156000,0.056,0.000,0.944
156500,0.115,0.000,0.885
157000,0.133,0.000,0.867
157500,0.065,0.000,0.935
158000,0.227,0.000,0.773
158500,0.109,0.000,0.891
159000,0.189,0.000,0.811
159500,0.127,0.000,0.873
160000,0.200,0.003,0.797
160500,0.196,0.002,0.802
161000,0.122,0.000,0.878
161500,0.038,0.022,0.940
162000,0.075,0.000,0.925
162500,0.176,0.000,0.824
163000,0.115,0.000,0.885
163500,0.063,0.000,0.937
164000,0.110,0.000,0.890
164500,0.158,0.000,0.842
165000,0.055,0.000,0.945
165500,0.205,0.006,0.789
166000,0.093,0.000,0.907
166500,0.050,0.000,0.950
167000,0.087,0.000,0.913
167500,0.150,0.000,0.850
168000,0.203,0.000,0.797
168500,0.121,0.000,0.879
169000,0.133,0.000,0.867
169500,0.099,0.000,0.901
170000,0.149,0.000,0.851
170500,0.142,0.000,0.858
171000,0.091,0.000,0.909
171500,0.174,0.000,0.826
172000,0.087,0.000,0.913
172500,0.102,0.000,0.898
173000,0.191,0.000,0.809
173500,0.182,0.000,0.818
174000,0.117,0.000,0.883
174500,0.124,0.000,0.876
175000,0.079,0.010,0.911
175500,0.148,0.000,0.852
176000,0.211,0.000,0.789
176500,0.174,0.000,0.826
177000,0.190,0.000,0.810
177500,0.133,0.000,0.867
178000,0.105,0.000,0.895
178500,0.156,0.000,0.844
179000,0.262,0.000,0.738
179500,0.226,0.000,0.774
180000,0.155,0.000,0.845
180500,0.127,0.000,0.873
181000,0.108,0.000,0.892
181500,0.123,0.000,0.877
182000,0.174,0.000,0.826
182500,0.182,0.000,0.818
183000,0.083,0.007,0.910
183500,0.087,0.000,0.913
184000,0.105,0.000,0.895
184500,0.117,0.000,0.883
185000,0.138,0.000,0.862
185500,0.153,0.000,0.847
186000,0.167,0.000,0.833
186500,0.054,0.000,0.946
187000,0.100,0.000,0.900
187500,0.073,0.010,0.917
188000,0.094,0.000,0.906
188500,0.067,0.027,0.906
189000,0.176,0.000,0.824
189500,0.077,0.005,0.918
190000,0.118,0.000,0.882
190500,0.125,0.000,0.875
191000,0.097,0.000,0.903
191500,0.096,0.000,0.904
192000,0.257,0.000,0.743
192500,0.063,0.014,0.923
193000,0.186,0.000,0.814
193500,0.120,0.000,0.880
194000,0.136,0.000,0.864
194500,0.107,0.000,0.893
195000,0.176,0.000,0.824
195500,0.126,0.000,0.874
196000,0.156,0.000,0.844
196500,0.072,0.000,0.928
197000,0.109,0.000,0.891
197500,0.152,0.000,0.848
198000,0.164,0.000,0.836
198500,0.083,0.000,0.917
199000,0.133,0.000,0.867
199500,0.142,0.001,0.857
200000,0.176,0.000,0.824
200500,0.116,0.000,0.884
201000,0.171,0.000,0.829
201500,0.165,0.000,0.835
202000,0.152,0.000,0.848
202500,0.085,0.000,0.915
203000,0.111,0.000,0.889
203500,0.302,0.000,0.698
204000,0.090,0.000,0.910
204500,0.043,0.003,0.954
205000,0.139,0.000,0.861
205500,0.164,0.000,0.836
206000,0.124,0.000,0.876
206500,0.104,0.000,0.896
207000,0.097,0.000,0.903
207500,0.119,0.001,0.880
208000,0.040,0.038,0.922
208500,0.135,0.000,0.865
209000,0.131,0.000,0.869
209500,0.124,0.016,0.860
210000,0.123,0.000,0.877
210500,0.117,0.000,0.883
211000,0.159,0.005,0.836
211500,0.126,0.000,0.874
212000,0.088,0.000,0.912
212500,0.095,0.000,0.905
213000,0.159,0.000,0.841
213500,0.101,0.000,0.899
214000,0.048,0.002,0.950
214500,0.154,0.000,0.846
215000,0.152,0.000,0.848
215500,0.126,0.000,0.874
216000,0.128,0.000,0.872
216500,0.139,0.000,0.861
217000,0.160,0.000,0.840
217500,0.178,0.000,0.822
218000,0.067,0.029,0.904
218500,0.095,0.000,0.905
219000,0.214,0.000,0.786
219500,0.143,0.002,0.855
220000,0.076,0.000,0.924
220500,0.117,0.000,0.883
221000,0.072,0.000,0.928
221500,0.127,0.001,0.872
222000,0.154,0.000,0.846
222500,0.145,0.000,0.855
223000,0.193,0.000,0.807
223500,0.172,0.000,0.828
224000,0.182,0.000,0.818
224500,0.172,0.000,0.828
225000,0.072,0.000,0.928
225500,0.064,0.009,0.927
226000,0.152,0.000,0.848
226500,0.123,0.000,0.877
227000,0.109,0.000,0.891
227500,0.155,0.000,0.845
228000,0.081,0.000,0.919
228500,0.086,0.000,0.914
229000,0.126,0.000,0.874
229500,0.146,0.001,0.853
230000,0.080,0.015,0.905
230500,0.277,0.000,0.723
231000,0.108,0.000,0.892
231500,0.069,0.017,0.914
232000,0.073,0.000,0.927
232500,0.109,0.002,0.889
233000,0.063,0.000,0.937
233500,0.039,0.004,0.957
234000,0.148,0.000,0.852
234500,0.137,0.000,0.863
235000,0.116,0.000,0.884
235500,0.113,0.000,0.887
236000,0.111,0.000,0.889
236500,0.161,0.000,0.839
237000,0.121,0.000,0.879
237500,0.187,0.000,0.813
238000,0.150,0.000,0.850
238500,0.123,0.000,0.877
239000,0.180,0.000,0.820
239500,0.133,0.002,0.865
240000,0.108,0.000,0.892
240500,0.111,0.000,0.889
241000,0.154,0.000,0.846
241500,0.196,0.000,0.804
242000,0.122,0.000,0.878
242500,0.140,0.000,0.860
243000,0.125,0.000,0.875
243500,0.159,0.000,0.841
244000,0.146,0.002,0.852
244500,0.111,0.000,0.889
245000,0.103,0.000,0.897
245500,0.075,0.004,0.921
246000,0.088,0.000,0.912
246500,0.134,0.000,0.866
247000,0.143,0.000,0.857
247500,0.123,0.000,0.877
248000,0.102,0.000,0.898
248500,0.088,0.000,0.912
249000,0.093,0.000,0.907
249500,0.109,0.000,0.891
250000,0.136,0.000,0.864
250500,0.037,0.005,0.958
251000,0.210,0.000,0.790
251500,0.133,0.000,0.867
252000,0.113,0.033,0.854
252500,0.049,0.000,0.951
253000,0.065,0.007,0.928
253500,0.095,0.000,0.905
254000,0.146,0.000,0.854
254500,0.131,0.000,0.869
255000,0.089,0.000,0.911
255500,0.152,0.000,0.848
256000,0.152,0.000,0.848
256500,0.061,0.011,0.928
257000,0.139,0.000,0.861
257500,0.071,0.004,0.925
258000,0.108,0.000,0.892
258500,0.096,0.000,0.904
259000,0.124,0.000,0.876
259500,0.261,0.000,0.739
260000,0.143,0.000,0.857
260500,0.213,0.000,0.787
261000,0.135,0.000,0.865
261500,0.134,0.000,0.866
262000,0.130,0.000,0.870
262500,0.112,0.000,0.888
263000,0.145,0.000,0.855
263500,0.089,0.000,0.911
264000,0.110,0.000,0.890
264500,0.050,0.023,0.927
265000,0.140,0.000,0.860
265500,0.102,0.002,0.896
266000,0.144,0.000,0.856
266500,0.167,0.000,0.833
267000,0.130,0.000,0.870
267500,0.180,0.000,0.820
268000,0.316,0.000,0.684
268500,0.185,0.000,0.815
269000,0.129,0.000,0.871
269500,0.145,0.000,0.855
270000,0.119,0.000,0.881
270500,0.194,0.001,0.805
271000,0.055,0.004,0.941
271500,0.122,0.000,0.878
272000,0.103,0.000,0.897
272500,0.096,0.000,0.904
273000,0.177,0.000,0.823
273500,0.075,0.000,0.925
274000,0.110,0.000,0.890
274500,0.131,0.000,0.869
275000,0.142,0.000,0.858
275500,0.144,0.000,0.856
276000,0.101,0.000,0.899
276500,0.123,0.000,0.877
277000,0.087,0.000,0.913
277500,0.157,0.000,0.843
278000,0.159,0.000,0.841
278500,0.122,0.000,0.878
279000,0.216,0.000,0.784
279500,0.097,0.036,0.867
280000,0.073,0.003,0.924
280500,0.101,0.000,0.899
281000,0.139,0.000,0.861
281500,0.171,0.000,0.829
282000,0.205,0.000,0.795
282500,0.115,0.000,0.885
283000,0.172,0.000,0.828
283500,0.114,0.000,0.886
284000,0.109,0.002,0.889
284500,0.089,0.000,0.911
285000,0.078,0.006,0.916
285500,0.188,0.000,0.812
286000,0.108,0.000,0.892
286500,0.148,0.000,0.852
287000,0.070,0.000,0.930
287500,0.112,0.000,0.888
288000,0.143,0.000,0.857
288500,0.054,0.011,0.935
289000,0.063,0.000,0.937
289500,0.105,0.000,0.895
290000,0.090,0.000,0.910
290500,0.138,0.000,0.862
291000,0.146,0.000,0.854
291500,0.082,0.000,0.918
292000,0.194,0.000,0.806
292500,0.078,0.000,0.922
293000,0.213,0.000,0.787
293500,0.116,0.000,0.884
294000,0.111,0.000,0.889
294500,0.083,0.000,0.917
295000,0.223,0.000,0.777
295500,0.182,0.000,0.818
296000,0.149,0.000,0.851
296500,0.074,0.000,0.926
297000,0.146,0.000,0.854
297500,0.079,0.028,0.893
298000,0.067,0.000,0.933
298500,0.150,0.000,0.850
299000,0.166,0.000,0.834
299500,0.074,0.000,0.926
300000,0.120,0.000,0.880
300500,0.072,0.001,0.927
301000,0.114,0.000,0.886
301500,0.107,0.000,0.893
302000,0.087,0.004,0.909
302500,0.086,0.000,0.914
303000,0.101,0.000,0.899
303500,0.205,0.000,0.795
304000,0.099,0.000,0.901
304500,0.160,0.000,0.840
305000,0.165,0.000,0.835
305500,0.083,0.000,0.917
306000,0.040,0.037,0.923
306500,0.145,0.000,0.855
307000,0.127,0.000,0.873
307500,0.174,0.001,0.825
308000,0.112,0.000,0.888
308500,0.106,0.000,0.894
309000,0.210,0.000,0.790
309500,0.114,0.000,0.886
310000,0.105,0.000,0.895
310500,0.145,0.000,0.855
311000,0.079,0.005,0.916
311500,0.135,0.000,0.865
312000,0.143,0.000,0.857
312500,0.061,0.000,0.939
313000,0.138,0.000,0.862
313500,0.192,0.000,0.808
314000,0.130,0.000,0.870
314500,0.107,0.000,0.893
315000,0.113,0.000,0.887
315500,0.092,0.019,0.889
316000,0.063,0.002,0.935
316500,0.046,0.000,0.954
317000,0.107,0.000,0.893
317500,0.105,0.000,0.895
318000,0.247,0.000,0.753
318500,0.066,0.028,0.906
319000,0.101,0.000,0.899
319500,0.100,0.004,0.896
320000,0.103,0.000,0.897
320500,0.228,0.000,0.772
321000,0.056,0.000,0.944
321500,0.146,0.000,0.854
322000,0.104,0.000,0.896
322500,0.171,0.000,0.829
323000,0.127,0.000,0.873
323500,0.077,0.000,0.923
324000,0.069,0.000,0.931
324500,0.090,0.000,0.910
325000,0.110,0.000,0.890
325500,0.124,0.005,0.871
326000,0.135,0.000,0.865
326500,0.084,0.000,0.916
327000,0.167,0.000,0.833
327500,0.146,0.000,0.854
328000,0.048,0.022,0.930
328500,0.072,0.000,0.928
329000,0.198,0.000,0.802
329500,0.064,0.000,0.936
330000,0.099,0.000,0.901
330500,0.165,0.000,0.835
331000,0.188,0.000,0.812
331500,0.118,0.000,0.882
332000,0.116,0.008,0.876
332500,0.076,0.000,0.924
333000,0.193,0.000,0.807
333500,0.149,0.001,0.850
334000,0.238,0.000,0.762
334500,0.105,0.000,0.895
335000,0.039,0.003,0.958
335500,0.137,0.000,0.863
336000,0.096,0.000,0.904
336500,0.060,0.013,0.927
337000,0.109,0.000,0.891
337500,0.061,0.005,0.934
338000,0.234,0.000,0.766
338500,0.081,0.000,0.919
339000,0.187,0.000,0.813
339500,0.153,0.000,0.847
340000,0.184,0.000,0.816
340500,0.081,0.000,0.919
341000,0.099,0.000,0.901
341500,0.089,0.000,0.911
342000,0.058,0.003,0.939
342500,0.128,0.000,0.872
343000,0.147,0.000,0.853
343500,0.153,0.000,0.847
344000,0.094,0.000,0.906
344500,0.139,0.000,0.861
345000,0.113,0.000,0.887
345500,0.108,0.000,0.892
346000,0.059,0.005,0.936
346500,0.108,0.000,0.892
347000,0.115,0.000,0.885
347500,0.132,0.000,0.868
348000,0.196,0.000,0.804
348500,0.202,0.000,0.798
349000,0.148,0.000,0.852
349500,0.133,0.000,0.867
350000,0.039,0.004,0.957
350500,0.087,0.000,0.913
351000,0.145,0.000,0.855
351500,0.095,0.000,0.905
352000,0.052,0.001,0.947
352500,0.255,0.000,0.745
353000,0.135,0.000,0.865
353500,0.091,0.000,0.909
354000,0.062,0.000,0.938
354500,0.119,0.000,0.881
355000,0.169,0.000,0.831
355500,0.125,0.000,0.875
356000,0.097,0.000,0.903
356500,0.128,0.000,0.872
357000,0.188,0.000,0.812
357500,0.092,0.000,0.908
358000,0.173,0.000,0.827
358500,0.095,0.004,0.901
359000,0.094,0.000,0.906
359500,0.096,0.000,0.904
360000,0.075,0.000,0.925
360500,0.131,0.000,0.869
361000,0.075,0.001,0.924
361500,0.074,0.000,0.926
362000,0.106,0.000,0.894
362500,0.167,0.000,0.833
363000,0.156,0.000,0.844
363500,0.067,0.000,0.933
364000,0.123,0.000,0.877
364500,0.126,0.000,0.874
365000,0.104,0.000,0.896
365500,0.159,0.000,0.841
366000,0.111,0.000,0.889
366500,0.060,0.000,0.940
367000,0.090,0.022,0.888
367500,0.101,0.000,0.899
368000,0.180,0.000,0.820
368500,0.062,0.000,0.938
369000,0.132,0.000,0.868
369500,0.076,0.000,0.924
370000,0.073,0.022,0.905
370500,0.183,0.000,0.817
371000,0.156,0.000,0.844
371500,0.198,0.000,0.802
372000,0.152,0.000,0.848
372500,0.030,0.012,0.958
373000,0.182,0.000,0.818
373500,0.226,0.000,0.774
374000,0.137,0.000,0.863
374500,0.137,0.000,0.863
375000,0.160,0.000,0.840
375500,0.100,0.000,0.900
376000,0.121,0.000,0.879
376500,0.048,0.004,0.948
377000,0.163,0.000,0.837
377500,0.081,0.011,0.908
378000,0.154,0.000,0.846
378500,0.152,0.000,0.848
379000,0.095,0.001,0.904
379500,0.068,0.016,0.916
380000,0.124,0.000,0.876
380500,0.108,0.000,0.892
381000,0.102,0.000,0.898
381500,0.087,0.003,0.910
382000,0.125,0.000,0.875
382500,0.121,0.000,0.879
383000,0.174,0.000,0.826
383500,0.193,0.000,0.807
384000,0.106,0.000,0.894
384500,0.165,0.000,0.835
385000,0.123,0.000,0.877
385500,0.124,0.000,0.876
386000,0.122,0.000,0.878
386500,0.072,0.030,0.898
387000,0.086,0.004,0.910
387500,0.150,0.000,0.850
388000,0.099,0.000,0.901
388500,0.110,0.001,0.889
389000,0.192,0.000,0.808
389500,0.104,0.000,0.896
390000,0.115,0.000,0.885
390500,0.081,0.000,0.919
391000,0.074,0.000,0.926
391500,0.119,0.003,0.878
392000,0.116,0.000,0.884
392500,0.060,0.000,0.940
393000,0.232,0.000,0.768
393500,0.084,0.000,0.916
394000,0.073,0.000,0.927
394500,0.045,0.003,0.952
395000,0.158,0.001,0.841
395500,0.102,0.000,0.898
396000,0.153,0.000,0.847
396500,0.164,0.000,0.836
397000,0.153,0.000,0.847
397500,0.090,0.002,0.908
398000,0.099,0.000,0.901
398500,0.157,0.000,0.843
399000,0.125,0.012,0.863
399500,0.137,0.000,0.863
400000,0.080,0.000,0.920
400500,0.098,0.000,0.902
401000,0.117,0.000,0.883
401500,0.032,0.044,0.924
402000,0.106,0.000,0.894
402500,0.190,0.000,0.810
403000,0.149,0.000,0.851
403500,0.133,0.000,0.867
404000,0.035,0.045,0.920
404500,0.205,0.000,0.795
405000,0.036,0.037,0.927
405500,0.088,0.000,0.912
406000,0.060,0.035,0.905
406500,0.159,0.000,0.841
407000,0.116,0.013,0.871
407500,0.090,0.000,0.910
408000,0.138,0.000,0.862
408500,0.052,0.018,0.930
409000,0.099,0.000,0.901
409500,0.156,0.000,0.844
410000,0.090,0.000,0.910
410500,0.143,0.000,0.857
411000,0.088,0.000,0.912
411500,0.126,0.000,0.874
412000,0.107,0.000,0.893
412500,0.106,0.000,0.894
413000,0.232,0.000,0.768
413500,0.138,0.000,0.862
414000,0.054,0.000,0.946
414500,0.120,0.000,0.880
415000,0.179,0.000,0.821
415500,0.086,0.019,0.895
416000,0.137,0.000,0.863
416500,0.177,0.000,0.823
417000,0.091,0.003,0.906
417500,0.091,0.000,0.909
418000,0.050,0.018,0.932
418500,0.084,0.000,0.916
419000,0.107,0.001,0.892
419500,0.268,0.000,0.732
420000,0.155,0.000,0.845
420500,0.066,0.000,0.934
421000,0.193,0.000,0.807
421500,0.124,0.000,0.876
422000,0.118,0.000,0.882
422500,0.111,0.000,0.889
423000,0.106,0.000,0.894
423500,0.111,0.023,0.866
424000,0.164,0.000,0.836
424500,0.192,0.000,0.808
425000,0.129,0.000,0.871
425500,0.086,0.000,0.914
426000,0.115,0.000,0.885
426500,0.127,0.000,0.873
427000,0.170,0.000,0.830
427500,0.190,0.000,0.810
428000,0.040,0.023,0.937
428500,0.228,0.000,0.772
429000,0.119,0.000,0.881
429500,0.135,0.000,0.865
430000,0.088,0.000,0.912
430500,0.088,0.000,0.912
431000,0.084,0.000,0.916
431500,0.071,0.007,0.922
432000,0.147,0.000,0.853
432500,0.097,0.000,0.903
433000,0.208,0.000,0.792
433500,0.210,0.000,0.790
434000,0.138,0.000,0.862
434500,0.053,0.000,0.947
435000,0.121,0.000,0.879
435500,0.129,0.000,0.871
436000,0.089,0.000,0.911
436500,0.104,0.000,0.896
437000,0.061,0.017,0.922
437500,0.092,0.000,0.908
438000,0.094,0.028,0.878
438500,0.092,0.000,0.908
439000,0.041,0.000,0.959
439500,0.131,0.000,0.869
440000,0.116,0.000,0.884
440500,0.063,0.005,0.932
441000,0.134,0.000,0.866
441500,0.087,0.000,0.913
442000,0.054,0.000,0.946
442500,0.150,0.000,0.850
443000,0.030,0.022,0.948
443500,0.164,0.000,0.836
444000,0.072,0.026,0.902
444500,0.145,0.000,0.855
445000,0.144,0.000,0.856
445500,0.113,0.000,0.887
446000,0.155,0.000,0.845
446500,0.084,0.032,0.884
447000,0.091,0.000,0.909
447500,0.052,0.018,0.930
448000,0.066,0.047,0.887
448500,0.086,0.000,0.914
449000,0.114,0.000,0.886
449500,0.102,0.000,0.898
450000,0.164,0.000,0.836
450500,0.104,0.000,0.896
451000,0.226,0.000,0.774
451500,0.059,0.035,0.906
452000,0.166,0.000,0.834
452500,0.154,0.005,0.841
453000,0.108,0.000,0.892
453500,0.082,0.000,0.918
454000,0.105,0.027,0.868
454500,0.107,0.000,0.893
455000,0.091,0.000,0.909
455500,0.176,0.000,0.824
456000,0.136,0.000,0.864
456500,0.094,0.000,0.906
457000,0.079,0.000,0.921
457500,0.198,0.000,0.802
458000,0.092,0.000,0.908
458500,0.082,0.011,0.907
459000,0.145,0.000,0.855
459500,0.085,0.000,0.915
460000,0.055,0.000,0.945
460500,0.109,0.000,0.891
461000,0.088,0.034,0.878
461500,0.127,0.002,0.871
462000,0.143,0.000,0.857
462500,0.094,0.000,0.906
463000,0.108,0.000,0.892
463500,0.112,0.000,0.888
464000,0.045,0.002,0.953
464500,0.097,0.005,0.898
465000,0.134,0.000,0.866
465500,0.107,0.000,0.893
466000,0.109,0.000,0.891
466500,0.163,0.000,0.837
467000,0.097,0.000,0.903
467500,0.122,0.005,0.873
468000,0.084,0.001,0.915
468500,0.057,0.000,0.943
469000,0.085,0.000,0.915
469500,0.078,0.000,0.922
470000,0.157,0.000,0.843
470500,0.090,0.000,0.910
471000,0.141,0.000,0.859
471500,0.162,0.000,0.838
472000,0.086,0.000,0.914
472500,0.147,0.000,0.853
473000,0.078,0.004,0.918
473500,0.082,0.000,0.918
474000,0.036,0.054,0.910
474500,0.129,0.000,0.871
475000,0.102,0.001,0.897
475500,0.134,0.000,0.866
476000,0.048,0.000,0.952
476500,0.083,0.000,0.917
477000,0.227,0.000,0.773
477500,0.088,0.000,0.912
478000,0.119,0.000,0.881
478500,0.135,0.000,0.865
479000,0.086,0.000,0.914
479500,0.131,0.000,0.869
480000,0.203,0.000,0.797
480500,0.124,0.000,0.876
481000,0.134,0.000,0.866
481500,0.113,0.000,0.887
482000,0.157,0.000,0.843
482500,0.095,0.000,0.905
483000,0.128,0.000,0.872
483500,0.164,0.000,0.836
484000,0.097,0.000,0.903
484500,0.175,0.000,0.825
485000,0.150,0.000,0.850
485500,0.121,0.000,0.879
486000,0.119,0.000,0.881
486500,0.114,0.000,0.886
487000,0.125,0.000,0.875
487500,0.220,0.000,0.780
488000,0.095,0.000,0.905
488500,0.132,0.000,0.868
489000,0.066,0.001,0.933
489500,0.117,0.000,0.883
490000,0.199,0.000,0.801
490500,0.103,0.000,0.897
491000,0.196,0.000,0.804
491500,0.150,0.000,0.850
492000,0.274,0.000,0.726
492500,0.138,0.000,0.862
493000,0.035,0.000,0.965
493500,0.102,0.000,0.898
494000,0.095,0.000,0.905
494500,0.208,0.000,0.792
495000,0.117,0.000,0.883
495500,0.160,0.000,0.840
496000,0.081,0.000,0.919
496500,0.179,0.000,0.821
497000,0.202,0.000,0.798
497500,0.126,0.000,0.874
498000,0.172,0.000,0.828
498500,0.141,0.000,0.859
499000,0.165,0.000,0.835
499500,0.131,0.000,0.869
500000,0.096,0.000,0.904
500500,0.048,0.034,0.918
501000,0.092,0.000,0.908
501500,0.124,0.000,0.876
502000,0.078,0.006,0.916
502500,0.091,0.000,0.909
503000,0.103,0.000,0.897
503500,0.153,0.000,0.847
504000,0.064,0.000,0.936
504500,0.144,0.000,0.856
505000,0.098,0.000,0.902
505500,0.092,0.000,0.908
506000,0.070,0.000,0.930
506500,0.109,0.000,0.891
507000,0.168,0.000,0.832
507500,0.164,0.000,0.836
508000,0.125,0.000,0.875
508500,0.125,0.005,0.870
509000,0.051,0.000,0.949
509500,0.083,0.000,0.917
510000,0.113,0.000,0.887
510500,0.157,0.000,0.843
511000,0.083,0.000,0.917
511500,0.116,0.000,0.884
512000,0.126,0.000,0.874
512500,0.125,0.000,0.875
513000,0.088,0.000,0.912
513500,0.104,0.000,0.896
514000,0.117,0.000,0.883
514500,0.157,0.000,0.843
515000,0.147,0.000,0.853
515500,0.136,0.000,0.864
516000,0.119,0.000,0.881
516500,0.123,0.000,0.877
517000,0.092,0.000,0.908
517500,0.049,0.036,0.915
518000,0.071,0.000,0.929
518500,0.102,0.003,0.895
519000,0.165,0.000,0.835
519500,0.091,0.024,0.885
520000,0.061,0.007,0.932
520500,0.109,0.000,0.891
521000,0.115,0.000,0.885
521500,0.180,0.000,0.820
522000,0.071,0.000,0.929
522500,0.093,0.000,0.907
523000,0.145,0.000,0.855
523500,0.084,0.000,0.916
524000,0.161,0.000,0.839
524500,0.083,0.000,0.917
525000,0.106,0.000,0.894
525500,0.051,0.036,0.913
526000,0.151,0.000,0.849
526500,0.175,0.000,0.825
527000,0.259,0.000,0.741
527500,0.154,0.002,0.844
528000,0.130,0.000,0.870
528500,0.073,0.010,0.917
529000,0.147,0.000,0.853
529500,0.181,0.000,0.819
530000,0.105,0.000,0.895
530500,0.060,0.000,0.940
531000,0.169,0.000,0.831
531500,0.142,0.000,0.858
532000,0.152,0.000,0.848
532500,0.138,0.000,0.862
533000,0.131,0.000,0.869
533500,0.136,0.000,0.864
534000,0.100,0.000,0.900
534500,0.090,0.000,0.910
535000,0.113,0.000,0.887
535500,0.065,0.000,0.935
536000,0.083,0.001,0.916
536500,0.222,0.000,0.778
537000,0.098,0.000,0.902
537500,0.148,0.000,0.852
538000,0.099,0.000,0.901
538500,0.135,0.000,0.865
539000,0.081,0.009,0.910
539500,0.133,0.000,0.867
540000,0.097,0.000,0.903
540500,0.084,0.000,0.916
541000,0.181,0.000,0.819
541500,0.116,0.000,0.884
542000,0.091,0.000,0.909
542500,0.226,0.000,0.774
543000,0.145,0.000,0.855
543500,0.088,0.000,0.912
544000,0.069,0.000,0.931
544500,0.129,0.000,0.871
545000,0.067,0.000,0.933
545500,0.098,0.000,0.902
546000,0.071,0.000,0.929
546500,0.166,0.000,0.834
547000,0.100,0.000,0.900
547500,0.089,0.000,0.911
548000,0.133,0.000,0.867
548500,0.169,0.000,0.831
549000,0.094,0.000,0.906
549500,0.072,0.043,0.885
550000,0.144,0.000,0.856
550500,0.217,0.000,0.783
551000,0.168,0.000,0.832
551500,0.164,0.000,0.836
552000,0.100,0.000,0.900
552500,0.125,0.000,0.875
553000,0.149,0.000,0.851
553500,0.066,0.000,0.934
554000,0.073,0.000,0.927
554500,0.144,0.000,0.856
555000,0.060,0.019,0.921
555500,0.130,0.000,0.870
556000,0.225,0.000,0.775
556500,0.098,0.000,0.902
557000,0.168,0.000,0.832
557500,0.113,0.000,0.887
558000,0.090,0.000,0.910
558500,0.150,0.000,0.850
559000,0.085,0.000,0.915
559500,0.143,0.000,0.857
560000,0.099,0.000,0.901
560500,0.039,0.000,0.961
561000,0.114,0.000,0.886
561500,0.214,0.000,0.786
562000,0.151,0.000,0.849
562500,0.094,0.000,0.906
563000,0.082,0.000,0.918
563500,0.098,0.027,0.875
564000,0.030,0.064,0.906
564500,0.073,0.004,0.923
565000,0.159,0.000,0.841
565500,0.189,0.000,0.811
566000,0.160,0.000,0.840
566500,0.117,0.000,0.883
567000,0.062,0.000,0.938
567500,0.067,0.000,0.933
568000,0.121,0.000,0.879
568500,0.341,0.000,0.659
569000,0.185,0.000,0.815
569500,0.174,0.000,0.826
570000,0.110,0.000,0.890
570500,0.105,0.000,0.895
571000,0.140,0.000,0.860
571500,0.098,0.002,0.900
572000,0.070,0.000,0.930
572500,0.162,0.000,0.838
573000,0.169,0.000,0.831
573500,0.112,0.000,0.888
574000,0.105,0.000,0.895
574500,0.078,0.000,0.922
575000,0.107,0.000,0.893
575500,0.145,0.000,0.855
576000,0.042,0.011,0.947
576500,0.061,0.006,0.933
577000,0.076,0.000,0.924
577500,0.146,0.000,0.854
578000,0.122,0.000,0.878
578500,0.142,0.000,0.858
579000,0.165,0.000,0.835
579500,0.098,0.000,0.902
580000,0.073,0.000,0.927
580500,0.041,0.000,0.959
581000,0.161,0.000,0.839
581500,0.169,0.000,0.831
582000,0.220,0.000,0.780
582500,0.127,0.000,0.873
583000,0.115,0.000,0.885
583500,0.086,0.000,0.914
584000,0.279,0.000,0.721
584500,0.134,0.000,0.866
585000,0.112,0.000,0.888
585500,0.173,0.000,0.827
586000,0.116,0.000,0.884
586500,0.104,0.000,0.896
587000,0.128,0.000,0.872
587500,0.058,0.000,0.942
588000,0.204,0.000,0.796
588500,0.210,0.000,0.790
589000,0.129,0.000,0.871
589500,0.131,0.000,0.869
590000,0.059,0.000,0.941
590500,0.099,0.000,0.901
591000,0.162,0.000,0.838
591500,0.068,0.000,0.932
592000,0.085,0.000,0.915
592500,0.190,0.000,0.810
593000,0.191,0.000,0.809
593500,0.169,0.001,0.830
594000,0.093,0.000,0.907
594500,0.128,0.000,0.872
595000,0.160,0.000,0.840
595500,0.145,0.000,0.855
596000,0.156,0.000,0.844
596500,0.142,0.000,0.858
597000,0.126,0.000,0.874
597500,0.119,0.000,0.881
598000,0.129,0.000,0.871
598500,0.141,0.000,0.859
599000,0.126,0.007,0.867
599500,0.227,0.000,0.773
600000,0.165,0.000,0.835
600500,0.118,0.000,0.882
601000,0.118,0.000,0.882
601500,0.133,0.000,0.867
602000,0.094,0.001,0.905
602500,0.186,0.000,0.814
603000,0.146,0.002,0.852
603500,0.162,0.000,0.838
604000,0.080,0.007,0.913
604500,0.105,0.000,0.895
605000,0.151,0.000,0.849
605500,0.150,0.000,0.850
606000,0.121,0.000,0.879
606500,0.109,0.000,0.891
607000,0.139,0.000,0.861
607500,0.127,0.000,0.873
608000,0.067,0.014,0.919
608500,0.114,0.000,0.886
609000,0.157,0.000,0.843
609500,0.121,0.000,0.879
610000,0.098,0.000,0.902
610500,0.179,0.000,0.821
611000,0.104,0.000,0.896
611500,0.144,0.000,0.856
612000,0.198,0.000,0.802
612500,0.088,0.001,0.911
613000,0.128,0.000,0.872
613500,0.116,0.000,0.884
614000,0.095,0.000,0.905
614500,0.099,0.000,0.901
615000,0.080,0.000,0.920
615500,0.140,0.000,0.860
616000,0.202,0.000,0.798
616500,0.165,0.002,0.833
617000,0.165,0.000,0.835
617500,0.112,0.000,0.888
618000,0.095,0.000,0.905
618500,0.089,0.000,0.911
619000,0.156,0.000,0.844
619500,0.215,0.000,0.785
620000,0.058,0.016,0.926
620500,0.091,0.000,0.909
621000,0.115,0.000,0.885
621500,0.069,0.027,0.904
622000,0.161,0.001,0.838
622500,0.102,0.000,0.898
623000,0.104,0.000,0.896
623500,0.065,0.000,0.935
624000,0.166,0.000,0.834
624500,0.194,0.000,0.806
625000,0.117,0.000,0.883
625500,0.151,0.000,0.849
626000,0.200,0.000,0.800
626500,0.282,0.000,0.718
627000,0.152,0.000,0.848
627500,0.113,0.000,0.887
628000,0.144,0.000,0.856
628500,0.141,0.000,0.859
629000,0.113,0.008,0.879
629500,0.117,0.016,0.867
630000,0.120,0.000,0.880
630500,0.112,0.000,0.888
631000,0.095,0.000,0.905
631500,0.104,0.000,0.896
632000,0.081,0.000,0.919
632500,0.077,0.000,0.923
633000,0.090,0.000,0.910
633500,0.111,0.000,0.889
634000,0.143,0.000,0.857
634500,0.053,0.000,0.947
635000,0.129,0.000,0.871
635500,0.160,0.000,0.840
636000,0.225,0.000,0.775
636500,0.079,0.000,0.921
637000,0.054,0.018,0.928
637500,0.106,0.000,0.894
638000,0.113,0.013,0.874
638500,0.195,0.000,0.805
639000,0.223,0.000,0.777
639500,0.131,0.000,0.869
640000,0.184,0.000,0.816
640500,0.156,0.000,0.844
641000,0.111,0.001,0.888
641500,0.204,0.000,0.796
642000,0.099,0.000,0.901
642500,0.082,0.000,0.918
643000,0.096,0.000,0.904
643500,0.144,0.000,0.856
644000,0.178,0.000,0.822
644500,0.125,0.000,0.875
645000,0.061,0.034,0.905
645500,0.203,0.000,0.797
646000,0.081,0.000,0.919
646500,0.154,0.000,0.846
647000,0.121,0.006,0.873
647500,0.070,0.005,0.925
648000,0.152,0.000,0.848
648500,0.150,0.000,0.850
649000,0.057,0.036,0.907
649500,0.103,0.000,0.897
650000,0.092,0.003,0.905
650500,0.095,0.000,0.905
651000,0.125,0.000,0.875
651500,0.126,0.000,0.874
652000,0.110,0.003,0.887
652500,0.086,0.004,0.910
653000,0.101,0.000,0.899
653500,0.044,0.006,0.950
654000,0.116,0.000,0.884
654500,0.160,0.000,0.840
655000,0.148,0.000,0.852
655500,0.113,0.000,0.887
656000,0.156,0.000,0.844
656500,0.067,0.002,0.931
657000,0.076,0.000,0.924
657500,0.122,0.000,0.878
658000,0.183,0.000,0.817
658500,0.159,0.000,0.841
659000,0.077,0.037,0.886
659500,0.212,0.000,0.788
660000,0.106,0.000,0.894
660500,0.121,0.000,0.879
661000,0.113,0.000,0.887
661500,0.175,0.000,0.825
662000,0.106,0.000,0.894
662500,0.126,0.000,0.874
663000,0.190,0.000,0.810
663500,0.030,0.048,0.922
664000,0.105,0.000,0.895
664500,0.109,0.000,0.891
665000,0.069,0.000,0.931
665500,0.248,0.000,0.752
666000,0.148,0.000,0.852
666500,0.122,0.000,0.878
667000,0.150,0.000,0.850
667500,0.151,0.000,0.849
668000,0.132,0.000,0.868
668500,0.062,0.000,0.938
669000,0.115,0.000,0.885
669500,0.088,0.000,0.912
670000,0.140,0.000,0.860
670500,0.197,0.000,0.803
671000,0.044,0.036,0.920
671500,0.128,0.000,0.872
672000,0.115,0.000,0.885
672500,0.071,0.024,0.905
673000,0.066,0.000,0.934
673500,0.097,0.000,0.903
674000,0.101,0.000,0.899
674500,0.145,0.000,0.855
675000,0.048,0.000,0.952
675500,0.099,0.000,0.901
676000,0.210,0.000,0.790
676500,0.140,0.000,0.860
677000,0.155,0.000,0.845
677500,0.136,0.002,0.862
678000,0.071,0.006,0.923
678500,0.085,0.025,0.890
679000,0.088,0.000,0.912
679500,0.074,0.000,0.926
680000,0.104,0.000,0.896
680500,0.096,0.000,0.904
681000,0.185,0.000,0.815
681500,0.156,0.000,0.844
682000,0.084,0.000,0.916
682500,0.088,0.000,0.912
683000,0.149,0.000,0.851
683500,0.130,0.000,0.870
684000,0.066,0.000,0.934
684500,0.091,0.000,0.909
685000,0.098,0.000,0.902
685500,0.039,0.025,0.936
686000,0.128,0.000,0.872
686500,0.125,0.000,0.875
687000,0.144,0.000,0.856
687500,0.117,0.007,0.876
688000,0.209,0.000,0.791
688500,0.108,0.000,0.892
689000,0.113,0.000,0.887
689500,0.124,0.000,0.876
690000,0.119,0.000,0.881
690500,0.085,0.001,0.914
691000,0.100,0.000,0.900
691500,0.218,0.000,0.782
692000,0.164,0.000,0.836
692500,0.154,0.001,0.845
693000,0.087,0.007,0.906
693500,0.097,0.000,0.903
694000,0.069,0.000,0.931
694500,0.060,0.007,0.933
695000,0.062,0.047,0.891
695500,0.202,0.000,0.798
696000,0.078,0.000,0.922
696500,0.139,0.000,0.861
697000,0.059,0.014,0.927
697500,0.152,0.000,0.848
698000,0.145,0.000,0.855
698500,0.112,0.000,0.888
699000,0.119,0.001,0.880
699500,0.043,0.000,0.957
700000,0.035,0.054,0.911
700500,0.170,0.000,0.830
701000,0.119,0.000,0.881
701500,0.094,0.000,0.906
702000,0.266,0.000,0.734
702500,0.201,0.000,0.799
703000,0.116,0.000,0.884
703500,0.171,0.000,0.829
704000,0.116,0.000,0.884
704500,0.035,0.042,0.923
705000,0.202,0.000,0.798
705500,0.184,0.000,0.816
706000,0.139,0.012,0.849
706500,0.121,0.000,0.879
707000,0.150,0.000,0.850
707500,0.111,0.000,0.889
708000,0.092,0.000,0.908
708500,0.036,0.051,0.913
709000,0.144,0.000,0.856
709500,0.130,0.000,0.870
710000,0.196,0.000,0.804
710500,0.191,0.000,0.809
711000,0.139,0.000,0.861
711500,0.131,0.003,0.866
712000,0.057,0.000,0.943
712500,0.108,0.000,0.892
713000,0.030,0.013,0.957
713500,0.186,0.000,0.814
714000,0.106,0.000,0.894
714500,0.125,0.000,0.875
715000,0.075,0.037,0.888
715500,0.169,0.000,0.831
716000,0.193,0.000,0.807
716500,0.128,0.000,0.872
717000,0.145,0.000,0.855
717500,0.090,0.000,0.910
718000,0.150,0.000,0.850
718500,0.117,0.000,0.883
719000,0.164,0.000,0.836
719500,0.088,0.000,0.912
720000,0.078,0.000,0.922
720500,0.139,0.000,0.861
721000,0.228,0.000,0.772
721500,0.057,0.024,0.919
722000,0.099,0.000,0.901
722500,0.093,0.000,0.907
723000,0.105,0.000,0.895
723500,0.132,0.000,0.868
724000,0.117,0.000,0.883
724500,0.156,0.000,0.844
725000,0.041,0.018,0.941
725500,0.177,0.001,0.822
726000,0.133,0.000,0.867
726500,0.159,0.006,0.835
727000,0.159,0.000,0.841
727500,0.076,0.000,0.924
728000,0.183,0.000,0.817
728500,0.144,0.000,0.856
729000,0.157,0.001,0.842
729500,0.199,0.000,0.801
730000,0.149,0.000,0.851
730500,0.119,0.000,0.881
731000,0.105,0.001,0.894
731500,0.081,0.006,0.913
732000,0.049,0.026,0.925
732500,0.105,0.007,0.888
733000,0.177,0.000,0.823
733500,0.183,0.000,0.817
734000,0.186,0.000,0.814
734500,0.199,0.000,0.801
735000,0.103,0.002,0.895
735500,0.194,0.000,0.806
736000,0.101,0.000,0.899
736500,0.150,0.000,0.850
737000,0.137,0.002,0.861
737500,0.123,0.000,0.877
738000,0.123,0.000,0.877
738500,0.165,0.000,0.835
739000,0.099,0.000,0.901
739500,0.081,0.007,0.912
740000,0.070,0.000,0.930
740500,0.186,0.000,0.814
741000,0.090,0.000,0.910
741500,0.094,0.000,0.906
742000,0.244,0.000,0.756
742500,0.069,0.000,0.931
743000,0.077,0.000,0.923
743500,0.089,0.000,0.911
744000,0.253,0.000,0.747
744500,0.253,0.000,0.747
745000,0.167,0.000,0.833
745500,0.245,0.000,0.755
746000,0.170,0.000,0.830
746500,0.141,0.000,0.859
747000,0.107,0.000,0.893
747500,0.133,0.000,0.867
748000,0.077,0.012,0.911
748500,0.134,0.000,0.866
749000,0.156,0.000,0.844
749500,0.166,0.000,0.834
750000,0.057,0.010,0.933
750500,0.131,0.000,0.869
751000,0.121,0.000,0.879
751500,0.062,0.028,0.910
752000,0.065,0.001,0.934
752500,0.177,0.000,0.823
753000,0.115,0.000,0.885
753500,0.138,0.000,0.862
754000,0.110,0.000,0.890
754500,0.077,0.000,0.923
755000,0.155,0.000,0.845
755500,0.130,0.000,0.870
756000,0.190,0.000,0.810
756500,0.109,0.000,0.891
757000,0.117,0.000,0.883
757500,0.143,0.000,0.857
758000,0.137,0.004,0.859
758500,0.147,0.005,0.848
759000,0.092,0.000,0.908
759500,0.110,0.000,0.890
760000,0.116,0.000,0.884
760500,0.233,0.000,0.767
761000,0.118,0.000,0.882
761500,0.193,0.000,0.807
762000,0.208,0.000,0.792
762500,0.075,0.000,0.925
763000,0.230,0.001,0.769
763500,0.082,0.000,0.918
764000,0.088,0.000,0.912
764500,0.173,0.000,0.827
765000,0.140,0.000,0.860
765500,0.046,0.000,0.954
766000,0.161,0.000,0.839
766500,0.148,0.000,0.852
767000,0.077,0.000,0.923
767500,0.113,0.000,0.887
768000,0.232,0.000,0.768
768500,0.058,0.000,0.942
769000,0.083,0.000,0.917
769500,0.207,0.000,0.793
770000,0.091,0.000,0.909
770500,0.162,0.000,0.838
771000,0.196,0.000,0.804
771500,0.240,0.000,0.760
772000,0.092,0.003,0.905
772500,0.125,0.007,0.868
773000,0.090,0.000,0.910
773500,0.067,0.000,0.933
774000,0.095,0.000,0.905
774500,0.035,0.037,0.928
775000,0.139,0.000,0.861
775500,0.087,0.000,0.913
776000,0.140,0.001,0.859
776500,0.231,0.000,0.769
777000,0.194,0.002,0.804
777500,0.094,0.000,0.906
778000,0.204,0.000,0.796
778500,0.151,0.000,0.849
779000,0.067,0.000,0.933
779500,0.056,0.000,0.944
780000,0.110,0.000,0.890
780500,0.055,0.006,0.939
781000,0.237,0.000,0.763
781500,0.097,0.000,0.903
782000,0.156,0.000,0.844
782500,0.181,0.000,0.819
783000,0.191,0.000,0.809
783500,0.199,0.000,0.801
784000,0.199,0.000,0.801
784500,0.100,0.000,0.900
785000,0.126,0.000,0.874
785500,0.127,0.001,0.872
786000,0.105,0.000,0.895
786500,0.077,0.000,0.923
787000,0.162,0.000,0.838
787500,0.124,0.000,0.876
788000,0.119,0.000,0.881
788500,0.030,0.030,0.940
789000,0.070,0.000,0.930
789500,0.124,0.000,0.876
790000,0.105,0.000,0.895
790500,0.038,0.003,0.959
791000,0.134,0.000,0.866
791500,0.083,0.022,0.895
792000,0.121,0.000,0.879
792500,0.093,0.000,0.907
793000,0.145,0.000,0.855
793500,0.133,0.000,0.867
794000,0.090,0.000,0.910
794500,0.077,0.025,0.898
795000,0.162,0.000,0.838
795500,0.073,0.001,0.926
796000,0.167,0.000,0.833
796500,0.159,0.000,0.841
797000,0.148,0.000,0.852
797500,0.096,0.000,0.904
798000,0.158,0.000,0.842
798500,0.120,0.000,0.880
799000,0.076,0.009,0.915
799500,0.167,0.000,0.833
800000,0.098,0.000,0.902
800500,0.060,0.000,0.940
801000,0.169,0.000,0.831
801500,0.075,0.000,0.925
802000,0.239,0.000,0.761
802500,0.087,0.000,0.913
803000,0.209,0.000,0.791
803500,0.129,0.000,0.871
804000,0.081,0.000,0.919
804500,0.121,0.000,0.879
805000,0.151,0.000,0.849
805500,0.098,0.000,0.902
806000,0.045,0.039,0.916
806500,0.073,0.005,0.922
807000,0.098,0.000,0.902
807500,0.147,0.000,0.853
808000,0.120,0.000,0.880
808500,0.179,0.000,0.821
809000,0.084,0.000,0.916
809500,0.068,0.000,0.932
810000,0.090,0.000,0.910
810500,0.125,0.000,0.875
811000,0.083,0.000,0.917
811500,0.068,0.000,0.932
812000,0.070,0.000,0.930
812500,0.131,0.000,0.869
813000,0.129,0.002,0.869
813500,0.046,0.000,0.954
814000,0.071,0.000,0.929
814500,0.152,0.001,0.847
815000,0.157,0.000,0.843
815500,0.137,0.000,0.863
816000,0.163,0.000,0.837
816500,0.265,0.000,0.735
817000,0.088,0.000,0.912
817500,0.058,0.000,0.942
818000,0.161,0.000,0.839
818500,0.118,0.000,0.882
819000,0.124,0.000,0.876
819500,0.179,0.000,0.821
820000,0.159,0.000,0.841
820500,0.117,0.000,0.883
821000,0.156,0.000,0.844
821500,0.123,0.016,0.861
822000,0.137,0.000,0.863
822500,0.136,0.001,0.863
823000,0.149,0.000,0.851
823500,0.137,0.001,0.862
824000,0.089,0.016,0.895
824500,0.162,0.000,0.838
825000,0.145,0.000,0.855
825500,0.181,0.000,0.819
826000,0.081,0.000,0.919
826500,0.077,0.000,0.923
827000,0.147,0.000,0.853
827500,0.131,0.000,0.869
828000,0.121,0.000,0.879
828500,0.078,0.000,0.922
829000,0.121,0.000,0.879
829500,0.073,0.000,0.927
830000,0.116,0.000,0.884
830500,0.154,0.000,0.846
831000,0.078,0.021,0.901
831500,0.178,0.000,0.822
832000,0.055,0.000,0.945
832500,0.206,0.000,0.794
833000,0.140,0.000,0.860
833500,0.154,0.000,0.846
834000,0.201,0.000,0.799
834500,0.148,0.000,0.852
835000,0.063,0.000,0.937
835500,0.236,0.000,0.764
836000,0.148,0.000,0.852
836500,0.159,0.010,0.831
837000,0.118,0.000,0.882
837500,0.156,0.000,0.844
838000,0.146,0.000,0.854
838500,0.078,0.019,0.903
839000,0.247,0.000,0.753
839500,0.118,0.000,0.882
840000,0.138,0.000,0.862
840500,0.251,0.000,0.749
841000,0.093,0.000,0.907
841500,0.094,0.000,0.906
842000,0.134,0.000,0.866
842500,0.090,0.000,0.910
843000,0.124,0.000,0.876
843500,0.091,0.000,0.909
844000,0.156,0.000,0.844
844500,0.148,0.000,0.852
845000,0.149,0.000,0.851
845500,0.120,0.008,0.872
846000,0.067,0.037,0.896
846500,0.240,0.000,0.760
847000,0.176,0.000,0.824
847500,0.100,0.000,0.900
848000,0.087,0.000,0.913
848500,0.159,0.000,0.841
849000,0.096,0.000,0.904
849500,0.101,0.000,0.899
850000,0.078,0.000,0.922
850500,0.154,0.000,0.846
851000,0.081,0.000,0.919
851500,0.101,0.000,0.899
852000,0.118,0.000,0.882
852500,0.125,0.000,0.875
853000,0.092,0.000,0.908
853500,0.128,0.000,0.872
854000,0.078,0.000,0.922
854500,0.106,0.000,0.894
855000,0.149,0.000,0.851
855500,0.077,0.003,0.920
856000,0.161,0.000,0.839
856500,0.116,0.012,0.872
857000,0.197,0.000,0.803
857500,0.109,0.000,0.891
858000,0.168,0.000,0.832
858500,0.152,0.000,0.848
859000,0.214,0.000,0.786
859500,0.050,0.000,0.950
860000,0.141,0.000,0.859
860500,0.087,0.006,0.907
861000,0.056,0.000,0.944
861500,0.199,0.000,0.801
862000,0.065,0.000,0.935
862500,0.162,0.030,0.808
863000,0.182,0.000,0.818
863500,0.127,0.000,0.873
864000,0.120,0.000,0.880
864500,0.064,0.000,0.936
865000,0.131,0.000,0.869
865500,0.145,0.000,0.855
866000,0.136,0.000,0.864
866500,0.137,0.000,0.863
867000,0.120,0.000,0.880
867500,0.163,0.000,0.837
868000,0.154,0.000,0.846
868500,0.159,0.000,0.841
869000,0.123,0.000,0.877
869500,0.088,0.000,0.912
870000,0.098,0.000,0.902
870500,0.120,0.000,0.880
871000,0.057,0.000,0.943
871500,0.116,0.000,0.884
872000,0.109,0.000,0.891
872500,0.164,0.000,0.836
873000,0.242,0.000,0.758
873500,0.171,0.000,0.829
874000,0.196,0.000,0.804
874500,0.104,0.000,0.896
875000,0.237,0.000,0.763
875500,0.175,0.000,0.825
876000,0.205,0.000,0.795
876500,0.240,0.000,0.760
877000,0.059,0.003,0.938
877500,0.147,0.000,0.853
878000,0.115,0.000,0.885
878500,0.265,0.000,0.735
879000,0.084,0.001,0.915
879500,0.037,0.031,0.932
880000,0.160,0.000,0.840
880500,0.083,0.000,0.917
881000,0.102,0.000,0.898
881500,0.139,0.000,0.861
882000,0.130,0.000,0.870
882500,0.116,0.001,0.883
883000,0.063,0.002,0.935
883500,0.098,0.000,0.902
884000,0.114,0.000,0.886
884500,0.277,0.000,0.723
885000,0.142,0.000,0.858
885500,0.083,0.000,0.917
886000,0.145,0.000,0.855
886500,0.058,0.000,0.942
887000,0.184,0.000,0.816
887500,0.092,0.000,0.908
888000,0.130,0.000,0.870
888500,0.167,0.000,0.833
889000,0.080,0.000,0.920
889500,0.149,0.000,0.851
890000,0.103,0.000,0.897
890500,0.168,0.000,0.832
891000,0.066,0.000,0.934
891500,0.043,0.000,0.957
892000,0.061,0.002,0.937
892500,0.160,0.000,0.840
893000,0.104,0.000,0.896
893500,0.088,0.000,0.912
894000,0.154,0.000,0.846
894500,0.234,0.000,0.766
895000,0.078,0.021,0.901
895500,0.084,0.000,0.916
896000,0.039,0.000,0.961
896500,0.188,0.000,0.812
897000,0.068,0.000,0.932
897500,0.075,0.004,0.921
898000,0.137,0.000,0.863
898500,0.127,0.000,0.873
899000,0.228,0.000,0.772
899500,0.113,0.000,0.887
900000,0.098,0.000,0.902
900500,0.130,0.000,0.870
901000,0.241,0.000,0.759
901500,0.148,0.000,0.852
902000,0.179,0.000,0.821
902500,0.133,0.000,0.867
903000,0.156,0.000,0.844
903500,0.092,0.000,0.908
904000,0.127,0.000,0.873
904500,0.149,0.000,0.851
905000,0.111,0.000,0.889
905500,0.097,0.000,0.903
906000,0.104,0.000,0.896
906500,0.131,0.000,0.869
907000,0.089,0.000,0.911
907500,0.090,0.000,0.910
908000,0.159,0.000,0.841
908500,0.115,0.000,0.885
909000,0.146,0.000,0.854
909500,0.151,0.000,0.849
910000,0.149,0.000,0.851
910500,0.134,0.000,0.866
911000,0.188,0.000,0.812
911500,0.197,0.000,0.803
912000,0.133,0.000,0.867
912500,0.110,0.001,0.889
913000,0.179,0.000,0.821
913500,0.055,0.034,0.911
914000,0.200,0.000,0.800
914500,0.112,0.000,0.888
915000,0.099,0.000,0.901
915500,0.065,0.000,0.935
916000,0.075,0.000,0.925
916500,0.179,0.000,0.821
917000,0.032,0.051,0.917
917500,0.162,0.000,0.838
918000,0.109,0.000,0.891
918500,0.176,0.000,0.824
919000,0.104,0.000,0.896
919500,0.097,0.000,0.903
920000,0.104,0.000,0.896
920500,0.114,0.000,0.886
921000,0.199,0.000,0.801
921500,0.112,0.000,0.888
922000,0.141,0.000,0.859
922500,0.102,0.000,0.898
923000,0.140,0.000,0.860
923500,0.115,0.004,0.881
924000,0.116,0.000,0.884
924500,0.144,0.000,0.856
925000,0.127,0.000,0.873
925500,0.083,0.000,0.917
926000,0.106,0.000,0.894
926500,0.125,0.000,0.875
927000,0.093,0.000,0.907
927500,0.095,0.000,0.905
928000,0.127,0.000,0.873
928500,0.101,0.000,0.899
929000,0.073,0.005,0.922
929500,0.098,0.000,0.902
930000,0.085,0.000,0.915
930500,0.062,0.002,0.936
931000,0.083,0.000,0.917
931500,0.040,0.024,0.936
932000,0.033,0.013,0.954
932500,0.169,0.000,0.831
933000,0.115,0.018,0.867
933500,0.194,0.000,0.806
934000,0.174,0.000,0.826
934500,0.073,0.022,0.905
935000,0.066,0.007,0.927
935500,0.139,0.000,0.861
936000,0.064,0.000,0.936
936500,0.141,0.000,0.859
937000,0.174,0.000,0.826
937500,0.142,0.000,0.858
938000,0.121,0.000,0.879
938500,0.103,0.000,0.897
939000,0.174,0.000,0.826
939500,0.106,0.000,0.894
940000,0.159,0.000,0.841
940500,0.094,0.000,0.906
941000,0.132,0.000,0.868
941500,0.092,0.000,0.908
942000,0.191,0.000,0.809
942500,0.144,0.000,0.856
943000,0.050,0.035,0.915
943500,0.119,0.000,0.881
944000,0.102,0.000,0.898
944500,0.151,0.000,0.849
945000,0.133,0.000,0.867
945500,0.139,0.000,0.861
946000,0.163,0.000,0.837
946500,0.123,0.000,0.877
947000,0.177,0.000,0.823
947500,0.191,0.000,0.809
948000,0.076,0.000,0.924
948500,0.163,0.000,0.837
949000,0.154,0.000,0.846
949500,0.191,0.000,0.809
950000,0.151,0.000,0.849
950500,0.179,0.000,0.821
951000,0.127,0.000,0.873
951500,0.062,0.003,0.935
952000,0.091,0.000,0.909
952500,0.134,0.000,0.866
953000,0.221,0.000,0.779
953500,0.192,0.000,0.808
954000,0.105,0.000,0.895
954500,0.088,0.001,0.911
955000,0.104,0.000,0.896
955500,0.160,0.000,0.840
956000,0.126,0.000,0.874
956500,0.178,0.000,0.822
957000,0.099,0.000,0.901
957500,0.114,0.000,0.886
958000,0.086,0.000,0.914
958500,0.106,0.000,0.894
959000,0.037,0.026,0.937
959500,0.108,0.000,0.892
960000,0.107,0.000,0.893
960500,0.097,0.016,0.887
961000,0.135,0.001,0.864
961500,0.136,0.000,0.864
962000,0.113,0.020,0.867
962500,0.118,0.026,0.856
963000,0.119,0.000,0.881
963500,0.052,0.016,0.932
964000,0.162,0.000,0.838
964500,0.175,0.000,0.825
965000,0.157,0.000,0.843
965500,0.193,0.000,0.807
966000,0.071,0.034,0.895
966500,0.124,0.000,0.876
967000,0.067,0.000,0.933
967500,0.116,0.000,0.884
968000,0.107,0.000,0.893
968500,0.226,0.000,0.774
969000,0.149,0.000,0.851
969500,0.148,0.000,0.852
970000,0.122,0.000,0.878
970500,0.119,0.000,0.881
971000,0.070,0.000,0.930
971500,0.152,0.000,0.848
972000,0.201,0.002,0.797
972500,0.053,0.000,0.947
973000,0.103,0.000,0.897
973500,0.037,0.060,0.903
974000,0.114,0.000,0.886
974500,0.170,0.000,0.830
975000,0.073,0.000,0.927
975500,0.177,0.000,0.823
976000,0.145,0.000,0.855
976500,0.060,0.000,0.940
977000,0.122,0.000,0.878
977500,0.097,0.000,0.903
978000,0.132,0.000,0.868
978500,0.147,0.004,0.849
979000,0.128,0.000,0.872
979500,0.117,0.000,0.883
980000,0.107,0.016,0.877
980500,0.075,0.000,0.925
981000,0.182,0.000,0.818
981500,0.176,0.000,0.824
982000,0.041,0.014,0.945
982500,0.235,0.000,0.765
983000,0.121,0.000,0.879
983500,0.122,0.002,0.876
984000,0.157,0.000,0.843
984500,0.042,0.000,0.958
985000,0.068,0.000,0.932
985500,0.138,0.000,0.862
986000,0.050,0.013,0.937
986500,0.160,0.000,0.840
987000,0.199,0.000,0.801
987500,0.120,0.000,0.880
988000,0.155,0.000,0.845
988500,0.089,0.000,0.911
989000,0.075,0.000,0.925
989500,0.119,0.015,0.866
990000,0.193,0.000,0.807
990500,0.108,0.000,0.892
991000,0.168,0.000,0.832
991500,0.068,0.018,0.914
992000,0.094,0.001,0.905
992500,0.083,0.000,0.917
993000,0.064,0.006,0.930
993500,0.177,0.000,0.823
994000,0.036,0.004,0.960
994500,0.154,0.000,0.846
995000,0.184,0.000,0.816
995500,0.041,0.028,0.931
996000,0.144,0.000,0.856
996500,0.057,0.000,0.943
997000,0.062,0.000,0.938
997500,0.132,0.000,0.868
998000,0.161,0.000,0.839
998500,0.165,0.000,0.835
999000,0.121,0.000,0.879
999500,0.069,0.034,0.897
1000000,0.117,0.000,0.883
