time,n_A+p,n_B,n_AB
500,0.077,0.029,0.894
1000,0.308,0.000,0.692
1500,0.222,0.000,0.778
2000,0.284,0.000,0.716
2500,0.335,0.000,0.665
3000,0.338,0.000,0.662
3500,0.226,0.000,0.774
4000,0.453,0.000,0.547
4500,0.210,0.000,0.790
5000,0.412,0.000,0.588
5500,0.254,0.000,0.746
6000,0.296,0.000,0.704
6500,0.318,0.000,0.682
7000,0.479,0.000,0.521
7500,0.427,0.000,0.573
8000,0.362,0.000,0.638
8500,0.310,0.000,0.690
9000,0.367,0.000,0.633
9500,0.370,0.000,0.630
10000,0.410,0.000,0.590
10500,0.456,0.000,0.544
11000,0.341,0.000,0.659
11500,0.326,0.000,0.674
12000,0.423,0.000,0.577
12500,0.437,0.000,0.563
13000,0.282,0.000,0.718
13500,0.433,0.000,0.567
14000,0.246,0.000,0.754
14500,0.216,0.000,0.784
15000,0.242,0.000,0.758
15500,0.271,0.000,0.729
16000,0.282,0.000,0.718
16500,0.369,0.000,0.631
17000,0.370,0.000,0.630
17500,0.288,0.000,0.712
18000,0.245,0.000,0.755
18500,0.313,0.000,0.687
19000,0.370,0.000,0.630
19500,0.395,0.000,0.605
20000,0.233,0.000,0.767
20500,0.333,0.000,0.667
21000,0.475,0.000,0.525
21500,0.355,0.000,0.645
22000,0.417,0.000,0.583
22500,0.308,0.000,0.692
23000,0.407,0.000,0.593
23500,0.350,0.000,0.650
24000,0.285,0.000,0.715
24500,0.270,0.000,0.730
25000,0.247,0.000,0.753
25500,0.366,0.000,0.634
26000,0.390,0.000,0.610
26500,0.367,0.000,0.633
27000,0.250,0.000,0.750
27500,0.276,0.000,0.724
28000,0.255,0.000,0.745
28500,0.441,0.000,0.559
29000,0.168,0.000,0.832
29500,0.417,0.000,0.583
30000,0.282,0.000,0.718
30500,0.217,0.000,0.783
31000,0.307,0.000,0.693
31500,0.391,0.000,0.609
32000,0.335,0.000,0.665
32500,0.393,0.000,0.607
33000,0.370,0.000,0.630
33500,0.301,0.000,0.699
34000,0.374,0.000,0.626
34500,0.364,0.000,0.636
35000,0.327,0.000,0.673
35500,0.341,0.000,0.659
36000,0.370,0.000,0.630
36500,0.481,0.000,0.519
37000,0.372,0.000,0.628
37500,0.432,0.000,0.568
38000,0.258,0.000,0.742
38500,0.296,0.000,0.704
39000,0.427,0.000,0.573
39500,0.336,0.000,0.664
40000,0.308,0.000,0.692
40500,0.434,0.000,0.566
41000,0.364,0.000,0.636
41500,0.300,0.000,0.700
42000,0.273,0.000,0.727
42500,0.273,0.000,0.727
43000,0.267,0.000,0.733
43500,0.275,0.000,0.725
44000,0.350,0.000,0.650
44500,0.290,0.000,0.710
45000,0.407,0.000,0.593
45500,0.628,0.000,0.372
46000,0.234,0.000,0.766
46500,0.293,0.000,0.707
47000,0.325,0.000,0.675
47500,0.398,0.000,0.602
48000,0.438,0.000,0.562
48500,0.237,0.000,0.763
49000,0.488,0.000,0.512
49500,0.486,0.000,0.514
50000,0.315,0.000,0.685
50500,0.184,0.000,0.816
51000,0.350,0.000,0.650
51500,0.446,0.000,0.554
52000,0.345,0.000,0.655
52500,0.492,0.000,0.508
53000,0.336,0.000,0.664
53500,0.466,0.000,0.534
54000,0.488,0.000,0.512
54500,0.362,0.000,0.638
55000,0.304,0.000,0.696
55500,0.345,0.000,0.655
56000,0.276,0.000,0.724
56500,0.337,0.000,0.663
57000,0.278,0.000,0.722
57500,0.353,0.000,0.647
58000,0.421,0.000,0.579
58500,0.247,0.000,0.753
59000,0.385,0.000,0.615
59500,0.244,0.000,0.756
60000,0.377,0.000,0.623
60500,0.240,0.000,0.760
61000,0.303,0.000,0.697
61500,0.355,0.000,0.645
62000,0.315,0.000,0.685
62500,0.393,0.000,0.607
63000,0.370,0.000,0.630
63500,0.234,0.000,0.766
64000,0.327,0.000,0.673
64500,0.320,0.000,0.680
65000,0.373,0.000,0.627
65500,0.344,0.000,0.656
66000,0.327,0.000,0.673
66500,0.326,0.000,0.674
67000,0.296,0.000,0.704
67500,0.238,0.000,0.762
68000,0.320,0.000,0.680
68500,0.265,0.000,0.735
69000,0.220,0.000,0.780
69500,0.440,0.000,0.560
70000,0.339,0.000,0.661
70500,0.376,0.000,0.624
71000,0.351,0.000,0.649
71500,0.279,0.000,0.721
72000,0.338,0.000,0.662
72500,0.444,0.000,0.556
73000,0.270,0.000,0.730
73500,0.447,0.000,0.553
74000,0.440,0.000,0.560
74500,0.332,0.000,0.668
75000,0.256,0.000,0.744
75500,0.297,0.000,0.703
76000,0.407,0.000,0.593
76500,0.340,0.000,0.660
77000,0.326,0.000,0.674
77500,0.308,0.000,0.692
78000,0.220,0.000,0.780
78500,0.217,0.000,0.783
79000,0.349,0.000,0.651
79500,0.281,0.000,0.719
80000,0.239,0.000,0.761
80500,0.375,0.000,0.625
81000,0.425,0.000,0.575
81500,0.316,0.000,0.684
82000,0.294,0.000,0.706
82500,0.218,0.000,0.782
83000,0.256,0.000,0.744
83500,0.410,0.000,0.590
84000,0.218,0.000,0.782
84500,0.507,0.000,0.493
85000,0.368,0.000,0.632
85500,0.263,0.000,0.737
86000,0.293,0.000,0.707
86500,0.345,0.000,0.655
87000,0.491,0.000,0.509
87500,0.369,0.000,0.631
88000,0.414,0.000,0.586
88500,0.381,0.000,0.619
89000,0.345,0.000,0.655
89500,0.214,0.000,0.786
90000,0.392,0.000,0.608
90500,0.455,0.000,0.545
91000,0.440,0.000,0.560
91500,0.315,0.000,0.685
92000,0.416,0.000,0.584
92500,0.256,0.000,0.744
93000,0.432,0.000,0.568
93500,0.389,0.000,0.611
94000,0.274,0.000,0.726
94500,0.250,0.000,0.750
95000,0.397,0.000,0.603
95500,0.381,0.000,0.619
96000,0.291,0.000,0.709
96500,0.449,0.000,0.551
97000,0.259,0.000,0.741
97500,0.279,0.000,0.721
98000,0.356,0.000,0.644
98500,0.431,0.000,0.569
99000,0.419,0.000,0.581
99500,0.291,0.000,0.709
100000,0.349,0.000,0.651
100500,0.233,0.000,0.767
101000,0.452,0.000,0.548
101500,0.395,0.000,0.605
102000,0.406,0.000,0.594
102500,0.376,0.000,0.624
103000,0.407,0.000,0.593
103500,0.529,0.000,0.471
104000,0.259,0.000,0.741
104500,0.297,0.000,0.703
105000,0.469,0.000,0.531
105500,0.342,0.000,0.658
106000,0.353,0.000,0.647
106500,0.335,0.000,0.665
107000,0.357,0.000,0.643
107500,0.222,0.000,0.778
108000,0.482,0.000,0.518
108500,0.221,0.000,0.779
109000,0.280,0.000,0.720
109500,0.308,0.000,0.692
110000,0.380,0.000,0.620
110500,0.271,0.000,0.729
111000,0.413,0.000,0.587
111500,0.378,0.000,0.622
112000,0.332,0.000,0.668
112500,0.346,0.000,0.654
113000,0.387,0.000,0.613
113500,0.145,0.000,0.855
114000,0.303,0.000,0.697
114500,0.638,0.000,0.362
115000,0.363,0.000,0.637
115500,0.394,0.000,0.606
116000,0.416,0.000,0.584
116500,0.131,0.000,0.869
117000,0.264,0.000,0.736
117500,0.372,0.000,0.628
118000,0.336,0.000,0.664
118500,0.402,0.000,0.598
119000,0.236,0.000,0.764
119500,0.496,0.000,0.504
120000,0.334,0.000,0.666
120500,0.367,0.000,0.633
121000,0.359,0.000,0.641
121500,0.357,0.000,0.643
122000,0.466,0.000,0.534
122500,0.202,0.000,0.798
123000,0.294,0.000,0.706
123500,0.234,0.000,0.766
124000,0.375,0.000,0.625
124500,0.226,0.000,0.774
125000,0.283,0.000,0.717
125500,0.320,0.000,0.680
126000,0.318,0.000,0.682
126500,0.366,0.000,0.634
127000,0.257,0.000,0.743
127500,0.277,0.000,0.723
128000,0.377,0.000,0.623
128500,0.375,0.000,0.625
129000,0.394,0.000,0.606
129500,0.336,0.000,0.664
130000,0.415,0.000,0.585
130500,0.210,0.000,0.790
131000,0.229,0.000,0.771
131500,0.307,0.000,0.693
132000,0.228,0.000,0.772
132500,0.284,0.000,0.716
133000,0.489,0.000,0.511
133500,0.223,0.000,0.777
134000,0.395,0.000,0.605
134500,0.304,0.000,0.696
135000,0.287,0.000,0.713
135500,0.407,0.000,0.593
136000,0.234,0.000,0.766
136500,0.242,0.000,0.758
137000,0.243,0.000,0.757
137500,0.278,0.000,0.722
138000,0.400,0.000,0.600
138500,0.270,0.000,0.730
139000,0.444,0.000,0.556
139500,0.258,0.000,0.742
140000,0.378,0.000,0.622
140500,0.311,0.000,0.689
141000,0.297,0.000,0.703
141500,0.180,0.000,0.820
142000,0.243,0.000,0.757
142500,0.311,0.000,0.689
143000,0.314,0.000,0.686
143500,0.238,0.000,0.762
144000,0.331,0.000,0.669
144500,0.276,0.000,0.724
145000,0.225,0.000,0.775
145500,0.499,0.000,0.501
146000,0.285,0.000,0.715
146500,0.267,0.000,0.733
147000,0.325,0.000,0.675
147500,0.405,0.000,0.595
148000,0.305,0.000,0.695
148500,0.230,0.000,0.770
149000,0.281,0.000,0.719
149500,0.390,0.000,0.610
150000,0.322,0.000,0.678
150500,0.452,0.000,0.548
151000,0.472,0.000,0.528
151500,0.240,0.000,0.760
152000,0.354,0.000,0.646
152500,0.242,0.000,0.758
153000,0.307,0.000,0.693
153500,0.351,0.000,0.649
154000,0.501,0.000,0.499
154500,0.421,0.000,0.579
155000,0.348,0.000,0.652
155500,0.325,0.000,0.675
156000,0.490,0.000,0.510
156500,0.301,0.000,0.699
157000,0.293,0.000,0.707
157500,0.142,0.000,0.858
158000,0.336,0.000,0.664
158500,0.382,0.000,0.618
159000,0.268,0.000,0.732
159500,0.386,0.000,0.614
160000,0.313,0.000,0.687
160500,0.259,0.000,0.741
161000,0.173,0.000,0.827
161500,0.368,0.000,0.632
162000,0.268,0.000,0.732
162500,0.255,0.000,0.745
163000,0.295,0.000,0.705
163500,0.181,0.000,0.819
164000,0.422,0.000,0.578
164500,0.285,0.000,0.715
165000,0.218,0.000,0.782
165500,0.303,0.000,0.697
166000,0.271,0.000,0.729
166500,0.321,0.000,0.679
167000,0.248,0.000,0.752
167500,0.312,0.000,0.688
168000,0.441,0.000,0.559
168500,0.358,0.000,0.642
169000,0.366,0.000,0.634
169500,0.364,0.000,0.636
170000,0.409,0.000,0.591
170500,0.415,0.000,0.585
171000,0.295,0.000,0.705
171500,0.333,0.000,0.667
172000,0.330,0.000,0.670
172500,0.356,0.000,0.644
173000,0.394,0.000,0.606
173500,0.308,0.000,0.692
174000,0.558,0.000,0.442
174500,0.284,0.000,0.716
175000,0.447,0.000,0.553
175500,0.281,0.000,0.719
176000,0.341,0.000,0.659
176500,0.291,0.000,0.709
177000,0.484,0.000,0.516
177500,0.264,0.000,0.736
178000,0.419,0.000,0.581
178500,0.388,0.000,0.612
179000,0.321,0.000,0.679
179500,0.444,0.000,0.556
180000,0.397,0.000,0.603
180500,0.334,0.000,0.666
181000,0.364,0.000,0.636
181500,0.275,0.000,0.725
182000,0.373,0.000,0.627
182500,0.170,0.000,0.830
183000,0.191,0.000,0.809
183500,0.352,0.000,0.648
184000,0.204,0.000,0.796
184500,0.318,0.000,0.682
185000,0.255,0.000,0.745
185500,0.357,0.000,0.643
186000,0.229,0.000,0.771
186500,0.381,0.000,0.619
187000,0.501,0.000,0.499
187500,0.354,0.000,0.646
188000,0.190,0.000,0.810
188500,0.412,0.000,0.588
189000,0.211,0.000,0.789
189500,0.480,0.000,0.520
190000,0.388,0.000,0.612
190500,0.340,0.000,0.660
191000,0.382,0.000,0.618
191500,0.351,0.000,0.649
192000,0.407,0.000,0.593
192500,0.336,0.000,0.664
193000,0.334,0.000,0.666
193500,0.451,0.000,0.549
194000,0.257,0.000,0.743
194500,0.557,0.000,0.443
195000,0.319,0.000,0.681
195500,0.439,0.000,0.561
196000,0.254,0.000,0.746
196500,0.229,0.000,0.771
197000,0.272,0.000,0.728
197500,0.254,0.000,0.746
198000,0.209,0.000,0.791
198500,0.484,0.000,0.516
199000,0.484,0.000,0.516
199500,0.428,0.000,0.572
200000,0.248,0.000,0.752
200500,0.232,0.000,0.768
201000,0.331,0.000,0.669
201500,0.338,0.000,0.662
202000,0.331,0.000,0.669
202500,0.335,0.000,0.665
203000,0.404,0.000,0.596
203500,0.548,0.000,0.452
204000,0.328,0.000,0.672
204500,0.315,0.000,0.685
205000,0.434,0.000,0.566
205500,0.268,0.000,0.732
206000,0.298,0.000,0.702
206500,0.355,0.000,0.645
207000,0.602,0.000,0.398
207500,0.364,0.000,0.636
208000,0.384,0.000,0.616
208500,0.481,0.000,0.519
209000,0.388,0.000,0.612
209500,0.404,0.000,0.596
210000,0.370,0.000,0.630
210500,0.431,0.000,0.569
211000,0.188,0.000,0.812
211500,0.274,0.000,0.726
212000,0.489,0.000,0.511
212500,0.336,0.000,0.664
213000,0.391,0.000,0.609
213500,0.247,0.000,0.753
214000,0.282,0.000,0.718
214500,0.412,0.000,0.588
215000,0.397,0.000,0.603
215500,0.374,0.000,0.626
216000,0.336,0.000,0.664
216500,0.382,0.000,0.618
217000,0.342,0.000,0.658
217500,0.387,0.000,0.613
218000,0.318,0.000,0.682
218500,0.274,0.000,0.726
219000,0.297,0.000,0.703
219500,0.345,0.000,0.655
220000,0.192,0.000,0.808
220500,0.330,0.000,0.670
221000,0.308,0.000,0.692
221500,0.467,0.000,0.533
222000,0.282,0.000,0.718
222500,0.311,0.000,0.689
223000,0.230,0.000,0.770
223500,0.311,0.000,0.689
224000,0.245,0.000,0.755
224500,0.269,0.000,0.731
225000,0.397,0.000,0.603
225500,0.381,0.000,0.619
226000,0.276,0.000,0.724
226500,0.146,0.000,0.854
227000,0.425,0.000,0.575
227500,0.397,0.000,0.603
228000,0.305,0.000,0.695
228500,0.314,0.000,0.686
229000,0.464,0.000,0.536
229500,0.284,0.000,0.716
230000,0.387,0.000,0.613
230500,0.280,0.000,0.720
231000,0.390,0.000,0.610
231500,0.148,0.000,0.852
232000,0.421,0.000,0.579
232500,0.314,0.000,0.686
233000,0.367,0.000,0.633
233500,0.371,0.000,0.629
234000,0.325,0.000,0.675
234500,0.284,0.000,0.716
235000,0.347,0.000,0.653
235500,0.278,0.000,0.722
236000,0.271,0.000,0.729
236500,0.218,0.000,0.782
237000,0.321,0.000,0.679
237500,0.276,0.000,0.724
238000,0.201,0.000,0.799
238500,0.247,0.000,0.753
239000,0.396,0.000,0.604
239500,0.393,0.000,0.607
240000,0.460,0.000,0.540
240500,0.323,0.000,0.677
241000,0.391,0.000,0.609
241500,0.271,0.000,0.729
242000,0.436,0.000,0.564
242500,0.308,0.000,0.692
243000,0.423,0.000,0.577
243500,0.219,0.000,0.781
244000,0.393,0.000,0.607
244500,0.368,0.000,0.632
245000,0.321,0.000,0.679
245500,0.359,0.000,0.641
246000,0.222,0.000,0.778
246500,0.302,0.000,0.698
247000,0.384,0.000,0.616
247500,0.340,0.000,0.660
248000,0.408,0.000,0.592
248500,0.417,0.000,0.583
249000,0.333,0.000,0.667
249500,0.183,0.000,0.817
250000,0.188,0.000,0.812
250500,0.299,0.000,0.701
251000,0.473,0.000,0.527
251500,0.263,0.000,0.737
252000,0.196,0.000,0.804
252500,0.254,0.000,0.746
253000,0.305,0.000,0.695
253500,0.253,0.000,0.747
254000,0.356,0.000,0.644
254500,0.276,0.000,0.724
255000,0.272,0.000,0.728
255500,0.362,0.000,0.638
256000,0.381,0.000,0.619
256500,0.246,0.000,0.754
257000,0.322,0.000,0.678
257500,0.366,0.000,0.634
258000,0.291,0.000,0.709
258500,0.478,0.000,0.522
259000,0.480,0.000,0.520
259500,0.487,0.000,0.513
260000,0.409,0.000,0.591
260500,0.304,0.000,0.696
261000,0.270,0.000,0.730
261500,0.294,0.000,0.706
262000,0.300,0.000,0.700
262500,0.222,0.000,0.778
263000,0.326,0.000,0.674
263500,0.325,0.000,0.675
264000,0.511,0.000,0.489
264500,0.358,0.000,0.642
265000,0.361,0.000,0.639
265500,0.297,0.000,0.703
266000,0.242,0.000,0.758
266500,0.394,0.000,0.606
267000,0.400,0.000,0.600
267500,0.279,0.000,0.721
268000,0.305,0.000,0.695
268500,0.270,0.000,0.730
269000,0.272,0.000,0.728
269500,0.272,0.000,0.728
270000,0.324,0.000,0.676
270500,0.282,0.000,0.718
271000,0.413,0.000,0.587
271500,0.321,0.000,0.679
272000,0.344,0.000,0.656
272500,0.309,0.000,0.691
273000,0.277,0.000,0.723
273500,0.510,0.000,0.490
274000,0.326,0.000,0.674
274500,0.278,0.000,0.722
275000,0.302,0.000,0.698
275500,0.337,0.000,0.663
276000,0.368,0.000,0.632
276500,0.330,0.000,0.670
277000,0.262,0.000,0.738
277500,0.290,0.000,0.710
278000,0.348,0.000,0.652
278500,0.323,0.000,0.677
279000,0.458,0.000,0.542
279500,0.225,0.000,0.775
280000,0.460,0.000,0.540
280500,0.479,0.000,0.521
281000,0.452,0.000,0.548
281500,0.232,0.000,0.768
282000,0.320,0.000,0.680
282500,0.573,0.000,0.427
283000,0.327,0.000,0.673
283500,0.492,0.000,0.508
284000,0.434,0.000,0.566
284500,0.363,0.000,0.637
285000,0.233,0.000,0.767
285500,0.419,0.000,0.581
286000,0.166,0.000,0.834
286500,0.341,0.000,0.659
287000,0.293,0.000,0.707
287500,0.315,0.000,0.685
288000,0.326,0.000,0.674
288500,0.415,0.000,0.585
289000,0.218,0.000,0.782
289500,0.274,0.000,0.726
290000,0.335,0.000,0.665
290500,0.288,0.000,0.712
291000,0.408,0.000,0.592
291500,0.311,0.000,0.689
292000,0.385,0.000,0.615
292500,0.271,0.000,0.729
293000,0.432,0.000,0.568
293500,0.274,0.000,0.726
294000,0.313,0.000,0.687
294500,0.284,0.000,0.716
295000,0.457,0.000,0.543
295500,0.345,0.000,0.655
296000,0.362,0.000,0.638
296500,0.343,0.000,0.657
297000,0.311,0.000,0.689
297500,0.304,0.000,0.696
298000,0.418,0.000,0.582
298500,0.273,0.000,0.727
299000,0.359,0.000,0.641
299500,0.296,0.000,0.704
300000,0.304,0.000,0.696
300500,0.336,0.000,0.664
301000,0.393,0.000,0.607
301500,0.400,0.000,0.600
302000,0.314,0.000,0.686
302500,0.349,0.000,0.651
303000,0.312,0.000,0.688
303500,0.479,0.000,0.521
304000,0.246,0.000,0.754
304500,0.415,0.000,0.585
305000,0.405,0.000,0.595
305500,0.283,0.000,0.717
306000,0.191,0.000,0.809
306500,0.317,0.000,0.683
307000,0.329,0.000,0.671
307500,0.338,0.000,0.662
308000,0.219,0.000,0.781
308500,0.386,0.000,0.614
309000,0.376,0.000,0.624
309500,0.398,0.000,0.602
310000,0.346,0.000,0.654
310500,0.203,0.000,0.797
311000,0.370,0.000,0.630
311500,0.446,0.000,0.554
312000,0.280,0.000,0.720
312500,0.318,0.000,0.682
313000,0.406,0.000,0.594
313500,0.230,0.000,0.770
314000,0.441,0.000,0.559
314500,0.458,0.000,0.542
315000,0.397,0.000,0.603
315500,0.375,0.000,0.625
316000,0.457,0.000,0.543
316500,0.169,0.000,0.831
317000,0.315,0.000,0.685
317500,0.397,0.000,0.603
318000,0.417,0.000,0.583
318500,0.438,0.000,0.562
319000,0.398,0.000,0.602
319500,0.392,0.000,0.608
320000,0.308,0.000,0.692
320500,0.194,0.000,0.806
321000,0.343,0.000,0.657
321500,0.189,0.000,0.811
322000,0.223,0.000,0.777
322500,0.292,0.000,0.708
323000,0.383,0.000,0.617
323500,0.260,0.000,0.740
324000,0.397,0.000,0.603
324500,0.262,0.000,0.738
325000,0.578,0.000,0.422
325500,0.259,0.000,0.741
326000,0.334,0.000,0.666
326500,0.269,0.000,0.731
327000,0.386,0.000,0.614
327500,0.219,0.000,0.781
328000,0.303,0.000,0.697
328500,0.347,0.000,0.653
329000,0.370,0.000,0.630
329500,0.426,0.000,0.574
330000,0.378,0.000,0.622
330500,0.629,0.000,0.371
331000,0.340,0.000,0.660
331500,0.258,0.000,0.742
332000,0.307,0.000,0.693
332500,0.460,0.000,0.540
333000,0.314,0.000,0.686
333500,0.382,0.000,0.618
334000,0.365,0.000,0.635
334500,0.430,0.000,0.570
335000,0.426,0.000,0.574
335500,0.470,0.000,0.530
336000,0.397,0.000,0.603
336500,0.401,0.000,0.599
337000,0.330,0.000,0.670
337500,0.320,0.000,0.680
338000,0.463,0.000,0.537
338500,0.358,0.000,0.642
339000,0.504,0.000,0.496
339500,0.259,0.000,0.741
340000,0.327,0.000,0.673
340500,0.289,0.000,0.711
341000,0.321,0.000,0.679
341500,0.242,0.000,0.758
342000,0.231,0.000,0.769
342500,0.313,0.000,0.687
343000,0.343,0.000,0.657
343500,0.321,0.000,0.679
344000,0.307,0.000,0.693
344500,0.303,0.000,0.697
345000,0.441,0.000,0.559
345500,0.251,0.000,0.749
346000,0.427,0.000,0.573
346500,0.291,0.000,0.709
347000,0.177,0.000,0.823
347500,0.375,0.000,0.625
348000,0.242,0.000,0.758
348500,0.564,0.000,0.436
349000,0.584,0.000,0.416
349500,0.221,0.000,0.779
350000,0.236,0.000,0.764
350500,0.482,0.000,0.518
351000,0.299,0.000,0.701
351500,0.342,0.000,0.658
352000,0.280,0.000,0.720
352500,0.478,0.000,0.522
353000,0.256,0.000,0.744
353500,0.469,0.000,0.531
354000,0.361,0.000,0.639
354500,0.383,0.000,0.617
355000,0.294,0.005,0.701
355500,0.271,0.000,0.729
356000,0.408,0.000,0.592
356500,0.386,0.000,0.614
357000,0.205,0.000,0.795
357500,0.288,0.000,0.712
358000,0.430,0.000,0.570
358500,0.301,0.000,0.699
359000,0.373,0.000,0.627
359500,0.411,0.000,0.589
360000,0.229,0.000,0.771
360500,0.268,0.000,0.732
361000,0.433,0.000,0.567
361500,0.297,0.000,0.703
362000,0.330,0.000,0.670
362500,0.312,0.000,0.688
363000,0.463,0.000,0.537
363500,0.378,0.000,0.622
364000,0.254,0.000,0.746
364500,0.331,0.000,0.669
365000,0.461,0.000,0.539
365500,0.311,0.000,0.689
366000,0.330,0.000,0.670
366500,0.194,0.000,0.806
367000,0.256,0.000,0.744
367500,0.280,0.000,0.720
368000,0.347,0.000,0.653
368500,0.330,0.000,0.670
369000,0.300,0.000,0.700
369500,0.237,0.000,0.763
370000,0.310,0.000,0.690
370500,0.408,0.000,0.592
371000,0.242,0.000,0.758
371500,0.357,0.000,0.643
372000,0.368,0.000,0.632
372500,0.371,0.000,0.629
373000,0.302,0.000,0.698
373500,0.327,0.000,0.673
374000,0.238,0.000,0.762
374500,0.404,0.000,0.596
375000,0.272,0.000,0.728
375500,0.318,0.000,0.682
376000,0.321,0.000,0.679
376500,0.185,0.000,0.815
377000,0.244,0.000,0.756
377500,0.406,0.000,0.594
378000,0.350,0.000,0.650
378500,0.332,0.000,0.668
379000,0.346,0.000,0.654
379500,0.393,0.000,0.607
380000,0.408,0.000,0.592
380500,0.327,0.000,0.673
381000,0.287,0.000,0.713
381500,0.260,0.000,0.740
382000,0.305,0.000,0.695
382500,0.382,0.000,0.618
383000,0.277,0.000,0.723
383500,0.398,0.000,0.602
384000,0.324,0.000,0.676
384500,0.379,0.000,0.621
385000,0.295,0.000,0.705
385500,0.386,0.000,0.614
386000,0.383,0.000,0.617
386500,0.465,0.000,0.535
387000,0.296,0.000,0.704
387500,0.216,0.000,0.784
388000,0.294,0.000,0.706
388500,0.334,0.000,0.666
389000,0.292,0.000,0.708
389500,0.427,0.000,0.573
390000,0.298,0.000,0.702
390500,0.231,0.000,0.769
391000,0.333,0.000,0.667
391500,0.498,0.000,0.502
392000,0.394,0.000,0.606
392500,0.398,0.000,0.602
393000,0.330,0.000,0.670
393500,0.365,0.000,0.635
394000,0.290,0.000,0.710
394500,0.442,0.000,0.558
395000,0.334,0.000,0.666
395500,0.420,0.000,0.580
396000,0.332,0.000,0.668
396500,0.363,0.000,0.637
397000,0.328,0.000,0.672
397500,0.307,0.000,0.693
398000,0.378,0.000,0.622
398500,0.203,0.000,0.797
399000,0.316,0.000,0.684
399500,0.218,0.000,0.782
400000,0.299,0.000,0.701
400500,0.364,0.000,0.636
401000,0.298,0.000,0.702
401500,0.289,0.000,0.711
402000,0.332,0.000,0.668
402500,0.222,0.000,0.778
403000,0.202,0.000,0.798
403500,0.413,0.000,0.587
404000,0.386,0.000,0.614
404500,0.417,0.000,0.583
405000,0.195,0.000,0.805
405500,0.159,0.000,0.841
406000,0.466,0.000,0.534
406500,0.399,0.000,0.601
407000,0.280,0.000,0.720
407500,0.408,0.000,0.592
408000,0.485,0.000,0.515
408500,0.358,0.000,0.642
409000,0.316,0.000,0.684
409500,0.317,0.000,0.683
410000,0.308,0.000,0.692
410500,0.314,0.000,0.686
411000,0.387,0.000,0.613
411500,0.493,0.000,0.507
412000,0.230,0.000,0.770
412500,0.430,0.000,0.570
413000,0.242,0.000,0.758
413500,0.241,0.000,0.759
414000,0.314,0.000,0.686
414500,0.342,0.000,0.658
415000,0.287,0.000,0.713
415500,0.584,0.000,0.416
416000,0.302,0.000,0.698
416500,0.271,0.000,0.729
417000,0.314,0.000,0.686
417500,0.438,0.000,0.562
418000,0.395,0.000,0.605
418500,0.264,0.000,0.736
419000,0.332,0.000,0.668
419500,0.444,0.000,0.556
420000,0.262,0.000,0.738
420500,0.344,0.000,0.656
421000,0.281,0.000,0.719
421500,0.495,0.000,0.505
422000,0.420,0.000,0.580
422500,0.370,0.000,0.630
423000,0.239,0.000,0.761
423500,0.280,0.000,0.720
424000,0.363,0.000,0.637
424500,0.298,0.000,0.702
425000,0.264,0.000,0.736
425500,0.380,0.000,0.620
426000,0.288,0.000,0.712
426500,0.414,0.000,0.586
427000,0.295,0.000,0.705
427500,0.412,0.000,0.588
428000,0.397,0.000,0.603
428500,0.365,0.000,0.635
429000,0.242,0.000,0.758
429500,0.595,0.000,0.405
430000,0.437,0.000,0.563
430500,0.318,0.000,0.682
431000,0.268,0.000,0.732
431500,0.344,0.000,0.656
432000,0.393,0.000,0.607
432500,0.359,0.000,0.641
433000,0.373,0.000,0.627
433500,0.497,0.000,0.503
434000,0.383,0.000,0.617
434500,0.443,0.000,0.557
435000,0.373,0.000,0.627
435500,0.294,0.000,0.706
436000,0.375,0.000,0.625
436500,0.220,0.000,0.780
437000,0.304,0.000,0.696
437500,0.375,0.000,0.625
438000,0.331,0.000,0.669
438500,0.275,0.000,0.725
439000,0.442,0.000,0.558
439500,0.268,0.000,0.732
440000,0.358,0.000,0.642
440500,0.356,0.000,0.644
441000,0.341,0.000,0.659
441500,0.304,0.000,0.696
442000,0.412,0.000,0.588
442500,0.264,0.000,0.736
443000,0.405,0.000,0.595
443500,0.354,0.000,0.646
444000,0.439,0.000,0.561
444500,0.500,0.000,0.500
445000,0.356,0.000,0.644
445500,0.304,0.000,0.696
446000,0.256,0.000,0.744
446500,0.293,0.000,0.707
447000,0.260,0.000,0.740
447500,0.308,0.000,0.692
448000,0.331,0.000,0.669
448500,0.248,0.000,0.752
449000,0.253,0.000,0.747
449500,0.314,0.000,0.686
450000,0.335,0.000,0.665
450500,0.316,0.000,0.684
451000,0.299,0.000,0.701
451500,0.240,0.000,0.760
452000,0.283,0.000,0.717
452500,0.395,0.000,0.605
453000,0.393,0.000,0.607
453500,0.253,0.000,0.747
454000,0.345,0.000,0.655
454500,0.291,0.000,0.709
455000,0.364,0.000,0.636
455500,0.351,0.000,0.649
456000,0.298,0.000,0.702
456500,0.379,0.000,0.621
457000,0.380,0.000,0.620
457500,0.237,0.000,0.763
458000,0.346,0.000,0.654
458500,0.219,0.000,0.781
459000,0.305,0.000,0.695
459500,0.325,0.000,0.675
460000,0.177,0.000,0.823
460500,0.304,0.000,0.696
461000,0.424,0.000,0.576
461500,0.297,0.000,0.703
462000,0.348,0.000,0.652
462500,0.359,0.000,0.641
463000,0.413,0.000,0.587
463500,0.235,0.000,0.765
464000,0.288,0.000,0.712
464500,0.349,0.000,0.651
465000,0.255,0.000,0.745
465500,0.385,0.000,0.615
466000,0.442,0.000,0.558
466500,0.417,0.000,0.583
467000,0.527,0.000,0.473
467500,0.263,0.000,0.737
468000,0.266,0.000,0.734
468500,0.307,0.000,0.693
469000,0.332,0.000,0.668
469500,0.202,0.000,0.798
470000,0.292,0.000,0.708
470500,0.320,0.000,0.680
471000,0.349,0.000,0.651
471500,0.312,0.000,0.688
472000,0.278,0.000,0.722
472500,0.472,0.000,0.528
473000,0.479,0.000,0.521
473500,0.191,0.000,0.809
474000,0.358,0.000,0.642
474500,0.369,0.000,0.631
475000,0.368,0.000,0.632
475500,0.393,0.000,0.607
476000,0.353,0.000,0.647
476500,0.399,0.000,0.601
477000,0.224,0.000,0.776
477500,0.406,0.000,0.594
478000,0.240,0.000,0.760
478500,0.392,0.000,0.608
479000,0.255,0.000,0.745
479500,0.324,0.000,0.676
480000,0.299,0.000,0.701
480500,0.250,0.000,0.750
481000,0.478,0.000,0.522
481500,0.361,0.000,0.639
482000,0.288,0.000,0.712
482500,0.253,0.000,0.747
483000,0.389,0.000,0.611
483500,0.384,0.000,0.616
484000,0.352,0.000,0.648
484500,0.194,0.000,0.806
485000,0.362,0.000,0.638
485500,0.319,0.000,0.681
486000,0.288,0.000,0.712
486500,0.301,0.000,0.699
487000,0.172,0.000,0.828
487500,0.338,0.000,0.662
488000,0.252,0.000,0.748
488500,0.370,0.000,0.630
489000,0.263,0.000,0.737
489500,0.361,0.000,0.639
490000,0.293,0.000,0.707
490500,0.281,0.000,0.719
491000,0.325,0.000,0.675
491500,0.290,0.000,0.710
492000,0.310,0.000,0.690
492500,0.382,0.000,0.618
493000,0.341,0.000,0.659
493500,0.532,0.000,0.468
494000,0.418,0.000,0.582
494500,0.333,0.000,0.667
495000,0.226,0.000,0.774
495500,0.383,0.000,0.617
496000,0.362,0.000,0.638
496500,0.189,0.000,0.811
497000,0.400,0.000,0.600
497500,0.350,0.000,0.650
498000,0.311,0.000,0.689
498500,0.295,0.000,0.705
499000,0.450,0.000,0.550
499500,0.378,0.000,0.622
500000,0.383,0.000,0.617
500500,0.498,0.000,0.502
501000,0.259,0.000,0.741
501500,0.400,0.000,0.600
502000,0.327,0.000,0.673
502500,0.332,0.000,0.668
503000,0.282,0.001,0.717
503500,0.365,0.000,0.635
504000,0.298,0.000,0.702
504500,0.377,0.000,0.623
505000,0.433,0.000,0.567
505500,0.362,0.000,0.638
506000,0.274,0.000,0.726
506500,0.323,0.000,0.677
507000,0.210,0.000,0.790
507500,0.439,0.000,0.561
508000,0.388,0.000,0.612
508500,0.198,0.000,0.802
509000,0.243,0.000,0.757
509500,0.288,0.000,0.712
510000,0.167,0.000,0.833
510500,0.257,0.000,0.743
511000,0.449,0.000,0.551
511500,0.363,0.000,0.637
512000,0.257,0.000,0.743
512500,0.385,0.000,0.615
513000,0.399,0.000,0.601
513500,0.484,0.000,0.516
514000,0.383,0.000,0.617
514500,0.335,0.000,0.665
515000,0.373,0.000,0.627
515500,0.291,0.000,0.709
516000,0.335,0.000,0.665
516500,0.254,0.000,0.746
517000,0.243,0.000,0.757
517500,0.392,0.000,0.608
518000,0.359,0.000,0.641
518500,0.343,0.000,0.657
519000,0.423,0.000,0.577
519500,0.363,0.000,0.637
520000,0.315,0.000,0.685
520500,0.322,0.000,0.678
521000,0.354,0.000,0.646
521500,0.271,0.000,0.729
522000,0.224,0.000,0.776
522500,0.271,0.000,0.729
523000,0.284,0.000,0.716
523500,0.304,0.000,0.696
524000,0.328,0.000,0.672
524500,0.369,0.000,0.631
525000,0.349,0.000,0.651
525500,0.299,0.000,0.701
526000,0.305,0.000,0.695
526500,0.429,0.000,0.571
527000,0.476,0.000,0.524
527500,0.287,0.000,0.713
528000,0.346,0.000,0.654
528500,0.276,0.000,0.724
529000,0.270,0.000,0.730
529500,0.303,0.000,0.697
530000,0.233,0.000,0.767
530500,0.302,0.000,0.698
531000,0.241,0.000,0.759
531500,0.320,0.000,0.680
532000,0.207,0.000,0.793
532500,0.373,0.000,0.627
533000,0.422,0.000,0.578
533500,0.299,0.000,0.701
534000,0.312,0.000,0.688
534500,0.463,0.000,0.537
535000,0.385,0.000,0.615
535500,0.403,0.000,0.597
536000,0.381,0.000,0.619
536500,0.278,0.000,0.722
537000,0.279,0.000,0.721
537500,0.370,0.000,0.630
538000,0.303,0.000,0.697
538500,0.419,0.000,0.581
539000,0.374,0.000,0.626
539500,0.257,0.000,0.743
540000,0.236,0.000,0.764
540500,0.395,0.000,0.605
541000,0.428,0.000,0.572
541500,0.374,0.000,0.626
542000,0.388,0.000,0.612
542500,0.359,0.000,0.641
543000,0.314,0.000,0.686
543500,0.441,0.000,0.559
544000,0.242,0.000,0.758
544500,0.279,0.000,0.721
545000,0.244,0.000,0.756
545500,0.485,0.000,0.515
546000,0.265,0.000,0.735
546500,0.344,0.000,0.656
547000,0.277,0.000,0.723
547500,0.246,0.000,0.754
548000,0.182,0.000,0.818
548500,0.285,0.000,0.715
549000,0.544,0.000,0.456
549500,0.550,0.000,0.450
550000,0.331,0.000,0.669
550500,0.388,0.000,0.612
551000,0.354,0.000,0.646
551500,0.399,0.000,0.601
552000,0.294,0.000,0.706
552500,0.185,0.000,0.815
553000,0.306,0.000,0.694
553500,0.259,0.000,0.741
554000,0.396,0.000,0.604
554500,0.235,0.000,0.765
555000,0.199,0.000,0.801
555500,0.287,0.000,0.713
556000,0.200,0.000,0.800
556500,0.500,0.000,0.500
557000,0.430,0.000,0.570
557500,0.141,0.000,0.859
558000,0.163,0.000,0.837
558500,0.352,0.000,0.648
559000,0.252,0.000,0.748
559500,0.218,0.000,0.782
560000,0.342,0.000,0.658
560500,0.316,0.000,0.684
561000,0.168,0.000,0.832
561500,0.336,0.000,0.664
562000,0.249,0.000,0.751
562500,0.308,0.000,0.692
563000,0.213,0.000,0.787
563500,0.299,0.000,0.701
564000,0.356,0.000,0.644
564500,0.346,0.000,0.654
565000,0.339,0.000,0.661
565500,0.347,0.000,0.653
566000,0.339,0.000,0.661
566500,0.343,0.000,0.657
567000,0.320,0.000,0.680
567500,0.347,0.000,0.653
568000,0.387,0.000,0.613
568500,0.248,0.000,0.752
569000,0.301,0.000,0.699
569500,0.396,0.000,0.604
570000,0.297,0.000,0.703
570500,0.297,0.000,0.703
571000,0.202,0.000,0.798
571500,0.356,0.000,0.644
572000,0.409,0.000,0.591
572500,0.215,0.000,0.785
573000,0.462,0.000,0.538
573500,0.380,0.000,0.620
574000,0.386,0.000,0.614
574500,0.255,0.000,0.745
575000,0.345,0.000,0.655
575500,0.242,0.000,0.758
576000,0.306,0.000,0.694
576500,0.318,0.000,0.682
577000,0.309,0.000,0.691
577500,0.418,0.000,0.582
578000,0.304,0.000,0.696
578500,0.293,0.000,0.707
579000,0.302,0.000,0.698
579500,0.374,0.000,0.626
580000,0.375,0.000,0.625
580500,0.320,0.000,0.680
581000,0.467,0.000,0.533
581500,0.356,0.000,0.644
582000,0.394,0.000,0.606
582500,0.336,0.000,0.664
583000,0.290,0.000,0.710
583500,0.353,0.000,0.647
584000,0.247,0.000,0.753
584500,0.310,0.000,0.690
585000,0.198,0.000,0.802
585500,0.324,0.000,0.676
586000,0.205,0.000,0.795
586500,0.389,0.000,0.611
587000,0.309,0.000,0.691
587500,0.331,0.000,0.669
588000,0.387,0.000,0.613
588500,0.264,0.000,0.736
589000,0.194,0.000,0.806
589500,0.255,0.000,0.745
590000,0.393,0.000,0.607
590500,0.435,0.000,0.565
591000,0.316,0.000,0.684
591500,0.373,0.000,0.627
592000,0.377,0.000,0.623
592500,0.342,0.000,0.658
593000,0.332,0.000,0.668
593500,0.444,0.000,0.556
594000,0.395,0.000,0.605
594500,0.448,0.000,0.552
595000,0.240,0.000,0.760
595500,0.372,0.000,0.628
596000,0.254,0.000,0.746
596500,0.249,0.000,0.751
597000,0.339,0.000,0.661
597500,0.354,0.000,0.646
598000,0.304,0.000,0.696
598500,0.334,0.000,0.666
599000,0.306,0.000,0.694
599500,0.487,0.000,0.513
600000,0.436,0.000,0.564
600500,0.331,0.000,0.669
601000,0.280,0.000,0.720
601500,0.361,0.000,0.639
602000,0.317,0.000,0.683
602500,0.262,0.000,0.738
603000,0.421,0.000,0.579
603500,0.253,0.000,0.747
604000,0.535,0.000,0.465
604500,0.440,0.000,0.560
605000,0.368,0.000,0.632
605500,0.384,0.000,0.616
606000,0.454,0.000,0.546
606500,0.449,0.000,0.551
607000,0.272,0.000,0.728
607500,0.331,0.000,0.669
608000,0.225,0.000,0.775
608500,0.353,0.000,0.647
609000,0.434,0.000,0.566
609500,0.180,0.000,0.820
610000,0.370,0.000,0.630
610500,0.414,0.000,0.586
611000,0.363,0.000,0.637
611500,0.286,0.000,0.714
612000,0.289,0.000,0.711
612500,0.239,0.000,0.761
613000,0.344,0.000,0.656
613500,0.253,0.000,0.747
614000,0.471,0.000,0.529
614500,0.331,0.000,0.669
615000,0.353,0.000,0.647
615500,0.341,0.000,0.659
616000,0.356,0.000,0.644
616500,0.267,0.000,0.733
617000,0.466,0.000,0.534
617500,0.215,0.000,0.785
618000,0.340,0.000,0.660
618500,0.315,0.000,0.685
619000,0.283,0.000,0.717
619500,0.447,0.000,0.553
620000,0.362,0.000,0.638
620500,0.341,0.000,0.659
621000,0.280,0.000,0.720
621500,0.216,0.000,0.784
622000,0.227,0.000,0.773
622500,0.260,0.000,0.740
623000,0.330,0.000,0.670
623500,0.355,0.000,0.645
624000,0.284,0.000,0.716
624500,0.241,0.004,0.755
625000,0.328,0.000,0.672
625500,0.362,0.000,0.638
626000,0.411,0.000,0.589
626500,0.430,0.000,0.570
627000,0.403,0.000,0.597
627500,0.164,0.000,0.836
628000,0.181,0.000,0.819
628500,0.372,0.000,0.628
629000,0.194,0.000,0.806
629500,0.450,0.000,0.550
630000,0.315,0.000,0.685
630500,0.400,0.000,0.600
631000,0.477,0.000,0.523
631500,0.394,0.000,0.606
632000,0.361,0.000,0.639
632500,0.316,0.000,0.684
633000,0.345,0.000,0.655
633500,0.303,0.000,0.697
634000,0.235,0.000,0.765
634500,0.361,0.000,0.639
635000,0.449,0.000,0.551
635500,0.295,0.000,0.705
636000,0.241,0.000,0.759
636500,0.314,0.000,0.686
637000,0.505,0.000,0.495
637500,0.359,0.000,0.641
638000,0.326,0.000,0.674
638500,0.344,0.000,0.656
639000,0.217,0.000,0.783
639500,0.259,0.000,0.741
640000,0.153,0.000,0.847
640500,0.215,0.000,0.785
641000,0.447,0.000,0.553
641500,0.426,0.000,0.574
642000,0.400,0.000,0.600
642500,0.356,0.000,0.644
643000,0.361,0.000,0.639
643500,0.263,0.000,0.737
644000,0.358,0.000,0.642
644500,0.386,0.000,0.614
645000,0.397,0.000,0.603
645500,0.359,0.000,0.641
646000,0.210,0.000,0.790
646500,0.459,0.000,0.541
647000,0.232,0.000,0.768
647500,0.283,0.000,0.717
648000,0.369,0.000,0.631
648500,0.285,0.000,0.715
649000,0.280,0.000,0.720
649500,0.271,0.000,0.729
650000,0.368,0.000,0.632
650500,0.441,0.000,0.559
651000,0.444,0.000,0.556
651500,0.505,0.000,0.495
652000,0.176,0.000,0.824
652500,0.327,0.000,0.673
653000,0.304,0.000,0.696
653500,0.476,0.000,0.524
654000,0.330,0.000,0.670
654500,0.281,0.000,0.719
655000,0.348,0.000,0.652
655500,0.305,0.000,0.695
656000,0.283,0.000,0.717
656500,0.284,0.000,0.716
657000,0.279,0.000,0.721
657500,0.486,0.000,0.514
658000,0.585,0.000,0.415
658500,0.328,0.000,0.672
659000,0.278,0.000,0.722
659500,0.372,0.000,0.628
660000,0.375,0.000,0.625
660500,0.282,0.000,0.718
661000,0.273,0.000,0.727
661500,0.324,0.000,0.676
662000,0.168,0.000,0.832
662500,0.319,0.000,0.681
663000,0.440,0.000,0.560
663500,0.412,0.000,0.588
664000,0.319,0.000,0.681
664500,0.275,0.000,0.725
665000,0.376,0.000,0.624
665500,0.297,0.000,0.703
666000,0.345,0.000,0.655
666500,0.233,0.000,0.767
667000,0.319,0.000,0.681
667500,0.225,0.000,0.775
668000,0.304,0.000,0.696
668500,0.375,0.000,0.625
669000,0.346,0.000,0.654
669500,0.250,0.000,0.750
670000,0.541,0.000,0.459
670500,0.363,0.000,0.637
671000,0.357,0.000,0.643
671500,0.167,0.000,0.833
672000,0.431,0.000,0.569
672500,0.343,0.000,0.657
673000,0.294,0.000,0.706
673500,0.444,0.000,0.556
674000,0.327,0.000,0.673
674500,0.344,0.000,0.656
675000,0.332,0.000,0.668
675500,0.287,0.000,0.713
676000,0.226,0.000,0.774
676500,0.355,0.000,0.645
677000,0.378,0.000,0.622
677500,0.348,0.000,0.652
678000,0.320,0.000,0.680
678500,0.250,0.000,0.750
679000,0.379,0.000,0.621
679500,0.304,0.000,0.696
680000,0.407,0.000,0.593
680500,0.225,0.000,0.775
681000,0.294,0.000,0.706
681500,0.419,0.000,0.581
682000,0.197,0.000,0.803
682500,0.338,0.000,0.662
683000,0.224,0.000,0.776
683500,0.434,0.000,0.566
684000,0.380,0.000,0.620
684500,0.291,0.000,0.709
685000,0.177,0.000,0.823
685500,0.413,0.000,0.587
686000,0.455,0.000,0.545
686500,0.501,0.000,0.499
687000,0.452,0.000,0.548
687500,0.394,0.000,0.606
688000,0.323,0.000,0.677
688500,0.234,0.000,0.766
689000,0.363,0.000,0.637
689500,0.279,0.000,0.721
690000,0.388,0.000,0.612
690500,0.365,0.000,0.635
691000,0.399,0.000,0.601
691500,0.270,0.000,0.730
692000,0.274,0.000,0.726
692500,0.503,0.000,0.497
693000,0.381,0.000,0.619
693500,0.182,0.000,0.818
694000,0.659,0.000,0.341
694500,0.407,0.000,0.593
695000,0.273,0.000,0.727
695500,0.306,0.000,0.694
696000,0.333,0.000,0.667
696500,0.453,0.000,0.547
697000,0.338,0.000,0.662
697500,0.227,0.000,0.773
698000,0.382,0.000,0.618
698500,0.185,0.000,0.815
699000,0.323,0.000,0.677
699500,0.265,0.000,0.735
700000,0.479,0.000,0.521
700500,0.388,0.000,0.612
701000,0.259,0.000,0.741
701500,0.261,0.000,0.739
702000,0.209,0.000,0.791
702500,0.263,0.000,0.737
703000,0.331,0.000,0.669
703500,0.367,0.000,0.633
704000,0.262,0.000,0.738
704500,0.209,0.000,0.791
705000,0.263,0.000,0.737
705500,0.335,0.000,0.665
706000,0.305,0.000,0.695
706500,0.373,0.000,0.627
707000,0.279,0.000,0.721
707500,0.168,0.000,0.832
708000,0.431,0.000,0.569
708500,0.342,0.000,0.658
709000,0.374,0.000,0.626
709500,0.382,0.000,0.618
710000,0.347,0.000,0.653
710500,0.313,0.000,0.687
711000,0.454,0.000,0.546
711500,0.251,0.000,0.749
712000,0.326,0.000,0.674
712500,0.345,0.000,0.655
713000,0.285,0.000,0.715
713500,0.468,0.000,0.532
714000,0.508,0.000,0.492
714500,0.424,0.000,0.576
715000,0.348,0.000,0.652
715500,0.465,0.000,0.535
716000,0.407,0.000,0.593
716500,0.202,0.000,0.798
717000,0.353,0.000,0.647
717500,0.548,0.000,0.452
718000,0.480,0.000,0.520
718500,0.535,0.000,0.465
719000,0.378,0.000,0.622
719500,0.282,0.000,0.718
720000,0.388,0.000,0.612
720500,0.332,0.000,0.668
721000,0.279,0.000,0.721
721500,0.353,0.000,0.647
722000,0.410,0.000,0.590
722500,0.502,0.000,0.498
723000,0.393,0.000,0.607
723500,0.499,0.000,0.501
724000,0.399,0.000,0.601
724500,0.335,0.000,0.665
725000,0.352,0.000,0.648
725500,0.436,0.000,0.564
726000,0.330,0.000,0.670
726500,0.303,0.000,0.697
727000,0.287,0.000,0.713
727500,0.161,0.000,0.839
728000,0.218,0.000,0.782
728500,0.328,0.000,0.672
729000,0.305,0.000,0.695
729500,0.214,0.000,0.786
730000,0.354,0.000,0.646
730500,0.175,0.000,0.825
731000,0.388,0.000,0.612
731500,0.571,0.000,0.429
732000,0.296,0.000,0.704
732500,0.376,0.000,0.624
733000,0.406,0.000,0.594
733500,0.429,0.000,0.571
734000,0.315,0.000,0.685
734500,0.281,0.000,0.719
735000,0.379,0.000,0.621
735500,0.425,0.000,0.575
736000,0.209,0.000,0.791
736500,0.382,0.000,0.618
737000,0.204,0.000,0.796
737500,0.332,0.000,0.668
738000,0.560,0.000,0.440
738500,0.466,0.000,0.534
739000,0.427,0.000,0.573
739500,0.581,0.000,0.419
740000,0.421,0.000,0.579
740500,0.269,0.000,0.731
741000,0.330,0.000,0.670
741500,0.351,0.000,0.649
742000,0.320,0.000,0.680
742500,0.409,0.000,0.591
743000,0.305,0.000,0.695
743500,0.266,0.000,0.734
744000,0.342,0.000,0.658
744500,0.283,0.000,0.717
745000,0.314,0.000,0.686
745500,0.420,0.000,0.580
746000,0.325,0.000,0.675
746500,0.517,0.000,0.483
747000,0.212,0.000,0.788
747500,0.358,0.000,0.642
748000,0.356,0.000,0.644
748500,0.294,0.000,0.706
749000,0.512,0.000,0.488
749500,0.295,0.000,0.705
750000,0.388,0.000,0.612
750500,0.287,0.000,0.713
751000,0.252,0.000,0.748
751500,0.311,0.000,0.689
752000,0.269,0.000,0.731
752500,0.307,0.000,0.693
753000,0.330,0.000,0.670
753500,0.241,0.000,0.759
754000,0.199,0.000,0.801
754500,0.294,0.000,0.706
755000,0.285,0.000,0.715
755500,0.247,0.000,0.753
756000,0.277,0.000,0.723
756500,0.150,0.000,0.850
757000,0.205,0.000,0.795
757500,0.226,0.000,0.774
758000,0.333,0.000,0.667
758500,0.503,0.000,0.497
759000,0.337,0.000,0.663
759500,0.387,0.000,0.613
760000,0.430,0.000,0.570
760500,0.240,0.000,0.760
761000,0.271,0.000,0.729
761500,0.280,0.000,0.720
762000,0.292,0.000,0.708
762500,0.194,0.000,0.806
763000,0.253,0.000,0.747
763500,0.373,0.000,0.627
764000,0.327,0.000,0.673
764500,0.435,0.000,0.565
765000,0.323,0.000,0.677
765500,0.306,0.000,0.694
766000,0.293,0.000,0.707
766500,0.345,0.000,0.655
767000,0.351,0.000,0.649
767500,0.245,0.000,0.755
768000,0.308,0.000,0.692
768500,0.313,0.000,0.687
769000,0.471,0.000,0.529
769500,0.396,0.000,0.604
770000,0.193,0.000,0.807
770500,0.191,0.000,0.809
771000,0.329,0.000,0.671
771500,0.373,0.000,0.627
772000,0.309,0.000,0.691
772500,0.268,0.000,0.732
773000,0.321,0.000,0.679
773500,0.322,0.000,0.678
774000,0.267,0.000,0.733
774500,0.189,0.000,0.811
775000,0.338,0.000,0.662
775500,0.396,0.000,0.604
776000,0.455,0.000,0.545
776500,0.307,0.000,0.693
777000,0.300,0.000,0.700
777500,0.274,0.000,0.726
778000,0.380,0.000,0.620
778500,0.360,0.000,0.640
779000,0.286,0.000,0.714
779500,0.296,0.000,0.704
780000,0.359,0.000,0.641
780500,0.178,0.000,0.822
781000,0.438,0.000,0.562
781500,0.345,0.000,0.655
782000,0.274,0.000,0.726
782500,0.414,0.000,0.586
783000,0.272,0.000,0.728
783500,0.389,0.000,0.611
784000,0.256,0.000,0.744
784500,0.370,0.000,0.630
785000,0.222,0.000,0.778
785500,0.386,0.000,0.614
786000,0.303,0.000,0.697
786500,0.567,0.000,0.433
787000,0.415,0.000,0.585
787500,0.234,0.000,0.766
788000,0.523,0.000,0.477
788500,0.278,0.000,0.722
789000,0.244,0.000,0.756
789500,0.256,0.000,0.744
790000,0.285,0.000,0.715
790500,0.295,0.000,0.705
791000,0.445,0.000,0.555
791500,0.325,0.000,0.675
792000,0.357,0.000,0.643
792500,0.265,0.000,0.735
793000,0.209,0.000,0.791
793500,0.184,0.000,0.816
794000,0.227,0.000,0.773
794500,0.276,0.000,0.724
795000,0.330,0.000,0.670
795500,0.233,0.000,0.767
796000,0.399,0.000,0.601
796500,0.485,0.000,0.515
797000,0.286,0.000,0.714
797500,0.327,0.000,0.673
798000,0.508,0.000,0.492
798500,0.230,0.000,0.770
799000,0.352,0.000,0.648
799500,0.353,0.000,0.647
800000,0.254,0.000,0.746
800500,0.385,0.000,0.615
801000,0.518,0.000,0.482
801500,0.284,0.000,0.716
802000,0.348,0.000,0.652
802500,0.329,0.000,0.671
803000,0.327,0.000,0.673
803500,0.351,0.000,0.649
804000,0.311,0.000,0.689
804500,0.358,0.000,0.642
805000,0.320,0.000,0.680
805500,0.351,0.000,0.649
806000,0.403,0.000,0.597
806500,0.275,0.000,0.725
807000,0.331,0.000,0.669
807500,0.360,0.000,0.640
808000,0.296,0.000,0.704
808500,0.235,0.000,0.765
809000,0.343,0.000,0.657
809500,0.334,0.000,0.666
810000,0.256,0.000,0.744
810500,0.512,0.000,0.488
811000,0.366,0.000,0.634
811500,0.285,0.000,0.715
812000,0.348,0.000,0.652
812500,0.321,0.000,0.679
813000,0.301,0.000,0.699
813500,0.334,0.000,0.666
814000,0.319,0.000,0.681
814500,0.406,0.000,0.594
815000,0.334,0.000,0.666
815500,0.374,0.000,0.626
816000,0.228,0.000,0.772
816500,0.264,0.000,0.736
817000,0.345,0.000,0.655
817500,0.390,0.000,0.610
818000,0.553,0.000,0.447
818500,0.370,0.000,0.630
819000,0.481,0.000,0.519
819500,0.316,0.000,0.684
820000,0.311,0.000,0.689
820500,0.239,0.000,0.761
821000,0.434,0.000,0.566
821500,0.337,0.000,0.663
822000,0.343,0.000,0.657
822500,0.293,0.000,0.707
823000,0.327,0.000,0.673
823500,0.337,0.000,0.663
824000,0.448,0.000,0.552
824500,0.127,0.000,0.873
825000,0.359,0.000,0.641
825500,0.353,0.000,0.647
826000,0.501,0.000,0.499
826500,0.311,0.000,0.689
827000,0.321,0.000,0.679
827500,0.373,0.000,0.627
828000,0.356,0.000,0.644
828500,0.364,0.000,0.636
829000,0.223,0.000,0.777
829500,0.364,0.000,0.636
830000,0.345,0.000,0.655
830500,0.306,0.000,0.694
831000,0.327,0.000,0.673
831500,0.319,0.000,0.681
832000,0.245,0.000,0.755
832500,0.367,0.000,0.633
833000,0.443,0.000,0.557
833500,0.264,0.000,0.736
834000,0.321,0.000,0.679
834500,0.258,0.000,0.742
835000,0.259,0.000,0.741
835500,0.290,0.000,0.710
836000,0.270,0.000,0.730
836500,0.252,0.000,0.748
837000,0.212,0.000,0.788
837500,0.433,0.000,0.567
838000,0.323,0.000,0.677
838500,0.333,0.000,0.667
839000,0.283,0.000,0.717
839500,0.382,0.000,0.618
840000,0.389,0.000,0.611
840500,0.373,0.000,0.627
841000,0.381,0.000,0.619
841500,0.465,0.000,0.535
842000,0.318,0.000,0.682
842500,0.313,0.000,0.687
843000,0.244,0.000,0.756
843500,0.328,0.000,0.672
844000,0.314,0.000,0.686
844500,0.382,0.000,0.618
845000,0.335,0.000,0.665
845500,0.375,0.000,0.625
846000,0.334,0.000,0.666
846500,0.302,0.000,0.698
847000,0.345,0.000,0.655
847500,0.308,0.000,0.692
848000,0.386,0.000,0.614
848500,0.268,0.000,0.732
849000,0.367,0.000,0.633
849500,0.389,0.000,0.611
850000,0.413,0.000,0.587
850500,0.385,0.000,0.615
851000,0.367,0.000,0.633
851500,0.523,0.000,0.477
852000,0.443,0.000,0.557
852500,0.504,0.000,0.496
853000,0.259,0.000,0.741
853500,0.278,0.000,0.722
854000,0.283,0.000,0.717
854500,0.251,0.000,0.749
855000,0.386,0.000,0.614
855500,0.201,0.000,0.799
856000,0.320,0.000,0.680
856500,0.355,0.000,0.645
857000,0.341,0.000,0.659
857500,0.343,0.000,0.657
858000,0.271,0.000,0.729
858500,0.384,0.000,0.616
859000,0.183,0.000,0.817
859500,0.435,0.000,0.565
860000,0.392,0.000,0.608
860500,0.413,0.000,0.587
861000,0.402,0.000,0.598
861500,0.477,0.000,0.523
862000,0.286,0.000,0.714
862500,0.286,0.000,0.714
863000,0.482,0.000,0.518
863500,0.354,0.000,0.646
864000,0.306,0.000,0.694
864500,0.271,0.000,0.729
865000,0.372,0.000,0.628
865500,0.396,0.000,0.604
866000,0.414,0.000,0.586
866500,0.411,0.000,0.589
867000,0.301,0.000,0.699
867500,0.226,0.000,0.774
868000,0.395,0.000,0.605
868500,0.260,0.000,0.740
869000,0.388,0.000,0.612
869500,0.182,0.000,0.818
870000,0.435,0.000,0.565
870500,0.304,0.000,0.696
871000,0.506,0.000,0.494
871500,0.313,0.000,0.687
872000,0.193,0.000,0.807
872500,0.557,0.000,0.443
873000,0.242,0.001,0.757
873500,0.276,0.000,0.724
874000,0.383,0.000,0.617
874500,0.451,0.000,0.549
875000,0.347,0.000,0.653
875500,0.318,0.000,0.682
876000,0.315,0.000,0.685
876500,0.313,0.000,0.687
877000,0.363,0.000,0.637
877500,0.495,0.000,0.505
878000,0.227,0.000,0.773
878500,0.233,0.000,0.767
879000,0.437,0.000,0.563
879500,0.265,0.000,0.735
880000,0.286,0.000,0.714
880500,0.243,0.000,0.757
881000,0.296,0.000,0.704
881500,0.296,0.000,0.704
882000,0.310,0.000,0.690
882500,0.378,0.000,0.622
883000,0.454,0.000,0.546
883500,0.255,0.000,0.745
884000,0.369,0.000,0.631
884500,0.305,0.000,0.695
885000,0.334,0.000,0.666
885500,0.386,0.000,0.614
886000,0.312,0.000,0.688
886500,0.492,0.000,0.508
887000,0.369,0.000,0.631
887500,0.298,0.000,0.702
888000,0.242,0.000,0.758
888500,0.542,0.000,0.458
889000,0.343,0.000,0.657
889500,0.262,0.000,0.738
890000,0.463,0.000,0.537
890500,0.334,0.000,0.666
891000,0.442,0.000,0.558
891500,0.387,0.000,0.613
892000,0.412,0.000,0.588
892500,0.268,0.000,0.732
893000,0.246,0.000,0.754
893500,0.371,0.000,0.629
894000,0.428,0.000,0.572
894500,0.374,0.000,0.626
895000,0.457,0.000,0.543
895500,0.334,0.000,0.666
896000,0.404,0.000,0.596
896500,0.353,0.000,0.647
897000,0.420,0.000,0.580
897500,0.257,0.000,0.743
898000,0.243,0.000,0.757
898500,0.549,0.000,0.451
899000,0.303,0.000,0.697
899500,0.211,0.000,0.789
900000,0.341,0.000,0.659
900500,0.532,0.000,0.468
901000,0.494,0.000,0.506
901500,0.522,0.000,0.478
902000,0.248,0.000,0.752
902500,0.347,0.000,0.653
903000,0.286,0.000,0.714
903500,0.173,0.000,0.827
904000,0.197,0.000,0.803
904500,0.372,0.000,0.628
905000,0.250,0.000,0.750
905500,0.301,0.000,0.699
906000,0.352,0.000,0.648
906500,0.427,0.000,0.573
907000,0.244,0.000,0.756
907500,0.350,0.000,0.650
908000,0.466,0.000,0.534
908500,0.369,0.000,0.631
909000,0.376,0.000,0.624
909500,0.222,0.000,0.778
910000,0.299,0.000,0.701
910500,0.377,0.000,0.623
911000,0.252,0.000,0.748
911500,0.311,0.000,0.689
912000,0.371,0.000,0.629
912500,0.397,0.000,0.603
913000,0.295,0.000,0.705
913500,0.424,0.000,0.576
914000,0.154,0.000,0.846
914500,0.416,0.000,0.584
915000,0.261,0.000,0.739
915500,0.301,0.000,0.699
916000,0.443,0.000,0.557
916500,0.277,0.000,0.723
917000,0.301,0.000,0.699
917500,0.265,0.000,0.735
918000,0.445,0.000,0.555
918500,0.315,0.000,0.685
919000,0.408,0.000,0.592
919500,0.360,0.000,0.640
920000,0.445,0.000,0.555
920500,0.386,0.000,0.614
921000,0.293,0.000,0.707
921500,0.211,0.000,0.789
922000,0.237,0.000,0.763
922500,0.424,0.000,0.576
923000,0.431,0.000,0.569
923500,0.508,0.000,0.492
924000,0.411,0.000,0.589
924500,0.392,0.000,0.608
925000,0.300,0.000,0.700
925500,0.463,0.000,0.537
926000,0.359,0.000,0.641
926500,0.466,0.000,0.534
927000,0.308,0.000,0.692
927500,0.294,0.000,0.706
928000,0.431,0.000,0.569
928500,0.317,0.000,0.683
929000,0.292,0.000,0.708
929500,0.479,0.000,0.521
930000,0.381,0.000,0.619
930500,0.348,0.000,0.652
931000,0.405,0.000,0.595
931500,0.340,0.000,0.660
932000,0.295,0.000,0.705
932500,0.247,0.000,0.753
933000,0.416,0.000,0.584
933500,0.239,0.000,0.761
934000,0.325,0.000,0.675
934500,0.433,0.000,0.567
935000,0.197,0.000,0.803
935500,0.391,0.000,0.609
936000,0.264,0.000,0.736
936500,0.325,0.000,0.675
937000,0.295,0.000,0.705
937500,0.302,0.000,0.698
938000,0.259,0.000,0.741
938500,0.285,0.000,0.715
939000,0.369,0.000,0.631
939500,0.350,0.000,0.650
940000,0.439,0.000,0.561
940500,0.388,0.000,0.612
941000,0.362,0.000,0.638
941500,0.294,0.000,0.706
942000,0.212,0.000,0.788
942500,0.461,0.000,0.539
943000,0.278,0.000,0.722
943500,0.380,0.000,0.620
944000,0.194,0.000,0.806
944500,0.376,0.000,0.624
945000,0.610,0.000,0.390
945500,0.233,0.000,0.767
946000,0.279,0.000,0.721
946500,0.272,0.000,0.728
947000,0.400,0.000,0.600
947500,0.334,0.000,0.666
948000,0.328,0.000,0.672
948500,0.334,0.000,0.666
949000,0.339,0.000,0.661
949500,0.552,0.000,0.448
950000,0.362,0.000,0.638
950500,0.345,0.000,0.655
951000,0.294,0.000,0.706
951500,0.344,0.000,0.656
952000,0.297,0.000,0.703
952500,0.371,0.000,0.629
953000,0.231,0.000,0.769
953500,0.301,0.000,0.699
954000,0.326,0.000,0.674
954500,0.379,0.000,0.621
955000,0.279,0.000,0.721
955500,0.424,0.000,0.576
956000,0.330,0.000,0.670
956500,0.359,0.000,0.641
957000,0.432,0.000,0.568
957500,0.311,0.000,0.689
958000,0.259,0.000,0.741
958500,0.292,0.000,0.708
959000,0.170,0.000,0.830
959500,0.232,0.000,0.768
960000,0.400,0.000,0.600
960500,0.377,0.000,0.623
961000,0.388,0.000,0.612
961500,0.296,0.000,0.704
962000,0.312,0.000,0.688
962500,0.449,0.000,0.551
963000,0.351,0.000,0.649
963500,0.494,0.000,0.506
964000,0.245,0.000,0.755
964500,0.340,0.000,0.660
965000,0.383,0.000,0.617
965500,0.256,0.000,0.744
966000,0.271,0.000,0.729
966500,0.375,0.000,0.625
967000,0.321,0.000,0.679
967500,0.300,0.000,0.700
968000,0.286,0.000,0.714
968500,0.324,0.000,0.676
969000,0.427,0.000,0.573
969500,0.392,0.000,0.608
970000,0.258,0.000,0.742
970500,0.492,0.000,0.508
971000,0.384,0.000,0.616
971500,0.364,0.000,0.636
972000,0.236,0.000,0.764
972500,0.378,0.000,0.622
973000,0.357,0.000,0.643
973500,0.424,0.000,0.576
974000,0.584,0.000,0.416
974500,0.293,0.000,0.707
975000,0.394,0.000,0.606
975500,0.406,0.000,0.594
976000,0.291,0.000,0.709
976500,0.396,0.000,0.604
977000,0.241,0.000,0.759
977500,0.265,0.000,0.735
978000,0.426,0.000,0.574
978500,0.349,0.000,0.651
979000,0.442,0.000,0.558
979500,0.275,0.000,0.725
980000,0.359,0.000,0.641
980500,0.397,0.000,0.603
981000,0.354,0.000,0.646
981500,0.318,0.000,0.682
982000,0.337,0.000,0.663
982500,0.415,0.000,0.585
983000,0.406,0.000,0.594
983500,0.229,0.000,0.771
984000,0.281,0.000,0.719
984500,0.458,0.000,0.542
985000,0.371,0.000,0.629
985500,0.392,0.000,0.608
986000,0.445,0.000,0.555
986500,0.225,0.000,0.775
987000,0.368,0.000,0.632
987500,0.355,0.000,0.645
988000,0.222,0.000,0.778
988500,0.425,0.000,0.575
989000,0.279,0.000,0.721
989500,0.326,0.000,0.674
990000,0.255,0.000,0.745
990500,0.501,0.000,0.499
991000,0.333,0.000,0.667
991500,0.284,0.000,0.716
992000,0.228,0.000,0.772
992500,0.338,0.000,0.662
993000,0.252,0.000,0.748
993500,0.282,0.000,0.718
994000,0.289,0.000,0.711
994500,0.321,0.000,0.679
995000,0.296,0.000,0.704
995500,0.576,0.000,0.424
996000,0.331,0.000,0.669
996500,0.296,0.000,0.704
997000,0.333,0.000,0.667
997500,0.289,0.000,0.711
998000,0.179,0.000,0.821
998500,0.365,0.000,0.635
999000,0.362,0.000,0.638
999500,0.428,0.000,0.572
1000000,0.356,0.000,0.644
