time,n_A+p,n_B,n_AB
500,0.030,0.264,0.706
1000,0.064,0.045,0.891
1500,0.247,0.005,0.748
2000,0.300,0.000,0.700
2500,0.225,0.000,0.775
3000,0.272,0.000,0.728
3500,0.204,0.000,0.796
4000,0.326,0.000,0.674
4500,0.114,0.008,0.878
5000,0.195,0.000,0.805
5500,0.230,0.000,0.770
6000,0.191,0.000,0.809
6500,0.347,0.000,0.653
7000,0.221,0.000,0.779
7500,0.173,0.000,0.827
8000,0.361,0.000,0.639
8500,0.187,0.000,0.813
9000,0.449,0.000,0.551
9500,0.282,0.000,0.718
10000,0.213,0.000,0.787
10500,0.340,0.000,0.660
11000,0.278,0.000,0.722
11500,0.355,0.000,0.645
12000,0.339,0.000,0.661
12500,0.414,0.000,0.586
13000,0.223,0.000,0.777
13500,0.298,0.000,0.702
14000,0.277,0.000,0.723
14500,0.253,0.000,0.747
15000,0.249,0.000,0.751
15500,0.268,0.000,0.732
16000,0.404,0.000,0.596
16500,0.406,0.000,0.594
17000,0.273,0.000,0.727
17500,0.315,0.000,0.685
18000,0.281,0.000,0.719
18500,0.231,0.000,0.769
19000,0.326,0.000,0.674
19500,0.325,0.000,0.675
20000,0.237,0.000,0.763
20500,0.270,0.000,0.730
21000,0.312,0.000,0.688
21500,0.269,0.000,0.731
22000,0.281,0.000,0.719
22500,0.246,0.000,0.754
23000,0.254,0.000,0.746
23500,0.290,0.000,0.710
24000,0.264,0.000,0.736
24500,0.288,0.000,0.712
25000,0.229,0.000,0.771
25500,0.365,0.000,0.635
26000,0.313,0.000,0.687
26500,0.293,0.000,0.707
27000,0.324,0.000,0.676
27500,0.259,0.000,0.741
28000,0.252,0.000,0.748
28500,0.263,0.000,0.737
29000,0.263,0.000,0.737
29500,0.183,0.000,0.817
30000,0.172,0.000,0.828
30500,0.277,0.000,0.723
31000,0.297,0.000,0.703
31500,0.335,0.000,0.665
32000,0.253,0.000,0.747
32500,0.281,0.000,0.719
33000,0.196,0.000,0.804
33500,0.310,0.000,0.690
34000,0.192,0.000,0.808
34500,0.212,0.000,0.788
35000,0.302,0.000,0.698
35500,0.300,0.000,0.700
36000,0.181,0.000,0.819
36500,0.303,0.000,0.697
37000,0.385,0.000,0.615
37500,0.310,0.000,0.690
38000,0.254,0.000,0.746
38500,0.307,0.000,0.693
39000,0.363,0.000,0.637
39500,0.244,0.000,0.756
40000,0.212,0.000,0.788
40500,0.212,0.000,0.788
41000,0.141,0.000,0.859
41500,0.225,0.000,0.775
42000,0.318,0.000,0.682
42500,0.244,0.000,0.756
43000,0.293,0.000,0.707
43500,0.232,0.000,0.768
44000,0.236,0.000,0.764
44500,0.274,0.000,0.726
45000,0.343,0.000,0.657
45500,0.383,0.000,0.617
46000,0.359,0.000,0.641
46500,0.265,0.000,0.735
47000,0.312,0.000,0.688
47500,0.224,0.000,0.776
48000,0.218,0.000,0.782
48500,0.215,0.003,0.782
49000,0.232,0.000,0.768
49500,0.246,0.000,0.754
50000,0.299,0.000,0.701
50500,0.243,0.000,0.757
51000,0.348,0.000,0.652
51500,0.270,0.000,0.730
52000,0.290,0.000,0.710
52500,0.280,0.000,0.720
53000,0.325,0.000,0.675
53500,0.258,0.000,0.742
54000,0.299,0.000,0.701
54500,0.244,0.000,0.756
55000,0.343,0.000,0.657
55500,0.274,0.000,0.726
56000,0.212,0.000,0.788
56500,0.215,0.000,0.785
57000,0.384,0.000,0.616
57500,0.274,0.000,0.726
58000,0.326,0.000,0.674
58500,0.322,0.000,0.678
59000,0.223,0.000,0.777
59500,0.255,0.000,0.745
60000,0.359,0.000,0.641
60500,0.246,0.000,0.754
61000,0.195,0.000,0.805
61500,0.397,0.000,0.603
62000,0.197,0.000,0.803
62500,0.210,0.000,0.790
63000,0.278,0.000,0.722
63500,0.320,0.000,0.680
64000,0.221,0.000,0.779
64500,0.391,0.000,0.609
65000,0.206,0.000,0.794
65500,0.261,0.000,0.739
66000,0.318,0.000,0.682
66500,0.212,0.000,0.788
67000,0.303,0.000,0.697
67500,0.223,0.000,0.777
68000,0.346,0.000,0.654
68500,0.285,0.000,0.715
69000,0.276,0.000,0.724
69500,0.284,0.000,0.716
70000,0.441,0.000,0.559
70500,0.361,0.000,0.639
71000,0.296,0.000,0.704
71500,0.296,0.000,0.704
72000,0.228,0.000,0.772
72500,0.221,0.000,0.779
73000,0.295,0.000,0.705
73500,0.300,0.000,0.700
74000,0.304,0.000,0.696
74500,0.330,0.000,0.670
75000,0.237,0.000,0.763
75500,0.305,0.000,0.695
76000,0.263,0.000,0.737
76500,0.306,0.000,0.694
77000,0.212,0.000,0.788
77500,0.336,0.000,0.664
78000,0.372,0.000,0.628
78500,0.284,0.000,0.716
79000,0.416,0.000,0.584
79500,0.188,0.009,0.803
80000,0.281,0.000,0.719
80500,0.295,0.000,0.705
81000,0.293,0.000,0.707
81500,0.343,0.000,0.657
82000,0.156,0.000,0.844
82500,0.142,0.005,0.853
83000,0.244,0.000,0.756
83500,0.166,0.004,0.830
84000,0.184,0.000,0.816
84500,0.211,0.000,0.789
85000,0.195,0.000,0.805
85500,0.241,0.001,0.758
86000,0.300,0.000,0.700
86500,0.357,0.000,0.643
87000,0.165,0.000,0.835
87500,0.330,0.000,0.670
88000,0.278,0.000,0.722
88500,0.307,0.000,0.693
89000,0.294,0.000,0.706
89500,0.260,0.000,0.740
90000,0.248,0.000,0.752
90500,0.342,0.000,0.658
91000,0.317,0.000,0.683
91500,0.266,0.000,0.734
92000,0.317,0.000,0.683
92500,0.267,0.000,0.733
93000,0.273,0.000,0.727
93500,0.199,0.000,0.801
94000,0.254,0.000,0.746
94500,0.345,0.000,0.655
95000,0.231,0.000,0.769
95500,0.201,0.000,0.799
96000,0.342,0.000,0.658
96500,0.306,0.000,0.694
97000,0.354,0.000,0.646
97500,0.200,0.000,0.800
98000,0.351,0.000,0.649
98500,0.209,0.000,0.791
99000,0.160,0.000,0.840
99500,0.321,0.000,0.679
100000,0.257,0.000,0.743
100500,0.298,0.000,0.702
101000,0.291,0.000,0.709
101500,0.300,0.000,0.700
102000,0.251,0.000,0.749
102500,0.367,0.000,0.633
103000,0.263,0.000,0.737
103500,0.316,0.000,0.684
104000,0.271,0.000,0.729
104500,0.281,0.000,0.719
105000,0.336,0.000,0.664
105500,0.326,0.000,0.674
106000,0.256,0.002,0.742
106500,0.334,0.000,0.666
107000,0.241,0.000,0.759
107500,0.326,0.000,0.674
108000,0.215,0.000,0.785
108500,0.219,0.000,0.781
109000,0.365,0.000,0.635
109500,0.312,0.000,0.688
110000,0.324,0.000,0.676
110500,0.358,0.000,0.642
111000,0.264,0.000,0.736
111500,0.198,0.000,0.802
112000,0.259,0.000,0.741
112500,0.408,0.000,0.592
113000,0.277,0.000,0.723
113500,0.333,0.000,0.667
114000,0.423,0.000,0.577
114500,0.196,0.000,0.804
115000,0.301,0.000,0.699
115500,0.303,0.000,0.697
116000,0.342,0.000,0.658
116500,0.213,0.000,0.787
117000,0.358,0.000,0.642
117500,0.347,0.000,0.653
118000,0.240,0.000,0.760
118500,0.222,0.000,0.778
119000,0.285,0.000,0.715
119500,0.280,0.000,0.720
120000,0.129,0.000,0.871
120500,0.256,0.000,0.744
121000,0.244,0.000,0.756
121500,0.380,0.000,0.620
122000,0.298,0.000,0.702
122500,0.214,0.000,0.786
123000,0.419,0.000,0.581
123500,0.303,0.000,0.697
124000,0.298,0.000,0.702
124500,0.215,0.000,0.785
125000,0.319,0.000,0.681
125500,0.560,0.000,0.440
126000,0.223,0.000,0.777
126500,0.312,0.000,0.688
127000,0.256,0.000,0.744
127500,0.300,0.000,0.700
128000,0.270,0.000,0.730
128500,0.290,0.000,0.710
129000,0.360,0.000,0.640
129500,0.299,0.000,0.701
130000,0.237,0.000,0.763
130500,0.211,0.000,0.789
131000,0.278,0.000,0.722
131500,0.244,0.000,0.756
132000,0.368,0.000,0.632
132500,0.172,0.000,0.828
133000,0.213,0.000,0.787
133500,0.300,0.000,0.700
134000,0.259,0.000,0.741
134500,0.288,0.000,0.712
135000,0.433,0.000,0.567
135500,0.176,0.000,0.824
136000,0.242,0.000,0.758
136500,0.154,0.000,0.846
137000,0.356,0.000,0.644
137500,0.240,0.000,0.760
138000,0.443,0.000,0.557
138500,0.163,0.000,0.837
139000,0.362,0.000,0.638
139500,0.262,0.000,0.738
140000,0.277,0.000,0.723
140500,0.337,0.000,0.663
141000,0.249,0.000,0.751
141500,0.301,0.000,0.699
142000,0.257,0.000,0.743
142500,0.313,0.000,0.687
143000,0.304,0.000,0.696
143500,0.346,0.000,0.654
144000,0.309,0.000,0.691
144500,0.201,0.000,0.799
145000,0.280,0.000,0.720
145500,0.296,0.000,0.704
146000,0.238,0.000,0.762
146500,0.247,0.000,0.753
147000,0.335,0.000,0.665
147500,0.330,0.000,0.670
148000,0.463,0.000,0.537
148500,0.280,0.000,0.720
149000,0.313,0.000,0.687
149500,0.330,0.000,0.670
150000,0.207,0.000,0.793
150500,0.242,0.000,0.758
151000,0.233,0.000,0.767
151500,0.327,0.001,0.672
152000,0.315,0.000,0.685
152500,0.250,0.000,0.750
153000,0.295,0.000,0.705
153500,0.201,0.000,0.799
154000,0.343,0.000,0.657
154500,0.299,0.000,0.701
155000,0.329,0.000,0.671
155500,0.236,0.000,0.764
156000,0.218,0.000,0.782
156500,0.396,0.000,0.604
157000,0.254,0.000,0.746
157500,0.309,0.000,0.691
158000,0.275,0.000,0.725
158500,0.237,0.000,0.763
159000,0.255,0.000,0.745
159500,0.342,0.000,0.658
160000,0.383,0.000,0.617
160500,0.321,0.000,0.679
161000,0.258,0.000,0.742
161500,0.228,0.000,0.772
162000,0.344,0.000,0.656
162500,0.495,0.000,0.505
163000,0.217,0.000,0.783
163500,0.318,0.000,0.682
164000,0.302,0.000,0.698
164500,0.211,0.000,0.789
165000,0.330,0.000,0.670
165500,0.273,0.000,0.727
166000,0.160,0.000,0.840
166500,0.300,0.000,0.700
167000,0.327,0.000,0.673
167500,0.228,0.000,0.772
168000,0.352,0.000,0.648
168500,0.332,0.000,0.668
169000,0.294,0.000,0.706
169500,0.238,0.000,0.762
170000,0.300,0.000,0.700
170500,0.305,0.000,0.695
171000,0.211,0.000,0.789
171500,0.196,0.000,0.804
172000,0.394,0.000,0.606
172500,0.381,0.000,0.619
173000,0.234,0.000,0.766
173500,0.260,0.000,0.740
174000,0.231,0.000,0.769
174500,0.403,0.000,0.597
175000,0.251,0.000,0.749
175500,0.291,0.000,0.709
176000,0.372,0.000,0.628
176500,0.353,0.000,0.647
177000,0.212,0.000,0.788
177500,0.296,0.000,0.704
178000,0.351,0.000,0.649
178500,0.283,0.000,0.717
179000,0.290,0.000,0.710
179500,0.294,0.000,0.706
180000,0.259,0.000,0.741
180500,0.210,0.000,0.790
181000,0.260,0.000,0.740
181500,0.260,0.000,0.740
182000,0.155,0.000,0.845
182500,0.292,0.000,0.708
183000,0.277,0.000,0.723
183500,0.195,0.000,0.805
184000,0.252,0.000,0.748
184500,0.379,0.000,0.621
185000,0.187,0.000,0.813
185500,0.300,0.000,0.700
186000,0.321,0.000,0.679
186500,0.283,0.000,0.717
187000,0.176,0.000,0.824
187500,0.223,0.000,0.777
188000,0.327,0.000,0.673
188500,0.324,0.000,0.676
189000,0.479,0.000,0.521
189500,0.171,0.002,0.827
190000,0.165,0.000,0.835
190500,0.345,0.000,0.655
191000,0.261,0.000,0.739
191500,0.330,0.000,0.670
192000,0.405,0.000,0.595
192500,0.275,0.000,0.725
193000,0.326,0.000,0.674
193500,0.234,0.000,0.766
194000,0.224,0.000,0.776
194500,0.289,0.003,0.708
195000,0.360,0.000,0.640
195500,0.176,0.000,0.824
196000,0.338,0.000,0.662
196500,0.385,0.000,0.615
197000,0.291,0.000,0.709
197500,0.184,0.000,0.816
198000,0.230,0.000,0.770
198500,0.333,0.000,0.667
199000,0.342,0.000,0.658
199500,0.258,0.000,0.742
200000,0.396,0.000,0.604
200500,0.368,0.000,0.632
201000,0.261,0.000,0.739
201500,0.325,0.000,0.675
202000,0.351,0.000,0.649
202500,0.227,0.000,0.773
203000,0.383,0.000,0.617
203500,0.340,0.000,0.660
204000,0.257,0.000,0.743
204500,0.423,0.000,0.577
205000,0.337,0.000,0.663
205500,0.195,0.000,0.805
206000,0.324,0.000,0.676
206500,0.283,0.000,0.717
207000,0.288,0.000,0.712
207500,0.180,0.000,0.820
208000,0.166,0.007,0.827
208500,0.189,0.000,0.811
209000,0.258,0.000,0.742
209500,0.191,0.000,0.809
210000,0.264,0.000,0.736
210500,0.282,0.000,0.718
211000,0.377,0.000,0.623
211500,0.249,0.000,0.751
212000,0.386,0.000,0.614
212500,0.318,0.000,0.682
213000,0.285,0.000,0.715
213500,0.429,0.000,0.571
214000,0.183,0.000,0.817
214500,0.179,0.000,0.821
215000,0.291,0.000,0.709
215500,0.332,0.000,0.668
216000,0.285,0.000,0.715
216500,0.362,0.000,0.638
217000,0.204,0.000,0.796
217500,0.290,0.000,0.710
218000,0.275,0.000,0.725
218500,0.278,0.000,0.722
219000,0.176,0.000,0.824
219500,0.295,0.000,0.705
220000,0.309,0.000,0.691
220500,0.300,0.000,0.700
221000,0.260,0.000,0.740
221500,0.363,0.000,0.637
222000,0.346,0.000,0.654
222500,0.352,0.000,0.648
223000,0.265,0.000,0.735
223500,0.397,0.000,0.603
224000,0.259,0.000,0.741
224500,0.236,0.000,0.764
225000,0.237,0.000,0.763
225500,0.190,0.000,0.810
226000,0.338,0.000,0.662
226500,0.439,0.000,0.561
227000,0.410,0.000,0.590
227500,0.339,0.000,0.661
228000,0.294,0.000,0.706
228500,0.291,0.001,0.708
229000,0.314,0.000,0.686
229500,0.335,0.000,0.665
230000,0.362,0.000,0.638
230500,0.283,0.000,0.717
231000,0.348,0.000,0.652
231500,0.309,0.000,0.691
232000,0.213,0.000,0.787
232500,0.348,0.000,0.652
233000,0.168,0.000,0.832
233500,0.276,0.000,0.724
234000,0.260,0.000,0.740
234500,0.380,0.000,0.620
235000,0.260,0.000,0.740
235500,0.354,0.000,0.646
236000,0.374,0.000,0.626
236500,0.255,0.000,0.745
237000,0.255,0.000,0.745
237500,0.218,0.000,0.782
238000,0.303,0.000,0.697
238500,0.214,0.000,0.786
239000,0.351,0.000,0.649
239500,0.271,0.000,0.729
240000,0.268,0.000,0.732
240500,0.258,0.000,0.742
241000,0.234,0.000,0.766
241500,0.241,0.000,0.759
242000,0.311,0.000,0.689
242500,0.254,0.000,0.746
243000,0.368,0.000,0.632
243500,0.410,0.000,0.590
244000,0.333,0.000,0.667
244500,0.320,0.000,0.680
245000,0.191,0.000,0.809
245500,0.250,0.000,0.750
246000,0.254,0.000,0.746
246500,0.190,0.000,0.810
247000,0.321,0.000,0.679
247500,0.273,0.000,0.727
248000,0.258,0.000,0.742
248500,0.293,0.000,0.707
249000,0.236,0.000,0.764
249500,0.208,0.000,0.792
250000,0.331,0.000,0.669
250500,0.212,0.000,0.788
251000,0.263,0.010,0.727
251500,0.284,0.000,0.716
252000,0.334,0.000,0.666
252500,0.234,0.000,0.766
253000,0.271,0.000,0.729
253500,0.198,0.000,0.802
254000,0.352,0.000,0.648
254500,0.335,0.000,0.665
255000,0.226,0.000,0.774
255500,0.275,0.000,0.725
256000,0.175,0.000,0.825
256500,0.202,0.000,0.798
257000,0.331,0.000,0.669
257500,0.423,0.000,0.577
258000,0.271,0.000,0.729
258500,0.226,0.000,0.774
259000,0.340,0.000,0.660
259500,0.451,0.000,0.549
260000,0.276,0.000,0.724
260500,0.245,0.000,0.755
261000,0.235,0.000,0.765
261500,0.268,0.000,0.732
262000,0.395,0.000,0.605
262500,0.310,0.000,0.690
263000,0.316,0.000,0.684
263500,0.379,0.000,0.621
264000,0.311,0.000,0.689
264500,0.272,0.000,0.728
265000,0.246,0.000,0.754
265500,0.261,0.000,0.739
266000,0.286,0.000,0.714
266500,0.402,0.000,0.598
267000,0.322,0.000,0.678
267500,0.229,0.000,0.771
268000,0.296,0.000,0.704
268500,0.246,0.000,0.754
269000,0.335,0.000,0.665
269500,0.354,0.000,0.646
270000,0.274,0.000,0.726
270500,0.252,0.000,0.748
271000,0.195,0.000,0.805
271500,0.316,0.000,0.684
272000,0.109,0.000,0.891
272500,0.136,0.003,0.861
273000,0.333,0.000,0.667
273500,0.266,0.000,0.734
274000,0.247,0.000,0.753
274500,0.242,0.000,0.758
275000,0.269,0.000,0.731
275500,0.274,0.000,0.726
276000,0.191,0.000,0.809
276500,0.208,0.000,0.792
277000,0.269,0.000,0.731
277500,0.228,0.000,0.772
278000,0.246,0.000,0.754
278500,0.253,0.000,0.747
279000,0.311,0.000,0.689
279500,0.279,0.000,0.721
280000,0.302,0.000,0.698
280500,0.312,0.000,0.688
281000,0.278,0.000,0.722
281500,0.307,0.000,0.693
282000,0.332,0.000,0.668
282500,0.391,0.000,0.609
283000,0.295,0.000,0.705
283500,0.256,0.000,0.744
284000,0.250,0.000,0.750
284500,0.396,0.000,0.604
285000,0.295,0.000,0.705
285500,0.228,0.000,0.772
286000,0.299,0.000,0.701
286500,0.324,0.000,0.676
287000,0.261,0.000,0.739
287500,0.248,0.000,0.752
288000,0.207,0.000,0.793
288500,0.219,0.000,0.781
289000,0.255,0.000,0.745
289500,0.143,0.027,0.830
290000,0.378,0.000,0.622
290500,0.129,0.016,0.855
291000,0.093,0.019,0.888
291500,0.286,0.000,0.714
292000,0.302,0.000,0.698
292500,0.198,0.000,0.802
293000,0.330,0.000,0.670
293500,0.223,0.000,0.777
294000,0.349,0.000,0.651
294500,0.202,0.000,0.798
295000,0.298,0.000,0.702
295500,0.348,0.000,0.652
296000,0.308,0.000,0.692
296500,0.318,0.000,0.682
297000,0.299,0.000,0.701
297500,0.290,0.000,0.710
298000,0.329,0.000,0.671
298500,0.192,0.000,0.808
299000,0.201,0.000,0.799
299500,0.397,0.000,0.603
300000,0.212,0.017,0.771
300500,0.250,0.000,0.750
301000,0.409,0.000,0.591
301500,0.310,0.000,0.690
302000,0.244,0.000,0.756
302500,0.213,0.000,0.787
303000,0.361,0.000,0.639
303500,0.237,0.000,0.763
304000,0.239,0.000,0.761
304500,0.238,0.000,0.762
305000,0.268,0.000,0.732
305500,0.410,0.000,0.590
306000,0.243,0.000,0.757
306500,0.279,0.000,0.721
307000,0.192,0.000,0.808
307500,0.164,0.018,0.818
308000,0.296,0.000,0.704
308500,0.275,0.000,0.725
309000,0.380,0.000,0.620
309500,0.497,0.000,0.503
310000,0.355,0.000,0.645
310500,0.119,0.022,0.859
311000,0.284,0.000,0.716
311500,0.206,0.011,0.783
312000,0.289,0.000,0.711
312500,0.286,0.000,0.714
313000,0.235,0.000,0.765
313500,0.307,0.000,0.693
314000,0.265,0.000,0.735
314500,0.210,0.000,0.790
315000,0.309,0.000,0.691
315500,0.387,0.000,0.613
316000,0.349,0.000,0.651
316500,0.227,0.000,0.773
317000,0.393,0.000,0.607
317500,0.435,0.000,0.565
318000,0.316,0.000,0.684
318500,0.358,0.000,0.642
319000,0.342,0.000,0.658
319500,0.343,0.000,0.657
320000,0.186,0.000,0.814
320500,0.366,0.000,0.634
321000,0.338,0.000,0.662
321500,0.179,0.000,0.821
322000,0.271,0.000,0.729
322500,0.267,0.000,0.733
323000,0.208,0.004,0.788
323500,0.289,0.000,0.711
324000,0.295,0.000,0.705
324500,0.266,0.000,0.734
325000,0.249,0.000,0.751
325500,0.331,0.000,0.669
326000,0.221,0.000,0.779
326500,0.175,0.009,0.816
327000,0.318,0.000,0.682
327500,0.339,0.000,0.661
328000,0.278,0.000,0.722
328500,0.235,0.000,0.765
329000,0.338,0.000,0.662
329500,0.294,0.000,0.706
330000,0.234,0.000,0.766
330500,0.268,0.000,0.732
331000,0.335,0.000,0.665
331500,0.201,0.000,0.799
332000,0.257,0.000,0.743
332500,0.347,0.000,0.653
333000,0.226,0.000,0.774
333500,0.242,0.000,0.758
334000,0.307,0.000,0.693
334500,0.315,0.000,0.685
335000,0.213,0.000,0.787
335500,0.406,0.000,0.594
336000,0.274,0.000,0.726
336500,0.166,0.000,0.834
337000,0.365,0.000,0.635
337500,0.250,0.000,0.750
338000,0.276,0.000,0.724
338500,0.261,0.000,0.739
339000,0.270,0.000,0.730
339500,0.334,0.000,0.666
340000,0.258,0.000,0.742
340500,0.258,0.000,0.742
341000,0.314,0.000,0.686
341500,0.175,0.000,0.825
342000,0.195,0.000,0.805
342500,0.294,0.000,0.706
343000,0.231,0.000,0.769
343500,0.251,0.000,0.749
344000,0.231,0.000,0.769
344500,0.169,0.000,0.831
345000,0.353,0.000,0.647
345500,0.284,0.000,0.716
346000,0.363,0.000,0.637
346500,0.272,0.000,0.728
347000,0.339,0.000,0.661
347500,0.289,0.000,0.711
348000,0.347,0.000,0.653
348500,0.316,0.000,0.684
349000,0.319,0.000,0.681
349500,0.209,0.000,0.791
350000,0.359,0.000,0.641
350500,0.238,0.000,0.762
351000,0.343,0.001,0.656
351500,0.464,0.000,0.536
352000,0.340,0.000,0.660
352500,0.286,0.000,0.714
353000,0.161,0.008,0.831
353500,0.230,0.000,0.770
354000,0.369,0.000,0.631
354500,0.291,0.000,0.709
355000,0.122,0.000,0.878
355500,0.291,0.000,0.709
356000,0.164,0.001,0.835
356500,0.293,0.000,0.707
357000,0.161,0.000,0.839
357500,0.296,0.000,0.704
358000,0.349,0.000,0.651
358500,0.234,0.000,0.766
359000,0.251,0.000,0.749
359500,0.279,0.000,0.721
360000,0.417,0.000,0.583
360500,0.337,0.000,0.663
361000,0.317,0.000,0.683
361500,0.341,0.000,0.659
362000,0.327,0.000,0.673
362500,0.282,0.000,0.718
363000,0.328,0.000,0.672
363500,0.299,0.000,0.701
364000,0.239,0.000,0.761
364500,0.243,0.000,0.757
365000,0.263,0.001,0.736
365500,0.330,0.000,0.670
366000,0.240,0.000,0.760
366500,0.281,0.000,0.719
367000,0.185,0.000,0.815
367500,0.264,0.000,0.736
368000,0.289,0.000,0.711
368500,0.345,0.000,0.655
369000,0.253,0.000,0.747
369500,0.282,0.000,0.718
370000,0.261,0.000,0.739
370500,0.308,0.000,0.692
371000,0.246,0.000,0.754
371500,0.203,0.000,0.797
372000,0.269,0.000,0.731
372500,0.255,0.000,0.745
373000,0.285,0.000,0.715
373500,0.147,0.024,0.829
374000,0.276,0.000,0.724
374500,0.293,0.000,0.707
375000,0.285,0.000,0.715
375500,0.328,0.000,0.672
376000,0.166,0.000,0.834
376500,0.242,0.000,0.758
377000,0.219,0.000,0.781
377500,0.232,0.000,0.768
378000,0.229,0.000,0.771
378500,0.277,0.000,0.723
379000,0.283,0.000,0.717
379500,0.273,0.001,0.726
380000,0.224,0.000,0.776
380500,0.354,0.000,0.646
381000,0.213,0.000,0.787
381500,0.283,0.000,0.717
382000,0.385,0.000,0.615
382500,0.210,0.000,0.790
383000,0.302,0.000,0.698
383500,0.285,0.000,0.715
384000,0.211,0.000,0.789
384500,0.296,0.000,0.704
385000,0.401,0.000,0.599
385500,0.357,0.000,0.643
386000,0.421,0.000,0.579
386500,0.307,0.000,0.693
387000,0.338,0.000,0.662
387500,0.325,0.000,0.675
388000,0.216,0.000,0.784
388500,0.232,0.000,0.768
389000,0.242,0.000,0.758
389500,0.219,0.000,0.781
390000,0.340,0.000,0.660
390500,0.238,0.000,0.762
391000,0.251,0.000,0.749
391500,0.327,0.000,0.673
392000,0.289,0.000,0.711
392500,0.301,0.000,0.699
393000,0.218,0.000,0.782
393500,0.256,0.000,0.744
394000,0.214,0.000,0.786
394500,0.258,0.000,0.742
395000,0.209,0.000,0.791
395500,0.190,0.000,0.810
396000,0.267,0.000,0.733
396500,0.304,0.000,0.696
397000,0.269,0.000,0.731
397500,0.337,0.000,0.663
398000,0.320,0.000,0.680
398500,0.366,0.000,0.634
399000,0.259,0.000,0.741
399500,0.279,0.000,0.721
400000,0.360,0.000,0.640
400500,0.275,0.000,0.725
401000,0.248,0.000,0.752
401500,0.189,0.000,0.811
402000,0.347,0.000,0.653
402500,0.264,0.000,0.736
403000,0.380,0.000,0.620
403500,0.235,0.000,0.765
404000,0.226,0.000,0.774
404500,0.358,0.000,0.642
405000,0.282,0.000,0.718
405500,0.448,0.000,0.552
406000,0.320,0.000,0.680
406500,0.335,0.000,0.665
407000,0.226,0.000,0.774
407500,0.291,0.000,0.709
408000,0.173,0.000,0.827
408500,0.201,0.000,0.799
409000,0.133,0.006,0.861
409500,0.273,0.000,0.727
410000,0.402,0.000,0.598
410500,0.222,0.000,0.778
411000,0.332,0.000,0.668
411500,0.309,0.000,0.691
412000,0.337,0.000,0.663
412500,0.338,0.000,0.662
413000,0.352,0.000,0.648
413500,0.258,0.000,0.742
414000,0.381,0.000,0.619
414500,0.165,0.000,0.835
415000,0.394,0.000,0.606
415500,0.407,0.000,0.593
416000,0.374,0.000,0.626
416500,0.267,0.000,0.733
417000,0.258,0.000,0.742
417500,0.261,0.000,0.739
418000,0.212,0.000,0.788
418500,0.208,0.000,0.792
419000,0.237,0.000,0.763
419500,0.277,0.000,0.723
420000,0.220,0.000,0.780
420500,0.420,0.000,0.580
421000,0.214,0.000,0.786
421500,0.246,0.000,0.754
422000,0.275,0.000,0.725
422500,0.275,0.000,0.725
423000,0.316,0.000,0.684
423500,0.244,0.000,0.756
424000,0.291,0.000,0.709
424500,0.200,0.000,0.800
425000,0.312,0.000,0.688
425500,0.285,0.000,0.715
426000,0.273,0.000,0.727
426500,0.255,0.000,0.745
427000,0.229,0.000,0.771
427500,0.251,0.000,0.749
428000,0.243,0.000,0.757
428500,0.279,0.000,0.721
429000,0.253,0.000,0.747
429500,0.342,0.000,0.658
430000,0.225,0.000,0.775
430500,0.277,0.000,0.723
431000,0.276,0.000,0.724
431500,0.248,0.000,0.752
432000,0.314,0.000,0.686
432500,0.216,0.000,0.784
433000,0.304,0.000,0.696
433500,0.435,0.000,0.565
434000,0.172,0.000,0.828
434500,0.262,0.000,0.738
435000,0.330,0.000,0.670
435500,0.246,0.000,0.754
436000,0.303,0.000,0.697
436500,0.291,0.000,0.709
437000,0.206,0.000,0.794
437500,0.232,0.000,0.768
438000,0.233,0.000,0.767
438500,0.358,0.000,0.642
439000,0.231,0.000,0.769
439500,0.211,0.000,0.789
440000,0.365,0.000,0.635
440500,0.298,0.000,0.702
441000,0.206,0.000,0.794
441500,0.340,0.000,0.660
442000,0.262,0.000,0.738
442500,0.375,0.000,0.625
443000,0.254,0.000,0.746
443500,0.219,0.000,0.781
444000,0.177,0.000,0.823
444500,0.196,0.000,0.804
445000,0.310,0.000,0.690
445500,0.250,0.000,0.750
446000,0.242,0.000,0.758
446500,0.324,0.000,0.676
447000,0.339,0.000,0.661
447500,0.224,0.000,0.776
448000,0.227,0.000,0.773
448500,0.294,0.000,0.706
449000,0.243,0.000,0.757
449500,0.202,0.001,0.797
450000,0.257,0.000,0.743
450500,0.197,0.000,0.803
451000,0.283,0.000,0.717
451500,0.326,0.000,0.674
452000,0.332,0.000,0.668
452500,0.384,0.000,0.616
453000,0.274,0.000,0.726
453500,0.311,0.000,0.689
454000,0.259,0.000,0.741
454500,0.304,0.000,0.696
455000,0.244,0.000,0.756
455500,0.300,0.000,0.700
456000,0.292,0.000,0.708
456500,0.197,0.000,0.803
457000,0.296,0.000,0.704
457500,0.262,0.000,0.738
458000,0.264,0.000,0.736
458500,0.308,0.000,0.692
459000,0.313,0.000,0.687
459500,0.286,0.000,0.714
460000,0.275,0.000,0.725
460500,0.235,0.000,0.765
461000,0.344,0.000,0.656
461500,0.278,0.000,0.722
462000,0.268,0.000,0.732
462500,0.261,0.000,0.739
463000,0.215,0.000,0.785
463500,0.326,0.000,0.674
464000,0.305,0.000,0.695
464500,0.281,0.000,0.719
465000,0.251,0.000,0.749
465500,0.265,0.000,0.735
466000,0.312,0.000,0.688
466500,0.291,0.000,0.709
467000,0.221,0.000,0.779
467500,0.486,0.000,0.514
468000,0.294,0.000,0.706
468500,0.244,0.000,0.756
469000,0.254,0.000,0.746
469500,0.279,0.000,0.721
470000,0.256,0.000,0.744
470500,0.338,0.000,0.662
471000,0.270,0.000,0.730
471500,0.384,0.000,0.616
472000,0.227,0.000,0.773
472500,0.137,0.000,0.863
473000,0.353,0.000,0.647
473500,0.293,0.000,0.707
474000,0.262,0.000,0.738
474500,0.164,0.000,0.836
475000,0.284,0.000,0.716
475500,0.244,0.000,0.756
476000,0.319,0.000,0.681
476500,0.300,0.000,0.700
477000,0.164,0.000,0.836
477500,0.211,0.000,0.789
478000,0.143,0.026,0.831
478500,0.319,0.000,0.681
479000,0.325,0.000,0.675
479500,0.323,0.000,0.677
480000,0.328,0.000,0.672
480500,0.254,0.000,0.746
481000,0.372,0.000,0.628
481500,0.371,0.000,0.629
482000,0.278,0.000,0.722
482500,0.338,0.000,0.662
483000,0.310,0.000,0.690
483500,0.347,0.000,0.653
484000,0.316,0.000,0.684
484500,0.238,0.000,0.762
485000,0.179,0.013,0.808
485500,0.306,0.000,0.694
486000,0.258,0.000,0.742
486500,0.300,0.000,0.700
487000,0.314,0.000,0.686
487500,0.238,0.000,0.762
488000,0.315,0.000,0.685
488500,0.310,0.000,0.690
489000,0.329,0.000,0.671
489500,0.321,0.000,0.679
490000,0.362,0.000,0.638
490500,0.253,0.000,0.747
491000,0.243,0.000,0.757
491500,0.185,0.000,0.815
492000,0.226,0.000,0.774
492500,0.262,0.000,0.738
493000,0.250,0.000,0.750
493500,0.250,0.000,0.750
494000,0.325,0.000,0.675
494500,0.326,0.000,0.674
495000,0.299,0.000,0.701
495500,0.282,0.000,0.718
496000,0.208,0.000,0.792
496500,0.331,0.000,0.669
497000,0.323,0.000,0.677
497500,0.265,0.000,0.735
498000,0.286,0.000,0.714
498500,0.297,0.000,0.703
499000,0.342,0.000,0.658
499500,0.382,0.000,0.618
500000,0.274,0.000,0.726
500500,0.208,0.000,0.792
501000,0.364,0.000,0.636
501500,0.351,0.000,0.649
502000,0.343,0.000,0.657
502500,0.292,0.000,0.708
503000,0.204,0.000,0.796
503500,0.274,0.000,0.726
504000,0.332,0.000,0.668
504500,0.319,0.000,0.681
505000,0.450,0.000,0.550
505500,0.288,0.000,0.712
506000,0.213,0.000,0.787
506500,0.266,0.000,0.734
507000,0.326,0.000,0.674
507500,0.287,0.000,0.713
508000,0.240,0.000,0.760
508500,0.289,0.000,0.711
509000,0.296,0.000,0.704
509500,0.273,0.000,0.727
510000,0.390,0.000,0.610
510500,0.249,0.000,0.751
511000,0.310,0.000,0.690
511500,0.251,0.000,0.749
512000,0.233,0.000,0.767
512500,0.247,0.000,0.753
513000,0.310,0.000,0.690
513500,0.286,0.000,0.714
514000,0.321,0.000,0.679
514500,0.395,0.000,0.605
515000,0.346,0.000,0.654
515500,0.350,0.000,0.650
516000,0.215,0.000,0.785
516500,0.306,0.000,0.694
517000,0.260,0.000,0.740
517500,0.359,0.000,0.641
518000,0.282,0.000,0.718
518500,0.353,0.000,0.647
519000,0.289,0.000,0.711
519500,0.391,0.000,0.609
520000,0.338,0.000,0.662
520500,0.183,0.000,0.817
521000,0.185,0.000,0.815
521500,0.214,0.000,0.786
522000,0.264,0.000,0.736
522500,0.267,0.000,0.733
523000,0.238,0.000,0.762
523500,0.288,0.000,0.712
524000,0.308,0.000,0.692
524500,0.224,0.000,0.776
525000,0.221,0.004,0.775
525500,0.251,0.001,0.748
526000,0.312,0.000,0.688
526500,0.288,0.000,0.712
527000,0.336,0.000,0.664
527500,0.370,0.000,0.630
528000,0.270,0.000,0.730
528500,0.225,0.000,0.775
529000,0.277,0.000,0.723
529500,0.281,0.000,0.719
530000,0.279,0.000,0.721
530500,0.290,0.000,0.710
531000,0.256,0.000,0.744
531500,0.210,0.000,0.790
532000,0.203,0.000,0.797
532500,0.254,0.000,0.746
533000,0.176,0.000,0.824
533500,0.265,0.000,0.735
534000,0.284,0.000,0.716
534500,0.211,0.000,0.789
535000,0.130,0.005,0.865
535500,0.411,0.000,0.589
536000,0.344,0.000,0.656
536500,0.318,0.000,0.682
537000,0.268,0.000,0.732
537500,0.358,0.000,0.642
538000,0.337,0.000,0.663
538500,0.219,0.000,0.781
539000,0.190,0.000,0.810
539500,0.377,0.000,0.623
540000,0.275,0.000,0.725
540500,0.356,0.000,0.644
541000,0.217,0.000,0.783
541500,0.179,0.000,0.821
542000,0.295,0.000,0.705
542500,0.302,0.000,0.698
543000,0.206,0.000,0.794
543500,0.317,0.000,0.683
544000,0.308,0.000,0.692
544500,0.328,0.000,0.672
545000,0.282,0.000,0.718
545500,0.301,0.000,0.699
546000,0.299,0.000,0.701
546500,0.333,0.000,0.667
547000,0.229,0.000,0.771
547500,0.178,0.013,0.809
548000,0.331,0.000,0.669
548500,0.211,0.000,0.789
549000,0.270,0.000,0.730
549500,0.341,0.000,0.659
550000,0.301,0.000,0.699
550500,0.478,0.000,0.522
551000,0.283,0.000,0.717
551500,0.358,0.000,0.642
552000,0.288,0.000,0.712
552500,0.200,0.000,0.800
553000,0.163,0.002,0.835
553500,0.223,0.000,0.777
554000,0.267,0.000,0.733
554500,0.326,0.000,0.674
555000,0.163,0.000,0.837
555500,0.285,0.000,0.715
556000,0.232,0.000,0.768
556500,0.296,0.000,0.704
557000,0.231,0.000,0.769
557500,0.306,0.000,0.694
558000,0.265,0.000,0.735
558500,0.382,0.000,0.618
559000,0.263,0.000,0.737
559500,0.223,0.000,0.777
560000,0.213,0.000,0.787
560500,0.296,0.000,0.704
561000,0.167,0.000,0.833
561500,0.238,0.000,0.762
562000,0.328,0.000,0.672
562500,0.275,0.000,0.725
563000,0.298,0.000,0.702
563500,0.281,0.000,0.719
564000,0.274,0.000,0.726
564500,0.316,0.000,0.684
565000,0.275,0.000,0.725
565500,0.173,0.000,0.827
566000,0.220,0.000,0.780
566500,0.187,0.000,0.813
567000,0.376,0.000,0.624
567500,0.279,0.000,0.721
568000,0.208,0.000,0.792
568500,0.289,0.000,0.711
569000,0.322,0.000,0.678
569500,0.225,0.000,0.775
570000,0.450,0.000,0.550
570500,0.324,0.000,0.676
571000,0.250,0.000,0.750
571500,0.340,0.000,0.660
572000,0.287,0.000,0.713
572500,0.264,0.000,0.736
573000,0.397,0.000,0.603
573500,0.318,0.000,0.682
574000,0.295,0.000,0.705
574500,0.333,0.000,0.667
575000,0.258,0.000,0.742
575500,0.334,0.000,0.666
576000,0.261,0.000,0.739
576500,0.214,0.000,0.786
577000,0.352,0.000,0.648
577500,0.245,0.000,0.755
578000,0.237,0.000,0.763
578500,0.253,0.000,0.747
579000,0.368,0.000,0.632
579500,0.296,0.000,0.704
580000,0.263,0.000,0.737
580500,0.192,0.000,0.808
581000,0.187,0.000,0.813
581500,0.216,0.000,0.784
582000,0.311,0.000,0.689
582500,0.329,0.000,0.671
583000,0.289,0.000,0.711
583500,0.271,0.000,0.729
584000,0.353,0.000,0.647
584500,0.229,0.000,0.771
585000,0.254,0.000,0.746
585500,0.384,0.000,0.616
586000,0.357,0.000,0.643
586500,0.319,0.000,0.681
587000,0.280,0.000,0.720
587500,0.293,0.000,0.707
588000,0.358,0.000,0.642
588500,0.394,0.000,0.606
589000,0.234,0.000,0.766
589500,0.255,0.000,0.745
590000,0.257,0.000,0.743
590500,0.205,0.001,0.794
591000,0.432,0.000,0.568
591500,0.149,0.000,0.851
592000,0.298,0.000,0.702
592500,0.337,0.000,0.663
593000,0.232,0.000,0.768
593500,0.368,0.000,0.632
594000,0.242,0.000,0.758
594500,0.210,0.000,0.790
595000,0.222,0.000,0.778
595500,0.335,0.000,0.665
596000,0.338,0.000,0.662
596500,0.299,0.000,0.701
597000,0.359,0.000,0.641
597500,0.315,0.000,0.685
598000,0.373,0.000,0.627
598500,0.405,0.000,0.595
599000,0.242,0.000,0.758
599500,0.253,0.000,0.747
600000,0.339,0.000,0.661
600500,0.296,0.000,0.704
601000,0.286,0.000,0.714
601500,0.234,0.000,0.766
602000,0.279,0.000,0.721
602500,0.359,0.000,0.641
603000,0.166,0.000,0.834
603500,0.256,0.000,0.744
604000,0.240,0.000,0.760
604500,0.235,0.000,0.765
605000,0.280,0.000,0.720
605500,0.377,0.000,0.623
606000,0.228,0.000,0.772
606500,0.254,0.000,0.746
607000,0.344,0.000,0.656
607500,0.209,0.000,0.791
608000,0.208,0.000,0.792
608500,0.292,0.000,0.708
609000,0.274,0.000,0.726
609500,0.211,0.000,0.789
610000,0.308,0.000,0.692
610500,0.411,0.000,0.589
611000,0.443,0.000,0.557
611500,0.218,0.000,0.782
612000,0.283,0.000,0.717
612500,0.310,0.000,0.690
613000,0.247,0.001,0.752
613500,0.257,0.000,0.743
614000,0.169,0.000,0.831
614500,0.322,0.000,0.678
615000,0.299,0.000,0.701
615500,0.325,0.000,0.675
616000,0.409,0.000,0.591
616500,0.335,0.000,0.665
617000,0.212,0.000,0.788
617500,0.311,0.000,0.689
618000,0.208,0.000,0.792
618500,0.176,0.000,0.824
619000,0.317,0.000,0.683
619500,0.312,0.000,0.688
620000,0.234,0.000,0.766
620500,0.341,0.000,0.659
621000,0.306,0.000,0.694
621500,0.223,0.000,0.777
622000,0.266,0.000,0.734
622500,0.200,0.000,0.800
623000,0.270,0.000,0.730
623500,0.278,0.000,0.722
624000,0.340,0.000,0.660
624500,0.223,0.000,0.777
625000,0.224,0.000,0.776
625500,0.259,0.000,0.741
626000,0.207,0.000,0.793
626500,0.230,0.000,0.770
627000,0.300,0.000,0.700
627500,0.176,0.000,0.824
628000,0.364,0.000,0.636
628500,0.305,0.000,0.695
629000,0.230,0.000,0.770
629500,0.238,0.000,0.762
630000,0.320,0.000,0.680
630500,0.244,0.000,0.756
631000,0.266,0.000,0.734
631500,0.247,0.000,0.753
632000,0.286,0.001,0.713
632500,0.286,0.000,0.714
633000,0.262,0.000,0.738
633500,0.269,0.000,0.731
634000,0.324,0.000,0.676
634500,0.311,0.000,0.689
635000,0.255,0.000,0.745
635500,0.408,0.000,0.592
636000,0.237,0.000,0.763
636500,0.340,0.000,0.660
637000,0.291,0.000,0.709
637500,0.086,0.039,0.875
638000,0.333,0.000,0.667
638500,0.307,0.000,0.693
639000,0.339,0.000,0.661
639500,0.180,0.000,0.820
640000,0.364,0.000,0.636
640500,0.306,0.000,0.694
641000,0.247,0.000,0.753
641500,0.240,0.000,0.760
642000,0.360,0.000,0.640
642500,0.329,0.000,0.671
643000,0.276,0.000,0.724
643500,0.434,0.000,0.566
644000,0.287,0.000,0.713
644500,0.266,0.000,0.734
645000,0.302,0.000,0.698
645500,0.436,0.000,0.564
646000,0.331,0.000,0.669
646500,0.314,0.000,0.686
647000,0.257,0.000,0.743
647500,0.273,0.000,0.727
648000,0.191,0.000,0.809
648500,0.309,0.000,0.691
649000,0.306,0.000,0.694
649500,0.240,0.000,0.760
650000,0.241,0.000,0.759
650500,0.340,0.000,0.660
651000,0.295,0.000,0.705
651500,0.250,0.000,0.750
652000,0.300,0.000,0.700
652500,0.261,0.000,0.739
653000,0.303,0.000,0.697
653500,0.223,0.000,0.777
654000,0.202,0.000,0.798
654500,0.241,0.000,0.759
655000,0.248,0.000,0.752
655500,0.268,0.000,0.732
656000,0.266,0.000,0.734
656500,0.349,0.000,0.651
657000,0.119,0.042,0.839
657500,0.254,0.000,0.746
658000,0.201,0.000,0.799
658500,0.331,0.000,0.669
659000,0.305,0.000,0.695
659500,0.212,0.000,0.788
660000,0.298,0.000,0.702
660500,0.319,0.000,0.681
661000,0.278,0.000,0.722
661500,0.331,0.000,0.669
662000,0.303,0.000,0.697
662500,0.311,0.000,0.689
663000,0.259,0.000,0.741
663500,0.289,0.000,0.711
664000,0.274,0.000,0.726
664500,0.275,0.000,0.725
665000,0.241,0.000,0.759
665500,0.216,0.000,0.784
666000,0.310,0.000,0.690
666500,0.360,0.000,0.640
667000,0.300,0.000,0.700
667500,0.314,0.000,0.686
668000,0.374,0.000,0.626
668500,0.250,0.000,0.750
669000,0.176,0.022,0.802
669500,0.220,0.000,0.780
670000,0.139,0.009,0.852
670500,0.189,0.000,0.811
671000,0.203,0.007,0.790
671500,0.246,0.000,0.754
672000,0.355,0.000,0.645
672500,0.273,0.000,0.727
673000,0.234,0.000,0.766
673500,0.341,0.000,0.659
674000,0.363,0.000,0.637
674500,0.096,0.000,0.904
675000,0.301,0.000,0.699
675500,0.219,0.000,0.781
676000,0.239,0.000,0.761
676500,0.256,0.000,0.744
677000,0.312,0.000,0.688
677500,0.442,0.000,0.558
678000,0.236,0.000,0.764
678500,0.145,0.014,0.841
679000,0.291,0.000,0.709
679500,0.345,0.000,0.655
680000,0.382,0.000,0.618
680500,0.283,0.000,0.717
681000,0.330,0.000,0.670
681500,0.293,0.000,0.707
682000,0.224,0.000,0.776
682500,0.282,0.000,0.718
683000,0.263,0.000,0.737
683500,0.192,0.000,0.808
684000,0.321,0.000,0.679
684500,0.314,0.000,0.686
685000,0.303,0.000,0.697
685500,0.225,0.000,0.775
686000,0.211,0.000,0.789
686500,0.236,0.000,0.764
687000,0.302,0.000,0.698
687500,0.374,0.000,0.626
688000,0.271,0.000,0.729
688500,0.308,0.000,0.692
689000,0.260,0.000,0.740
689500,0.331,0.000,0.669
690000,0.193,0.000,0.807
690500,0.397,0.000,0.603
691000,0.301,0.000,0.699
691500,0.220,0.000,0.780
692000,0.277,0.000,0.723
692500,0.247,0.000,0.753
693000,0.247,0.000,0.753
693500,0.320,0.000,0.680
694000,0.362,0.000,0.638
694500,0.384,0.000,0.616
695000,0.152,0.000,0.848
695500,0.246,0.000,0.754
696000,0.281,0.000,0.719
696500,0.282,0.000,0.718
697000,0.276,0.000,0.724
697500,0.291,0.000,0.709
698000,0.282,0.000,0.718
698500,0.365,0.000,0.635
699000,0.245,0.000,0.755
699500,0.184,0.000,0.816
700000,0.243,0.000,0.757
700500,0.221,0.000,0.779
701000,0.373,0.000,0.627
701500,0.412,0.000,0.588
702000,0.253,0.000,0.747
702500,0.223,0.000,0.777
703000,0.221,0.000,0.779
703500,0.308,0.000,0.692
704000,0.199,0.000,0.801
704500,0.315,0.000,0.685
705000,0.243,0.000,0.757
705500,0.276,0.000,0.724
706000,0.251,0.000,0.749
706500,0.143,0.019,0.838
707000,0.214,0.000,0.786
707500,0.371,0.000,0.629
708000,0.347,0.000,0.653
708500,0.380,0.000,0.620
709000,0.220,0.000,0.780
709500,0.174,0.000,0.826
710000,0.163,0.000,0.837
710500,0.199,0.000,0.801
711000,0.287,0.000,0.713
711500,0.308,0.000,0.692
712000,0.226,0.000,0.774
712500,0.240,0.000,0.760
713000,0.184,0.009,0.807
713500,0.300,0.000,0.700
714000,0.305,0.000,0.695
714500,0.429,0.000,0.571
715000,0.248,0.000,0.752
715500,0.380,0.000,0.620
716000,0.258,0.000,0.742
716500,0.210,0.000,0.790
717000,0.427,0.000,0.573
717500,0.319,0.000,0.681
718000,0.328,0.000,0.672
718500,0.355,0.000,0.645
719000,0.220,0.000,0.780
719500,0.196,0.000,0.804
720000,0.210,0.000,0.790
720500,0.239,0.000,0.761
721000,0.365,0.000,0.635
721500,0.313,0.000,0.687
722000,0.181,0.000,0.819
722500,0.247,0.001,0.752
723000,0.231,0.000,0.769
723500,0.352,0.000,0.648
724000,0.201,0.000,0.799
724500,0.377,0.000,0.623
725000,0.284,0.000,0.716
725500,0.265,0.000,0.735
726000,0.369,0.000,0.631
726500,0.289,0.000,0.711
727000,0.200,0.000,0.800
727500,0.208,0.000,0.792
728000,0.324,0.000,0.676
728500,0.175,0.000,0.825
729000,0.226,0.000,0.774
729500,0.227,0.000,0.773
730000,0.171,0.000,0.829
730500,0.332,0.000,0.668
731000,0.353,0.000,0.647
731500,0.351,0.000,0.649
732000,0.319,0.000,0.681
732500,0.298,0.000,0.702
733000,0.232,0.000,0.768
733500,0.236,0.000,0.764
734000,0.236,0.000,0.764
734500,0.387,0.000,0.613
735000,0.215,0.000,0.785
735500,0.271,0.000,0.729
736000,0.261,0.000,0.739
736500,0.339,0.000,0.661
737000,0.278,0.000,0.722
737500,0.214,0.000,0.786
738000,0.314,0.000,0.686
738500,0.302,0.000,0.698
739000,0.239,0.000,0.761
739500,0.250,0.000,0.750
740000,0.334,0.000,0.666
740500,0.245,0.000,0.755
741000,0.309,0.000,0.691
741500,0.212,0.006,0.782
742000,0.440,0.000,0.560
742500,0.235,0.000,0.765
743000,0.324,0.000,0.676
743500,0.239,0.000,0.761
744000,0.348,0.000,0.652
744500,0.186,0.000,0.814
745000,0.266,0.000,0.734
745500,0.271,0.000,0.729
746000,0.293,0.000,0.707
746500,0.436,0.000,0.564
747000,0.348,0.000,0.652
747500,0.367,0.000,0.633
748000,0.242,0.000,0.758
748500,0.312,0.000,0.688
749000,0.277,0.000,0.723
749500,0.262,0.000,0.738
750000,0.352,0.000,0.648
750500,0.381,0.000,0.619
751000,0.242,0.000,0.758
751500,0.313,0.000,0.687
752000,0.327,0.000,0.673
752500,0.292,0.000,0.708
753000,0.315,0.000,0.685
753500,0.326,0.000,0.674
754000,0.218,0.000,0.782
754500,0.292,0.000,0.708
755000,0.370,0.000,0.630
755500,0.322,0.000,0.678
756000,0.254,0.000,0.746
756500,0.383,0.000,0.617
757000,0.203,0.000,0.797
757500,0.283,0.000,0.717
758000,0.263,0.000,0.737
758500,0.397,0.000,0.603
759000,0.269,0.000,0.731
759500,0.230,0.000,0.770
760000,0.332,0.000,0.668
760500,0.273,0.000,0.727
761000,0.347,0.000,0.653
761500,0.319,0.000,0.681
762000,0.310,0.000,0.690
762500,0.130,0.000,0.870
763000,0.296,0.000,0.704
763500,0.331,0.000,0.669
764000,0.483,0.000,0.517
764500,0.250,0.000,0.750
765000,0.400,0.000,0.600
765500,0.302,0.000,0.698
766000,0.269,0.000,0.731
766500,0.281,0.000,0.719
767000,0.211,0.000,0.789
767500,0.311,0.000,0.689
768000,0.217,0.000,0.783
768500,0.329,0.000,0.671
769000,0.275,0.000,0.725
769500,0.202,0.000,0.798
770000,0.213,0.000,0.787
770500,0.292,0.000,0.708
771000,0.273,0.000,0.727
771500,0.322,0.000,0.678
772000,0.361,0.000,0.639
772500,0.275,0.000,0.725
773000,0.164,0.000,0.836
773500,0.177,0.000,0.823
774000,0.253,0.000,0.747
774500,0.250,0.000,0.750
775000,0.199,0.000,0.801
775500,0.427,0.000,0.573
776000,0.223,0.000,0.777
776500,0.294,0.000,0.706
777000,0.242,0.000,0.758
777500,0.350,0.000,0.650
778000,0.261,0.000,0.739
778500,0.353,0.000,0.647
779000,0.412,0.000,0.588
779500,0.331,0.000,0.669
780000,0.358,0.000,0.642
780500,0.270,0.000,0.730
781000,0.263,0.000,0.737
781500,0.345,0.000,0.655
782000,0.340,0.000,0.660
782500,0.197,0.000,0.803
783000,0.288,0.000,0.712
783500,0.331,0.000,0.669
784000,0.393,0.000,0.607
784500,0.229,0.000,0.771
785000,0.321,0.000,0.679
785500,0.231,0.000,0.769
786000,0.222,0.000,0.778
786500,0.337,0.000,0.663
787000,0.300,0.000,0.700
787500,0.228,0.001,0.771
788000,0.340,0.000,0.660
788500,0.259,0.000,0.741
789000,0.254,0.000,0.746
789500,0.295,0.000,0.705
790000,0.204,0.000,0.796
790500,0.204,0.000,0.796
791000,0.325,0.001,0.674
791500,0.247,0.000,0.753
792000,0.279,0.000,0.721
792500,0.281,0.000,0.719
793000,0.321,0.000,0.679
793500,0.307,0.000,0.693
794000,0.300,0.000,0.700
794500,0.267,0.000,0.733
795000,0.292,0.000,0.708
795500,0.174,0.000,0.826
796000,0.313,0.000,0.687
796500,0.164,0.002,0.834
797000,0.189,0.001,0.810
797500,0.137,0.000,0.863
798000,0.254,0.000,0.746
798500,0.265,0.000,0.735
799000,0.375,0.000,0.625
799500,0.290,0.000,0.710
800000,0.290,0.000,0.710
800500,0.211,0.000,0.789
801000,0.282,0.000,0.718
801500,0.270,0.000,0.730
802000,0.273,0.000,0.727
802500,0.281,0.000,0.719
803000,0.309,0.000,0.691
803500,0.235,0.000,0.765
804000,0.226,0.000,0.774
804500,0.289,0.000,0.711
805000,0.290,0.000,0.710
805500,0.126,0.000,0.874
806000,0.248,0.000,0.752
806500,0.251,0.000,0.749
807000,0.371,0.000,0.629
807500,0.242,0.000,0.758
808000,0.201,0.000,0.799
808500,0.278,0.000,0.722
809000,0.497,0.000,0.503
809500,0.143,0.025,0.832
810000,0.188,0.000,0.812
810500,0.276,0.000,0.724
811000,0.278,0.000,0.722
811500,0.360,0.000,0.640
812000,0.277,0.000,0.723
812500,0.282,0.000,0.718
813000,0.265,0.000,0.735
813500,0.233,0.000,0.767
814000,0.331,0.000,0.669
814500,0.243,0.000,0.757
815000,0.360,0.000,0.640
815500,0.258,0.000,0.742
816000,0.191,0.000,0.809
816500,0.371,0.000,0.629
817000,0.282,0.000,0.718
817500,0.218,0.000,0.782
818000,0.304,0.000,0.696
818500,0.276,0.000,0.724
819000,0.295,0.000,0.705
819500,0.206,0.000,0.794
820000,0.440,0.000,0.560
820500,0.339,0.000,0.661
821000,0.311,0.000,0.689
821500,0.358,0.000,0.642
822000,0.330,0.000,0.670
822500,0.373,0.000,0.627
823000,0.281,0.000,0.719
823500,0.291,0.000,0.709
824000,0.200,0.000,0.800
824500,0.333,0.000,0.667
825000,0.382,0.000,0.618
825500,0.321,0.000,0.679
826000,0.226,0.000,0.774
826500,0.274,0.000,0.726
827000,0.330,0.000,0.670
827500,0.296,0.000,0.704
828000,0.322,0.000,0.678
828500,0.277,0.000,0.723
829000,0.284,0.000,0.716
829500,0.267,0.000,0.733
830000,0.218,0.000,0.782
830500,0.249,0.000,0.751
831000,0.263,0.000,0.737
831500,0.255,0.000,0.745
832000,0.245,0.000,0.755
832500,0.301,0.000,0.699
833000,0.317,0.000,0.683
833500,0.254,0.000,0.746
834000,0.220,0.000,0.780
834500,0.263,0.000,0.737
835000,0.358,0.000,0.642
835500,0.220,0.000,0.780
836000,0.273,0.000,0.727
836500,0.185,0.000,0.815
837000,0.263,0.000,0.737
837500,0.186,0.000,0.814
838000,0.240,0.000,0.760
838500,0.247,0.000,0.753
839000,0.380,0.000,0.620
839500,0.220,0.000,0.780
840000,0.229,0.000,0.771
840500,0.317,0.000,0.683
841000,0.270,0.000,0.730
841500,0.212,0.000,0.788
842000,0.273,0.000,0.727
842500,0.283,0.000,0.717
843000,0.263,0.000,0.737
843500,0.263,0.000,0.737
844000,0.192,0.000,0.808
844500,0.185,0.000,0.815
845000,0.302,0.000,0.698
845500,0.254,0.000,0.746
846000,0.298,0.000,0.702
846500,0.402,0.000,0.598
847000,0.216,0.000,0.784
847500,0.203,0.000,0.797
848000,0.426,0.000,0.574
848500,0.324,0.000,0.676
849000,0.262,0.000,0.738
849500,0.433,0.000,0.567
850000,0.367,0.000,0.633
850500,0.215,0.000,0.785
851000,0.234,0.008,0.758
851500,0.432,0.000,0.568
852000,0.207,0.000,0.793
852500,0.192,0.000,0.808
853000,0.241,0.000,0.759
853500,0.280,0.000,0.720
854000,0.307,0.000,0.693
854500,0.290,0.000,0.710
855000,0.492,0.000,0.508
855500,0.274,0.000,0.726
856000,0.299,0.000,0.701
856500,0.290,0.000,0.710
857000,0.359,0.000,0.641
857500,0.198,0.000,0.802
858000,0.307,0.000,0.693
858500,0.267,0.000,0.733
859000,0.341,0.000,0.659
859500,0.236,0.000,0.764
860000,0.211,0.000,0.789
860500,0.343,0.000,0.657
861000,0.262,0.000,0.738
861500,0.273,0.000,0.727
862000,0.268,0.000,0.732
862500,0.308,0.000,0.692
863000,0.336,0.000,0.664
863500,0.262,0.000,0.738
864000,0.268,0.000,0.732
864500,0.292,0.000,0.708
865000,0.222,0.000,0.778
865500,0.261,0.001,0.738
866000,0.168,0.002,0.830
866500,0.150,0.000,0.850
867000,0.291,0.000,0.709
867500,0.324,0.000,0.676
868000,0.230,0.000,0.770
868500,0.215,0.019,0.766
869000,0.156,0.000,0.844
869500,0.200,0.000,0.800
870000,0.354,0.000,0.646
870500,0.321,0.000,0.679
871000,0.222,0.000,0.778
871500,0.224,0.000,0.776
872000,0.219,0.000,0.781
872500,0.338,0.000,0.662
873000,0.224,0.000,0.776
873500,0.412,0.000,0.588
874000,0.451,0.000,0.549
874500,0.233,0.000,0.767
875000,0.343,0.000,0.657
875500,0.115,0.030,0.855
876000,0.228,0.000,0.772
876500,0.419,0.000,0.581
877000,0.256,0.000,0.744
877500,0.292,0.000,0.708
878000,0.231,0.000,0.769
878500,0.333,0.000,0.667
879000,0.274,0.000,0.726
879500,0.200,0.000,0.800
880000,0.295,0.000,0.705
880500,0.294,0.000,0.706
881000,0.300,0.000,0.700
881500,0.189,0.000,0.811
882000,0.156,0.003,0.841
882500,0.208,0.000,0.792
883000,0.256,0.000,0.744
883500,0.363,0.000,0.637
884000,0.201,0.000,0.799
884500,0.249,0.000,0.751
885000,0.388,0.000,0.612
885500,0.271,0.000,0.729
886000,0.247,0.000,0.753
886500,0.329,0.000,0.671
887000,0.354,0.000,0.646
887500,0.380,0.000,0.620
888000,0.195,0.000,0.805
888500,0.316,0.000,0.684
889000,0.360,0.000,0.640
889500,0.296,0.000,0.704
890000,0.213,0.015,0.772
890500,0.312,0.000,0.688
891000,0.345,0.000,0.655
891500,0.233,0.006,0.761
892000,0.263,0.000,0.737
892500,0.236,0.000,0.764
893000,0.333,0.000,0.667
893500,0.282,0.000,0.718
894000,0.275,0.000,0.725
894500,0.220,0.000,0.780
895000,0.307,0.000,0.693
895500,0.208,0.000,0.792
896000,0.284,0.000,0.716
896500,0.193,0.000,0.807
897000,0.224,0.000,0.776
897500,0.420,0.000,0.580
898000,0.280,0.000,0.720
898500,0.406,0.000,0.594
899000,0.308,0.000,0.692
899500,0.268,0.000,0.732
900000,0.291,0.000,0.709
900500,0.400,0.000,0.600
901000,0.366,0.000,0.634
901500,0.233,0.000,0.767
902000,0.246,0.000,0.754
902500,0.258,0.000,0.742
903000,0.380,0.000,0.620
903500,0.361,0.000,0.639
904000,0.271,0.000,0.729
904500,0.318,0.000,0.682
905000,0.208,0.000,0.792
905500,0.310,0.000,0.690
906000,0.314,0.000,0.686
906500,0.348,0.000,0.652
907000,0.236,0.000,0.764
907500,0.385,0.000,0.615
908000,0.289,0.000,0.711
908500,0.251,0.000,0.749
909000,0.279,0.000,0.721
909500,0.330,0.000,0.670
910000,0.374,0.000,0.626
910500,0.328,0.000,0.672
911000,0.424,0.000,0.576
911500,0.255,0.000,0.745
912000,0.294,0.000,0.706
912500,0.339,0.000,0.661
913000,0.320,0.000,0.680
913500,0.303,0.000,0.697
914000,0.335,0.000,0.665
914500,0.275,0.000,0.725
915000,0.283,0.000,0.717
915500,0.236,0.000,0.764
916000,0.296,0.000,0.704
916500,0.308,0.000,0.692
917000,0.183,0.000,0.817
917500,0.147,0.005,0.848
918000,0.205,0.000,0.795
918500,0.230,0.000,0.770
919000,0.279,0.000,0.721
919500,0.315,0.000,0.685
920000,0.252,0.000,0.748
920500,0.315,0.000,0.685
921000,0.303,0.000,0.697
921500,0.316,0.000,0.684
922000,0.173,0.000,0.827
922500,0.149,0.000,0.851
923000,0.201,0.000,0.799
923500,0.388,0.000,0.612
924000,0.292,0.000,0.708
924500,0.300,0.000,0.700
925000,0.212,0.000,0.788
925500,0.343,0.000,0.657
926000,0.365,0.000,0.635
926500,0.246,0.000,0.754
927000,0.223,0.000,0.777
927500,0.170,0.000,0.830
928000,0.214,0.000,0.786
928500,0.312,0.000,0.688
929000,0.239,0.000,0.761
929500,0.308,0.000,0.692
930000,0.319,0.000,0.681
930500,0.263,0.000,0.737
931000,0.317,0.000,0.683
931500,0.179,0.000,0.821
932000,0.268,0.000,0.732
932500,0.208,0.002,0.790
933000,0.199,0.000,0.801
933500,0.253,0.000,0.747
934000,0.276,0.000,0.724
934500,0.180,0.000,0.820
935000,0.204,0.000,0.796
935500,0.233,0.000,0.767
936000,0.258,0.000,0.742
936500,0.214,0.000,0.786
937000,0.245,0.000,0.755
937500,0.240,0.000,0.760
938000,0.327,0.000,0.673
938500,0.362,0.000,0.638
939000,0.222,0.000,0.778
939500,0.220,0.000,0.780
940000,0.343,0.000,0.657
940500,0.289,0.000,0.711
941000,0.386,0.000,0.614
941500,0.269,0.000,0.731
942000,0.279,0.000,0.721
942500,0.248,0.000,0.752
943000,0.288,0.000,0.712
943500,0.398,0.000,0.602
944000,0.281,0.000,0.719
944500,0.304,0.000,0.696
945000,0.231,0.000,0.769
945500,0.297,0.000,0.703
946000,0.332,0.000,0.668
946500,0.297,0.000,0.703
947000,0.193,0.000,0.807
947500,0.287,0.000,0.713
948000,0.258,0.000,0.742
948500,0.198,0.000,0.802
949000,0.389,0.001,0.610
949500,0.350,0.000,0.650
950000,0.297,0.000,0.703
950500,0.277,0.000,0.723
951000,0.274,0.000,0.726
951500,0.279,0.000,0.721
952000,0.253,0.000,0.747
952500,0.213,0.000,0.787
953000,0.462,0.000,0.538
953500,0.276,0.000,0.724
954000,0.213,0.000,0.787
954500,0.232,0.000,0.768
955000,0.263,0.000,0.737
955500,0.383,0.000,0.617
956000,0.263,0.000,0.737
956500,0.238,0.000,0.762
957000,0.338,0.000,0.662
957500,0.322,0.000,0.678
958000,0.255,0.000,0.745
958500,0.317,0.000,0.683
959000,0.269,0.000,0.731
959500,0.225,0.000,0.775
960000,0.266,0.000,0.734
960500,0.245,0.000,0.755
961000,0.225,0.000,0.775
961500,0.271,0.000,0.729
962000,0.470,0.000,0.530
962500,0.324,0.000,0.676
963000,0.213,0.000,0.787
963500,0.293,0.000,0.707
964000,0.396,0.000,0.604
964500,0.270,0.000,0.730
965000,0.361,0.000,0.639
965500,0.237,0.000,0.763
966000,0.288,0.000,0.712
966500,0.281,0.000,0.719
967000,0.314,0.000,0.686
967500,0.348,0.000,0.652
968000,0.370,0.000,0.630
968500,0.275,0.000,0.725
969000,0.273,0.000,0.727
969500,0.320,0.000,0.680
970000,0.224,0.000,0.776
970500,0.297,0.000,0.703
971000,0.235,0.000,0.765
971500,0.269,0.000,0.731
972000,0.262,0.000,0.738
972500,0.315,0.000,0.685
973000,0.273,0.000,0.727
973500,0.240,0.000,0.760
974000,0.410,0.000,0.590
974500,0.271,0.000,0.729
975000,0.264,0.000,0.736
975500,0.375,0.000,0.625
976000,0.245,0.000,0.755
976500,0.414,0.000,0.586
977000,0.262,0.000,0.738
977500,0.192,0.000,0.808
978000,0.235,0.000,0.765
978500,0.341,0.000,0.659
979000,0.298,0.000,0.702
979500,0.275,0.000,0.725
980000,0.291,0.000,0.709
980500,0.319,0.000,0.681
981000,0.264,0.000,0.736
981500,0.235,0.000,0.765
982000,0.144,0.000,0.856
982500,0.283,0.000,0.717
983000,0.236,0.000,0.764
983500,0.318,0.000,0.682
984000,0.301,0.000,0.699
984500,0.321,0.000,0.679
985000,0.283,0.000,0.717
985500,0.181,0.009,0.810
986000,0.210,0.000,0.790
986500,0.332,0.000,0.668
987000,0.282,0.000,0.718
987500,0.340,0.000,0.660
988000,0.268,0.000,0.732
988500,0.265,0.000,0.735
989000,0.171,0.000,0.829
989500,0.276,0.000,0.724
990000,0.284,0.000,0.716
990500,0.259,0.000,0.741
991000,0.152,0.000,0.848
991500,0.266,0.000,0.734
992000,0.351,0.000,0.649
992500,0.378,0.000,0.622
993000,0.352,0.000,0.648
993500,0.325,0.000,0.675
994000,0.258,0.000,0.742
994500,0.182,0.000,0.818
995000,0.228,0.000,0.772
995500,0.316,0.000,0.684
996000,0.163,0.023,0.814
996500,0.233,0.000,0.767
997000,0.190,0.000,0.810
997500,0.347,0.000,0.653
998000,0.328,0.000,0.672
998500,0.288,0.000,0.712
999000,0.226,0.000,0.774
999500,0.394,0.000,0.606
1000000,0.348,0.000,0.652
