time,n_A+p,n_B,n_AB
0,0.030,0.970,0.000
500,0.030,0.877,0.094
1000,0.031,0.777,0.192
1500,0.031,0.835,0.134
2000,0.030,0.821,0.150
2500,0.032,0.855,0.113
3000,0.031,0.863,0.106
3500,0.032,0.859,0.109
4000,0.031,0.834,0.135
4500,0.030,0.864,0.105
5000,0.030,0.846,0.123
5500,0.033,0.831,0.136
6000,0.031,0.843,0.126
6500,0.031,0.759,0.210
7000,0.033,0.808,0.159
7500,0.033,0.724,0.243
8000,0.033,0.774,0.193
8500,0.031,0.804,0.165
9000,0.030,0.805,0.165
9500,0.031,0.779,0.190
10000,0.031,0.733,0.236
10500,0.034,0.737,0.228
11000,0.033,0.765,0.203
11500,0.032,0.783,0.185
12000,0.033,0.810,0.157
12500,0.031,0.786,0.183
13000,0.030,0.749,0.222
13500,0.033,0.718,0.249
14000,0.031,0.754,0.214
14500,0.033,0.707,0.260
15000,0.034,0.728,0.238
15500,0.033,0.769,0.198
16000,0.032,0.789,0.179
16500,0.031,0.799,0.169
17000,0.031,0.800,0.169
17500,0.033,0.816,0.151
18000,0.033,0.785,0.182
18500,0.031,0.804,0.165
19000,0.033,0.839,0.128
19500,0.033,0.847,0.120
20000,0.031,0.836,0.133
20500,0.032,0.824,0.144
21000,0.034,0.838,0.129
21500,0.030,0.737,0.233
22000,0.032,0.756,0.212
22500,0.032,0.742,0.226
23000,0.032,0.765,0.203
23500,0.031,0.788,0.181
24000,0.032,0.792,0.176
24500,0.033,0.744,0.222
25000,0.037,0.708,0.255
25500,0.035,0.715,0.250
26000,0.035,0.738,0.227
26500,0.033,0.761,0.206
27000,0.033,0.784,0.183
27500,0.034,0.806,0.160
28000,0.033,0.811,0.155
28500,0.035,0.758,0.207
29000,0.033,0.771,0.196
29500,0.033,0.742,0.225
30000,0.035,0.782,0.183
30500,0.035,0.806,0.159
31000,0.033,0.802,0.166
31500,0.033,0.828,0.139
32000,0.036,0.761,0.203
32500,0.033,0.790,0.177
33000,0.033,0.785,0.183
33500,0.033,0.794,0.173
34000,0.032,0.774,0.194
34500,0.033,0.774,0.193
35000,0.033,0.776,0.191
35500,0.033,0.808,0.159
36000,0.033,0.794,0.173
36500,0.034,0.740,0.226
37000,0.033,0.729,0.237
37500,0.033,0.739,0.229
38000,0.034,0.673,0.293
38500,0.034,0.695,0.271
39000,0.037,0.657,0.306
39500,0.036,0.703,0.261
40000,0.036,0.725,0.240
40500,0.035,0.764,0.201
41000,0.033,0.797,0.170
41500,0.033,0.754,0.213
42000,0.035,0.774,0.192
42500,0.034,0.794,0.172
43000,0.031,0.729,0.239
43500,0.033,0.738,0.229
44000,0.033,0.710,0.257
44500,0.033,0.706,0.261
45000,0.034,0.657,0.309
45500,0.033,0.707,0.260
46000,0.036,0.647,0.317
46500,0.039,0.641,0.320
47000,0.036,0.603,0.361
47500,0.038,0.620,0.342
48000,0.040,0.672,0.289
48500,0.036,0.702,0.263
49000,0.036,0.700,0.264
49500,0.036,0.734,0.230
50000,0.033,0.749,0.218
50500,0.031,0.783,0.185
51000,0.031,0.814,0.154
51500,0.030,0.803,0.168
52000,0.030,0.814,0.157
52500,0.031,0.814,0.155
53000,0.030,0.836,0.134
53500,0.031,0.814,0.155
54000,0.036,0.730,0.235
54500,0.031,0.761,0.207
55000,0.034,0.754,0.212
55500,0.033,0.724,0.243
56000,0.034,0.804,0.162
56500,0.031,0.775,0.194
57000,0.033,0.737,0.229
57500,0.031,0.739,0.231
58000,0.032,0.732,0.236
58500,0.033,0.776,0.190
59000,0.030,0.768,0.201
59500,0.033,0.763,0.204
60000,0.031,0.757,0.211
60500,0.030,0.764,0.206
61000,0.030,0.794,0.176
61500,0.031,0.817,0.152
62000,0.032,0.754,0.214
62500,0.032,0.745,0.223
63000,0.031,0.805,0.164
63500,0.033,0.795,0.173
64000,0.034,0.795,0.171
64500,0.034,0.782,0.184
65000,0.033,0.798,0.169
65500,0.032,0.803,0.165
66000,0.032,0.782,0.186
66500,0.031,0.783,0.186
67000,0.031,0.802,0.167
67500,0.030,0.795,0.176
68000,0.031,0.840,0.129
68500,0.030,0.804,0.166
69000,0.031,0.802,0.166
69500,0.030,0.810,0.159
70000,0.030,0.831,0.139
70500,0.030,0.805,0.165
71000,0.031,0.763,0.207
71500,0.034,0.779,0.187
72000,0.031,0.735,0.234
72500,0.032,0.697,0.271
73000,0.031,0.729,0.239
73500,0.032,0.697,0.271
74000,0.034,0.726,0.240
74500,0.034,0.739,0.227
75000,0.032,0.728,0.240
75500,0.034,0.714,0.252
76000,0.036,0.703,0.261
76500,0.034,0.793,0.173
77000,0.036,0.763,0.201
77500,0.034,0.754,0.212
78000,0.033,0.772,0.195
78500,0.030,0.803,0.166
79000,0.033,0.763,0.205
79500,0.031,0.811,0.158
80000,0.030,0.836,0.134
80500,0.031,0.805,0.164
81000,0.032,0.820,0.148
81500,0.030,0.815,0.154
82000,0.030,0.842,0.128
82500,0.030,0.859,0.111
83000,0.034,0.770,0.196
83500,0.033,0.740,0.226
84000,0.031,0.759,0.210
84500,0.033,0.765,0.202
85000,0.035,0.681,0.284
85500,0.037,0.705,0.257
86000,0.034,0.694,0.272
86500,0.032,0.741,0.227
87000,0.033,0.717,0.250
87500,0.034,0.718,0.249
88000,0.035,0.693,0.272
88500,0.032,0.716,0.252
89000,0.032,0.727,0.241
89500,0.034,0.744,0.221
90000,0.030,0.739,0.231
90500,0.035,0.746,0.219
91000,0.034,0.704,0.262
91500,0.034,0.770,0.196
92000,0.032,0.773,0.195
92500,0.034,0.750,0.215
93000,0.033,0.757,0.210
93500,0.031,0.783,0.185
94000,0.031,0.786,0.182
94500,0.031,0.780,0.189
95000,0.032,0.791,0.177
95500,0.031,0.797,0.171
96000,0.032,0.785,0.183
96500,0.031,0.790,0.178
97000,0.033,0.768,0.199
97500,0.041,0.687,0.272
98000,0.034,0.751,0.215
98500,0.034,0.811,0.155
99000,0.033,0.736,0.231
99500,0.033,0.722,0.244
100000,0.033,0.792,0.176
100500,0.034,0.778,0.188
101000,0.033,0.786,0.180
101500,0.036,0.759,0.205
102000,0.037,0.721,0.243
102500,0.034,0.744,0.221
103000,0.036,0.718,0.246
103500,0.037,0.752,0.211
104000,0.035,0.733,0.232
104500,0.036,0.690,0.275
105000,0.036,0.717,0.247
105500,0.034,0.700,0.265
106000,0.038,0.720,0.242
106500,0.036,0.735,0.229
107000,0.034,0.675,0.291
107500,0.033,0.645,0.322
108000,0.032,0.682,0.286
108500,0.034,0.721,0.246
109000,0.031,0.757,0.211
109500,0.034,0.772,0.194
110000,0.034,0.740,0.226
110500,0.033,0.707,0.260
111000,0.031,0.746,0.222
111500,0.031,0.756,0.213
112000,0.035,0.771,0.194
112500,0.034,0.767,0.199
113000,0.033,0.751,0.217
113500,0.033,0.781,0.186
114000,0.034,0.790,0.176
114500,0.031,0.820,0.150
115000,0.031,0.799,0.170
115500,0.033,0.802,0.165
116000,0.031,0.811,0.158
116500,0.033,0.797,0.170
117000,0.032,0.784,0.184
117500,0.031,0.775,0.193
118000,0.031,0.764,0.205
118500,0.030,0.754,0.215
119000,0.032,0.771,0.197
119500,0.031,0.764,0.204
120000,0.034,0.708,0.258
120500,0.038,0.735,0.226
121000,0.034,0.744,0.222
121500,0.032,0.780,0.188
122000,0.033,0.805,0.162
122500,0.030,0.756,0.215
123000,0.031,0.764,0.204
123500,0.032,0.787,0.181
124000,0.031,0.768,0.200
124500,0.035,0.712,0.253
125000,0.036,0.733,0.231
125500,0.034,0.721,0.245
126000,0.036,0.688,0.276
126500,0.031,0.694,0.275
127000,0.032,0.718,0.250
127500,0.031,0.771,0.197
128000,0.034,0.715,0.250
128500,0.031,0.772,0.197
129000,0.031,0.769,0.200
129500,0.032,0.825,0.143
130000,0.030,0.818,0.151
130500,0.030,0.828,0.142
131000,0.032,0.805,0.163
131500,0.030,0.809,0.161
132000,0.031,0.771,0.197
132500,0.031,0.789,0.180
133000,0.030,0.808,0.162
133500,0.031,0.808,0.160
134000,0.031,0.821,0.148
134500,0.031,0.802,0.167
135000,0.033,0.775,0.192
135500,0.032,0.793,0.175
136000,0.032,0.782,0.186
136500,0.034,0.761,0.205
137000,0.033,0.767,0.200
137500,0.033,0.788,0.179
138000,0.031,0.820,0.149
138500,0.031,0.789,0.180
139000,0.032,0.787,0.181
139500,0.031,0.804,0.165
140000,0.033,0.832,0.135
140500,0.032,0.824,0.144
141000,0.031,0.834,0.136
141500,0.030,0.837,0.133
142000,0.031,0.840,0.129
142500,0.034,0.787,0.179
143000,0.034,0.769,0.197
143500,0.030,0.841,0.129
144000,0.030,0.749,0.221
144500,0.032,0.752,0.216
145000,0.032,0.786,0.182
145500,0.036,0.751,0.212
146000,0.033,0.755,0.212
146500,0.034,0.775,0.190
147000,0.031,0.809,0.159
147500,0.030,0.781,0.190
148000,0.031,0.789,0.180
148500,0.030,0.786,0.185
149000,0.033,0.753,0.214
149500,0.033,0.737,0.230
150000,0.033,0.728,0.239
150500,0.031,0.733,0.235
151000,0.033,0.737,0.231
151500,0.034,0.765,0.200
152000,0.036,0.742,0.222
152500,0.033,0.721,0.246
153000,0.041,0.680,0.279
153500,0.038,0.665,0.296
154000,0.033,0.712,0.255
154500,0.031,0.728,0.242
155000,0.034,0.716,0.250
155500,0.033,0.765,0.202
156000,0.033,0.806,0.161
156500,0.033,0.791,0.176
157000,0.038,0.711,0.250
157500,0.036,0.728,0.236
158000,0.034,0.769,0.197
158500,0.034,0.795,0.171
159000,0.034,0.777,0.189
159500,0.034,0.754,0.212
160000,0.034,0.743,0.224
160500,0.037,0.682,0.281
161000,0.034,0.692,0.274
161500,0.035,0.729,0.236
162000,0.035,0.709,0.256
162500,0.034,0.718,0.248
163000,0.034,0.716,0.250
163500,0.034,0.708,0.258
164000,0.037,0.732,0.232
164500,0.037,0.691,0.272
165000,0.032,0.779,0.189
165500,0.032,0.810,0.158
166000,0.031,0.790,0.179
166500,0.030,0.750,0.220
167000,0.034,0.684,0.282
167500,0.033,0.703,0.264
168000,0.034,0.750,0.217
168500,0.034,0.769,0.197
169000,0.033,0.735,0.232
169500,0.033,0.744,0.222
170000,0.033,0.806,0.162
170500,0.033,0.748,0.219
171000,0.034,0.698,0.268
171500,0.033,0.703,0.264
172000,0.034,0.731,0.235
172500,0.037,0.644,0.320
173000,0.035,0.655,0.310
173500,0.036,0.703,0.261
174000,0.032,0.717,0.251
174500,0.033,0.736,0.231
175000,0.034,0.744,0.222
175500,0.033,0.740,0.227
176000,0.037,0.733,0.230
176500,0.034,0.786,0.180
177000,0.032,0.754,0.214
177500,0.033,0.769,0.198
178000,0.034,0.796,0.170
178500,0.036,0.779,0.185
179000,0.036,0.732,0.232
179500,0.034,0.683,0.283
180000,0.033,0.744,0.222
180500,0.031,0.725,0.244
181000,0.031,0.782,0.187
181500,0.030,0.772,0.198
182000,0.031,0.762,0.207
182500,0.030,0.773,0.197
183000,0.032,0.781,0.187
183500,0.032,0.749,0.219
184000,0.034,0.746,0.220
184500,0.031,0.720,0.249
185000,0.031,0.736,0.233
185500,0.030,0.782,0.188
186000,0.032,0.769,0.198
186500,0.032,0.756,0.212
187000,0.033,0.714,0.253
187500,0.031,0.708,0.261
188000,0.034,0.713,0.253
188500,0.033,0.693,0.274
189000,0.036,0.696,0.268
189500,0.034,0.716,0.250
190000,0.035,0.727,0.238
190500,0.032,0.743,0.225
191000,0.031,0.742,0.226
191500,0.030,0.754,0.215
192000,0.034,0.709,0.257
192500,0.033,0.714,0.253
193000,0.032,0.700,0.268
193500,0.033,0.694,0.273
194000,0.035,0.698,0.267
194500,0.035,0.673,0.292
195000,0.046,0.641,0.313
195500,0.042,0.656,0.302
196000,0.039,0.673,0.288
196500,0.034,0.704,0.262
197000,0.036,0.701,0.263
197500,0.034,0.753,0.213
198000,0.034,0.720,0.246
198500,0.037,0.744,0.219
199000,0.034,0.749,0.217
199500,0.033,0.754,0.213
200000,0.036,0.756,0.208
200500,0.034,0.760,0.207
201000,0.033,0.787,0.180
201500,0.033,0.816,0.151
202000,0.032,0.816,0.152
202500,0.030,0.853,0.117
203000,0.033,0.831,0.136
203500,0.038,0.781,0.182
204000,0.033,0.781,0.186
204500,0.031,0.790,0.179
205000,0.032,0.809,0.159
205500,0.031,0.844,0.125
206000,0.033,0.878,0.090
206500,0.030,0.847,0.123
207000,0.031,0.813,0.157
207500,0.033,0.822,0.145
208000,0.032,0.809,0.159
208500,0.032,0.808,0.160
209000,0.031,0.823,0.146
209500,0.031,0.804,0.164
210000,0.030,0.761,0.209
210500,0.031,0.763,0.206
211000,0.030,0.778,0.192
211500,0.031,0.764,0.205
212000,0.034,0.738,0.228
212500,0.037,0.808,0.155
213000,0.033,0.842,0.126
213500,0.032,0.775,0.193
214000,0.033,0.787,0.180
214500,0.030,0.801,0.169
215000,0.033,0.787,0.180
215500,0.036,0.797,0.167
216000,0.033,0.765,0.203
216500,0.032,0.796,0.172
217000,0.031,0.785,0.183
217500,0.031,0.849,0.120
218000,0.033,0.792,0.176
218500,0.031,0.769,0.200
219000,0.034,0.771,0.195
219500,0.031,0.730,0.239
220000,0.032,0.735,0.233
220500,0.033,0.703,0.264
221000,0.034,0.658,0.307
221500,0.033,0.648,0.320
222000,0.034,0.676,0.290
222500,0.036,0.674,0.290
223000,0.034,0.727,0.239
223500,0.034,0.733,0.233
224000,0.034,0.735,0.232
224500,0.033,0.647,0.321
225000,0.032,0.754,0.214
225500,0.030,0.747,0.222
226000,0.030,0.731,0.239
226500,0.031,0.799,0.169
227000,0.030,0.759,0.211
227500,0.037,0.768,0.195
228000,0.032,0.792,0.176
228500,0.033,0.718,0.250
229000,0.033,0.753,0.214
229500,0.030,0.779,0.190
230000,0.032,0.766,0.202
230500,0.030,0.837,0.133
231000,0.031,0.789,0.179
231500,0.030,0.799,0.171
232000,0.031,0.832,0.137
232500,0.030,0.813,0.158
233000,0.031,0.788,0.180
233500,0.032,0.788,0.180
234000,0.034,0.781,0.185
234500,0.035,0.767,0.198
235000,0.031,0.797,0.171
235500,0.031,0.829,0.140
236000,0.031,0.849,0.119
236500,0.034,0.824,0.141
237000,0.033,0.820,0.147
237500,0.030,0.818,0.152
238000,0.030,0.835,0.134
238500,0.032,0.820,0.148
239000,0.033,0.791,0.176
239500,0.030,0.758,0.211
240000,0.033,0.807,0.159
240500,0.032,0.757,0.211
241000,0.031,0.808,0.161
241500,0.031,0.788,0.181
242000,0.032,0.754,0.214
242500,0.030,0.797,0.173
243000,0.030,0.779,0.190
243500,0.031,0.779,0.190
244000,0.033,0.737,0.230
244500,0.031,0.774,0.195
245000,0.031,0.808,0.160
245500,0.033,0.818,0.148
246000,0.030,0.871,0.099
246500,0.030,0.840,0.130
247000,0.030,0.859,0.111
247500,0.031,0.835,0.134
248000,0.030,0.843,0.126
248500,0.030,0.856,0.114
249000,0.031,0.817,0.152
249500,0.034,0.818,0.148
250000,0.031,0.832,0.137
250500,0.030,0.846,0.124
251000,0.034,0.751,0.215
251500,0.033,0.764,0.204
252000,0.034,0.737,0.229
252500,0.033,0.726,0.241
253000,0.034,0.697,0.268
253500,0.031,0.775,0.194
254000,0.032,0.770,0.198
254500,0.031,0.756,0.212
255000,0.034,0.728,0.238
255500,0.033,0.717,0.250
256000,0.031,0.736,0.232
256500,0.031,0.779,0.189
257000,0.033,0.732,0.235
257500,0.033,0.696,0.271
258000,0.035,0.722,0.243
258500,0.033,0.694,0.273
259000,0.030,0.739,0.231
259500,0.031,0.789,0.180
260000,0.032,0.812,0.156
260500,0.032,0.783,0.185
261000,0.031,0.756,0.212
261500,0.030,0.744,0.226
262000,0.031,0.796,0.172
262500,0.031,0.811,0.158
263000,0.030,0.808,0.162
263500,0.030,0.836,0.134
264000,0.031,0.776,0.193
264500,0.031,0.746,0.223
265000,0.031,0.747,0.222
265500,0.032,0.791,0.177
266000,0.030,0.785,0.185
266500,0.033,0.821,0.146
267000,0.030,0.846,0.124
267500,0.030,0.831,0.139
268000,0.031,0.818,0.151
268500,0.030,0.808,0.162
269000,0.031,0.780,0.189
269500,0.033,0.765,0.202
270000,0.030,0.795,0.175
270500,0.032,0.804,0.164
271000,0.034,0.737,0.228
271500,0.038,0.729,0.233
272000,0.034,0.722,0.244
272500,0.037,0.673,0.290
273000,0.037,0.699,0.264
273500,0.034,0.757,0.210
274000,0.037,0.690,0.273
274500,0.034,0.760,0.206
275000,0.033,0.728,0.239
275500,0.034,0.721,0.245
276000,0.033,0.645,0.322
276500,0.033,0.707,0.260
277000,0.032,0.731,0.237
277500,0.031,0.683,0.286
278000,0.035,0.696,0.269
278500,0.036,0.689,0.275
279000,0.033,0.732,0.235
279500,0.032,0.759,0.209
280000,0.033,0.738,0.229
280500,0.035,0.737,0.228
281000,0.034,0.742,0.225
281500,0.032,0.737,0.231
282000,0.031,0.731,0.237
282500,0.033,0.743,0.224
283000,0.033,0.778,0.190
283500,0.034,0.744,0.222
284000,0.033,0.757,0.210
284500,0.033,0.765,0.201
285000,0.033,0.788,0.179
285500,0.032,0.814,0.154
286000,0.030,0.785,0.185
286500,0.031,0.819,0.150
287000,0.031,0.769,0.200
287500,0.033,0.800,0.168
288000,0.033,0.738,0.229
288500,0.032,0.753,0.215
289000,0.033,0.747,0.221
289500,0.034,0.757,0.210
290000,0.034,0.742,0.224
290500,0.033,0.758,0.210
291000,0.033,0.779,0.188
291500,0.031,0.769,0.199
292000,0.031,0.786,0.183
292500,0.032,0.771,0.197
293000,0.034,0.752,0.214
293500,0.031,0.768,0.201
294000,0.030,0.764,0.205
294500,0.032,0.757,0.211
295000,0.031,0.754,0.214
295500,0.031,0.703,0.266
296000,0.031,0.725,0.244
296500,0.034,0.718,0.248
297000,0.035,0.767,0.198
297500,0.035,0.754,0.211
298000,0.034,0.746,0.221
298500,0.042,0.744,0.213
299000,0.035,0.704,0.261
299500,0.034,0.742,0.224
300000,0.033,0.772,0.194
300500,0.034,0.718,0.249
301000,0.034,0.748,0.218
301500,0.032,0.763,0.205
302000,0.032,0.770,0.198
302500,0.033,0.783,0.185
303000,0.031,0.796,0.173
303500,0.032,0.788,0.180
304000,0.031,0.803,0.166
304500,0.030,0.795,0.175
305000,0.036,0.755,0.209
305500,0.033,0.708,0.258
306000,0.031,0.773,0.196
306500,0.033,0.800,0.168
307000,0.031,0.783,0.185
307500,0.030,0.806,0.164
308000,0.031,0.755,0.214
308500,0.030,0.810,0.159
309000,0.031,0.817,0.152
309500,0.030,0.798,0.172
310000,0.031,0.783,0.186
310500,0.032,0.818,0.150
311000,0.033,0.750,0.217
311500,0.031,0.787,0.182
312000,0.031,0.805,0.164
312500,0.030,0.803,0.167
313000,0.031,0.776,0.193
313500,0.037,0.709,0.254
314000,0.034,0.756,0.210
314500,0.033,0.705,0.261
315000,0.033,0.746,0.222
315500,0.034,0.760,0.207
316000,0.041,0.784,0.175
316500,0.037,0.775,0.189
317000,0.031,0.804,0.164
317500,0.031,0.818,0.151
318000,0.031,0.826,0.143
318500,0.031,0.821,0.147
319000,0.033,0.814,0.153
319500,0.032,0.778,0.190
320000,0.036,0.757,0.207
320500,0.038,0.776,0.185
321000,0.035,0.782,0.183
321500,0.031,0.753,0.215
322000,0.034,0.773,0.193
322500,0.036,0.751,0.212
323000,0.032,0.782,0.186
323500,0.031,0.775,0.194
324000,0.031,0.813,0.157
324500,0.031,0.825,0.144
325000,0.032,0.801,0.167
325500,0.032,0.791,0.177
326000,0.033,0.793,0.175
326500,0.031,0.821,0.147
327000,0.031,0.807,0.162
327500,0.033,0.732,0.235
328000,0.034,0.733,0.233
328500,0.034,0.710,0.256
329000,0.032,0.739,0.229
329500,0.031,0.775,0.193
330000,0.033,0.742,0.225
330500,0.031,0.743,0.225
331000,0.031,0.803,0.166
331500,0.032,0.771,0.197
332000,0.032,0.772,0.196
332500,0.030,0.800,0.170
333000,0.034,0.769,0.197
333500,0.036,0.800,0.164
334000,0.031,0.842,0.126
334500,0.031,0.862,0.107
335000,0.032,0.842,0.126
335500,0.033,0.820,0.147
336000,0.036,0.736,0.229
336500,0.040,0.669,0.292
337000,0.041,0.702,0.257
337500,0.038,0.744,0.218
338000,0.035,0.774,0.191
338500,0.033,0.756,0.211
339000,0.034,0.756,0.210
339500,0.037,0.698,0.265
340000,0.037,0.678,0.285
340500,0.036,0.676,0.288
341000,0.034,0.687,0.279
341500,0.034,0.720,0.246
342000,0.033,0.780,0.187
342500,0.033,0.817,0.150
343000,0.034,0.797,0.169
343500,0.035,0.735,0.230
344000,0.035,0.749,0.217
344500,0.044,0.686,0.270
345000,0.048,0.638,0.314
345500,0.049,0.643,0.308
346000,0.054,0.651,0.295
346500,0.055,0.680,0.265
347000,0.059,0.664,0.276
347500,0.050,0.646,0.304
348000,0.042,0.703,0.255
348500,0.051,0.680,0.269
349000,0.052,0.652,0.296
349500,0.045,0.699,0.256
350000,0.044,0.654,0.303
350500,0.054,0.577,0.370
351000,0.050,0.599,0.351
351500,0.046,0.619,0.335
352000,0.047,0.582,0.371
352500,0.044,0.618,0.339
353000,0.038,0.636,0.326
353500,0.041,0.658,0.301
354000,0.035,0.640,0.325
354500,0.034,0.682,0.284
355000,0.034,0.689,0.278
355500,0.038,0.650,0.312
356000,0.033,0.681,0.286
356500,0.033,0.686,0.281
357000,0.032,0.665,0.303
357500,0.038,0.643,0.319
358000,0.033,0.706,0.261
358500,0.031,0.700,0.269
359000,0.033,0.721,0.247
359500,0.030,0.727,0.243
360000,0.033,0.749,0.218
360500,0.036,0.690,0.274
361000,0.032,0.746,0.222
361500,0.033,0.777,0.190
362000,0.036,0.771,0.194
362500,0.033,0.810,0.157
363000,0.036,0.763,0.201
363500,0.033,0.811,0.157
364000,0.039,0.788,0.173
364500,0.031,0.845,0.123
365000,0.031,0.829,0.139
365500,0.031,0.820,0.149
366000,0.035,0.779,0.186
366500,0.036,0.793,0.171
367000,0.035,0.809,0.156
367500,0.034,0.790,0.176
368000,0.034,0.771,0.194
368500,0.036,0.793,0.171
369000,0.031,0.804,0.165
369500,0.032,0.789,0.179
370000,0.031,0.841,0.128
370500,0.032,0.839,0.129
371000,0.033,0.808,0.159
371500,0.033,0.771,0.196
372000,0.033,0.770,0.197
372500,0.035,0.790,0.175
373000,0.033,0.800,0.167
373500,0.032,0.815,0.153
374000,0.033,0.828,0.139
374500,0.031,0.825,0.144
375000,0.034,0.838,0.129
375500,0.034,0.707,0.259
376000,0.038,0.676,0.286
376500,0.038,0.704,0.258
377000,0.036,0.714,0.250
377500,0.033,0.730,0.237
378000,0.034,0.690,0.276
378500,0.033,0.736,0.231
379000,0.033,0.768,0.199
379500,0.034,0.775,0.191
380000,0.032,0.761,0.207
380500,0.034,0.734,0.232
381000,0.031,0.814,0.154
381500,0.031,0.780,0.189
382000,0.031,0.776,0.193
382500,0.033,0.792,0.175
383000,0.033,0.819,0.148
383500,0.031,0.794,0.175
384000,0.032,0.803,0.165
384500,0.035,0.745,0.220
385000,0.031,0.760,0.208
385500,0.031,0.748,0.221
386000,0.034,0.719,0.246
386500,0.033,0.772,0.194
387000,0.034,0.718,0.247
387500,0.037,0.702,0.261
388000,0.037,0.726,0.237
388500,0.036,0.735,0.230
389000,0.038,0.736,0.226
389500,0.034,0.728,0.238
390000,0.034,0.767,0.199
390500,0.031,0.785,0.183
391000,0.033,0.745,0.222
391500,0.034,0.704,0.263
392000,0.036,0.724,0.240
392500,0.033,0.732,0.235
393000,0.032,0.741,0.227
393500,0.033,0.750,0.218
394000,0.035,0.775,0.190
394500,0.034,0.809,0.157
395000,0.036,0.825,0.139
395500,0.031,0.831,0.138
396000,0.031,0.818,0.150
396500,0.031,0.832,0.137
397000,0.031,0.826,0.143
397500,0.036,0.782,0.183
398000,0.033,0.796,0.171
398500,0.036,0.769,0.194
399000,0.031,0.754,0.215
399500,0.031,0.721,0.248
400000,0.031,0.786,0.183
400500,0.030,0.768,0.203
401000,0.038,0.692,0.271
401500,0.034,0.696,0.269
402000,0.036,0.655,0.309
402500,0.044,0.683,0.273
403000,0.039,0.660,0.301
403500,0.041,0.619,0.341
404000,0.036,0.694,0.269
404500,0.032,0.716,0.252
405000,0.031,0.728,0.241
405500,0.031,0.744,0.225
406000,0.031,0.781,0.188
406500,0.034,0.793,0.173
407000,0.033,0.776,0.191
407500,0.032,0.806,0.162
408000,0.033,0.747,0.219
408500,0.031,0.789,0.179
409000,0.031,0.816,0.153
409500,0.033,0.811,0.156
410000,0.034,0.843,0.122
410500,0.034,0.796,0.170
411000,0.034,0.817,0.149
411500,0.034,0.814,0.153
412000,0.033,0.810,0.158
412500,0.034,0.705,0.261
413000,0.036,0.756,0.208
413500,0.035,0.768,0.197
414000,0.034,0.786,0.180
414500,0.032,0.805,0.163
415000,0.035,0.800,0.165
415500,0.032,0.815,0.153
416000,0.031,0.778,0.191
416500,0.030,0.764,0.207
417000,0.031,0.748,0.221
417500,0.033,0.740,0.227
418000,0.036,0.742,0.222
418500,0.034,0.790,0.176
419000,0.033,0.742,0.225
419500,0.036,0.742,0.223
420000,0.031,0.739,0.230
420500,0.039,0.733,0.228
421000,0.036,0.744,0.219
421500,0.031,0.772,0.197
422000,0.034,0.776,0.190
422500,0.032,0.799,0.169
423000,0.031,0.808,0.161
423500,0.034,0.767,0.198
424000,0.035,0.783,0.182
424500,0.037,0.706,0.257
425000,0.034,0.678,0.288
425500,0.036,0.726,0.237
426000,0.037,0.703,0.260
426500,0.036,0.641,0.323
427000,0.033,0.698,0.268
427500,0.033,0.660,0.307
428000,0.040,0.645,0.315
428500,0.034,0.728,0.237
429000,0.034,0.784,0.182
429500,0.036,0.748,0.217
430000,0.036,0.757,0.207
430500,0.034,0.756,0.210
431000,0.034,0.740,0.225
431500,0.035,0.740,0.225
432000,0.036,0.781,0.183
432500,0.035,0.799,0.166
433000,0.031,0.784,0.185
433500,0.034,0.808,0.158
434000,0.033,0.825,0.141
434500,0.032,0.800,0.168
435000,0.032,0.811,0.157
435500,0.033,0.740,0.226
436000,0.035,0.728,0.237
436500,0.034,0.778,0.187
437000,0.033,0.787,0.180
437500,0.033,0.797,0.170
438000,0.031,0.753,0.215
438500,0.036,0.672,0.292
439000,0.034,0.731,0.236
439500,0.034,0.719,0.246
440000,0.032,0.728,0.240
440500,0.034,0.756,0.210
441000,0.034,0.771,0.194
441500,0.033,0.741,0.226
442000,0.033,0.704,0.263
442500,0.031,0.689,0.280
443000,0.033,0.703,0.264
443500,0.033,0.713,0.254
444000,0.037,0.700,0.263
444500,0.032,0.689,0.279
445000,0.033,0.713,0.254
445500,0.033,0.718,0.249
446000,0.036,0.671,0.294
446500,0.035,0.711,0.254
447000,0.036,0.733,0.232
447500,0.032,0.750,0.218
448000,0.032,0.689,0.279
448500,0.034,0.726,0.240
449000,0.036,0.705,0.259
449500,0.034,0.722,0.244
450000,0.034,0.718,0.248
450500,0.033,0.704,0.263
451000,0.033,0.738,0.229
451500,0.031,0.756,0.212
452000,0.031,0.704,0.265
452500,0.031,0.690,0.279
453000,0.030,0.726,0.243
453500,0.033,0.779,0.189
454000,0.031,0.722,0.247
454500,0.032,0.749,0.219
455000,0.030,0.736,0.233
455500,0.034,0.754,0.212
456000,0.035,0.733,0.232
456500,0.035,0.690,0.275
457000,0.037,0.659,0.304
457500,0.036,0.632,0.332
458000,0.040,0.651,0.310
458500,0.042,0.652,0.306
459000,0.036,0.641,0.323
459500,0.038,0.657,0.306
460000,0.034,0.649,0.317
460500,0.033,0.749,0.218
461000,0.031,0.737,0.232
461500,0.035,0.746,0.219
462000,0.035,0.726,0.239
462500,0.036,0.714,0.250
463000,0.036,0.689,0.276
463500,0.035,0.694,0.271
464000,0.035,0.697,0.268
464500,0.036,0.651,0.314
465000,0.033,0.644,0.322
465500,0.039,0.649,0.312
466000,0.038,0.707,0.255
466500,0.040,0.660,0.300
467000,0.038,0.642,0.320
467500,0.037,0.670,0.293
468000,0.036,0.736,0.229
468500,0.035,0.729,0.236
469000,0.033,0.754,0.214
469500,0.031,0.753,0.216
470000,0.036,0.726,0.238
470500,0.035,0.689,0.276
471000,0.039,0.677,0.284
471500,0.034,0.700,0.265
472000,0.041,0.742,0.217
472500,0.033,0.778,0.189
473000,0.031,0.857,0.112
473500,0.030,0.814,0.157
474000,0.030,0.847,0.123
474500,0.030,0.751,0.218
475000,0.032,0.769,0.199
475500,0.033,0.670,0.297
476000,0.033,0.721,0.246
476500,0.033,0.747,0.221
477000,0.032,0.735,0.233
477500,0.031,0.731,0.238
478000,0.033,0.690,0.277
478500,0.033,0.748,0.219
479000,0.035,0.748,0.217
479500,0.035,0.725,0.240
480000,0.033,0.743,0.224
480500,0.033,0.758,0.208
481000,0.031,0.781,0.187
481500,0.034,0.747,0.219
482000,0.030,0.757,0.214
482500,0.032,0.749,0.219
483000,0.033,0.728,0.240
483500,0.034,0.731,0.236
484000,0.031,0.743,0.226
484500,0.034,0.711,0.254
485000,0.034,0.694,0.271
485500,0.035,0.749,0.217
486000,0.037,0.706,0.257
486500,0.035,0.781,0.185
487000,0.037,0.724,0.239
487500,0.039,0.696,0.265
488000,0.037,0.685,0.278
488500,0.036,0.710,0.255
489000,0.033,0.701,0.267
489500,0.031,0.716,0.253
490000,0.035,0.755,0.210
490500,0.038,0.700,0.262
491000,0.034,0.744,0.222
491500,0.033,0.764,0.203
492000,0.033,0.759,0.208
492500,0.032,0.783,0.185
493000,0.033,0.817,0.150
493500,0.031,0.796,0.173
494000,0.034,0.777,0.189
494500,0.031,0.820,0.150
495000,0.032,0.817,0.151
495500,0.033,0.782,0.185
496000,0.034,0.780,0.186
496500,0.034,0.761,0.204
497000,0.033,0.751,0.215
497500,0.031,0.747,0.222
498000,0.034,0.802,0.165
498500,0.031,0.757,0.212
499000,0.033,0.735,0.233
499500,0.033,0.715,0.252
500000,0.035,0.764,0.201
500500,0.038,0.760,0.203
501000,0.034,0.753,0.213
501500,0.033,0.741,0.226
502000,0.032,0.687,0.281
502500,0.037,0.740,0.222
503000,0.036,0.753,0.211
503500,0.031,0.761,0.208
504000,0.033,0.786,0.180
504500,0.031,0.812,0.157
505000,0.033,0.804,0.163
505500,0.031,0.773,0.196
506000,0.036,0.717,0.248
506500,0.035,0.705,0.260
507000,0.031,0.763,0.206
507500,0.034,0.761,0.205
508000,0.032,0.749,0.219
508500,0.031,0.763,0.206
509000,0.033,0.710,0.258
509500,0.037,0.729,0.235
510000,0.032,0.760,0.208
510500,0.031,0.730,0.239
511000,0.031,0.747,0.221
511500,0.033,0.761,0.206
512000,0.031,0.746,0.224
512500,0.032,0.814,0.154
513000,0.031,0.772,0.197
513500,0.031,0.802,0.167
514000,0.031,0.835,0.134
514500,0.031,0.786,0.183
515000,0.035,0.757,0.208
515500,0.033,0.715,0.252
516000,0.038,0.668,0.294
516500,0.035,0.693,0.272
517000,0.032,0.713,0.255
517500,0.032,0.757,0.211
518000,0.036,0.738,0.226
518500,0.031,0.768,0.201
519000,0.031,0.792,0.178
519500,0.032,0.825,0.143
520000,0.031,0.785,0.184
520500,0.031,0.725,0.244
521000,0.036,0.729,0.235
521500,0.038,0.722,0.240
522000,0.038,0.769,0.193
522500,0.034,0.783,0.183
523000,0.034,0.783,0.183
523500,0.034,0.759,0.207
524000,0.033,0.779,0.187
524500,0.031,0.786,0.182
525000,0.033,0.785,0.182
525500,0.031,0.767,0.201
526000,0.030,0.802,0.168
526500,0.030,0.800,0.170
527000,0.031,0.784,0.185
527500,0.033,0.800,0.167
528000,0.031,0.806,0.162
528500,0.031,0.793,0.176
529000,0.030,0.788,0.182
529500,0.030,0.792,0.178
530000,0.031,0.766,0.203
530500,0.030,0.771,0.198
531000,0.030,0.761,0.210
531500,0.033,0.725,0.243
532000,0.032,0.788,0.180
532500,0.034,0.749,0.218
533000,0.032,0.763,0.205
533500,0.031,0.796,0.173
534000,0.031,0.729,0.240
534500,0.033,0.750,0.218
535000,0.033,0.779,0.188
535500,0.036,0.733,0.231
536000,0.037,0.726,0.237
536500,0.033,0.717,0.250
537000,0.041,0.632,0.327
537500,0.037,0.689,0.274
538000,0.035,0.749,0.216
538500,0.035,0.785,0.180
539000,0.034,0.775,0.191
539500,0.034,0.768,0.197
540000,0.034,0.749,0.218
540500,0.033,0.757,0.210
541000,0.031,0.769,0.199
541500,0.034,0.707,0.259
542000,0.031,0.753,0.216
542500,0.034,0.718,0.248
543000,0.034,0.723,0.243
543500,0.033,0.737,0.231
544000,0.031,0.746,0.223
544500,0.033,0.736,0.231
545000,0.037,0.692,0.272
545500,0.033,0.719,0.247
546000,0.033,0.743,0.224
546500,0.032,0.763,0.205
547000,0.034,0.718,0.249
547500,0.033,0.731,0.236
548000,0.035,0.774,0.191
548500,0.031,0.778,0.191
549000,0.031,0.797,0.172
549500,0.031,0.782,0.187
550000,0.033,0.763,0.204
550500,0.031,0.768,0.201
551000,0.031,0.783,0.186
551500,0.031,0.783,0.186
552000,0.031,0.791,0.178
552500,0.031,0.774,0.195
553000,0.031,0.749,0.220
553500,0.034,0.744,0.222
554000,0.039,0.696,0.265
554500,0.033,0.736,0.231
555000,0.033,0.679,0.288
555500,0.031,0.710,0.258
556000,0.034,0.724,0.242
556500,0.030,0.772,0.198
557000,0.033,0.709,0.258
557500,0.031,0.746,0.223
558000,0.031,0.741,0.228
558500,0.035,0.740,0.225
559000,0.035,0.705,0.260
559500,0.034,0.715,0.251
560000,0.036,0.731,0.233
560500,0.037,0.707,0.257
561000,0.036,0.735,0.230
561500,0.035,0.712,0.253
562000,0.036,0.703,0.261
562500,0.034,0.683,0.283
563000,0.033,0.662,0.304
563500,0.034,0.698,0.267
564000,0.034,0.683,0.282
564500,0.038,0.680,0.282
565000,0.036,0.698,0.266
565500,0.037,0.727,0.236
566000,0.035,0.723,0.242
566500,0.034,0.697,0.269
567000,0.041,0.628,0.331
567500,0.039,0.615,0.346
568000,0.039,0.658,0.303
568500,0.036,0.692,0.272
569000,0.036,0.736,0.229
569500,0.032,0.730,0.238
570000,0.034,0.733,0.233
570500,0.034,0.722,0.244
571000,0.035,0.715,0.250
571500,0.034,0.764,0.201
572000,0.033,0.774,0.194
572500,0.037,0.639,0.324
573000,0.034,0.682,0.283
573500,0.032,0.621,0.347
574000,0.037,0.658,0.305
574500,0.033,0.725,0.242
575000,0.033,0.691,0.276
575500,0.036,0.728,0.236
576000,0.033,0.756,0.211
576500,0.031,0.772,0.197
577000,0.033,0.765,0.201
577500,0.033,0.769,0.198
578000,0.033,0.783,0.184
578500,0.031,0.809,0.159
579000,0.042,0.722,0.235
579500,0.036,0.718,0.246
580000,0.034,0.707,0.258
580500,0.037,0.743,0.221
581000,0.034,0.724,0.242
581500,0.035,0.728,0.237
582000,0.033,0.750,0.217
582500,0.036,0.700,0.264
583000,0.036,0.758,0.206
583500,0.033,0.780,0.187
584000,0.036,0.701,0.264
584500,0.034,0.679,0.287
585000,0.034,0.682,0.284
585500,0.034,0.689,0.277
586000,0.038,0.682,0.280
586500,0.036,0.752,0.212
587000,0.033,0.776,0.191
587500,0.035,0.726,0.239
588000,0.033,0.790,0.178
588500,0.033,0.747,0.220
589000,0.032,0.765,0.203
589500,0.036,0.761,0.203
590000,0.034,0.743,0.222
590500,0.038,0.708,0.254
591000,0.034,0.775,0.190
591500,0.031,0.808,0.160
592000,0.032,0.824,0.144
592500,0.033,0.828,0.140
593000,0.032,0.811,0.157
593500,0.033,0.814,0.153
594000,0.033,0.797,0.170
594500,0.032,0.788,0.180
595000,0.033,0.743,0.224
595500,0.033,0.749,0.218
596000,0.035,0.763,0.203
596500,0.032,0.797,0.171
597000,0.034,0.802,0.164
597500,0.033,0.728,0.239
598000,0.038,0.692,0.270
598500,0.034,0.719,0.247
599000,0.032,0.726,0.242
599500,0.038,0.731,0.232
600000,0.042,0.756,0.202
600500,0.041,0.702,0.257
601000,0.038,0.719,0.243
601500,0.041,0.709,0.250
602000,0.039,0.677,0.284
602500,0.036,0.736,0.229
603000,0.036,0.774,0.190
603500,0.031,0.765,0.204
604000,0.033,0.766,0.201
604500,0.034,0.740,0.226
605000,0.037,0.712,0.251
605500,0.031,0.730,0.239
606000,0.033,0.726,0.241
606500,0.030,0.779,0.192
607000,0.030,0.795,0.175
607500,0.032,0.779,0.189
608000,0.032,0.768,0.200
608500,0.035,0.781,0.184
609000,0.034,0.812,0.154
609500,0.033,0.775,0.192
610000,0.033,0.792,0.175
610500,0.033,0.762,0.205
611000,0.034,0.755,0.211
611500,0.037,0.757,0.207
612000,0.038,0.696,0.266
612500,0.035,0.701,0.264
613000,0.033,0.729,0.239
613500,0.032,0.723,0.245
614000,0.031,0.757,0.212
614500,0.030,0.743,0.227
615000,0.031,0.764,0.205
615500,0.033,0.781,0.186
616000,0.031,0.763,0.206
616500,0.031,0.765,0.203
617000,0.030,0.791,0.179
617500,0.030,0.807,0.162
618000,0.032,0.783,0.185
618500,0.031,0.803,0.166
619000,0.032,0.757,0.211
619500,0.034,0.731,0.236
620000,0.035,0.710,0.255
620500,0.034,0.663,0.303
621000,0.031,0.707,0.262
621500,0.031,0.774,0.195
622000,0.032,0.768,0.200
622500,0.030,0.747,0.223
623000,0.033,0.797,0.170
623500,0.034,0.807,0.158
624000,0.031,0.817,0.153
624500,0.031,0.814,0.155
625000,0.032,0.778,0.190
625500,0.034,0.781,0.185
626000,0.032,0.790,0.178
626500,0.030,0.777,0.193
627000,0.033,0.758,0.209
627500,0.034,0.735,0.232
628000,0.034,0.754,0.212
628500,0.034,0.793,0.173
629000,0.033,0.733,0.233
629500,0.038,0.720,0.242
630000,0.036,0.643,0.321
630500,0.037,0.679,0.284
631000,0.036,0.729,0.235
631500,0.034,0.736,0.229
632000,0.032,0.728,0.240
632500,0.033,0.701,0.266
633000,0.034,0.722,0.244
633500,0.037,0.692,0.271
634000,0.034,0.712,0.253
634500,0.036,0.721,0.243
635000,0.036,0.738,0.226
635500,0.036,0.713,0.251
636000,0.041,0.696,0.263
636500,0.050,0.655,0.295
637000,0.058,0.675,0.267
637500,0.054,0.673,0.273
638000,0.041,0.689,0.269
638500,0.041,0.701,0.258
639000,0.038,0.682,0.280
639500,0.038,0.727,0.235
640000,0.034,0.754,0.212
640500,0.033,0.757,0.210
641000,0.032,0.705,0.263
641500,0.032,0.652,0.316
642000,0.031,0.731,0.238
642500,0.033,0.749,0.218
643000,0.032,0.754,0.214
643500,0.031,0.711,0.258
644000,0.035,0.696,0.269
644500,0.031,0.756,0.213
645000,0.031,0.765,0.204
645500,0.034,0.716,0.250
646000,0.033,0.713,0.254
646500,0.034,0.750,0.216
647000,0.034,0.746,0.219
647500,0.037,0.668,0.295
648000,0.034,0.678,0.289
648500,0.036,0.743,0.222
649000,0.031,0.783,0.185
649500,0.033,0.774,0.193
650000,0.035,0.778,0.187
650500,0.034,0.769,0.196
651000,0.037,0.734,0.229
651500,0.033,0.747,0.219
652000,0.031,0.714,0.255
652500,0.037,0.690,0.274
653000,0.034,0.747,0.219
653500,0.033,0.756,0.211
654000,0.033,0.721,0.246
654500,0.035,0.707,0.258
655000,0.036,0.679,0.286
655500,0.032,0.695,0.273
656000,0.033,0.709,0.258
656500,0.033,0.698,0.269
657000,0.033,0.726,0.242
657500,0.031,0.757,0.211
658000,0.033,0.757,0.211
658500,0.033,0.802,0.165
659000,0.035,0.761,0.204
659500,0.034,0.735,0.231
660000,0.034,0.751,0.215
660500,0.031,0.708,0.261
661000,0.035,0.697,0.268
661500,0.036,0.724,0.240
662000,0.034,0.715,0.251
662500,0.033,0.749,0.218
663000,0.033,0.726,0.241
663500,0.031,0.729,0.239
664000,0.033,0.680,0.286
664500,0.032,0.716,0.252
665000,0.032,0.753,0.215
665500,0.031,0.742,0.226
666000,0.031,0.735,0.233
666500,0.033,0.743,0.224
667000,0.031,0.736,0.233
667500,0.033,0.763,0.204
668000,0.033,0.765,0.202
668500,0.032,0.756,0.212
669000,0.031,0.810,0.158
669500,0.031,0.838,0.131
670000,0.032,0.838,0.130
670500,0.031,0.831,0.137
671000,0.034,0.841,0.125
671500,0.032,0.829,0.139
672000,0.034,0.795,0.171
672500,0.034,0.787,0.179
673000,0.036,0.775,0.189
673500,0.032,0.825,0.143
674000,0.033,0.806,0.161
674500,0.034,0.811,0.155
675000,0.033,0.829,0.137
675500,0.035,0.800,0.165
676000,0.034,0.721,0.245
676500,0.041,0.666,0.293
677000,0.040,0.648,0.311
677500,0.050,0.649,0.301
678000,0.047,0.602,0.351
678500,0.042,0.653,0.305
679000,0.044,0.720,0.236
679500,0.036,0.779,0.185
680000,0.034,0.779,0.187
680500,0.034,0.791,0.175
681000,0.032,0.803,0.165
681500,0.033,0.785,0.182
682000,0.031,0.797,0.172
682500,0.032,0.809,0.159
683000,0.031,0.821,0.148
683500,0.031,0.837,0.132
684000,0.034,0.767,0.199
684500,0.031,0.792,0.176
685000,0.031,0.748,0.221
685500,0.032,0.731,0.237
686000,0.032,0.738,0.230
686500,0.031,0.769,0.199
687000,0.033,0.758,0.210
687500,0.034,0.799,0.167
688000,0.032,0.823,0.145
688500,0.030,0.782,0.188
689000,0.039,0.729,0.232
689500,0.033,0.726,0.242
690000,0.033,0.703,0.264
690500,0.033,0.732,0.235
691000,0.034,0.714,0.253
691500,0.035,0.700,0.265
692000,0.034,0.689,0.278
692500,0.043,0.704,0.253
693000,0.038,0.685,0.276
693500,0.036,0.678,0.286
694000,0.036,0.718,0.246
694500,0.037,0.698,0.265
695000,0.036,0.719,0.246
695500,0.036,0.745,0.219
696000,0.037,0.747,0.216
696500,0.034,0.724,0.242
697000,0.034,0.733,0.233
697500,0.035,0.765,0.200
698000,0.034,0.778,0.187
698500,0.033,0.731,0.236
699000,0.031,0.772,0.197
699500,0.031,0.811,0.158
700000,0.030,0.839,0.130
700500,0.030,0.833,0.137
701000,0.030,0.786,0.184
701500,0.030,0.775,0.196
702000,0.031,0.781,0.189
702500,0.030,0.800,0.171
703000,0.030,0.841,0.130
703500,0.030,0.808,0.162
704000,0.035,0.804,0.161
704500,0.030,0.813,0.157
705000,0.034,0.809,0.157
705500,0.031,0.864,0.104
706000,0.030,0.859,0.111
706500,0.031,0.779,0.189
707000,0.032,0.822,0.146
707500,0.030,0.868,0.101
708000,0.033,0.846,0.121
708500,0.031,0.827,0.141
709000,0.030,0.853,0.116
709500,0.030,0.853,0.117
710000,0.030,0.846,0.124
710500,0.034,0.815,0.151
711000,0.030,0.807,0.163
711500,0.031,0.815,0.154
712000,0.031,0.821,0.148
712500,0.033,0.834,0.133
713000,0.034,0.804,0.162
713500,0.033,0.758,0.210
714000,0.033,0.782,0.185
714500,0.031,0.787,0.182
715000,0.030,0.785,0.185
715500,0.033,0.778,0.189
716000,0.034,0.731,0.236
716500,0.038,0.699,0.263
717000,0.033,0.740,0.226
717500,0.034,0.746,0.221
718000,0.033,0.735,0.232
718500,0.036,0.669,0.295
719000,0.036,0.616,0.347
719500,0.034,0.714,0.251
720000,0.033,0.726,0.241
720500,0.032,0.796,0.172
721000,0.034,0.763,0.204
721500,0.034,0.783,0.183
722000,0.036,0.766,0.198
722500,0.040,0.735,0.225
723000,0.034,0.772,0.194
723500,0.032,0.770,0.198
724000,0.037,0.726,0.237
724500,0.037,0.749,0.214
725000,0.031,0.750,0.219
725500,0.033,0.745,0.222
726000,0.036,0.724,0.241
726500,0.036,0.757,0.208
727000,0.035,0.768,0.197
727500,0.032,0.809,0.159
728000,0.032,0.832,0.136
728500,0.030,0.765,0.204
729000,0.031,0.785,0.185
729500,0.030,0.779,0.190
730000,0.031,0.728,0.240
730500,0.034,0.703,0.263
731000,0.034,0.681,0.285
731500,0.033,0.662,0.305
732000,0.037,0.678,0.285
732500,0.037,0.738,0.225
733000,0.034,0.765,0.201
733500,0.033,0.724,0.243
734000,0.034,0.720,0.246
734500,0.035,0.689,0.276
735000,0.034,0.739,0.227
735500,0.031,0.785,0.183
736000,0.031,0.821,0.147
736500,0.034,0.785,0.180
737000,0.031,0.803,0.166
737500,0.033,0.782,0.185
738000,0.034,0.697,0.268
738500,0.036,0.688,0.276
739000,0.034,0.729,0.237
739500,0.033,0.761,0.206
740000,0.034,0.755,0.211
740500,0.033,0.742,0.225
741000,0.033,0.781,0.186
741500,0.031,0.757,0.211
742000,0.032,0.810,0.158
742500,0.032,0.788,0.180
743000,0.031,0.796,0.172
743500,0.030,0.805,0.165
744000,0.033,0.802,0.166
744500,0.030,0.740,0.229
745000,0.031,0.782,0.187
745500,0.030,0.783,0.187
746000,0.031,0.802,0.168
746500,0.030,0.808,0.161
747000,0.030,0.836,0.134
747500,0.031,0.853,0.116
748000,0.033,0.862,0.105
748500,0.030,0.855,0.115
749000,0.030,0.840,0.130
749500,0.033,0.859,0.108
750000,0.033,0.803,0.164
750500,0.032,0.813,0.155
751000,0.031,0.798,0.171
751500,0.031,0.736,0.233
752000,0.030,0.747,0.223
752500,0.033,0.757,0.210
753000,0.033,0.769,0.198
753500,0.031,0.743,0.226
754000,0.033,0.683,0.284
754500,0.033,0.712,0.255
755000,0.034,0.749,0.217
755500,0.033,0.774,0.193
756000,0.034,0.707,0.259
756500,0.033,0.725,0.243
757000,0.035,0.731,0.234
757500,0.034,0.726,0.240
758000,0.037,0.710,0.253
758500,0.037,0.747,0.217
759000,0.037,0.742,0.221
759500,0.034,0.722,0.244
760000,0.040,0.733,0.227
760500,0.037,0.696,0.267
761000,0.037,0.709,0.254
761500,0.033,0.696,0.271
762000,0.036,0.708,0.256
762500,0.035,0.726,0.239
763000,0.033,0.726,0.241
763500,0.035,0.743,0.222
764000,0.037,0.696,0.267
764500,0.038,0.749,0.214
765000,0.034,0.736,0.230
765500,0.037,0.711,0.253
766000,0.034,0.713,0.253
766500,0.038,0.712,0.250
767000,0.039,0.712,0.249
767500,0.034,0.773,0.193
768000,0.033,0.790,0.177
768500,0.034,0.804,0.162
769000,0.031,0.840,0.129
769500,0.031,0.792,0.177
770000,0.036,0.708,0.257
770500,0.047,0.673,0.280
771000,0.040,0.742,0.219
771500,0.033,0.782,0.186
772000,0.034,0.793,0.173
772500,0.033,0.780,0.187
773000,0.032,0.806,0.162
773500,0.031,0.807,0.162
774000,0.030,0.813,0.157
774500,0.030,0.829,0.141
775000,0.030,0.785,0.185
775500,0.031,0.768,0.201
776000,0.033,0.756,0.211
776500,0.032,0.795,0.173
777000,0.031,0.768,0.201
777500,0.031,0.756,0.214
778000,0.033,0.728,0.239
778500,0.038,0.702,0.260
779000,0.036,0.686,0.278
779500,0.032,0.739,0.229
780000,0.032,0.739,0.229
780500,0.033,0.731,0.236
781000,0.032,0.771,0.197
781500,0.031,0.764,0.205
782000,0.031,0.734,0.235
782500,0.031,0.765,0.204
783000,0.031,0.758,0.210
783500,0.031,0.774,0.195
784000,0.033,0.747,0.221
784500,0.033,0.767,0.200
785000,0.031,0.758,0.211
785500,0.033,0.742,0.225
786000,0.036,0.699,0.265
786500,0.034,0.710,0.257
787000,0.034,0.687,0.279
787500,0.035,0.704,0.261
788000,0.033,0.745,0.222
788500,0.032,0.754,0.214
789000,0.033,0.792,0.176
789500,0.032,0.789,0.179
790000,0.031,0.777,0.192
790500,0.033,0.785,0.182
791000,0.032,0.804,0.164
791500,0.031,0.811,0.158
792000,0.030,0.737,0.232
792500,0.033,0.776,0.192
793000,0.034,0.765,0.201
793500,0.031,0.817,0.151
794000,0.033,0.804,0.162
794500,0.031,0.810,0.159
795000,0.033,0.736,0.232
795500,0.031,0.785,0.185
796000,0.030,0.800,0.171
796500,0.031,0.857,0.112
797000,0.031,0.838,0.132
797500,0.032,0.790,0.178
798000,0.031,0.747,0.222
798500,0.036,0.736,0.228
799000,0.037,0.747,0.215
799500,0.034,0.779,0.187
800000,0.031,0.771,0.198
800500,0.033,0.721,0.246
801000,0.036,0.779,0.185
801500,0.033,0.810,0.157
802000,0.031,0.806,0.162
802500,0.033,0.796,0.171
803000,0.033,0.742,0.225
803500,0.036,0.704,0.260
804000,0.035,0.740,0.225
804500,0.033,0.785,0.182
805000,0.037,0.754,0.209
805500,0.033,0.814,0.153
806000,0.036,0.781,0.183
806500,0.034,0.815,0.151
807000,0.032,0.815,0.153
807500,0.033,0.836,0.132
808000,0.035,0.796,0.169
808500,0.034,0.782,0.184
809000,0.034,0.786,0.180
809500,0.042,0.744,0.214
810000,0.037,0.749,0.214
810500,0.034,0.728,0.238
811000,0.031,0.754,0.215
811500,0.033,0.769,0.198
812000,0.032,0.691,0.277
812500,0.046,0.661,0.293
813000,0.044,0.594,0.362
813500,0.038,0.621,0.341
814000,0.039,0.688,0.273
814500,0.037,0.693,0.269
815000,0.037,0.683,0.279
815500,0.040,0.676,0.283
816000,0.033,0.698,0.268
816500,0.033,0.737,0.230
817000,0.034,0.765,0.201
817500,0.032,0.693,0.275
818000,0.034,0.731,0.235
818500,0.034,0.705,0.261
819000,0.033,0.762,0.205
819500,0.031,0.803,0.165
820000,0.034,0.756,0.210
820500,0.037,0.756,0.207
821000,0.035,0.776,0.189
821500,0.033,0.780,0.187
822000,0.036,0.773,0.192
822500,0.034,0.754,0.212
823000,0.030,0.783,0.186
823500,0.030,0.777,0.193
824000,0.030,0.762,0.208
824500,0.031,0.741,0.228
825000,0.033,0.775,0.192
825500,0.034,0.753,0.214
826000,0.034,0.722,0.244
826500,0.033,0.724,0.243
827000,0.034,0.722,0.243
827500,0.037,0.690,0.273
828000,0.033,0.710,0.257
828500,0.032,0.686,0.282
829000,0.033,0.714,0.253
829500,0.031,0.719,0.250
830000,0.038,0.701,0.260
830500,0.033,0.710,0.257
831000,0.037,0.706,0.257
831500,0.037,0.700,0.263
832000,0.033,0.697,0.269
832500,0.041,0.687,0.272
833000,0.042,0.686,0.272
833500,0.036,0.710,0.254
834000,0.034,0.737,0.229
834500,0.033,0.751,0.216
835000,0.030,0.753,0.217
835500,0.030,0.760,0.210
836000,0.030,0.727,0.243
836500,0.033,0.781,0.187
837000,0.033,0.760,0.207
837500,0.032,0.774,0.194
838000,0.034,0.762,0.204
838500,0.033,0.692,0.276
839000,0.034,0.727,0.239
839500,0.033,0.801,0.166
840000,0.035,0.721,0.244
840500,0.033,0.771,0.196
841000,0.033,0.792,0.175
841500,0.032,0.793,0.175
842000,0.037,0.786,0.177
842500,0.031,0.804,0.165
843000,0.033,0.796,0.171
843500,0.033,0.769,0.197
844000,0.033,0.777,0.190
844500,0.032,0.772,0.196
845000,0.031,0.800,0.169
845500,0.032,0.805,0.163
846000,0.033,0.754,0.214
846500,0.034,0.761,0.205
847000,0.032,0.769,0.199
847500,0.031,0.761,0.208
848000,0.033,0.746,0.221
848500,0.031,0.766,0.203
849000,0.033,0.754,0.213
849500,0.030,0.807,0.163
850000,0.033,0.760,0.207
850500,0.034,0.736,0.229
851000,0.038,0.707,0.255
851500,0.038,0.770,0.192
852000,0.036,0.771,0.193
852500,0.035,0.763,0.203
853000,0.034,0.770,0.196
853500,0.032,0.736,0.232
854000,0.030,0.779,0.191
854500,0.031,0.758,0.210
855000,0.032,0.775,0.193
855500,0.031,0.782,0.187
856000,0.031,0.789,0.179
856500,0.031,0.779,0.189
857000,0.031,0.799,0.171
857500,0.032,0.775,0.193
858000,0.031,0.809,0.159
858500,0.031,0.776,0.193
859000,0.034,0.724,0.242
859500,0.033,0.756,0.211
860000,0.031,0.821,0.148
860500,0.034,0.838,0.128
861000,0.030,0.847,0.122
861500,0.030,0.837,0.133
862000,0.030,0.818,0.151
862500,0.034,0.745,0.221
863000,0.032,0.771,0.197
863500,0.031,0.783,0.186
864000,0.034,0.750,0.217
864500,0.033,0.740,0.226
865000,0.038,0.721,0.240
865500,0.036,0.728,0.236
866000,0.037,0.658,0.304
866500,0.038,0.618,0.345
867000,0.040,0.664,0.296
867500,0.037,0.669,0.295
868000,0.036,0.727,0.237
868500,0.033,0.724,0.244
869000,0.040,0.703,0.258
869500,0.036,0.664,0.301
870000,0.037,0.694,0.269
870500,0.034,0.696,0.270
871000,0.034,0.698,0.268
871500,0.033,0.737,0.229
872000,0.031,0.748,0.221
872500,0.032,0.778,0.190
873000,0.033,0.784,0.183
873500,0.033,0.742,0.225
874000,0.036,0.733,0.232
874500,0.046,0.708,0.246
875000,0.033,0.740,0.227
875500,0.034,0.719,0.246
876000,0.034,0.744,0.222
876500,0.034,0.724,0.242
877000,0.031,0.728,0.240
877500,0.034,0.746,0.220
878000,0.034,0.744,0.222
878500,0.033,0.722,0.245
879000,0.033,0.714,0.254
879500,0.034,0.728,0.237
880000,0.033,0.756,0.211
880500,0.033,0.730,0.237
881000,0.033,0.736,0.231
881500,0.034,0.778,0.189
882000,0.034,0.811,0.155
882500,0.033,0.815,0.151
883000,0.033,0.820,0.147
883500,0.031,0.763,0.205
884000,0.032,0.779,0.189
884500,0.031,0.812,0.157
885000,0.031,0.760,0.208
885500,0.034,0.715,0.251
886000,0.031,0.782,0.186
886500,0.031,0.809,0.159
887000,0.030,0.813,0.157
887500,0.031,0.776,0.193
888000,0.031,0.780,0.189
888500,0.031,0.812,0.157
889000,0.035,0.817,0.148
889500,0.033,0.797,0.170
890000,0.031,0.802,0.166
890500,0.030,0.778,0.192
891000,0.033,0.765,0.202
891500,0.031,0.751,0.218
892000,0.033,0.700,0.267
892500,0.036,0.729,0.235
893000,0.034,0.697,0.268
893500,0.033,0.753,0.214
894000,0.033,0.754,0.212
894500,0.036,0.740,0.224
895000,0.036,0.757,0.208
895500,0.031,0.778,0.190
896000,0.031,0.810,0.159
896500,0.030,0.814,0.156
897000,0.030,0.880,0.091
897500,0.030,0.823,0.147
898000,0.030,0.810,0.159
898500,0.031,0.788,0.180
899000,0.034,0.771,0.195
899500,0.030,0.772,0.198
900000,0.031,0.739,0.229
900500,0.031,0.757,0.212
901000,0.031,0.764,0.205
901500,0.031,0.757,0.211
902000,0.034,0.755,0.211
902500,0.036,0.763,0.201
903000,0.036,0.729,0.236
903500,0.033,0.785,0.182
904000,0.030,0.802,0.168
904500,0.031,0.824,0.144
905000,0.031,0.846,0.123
905500,0.031,0.824,0.146
906000,0.030,0.821,0.149
906500,0.036,0.721,0.243
907000,0.034,0.697,0.268
907500,0.032,0.742,0.226
908000,0.033,0.778,0.189
908500,0.034,0.718,0.249
909000,0.035,0.658,0.307
909500,0.036,0.714,0.250
910000,0.036,0.712,0.252
910500,0.037,0.666,0.297
911000,0.034,0.702,0.264
911500,0.034,0.739,0.227
912000,0.031,0.736,0.233
912500,0.032,0.739,0.229
913000,0.033,0.749,0.218
913500,0.030,0.782,0.187
914000,0.034,0.779,0.187
914500,0.031,0.795,0.174
915000,0.034,0.775,0.191
915500,0.031,0.781,0.188
916000,0.031,0.749,0.220
916500,0.030,0.754,0.215
917000,0.033,0.746,0.221
917500,0.031,0.735,0.234
918000,0.033,0.744,0.224
918500,0.034,0.722,0.244
919000,0.033,0.730,0.237
919500,0.032,0.767,0.201
920000,0.033,0.742,0.225
920500,0.032,0.754,0.214
921000,0.033,0.711,0.257
921500,0.033,0.739,0.229
922000,0.033,0.752,0.215
922500,0.030,0.744,0.226
923000,0.030,0.751,0.218
923500,0.031,0.698,0.271
924000,0.033,0.730,0.237
924500,0.031,0.744,0.224
925000,0.033,0.732,0.235
925500,0.031,0.800,0.169
926000,0.031,0.792,0.177
926500,0.031,0.797,0.172
927000,0.032,0.788,0.180
927500,0.033,0.781,0.186
928000,0.032,0.735,0.233
928500,0.032,0.808,0.160
929000,0.031,0.812,0.157
929500,0.030,0.796,0.174
930000,0.033,0.816,0.151
930500,0.031,0.782,0.187
931000,0.033,0.754,0.213
931500,0.032,0.768,0.200
932000,0.033,0.743,0.224
932500,0.030,0.758,0.212
933000,0.030,0.768,0.203
933500,0.033,0.751,0.216
934000,0.032,0.779,0.189
934500,0.032,0.819,0.149
935000,0.031,0.807,0.162
935500,0.032,0.793,0.175
936000,0.031,0.828,0.141
936500,0.031,0.858,0.111
937000,0.033,0.764,0.203
937500,0.032,0.794,0.174
938000,0.037,0.702,0.261
938500,0.032,0.724,0.244
939000,0.036,0.733,0.232
939500,0.033,0.735,0.232
940000,0.038,0.698,0.264
940500,0.033,0.696,0.271
941000,0.032,0.722,0.246
941500,0.033,0.736,0.231
942000,0.034,0.728,0.238
942500,0.033,0.697,0.269
943000,0.034,0.636,0.330
943500,0.036,0.689,0.276
944000,0.032,0.733,0.235
944500,0.033,0.782,0.185
945000,0.033,0.778,0.190
945500,0.034,0.797,0.169
946000,0.033,0.776,0.191
946500,0.035,0.715,0.250
947000,0.037,0.747,0.215
947500,0.037,0.696,0.268
948000,0.036,0.710,0.254
948500,0.036,0.718,0.246
949000,0.036,0.716,0.249
949500,0.034,0.718,0.247
950000,0.035,0.725,0.240
950500,0.040,0.718,0.242
951000,0.038,0.699,0.263
951500,0.033,0.728,0.239
952000,0.033,0.781,0.186
952500,0.031,0.832,0.137
953000,0.031,0.850,0.119
953500,0.031,0.806,0.163
954000,0.031,0.783,0.186
954500,0.034,0.794,0.172
955000,0.034,0.818,0.147
955500,0.033,0.763,0.205
956000,0.032,0.735,0.233
956500,0.030,0.730,0.240
957000,0.034,0.718,0.248
957500,0.032,0.707,0.261
958000,0.031,0.744,0.225
958500,0.034,0.726,0.240
959000,0.032,0.690,0.278
959500,0.033,0.752,0.215
960000,0.031,0.763,0.205
960500,0.031,0.797,0.172
961000,0.034,0.755,0.211
961500,0.039,0.761,0.200
962000,0.037,0.765,0.198
962500,0.037,0.785,0.178
963000,0.036,0.757,0.207
963500,0.034,0.803,0.163
964000,0.034,0.822,0.144
964500,0.033,0.749,0.218
965000,0.033,0.807,0.160
965500,0.033,0.799,0.168
966000,0.033,0.762,0.205
966500,0.035,0.775,0.190
967000,0.035,0.774,0.192
967500,0.032,0.817,0.151
968000,0.033,0.794,0.173
968500,0.031,0.754,0.215
969000,0.036,0.737,0.226
969500,0.034,0.696,0.269
970000,0.034,0.709,0.257
970500,0.036,0.700,0.264
971000,0.040,0.701,0.260
971500,0.037,0.707,0.256
972000,0.036,0.778,0.186
972500,0.034,0.751,0.215
973000,0.035,0.815,0.150
973500,0.033,0.790,0.176
974000,0.031,0.804,0.164
974500,0.034,0.795,0.171
975000,0.032,0.821,0.147
975500,0.038,0.772,0.190
976000,0.038,0.786,0.176
976500,0.036,0.818,0.147
977000,0.037,0.802,0.161
977500,0.035,0.781,0.184
978000,0.034,0.783,0.183
978500,0.033,0.790,0.177
979000,0.031,0.783,0.185
979500,0.031,0.806,0.163
980000,0.033,0.767,0.200
980500,0.032,0.766,0.202
981000,0.033,0.746,0.221
981500,0.033,0.785,0.182
982000,0.036,0.772,0.192
982500,0.035,0.803,0.162
983000,0.033,0.809,0.158
983500,0.033,0.779,0.187
984000,0.032,0.785,0.183
984500,0.032,0.792,0.176
985000,0.032,0.767,0.201
985500,0.033,0.746,0.222
986000,0.032,0.737,0.231
986500,0.034,0.726,0.239
987000,0.032,0.753,0.215
987500,0.033,0.768,0.199
988000,0.034,0.769,0.197
988500,0.033,0.712,0.254
989000,0.031,0.731,0.239
989500,0.030,0.752,0.218
990000,0.033,0.754,0.213
990500,0.032,0.749,0.219
991000,0.030,0.760,0.210
991500,0.031,0.747,0.221
992000,0.033,0.744,0.224
992500,0.033,0.756,0.212
993000,0.031,0.776,0.192
993500,0.031,0.777,0.192
994000,0.032,0.729,0.239
994500,0.032,0.767,0.201
995000,0.032,0.701,0.267
995500,0.037,0.672,0.292
996000,0.038,0.633,0.329
996500,0.041,0.694,0.265
997000,0.038,0.707,0.255
997500,0.033,0.714,0.253
998000,0.032,0.783,0.185
998500,0.032,0.769,0.199
999000,0.034,0.744,0.222
999500,0.034,0.774,0.192
1000000,0.033,0.774,0.193
