time,n_A+p,n_B,n_AB
500,0.050,0.898,0.052
1000,0.050,0.828,0.122
1500,0.050,0.788,0.162
2000,0.050,0.721,0.229
2500,0.050,0.610,0.340
3000,0.050,0.541,0.409
3500,0.051,0.478,0.470
4000,0.050,0.425,0.525
4500,0.063,0.409,0.528
5000,0.064,0.362,0.574
5500,0.061,0.343,0.596
6000,0.070,0.331,0.600
6500,0.066,0.319,0.615
7000,0.065,0.331,0.605
7500,0.067,0.308,0.625
8000,0.068,0.320,0.613
8500,0.064,0.383,0.553
9000,0.068,0.374,0.558
9500,0.057,0.361,0.583
10000,0.054,0.341,0.605
10500,0.057,0.359,0.583
11000,0.065,0.336,0.599
11500,0.064,0.344,0.592
12000,0.059,0.367,0.575
12500,0.065,0.344,0.592
13000,0.070,0.333,0.597
13500,0.081,0.330,0.590
14000,0.065,0.327,0.609
14500,0.057,0.307,0.636
15000,0.059,0.318,0.624
15500,0.070,0.290,0.641
16000,0.085,0.287,0.629
16500,0.089,0.259,0.653
17000,0.087,0.246,0.666
17500,0.097,0.232,0.671
18000,0.110,0.235,0.655
18500,0.127,0.178,0.695
19000,0.146,0.166,0.688
19500,0.173,0.158,0.668
20000,0.184,0.117,0.699
20500,0.254,0.091,0.654
21000,0.241,0.075,0.683
21500,0.283,0.070,0.648
22000,0.320,0.048,0.632
22500,0.408,0.018,0.574
23000,0.461,0.013,0.526
23500,0.494,0.006,0.499
24000,0.534,0.002,0.464
24500,0.575,0.001,0.425
25000,0.586,0.000,0.414
25500,0.599,0.000,0.401
26000,0.619,0.000,0.381
26500,0.612,0.000,0.388
27000,0.626,0.000,0.374
27500,0.643,0.000,0.357
28000,0.656,0.000,0.344
28500,0.673,0.000,0.327
29000,0.711,0.000,0.289
29500,0.749,0.000,0.251
30000,0.766,0.000,0.234
30500,0.783,0.000,0.217
31000,0.784,0.000,0.216
31500,0.765,0.000,0.235
32000,0.769,0.000,0.231
32500,0.786,0.000,0.214
33000,0.809,0.000,0.191
33500,0.832,0.000,0.168
34000,0.828,0.000,0.172
34500,0.834,0.000,0.166
35000,0.840,0.000,0.160
35500,0.834,0.000,0.166
36000,0.823,0.000,0.177
36500,0.800,0.000,0.200
37000,0.781,0.000,0.219
37500,0.805,0.000,0.195
38000,0.785,0.000,0.215
38500,0.784,0.000,0.216
39000,0.759,0.000,0.241
39500,0.771,0.000,0.229
40000,0.736,0.000,0.264
40500,0.762,0.000,0.238
41000,0.796,0.000,0.204
41500,0.781,0.000,0.219
42000,0.787,0.000,0.213
42500,0.815,0.000,0.185
43000,0.819,0.000,0.181
43500,0.822,0.000,0.178
44000,0.829,0.000,0.171
44500,0.829,0.000,0.171
45000,0.835,0.000,0.165
45500,0.837,0.000,0.163
46000,0.856,0.000,0.144
46500,0.872,0.000,0.128
47000,0.873,0.000,0.127
47500,0.856,0.000,0.144
48000,0.837,0.000,0.163
48500,0.825,0.000,0.175
49000,0.823,0.000,0.177
49500,0.848,0.000,0.152
50000,0.839,0.000,0.161
50500,0.858,0.000,0.142
51000,0.847,0.000,0.153
51500,0.859,0.000,0.141
52000,0.872,0.000,0.128
52500,0.819,0.000,0.181
53000,0.843,0.000,0.157
53500,0.838,0.000,0.162
54000,0.845,0.000,0.155
54500,0.843,0.000,0.157
55000,0.861,0.000,0.139
55500,0.826,0.000,0.174
56000,0.844,0.000,0.156
56500,0.823,0.000,0.177
57000,0.826,0.000,0.174
57500,0.832,0.000,0.168
58000,0.846,0.000,0.154
58500,0.841,0.000,0.159
59000,0.861,0.000,0.139
59500,0.846,0.000,0.154
60000,0.836,0.000,0.164
60500,0.830,0.000,0.170
61000,0.845,0.000,0.155
61500,0.843,0.000,0.157
62000,0.859,0.000,0.141
62500,0.825,0.000,0.175
63000,0.806,0.000,0.194
63500,0.814,0.000,0.186
64000,0.825,0.000,0.175
64500,0.835,0.000,0.165
65000,0.850,0.000,0.150
65500,0.863,0.000,0.137
66000,0.872,0.000,0.128
66500,0.878,0.000,0.122
67000,0.880,0.000,0.120
67500,0.889,0.000,0.111
68000,0.895,0.000,0.105
68500,0.846,0.000,0.154
69000,0.871,0.000,0.129
69500,0.872,0.000,0.128
70000,0.868,0.000,0.132
70500,0.832,0.000,0.168
71000,0.826,0.000,0.174
71500,0.827,0.000,0.173
72000,0.817,0.000,0.183
72500,0.821,0.000,0.179
73000,0.814,0.000,0.186
73500,0.812,0.000,0.188
74000,0.837,0.000,0.163
74500,0.828,0.000,0.172
75000,0.827,0.000,0.173
75500,0.828,0.000,0.172
76000,0.834,0.000,0.166
76500,0.840,0.000,0.160
77000,0.791,0.000,0.209
77500,0.794,0.000,0.206
78000,0.789,0.000,0.211
78500,0.778,0.000,0.222
79000,0.783,0.000,0.217
79500,0.788,0.000,0.212
80000,0.811,0.000,0.189
80500,0.837,0.000,0.163
81000,0.816,0.000,0.184
81500,0.809,0.000,0.191
82000,0.821,0.000,0.179
82500,0.833,0.000,0.167
83000,0.830,0.000,0.170
83500,0.838,0.000,0.162
84000,0.790,0.000,0.210
84500,0.816,0.000,0.184
85000,0.821,0.000,0.179
85500,0.806,0.000,0.194
86000,0.791,0.000,0.209
86500,0.811,0.000,0.189
87000,0.806,0.000,0.194
87500,0.806,0.000,0.194
88000,0.820,0.000,0.180
88500,0.799,0.000,0.201
89000,0.798,0.000,0.202
89500,0.821,0.000,0.179
90000,0.820,0.000,0.180
90500,0.826,0.000,0.174
91000,0.835,0.000,0.165
91500,0.827,0.000,0.173
92000,0.811,0.000,0.189
92500,0.800,0.000,0.200
93000,0.815,0.000,0.185
93500,0.830,0.000,0.170
94000,0.855,0.000,0.145
94500,0.851,0.000,0.149
95000,0.864,0.000,0.136
95500,0.857,0.000,0.143
96000,0.856,0.000,0.144
96500,0.857,0.000,0.143
97000,0.852,0.000,0.148
97500,0.844,0.000,0.156
98000,0.847,0.000,0.153
98500,0.864,0.000,0.136
99000,0.880,0.000,0.120
99500,0.858,0.000,0.142
100000,0.845,0.000,0.155
100500,0.861,0.000,0.139
101000,0.854,0.000,0.146
101500,0.844,0.000,0.156
102000,0.827,0.000,0.173
102500,0.807,0.000,0.193
103000,0.801,0.000,0.199
103500,0.810,0.000,0.190
104000,0.783,0.000,0.217
104500,0.769,0.000,0.231
105000,0.796,0.000,0.204
105500,0.810,0.000,0.190
106000,0.806,0.000,0.194
106500,0.820,0.000,0.180
107000,0.809,0.000,0.191
107500,0.805,0.000,0.195
108000,0.775,0.000,0.225
108500,0.778,0.000,0.222
109000,0.780,0.000,0.220
109500,0.766,0.000,0.234
110000,0.783,0.000,0.217
110500,0.811,0.000,0.189
111000,0.823,0.000,0.177
111500,0.809,0.000,0.191
112000,0.818,0.000,0.182
112500,0.775,0.000,0.225
113000,0.764,0.000,0.236
113500,0.770,0.000,0.230
114000,0.811,0.000,0.189
114500,0.833,0.000,0.167
115000,0.849,0.000,0.151
115500,0.866,0.000,0.134
116000,0.876,0.000,0.124
116500,0.839,0.000,0.161
117000,0.854,0.000,0.146
117500,0.872,0.000,0.128
118000,0.868,0.000,0.132
118500,0.847,0.000,0.153
119000,0.855,0.000,0.145
119500,0.846,0.000,0.154
120000,0.856,0.000,0.144
120500,0.876,0.000,0.124
121000,0.900,0.000,0.100
121500,0.900,0.000,0.100
122000,0.898,0.000,0.102
122500,0.889,0.000,0.111
123000,0.853,0.000,0.147
123500,0.833,0.000,0.167
124000,0.852,0.000,0.148
124500,0.835,0.000,0.165
125000,0.864,0.000,0.136
125500,0.887,0.000,0.113
126000,0.900,0.000,0.100
126500,0.894,0.000,0.106
127000,0.897,0.000,0.103
127500,0.916,0.000,0.084
128000,0.919,0.000,0.081
128500,0.887,0.000,0.113
129000,0.869,0.000,0.131
129500,0.889,0.000,0.111
130000,0.872,0.000,0.128
130500,0.867,0.000,0.133
131000,0.881,0.000,0.119
131500,0.877,0.000,0.123
132000,0.873,0.000,0.127
132500,0.870,0.000,0.130
133000,0.865,0.000,0.135
133500,0.872,0.000,0.128
134000,0.829,0.000,0.171
134500,0.826,0.000,0.174
135000,0.840,0.000,0.160
135500,0.832,0.000,0.168
136000,0.829,0.000,0.171
136500,0.837,0.000,0.163
137000,0.833,0.000,0.167
137500,0.849,0.000,0.151
138000,0.823,0.000,0.177
138500,0.790,0.000,0.210
139000,0.817,0.000,0.183
139500,0.806,0.000,0.194
140000,0.795,0.000,0.205
140500,0.784,0.000,0.216
141000,0.764,0.000,0.236
141500,0.784,0.000,0.216
142000,0.798,0.000,0.202
142500,0.797,0.000,0.203
143000,0.805,0.000,0.195
143500,0.816,0.000,0.184
144000,0.811,0.000,0.189
144500,0.764,0.000,0.236
145000,0.795,0.000,0.205
145500,0.811,0.000,0.189
146000,0.794,0.000,0.206
146500,0.779,0.000,0.221
147000,0.764,0.000,0.236
147500,0.803,0.000,0.197
148000,0.804,0.000,0.196
148500,0.821,0.000,0.179
149000,0.851,0.000,0.149
149500,0.867,0.000,0.133
150000,0.884,0.000,0.116
150500,0.873,0.000,0.127
151000,0.890,0.000,0.110
151500,0.905,0.000,0.095
152000,0.901,0.000,0.099
152500,0.902,0.000,0.098
153000,0.896,0.000,0.104
153500,0.916,0.000,0.084
154000,0.925,0.000,0.075
154500,0.922,0.000,0.078
155000,0.914,0.000,0.086
155500,0.911,0.000,0.089
156000,0.920,0.000,0.080
156500,0.905,0.000,0.095
157000,0.899,0.000,0.101
157500,0.906,0.000,0.094
158000,0.905,0.000,0.095
158500,0.884,0.000,0.116
159000,0.870,0.000,0.130
159500,0.874,0.000,0.126
160000,0.868,0.000,0.132
160500,0.860,0.000,0.140
161000,0.862,0.000,0.138
161500,0.859,0.000,0.141
162000,0.857,0.000,0.143
162500,0.831,0.000,0.169
163000,0.835,0.000,0.165
163500,0.842,0.000,0.158
164000,0.854,0.000,0.146
164500,0.813,0.000,0.187
165000,0.800,0.000,0.200
165500,0.836,0.000,0.164
166000,0.830,0.000,0.170
166500,0.847,0.000,0.153
167000,0.844,0.000,0.156
167500,0.846,0.000,0.154
168000,0.834,0.000,0.166
168500,0.853,0.000,0.147
169000,0.842,0.000,0.158
169500,0.876,0.000,0.124
170000,0.880,0.000,0.120
170500,0.857,0.000,0.143
171000,0.868,0.000,0.132
171500,0.855,0.000,0.145
172000,0.845,0.000,0.155
172500,0.830,0.000,0.170
173000,0.861,0.000,0.139
173500,0.878,0.000,0.122
174000,0.862,0.000,0.138
174500,0.865,0.000,0.135
175000,0.867,0.000,0.133
175500,0.875,0.000,0.125
176000,0.861,0.000,0.139
176500,0.854,0.000,0.146
177000,0.853,0.000,0.147
177500,0.866,0.000,0.134
178000,0.828,0.000,0.172
178500,0.843,0.000,0.157
179000,0.836,0.000,0.164
179500,0.847,0.000,0.153
180000,0.835,0.000,0.165
180500,0.853,0.000,0.147
181000,0.852,0.000,0.148
181500,0.831,0.000,0.169
182000,0.831,0.000,0.169
182500,0.826,0.000,0.174
183000,0.798,0.000,0.202
183500,0.803,0.000,0.197
184000,0.825,0.000,0.175
184500,0.796,0.000,0.204
185000,0.773,0.000,0.227
185500,0.778,0.000,0.222
186000,0.780,0.000,0.220
186500,0.765,0.000,0.235
187000,0.782,0.000,0.218
187500,0.800,0.000,0.200
188000,0.796,0.000,0.204
188500,0.791,0.000,0.209
189000,0.776,0.000,0.224
189500,0.815,0.000,0.185
190000,0.812,0.000,0.188
190500,0.795,0.000,0.205
191000,0.790,0.000,0.210
191500,0.796,0.000,0.204
192000,0.787,0.000,0.213
192500,0.774,0.000,0.226
193000,0.798,0.000,0.202
193500,0.791,0.000,0.209
194000,0.781,0.000,0.219
194500,0.746,0.000,0.254
195000,0.735,0.000,0.265
195500,0.750,0.000,0.250
196000,0.750,0.000,0.250
196500,0.750,0.002,0.248
197000,0.796,0.000,0.204
197500,0.813,0.000,0.187
198000,0.780,0.000,0.220
198500,0.810,0.000,0.190
199000,0.813,0.000,0.187
199500,0.781,0.000,0.219
200000,0.799,0.000,0.201
200500,0.802,0.000,0.198
201000,0.788,0.000,0.212
201500,0.805,0.000,0.195
202000,0.785,0.000,0.215
202500,0.770,0.000,0.230
203000,0.769,0.000,0.231
203500,0.777,0.000,0.223
204000,0.745,0.000,0.255
204500,0.758,0.000,0.242
205000,0.758,0.000,0.242
205500,0.735,0.000,0.265
206000,0.741,0.000,0.259
206500,0.722,0.000,0.278
207000,0.734,0.000,0.266
207500,0.732,0.000,0.268
208000,0.754,0.000,0.246
208500,0.741,0.000,0.259
209000,0.736,0.000,0.264
209500,0.747,0.000,0.253
210000,0.773,0.000,0.227
210500,0.786,0.000,0.214
211000,0.798,0.000,0.202
211500,0.831,0.000,0.169
212000,0.822,0.000,0.178
212500,0.794,0.000,0.206
213000,0.770,0.000,0.230
213500,0.760,0.000,0.240
214000,0.729,0.000,0.271
214500,0.762,0.000,0.238
215000,0.767,0.000,0.233
215500,0.826,0.000,0.174
216000,0.842,0.000,0.158
216500,0.868,0.000,0.132
217000,0.834,0.000,0.166
217500,0.848,0.000,0.152
218000,0.847,0.000,0.153
218500,0.862,0.000,0.138
219000,0.835,0.000,0.165
219500,0.824,0.000,0.176
220000,0.823,0.000,0.177
220500,0.847,0.000,0.153
221000,0.837,0.000,0.163
221500,0.838,0.000,0.162
222000,0.809,0.000,0.191
222500,0.831,0.000,0.169
223000,0.859,0.000,0.141
223500,0.854,0.000,0.146
224000,0.860,0.000,0.140
224500,0.851,0.000,0.149
225000,0.829,0.000,0.171
225500,0.856,0.000,0.144
226000,0.838,0.000,0.162
226500,0.811,0.000,0.189
227000,0.764,0.000,0.236
227500,0.768,0.000,0.232
228000,0.777,0.000,0.223
228500,0.783,0.000,0.217
229000,0.793,0.000,0.207
229500,0.811,0.000,0.189
230000,0.823,0.000,0.177
230500,0.805,0.000,0.195
231000,0.822,0.000,0.178
231500,0.830,0.000,0.170
232000,0.816,0.000,0.184
232500,0.800,0.000,0.200
233000,0.824,0.000,0.176
233500,0.857,0.000,0.143
234000,0.835,0.000,0.165
234500,0.837,0.000,0.163
235000,0.853,0.000,0.147
235500,0.881,0.000,0.119
236000,0.902,0.000,0.098
236500,0.907,0.000,0.093
237000,0.869,0.000,0.131
237500,0.874,0.000,0.126
238000,0.862,0.000,0.138
238500,0.839,0.000,0.161
239000,0.840,0.000,0.160
239500,0.819,0.000,0.181
240000,0.789,0.000,0.211
240500,0.790,0.000,0.210
241000,0.809,0.000,0.191
241500,0.811,0.000,0.189
242000,0.809,0.000,0.191
242500,0.769,0.000,0.231
243000,0.754,0.000,0.246
243500,0.775,0.000,0.225
244000,0.786,0.000,0.214
244500,0.793,0.000,0.207
245000,0.777,0.000,0.223
245500,0.809,0.000,0.191
246000,0.806,0.000,0.194
246500,0.789,0.000,0.211
247000,0.801,0.000,0.199
247500,0.798,0.000,0.202
248000,0.814,0.000,0.186
248500,0.818,0.000,0.182
249000,0.822,0.000,0.178
249500,0.809,0.000,0.191
250000,0.872,0.000,0.128
250500,0.893,0.000,0.107
251000,0.906,0.000,0.094
251500,0.900,0.000,0.100
252000,0.907,0.000,0.093
252500,0.912,0.000,0.088
253000,0.917,0.000,0.083
253500,0.915,0.000,0.085
254000,0.913,0.000,0.087
254500,0.917,0.000,0.083
255000,0.922,0.000,0.078
255500,0.933,0.000,0.067
256000,0.929,0.000,0.071
256500,0.916,0.000,0.084
257000,0.915,0.000,0.085
257500,0.899,0.000,0.101
258000,0.896,0.000,0.104
258500,0.866,0.000,0.134
259000,0.846,0.000,0.154
259500,0.850,0.000,0.150
260000,0.863,0.000,0.137
260500,0.834,0.000,0.166
261000,0.814,0.000,0.186
261500,0.832,0.000,0.168
262000,0.832,0.000,0.168
262500,0.854,0.000,0.146
263000,0.854,0.000,0.146
263500,0.818,0.000,0.182
264000,0.815,0.000,0.185
264500,0.814,0.000,0.186
265000,0.784,0.000,0.216
265500,0.778,0.000,0.222
266000,0.766,0.000,0.234
266500,0.801,0.000,0.199
267000,0.779,0.000,0.221
267500,0.775,0.000,0.225
268000,0.788,0.000,0.212
268500,0.763,0.000,0.237
269000,0.782,0.000,0.218
269500,0.778,0.000,0.222
270000,0.827,0.000,0.173
270500,0.840,0.000,0.160
271000,0.831,0.000,0.169
271500,0.828,0.000,0.172
272000,0.850,0.000,0.150
272500,0.857,0.000,0.143
273000,0.833,0.000,0.167
273500,0.820,0.000,0.180
274000,0.801,0.000,0.199
274500,0.819,0.000,0.181
275000,0.812,0.000,0.188
275500,0.764,0.000,0.236
276000,0.786,0.000,0.214
276500,0.779,0.000,0.221
277000,0.758,0.000,0.242
277500,0.760,0.000,0.240
278000,0.761,0.000,0.239
278500,0.820,0.000,0.180
279000,0.786,0.000,0.214
279500,0.805,0.000,0.195
280000,0.783,0.000,0.217
280500,0.789,0.000,0.211
281000,0.811,0.000,0.189
281500,0.837,0.000,0.163
282000,0.819,0.000,0.181
282500,0.816,0.000,0.184
283000,0.839,0.000,0.161
283500,0.843,0.000,0.157
284000,0.794,0.000,0.206
284500,0.812,0.000,0.188
285000,0.794,0.000,0.206
285500,0.820,0.000,0.180
286000,0.851,0.000,0.149
286500,0.830,0.000,0.170
287000,0.835,0.000,0.165
287500,0.835,0.000,0.165
288000,0.856,0.000,0.144
288500,0.859,0.000,0.141
289000,0.881,0.000,0.119
289500,0.899,0.000,0.101
290000,0.902,0.000,0.098
290500,0.899,0.000,0.101
291000,0.878,0.000,0.122
291500,0.881,0.000,0.119
292000,0.833,0.000,0.167
292500,0.808,0.000,0.192
293000,0.827,0.000,0.173
293500,0.832,0.000,0.168
294000,0.803,0.000,0.197
294500,0.823,0.000,0.177
295000,0.821,0.000,0.179
295500,0.835,0.000,0.165
296000,0.823,0.000,0.177
296500,0.799,0.000,0.201
297000,0.790,0.000,0.210
297500,0.794,0.000,0.206
298000,0.788,0.000,0.212
298500,0.779,0.000,0.221
299000,0.781,0.000,0.219
299500,0.797,0.000,0.203
300000,0.787,0.000,0.213
300500,0.773,0.000,0.227
301000,0.781,0.000,0.219
301500,0.740,0.000,0.260
302000,0.742,0.000,0.258
302500,0.770,0.000,0.230
303000,0.746,0.000,0.254
303500,0.729,0.000,0.271
304000,0.732,0.000,0.268
304500,0.754,0.000,0.246
305000,0.730,0.000,0.270
305500,0.748,0.000,0.252
306000,0.755,0.000,0.245
306500,0.756,0.000,0.244
307000,0.743,0.000,0.257
307500,0.760,0.000,0.240
308000,0.745,0.000,0.255
308500,0.734,0.000,0.266
309000,0.774,0.000,0.226
309500,0.784,0.000,0.216
310000,0.792,0.000,0.208
310500,0.795,0.000,0.205
311000,0.795,0.000,0.205
311500,0.814,0.000,0.186
312000,0.831,0.000,0.169
312500,0.848,0.000,0.152
313000,0.819,0.000,0.181
313500,0.811,0.000,0.189
314000,0.820,0.000,0.180
314500,0.821,0.000,0.179
315000,0.806,0.000,0.194
315500,0.808,0.000,0.192
316000,0.823,0.000,0.177
316500,0.829,0.000,0.171
317000,0.845,0.000,0.155
317500,0.854,0.000,0.146
318000,0.850,0.000,0.150
318500,0.846,0.000,0.154
319000,0.868,0.000,0.132
319500,0.882,0.000,0.118
320000,0.896,0.000,0.104
320500,0.903,0.000,0.097
321000,0.907,0.000,0.093
321500,0.926,0.000,0.074
322000,0.924,0.000,0.076
322500,0.900,0.000,0.100
323000,0.898,0.000,0.102
323500,0.873,0.000,0.127
324000,0.882,0.000,0.118
324500,0.872,0.000,0.128
325000,0.885,0.000,0.115
325500,0.868,0.000,0.132
326000,0.833,0.000,0.167
326500,0.822,0.000,0.178
327000,0.833,0.000,0.167
327500,0.827,0.000,0.173
328000,0.817,0.000,0.183
328500,0.819,0.000,0.181
329000,0.810,0.000,0.190
329500,0.833,0.000,0.167
330000,0.849,0.000,0.151
330500,0.841,0.000,0.159
331000,0.864,0.000,0.136
331500,0.905,0.000,0.095
332000,0.878,0.000,0.122
332500,0.866,0.000,0.134
333000,0.868,0.000,0.132
333500,0.859,0.000,0.141
334000,0.854,0.000,0.146
334500,0.851,0.000,0.149
335000,0.832,0.000,0.168
335500,0.857,0.000,0.143
336000,0.876,0.000,0.124
336500,0.888,0.000,0.112
337000,0.857,0.000,0.143
337500,0.870,0.000,0.130
338000,0.844,0.000,0.156
338500,0.831,0.000,0.169
339000,0.804,0.000,0.196
339500,0.831,0.000,0.169
340000,0.826,0.000,0.174
340500,0.841,0.000,0.159
341000,0.836,0.000,0.164
341500,0.834,0.000,0.166
342000,0.830,0.000,0.170
342500,0.835,0.000,0.165
343000,0.852,0.000,0.148
343500,0.883,0.000,0.117
344000,0.881,0.000,0.119
344500,0.892,0.000,0.108
345000,0.912,0.000,0.088
345500,0.916,0.000,0.084
346000,0.919,0.000,0.081
346500,0.944,0.000,0.056
347000,0.945,0.000,0.055
347500,0.929,0.000,0.071
348000,0.943,0.000,0.057
348500,0.939,0.000,0.061
349000,0.923,0.000,0.077
349500,0.905,0.000,0.095
350000,0.913,0.000,0.087
350500,0.932,0.000,0.068
351000,0.922,0.000,0.078
351500,0.917,0.000,0.083
352000,0.898,0.000,0.102
352500,0.885,0.000,0.115
353000,0.889,0.000,0.111
353500,0.889,0.000,0.111
354000,0.893,0.000,0.107
354500,0.870,0.000,0.130
355000,0.885,0.000,0.115
355500,0.887,0.000,0.113
356000,0.884,0.000,0.116
356500,0.880,0.000,0.120
357000,0.875,0.000,0.125
357500,0.845,0.000,0.155
358000,0.849,0.000,0.151
358500,0.812,0.000,0.188
359000,0.835,0.000,0.165
359500,0.868,0.000,0.132
360000,0.877,0.000,0.123
360500,0.851,0.000,0.149
361000,0.845,0.000,0.155
361500,0.843,0.000,0.157
362000,0.814,0.000,0.186
362500,0.799,0.000,0.201
363000,0.783,0.000,0.217
363500,0.809,0.000,0.191
364000,0.819,0.000,0.181
364500,0.811,0.000,0.189
365000,0.838,0.000,0.162
365500,0.853,0.000,0.147
366000,0.807,0.000,0.193
366500,0.818,0.000,0.182
367000,0.828,0.000,0.172
367500,0.841,0.000,0.159
368000,0.793,0.000,0.207
368500,0.828,0.000,0.172
369000,0.845,0.000,0.155
369500,0.887,0.000,0.113
370000,0.888,0.000,0.112
370500,0.872,0.000,0.128
371000,0.885,0.000,0.115
371500,0.888,0.000,0.112
372000,0.901,0.000,0.099
372500,0.905,0.000,0.095
373000,0.898,0.000,0.102
373500,0.890,0.000,0.110
374000,0.877,0.000,0.123
374500,0.832,0.000,0.168
375000,0.847,0.000,0.153
375500,0.863,0.000,0.137
376000,0.866,0.000,0.134
376500,0.883,0.000,0.117
377000,0.882,0.000,0.118
377500,0.867,0.000,0.133
378000,0.868,0.000,0.132
378500,0.873,0.000,0.127
379000,0.866,0.000,0.134
379500,0.870,0.000,0.130
380000,0.859,0.000,0.141
380500,0.869,0.000,0.131
381000,0.861,0.000,0.139
381500,0.837,0.000,0.163
382000,0.843,0.000,0.157
382500,0.816,0.000,0.184
383000,0.824,0.000,0.176
383500,0.823,0.000,0.177
384000,0.802,0.000,0.198
384500,0.846,0.000,0.154
385000,0.854,0.000,0.146
385500,0.848,0.000,0.152
386000,0.874,0.000,0.126
386500,0.869,0.000,0.131
387000,0.846,0.000,0.154
387500,0.860,0.000,0.140
388000,0.834,0.000,0.166
388500,0.820,0.000,0.180
389000,0.790,0.000,0.210
389500,0.788,0.000,0.212
390000,0.790,0.000,0.210
390500,0.785,0.000,0.215
391000,0.808,0.000,0.192
391500,0.866,0.000,0.134
392000,0.871,0.000,0.129
392500,0.897,0.000,0.103
393000,0.854,0.000,0.146
393500,0.800,0.000,0.200
394000,0.808,0.000,0.192
394500,0.799,0.000,0.201
395000,0.803,0.000,0.197
395500,0.821,0.000,0.179
396000,0.816,0.000,0.184
396500,0.823,0.000,0.177
397000,0.831,0.000,0.169
397500,0.827,0.000,0.173
398000,0.845,0.000,0.155
398500,0.845,0.000,0.155
399000,0.852,0.000,0.148
399500,0.831,0.000,0.169
400000,0.873,0.000,0.127
400500,0.882,0.000,0.118
401000,0.876,0.000,0.124
401500,0.873,0.000,0.127
402000,0.880,0.000,0.120
402500,0.868,0.000,0.132
403000,0.886,0.000,0.114
403500,0.887,0.000,0.113
404000,0.872,0.000,0.128
404500,0.892,0.000,0.108
405000,0.878,0.000,0.122
405500,0.879,0.000,0.121
406000,0.878,0.000,0.122
406500,0.865,0.000,0.135
407000,0.874,0.000,0.126
407500,0.887,0.000,0.113
408000,0.881,0.000,0.119
408500,0.862,0.000,0.138
409000,0.844,0.000,0.156
409500,0.845,0.000,0.155
410000,0.822,0.000,0.178
410500,0.833,0.000,0.167
411000,0.820,0.000,0.180
411500,0.809,0.000,0.191
412000,0.828,0.000,0.172
412500,0.800,0.000,0.200
413000,0.806,0.000,0.194
413500,0.842,0.000,0.158
414000,0.836,0.000,0.164
414500,0.838,0.000,0.162
415000,0.849,0.000,0.151
415500,0.828,0.000,0.172
416000,0.821,0.000,0.179
416500,0.810,0.000,0.190
417000,0.785,0.000,0.215
417500,0.800,0.000,0.200
418000,0.802,0.000,0.198
418500,0.796,0.000,0.204
419000,0.780,0.003,0.217
419500,0.801,0.001,0.198
420000,0.803,0.000,0.197
420500,0.816,0.000,0.184
421000,0.808,0.000,0.192
421500,0.809,0.000,0.191
422000,0.814,0.000,0.186
422500,0.789,0.000,0.211
423000,0.773,0.000,0.227
423500,0.766,0.000,0.234
424000,0.784,0.000,0.216
424500,0.794,0.000,0.206
425000,0.795,0.000,0.205
425500,0.770,0.000,0.230
426000,0.760,0.000,0.240
426500,0.759,0.000,0.241
427000,0.769,0.000,0.231
427500,0.782,0.000,0.218
428000,0.784,0.000,0.216
428500,0.812,0.000,0.188
429000,0.846,0.000,0.154
429500,0.815,0.000,0.185
430000,0.846,0.000,0.154
430500,0.841,0.000,0.159
431000,0.841,0.000,0.159
431500,0.841,0.000,0.159
432000,0.856,0.000,0.144
432500,0.876,0.000,0.124
433000,0.859,0.000,0.141
433500,0.861,0.000,0.139
434000,0.880,0.000,0.120
434500,0.874,0.000,0.126
435000,0.888,0.000,0.112
435500,0.863,0.000,0.137
436000,0.861,0.000,0.139
436500,0.863,0.000,0.137
437000,0.859,0.000,0.141
437500,0.845,0.000,0.155
438000,0.852,0.000,0.148
438500,0.851,0.000,0.149
439000,0.869,0.000,0.131
439500,0.863,0.000,0.137
440000,0.867,0.000,0.133
440500,0.859,0.000,0.141
441000,0.869,0.000,0.131
441500,0.882,0.000,0.118
442000,0.877,0.000,0.123
442500,0.869,0.000,0.131
443000,0.876,0.000,0.124
443500,0.869,0.000,0.131
444000,0.838,0.000,0.162
444500,0.840,0.000,0.160
445000,0.849,0.000,0.151
445500,0.869,0.000,0.131
446000,0.870,0.000,0.130
446500,0.871,0.000,0.129
447000,0.887,0.000,0.113
447500,0.889,0.000,0.111
448000,0.895,0.000,0.105
448500,0.885,0.000,0.115
449000,0.879,0.000,0.121
449500,0.909,0.000,0.091
450000,0.919,0.000,0.081
450500,0.906,0.000,0.094
451000,0.875,0.000,0.125
451500,0.871,0.000,0.129
452000,0.910,0.000,0.090
452500,0.906,0.000,0.094
453000,0.923,0.000,0.077
453500,0.917,0.000,0.083
454000,0.916,0.000,0.084
454500,0.938,0.000,0.062
455000,0.913,0.000,0.087
455500,0.903,0.000,0.097
456000,0.918,0.000,0.082
456500,0.916,0.000,0.084
457000,0.907,0.000,0.093
457500,0.900,0.000,0.100
458000,0.901,0.000,0.099
458500,0.908,0.000,0.092
459000,0.928,0.000,0.072
459500,0.926,0.000,0.074
460000,0.921,0.000,0.079
460500,0.937,0.000,0.063
461000,0.938,0.000,0.062
461500,0.954,0.000,0.046
462000,0.966,0.000,0.034
462500,0.980,0.000,0.020
463000,0.983,0.000,0.017
463500,0.985,0.000,0.015
464000,0.980,0.000,0.020
464500,0.978,0.000,0.022
465000,0.974,0.000,0.026
465500,0.976,0.000,0.024
466000,0.978,0.000,0.022
466500,0.985,0.000,0.015
467000,0.990,0.000,0.010
467500,0.984,0.000,0.016
468000,0.991,0.000,0.009
468500,0.984,0.000,0.016
469000,0.981,0.000,0.019
469500,0.967,0.000,0.033
470000,0.957,0.000,0.043
470500,0.946,0.000,0.054
471000,0.916,0.000,0.084
471500,0.891,0.000,0.109
472000,0.905,0.000,0.095
472500,0.909,0.000,0.091
473000,0.873,0.000,0.127
473500,0.860,0.000,0.140
474000,0.852,0.000,0.148
474500,0.830,0.000,0.170
475000,0.830,0.000,0.170
475500,0.786,0.000,0.214
476000,0.796,0.000,0.204
476500,0.781,0.000,0.219
477000,0.770,0.000,0.230
477500,0.775,0.000,0.225
478000,0.766,0.000,0.234
478500,0.762,0.000,0.238
479000,0.768,0.000,0.232
479500,0.799,0.000,0.201
480000,0.812,0.000,0.188
480500,0.783,0.000,0.217
481000,0.801,0.000,0.199
481500,0.776,0.000,0.224
482000,0.832,0.000,0.168
482500,0.817,0.000,0.183
483000,0.823,0.000,0.177
483500,0.832,0.000,0.168
484000,0.819,0.000,0.181
484500,0.834,0.000,0.166
485000,0.840,0.000,0.160
485500,0.867,0.000,0.133
486000,0.882,0.000,0.118
486500,0.875,0.000,0.125
487000,0.875,0.000,0.125
487500,0.893,0.000,0.107
488000,0.850,0.000,0.150
488500,0.815,0.000,0.185
489000,0.821,0.000,0.179
489500,0.821,0.000,0.179
490000,0.829,0.000,0.171
490500,0.814,0.000,0.186
491000,0.802,0.000,0.198
491500,0.810,0.000,0.190
492000,0.813,0.000,0.187
492500,0.817,0.000,0.183
493000,0.832,0.000,0.168
493500,0.834,0.000,0.166
494000,0.833,0.000,0.167
494500,0.847,0.000,0.153
495000,0.835,0.000,0.165
495500,0.831,0.000,0.169
496000,0.836,0.000,0.164
496500,0.818,0.000,0.182
497000,0.812,0.000,0.188
497500,0.820,0.000,0.180
498000,0.820,0.000,0.180
498500,0.775,0.000,0.225
499000,0.789,0.000,0.211
499500,0.773,0.000,0.227
500000,0.759,0.000,0.241
500500,0.787,0.000,0.213
501000,0.775,0.000,0.225
501500,0.810,0.000,0.190
502000,0.839,0.000,0.161
502500,0.814,0.000,0.186
503000,0.796,0.000,0.204
503500,0.816,0.000,0.184
504000,0.832,0.000,0.168
504500,0.825,0.000,0.175
505000,0.807,0.000,0.193
505500,0.796,0.000,0.204
506000,0.798,0.000,0.202
506500,0.828,0.000,0.172
507000,0.804,0.000,0.196
507500,0.794,0.000,0.206
508000,0.805,0.000,0.195
508500,0.801,0.000,0.199
509000,0.827,0.000,0.173
509500,0.842,0.000,0.158
510000,0.810,0.000,0.190
510500,0.824,0.000,0.176
511000,0.805,0.000,0.195
511500,0.788,0.000,0.212
512000,0.783,0.000,0.217
512500,0.793,0.000,0.207
513000,0.758,0.000,0.242
513500,0.766,0.000,0.234
514000,0.750,0.000,0.250
514500,0.743,0.000,0.257
515000,0.755,0.000,0.245
515500,0.786,0.000,0.214
516000,0.776,0.000,0.224
516500,0.780,0.000,0.220
517000,0.752,0.000,0.248
517500,0.755,0.000,0.245
518000,0.772,0.000,0.228
518500,0.779,0.000,0.221
519000,0.813,0.000,0.187
519500,0.807,0.000,0.193
520000,0.804,0.000,0.196
520500,0.793,0.000,0.207
521000,0.830,0.000,0.170
521500,0.841,0.000,0.159
522000,0.857,0.000,0.143
522500,0.887,0.000,0.113
523000,0.892,0.000,0.108
523500,0.862,0.000,0.138
524000,0.866,0.000,0.134
524500,0.873,0.000,0.127
525000,0.881,0.000,0.119
525500,0.886,0.000,0.114
526000,0.893,0.000,0.107
526500,0.888,0.000,0.112
527000,0.914,0.000,0.086
527500,0.899,0.000,0.101
528000,0.910,0.000,0.090
528500,0.895,0.000,0.105
529000,0.888,0.000,0.112
529500,0.890,0.000,0.110
530000,0.880,0.000,0.120
530500,0.866,0.000,0.134
531000,0.855,0.000,0.145
531500,0.824,0.000,0.176
532000,0.845,0.000,0.155
532500,0.853,0.000,0.147
533000,0.864,0.000,0.136
533500,0.889,0.000,0.111
534000,0.906,0.000,0.094
534500,0.911,0.000,0.089
535000,0.877,0.000,0.123
535500,0.913,0.000,0.087
536000,0.917,0.000,0.083
536500,0.932,0.000,0.068
537000,0.927,0.000,0.073
537500,0.900,0.000,0.100
538000,0.898,0.000,0.102
538500,0.869,0.000,0.131
539000,0.881,0.000,0.119
539500,0.881,0.000,0.119
540000,0.876,0.000,0.124
540500,0.848,0.000,0.152
541000,0.861,0.000,0.139
541500,0.851,0.000,0.149
542000,0.866,0.000,0.134
542500,0.847,0.000,0.153
543000,0.833,0.000,0.167
543500,0.853,0.000,0.147
544000,0.849,0.000,0.151
544500,0.869,0.000,0.131
545000,0.841,0.000,0.159
545500,0.823,0.000,0.177
546000,0.819,0.000,0.181
546500,0.817,0.000,0.183
547000,0.820,0.000,0.180
547500,0.819,0.000,0.181
548000,0.819,0.000,0.181
548500,0.814,0.000,0.186
549000,0.857,0.000,0.143
549500,0.853,0.000,0.147
550000,0.843,0.000,0.157
550500,0.849,0.000,0.151
551000,0.861,0.000,0.139
551500,0.854,0.000,0.146
552000,0.865,0.000,0.135
552500,0.851,0.000,0.149
553000,0.857,0.000,0.143
553500,0.835,0.000,0.165
554000,0.825,0.000,0.175
554500,0.810,0.000,0.190
555000,0.779,0.000,0.221
555500,0.776,0.000,0.224
556000,0.776,0.000,0.224
556500,0.809,0.000,0.191
557000,0.796,0.000,0.204
557500,0.796,0.000,0.204
558000,0.802,0.000,0.198
558500,0.818,0.000,0.182
559000,0.814,0.000,0.186
559500,0.840,0.000,0.160
560000,0.800,0.000,0.200
560500,0.808,0.000,0.192
561000,0.826,0.000,0.174
561500,0.825,0.000,0.175
562000,0.794,0.000,0.206
562500,0.811,0.000,0.189
563000,0.826,0.000,0.174
563500,0.827,0.000,0.173
564000,0.853,0.000,0.147
564500,0.838,0.000,0.162
565000,0.849,0.000,0.151
565500,0.826,0.000,0.174
566000,0.852,0.000,0.148
566500,0.828,0.000,0.172
567000,0.805,0.000,0.195
567500,0.827,0.000,0.173
568000,0.848,0.000,0.152
568500,0.882,0.000,0.118
569000,0.870,0.000,0.130
569500,0.892,0.000,0.108
570000,0.866,0.000,0.134
570500,0.855,0.000,0.145
571000,0.838,0.000,0.162
571500,0.839,0.000,0.161
572000,0.857,0.000,0.143
572500,0.874,0.000,0.126
573000,0.873,0.000,0.127
573500,0.884,0.000,0.116
574000,0.851,0.000,0.149
574500,0.844,0.000,0.156
575000,0.824,0.000,0.176
575500,0.822,0.000,0.178
576000,0.833,0.000,0.167
576500,0.856,0.000,0.144
577000,0.862,0.000,0.138
577500,0.853,0.000,0.147
578000,0.856,0.000,0.144
578500,0.833,0.000,0.167
579000,0.816,0.000,0.184
579500,0.860,0.000,0.140
580000,0.876,0.000,0.124
580500,0.884,0.000,0.116
581000,0.896,0.000,0.104
581500,0.879,0.000,0.121
582000,0.884,0.000,0.116
582500,0.885,0.000,0.115
583000,0.865,0.000,0.135
583500,0.843,0.000,0.157
584000,0.834,0.000,0.166
584500,0.853,0.000,0.147
585000,0.845,0.000,0.155
585500,0.851,0.000,0.149
586000,0.865,0.000,0.135
586500,0.858,0.000,0.142
587000,0.858,0.000,0.142
587500,0.851,0.000,0.149
588000,0.857,0.000,0.143
588500,0.867,0.000,0.133
589000,0.858,0.000,0.142
589500,0.839,0.000,0.161
590000,0.841,0.000,0.159
590500,0.859,0.000,0.141
591000,0.854,0.000,0.146
591500,0.871,0.000,0.129
592000,0.872,0.000,0.128
592500,0.879,0.000,0.121
593000,0.875,0.000,0.125
593500,0.872,0.000,0.128
594000,0.874,0.000,0.126
594500,0.870,0.000,0.130
595000,0.882,0.000,0.118
595500,0.895,0.000,0.105
596000,0.870,0.000,0.130
596500,0.863,0.000,0.137
597000,0.852,0.000,0.148
597500,0.860,0.000,0.140
598000,0.855,0.000,0.145
598500,0.863,0.000,0.137
599000,0.834,0.000,0.166
599500,0.821,0.000,0.179
600000,0.789,0.000,0.211
600500,0.767,0.000,0.233
601000,0.794,0.000,0.206
601500,0.779,0.000,0.221
602000,0.789,0.000,0.211
602500,0.792,0.000,0.208
603000,0.783,0.000,0.217
603500,0.800,0.000,0.200
604000,0.804,0.000,0.196
604500,0.810,0.000,0.190
605000,0.814,0.000,0.186
605500,0.794,0.000,0.206
606000,0.810,0.000,0.190
606500,0.800,0.000,0.200
607000,0.783,0.000,0.217
607500,0.759,0.000,0.241
608000,0.746,0.000,0.254
608500,0.724,0.000,0.276
609000,0.741,0.000,0.259
609500,0.734,0.000,0.266
610000,0.738,0.000,0.262
610500,0.729,0.000,0.271
611000,0.769,0.000,0.231
611500,0.780,0.000,0.220
612000,0.792,0.000,0.208
612500,0.793,0.000,0.207
613000,0.797,0.000,0.203
613500,0.788,0.000,0.212
614000,0.771,0.000,0.229
614500,0.751,0.000,0.249
615000,0.769,0.000,0.231
615500,0.772,0.000,0.228
616000,0.760,0.000,0.240
616500,0.795,0.000,0.205
617000,0.790,0.000,0.210
617500,0.796,0.000,0.204
618000,0.801,0.000,0.199
618500,0.813,0.000,0.187
619000,0.829,0.000,0.171
619500,0.846,0.000,0.154
620000,0.856,0.000,0.144
620500,0.851,0.000,0.149
621000,0.848,0.000,0.152
621500,0.822,0.000,0.178
622000,0.806,0.000,0.194
622500,0.834,0.000,0.166
623000,0.845,0.000,0.155
623500,0.848,0.000,0.152
624000,0.823,0.000,0.177
624500,0.834,0.000,0.166
625000,0.838,0.000,0.162
625500,0.843,0.000,0.157
626000,0.835,0.000,0.165
626500,0.842,0.000,0.158
627000,0.858,0.000,0.142
627500,0.840,0.000,0.160
628000,0.776,0.000,0.224
628500,0.774,0.000,0.226
629000,0.764,0.000,0.236
629500,0.800,0.000,0.200
630000,0.779,0.000,0.221
630500,0.820,0.000,0.180
631000,0.813,0.000,0.187
631500,0.830,0.000,0.170
632000,0.822,0.000,0.178
632500,0.828,0.000,0.172
633000,0.815,0.000,0.185
633500,0.802,0.000,0.198
634000,0.842,0.000,0.158
634500,0.843,0.000,0.157
635000,0.830,0.000,0.170
635500,0.828,0.000,0.172
636000,0.842,0.000,0.158
636500,0.848,0.000,0.152
637000,0.843,0.000,0.157
637500,0.846,0.000,0.154
638000,0.843,0.000,0.157
638500,0.842,0.000,0.158
639000,0.861,0.000,0.139
639500,0.875,0.000,0.125
640000,0.846,0.000,0.154
640500,0.828,0.000,0.172
641000,0.837,0.000,0.163
641500,0.833,0.000,0.167
642000,0.853,0.000,0.147
642500,0.866,0.000,0.134
643000,0.880,0.000,0.120
643500,0.860,0.000,0.140
644000,0.887,0.000,0.113
644500,0.889,0.000,0.111
645000,0.906,0.000,0.094
645500,0.903,0.000,0.097
646000,0.896,0.000,0.104
646500,0.882,0.000,0.118
647000,0.890,0.000,0.110
647500,0.896,0.000,0.104
648000,0.910,0.000,0.090
648500,0.910,0.000,0.090
649000,0.905,0.000,0.095
649500,0.903,0.000,0.097
650000,0.906,0.000,0.094
650500,0.892,0.000,0.108
651000,0.885,0.000,0.115
651500,0.901,0.000,0.099
652000,0.908,0.000,0.092
652500,0.908,0.000,0.092
653000,0.911,0.000,0.089
653500,0.906,0.000,0.094
654000,0.905,0.000,0.095
654500,0.895,0.000,0.105
655000,0.900,0.000,0.100
655500,0.902,0.000,0.098
656000,0.908,0.000,0.092
656500,0.912,0.000,0.088
657000,0.900,0.000,0.100
657500,0.877,0.000,0.123
658000,0.840,0.000,0.160
658500,0.850,0.000,0.150
659000,0.870,0.000,0.130
659500,0.866,0.000,0.134
660000,0.858,0.000,0.142
660500,0.851,0.000,0.149
661000,0.834,0.000,0.166
661500,0.832,0.000,0.168
662000,0.831,0.000,0.169
662500,0.830,0.000,0.170
663000,0.844,0.000,0.156
663500,0.846,0.000,0.154
664000,0.851,0.000,0.149
664500,0.824,0.000,0.176
665000,0.842,0.000,0.158
665500,0.841,0.000,0.159
666000,0.863,0.000,0.137
666500,0.842,0.000,0.158
667000,0.841,0.000,0.159
667500,0.823,0.000,0.177
668000,0.819,0.000,0.181
668500,0.844,0.000,0.156
669000,0.834,0.000,0.166
669500,0.861,0.000,0.139
670000,0.843,0.000,0.157
670500,0.841,0.000,0.159
671000,0.859,0.000,0.141
671500,0.833,0.000,0.167
672000,0.801,0.000,0.199
672500,0.835,0.000,0.165
673000,0.852,0.000,0.148
673500,0.848,0.000,0.152
674000,0.866,0.000,0.134
674500,0.849,0.000,0.151
675000,0.850,0.000,0.150
675500,0.860,0.000,0.140
676000,0.867,0.000,0.133
676500,0.872,0.000,0.128
677000,0.883,0.000,0.117
677500,0.871,0.000,0.129
678000,0.860,0.000,0.140
678500,0.837,0.000,0.163
679000,0.847,0.000,0.153
679500,0.842,0.000,0.158
680000,0.830,0.000,0.170
680500,0.837,0.000,0.163
681000,0.845,0.000,0.155
681500,0.870,0.000,0.130
682000,0.850,0.000,0.150
682500,0.856,0.000,0.144
683000,0.854,0.000,0.146
683500,0.859,0.000,0.141
684000,0.866,0.000,0.134
684500,0.860,0.000,0.140
685000,0.852,0.000,0.148
685500,0.867,0.000,0.133
686000,0.853,0.000,0.147
686500,0.877,0.000,0.123
687000,0.864,0.000,0.136
687500,0.862,0.000,0.138
688000,0.888,0.000,0.112
688500,0.887,0.000,0.113
689000,0.899,0.000,0.101
689500,0.888,0.000,0.112
690000,0.884,0.000,0.116
690500,0.907,0.000,0.093
691000,0.901,0.000,0.099
691500,0.891,0.000,0.109
692000,0.896,0.000,0.104
692500,0.894,0.000,0.106
693000,0.869,0.000,0.131
693500,0.875,0.000,0.125
694000,0.884,0.000,0.116
694500,0.870,0.000,0.130
695000,0.864,0.000,0.136
695500,0.885,0.000,0.115
696000,0.885,0.000,0.115
696500,0.876,0.000,0.124
697000,0.874,0.000,0.126
697500,0.892,0.000,0.108
698000,0.872,0.000,0.128
698500,0.880,0.000,0.120
699000,0.883,0.000,0.117
699500,0.875,0.000,0.125
700000,0.859,0.000,0.141
700500,0.861,0.000,0.139
701000,0.858,0.000,0.142
701500,0.853,0.000,0.147
702000,0.836,0.000,0.164
702500,0.847,0.000,0.153
703000,0.858,0.000,0.142
703500,0.846,0.000,0.154
704000,0.841,0.000,0.159
704500,0.836,0.000,0.164
705000,0.810,0.000,0.190
705500,0.807,0.000,0.193
706000,0.794,0.000,0.206
706500,0.780,0.000,0.220
707000,0.774,0.000,0.226
707500,0.800,0.000,0.200
708000,0.802,0.000,0.198
708500,0.798,0.000,0.202
709000,0.808,0.000,0.192
709500,0.785,0.000,0.215
710000,0.786,0.000,0.214
710500,0.764,0.000,0.236
711000,0.763,0.000,0.237
711500,0.749,0.000,0.251
712000,0.755,0.000,0.245
712500,0.787,0.000,0.213
713000,0.796,0.000,0.204
713500,0.800,0.000,0.200
714000,0.811,0.000,0.189
714500,0.817,0.000,0.183
715000,0.847,0.000,0.153
715500,0.859,0.000,0.141
716000,0.873,0.000,0.127
716500,0.851,0.000,0.149
717000,0.839,0.000,0.161
717500,0.825,0.000,0.175
718000,0.843,0.000,0.157
718500,0.806,0.000,0.194
719000,0.822,0.000,0.178
719500,0.801,0.000,0.199
720000,0.805,0.000,0.195
720500,0.834,0.000,0.166
721000,0.856,0.000,0.144
721500,0.841,0.000,0.159
722000,0.842,0.000,0.158
722500,0.853,0.000,0.147
723000,0.853,0.000,0.147
723500,0.881,0.000,0.119
724000,0.875,0.000,0.125
724500,0.866,0.000,0.134
725000,0.840,0.000,0.160
725500,0.847,0.000,0.153
726000,0.833,0.000,0.167
726500,0.840,0.000,0.160
727000,0.831,0.000,0.169
727500,0.832,0.000,0.168
728000,0.848,0.000,0.152
728500,0.859,0.000,0.141
729000,0.841,0.000,0.159
729500,0.830,0.000,0.170
730000,0.847,0.000,0.153
730500,0.837,0.000,0.163
731000,0.821,0.000,0.179
731500,0.814,0.000,0.186
732000,0.832,0.000,0.168
732500,0.839,0.000,0.161
733000,0.826,0.000,0.174
733500,0.833,0.000,0.167
734000,0.822,0.000,0.178
734500,0.803,0.000,0.197
735000,0.849,0.000,0.151
735500,0.856,0.000,0.144
736000,0.847,0.000,0.153
736500,0.839,0.000,0.161
737000,0.877,0.000,0.123
737500,0.890,0.000,0.110
738000,0.889,0.000,0.111
738500,0.882,0.000,0.118
739000,0.895,0.000,0.105
739500,0.897,0.000,0.103
740000,0.909,0.000,0.091
740500,0.930,0.000,0.070
741000,0.926,0.000,0.074
741500,0.929,0.000,0.071
742000,0.915,0.000,0.085
742500,0.915,0.000,0.085
743000,0.897,0.000,0.103
743500,0.883,0.000,0.117
744000,0.885,0.000,0.115
744500,0.887,0.000,0.113
745000,0.890,0.000,0.110
745500,0.908,0.000,0.092
746000,0.931,0.000,0.069
746500,0.936,0.000,0.064
747000,0.951,0.000,0.049
747500,0.953,0.000,0.047
748000,0.947,0.000,0.053
748500,0.938,0.000,0.062
749000,0.914,0.000,0.086
749500,0.931,0.000,0.069
750000,0.932,0.000,0.068
750500,0.910,0.000,0.090
751000,0.902,0.000,0.098
751500,0.915,0.000,0.085
752000,0.916,0.000,0.084
752500,0.941,0.000,0.059
753000,0.940,0.000,0.060
753500,0.933,0.000,0.067
754000,0.932,0.000,0.068
754500,0.940,0.000,0.060
755000,0.926,0.000,0.074
755500,0.925,0.000,0.075
756000,0.900,0.000,0.100
756500,0.886,0.000,0.114
757000,0.892,0.000,0.108
757500,0.888,0.000,0.112
758000,0.900,0.000,0.100
758500,0.895,0.000,0.105
759000,0.886,0.000,0.114
759500,0.904,0.000,0.096
760000,0.886,0.000,0.114
760500,0.896,0.000,0.104
761000,0.889,0.000,0.111
761500,0.870,0.000,0.130
762000,0.852,0.000,0.148
762500,0.835,0.000,0.165
763000,0.843,0.000,0.157
763500,0.836,0.000,0.164
764000,0.836,0.000,0.164
764500,0.857,0.000,0.143
765000,0.836,0.000,0.164
765500,0.854,0.000,0.146
766000,0.863,0.000,0.137
766500,0.874,0.000,0.126
767000,0.831,0.000,0.169
767500,0.837,0.000,0.163
768000,0.827,0.000,0.173
768500,0.840,0.000,0.160
769000,0.823,0.000,0.177
769500,0.839,0.000,0.161
770000,0.840,0.000,0.160
770500,0.823,0.000,0.177
771000,0.800,0.000,0.200
771500,0.817,0.000,0.183
772000,0.819,0.000,0.181
772500,0.820,0.000,0.180
773000,0.788,0.000,0.212
773500,0.761,0.000,0.239
774000,0.801,0.000,0.199
774500,0.795,0.000,0.205
775000,0.804,0.000,0.196
775500,0.809,0.000,0.191
776000,0.822,0.000,0.178
776500,0.836,0.000,0.164
777000,0.839,0.000,0.161
777500,0.834,0.000,0.166
778000,0.843,0.000,0.157
778500,0.841,0.000,0.159
779000,0.802,0.000,0.198
779500,0.791,0.000,0.209
780000,0.791,0.000,0.209
780500,0.773,0.000,0.227
781000,0.770,0.000,0.230
781500,0.766,0.000,0.234
782000,0.792,0.000,0.208
782500,0.790,0.000,0.210
783000,0.831,0.000,0.169
783500,0.809,0.000,0.191
784000,0.801,0.000,0.199
784500,0.790,0.000,0.210
785000,0.807,0.000,0.193
785500,0.808,0.000,0.192
786000,0.802,0.000,0.198
786500,0.783,0.000,0.217
787000,0.803,0.000,0.197
787500,0.817,0.000,0.183
788000,0.822,0.000,0.178
788500,0.814,0.000,0.186
789000,0.812,0.000,0.188
789500,0.783,0.000,0.217
790000,0.771,0.000,0.229
790500,0.762,0.000,0.238
791000,0.776,0.000,0.224
791500,0.767,0.000,0.233
792000,0.783,0.000,0.217
792500,0.802,0.000,0.198
793000,0.823,0.000,0.177
793500,0.863,0.000,0.137
794000,0.842,0.000,0.158
794500,0.848,0.000,0.152
795000,0.846,0.000,0.154
795500,0.838,0.000,0.162
796000,0.823,0.000,0.177
796500,0.849,0.000,0.151
797000,0.856,0.000,0.144
797500,0.828,0.000,0.172
798000,0.884,0.000,0.116
798500,0.895,0.000,0.105
799000,0.913,0.000,0.087
799500,0.923,0.000,0.077
800000,0.943,0.000,0.057
800500,0.948,0.000,0.052
801000,0.949,0.000,0.051
801500,0.951,0.000,0.049
802000,0.957,0.000,0.043
802500,0.945,0.000,0.055
803000,0.955,0.000,0.045
803500,0.972,0.000,0.028
804000,0.980,0.000,0.020
804500,0.979,0.000,0.021
805000,0.962,0.000,0.038
805500,0.969,0.000,0.031
806000,0.971,0.000,0.029
806500,0.975,0.000,0.025
807000,0.977,0.000,0.023
807500,0.955,0.000,0.045
808000,0.944,0.000,0.056
808500,0.941,0.000,0.059
809000,0.941,0.000,0.059
809500,0.932,0.000,0.068
810000,0.926,0.000,0.074
810500,0.912,0.000,0.088
811000,0.914,0.000,0.086
811500,0.904,0.000,0.096
812000,0.898,0.000,0.102
812500,0.892,0.000,0.108
813000,0.884,0.000,0.116
813500,0.880,0.000,0.120
814000,0.887,0.000,0.113
814500,0.893,0.000,0.107
815000,0.892,0.000,0.108
815500,0.898,0.000,0.102
816000,0.895,0.000,0.105
816500,0.902,0.000,0.098
817000,0.905,0.000,0.095
817500,0.907,0.000,0.093
818000,0.894,0.000,0.106
818500,0.896,0.000,0.104
819000,0.903,0.000,0.097
819500,0.898,0.000,0.102
820000,0.897,0.000,0.103
820500,0.903,0.000,0.097
821000,0.910,0.000,0.090
821500,0.891,0.000,0.109
822000,0.875,0.000,0.125
822500,0.895,0.000,0.105
823000,0.917,0.000,0.083
823500,0.907,0.000,0.093
824000,0.882,0.000,0.118
824500,0.868,0.000,0.132
825000,0.852,0.000,0.148
825500,0.870,0.000,0.130
826000,0.868,0.000,0.132
826500,0.871,0.000,0.129
827000,0.863,0.000,0.137
827500,0.864,0.000,0.136
828000,0.884,0.000,0.116
828500,0.872,0.000,0.128
829000,0.878,0.000,0.122
829500,0.897,0.000,0.103
830000,0.901,0.000,0.099
830500,0.874,0.000,0.126
831000,0.882,0.000,0.118
831500,0.870,0.000,0.130
832000,0.854,0.000,0.146
832500,0.855,0.000,0.145
833000,0.814,0.000,0.186
833500,0.825,0.000,0.175
834000,0.855,0.000,0.145
834500,0.827,0.000,0.173
835000,0.796,0.000,0.204
835500,0.820,0.000,0.180
836000,0.812,0.000,0.188
836500,0.825,0.000,0.175
837000,0.841,0.000,0.159
837500,0.801,0.000,0.199
838000,0.787,0.000,0.213
838500,0.775,0.000,0.225
839000,0.821,0.000,0.179
839500,0.806,0.000,0.194
840000,0.821,0.000,0.179
840500,0.812,0.000,0.188
841000,0.821,0.000,0.179
841500,0.831,0.000,0.169
842000,0.813,0.000,0.187
842500,0.814,0.000,0.186
843000,0.791,0.000,0.209
843500,0.768,0.000,0.232
844000,0.747,0.000,0.253
844500,0.724,0.000,0.276
845000,0.751,0.000,0.249
845500,0.750,0.000,0.250
846000,0.755,0.000,0.245
846500,0.739,0.000,0.261
847000,0.753,0.000,0.247
847500,0.741,0.000,0.259
848000,0.770,0.000,0.230
848500,0.751,0.000,0.249
849000,0.769,0.000,0.231
849500,0.789,0.000,0.211
850000,0.808,0.000,0.192
850500,0.792,0.000,0.208
851000,0.789,0.000,0.211
851500,0.822,0.000,0.178
852000,0.802,0.000,0.198
852500,0.778,0.000,0.222
853000,0.774,0.000,0.226
853500,0.778,0.000,0.222
854000,0.773,0.000,0.227
854500,0.753,0.000,0.247
855000,0.772,0.000,0.228
855500,0.752,0.000,0.248
856000,0.772,0.000,0.228
856500,0.782,0.000,0.218
857000,0.780,0.000,0.220
857500,0.750,0.000,0.250
858000,0.730,0.000,0.270
858500,0.729,0.000,0.271
859000,0.720,0.000,0.280
859500,0.718,0.000,0.282
860000,0.744,0.000,0.256
860500,0.749,0.000,0.251
861000,0.741,0.000,0.259
861500,0.769,0.000,0.231
862000,0.733,0.000,0.267
862500,0.758,0.000,0.242
863000,0.778,0.000,0.222
863500,0.779,0.000,0.221
864000,0.761,0.000,0.239
864500,0.750,0.000,0.250
865000,0.764,0.000,0.236
865500,0.775,0.000,0.225
866000,0.769,0.000,0.231
866500,0.764,0.000,0.236
867000,0.755,0.000,0.245
867500,0.796,0.000,0.204
868000,0.823,0.000,0.177
868500,0.831,0.000,0.169
869000,0.816,0.000,0.184
869500,0.823,0.000,0.177
870000,0.829,0.000,0.171
870500,0.820,0.000,0.180
871000,0.826,0.000,0.174
871500,0.827,0.000,0.173
872000,0.832,0.000,0.168
872500,0.827,0.000,0.173
873000,0.815,0.000,0.185
873500,0.829,0.000,0.171
874000,0.830,0.000,0.170
874500,0.817,0.000,0.183
875000,0.835,0.000,0.165
875500,0.857,0.000,0.143
876000,0.871,0.000,0.129
876500,0.866,0.000,0.134
877000,0.855,0.000,0.145
877500,0.877,0.000,0.123
878000,0.879,0.000,0.121
878500,0.882,0.000,0.118
879000,0.875,0.000,0.125
879500,0.868,0.000,0.132
880000,0.858,0.000,0.142
880500,0.841,0.000,0.159
881000,0.843,0.000,0.157
881500,0.844,0.000,0.156
882000,0.823,0.000,0.177
882500,0.843,0.000,0.157
883000,0.823,0.000,0.177
883500,0.805,0.000,0.195
884000,0.779,0.000,0.221
884500,0.783,0.000,0.217
885000,0.817,0.000,0.183
885500,0.833,0.000,0.167
886000,0.816,0.000,0.184
886500,0.846,0.000,0.154
887000,0.817,0.000,0.183
887500,0.807,0.000,0.193
888000,0.821,0.000,0.179
888500,0.842,0.000,0.158
889000,0.838,0.000,0.162
889500,0.832,0.000,0.168
890000,0.817,0.000,0.183
890500,0.825,0.000,0.175
891000,0.835,0.000,0.165
891500,0.841,0.000,0.159
892000,0.852,0.000,0.148
892500,0.843,0.000,0.157
893000,0.850,0.000,0.150
893500,0.865,0.000,0.135
894000,0.876,0.000,0.124
894500,0.869,0.000,0.131
895000,0.858,0.000,0.142
895500,0.890,0.000,0.110
896000,0.906,0.000,0.094
896500,0.907,0.000,0.093
897000,0.909,0.000,0.091
897500,0.932,0.000,0.068
898000,0.949,0.000,0.051
898500,0.973,0.000,0.027
899000,0.970,0.000,0.030
899500,0.970,0.000,0.030
900000,0.974,0.000,0.026
900500,0.971,0.000,0.029
901000,0.965,0.000,0.035
901500,0.946,0.000,0.054
902000,0.955,0.000,0.045
902500,0.948,0.000,0.052
903000,0.930,0.000,0.070
903500,0.932,0.000,0.068
904000,0.915,0.000,0.085
904500,0.921,0.000,0.079
905000,0.944,0.000,0.056
905500,0.950,0.000,0.050
906000,0.949,0.000,0.051
906500,0.936,0.000,0.064
907000,0.927,0.000,0.073
907500,0.942,0.000,0.058
908000,0.946,0.000,0.054
908500,0.939,0.000,0.061
909000,0.938,0.000,0.062
909500,0.954,0.000,0.046
910000,0.964,0.000,0.036
910500,0.972,0.000,0.028
911000,0.974,0.000,0.026
911500,0.973,0.000,0.027
912000,0.974,0.000,0.026
912500,0.972,0.000,0.028
913000,0.977,0.000,0.023
913500,0.980,0.000,0.020
914000,0.984,0.000,0.016
914500,0.992,0.000,0.008
915000,0.991,0.000,0.009
915500,0.977,0.000,0.023
916000,0.970,0.000,0.030
916500,0.960,0.000,0.040
917000,0.968,0.000,0.032
917500,0.972,0.000,0.028
918000,0.979,0.000,0.021
918500,0.982,0.000,0.018
919000,0.989,0.000,0.011
919500,0.975,0.000,0.025
920000,0.975,0.000,0.025
920500,0.985,0.000,0.015
921000,0.989,0.000,0.011
921500,0.990,0.000,0.010
922000,0.992,0.000,0.008
922500,0.995,0.000,0.005
923000,0.998,0.000,0.002
923500,0.999,0.000,0.001
924000,0.999,0.000,0.001
924500,0.999,0.000,0.001
925000,1.000,0.000,0.000
925500,1.000,0.000,0.000
926000,1.000,0.000,0.000
