time,n_A+p,n_B,n_AB
500,0.030,0.770,0.200
1000,0.030,0.593,0.377
1500,0.030,0.572,0.398
2000,0.030,0.362,0.608
2500,0.030,0.437,0.533
3000,0.030,0.391,0.579
3500,0.030,0.487,0.483
4000,0.030,0.367,0.603
4500,0.030,0.441,0.529
5000,0.030,0.536,0.434
5500,0.030,0.349,0.621
6000,0.030,0.428,0.542
6500,0.030,0.305,0.665
7000,0.030,0.502,0.468
7500,0.030,0.567,0.403
8000,0.030,0.482,0.488
8500,0.030,0.454,0.516
9000,0.030,0.377,0.593
9500,0.030,0.554,0.416
10000,0.030,0.610,0.360
10500,0.030,0.545,0.425
11000,0.030,0.527,0.443
11500,0.030,0.496,0.474
12000,0.030,0.457,0.513
12500,0.030,0.460,0.510
13000,0.030,0.461,0.509
13500,0.043,0.309,0.648
14000,0.035,0.329,0.636
14500,0.030,0.416,0.554
15000,0.030,0.432,0.538
15500,0.030,0.431,0.539
16000,0.030,0.380,0.590
16500,0.031,0.402,0.567
17000,0.030,0.349,0.621
17500,0.030,0.420,0.550
18000,0.042,0.416,0.542
18500,0.032,0.355,0.613
19000,0.032,0.421,0.547
19500,0.030,0.518,0.452
20000,0.030,0.500,0.470
20500,0.030,0.402,0.568
21000,0.030,0.404,0.566
21500,0.030,0.418,0.552
22000,0.030,0.517,0.453
22500,0.030,0.476,0.494
23000,0.030,0.407,0.563
23500,0.030,0.484,0.486
24000,0.030,0.527,0.443
24500,0.030,0.479,0.491
25000,0.030,0.484,0.486
25500,0.030,0.537,0.433
26000,0.030,0.336,0.634
26500,0.030,0.448,0.522
27000,0.030,0.461,0.509
27500,0.030,0.389,0.581
28000,0.030,0.495,0.475
28500,0.030,0.447,0.523
29000,0.030,0.516,0.454
29500,0.030,0.418,0.552
30000,0.030,0.484,0.486
30500,0.030,0.479,0.491
31000,0.030,0.488,0.482
31500,0.030,0.458,0.512
32000,0.030,0.431,0.539
32500,0.030,0.367,0.603
33000,0.036,0.366,0.598
33500,0.030,0.493,0.477
34000,0.030,0.505,0.465
34500,0.030,0.578,0.392
35000,0.034,0.405,0.561
35500,0.030,0.431,0.539
36000,0.034,0.436,0.530
36500,0.030,0.384,0.586
37000,0.034,0.342,0.624
37500,0.030,0.504,0.466
38000,0.030,0.451,0.519
38500,0.030,0.382,0.588
39000,0.030,0.399,0.571
39500,0.030,0.431,0.539
40000,0.038,0.368,0.594
40500,0.030,0.375,0.595
41000,0.030,0.451,0.519
41500,0.030,0.442,0.528
42000,0.030,0.436,0.534
42500,0.030,0.467,0.503
43000,0.039,0.274,0.687
43500,0.030,0.331,0.639
44000,0.030,0.402,0.568
44500,0.030,0.492,0.478
45000,0.030,0.545,0.425
45500,0.030,0.596,0.374
46000,0.030,0.456,0.514
46500,0.030,0.356,0.614
47000,0.030,0.405,0.565
47500,0.030,0.455,0.515
48000,0.030,0.416,0.554
48500,0.030,0.493,0.477
49000,0.030,0.431,0.539
49500,0.030,0.472,0.498
50000,0.030,0.516,0.454
50500,0.030,0.464,0.506
51000,0.030,0.512,0.458
51500,0.030,0.474,0.496
52000,0.030,0.474,0.496
52500,0.030,0.465,0.505
53000,0.030,0.456,0.514
53500,0.034,0.327,0.639
54000,0.030,0.412,0.558
54500,0.030,0.437,0.533
55000,0.030,0.473,0.497
55500,0.030,0.482,0.488
56000,0.030,0.486,0.484
56500,0.030,0.489,0.481
57000,0.030,0.461,0.509
57500,0.030,0.368,0.602
58000,0.030,0.328,0.642
58500,0.030,0.446,0.524
59000,0.030,0.413,0.557
59500,0.030,0.427,0.543
60000,0.030,0.386,0.584
60500,0.030,0.399,0.571
61000,0.030,0.526,0.444
61500,0.030,0.573,0.397
62000,0.030,0.527,0.443
62500,0.030,0.477,0.493
63000,0.030,0.478,0.492
63500,0.030,0.388,0.582
64000,0.035,0.363,0.602
64500,0.030,0.380,0.590
65000,0.030,0.503,0.467
65500,0.030,0.491,0.479
66000,0.030,0.416,0.554
66500,0.030,0.427,0.543
67000,0.033,0.357,0.610
67500,0.030,0.365,0.605
68000,0.030,0.463,0.507
68500,0.030,0.478,0.492
69000,0.030,0.491,0.479
69500,0.030,0.499,0.471
70000,0.030,0.500,0.470
70500,0.030,0.413,0.557
71000,0.030,0.401,0.569
71500,0.030,0.438,0.532
72000,0.030,0.360,0.610
72500,0.030,0.410,0.560
73000,0.030,0.361,0.609
73500,0.030,0.363,0.607
74000,0.030,0.380,0.590
74500,0.030,0.409,0.561
75000,0.030,0.373,0.597
75500,0.030,0.339,0.631
76000,0.031,0.374,0.595
76500,0.030,0.310,0.660
77000,0.032,0.305,0.663
77500,0.030,0.387,0.583
78000,0.030,0.476,0.494
78500,0.030,0.469,0.501
79000,0.030,0.400,0.570
79500,0.038,0.399,0.563
80000,0.030,0.458,0.512
80500,0.030,0.434,0.536
81000,0.030,0.422,0.548
81500,0.030,0.429,0.541
82000,0.030,0.512,0.458
82500,0.030,0.465,0.505
83000,0.030,0.451,0.519
83500,0.030,0.429,0.541
84000,0.030,0.495,0.475
84500,0.030,0.443,0.527
85000,0.030,0.353,0.617
85500,0.032,0.400,0.568
86000,0.031,0.371,0.598
86500,0.030,0.433,0.537
87000,0.030,0.473,0.497
87500,0.030,0.440,0.530
88000,0.030,0.420,0.550
88500,0.030,0.462,0.508
89000,0.030,0.490,0.480
89500,0.030,0.435,0.535
90000,0.030,0.515,0.455
90500,0.030,0.457,0.513
91000,0.030,0.441,0.529
91500,0.030,0.398,0.572
92000,0.031,0.441,0.528
92500,0.030,0.380,0.590
93000,0.030,0.406,0.564
93500,0.030,0.496,0.474
94000,0.030,0.360,0.610
94500,0.030,0.340,0.630
95000,0.030,0.414,0.556
95500,0.030,0.405,0.565
96000,0.030,0.414,0.556
96500,0.030,0.448,0.522
97000,0.030,0.467,0.503
97500,0.030,0.446,0.524
98000,0.030,0.569,0.401
98500,0.035,0.503,0.462
99000,0.030,0.508,0.462
99500,0.030,0.557,0.413
100000,0.030,0.477,0.493
100500,0.030,0.423,0.547
101000,0.030,0.442,0.528
101500,0.030,0.555,0.415
102000,0.030,0.482,0.488
102500,0.030,0.574,0.396
103000,0.030,0.502,0.468
103500,0.030,0.482,0.488
104000,0.039,0.391,0.570
104500,0.030,0.405,0.565
105000,0.030,0.503,0.467
105500,0.030,0.495,0.475
106000,0.030,0.557,0.413
106500,0.030,0.510,0.460
107000,0.030,0.443,0.527
107500,0.030,0.407,0.563
108000,0.030,0.456,0.514
108500,0.030,0.364,0.606
109000,0.030,0.364,0.606
109500,0.031,0.284,0.685
110000,0.030,0.445,0.525
110500,0.030,0.393,0.577
111000,0.030,0.398,0.572
111500,0.030,0.401,0.569
112000,0.030,0.450,0.520
112500,0.030,0.452,0.518
113000,0.030,0.455,0.515
113500,0.030,0.462,0.508
114000,0.030,0.488,0.482
114500,0.051,0.298,0.651
115000,0.030,0.495,0.475
115500,0.030,0.449,0.521
116000,0.030,0.253,0.717
116500,0.033,0.287,0.680
117000,0.031,0.411,0.558
117500,0.030,0.476,0.494
118000,0.030,0.481,0.489
118500,0.030,0.410,0.560
119000,0.030,0.394,0.576
119500,0.030,0.511,0.459
120000,0.030,0.384,0.586
120500,0.030,0.474,0.496
121000,0.030,0.387,0.583
121500,0.030,0.429,0.541
122000,0.030,0.493,0.477
122500,0.030,0.435,0.535
123000,0.030,0.537,0.433
123500,0.030,0.458,0.512
124000,0.030,0.550,0.420
124500,0.030,0.428,0.542
125000,0.030,0.472,0.498
125500,0.030,0.521,0.449
126000,0.030,0.492,0.478
126500,0.030,0.510,0.460
127000,0.030,0.552,0.418
127500,0.030,0.413,0.557
128000,0.030,0.430,0.540
128500,0.037,0.438,0.525
129000,0.030,0.456,0.514
129500,0.030,0.398,0.572
130000,0.030,0.379,0.591
130500,0.030,0.401,0.569
131000,0.030,0.388,0.582
131500,0.030,0.322,0.648
132000,0.030,0.458,0.512
132500,0.030,0.435,0.535
133000,0.030,0.347,0.623
133500,0.030,0.294,0.676
134000,0.030,0.340,0.630
134500,0.030,0.447,0.523
135000,0.030,0.512,0.458
135500,0.030,0.379,0.591
136000,0.030,0.424,0.546
136500,0.030,0.470,0.500
137000,0.030,0.392,0.578
137500,0.030,0.320,0.650
138000,0.030,0.443,0.527
138500,0.030,0.472,0.498
139000,0.030,0.586,0.384
139500,0.030,0.494,0.476
140000,0.030,0.336,0.634
140500,0.030,0.481,0.489
141000,0.030,0.401,0.569
141500,0.030,0.491,0.479
142000,0.030,0.450,0.520
142500,0.030,0.304,0.666
143000,0.032,0.387,0.581
143500,0.030,0.443,0.527
144000,0.030,0.553,0.417
144500,0.030,0.498,0.472
145000,0.030,0.473,0.497
145500,0.030,0.473,0.497
146000,0.030,0.468,0.502
146500,0.030,0.538,0.432
147000,0.030,0.467,0.503
147500,0.030,0.497,0.473
148000,0.030,0.447,0.523
148500,0.030,0.464,0.506
149000,0.030,0.465,0.505
149500,0.030,0.432,0.538
150000,0.037,0.445,0.518
150500,0.030,0.481,0.489
151000,0.030,0.503,0.467
151500,0.030,0.478,0.492
152000,0.030,0.287,0.683
152500,0.030,0.416,0.554
153000,0.030,0.470,0.500
153500,0.030,0.501,0.469
154000,0.030,0.539,0.431
154500,0.030,0.549,0.421
155000,0.030,0.424,0.546
155500,0.030,0.409,0.561
156000,0.030,0.483,0.487
156500,0.030,0.504,0.466
157000,0.030,0.527,0.443
157500,0.030,0.586,0.384
158000,0.030,0.414,0.556
158500,0.030,0.428,0.542
159000,0.030,0.487,0.483
159500,0.030,0.406,0.564
160000,0.030,0.539,0.431
160500,0.030,0.475,0.495
161000,0.030,0.490,0.480
161500,0.030,0.372,0.598
162000,0.037,0.342,0.621
162500,0.030,0.459,0.511
163000,0.030,0.451,0.519
163500,0.030,0.454,0.516
164000,0.030,0.491,0.479
164500,0.030,0.512,0.458
165000,0.030,0.524,0.446
165500,0.030,0.494,0.476
166000,0.037,0.425,0.538
166500,0.030,0.449,0.521
167000,0.030,0.591,0.379
167500,0.030,0.465,0.505
168000,0.030,0.411,0.559
168500,0.030,0.560,0.410
169000,0.030,0.456,0.514
169500,0.030,0.379,0.591
170000,0.030,0.443,0.527
170500,0.030,0.401,0.569
171000,0.030,0.462,0.508
171500,0.030,0.426,0.544
172000,0.030,0.442,0.528
172500,0.030,0.474,0.496
173000,0.030,0.459,0.511
173500,0.030,0.472,0.498
174000,0.030,0.522,0.448
174500,0.030,0.500,0.470
175000,0.030,0.440,0.530
175500,0.030,0.453,0.517
176000,0.030,0.416,0.554
176500,0.030,0.561,0.409
177000,0.030,0.546,0.424
177500,0.030,0.378,0.592
178000,0.036,0.362,0.602
178500,0.030,0.387,0.583
179000,0.030,0.472,0.498
179500,0.030,0.366,0.604
180000,0.030,0.521,0.449
180500,0.030,0.483,0.487
181000,0.030,0.451,0.519
181500,0.030,0.337,0.633
182000,0.031,0.460,0.509
182500,0.039,0.428,0.533
183000,0.030,0.327,0.643
183500,0.046,0.305,0.649
184000,0.031,0.346,0.623
184500,0.030,0.421,0.549
185000,0.030,0.490,0.480
185500,0.030,0.533,0.437
186000,0.030,0.618,0.352
186500,0.030,0.542,0.428
187000,0.030,0.488,0.482
187500,0.030,0.442,0.528
188000,0.030,0.539,0.431
188500,0.030,0.468,0.502
189000,0.030,0.544,0.426
189500,0.030,0.329,0.641
190000,0.033,0.420,0.547
190500,0.030,0.447,0.523
191000,0.030,0.461,0.509
191500,0.030,0.492,0.478
192000,0.030,0.452,0.518
192500,0.030,0.511,0.459
193000,0.030,0.486,0.484
193500,0.030,0.500,0.470
194000,0.030,0.438,0.532
194500,0.030,0.428,0.542
195000,0.035,0.332,0.633
195500,0.031,0.375,0.594
196000,0.030,0.563,0.407
196500,0.030,0.468,0.502
197000,0.030,0.333,0.637
197500,0.030,0.493,0.477
198000,0.030,0.477,0.493
198500,0.030,0.368,0.602
199000,0.032,0.389,0.579
199500,0.030,0.367,0.603
200000,0.030,0.529,0.441
200500,0.030,0.475,0.495
201000,0.030,0.450,0.520
201500,0.030,0.349,0.621
202000,0.030,0.438,0.532
202500,0.030,0.419,0.551
203000,0.030,0.499,0.471
203500,0.030,0.443,0.527
204000,0.030,0.473,0.497
204500,0.030,0.538,0.432
205000,0.030,0.400,0.570
205500,0.033,0.393,0.574
206000,0.036,0.375,0.589
206500,0.047,0.344,0.609
207000,0.030,0.406,0.564
207500,0.030,0.477,0.493
208000,0.030,0.502,0.468
208500,0.030,0.502,0.468
209000,0.030,0.500,0.470
209500,0.030,0.493,0.477
210000,0.030,0.479,0.491
210500,0.030,0.332,0.638
211000,0.030,0.559,0.411
211500,0.030,0.507,0.463
212000,0.030,0.324,0.646
212500,0.030,0.358,0.612
213000,0.030,0.420,0.550
213500,0.030,0.502,0.468
214000,0.030,0.379,0.591
214500,0.030,0.415,0.555
215000,0.030,0.466,0.504
215500,0.030,0.452,0.518
216000,0.030,0.522,0.448
216500,0.030,0.398,0.572
217000,0.030,0.411,0.559
217500,0.030,0.509,0.461
218000,0.030,0.478,0.492
218500,0.030,0.477,0.493
219000,0.030,0.439,0.531
219500,0.030,0.465,0.505
220000,0.034,0.329,0.637
220500,0.030,0.417,0.553
221000,0.030,0.459,0.511
221500,0.030,0.385,0.585
222000,0.032,0.392,0.576
222500,0.030,0.385,0.585
223000,0.030,0.451,0.519
223500,0.030,0.460,0.510
224000,0.036,0.401,0.563
224500,0.030,0.407,0.563
225000,0.030,0.401,0.569
225500,0.036,0.361,0.603
226000,0.030,0.341,0.629
226500,0.030,0.327,0.643
227000,0.030,0.461,0.509
227500,0.030,0.468,0.502
228000,0.030,0.444,0.526
228500,0.030,0.465,0.505
229000,0.030,0.568,0.402
229500,0.030,0.429,0.541
230000,0.030,0.506,0.464
230500,0.030,0.447,0.523
231000,0.030,0.532,0.438
231500,0.030,0.620,0.350
232000,0.030,0.436,0.534
232500,0.030,0.362,0.608
233000,0.030,0.504,0.466
233500,0.030,0.495,0.475
234000,0.030,0.456,0.514
234500,0.030,0.467,0.503
235000,0.030,0.518,0.452
235500,0.030,0.398,0.572
236000,0.030,0.474,0.496
236500,0.030,0.399,0.571
237000,0.030,0.397,0.573
237500,0.030,0.413,0.557
238000,0.030,0.398,0.572
238500,0.030,0.418,0.552
239000,0.030,0.340,0.630
239500,0.030,0.519,0.451
240000,0.030,0.397,0.573
240500,0.030,0.395,0.575
241000,0.030,0.534,0.436
241500,0.030,0.468,0.502
242000,0.030,0.470,0.500
242500,0.030,0.518,0.452
243000,0.030,0.399,0.571
243500,0.030,0.491,0.479
244000,0.030,0.435,0.535
244500,0.030,0.420,0.550
245000,0.030,0.441,0.529
245500,0.030,0.391,0.579
246000,0.030,0.426,0.544
246500,0.030,0.503,0.467
247000,0.030,0.510,0.460
247500,0.030,0.428,0.542
248000,0.030,0.449,0.521
248500,0.030,0.479,0.491
249000,0.030,0.369,0.601
249500,0.030,0.446,0.524
250000,0.030,0.367,0.603
250500,0.030,0.391,0.579
251000,0.030,0.360,0.610
251500,0.030,0.389,0.581
252000,0.030,0.419,0.551
252500,0.030,0.450,0.520
253000,0.030,0.518,0.452
253500,0.030,0.423,0.547
254000,0.030,0.445,0.525
254500,0.030,0.478,0.492
255000,0.030,0.492,0.478
255500,0.030,0.363,0.607
256000,0.030,0.363,0.607
256500,0.030,0.441,0.529
257000,0.030,0.544,0.426
257500,0.030,0.609,0.361
258000,0.030,0.485,0.485
258500,0.030,0.400,0.570
259000,0.030,0.437,0.533
259500,0.030,0.383,0.587
260000,0.030,0.473,0.497
260500,0.030,0.400,0.570
261000,0.030,0.515,0.455
261500,0.030,0.433,0.537
262000,0.041,0.407,0.552
262500,0.030,0.427,0.543
263000,0.030,0.374,0.596
263500,0.030,0.354,0.616
264000,0.030,0.359,0.611
264500,0.030,0.446,0.524
265000,0.030,0.381,0.589
265500,0.030,0.398,0.572
266000,0.030,0.453,0.517
266500,0.030,0.465,0.505
267000,0.030,0.470,0.500
267500,0.030,0.469,0.501
268000,0.030,0.455,0.515
268500,0.030,0.353,0.617
269000,0.032,0.359,0.609
269500,0.030,0.524,0.446
270000,0.030,0.492,0.478
270500,0.030,0.408,0.562
271000,0.030,0.459,0.511
271500,0.030,0.365,0.605
272000,0.030,0.425,0.545
272500,0.030,0.390,0.580
273000,0.030,0.497,0.473
273500,0.030,0.423,0.547
274000,0.030,0.430,0.540
274500,0.030,0.414,0.556
275000,0.030,0.476,0.494
275500,0.030,0.521,0.449
276000,0.030,0.479,0.491
276500,0.030,0.502,0.468
277000,0.030,0.515,0.455
277500,0.030,0.379,0.591
278000,0.030,0.364,0.606
278500,0.030,0.333,0.637
279000,0.030,0.422,0.548
279500,0.030,0.416,0.554
280000,0.030,0.465,0.505
280500,0.030,0.413,0.557
281000,0.030,0.454,0.516
281500,0.030,0.471,0.499
282000,0.030,0.492,0.478
282500,0.030,0.413,0.557
283000,0.030,0.460,0.510
283500,0.030,0.374,0.596
284000,0.030,0.398,0.572
284500,0.030,0.399,0.571
285000,0.030,0.410,0.560
285500,0.030,0.459,0.511
286000,0.030,0.398,0.572
286500,0.030,0.507,0.463
287000,0.030,0.517,0.453
287500,0.030,0.440,0.530
288000,0.030,0.456,0.514
288500,0.033,0.345,0.622
289000,0.030,0.363,0.607
289500,0.030,0.397,0.573
290000,0.030,0.497,0.473
290500,0.030,0.634,0.336
291000,0.030,0.325,0.645
291500,0.030,0.348,0.622
292000,0.030,0.455,0.515
292500,0.030,0.485,0.485
293000,0.030,0.390,0.580
293500,0.030,0.459,0.511
294000,0.030,0.430,0.540
294500,0.030,0.285,0.685
295000,0.030,0.366,0.604
295500,0.030,0.489,0.481
296000,0.030,0.373,0.597
296500,0.030,0.510,0.460
297000,0.030,0.450,0.520
297500,0.030,0.456,0.514
298000,0.030,0.392,0.578
298500,0.030,0.437,0.533
299000,0.030,0.401,0.569
299500,0.030,0.435,0.535
300000,0.030,0.293,0.677
300500,0.030,0.522,0.448
301000,0.036,0.452,0.512
301500,0.030,0.441,0.529
302000,0.030,0.392,0.578
302500,0.030,0.508,0.462
303000,0.030,0.566,0.404
303500,0.030,0.504,0.466
304000,0.030,0.391,0.579
304500,0.030,0.433,0.537
305000,0.030,0.459,0.511
305500,0.030,0.343,0.627
306000,0.030,0.498,0.472
306500,0.030,0.545,0.425
307000,0.030,0.491,0.479
307500,0.030,0.459,0.511
308000,0.030,0.372,0.598
308500,0.030,0.481,0.489
309000,0.030,0.585,0.385
309500,0.030,0.395,0.575
310000,0.030,0.412,0.558
310500,0.030,0.399,0.571
311000,0.030,0.420,0.550
311500,0.030,0.442,0.528
312000,0.030,0.425,0.545
312500,0.030,0.313,0.657
313000,0.030,0.461,0.509
313500,0.030,0.425,0.545
314000,0.030,0.484,0.486
314500,0.030,0.405,0.565
315000,0.031,0.375,0.594
315500,0.030,0.451,0.519
316000,0.030,0.469,0.501
316500,0.030,0.542,0.428
317000,0.030,0.439,0.531
317500,0.030,0.473,0.497
318000,0.030,0.542,0.428
318500,0.042,0.404,0.554
319000,0.030,0.438,0.532
319500,0.030,0.460,0.510
320000,0.030,0.364,0.606
320500,0.030,0.428,0.542
321000,0.030,0.453,0.517
321500,0.039,0.371,0.590
322000,0.030,0.334,0.636
322500,0.030,0.325,0.645
323000,0.030,0.469,0.501
323500,0.030,0.367,0.603
324000,0.035,0.368,0.597
324500,0.030,0.377,0.593
325000,0.030,0.353,0.617
325500,0.031,0.346,0.623
326000,0.031,0.454,0.515
326500,0.034,0.320,0.646
327000,0.031,0.560,0.409
327500,0.030,0.402,0.568
328000,0.030,0.489,0.481
328500,0.030,0.558,0.412
329000,0.030,0.357,0.613
329500,0.034,0.399,0.567
330000,0.030,0.432,0.538
330500,0.030,0.496,0.474
331000,0.030,0.451,0.519
331500,0.030,0.441,0.529
332000,0.030,0.391,0.579
332500,0.030,0.436,0.534
333000,0.030,0.359,0.611
333500,0.030,0.450,0.520
334000,0.030,0.404,0.566
334500,0.034,0.393,0.573
335000,0.030,0.484,0.486
335500,0.030,0.476,0.494
336000,0.030,0.351,0.619
336500,0.030,0.530,0.440
337000,0.030,0.453,0.517
337500,0.030,0.447,0.523
338000,0.030,0.360,0.610
338500,0.030,0.518,0.452
339000,0.030,0.449,0.521
339500,0.030,0.425,0.545
340000,0.030,0.393,0.577
340500,0.030,0.469,0.501
341000,0.030,0.494,0.476
341500,0.030,0.439,0.531
342000,0.030,0.385,0.585
342500,0.030,0.431,0.539
343000,0.030,0.457,0.513
343500,0.030,0.541,0.429
344000,0.030,0.514,0.456
344500,0.030,0.400,0.570
345000,0.030,0.392,0.578
345500,0.030,0.449,0.521
346000,0.030,0.446,0.524
346500,0.030,0.394,0.576
347000,0.030,0.481,0.489
347500,0.030,0.449,0.521
348000,0.030,0.345,0.625
348500,0.030,0.355,0.615
349000,0.030,0.442,0.528
349500,0.030,0.460,0.510
350000,0.030,0.482,0.488
350500,0.030,0.439,0.531
351000,0.030,0.507,0.463
351500,0.030,0.615,0.355
352000,0.030,0.500,0.470
352500,0.030,0.498,0.472
353000,0.030,0.478,0.492
353500,0.030,0.565,0.405
354000,0.030,0.460,0.510
354500,0.030,0.429,0.541
355000,0.030,0.467,0.503
355500,0.030,0.449,0.521
356000,0.030,0.429,0.541
356500,0.030,0.460,0.510
357000,0.030,0.531,0.439
357500,0.030,0.453,0.517
358000,0.030,0.582,0.388
358500,0.030,0.438,0.532
359000,0.030,0.490,0.480
359500,0.030,0.398,0.572
360000,0.030,0.433,0.537
360500,0.030,0.445,0.525
361000,0.030,0.334,0.636
361500,0.033,0.356,0.611
362000,0.030,0.465,0.505
362500,0.030,0.378,0.592
363000,0.030,0.400,0.570
363500,0.030,0.433,0.537
364000,0.030,0.436,0.534
364500,0.030,0.472,0.498
365000,0.030,0.383,0.587
365500,0.030,0.520,0.450
366000,0.030,0.550,0.420
366500,0.030,0.461,0.509
367000,0.030,0.410,0.560
367500,0.030,0.372,0.598
368000,0.030,0.438,0.532
368500,0.030,0.487,0.483
369000,0.030,0.466,0.504
369500,0.030,0.464,0.506
370000,0.030,0.490,0.480
370500,0.030,0.417,0.553
371000,0.030,0.437,0.533
371500,0.030,0.433,0.537
372000,0.030,0.584,0.386
372500,0.030,0.477,0.493
373000,0.030,0.475,0.495
373500,0.030,0.502,0.468
374000,0.030,0.516,0.454
374500,0.030,0.311,0.659
375000,0.030,0.488,0.482
375500,0.030,0.437,0.533
376000,0.030,0.454,0.516
376500,0.030,0.407,0.563
377000,0.030,0.425,0.545
377500,0.030,0.501,0.469
378000,0.030,0.412,0.558
378500,0.030,0.426,0.544
379000,0.030,0.395,0.575
379500,0.030,0.305,0.665
380000,0.030,0.428,0.542
380500,0.030,0.486,0.484
381000,0.030,0.487,0.483
381500,0.030,0.465,0.505
382000,0.030,0.432,0.538
382500,0.030,0.496,0.474
383000,0.030,0.459,0.511
383500,0.030,0.406,0.564
384000,0.030,0.336,0.634
384500,0.030,0.438,0.532
385000,0.030,0.453,0.517
385500,0.030,0.478,0.492
386000,0.030,0.610,0.360
386500,0.030,0.586,0.384
387000,0.030,0.507,0.463
387500,0.030,0.498,0.472
388000,0.030,0.511,0.459
388500,0.030,0.372,0.598
389000,0.030,0.439,0.531
389500,0.030,0.452,0.518
390000,0.030,0.519,0.451
390500,0.030,0.458,0.512
391000,0.030,0.478,0.492
391500,0.030,0.461,0.509
392000,0.030,0.419,0.551
392500,0.038,0.377,0.585
393000,0.043,0.318,0.639
393500,0.031,0.406,0.563
394000,0.030,0.471,0.499
394500,0.030,0.487,0.483
395000,0.030,0.427,0.543
395500,0.030,0.442,0.528
396000,0.030,0.391,0.579
396500,0.030,0.380,0.590
397000,0.030,0.359,0.611
397500,0.031,0.295,0.674
398000,0.030,0.351,0.619
398500,0.030,0.356,0.614
399000,0.030,0.439,0.531
399500,0.030,0.376,0.594
400000,0.030,0.473,0.497
400500,0.030,0.452,0.518
401000,0.030,0.461,0.509
401500,0.030,0.416,0.554
402000,0.030,0.396,0.574
402500,0.030,0.414,0.556
403000,0.030,0.509,0.461
403500,0.030,0.509,0.461
404000,0.030,0.479,0.491
404500,0.030,0.448,0.522
405000,0.030,0.388,0.582
405500,0.030,0.470,0.500
406000,0.030,0.535,0.435
406500,0.030,0.578,0.392
407000,0.030,0.545,0.425
407500,0.030,0.537,0.433
408000,0.030,0.500,0.470
408500,0.030,0.404,0.566
409000,0.030,0.437,0.533
409500,0.030,0.287,0.683
410000,0.030,0.415,0.555
410500,0.030,0.506,0.464
411000,0.030,0.504,0.466
411500,0.030,0.455,0.515
412000,0.030,0.473,0.497
412500,0.030,0.459,0.511
413000,0.030,0.450,0.520
413500,0.030,0.480,0.490
414000,0.030,0.475,0.495
414500,0.030,0.450,0.520
415000,0.030,0.387,0.583
415500,0.030,0.449,0.521
416000,0.030,0.497,0.473
416500,0.030,0.515,0.455
417000,0.030,0.500,0.470
417500,0.030,0.432,0.538
418000,0.030,0.434,0.536
418500,0.030,0.473,0.497
419000,0.030,0.482,0.488
419500,0.030,0.459,0.511
420000,0.030,0.511,0.459
420500,0.037,0.425,0.538
421000,0.049,0.280,0.671
421500,0.048,0.218,0.734
422000,0.037,0.406,0.557
422500,0.030,0.343,0.627
423000,0.030,0.410,0.560
423500,0.030,0.381,0.589
424000,0.031,0.396,0.573
424500,0.030,0.513,0.457
425000,0.030,0.486,0.484
425500,0.030,0.422,0.548
426000,0.030,0.426,0.544
426500,0.030,0.404,0.566
427000,0.030,0.425,0.545
427500,0.030,0.414,0.556
428000,0.030,0.457,0.513
428500,0.030,0.422,0.548
429000,0.030,0.364,0.606
429500,0.030,0.385,0.585
430000,0.033,0.437,0.530
430500,0.030,0.449,0.521
431000,0.030,0.421,0.549
431500,0.030,0.554,0.416
432000,0.030,0.583,0.387
432500,0.038,0.433,0.529
433000,0.030,0.318,0.652
433500,0.030,0.463,0.507
434000,0.030,0.423,0.547
434500,0.030,0.423,0.547
435000,0.030,0.400,0.570
435500,0.030,0.358,0.612
436000,0.030,0.507,0.463
436500,0.030,0.436,0.534
437000,0.030,0.400,0.570
437500,0.030,0.375,0.595
438000,0.030,0.516,0.454
438500,0.030,0.521,0.449
439000,0.030,0.616,0.354
439500,0.030,0.579,0.391
440000,0.030,0.453,0.517
440500,0.032,0.352,0.616
441000,0.030,0.342,0.628
441500,0.030,0.379,0.591
442000,0.030,0.354,0.616
442500,0.030,0.496,0.474
443000,0.030,0.521,0.449
443500,0.030,0.407,0.563
444000,0.030,0.476,0.494
444500,0.030,0.343,0.627
445000,0.031,0.445,0.524
445500,0.030,0.428,0.542
446000,0.030,0.407,0.563
446500,0.030,0.486,0.484
447000,0.030,0.353,0.617
447500,0.030,0.353,0.617
448000,0.030,0.445,0.525
448500,0.030,0.512,0.458
449000,0.030,0.586,0.384
449500,0.030,0.507,0.463
450000,0.030,0.483,0.487
450500,0.030,0.593,0.377
451000,0.030,0.402,0.568
451500,0.030,0.419,0.551
452000,0.030,0.465,0.505
452500,0.030,0.439,0.531
453000,0.030,0.353,0.617
453500,0.030,0.407,0.563
454000,0.030,0.427,0.543
454500,0.030,0.426,0.544
455000,0.030,0.468,0.502
455500,0.030,0.370,0.600
456000,0.030,0.597,0.373
456500,0.030,0.558,0.412
457000,0.030,0.409,0.561
457500,0.030,0.467,0.503
458000,0.030,0.492,0.478
458500,0.030,0.492,0.478
459000,0.030,0.596,0.374
459500,0.030,0.529,0.441
460000,0.030,0.463,0.507
460500,0.030,0.452,0.518
461000,0.030,0.591,0.379
461500,0.030,0.506,0.464
462000,0.030,0.409,0.561
462500,0.030,0.424,0.546
463000,0.030,0.544,0.426
463500,0.030,0.575,0.395
464000,0.031,0.373,0.596
464500,0.030,0.471,0.499
465000,0.033,0.412,0.555
465500,0.030,0.436,0.534
466000,0.030,0.427,0.543
466500,0.030,0.419,0.551
467000,0.030,0.429,0.541
467500,0.030,0.478,0.492
468000,0.030,0.617,0.353
468500,0.030,0.513,0.457
469000,0.030,0.406,0.564
469500,0.030,0.399,0.571
470000,0.030,0.393,0.577
470500,0.030,0.478,0.492
471000,0.030,0.492,0.478
471500,0.030,0.383,0.587
472000,0.030,0.414,0.556
472500,0.030,0.533,0.437
473000,0.030,0.456,0.514
473500,0.030,0.356,0.614
474000,0.030,0.471,0.499
474500,0.030,0.448,0.522
475000,0.030,0.389,0.581
475500,0.030,0.385,0.585
476000,0.030,0.356,0.614
476500,0.030,0.424,0.546
477000,0.032,0.431,0.537
477500,0.030,0.377,0.593
478000,0.030,0.437,0.533
478500,0.030,0.499,0.471
479000,0.030,0.588,0.382
479500,0.030,0.489,0.481
480000,0.030,0.506,0.464
480500,0.030,0.482,0.488
481000,0.030,0.499,0.471
481500,0.030,0.419,0.551
482000,0.030,0.385,0.585
482500,0.030,0.442,0.528
483000,0.030,0.448,0.522
483500,0.030,0.514,0.456
484000,0.030,0.582,0.388
484500,0.030,0.501,0.469
485000,0.030,0.466,0.504
485500,0.030,0.458,0.512
486000,0.030,0.547,0.423
486500,0.030,0.494,0.476
487000,0.030,0.396,0.574
487500,0.030,0.468,0.502
488000,0.030,0.346,0.624
488500,0.030,0.346,0.624
489000,0.030,0.484,0.486
489500,0.030,0.385,0.585
490000,0.030,0.492,0.478
490500,0.030,0.376,0.594
491000,0.030,0.429,0.541
491500,0.030,0.435,0.535
492000,0.030,0.449,0.521
492500,0.030,0.381,0.589
493000,0.030,0.486,0.484
493500,0.030,0.443,0.527
494000,0.030,0.415,0.555
494500,0.030,0.326,0.644
495000,0.030,0.393,0.577
495500,0.030,0.446,0.524
496000,0.030,0.472,0.498
496500,0.030,0.407,0.563
497000,0.035,0.378,0.587
497500,0.030,0.414,0.556
498000,0.030,0.464,0.506
498500,0.030,0.408,0.562
499000,0.030,0.404,0.566
499500,0.030,0.483,0.487
500000,0.030,0.415,0.555
500500,0.030,0.396,0.574
501000,0.038,0.346,0.616
501500,0.031,0.405,0.564
502000,0.030,0.426,0.544
502500,0.031,0.346,0.623
503000,0.030,0.507,0.463
503500,0.030,0.606,0.364
504000,0.030,0.599,0.371
504500,0.030,0.454,0.516
505000,0.030,0.385,0.585
505500,0.030,0.417,0.553
506000,0.030,0.367,0.603
506500,0.030,0.415,0.555
507000,0.030,0.516,0.454
507500,0.030,0.414,0.556
508000,0.030,0.559,0.411
508500,0.030,0.462,0.508
509000,0.030,0.380,0.590
509500,0.030,0.571,0.399
510000,0.030,0.571,0.399
510500,0.030,0.470,0.500
511000,0.030,0.450,0.520
511500,0.030,0.425,0.545
512000,0.032,0.359,0.609
512500,0.030,0.339,0.631
513000,0.030,0.375,0.595
513500,0.030,0.471,0.499
514000,0.030,0.538,0.432
514500,0.030,0.451,0.519
515000,0.030,0.397,0.573
515500,0.030,0.462,0.508
516000,0.030,0.406,0.564
516500,0.034,0.307,0.659
517000,0.030,0.388,0.582
517500,0.030,0.407,0.563
518000,0.030,0.333,0.637
518500,0.036,0.299,0.665
519000,0.030,0.474,0.496
519500,0.030,0.498,0.472
520000,0.030,0.562,0.408
520500,0.030,0.559,0.411
521000,0.030,0.443,0.527
521500,0.030,0.438,0.532
522000,0.030,0.438,0.532
522500,0.030,0.381,0.589
523000,0.043,0.273,0.684
523500,0.030,0.397,0.573
524000,0.038,0.384,0.578
524500,0.030,0.417,0.553
525000,0.030,0.478,0.492
525500,0.030,0.388,0.582
526000,0.030,0.413,0.557
526500,0.030,0.435,0.535
527000,0.030,0.368,0.602
527500,0.031,0.447,0.522
528000,0.030,0.411,0.559
528500,0.030,0.437,0.533
529000,0.030,0.392,0.578
529500,0.030,0.474,0.496
530000,0.030,0.449,0.521
530500,0.030,0.465,0.505
531000,0.030,0.422,0.548
531500,0.030,0.423,0.547
532000,0.030,0.462,0.508
532500,0.030,0.438,0.532
533000,0.030,0.549,0.421
533500,0.030,0.577,0.393
534000,0.030,0.595,0.375
534500,0.030,0.388,0.582
535000,0.030,0.373,0.597
535500,0.030,0.428,0.542
536000,0.030,0.513,0.457
536500,0.030,0.495,0.475
537000,0.030,0.497,0.473
537500,0.030,0.508,0.462
538000,0.030,0.436,0.534
538500,0.030,0.458,0.512
539000,0.030,0.349,0.621
539500,0.030,0.265,0.705
540000,0.030,0.401,0.569
540500,0.030,0.448,0.522
541000,0.030,0.421,0.549
541500,0.030,0.503,0.467
542000,0.030,0.532,0.438
542500,0.030,0.578,0.392
543000,0.030,0.534,0.436
543500,0.030,0.452,0.518
544000,0.030,0.400,0.570
544500,0.030,0.389,0.581
545000,0.030,0.421,0.549
545500,0.030,0.379,0.591
546000,0.030,0.361,0.609
546500,0.030,0.413,0.557
547000,0.030,0.559,0.411
547500,0.030,0.535,0.435
548000,0.030,0.403,0.567
548500,0.032,0.399,0.569
549000,0.030,0.403,0.567
549500,0.030,0.437,0.533
550000,0.030,0.429,0.541
550500,0.030,0.441,0.529
551000,0.030,0.323,0.647
551500,0.038,0.353,0.609
552000,0.030,0.494,0.476
552500,0.030,0.417,0.553
553000,0.030,0.586,0.384
553500,0.030,0.537,0.433
554000,0.030,0.485,0.485
554500,0.030,0.509,0.461
555000,0.030,0.495,0.475
555500,0.030,0.525,0.445
556000,0.030,0.548,0.422
556500,0.030,0.524,0.446
557000,0.030,0.608,0.362
557500,0.030,0.442,0.528
558000,0.030,0.474,0.496
558500,0.030,0.512,0.458
559000,0.030,0.398,0.572
559500,0.030,0.421,0.549
560000,0.030,0.422,0.548
560500,0.030,0.472,0.498
561000,0.030,0.478,0.492
561500,0.030,0.528,0.442
562000,0.030,0.359,0.611
562500,0.030,0.404,0.566
563000,0.030,0.461,0.509
563500,0.030,0.382,0.588
564000,0.030,0.352,0.618
564500,0.030,0.430,0.540
565000,0.030,0.468,0.502
565500,0.030,0.493,0.477
566000,0.030,0.501,0.469
566500,0.030,0.545,0.425
567000,0.030,0.410,0.560
567500,0.030,0.460,0.510
568000,0.030,0.406,0.564
568500,0.030,0.533,0.437
569000,0.030,0.470,0.500
569500,0.030,0.526,0.444
570000,0.030,0.501,0.469
570500,0.030,0.482,0.488
571000,0.030,0.563,0.407
571500,0.030,0.451,0.519
572000,0.032,0.454,0.514
572500,0.030,0.534,0.436
573000,0.030,0.462,0.508
573500,0.030,0.496,0.474
574000,0.030,0.475,0.495
574500,0.030,0.370,0.600
575000,0.035,0.324,0.641
575500,0.032,0.407,0.561
576000,0.030,0.354,0.616
576500,0.030,0.485,0.485
577000,0.030,0.382,0.588
577500,0.030,0.412,0.558
578000,0.030,0.360,0.610
578500,0.030,0.444,0.526
579000,0.030,0.495,0.475
579500,0.030,0.444,0.526
580000,0.030,0.429,0.541
580500,0.030,0.243,0.727
581000,0.030,0.342,0.628
581500,0.030,0.493,0.477
582000,0.030,0.445,0.525
582500,0.030,0.479,0.491
583000,0.030,0.410,0.560
583500,0.030,0.352,0.618
584000,0.030,0.337,0.633
584500,0.030,0.398,0.572
585000,0.030,0.299,0.671
585500,0.043,0.338,0.619
586000,0.030,0.520,0.450
586500,0.030,0.474,0.496
587000,0.030,0.444,0.526
587500,0.030,0.376,0.594
588000,0.030,0.474,0.496
588500,0.036,0.328,0.636
589000,0.032,0.358,0.610
589500,0.030,0.462,0.508
590000,0.030,0.476,0.494
590500,0.030,0.491,0.479
591000,0.030,0.445,0.525
591500,0.030,0.359,0.611
592000,0.030,0.435,0.535
592500,0.030,0.443,0.527
593000,0.030,0.390,0.580
593500,0.030,0.407,0.563
594000,0.030,0.494,0.476
594500,0.030,0.469,0.501
595000,0.030,0.550,0.420
595500,0.030,0.518,0.452
596000,0.030,0.352,0.618
596500,0.030,0.367,0.603
597000,0.030,0.397,0.573
597500,0.030,0.388,0.582
598000,0.030,0.417,0.553
598500,0.030,0.414,0.556
599000,0.030,0.503,0.467
599500,0.030,0.495,0.475
600000,0.030,0.462,0.508
600500,0.030,0.520,0.450
601000,0.030,0.536,0.434
601500,0.033,0.479,0.488
602000,0.030,0.434,0.536
602500,0.030,0.598,0.372
603000,0.030,0.453,0.517
603500,0.042,0.273,0.685
604000,0.035,0.292,0.673
604500,0.030,0.373,0.597
605000,0.030,0.334,0.636
605500,0.030,0.446,0.524
606000,0.030,0.435,0.535
606500,0.030,0.380,0.590
607000,0.030,0.448,0.522
607500,0.030,0.442,0.528
608000,0.030,0.417,0.553
608500,0.030,0.523,0.447
609000,0.030,0.481,0.489
609500,0.030,0.392,0.578
610000,0.030,0.521,0.449
610500,0.030,0.385,0.585
611000,0.030,0.439,0.531
611500,0.030,0.519,0.451
612000,0.031,0.439,0.530
612500,0.030,0.381,0.589
613000,0.030,0.420,0.550
613500,0.030,0.434,0.536
614000,0.030,0.561,0.409
614500,0.030,0.530,0.440
615000,0.030,0.634,0.336
615500,0.038,0.425,0.537
616000,0.031,0.473,0.496
616500,0.030,0.544,0.426
617000,0.030,0.320,0.650
617500,0.030,0.458,0.512
618000,0.030,0.445,0.525
618500,0.030,0.447,0.523
619000,0.030,0.506,0.464
619500,0.030,0.578,0.392
620000,0.030,0.477,0.493
620500,0.030,0.479,0.491
621000,0.030,0.320,0.650
621500,0.030,0.402,0.568
622000,0.030,0.407,0.563
622500,0.030,0.581,0.389
623000,0.030,0.501,0.469
623500,0.030,0.450,0.520
624000,0.030,0.433,0.537
624500,0.030,0.491,0.479
625000,0.030,0.446,0.524
625500,0.030,0.484,0.486
626000,0.030,0.396,0.574
626500,0.030,0.517,0.453
627000,0.030,0.430,0.540
627500,0.030,0.503,0.467
628000,0.030,0.464,0.506
628500,0.030,0.475,0.495
629000,0.030,0.602,0.368
629500,0.030,0.421,0.549
630000,0.030,0.486,0.484
630500,0.030,0.410,0.560
631000,0.030,0.450,0.520
631500,0.030,0.471,0.499
632000,0.030,0.458,0.512
632500,0.030,0.485,0.485
633000,0.030,0.488,0.482
633500,0.030,0.522,0.448
634000,0.030,0.479,0.491
634500,0.030,0.420,0.550
635000,0.030,0.379,0.591
635500,0.030,0.480,0.490
636000,0.030,0.362,0.608
636500,0.030,0.380,0.590
637000,0.030,0.631,0.339
637500,0.030,0.478,0.492
638000,0.030,0.394,0.576
638500,0.030,0.490,0.480
639000,0.030,0.407,0.563
639500,0.030,0.442,0.528
640000,0.030,0.439,0.531
640500,0.030,0.487,0.483
641000,0.030,0.427,0.543
641500,0.030,0.428,0.542
642000,0.030,0.525,0.445
642500,0.030,0.536,0.434
643000,0.030,0.424,0.546
643500,0.030,0.518,0.452
644000,0.030,0.623,0.347
644500,0.030,0.595,0.375
645000,0.030,0.506,0.464
645500,0.030,0.457,0.513
646000,0.030,0.421,0.549
646500,0.030,0.468,0.502
647000,0.030,0.527,0.443
647500,0.030,0.463,0.507
648000,0.030,0.403,0.567
648500,0.030,0.491,0.479
649000,0.030,0.464,0.506
649500,0.030,0.528,0.442
650000,0.030,0.451,0.519
650500,0.030,0.501,0.469
651000,0.030,0.502,0.468
651500,0.030,0.514,0.456
652000,0.030,0.550,0.420
652500,0.030,0.485,0.485
653000,0.030,0.348,0.622
653500,0.030,0.498,0.472
654000,0.030,0.553,0.417
654500,0.030,0.520,0.450
655000,0.030,0.517,0.453
655500,0.030,0.394,0.576
656000,0.030,0.391,0.579
656500,0.030,0.423,0.547
657000,0.030,0.500,0.470
657500,0.030,0.586,0.384
658000,0.030,0.362,0.608
658500,0.031,0.395,0.574
659000,0.030,0.294,0.676
659500,0.033,0.376,0.591
660000,0.031,0.369,0.600
660500,0.030,0.363,0.607
661000,0.030,0.462,0.508
661500,0.030,0.448,0.522
662000,0.030,0.478,0.492
662500,0.030,0.528,0.442
663000,0.030,0.422,0.548
663500,0.030,0.458,0.512
664000,0.030,0.527,0.443
664500,0.030,0.418,0.552
665000,0.030,0.490,0.480
665500,0.030,0.480,0.490
666000,0.030,0.408,0.562
666500,0.030,0.482,0.488
667000,0.030,0.558,0.412
667500,0.030,0.486,0.484
668000,0.030,0.555,0.415
668500,0.030,0.484,0.486
669000,0.034,0.386,0.580
669500,0.031,0.400,0.569
670000,0.030,0.392,0.578
670500,0.030,0.548,0.422
671000,0.030,0.498,0.472
671500,0.030,0.419,0.551
672000,0.030,0.430,0.540
672500,0.030,0.457,0.513
673000,0.030,0.471,0.499
673500,0.030,0.438,0.532
674000,0.030,0.380,0.590
674500,0.030,0.415,0.555
675000,0.030,0.421,0.549
675500,0.030,0.370,0.600
676000,0.035,0.435,0.530
676500,0.030,0.525,0.445
677000,0.030,0.441,0.529
677500,0.030,0.397,0.573
678000,0.030,0.394,0.576
678500,0.030,0.373,0.597
679000,0.030,0.423,0.547
679500,0.030,0.426,0.544
680000,0.030,0.404,0.566
680500,0.030,0.531,0.439
681000,0.030,0.350,0.620
681500,0.030,0.328,0.642
682000,0.030,0.446,0.524
682500,0.030,0.596,0.374
683000,0.030,0.427,0.543
683500,0.030,0.543,0.427
684000,0.030,0.497,0.473
684500,0.030,0.334,0.636
685000,0.030,0.348,0.622
685500,0.030,0.538,0.432
686000,0.030,0.608,0.362
686500,0.030,0.519,0.451
687000,0.030,0.392,0.578
687500,0.030,0.459,0.511
688000,0.030,0.427,0.543
688500,0.030,0.486,0.484
689000,0.030,0.583,0.387
689500,0.030,0.471,0.499
690000,0.030,0.562,0.408
690500,0.030,0.507,0.463
691000,0.030,0.461,0.509
691500,0.030,0.552,0.418
692000,0.030,0.448,0.522
692500,0.030,0.357,0.613
693000,0.030,0.441,0.529
693500,0.030,0.416,0.554
694000,0.030,0.457,0.513
694500,0.030,0.477,0.493
695000,0.030,0.525,0.445
695500,0.030,0.430,0.540
696000,0.040,0.347,0.613
696500,0.030,0.444,0.526
697000,0.030,0.397,0.573
697500,0.030,0.327,0.643
698000,0.035,0.344,0.621
698500,0.030,0.364,0.606
699000,0.032,0.373,0.595
699500,0.030,0.413,0.557
700000,0.030,0.350,0.620
700500,0.030,0.332,0.638
701000,0.030,0.370,0.600
701500,0.030,0.360,0.610
702000,0.030,0.450,0.520
702500,0.030,0.485,0.485
703000,0.030,0.454,0.516
703500,0.030,0.418,0.552
704000,0.032,0.466,0.502
704500,0.030,0.448,0.522
705000,0.030,0.320,0.650
705500,0.030,0.380,0.590
706000,0.030,0.497,0.473
706500,0.030,0.576,0.394
707000,0.030,0.498,0.472
707500,0.030,0.476,0.494
708000,0.030,0.536,0.434
708500,0.030,0.472,0.498
709000,0.030,0.493,0.477
709500,0.030,0.335,0.635
710000,0.030,0.376,0.594
710500,0.030,0.450,0.520
711000,0.030,0.374,0.596
711500,0.030,0.391,0.579
712000,0.030,0.486,0.484
712500,0.030,0.525,0.445
713000,0.030,0.443,0.527
713500,0.030,0.454,0.516
714000,0.030,0.482,0.488
714500,0.030,0.418,0.552
715000,0.030,0.380,0.590
715500,0.030,0.445,0.525
716000,0.030,0.514,0.456
716500,0.030,0.477,0.493
717000,0.030,0.487,0.483
717500,0.030,0.413,0.557
718000,0.030,0.384,0.586
718500,0.030,0.324,0.646
719000,0.043,0.270,0.687
719500,0.037,0.252,0.711
720000,0.033,0.329,0.638
720500,0.030,0.419,0.551
721000,0.030,0.411,0.559
721500,0.030,0.476,0.494
722000,0.030,0.445,0.525
722500,0.030,0.533,0.437
723000,0.030,0.501,0.469
723500,0.030,0.423,0.547
724000,0.030,0.482,0.488
724500,0.030,0.357,0.613
725000,0.030,0.580,0.390
725500,0.030,0.459,0.511
726000,0.030,0.437,0.533
726500,0.047,0.311,0.642
727000,0.030,0.508,0.462
727500,0.030,0.497,0.473
728000,0.030,0.458,0.512
728500,0.030,0.460,0.510
729000,0.030,0.440,0.530
729500,0.030,0.401,0.569
730000,0.030,0.502,0.468
730500,0.030,0.432,0.538
731000,0.030,0.493,0.477
731500,0.030,0.413,0.557
732000,0.030,0.405,0.565
732500,0.030,0.421,0.549
733000,0.030,0.490,0.480
733500,0.030,0.467,0.503
734000,0.030,0.429,0.541
734500,0.030,0.524,0.446
735000,0.030,0.521,0.449
735500,0.030,0.440,0.530
736000,0.030,0.475,0.495
736500,0.042,0.337,0.621
737000,0.031,0.437,0.532
737500,0.030,0.489,0.481
738000,0.030,0.413,0.557
738500,0.030,0.484,0.486
739000,0.030,0.387,0.583
739500,0.030,0.427,0.543
740000,0.030,0.411,0.559
740500,0.030,0.439,0.531
741000,0.030,0.453,0.517
741500,0.030,0.396,0.574
742000,0.030,0.473,0.497
742500,0.030,0.349,0.621
743000,0.030,0.388,0.582
743500,0.030,0.380,0.590
744000,0.030,0.370,0.600
744500,0.030,0.441,0.529
745000,0.030,0.419,0.551
745500,0.036,0.379,0.585
746000,0.031,0.366,0.603
746500,0.030,0.480,0.490
747000,0.030,0.467,0.503
747500,0.030,0.450,0.520
748000,0.030,0.520,0.450
748500,0.030,0.455,0.515
749000,0.030,0.475,0.495
749500,0.030,0.501,0.469
750000,0.030,0.522,0.448
750500,0.030,0.465,0.505
751000,0.030,0.476,0.494
751500,0.030,0.437,0.533
752000,0.030,0.444,0.526
752500,0.030,0.376,0.594
753000,0.030,0.410,0.560
753500,0.030,0.453,0.517
754000,0.030,0.376,0.594
754500,0.030,0.555,0.415
755000,0.030,0.423,0.547
755500,0.030,0.408,0.562
756000,0.030,0.458,0.512
756500,0.030,0.355,0.615
757000,0.030,0.534,0.436
757500,0.030,0.485,0.485
758000,0.030,0.512,0.458
758500,0.040,0.416,0.544
759000,0.030,0.444,0.526
759500,0.030,0.416,0.554
760000,0.030,0.462,0.508
760500,0.030,0.414,0.556
761000,0.033,0.440,0.527
761500,0.030,0.435,0.535
762000,0.030,0.369,0.601
762500,0.031,0.343,0.626
763000,0.030,0.407,0.563
763500,0.030,0.459,0.511
764000,0.030,0.478,0.492
764500,0.030,0.517,0.453
765000,0.030,0.431,0.539
765500,0.030,0.490,0.480
766000,0.030,0.455,0.515
766500,0.030,0.446,0.524
767000,0.030,0.558,0.412
767500,0.030,0.510,0.460
768000,0.030,0.366,0.604
768500,0.030,0.412,0.558
769000,0.030,0.434,0.536
769500,0.030,0.468,0.502
770000,0.030,0.471,0.499
770500,0.030,0.389,0.581
771000,0.030,0.444,0.526
771500,0.030,0.438,0.532
772000,0.030,0.405,0.565
772500,0.030,0.444,0.526
773000,0.030,0.457,0.513
773500,0.030,0.507,0.463
774000,0.030,0.428,0.542
774500,0.030,0.514,0.456
775000,0.030,0.524,0.446
775500,0.030,0.470,0.500
776000,0.030,0.404,0.566
776500,0.030,0.384,0.586
777000,0.030,0.459,0.511
777500,0.030,0.494,0.476
778000,0.030,0.393,0.577
778500,0.030,0.390,0.580
779000,0.030,0.424,0.546
779500,0.030,0.403,0.567
780000,0.030,0.433,0.537
780500,0.030,0.475,0.495
781000,0.030,0.360,0.610
781500,0.030,0.402,0.568
782000,0.030,0.349,0.621
782500,0.030,0.377,0.593
783000,0.030,0.383,0.587
783500,0.030,0.388,0.582
784000,0.030,0.459,0.511
784500,0.030,0.496,0.474
785000,0.030,0.638,0.332
785500,0.030,0.501,0.469
786000,0.030,0.528,0.442
786500,0.030,0.471,0.499
787000,0.035,0.340,0.625
787500,0.030,0.341,0.629
788000,0.030,0.305,0.665
788500,0.030,0.410,0.560
789000,0.030,0.449,0.521
789500,0.030,0.467,0.503
790000,0.030,0.472,0.498
790500,0.030,0.390,0.580
791000,0.030,0.416,0.554
791500,0.030,0.495,0.475
792000,0.030,0.502,0.468
792500,0.030,0.464,0.506
793000,0.030,0.429,0.541
793500,0.030,0.501,0.469
794000,0.030,0.463,0.507
794500,0.030,0.530,0.440
795000,0.030,0.379,0.591
795500,0.030,0.439,0.531
796000,0.030,0.461,0.509
796500,0.030,0.454,0.516
797000,0.030,0.503,0.467
797500,0.030,0.370,0.600
798000,0.030,0.443,0.527
798500,0.030,0.418,0.552
799000,0.030,0.478,0.492
799500,0.030,0.505,0.465
800000,0.037,0.368,0.595
800500,0.030,0.269,0.701
801000,0.035,0.380,0.585
801500,0.030,0.400,0.570
802000,0.030,0.457,0.513
802500,0.030,0.455,0.515
803000,0.030,0.386,0.584
803500,0.031,0.464,0.505
804000,0.030,0.504,0.466
804500,0.030,0.459,0.511
805000,0.030,0.399,0.571
805500,0.030,0.436,0.534
806000,0.030,0.454,0.516
806500,0.030,0.441,0.529
807000,0.030,0.424,0.546
807500,0.030,0.424,0.546
808000,0.032,0.344,0.624
808500,0.030,0.325,0.645
809000,0.030,0.272,0.698
809500,0.030,0.398,0.572
810000,0.030,0.401,0.569
810500,0.030,0.401,0.569
811000,0.030,0.451,0.519
811500,0.030,0.437,0.533
812000,0.030,0.331,0.639
812500,0.030,0.387,0.583
813000,0.030,0.407,0.563
813500,0.030,0.438,0.532
814000,0.030,0.456,0.514
814500,0.030,0.452,0.518
815000,0.030,0.424,0.546
815500,0.030,0.469,0.501
816000,0.030,0.566,0.404
816500,0.035,0.509,0.456
817000,0.030,0.413,0.557
817500,0.030,0.463,0.507
818000,0.030,0.593,0.377
818500,0.030,0.479,0.491
819000,0.030,0.430,0.540
819500,0.030,0.387,0.583
820000,0.038,0.338,0.624
820500,0.039,0.271,0.690
821000,0.031,0.316,0.653
821500,0.030,0.405,0.565
822000,0.030,0.451,0.519
822500,0.030,0.477,0.493
823000,0.030,0.477,0.493
823500,0.030,0.408,0.562
824000,0.030,0.458,0.512
824500,0.030,0.375,0.595
825000,0.030,0.426,0.544
825500,0.033,0.467,0.500
826000,0.030,0.530,0.440
826500,0.030,0.491,0.479
827000,0.030,0.505,0.465
827500,0.030,0.325,0.645
828000,0.032,0.300,0.668
828500,0.030,0.473,0.497
829000,0.030,0.430,0.540
829500,0.030,0.486,0.484
830000,0.030,0.406,0.564
830500,0.030,0.475,0.495
831000,0.030,0.420,0.550
831500,0.030,0.478,0.492
832000,0.030,0.415,0.555
832500,0.045,0.297,0.658
833000,0.033,0.375,0.592
833500,0.030,0.397,0.573
834000,0.030,0.395,0.575
834500,0.030,0.427,0.543
835000,0.030,0.354,0.616
835500,0.030,0.407,0.563
836000,0.030,0.372,0.598
836500,0.033,0.430,0.537
837000,0.030,0.423,0.547
837500,0.030,0.445,0.525
838000,0.030,0.383,0.587
838500,0.030,0.478,0.492
839000,0.030,0.449,0.521
839500,0.030,0.524,0.446
840000,0.030,0.441,0.529
840500,0.030,0.375,0.595
841000,0.030,0.404,0.566
841500,0.030,0.497,0.473
842000,0.030,0.494,0.476
842500,0.030,0.347,0.623
843000,0.030,0.427,0.543
843500,0.030,0.530,0.440
844000,0.030,0.432,0.538
844500,0.030,0.508,0.462
845000,0.030,0.406,0.564
845500,0.030,0.352,0.618
846000,0.030,0.466,0.504
846500,0.030,0.525,0.445
847000,0.030,0.522,0.448
847500,0.030,0.470,0.500
848000,0.030,0.530,0.440
848500,0.030,0.370,0.600
849000,0.039,0.348,0.613
849500,0.030,0.411,0.559
850000,0.030,0.425,0.545
850500,0.030,0.548,0.422
851000,0.030,0.582,0.388
851500,0.030,0.482,0.488
852000,0.030,0.502,0.468
852500,0.030,0.517,0.453
853000,0.030,0.478,0.492
853500,0.030,0.406,0.564
854000,0.030,0.375,0.595
854500,0.030,0.415,0.555
855000,0.030,0.462,0.508
855500,0.030,0.526,0.444
856000,0.030,0.526,0.444
856500,0.030,0.461,0.509
857000,0.030,0.479,0.491
857500,0.030,0.358,0.612
858000,0.030,0.375,0.595
858500,0.037,0.330,0.633
859000,0.030,0.434,0.536
859500,0.030,0.460,0.510
860000,0.030,0.460,0.510
860500,0.030,0.459,0.511
861000,0.030,0.557,0.413
861500,0.030,0.568,0.402
862000,0.030,0.556,0.414
862500,0.030,0.538,0.432
863000,0.030,0.408,0.562
863500,0.030,0.397,0.573
864000,0.030,0.345,0.625
864500,0.030,0.371,0.599
865000,0.030,0.422,0.548
865500,0.030,0.536,0.434
866000,0.030,0.437,0.533
866500,0.030,0.452,0.518
867000,0.041,0.316,0.643
867500,0.030,0.451,0.519
868000,0.030,0.447,0.523
868500,0.030,0.529,0.441
869000,0.030,0.460,0.510
869500,0.030,0.440,0.530
870000,0.030,0.314,0.656
870500,0.032,0.336,0.632
871000,0.030,0.417,0.553
871500,0.030,0.447,0.523
872000,0.030,0.422,0.548
872500,0.030,0.403,0.567
873000,0.030,0.438,0.532
873500,0.030,0.437,0.533
874000,0.030,0.404,0.566
874500,0.030,0.384,0.586
875000,0.030,0.421,0.549
875500,0.030,0.415,0.555
876000,0.030,0.531,0.439
876500,0.030,0.428,0.542
877000,0.030,0.402,0.568
877500,0.030,0.406,0.564
878000,0.030,0.590,0.380
878500,0.030,0.414,0.556
879000,0.030,0.414,0.556
879500,0.030,0.448,0.522
880000,0.030,0.381,0.589
880500,0.030,0.521,0.449
881000,0.030,0.526,0.444
881500,0.030,0.471,0.499
882000,0.030,0.424,0.546
882500,0.031,0.368,0.601
883000,0.030,0.401,0.569
883500,0.030,0.414,0.556
884000,0.030,0.494,0.476
884500,0.030,0.432,0.538
885000,0.030,0.420,0.550
885500,0.033,0.467,0.500
886000,0.030,0.431,0.539
886500,0.030,0.518,0.452
887000,0.030,0.433,0.537
887500,0.030,0.391,0.579
888000,0.030,0.413,0.557
888500,0.030,0.411,0.559
889000,0.030,0.386,0.584
889500,0.030,0.400,0.570
890000,0.030,0.484,0.486
890500,0.030,0.467,0.503
891000,0.030,0.464,0.506
891500,0.030,0.361,0.609
892000,0.030,0.411,0.559
892500,0.030,0.323,0.647
893000,0.034,0.359,0.607
893500,0.030,0.433,0.537
894000,0.030,0.463,0.507
894500,0.034,0.331,0.635
895000,0.034,0.368,0.598
895500,0.030,0.446,0.524
896000,0.030,0.575,0.395
896500,0.030,0.505,0.465
897000,0.030,0.422,0.548
897500,0.030,0.417,0.553
898000,0.030,0.509,0.461
898500,0.032,0.437,0.531
899000,0.030,0.448,0.522
899500,0.030,0.538,0.432
900000,0.030,0.472,0.498
900500,0.030,0.497,0.473
901000,0.030,0.402,0.568
901500,0.030,0.334,0.636
902000,0.030,0.303,0.667
902500,0.032,0.379,0.589
903000,0.030,0.394,0.576
903500,0.030,0.482,0.488
904000,0.030,0.357,0.613
904500,0.041,0.404,0.555
905000,0.030,0.580,0.390
905500,0.030,0.439,0.531
906000,0.030,0.504,0.466
906500,0.030,0.496,0.474
907000,0.030,0.436,0.534
907500,0.030,0.470,0.500
908000,0.030,0.463,0.507
908500,0.030,0.446,0.524
909000,0.030,0.550,0.420
909500,0.030,0.480,0.490
910000,0.030,0.406,0.564
910500,0.030,0.435,0.535
911000,0.030,0.544,0.426
911500,0.031,0.461,0.508
912000,0.030,0.529,0.441
912500,0.030,0.392,0.578
913000,0.030,0.356,0.614
913500,0.030,0.368,0.602
914000,0.031,0.379,0.590
914500,0.030,0.377,0.593
915000,0.030,0.401,0.569
915500,0.030,0.415,0.555
916000,0.030,0.344,0.626
916500,0.030,0.383,0.587
917000,0.030,0.498,0.472
917500,0.030,0.437,0.533
918000,0.033,0.459,0.508
918500,0.030,0.475,0.495
919000,0.030,0.482,0.488
919500,0.030,0.474,0.496
920000,0.030,0.506,0.464
920500,0.030,0.423,0.547
921000,0.031,0.368,0.601
921500,0.030,0.393,0.577
922000,0.030,0.451,0.519
922500,0.030,0.445,0.525
923000,0.030,0.393,0.577
923500,0.030,0.455,0.515
924000,0.030,0.489,0.481
924500,0.030,0.439,0.531
925000,0.030,0.430,0.540
925500,0.030,0.366,0.604
926000,0.030,0.383,0.587
926500,0.030,0.337,0.633
927000,0.030,0.445,0.525
927500,0.030,0.428,0.542
928000,0.030,0.465,0.505
928500,0.030,0.497,0.473
929000,0.030,0.367,0.603
929500,0.030,0.409,0.561
930000,0.030,0.398,0.572
930500,0.037,0.343,0.620
931000,0.030,0.425,0.545
931500,0.030,0.579,0.391
932000,0.030,0.557,0.413
932500,0.030,0.527,0.443
933000,0.030,0.531,0.439
933500,0.030,0.349,0.621
934000,0.030,0.504,0.466
934500,0.030,0.397,0.573
935000,0.030,0.557,0.413
935500,0.030,0.451,0.519
936000,0.030,0.477,0.493
936500,0.030,0.465,0.505
937000,0.030,0.495,0.475
937500,0.030,0.510,0.460
938000,0.030,0.459,0.511
938500,0.030,0.451,0.519
939000,0.030,0.443,0.527
939500,0.030,0.442,0.528
940000,0.030,0.427,0.543
940500,0.030,0.458,0.512
941000,0.030,0.437,0.533
941500,0.030,0.311,0.659
942000,0.044,0.356,0.600
942500,0.030,0.441,0.529
943000,0.030,0.468,0.502
943500,0.030,0.512,0.458
944000,0.030,0.346,0.624
944500,0.030,0.498,0.472
945000,0.030,0.412,0.558
945500,0.030,0.386,0.584
946000,0.030,0.476,0.494
946500,0.030,0.571,0.399
947000,0.030,0.585,0.385
947500,0.030,0.399,0.571
948000,0.030,0.468,0.502
948500,0.030,0.504,0.466
949000,0.030,0.537,0.433
949500,0.030,0.481,0.489
950000,0.030,0.419,0.551
950500,0.030,0.349,0.621
951000,0.030,0.440,0.530
951500,0.030,0.476,0.494
952000,0.030,0.456,0.514
952500,0.030,0.404,0.566
953000,0.030,0.405,0.565
953500,0.030,0.337,0.633
954000,0.030,0.378,0.592
954500,0.030,0.409,0.561
955000,0.030,0.460,0.510
955500,0.030,0.616,0.354
956000,0.030,0.579,0.391
956500,0.030,0.544,0.426
957000,0.030,0.521,0.449
957500,0.030,0.459,0.511
958000,0.030,0.348,0.622
958500,0.030,0.261,0.709
959000,0.030,0.413,0.557
959500,0.030,0.414,0.556
960000,0.030,0.490,0.480
960500,0.030,0.388,0.582
961000,0.030,0.494,0.476
961500,0.030,0.483,0.487
962000,0.030,0.416,0.554
962500,0.030,0.533,0.437
963000,0.030,0.490,0.480
963500,0.030,0.411,0.559
964000,0.030,0.390,0.580
964500,0.030,0.452,0.518
965000,0.030,0.467,0.503
965500,0.032,0.289,0.679
966000,0.030,0.479,0.491
966500,0.032,0.301,0.667
967000,0.030,0.354,0.616
967500,0.030,0.376,0.594
968000,0.032,0.405,0.563
968500,0.030,0.401,0.569
969000,0.030,0.432,0.538
969500,0.030,0.397,0.573
970000,0.030,0.493,0.477
970500,0.030,0.355,0.615
971000,0.037,0.420,0.543
971500,0.030,0.409,0.561
972000,0.030,0.534,0.436
972500,0.030,0.415,0.555
973000,0.030,0.410,0.560
973500,0.030,0.535,0.435
974000,0.030,0.463,0.507
974500,0.032,0.438,0.530
975000,0.030,0.539,0.431
975500,0.030,0.445,0.525
976000,0.030,0.444,0.526
976500,0.030,0.333,0.637
977000,0.030,0.454,0.516
977500,0.030,0.529,0.441
978000,0.030,0.474,0.496
978500,0.030,0.499,0.471
979000,0.030,0.376,0.594
979500,0.030,0.394,0.576
980000,0.042,0.462,0.496
980500,0.030,0.479,0.491
981000,0.030,0.411,0.559
981500,0.030,0.469,0.501
982000,0.030,0.382,0.588
982500,0.030,0.552,0.418
983000,0.030,0.488,0.482
983500,0.030,0.470,0.500
984000,0.030,0.514,0.456
984500,0.030,0.448,0.522
985000,0.030,0.444,0.526
985500,0.030,0.457,0.513
986000,0.030,0.398,0.572
986500,0.030,0.383,0.587
987000,0.038,0.425,0.537
987500,0.031,0.393,0.576
988000,0.030,0.462,0.508
988500,0.030,0.429,0.541
989000,0.030,0.500,0.470
989500,0.030,0.477,0.493
990000,0.030,0.530,0.440
990500,0.030,0.491,0.479
991000,0.030,0.403,0.567
991500,0.030,0.566,0.404
992000,0.030,0.488,0.482
992500,0.030,0.393,0.577
993000,0.030,0.475,0.495
993500,0.030,0.418,0.552
994000,0.030,0.381,0.589
994500,0.030,0.411,0.559
995000,0.030,0.398,0.572
995500,0.030,0.376,0.594
996000,0.030,0.483,0.487
996500,0.030,0.558,0.412
997000,0.030,0.498,0.472
997500,0.030,0.430,0.540
998000,0.030,0.445,0.525
998500,0.030,0.447,0.523
999000,0.030,0.473,0.497
999500,0.030,0.443,0.527
1000000,0.030,0.402,0.568
