time,n_A+p,n_B,n_AB
500,0.030,0.948,0.022
1000,0.030,0.909,0.061
1500,0.030,0.862,0.108
2000,0.030,0.804,0.166
2500,0.030,0.744,0.226
3000,0.030,0.665,0.305
3500,0.030,0.582,0.388
4000,0.030,0.498,0.471
4500,0.030,0.412,0.558
5000,0.036,0.330,0.633
5500,0.035,0.263,0.703
6000,0.037,0.207,0.755
6500,0.041,0.158,0.802
7000,0.043,0.121,0.835
7500,0.056,0.089,0.854
8000,0.051,0.069,0.880
8500,0.055,0.059,0.886
9000,0.059,0.056,0.886
9500,0.059,0.061,0.880
10000,0.064,0.048,0.889
10500,0.060,0.049,0.891
11000,0.062,0.045,0.892
11500,0.055,0.051,0.893
12000,0.052,0.054,0.894
12500,0.059,0.045,0.896
13000,0.066,0.052,0.882
13500,0.063,0.039,0.898
14000,0.059,0.034,0.908
14500,0.067,0.033,0.900
15000,0.070,0.028,0.901
15500,0.077,0.022,0.901
16000,0.076,0.035,0.889
16500,0.074,0.034,0.892
17000,0.072,0.034,0.893
17500,0.067,0.041,0.893
18000,0.070,0.036,0.893
18500,0.073,0.034,0.894
19000,0.082,0.040,0.879
19500,0.068,0.033,0.899
20000,0.076,0.029,0.895
20500,0.074,0.037,0.888
21000,0.074,0.035,0.891
21500,0.083,0.034,0.884
22000,0.084,0.032,0.885
22500,0.086,0.038,0.876
23000,0.083,0.035,0.882
23500,0.085,0.033,0.882
24000,0.077,0.026,0.897
24500,0.075,0.016,0.908
25000,0.073,0.018,0.908
25500,0.075,0.026,0.899
26000,0.072,0.029,0.899
26500,0.068,0.033,0.899
27000,0.061,0.035,0.903
27500,0.063,0.030,0.907
28000,0.069,0.029,0.903
28500,0.071,0.035,0.894
29000,0.068,0.032,0.900
29500,0.068,0.037,0.895
30000,0.068,0.032,0.900
30500,0.064,0.029,0.907
31000,0.059,0.040,0.901
31500,0.072,0.038,0.889
32000,0.065,0.035,0.900
32500,0.066,0.037,0.897
33000,0.069,0.033,0.898
33500,0.068,0.038,0.894
34000,0.070,0.037,0.893
34500,0.069,0.034,0.898
35000,0.060,0.034,0.906
35500,0.063,0.033,0.905
36000,0.059,0.028,0.912
36500,0.068,0.023,0.909
37000,0.076,0.028,0.897
37500,0.079,0.018,0.903
38000,0.079,0.018,0.904
38500,0.070,0.022,0.907
39000,0.071,0.028,0.901
39500,0.064,0.035,0.900
40000,0.057,0.034,0.909
40500,0.070,0.035,0.894
41000,0.075,0.034,0.891
41500,0.077,0.037,0.886
42000,0.072,0.039,0.889
42500,0.065,0.039,0.896
43000,0.061,0.040,0.900
43500,0.064,0.041,0.895
44000,0.061,0.047,0.892
44500,0.064,0.038,0.897
45000,0.060,0.032,0.907
45500,0.067,0.032,0.901
46000,0.069,0.030,0.901
46500,0.064,0.028,0.908
47000,0.069,0.034,0.897
47500,0.069,0.032,0.900
48000,0.072,0.029,0.898
48500,0.064,0.035,0.901
49000,0.068,0.036,0.896
49500,0.064,0.034,0.902
50000,0.068,0.036,0.895
50500,0.068,0.042,0.890
51000,0.072,0.032,0.896
51500,0.075,0.029,0.896
52000,0.071,0.025,0.904
52500,0.074,0.024,0.901
53000,0.071,0.021,0.908
53500,0.075,0.022,0.902
54000,0.076,0.024,0.899
54500,0.076,0.029,0.894
55000,0.076,0.026,0.898
55500,0.073,0.029,0.897
56000,0.072,0.034,0.894
56500,0.068,0.036,0.896
57000,0.066,0.036,0.898
57500,0.060,0.029,0.911
58000,0.063,0.032,0.906
58500,0.059,0.030,0.911
59000,0.065,0.025,0.911
59500,0.069,0.032,0.900
60000,0.079,0.029,0.892
60500,0.087,0.029,0.883
61000,0.074,0.031,0.895
61500,0.091,0.022,0.887
62000,0.083,0.037,0.880
62500,0.073,0.030,0.896
63000,0.081,0.033,0.887
63500,0.083,0.041,0.877
64000,0.070,0.033,0.896
64500,0.070,0.029,0.900
65000,0.071,0.040,0.890
65500,0.062,0.040,0.897
66000,0.062,0.035,0.902
66500,0.066,0.037,0.896
67000,0.067,0.033,0.901
67500,0.070,0.032,0.898
68000,0.060,0.032,0.908
68500,0.067,0.031,0.902
69000,0.068,0.034,0.898
69500,0.073,0.032,0.895
70000,0.076,0.033,0.891
70500,0.084,0.029,0.887
71000,0.077,0.042,0.882
71500,0.072,0.045,0.882
72000,0.073,0.044,0.882
72500,0.078,0.044,0.878
73000,0.082,0.046,0.872
73500,0.081,0.043,0.876
74000,0.074,0.037,0.889
74500,0.071,0.041,0.889
75000,0.075,0.037,0.887
75500,0.070,0.035,0.894
76000,0.066,0.032,0.902
76500,0.071,0.032,0.898
77000,0.074,0.026,0.899
77500,0.082,0.033,0.886
78000,0.074,0.029,0.896
78500,0.071,0.037,0.892
79000,0.071,0.037,0.891
79500,0.069,0.035,0.896
80000,0.069,0.035,0.896
80500,0.077,0.036,0.887
81000,0.073,0.029,0.898
81500,0.069,0.025,0.906
82000,0.067,0.024,0.909
82500,0.069,0.025,0.907
83000,0.073,0.030,0.896
83500,0.083,0.035,0.882
84000,0.076,0.025,0.898
84500,0.070,0.024,0.906
85000,0.070,0.030,0.899
85500,0.067,0.028,0.905
86000,0.070,0.032,0.898
86500,0.075,0.036,0.888
87000,0.066,0.029,0.905
87500,0.062,0.033,0.905
88000,0.058,0.030,0.912
88500,0.062,0.040,0.897
89000,0.065,0.045,0.890
89500,0.075,0.039,0.886
90000,0.065,0.036,0.899
90500,0.072,0.033,0.895
91000,0.064,0.027,0.909
91500,0.068,0.028,0.904
92000,0.069,0.029,0.903
92500,0.079,0.028,0.894
93000,0.083,0.028,0.890
93500,0.079,0.034,0.887
94000,0.070,0.033,0.897
94500,0.071,0.035,0.895
95000,0.071,0.041,0.887
95500,0.072,0.035,0.892
96000,0.073,0.024,0.902
96500,0.074,0.025,0.900
97000,0.071,0.024,0.906
97500,0.068,0.026,0.906
98000,0.060,0.026,0.913
98500,0.059,0.028,0.914
99000,0.066,0.038,0.895
99500,0.066,0.035,0.899
100000,0.072,0.036,0.891
100500,0.068,0.036,0.896
101000,0.071,0.036,0.892
101500,0.076,0.040,0.885
102000,0.072,0.043,0.886
102500,0.074,0.035,0.891
103000,0.070,0.032,0.897
103500,0.063,0.035,0.902
104000,0.070,0.032,0.898
104500,0.066,0.032,0.902
105000,0.075,0.026,0.899
105500,0.078,0.029,0.894
106000,0.071,0.021,0.908
106500,0.068,0.025,0.907
107000,0.065,0.033,0.903
107500,0.059,0.033,0.907
108000,0.069,0.032,0.900
108500,0.076,0.026,0.898
109000,0.082,0.028,0.891
109500,0.081,0.026,0.893
110000,0.079,0.031,0.890
110500,0.080,0.033,0.887
111000,0.077,0.033,0.889
111500,0.077,0.029,0.893
112000,0.071,0.029,0.900
112500,0.069,0.024,0.908
113000,0.065,0.018,0.917
113500,0.069,0.018,0.913
114000,0.070,0.017,0.912
114500,0.073,0.025,0.902
115000,0.074,0.018,0.907
115500,0.082,0.017,0.902
116000,0.074,0.026,0.900
116500,0.071,0.029,0.900
117000,0.068,0.042,0.890
117500,0.067,0.032,0.901
118000,0.068,0.034,0.898
118500,0.067,0.024,0.909
119000,0.068,0.032,0.900
119500,0.062,0.035,0.903
120000,0.062,0.040,0.898
120500,0.061,0.040,0.900
121000,0.066,0.034,0.900
121500,0.066,0.044,0.890
122000,0.066,0.041,0.893
122500,0.071,0.043,0.886
123000,0.070,0.043,0.887
123500,0.068,0.037,0.895
124000,0.066,0.024,0.910
124500,0.076,0.029,0.894
125000,0.075,0.022,0.902
125500,0.074,0.028,0.898
126000,0.070,0.034,0.895
126500,0.071,0.033,0.895
127000,0.070,0.031,0.898
127500,0.083,0.042,0.875
128000,0.081,0.042,0.877
128500,0.077,0.044,0.878
129000,0.070,0.030,0.900
129500,0.078,0.038,0.884
130000,0.076,0.029,0.895
130500,0.080,0.026,0.894
131000,0.090,0.019,0.891
131500,0.074,0.029,0.897
132000,0.070,0.036,0.893
132500,0.069,0.032,0.899
133000,0.062,0.029,0.909
133500,0.068,0.033,0.899
134000,0.070,0.034,0.896
134500,0.067,0.032,0.901
135000,0.062,0.036,0.901
135500,0.064,0.036,0.900
136000,0.082,0.029,0.890
136500,0.076,0.026,0.897
137000,0.082,0.024,0.894
137500,0.087,0.029,0.885
138000,0.075,0.028,0.897
138500,0.072,0.028,0.899
139000,0.069,0.026,0.905
139500,0.067,0.031,0.902
140000,0.061,0.035,0.904
140500,0.057,0.037,0.905
141000,0.065,0.043,0.892
141500,0.074,0.040,0.886
142000,0.074,0.036,0.890
142500,0.072,0.036,0.892
143000,0.068,0.033,0.899
143500,0.070,0.036,0.894
144000,0.074,0.033,0.894
144500,0.072,0.021,0.907
145000,0.074,0.020,0.906
145500,0.075,0.022,0.902
146000,0.074,0.025,0.901
146500,0.071,0.024,0.904
147000,0.075,0.022,0.902
147500,0.068,0.025,0.907
148000,0.061,0.024,0.914
148500,0.072,0.029,0.898
149000,0.071,0.022,0.906
149500,0.077,0.024,0.898
150000,0.068,0.023,0.909
150500,0.062,0.028,0.910
151000,0.067,0.037,0.896
151500,0.074,0.035,0.892
152000,0.072,0.029,0.898
152500,0.060,0.033,0.907
153000,0.069,0.029,0.903
153500,0.066,0.030,0.904
154000,0.069,0.027,0.904
154500,0.070,0.025,0.905
155000,0.066,0.026,0.908
155500,0.064,0.024,0.912
156000,0.071,0.026,0.903
156500,0.064,0.030,0.906
157000,0.064,0.033,0.903
157500,0.059,0.035,0.905
158000,0.068,0.034,0.899
158500,0.063,0.032,0.906
159000,0.069,0.036,0.895
159500,0.066,0.035,0.899
160000,0.067,0.031,0.902
160500,0.067,0.033,0.900
161000,0.077,0.030,0.892
161500,0.075,0.034,0.891
162000,0.062,0.029,0.908
162500,0.058,0.025,0.917
163000,0.073,0.023,0.903
163500,0.074,0.020,0.906
164000,0.071,0.028,0.900
164500,0.083,0.029,0.888
165000,0.076,0.033,0.890
165500,0.080,0.040,0.880
166000,0.078,0.043,0.879
166500,0.075,0.037,0.887
167000,0.073,0.040,0.887
167500,0.075,0.031,0.894
168000,0.075,0.032,0.892
168500,0.080,0.033,0.888
169000,0.070,0.034,0.895
169500,0.075,0.026,0.898
170000,0.067,0.023,0.910
170500,0.064,0.034,0.902
171000,0.069,0.031,0.900
171500,0.071,0.025,0.903
172000,0.070,0.037,0.893
172500,0.068,0.033,0.899
173000,0.061,0.027,0.911
173500,0.058,0.025,0.917
174000,0.067,0.028,0.906
174500,0.072,0.034,0.894
175000,0.076,0.031,0.893
175500,0.073,0.024,0.904
176000,0.069,0.021,0.911
176500,0.070,0.017,0.913
177000,0.062,0.017,0.921
177500,0.064,0.035,0.901
178000,0.058,0.045,0.897
178500,0.064,0.042,0.894
179000,0.059,0.040,0.900
179500,0.066,0.048,0.886
180000,0.067,0.043,0.890
180500,0.062,0.047,0.891
181000,0.065,0.045,0.890
181500,0.067,0.038,0.895
182000,0.068,0.038,0.894
182500,0.069,0.045,0.886
183000,0.065,0.036,0.899
183500,0.065,0.035,0.900
184000,0.069,0.038,0.893
184500,0.075,0.029,0.897
185000,0.068,0.034,0.898
185500,0.073,0.024,0.903
186000,0.067,0.024,0.910
186500,0.067,0.024,0.910
187000,0.072,0.026,0.902
187500,0.072,0.029,0.900
188000,0.069,0.036,0.895
188500,0.068,0.033,0.899
189000,0.072,0.029,0.900
189500,0.070,0.025,0.905
190000,0.071,0.039,0.889
190500,0.073,0.045,0.881
191000,0.077,0.036,0.887
191500,0.076,0.027,0.896
192000,0.072,0.024,0.903
192500,0.081,0.024,0.896
193000,0.075,0.028,0.897
193500,0.079,0.033,0.888
194000,0.082,0.033,0.885
194500,0.085,0.038,0.877
195000,0.079,0.032,0.890
195500,0.070,0.035,0.894
196000,0.069,0.039,0.892
196500,0.071,0.027,0.902
197000,0.072,0.034,0.895
197500,0.067,0.035,0.898
198000,0.060,0.034,0.905
198500,0.063,0.032,0.905
199000,0.063,0.032,0.905
199500,0.060,0.029,0.910
200000,0.072,0.025,0.903
200500,0.073,0.030,0.896
201000,0.071,0.032,0.897
201500,0.071,0.030,0.899
202000,0.071,0.029,0.899
202500,0.074,0.035,0.892
203000,0.073,0.037,0.889
203500,0.069,0.034,0.897
204000,0.057,0.034,0.909
204500,0.057,0.031,0.912
205000,0.058,0.033,0.909
205500,0.068,0.026,0.906
206000,0.065,0.029,0.906
206500,0.064,0.036,0.899
207000,0.071,0.029,0.899
207500,0.069,0.026,0.905
208000,0.072,0.028,0.901
208500,0.062,0.032,0.906
209000,0.050,0.034,0.916
209500,0.054,0.029,0.917
210000,0.056,0.023,0.921
210500,0.065,0.018,0.917
211000,0.065,0.021,0.914
211500,0.069,0.021,0.910
212000,0.075,0.028,0.896
212500,0.075,0.030,0.895
213000,0.071,0.028,0.902
213500,0.073,0.030,0.897
214000,0.076,0.027,0.897
214500,0.070,0.028,0.901
215000,0.073,0.029,0.899
215500,0.072,0.034,0.893
216000,0.076,0.029,0.895
216500,0.072,0.029,0.898
217000,0.071,0.032,0.897
217500,0.067,0.032,0.901
218000,0.067,0.029,0.904
218500,0.074,0.029,0.897
219000,0.081,0.031,0.888
219500,0.069,0.035,0.897
220000,0.068,0.029,0.903
220500,0.072,0.032,0.897
221000,0.077,0.025,0.897
221500,0.077,0.029,0.894
222000,0.074,0.025,0.900
222500,0.078,0.021,0.902
223000,0.084,0.023,0.893
223500,0.075,0.030,0.894
224000,0.072,0.032,0.897
224500,0.067,0.036,0.897
225000,0.069,0.043,0.888
225500,0.071,0.042,0.887
226000,0.096,0.047,0.857
226500,0.093,0.040,0.868
227000,0.084,0.034,0.883
227500,0.078,0.035,0.887
228000,0.074,0.031,0.895
228500,0.073,0.030,0.897
229000,0.078,0.032,0.891
229500,0.073,0.035,0.892
230000,0.065,0.039,0.896
230500,0.066,0.043,0.892
231000,0.074,0.032,0.893
231500,0.081,0.034,0.885
232000,0.085,0.034,0.882
232500,0.084,0.032,0.885
233000,0.083,0.033,0.885
233500,0.084,0.029,0.887
234000,0.084,0.025,0.891
234500,0.078,0.029,0.893
235000,0.077,0.032,0.891
235500,0.080,0.033,0.888
236000,0.074,0.035,0.891
236500,0.079,0.034,0.888
237000,0.067,0.034,0.899
237500,0.070,0.037,0.893
238000,0.069,0.045,0.886
238500,0.067,0.040,0.894
239000,0.076,0.032,0.891
239500,0.070,0.029,0.900
240000,0.079,0.026,0.895
240500,0.082,0.025,0.893
241000,0.081,0.025,0.894
241500,0.076,0.029,0.895
242000,0.072,0.025,0.904
242500,0.071,0.026,0.902
243000,0.071,0.026,0.903
243500,0.065,0.032,0.904
244000,0.068,0.029,0.903
244500,0.072,0.031,0.896
245000,0.071,0.025,0.903
245500,0.079,0.028,0.893
246000,0.072,0.028,0.900
246500,0.067,0.030,0.903
247000,0.062,0.030,0.907
247500,0.067,0.038,0.895
248000,0.078,0.040,0.882
248500,0.075,0.042,0.883
249000,0.076,0.037,0.887
249500,0.071,0.030,0.899
250000,0.074,0.028,0.898
250500,0.075,0.030,0.895
251000,0.070,0.029,0.902
251500,0.074,0.026,0.899
252000,0.077,0.031,0.892
252500,0.074,0.035,0.890
253000,0.076,0.032,0.893
253500,0.076,0.032,0.892
254000,0.070,0.037,0.892
254500,0.069,0.034,0.898
255000,0.071,0.031,0.897
255500,0.067,0.037,0.896
256000,0.070,0.036,0.893
256500,0.069,0.032,0.900
257000,0.068,0.030,0.902
257500,0.068,0.029,0.903
258000,0.078,0.027,0.895
258500,0.069,0.029,0.903
259000,0.064,0.027,0.909
259500,0.067,0.031,0.902
260000,0.062,0.035,0.902
260500,0.057,0.032,0.911
261000,0.062,0.033,0.905
261500,0.065,0.035,0.900
262000,0.071,0.033,0.895
262500,0.074,0.029,0.897
263000,0.079,0.027,0.894
263500,0.074,0.027,0.899
264000,0.073,0.028,0.900
264500,0.073,0.037,0.890
265000,0.074,0.029,0.898
265500,0.069,0.040,0.891
266000,0.067,0.035,0.898
266500,0.067,0.029,0.905
267000,0.077,0.025,0.897
267500,0.073,0.029,0.899
268000,0.076,0.028,0.896
268500,0.077,0.032,0.890
269000,0.080,0.025,0.896
269500,0.079,0.024,0.897
270000,0.079,0.021,0.900
270500,0.079,0.018,0.903
271000,0.083,0.019,0.898
271500,0.082,0.029,0.889
272000,0.068,0.026,0.906
272500,0.067,0.021,0.913
273000,0.078,0.032,0.890
273500,0.076,0.033,0.892
274000,0.074,0.035,0.891
274500,0.068,0.036,0.895
275000,0.067,0.030,0.903
275500,0.068,0.032,0.900
276000,0.067,0.029,0.904
276500,0.064,0.038,0.898
277000,0.059,0.037,0.903
277500,0.060,0.035,0.905
278000,0.061,0.033,0.906
278500,0.075,0.025,0.899
279000,0.082,0.023,0.895
279500,0.074,0.025,0.901
280000,0.072,0.034,0.894
280500,0.069,0.025,0.906
281000,0.073,0.021,0.906
281500,0.072,0.027,0.900
282000,0.075,0.023,0.902
282500,0.077,0.025,0.898
283000,0.078,0.028,0.894
283500,0.068,0.033,0.899
284000,0.062,0.031,0.906
284500,0.068,0.024,0.908
285000,0.069,0.021,0.910
285500,0.068,0.029,0.903
286000,0.070,0.031,0.899
286500,0.073,0.030,0.896
287000,0.070,0.029,0.901
287500,0.071,0.035,0.894
288000,0.072,0.029,0.899
288500,0.074,0.025,0.900
289000,0.072,0.021,0.906
289500,0.067,0.021,0.912
290000,0.076,0.025,0.899
290500,0.069,0.020,0.911
291000,0.059,0.030,0.910
291500,0.069,0.025,0.906
292000,0.068,0.030,0.902
292500,0.071,0.028,0.900
293000,0.079,0.035,0.886
293500,0.070,0.035,0.895
294000,0.070,0.029,0.901
294500,0.070,0.026,0.903
295000,0.067,0.022,0.911
295500,0.073,0.028,0.899
296000,0.073,0.025,0.901
296500,0.073,0.028,0.900
297000,0.062,0.025,0.913
297500,0.068,0.028,0.904
298000,0.060,0.035,0.905
298500,0.062,0.043,0.895
299000,0.065,0.051,0.884
299500,0.059,0.041,0.901
300000,0.057,0.037,0.906
300500,0.055,0.041,0.904
301000,0.059,0.036,0.905
301500,0.059,0.026,0.914
302000,0.060,0.028,0.912
302500,0.060,0.023,0.917
303000,0.063,0.022,0.915
303500,0.070,0.025,0.905
304000,0.062,0.033,0.905
304500,0.067,0.039,0.894
305000,0.061,0.036,0.903
305500,0.063,0.042,0.896
306000,0.069,0.036,0.895
306500,0.074,0.034,0.892
307000,0.065,0.026,0.909
307500,0.069,0.028,0.903
308000,0.069,0.034,0.897
308500,0.070,0.025,0.906
309000,0.074,0.025,0.901
309500,0.076,0.026,0.898
310000,0.073,0.022,0.905
310500,0.084,0.022,0.894
311000,0.079,0.026,0.895
311500,0.082,0.032,0.887
312000,0.080,0.029,0.891
312500,0.073,0.026,0.901
313000,0.078,0.021,0.901
313500,0.080,0.030,0.890
314000,0.078,0.035,0.887
314500,0.072,0.035,0.893
315000,0.065,0.029,0.907
315500,0.064,0.028,0.908
316000,0.063,0.028,0.910
316500,0.062,0.025,0.913
317000,0.066,0.026,0.907
317500,0.069,0.023,0.908
318000,0.075,0.041,0.885
318500,0.076,0.038,0.886
319000,0.066,0.037,0.896
319500,0.057,0.043,0.900
320000,0.050,0.034,0.917
320500,0.048,0.040,0.912
321000,0.065,0.036,0.899
321500,0.065,0.028,0.908
322000,0.071,0.035,0.894
322500,0.076,0.034,0.891
323000,0.075,0.035,0.890
323500,0.073,0.038,0.888
324000,0.073,0.038,0.889
324500,0.071,0.043,0.886
325000,0.071,0.044,0.885
325500,0.062,0.046,0.892
326000,0.064,0.043,0.893
326500,0.064,0.042,0.894
327000,0.061,0.038,0.901
327500,0.064,0.038,0.898
328000,0.066,0.042,0.893
328500,0.070,0.043,0.887
329000,0.072,0.037,0.890
329500,0.079,0.041,0.880
330000,0.077,0.043,0.881
330500,0.082,0.033,0.886
331000,0.079,0.026,0.895
331500,0.074,0.026,0.899
332000,0.067,0.035,0.898
332500,0.068,0.036,0.896
333000,0.073,0.035,0.892
333500,0.073,0.029,0.898
334000,0.072,0.029,0.899
334500,0.070,0.019,0.911
335000,0.068,0.022,0.909
335500,0.067,0.025,0.908
336000,0.062,0.032,0.906
336500,0.060,0.034,0.906
337000,0.057,0.035,0.908
337500,0.059,0.025,0.916
338000,0.069,0.035,0.897
338500,0.067,0.036,0.897
339000,0.061,0.034,0.905
339500,0.061,0.034,0.905
340000,0.068,0.029,0.903
340500,0.071,0.023,0.906
341000,0.079,0.029,0.892
341500,0.070,0.031,0.898
342000,0.078,0.028,0.895
342500,0.079,0.038,0.883
343000,0.070,0.030,0.899
343500,0.071,0.026,0.903
344000,0.078,0.026,0.896
344500,0.079,0.026,0.895
345000,0.070,0.028,0.902
345500,0.062,0.033,0.905
346000,0.060,0.029,0.910
346500,0.065,0.025,0.910
347000,0.065,0.025,0.910
347500,0.069,0.029,0.902
348000,0.070,0.026,0.904
348500,0.070,0.028,0.903
349000,0.071,0.035,0.895
349500,0.071,0.038,0.890
350000,0.069,0.029,0.902
350500,0.063,0.037,0.900
351000,0.067,0.033,0.901
351500,0.072,0.032,0.896
352000,0.068,0.029,0.903
352500,0.073,0.035,0.891
353000,0.074,0.034,0.892
353500,0.072,0.029,0.899
354000,0.071,0.036,0.893
354500,0.080,0.034,0.887
355000,0.076,0.037,0.887
355500,0.072,0.029,0.899
356000,0.074,0.028,0.898
356500,0.081,0.030,0.889
357000,0.070,0.026,0.903
357500,0.069,0.028,0.903
358000,0.075,0.037,0.888
358500,0.076,0.028,0.896
359000,0.073,0.028,0.900
359500,0.068,0.032,0.900
360000,0.060,0.025,0.914
360500,0.077,0.031,0.892
361000,0.073,0.029,0.899
361500,0.066,0.033,0.902
362000,0.064,0.031,0.905
362500,0.078,0.030,0.892
363000,0.077,0.029,0.893
363500,0.077,0.026,0.896
364000,0.074,0.032,0.895
364500,0.066,0.029,0.905
365000,0.066,0.028,0.906
365500,0.062,0.026,0.912
366000,0.072,0.029,0.899
366500,0.070,0.027,0.903
367000,0.081,0.030,0.889
367500,0.085,0.032,0.884
368000,0.075,0.025,0.901
368500,0.073,0.022,0.904
369000,0.069,0.028,0.904
369500,0.071,0.034,0.896
370000,0.070,0.030,0.899
370500,0.073,0.041,0.885
371000,0.071,0.042,0.886
371500,0.065,0.039,0.896
372000,0.065,0.045,0.890
372500,0.057,0.050,0.893
373000,0.059,0.049,0.893
373500,0.057,0.044,0.899
374000,0.053,0.051,0.896
374500,0.061,0.047,0.891
375000,0.073,0.048,0.878
375500,0.071,0.040,0.888
376000,0.066,0.035,0.899
376500,0.059,0.037,0.904
377000,0.065,0.038,0.897
377500,0.070,0.034,0.895
378000,0.072,0.033,0.895
378500,0.064,0.036,0.899
379000,0.066,0.035,0.900
379500,0.073,0.039,0.888
380000,0.068,0.039,0.893
380500,0.068,0.035,0.897
381000,0.079,0.034,0.888
381500,0.075,0.043,0.882
382000,0.071,0.036,0.893
382500,0.070,0.032,0.899
383000,0.065,0.034,0.901
383500,0.066,0.033,0.901
384000,0.064,0.033,0.903
384500,0.062,0.036,0.901
385000,0.069,0.034,0.897
385500,0.070,0.030,0.900
386000,0.067,0.033,0.900
386500,0.062,0.031,0.907
387000,0.059,0.033,0.908
387500,0.062,0.040,0.898
388000,0.064,0.036,0.899
388500,0.064,0.030,0.906
389000,0.067,0.025,0.908
389500,0.070,0.034,0.896
390000,0.066,0.038,0.896
390500,0.070,0.036,0.894
391000,0.065,0.038,0.897
391500,0.067,0.035,0.898
392000,0.061,0.033,0.905
392500,0.067,0.046,0.887
393000,0.062,0.041,0.897
393500,0.062,0.040,0.898
394000,0.067,0.035,0.898
394500,0.068,0.029,0.903
395000,0.069,0.029,0.902
395500,0.070,0.029,0.901
396000,0.073,0.026,0.901
396500,0.071,0.029,0.899
397000,0.064,0.025,0.911
397500,0.071,0.036,0.893
398000,0.071,0.040,0.890
398500,0.070,0.035,0.895
399000,0.062,0.034,0.904
399500,0.067,0.040,0.893
400000,0.065,0.045,0.890
400500,0.064,0.046,0.889
401000,0.068,0.037,0.894
401500,0.079,0.028,0.894
402000,0.087,0.031,0.881
402500,0.083,0.035,0.882
403000,0.073,0.032,0.894
403500,0.073,0.034,0.893
404000,0.080,0.038,0.882
404500,0.079,0.035,0.886
405000,0.076,0.031,0.893
405500,0.074,0.025,0.900
406000,0.075,0.028,0.898
406500,0.070,0.035,0.896
407000,0.059,0.034,0.907
407500,0.069,0.030,0.901
408000,0.072,0.026,0.902
408500,0.072,0.030,0.897
409000,0.081,0.026,0.893
409500,0.085,0.029,0.887
410000,0.086,0.033,0.882
410500,0.080,0.035,0.886
411000,0.075,0.032,0.894
411500,0.077,0.035,0.888
412000,0.076,0.029,0.896
412500,0.071,0.026,0.903
413000,0.071,0.025,0.903
413500,0.079,0.025,0.896
414000,0.077,0.033,0.891
414500,0.073,0.027,0.899
415000,0.069,0.025,0.906
415500,0.070,0.029,0.900
416000,0.065,0.029,0.906
416500,0.073,0.034,0.893
417000,0.077,0.034,0.889
417500,0.086,0.027,0.887
418000,0.085,0.021,0.894
418500,0.083,0.019,0.898
419000,0.080,0.028,0.893
419500,0.072,0.024,0.903
420000,0.065,0.036,0.899
420500,0.070,0.037,0.892
421000,0.066,0.038,0.896
421500,0.069,0.043,0.888
422000,0.070,0.039,0.891
422500,0.061,0.036,0.902
423000,0.062,0.030,0.907
423500,0.067,0.030,0.903
424000,0.066,0.029,0.905
424500,0.065,0.026,0.909
425000,0.067,0.026,0.907
425500,0.074,0.029,0.897
426000,0.073,0.036,0.890
426500,0.075,0.035,0.889
427000,0.070,0.029,0.901
427500,0.083,0.025,0.892
428000,0.088,0.024,0.887
428500,0.081,0.027,0.892
429000,0.076,0.025,0.900
429500,0.069,0.027,0.904
430000,0.070,0.029,0.900
430500,0.060,0.026,0.913
431000,0.062,0.035,0.902
431500,0.059,0.030,0.911
432000,0.059,0.026,0.914
432500,0.069,0.030,0.901
433000,0.058,0.029,0.912
433500,0.060,0.034,0.906
434000,0.063,0.033,0.905
434500,0.067,0.028,0.905
435000,0.064,0.032,0.904
435500,0.066,0.033,0.901
436000,0.067,0.033,0.901
436500,0.067,0.038,0.895
437000,0.064,0.035,0.901
437500,0.057,0.036,0.907
438000,0.069,0.032,0.899
438500,0.068,0.031,0.901
439000,0.076,0.028,0.895
439500,0.079,0.017,0.904
440000,0.075,0.025,0.900
440500,0.073,0.030,0.897
441000,0.074,0.023,0.903
441500,0.068,0.026,0.906
442000,0.066,0.037,0.897
442500,0.059,0.036,0.905
443000,0.061,0.041,0.899
443500,0.059,0.040,0.901
444000,0.065,0.035,0.901
444500,0.076,0.037,0.887
445000,0.073,0.032,0.896
445500,0.080,0.030,0.890
446000,0.084,0.025,0.891
446500,0.073,0.026,0.901
447000,0.070,0.026,0.904
447500,0.070,0.025,0.905
448000,0.077,0.035,0.888
448500,0.077,0.035,0.889
449000,0.067,0.029,0.904
449500,0.072,0.025,0.903
450000,0.084,0.025,0.891
450500,0.075,0.032,0.894
451000,0.073,0.035,0.892
451500,0.081,0.037,0.882
452000,0.066,0.030,0.904
452500,0.076,0.037,0.887
453000,0.075,0.029,0.896
453500,0.076,0.031,0.893
454000,0.071,0.029,0.901
454500,0.073,0.027,0.900
455000,0.071,0.030,0.899
455500,0.069,0.034,0.897
456000,0.072,0.041,0.887
456500,0.073,0.043,0.884
457000,0.060,0.044,0.895
457500,0.054,0.045,0.900
458000,0.054,0.049,0.897
458500,0.049,0.035,0.916
459000,0.049,0.035,0.916
459500,0.055,0.035,0.910
460000,0.068,0.043,0.890
460500,0.070,0.037,0.893
461000,0.069,0.043,0.888
461500,0.059,0.048,0.892
462000,0.056,0.045,0.898
462500,0.055,0.040,0.905
463000,0.063,0.035,0.903
463500,0.068,0.035,0.896
464000,0.081,0.036,0.883
464500,0.072,0.029,0.899
465000,0.085,0.030,0.885
465500,0.070,0.035,0.895
466000,0.074,0.036,0.890
466500,0.076,0.036,0.887
467000,0.080,0.036,0.884
467500,0.083,0.035,0.883
468000,0.088,0.034,0.877
468500,0.085,0.030,0.885
469000,0.079,0.030,0.891
469500,0.082,0.042,0.877
470000,0.080,0.034,0.887
470500,0.069,0.031,0.900
471000,0.070,0.038,0.891
471500,0.082,0.038,0.880
472000,0.076,0.041,0.882
472500,0.070,0.035,0.894
473000,0.064,0.035,0.901
473500,0.060,0.035,0.904
474000,0.055,0.038,0.907
474500,0.058,0.037,0.905
475000,0.053,0.029,0.918
475500,0.054,0.029,0.916
476000,0.057,0.028,0.915
476500,0.059,0.035,0.907
477000,0.058,0.031,0.911
477500,0.052,0.032,0.916
478000,0.053,0.036,0.910
478500,0.055,0.028,0.917
479000,0.053,0.026,0.921
479500,0.053,0.042,0.905
480000,0.053,0.050,0.897
480500,0.054,0.046,0.899
481000,0.056,0.049,0.895
481500,0.064,0.040,0.897
482000,0.068,0.036,0.896
482500,0.064,0.032,0.904
483000,0.070,0.033,0.897
483500,0.076,0.030,0.893
484000,0.077,0.029,0.894
484500,0.074,0.025,0.901
485000,0.080,0.028,0.893
485500,0.076,0.029,0.896
486000,0.076,0.024,0.899
486500,0.081,0.024,0.896
487000,0.086,0.024,0.890
487500,0.079,0.019,0.902
488000,0.076,0.018,0.905
488500,0.075,0.021,0.905
489000,0.072,0.024,0.905
489500,0.074,0.030,0.895
490000,0.064,0.032,0.904
490500,0.080,0.044,0.876
491000,0.077,0.047,0.875
491500,0.072,0.035,0.892
492000,0.069,0.025,0.907
492500,0.063,0.025,0.913
493000,0.064,0.033,0.903
493500,0.066,0.035,0.898
494000,0.061,0.029,0.909
494500,0.065,0.033,0.903
495000,0.069,0.029,0.902
495500,0.073,0.032,0.895
496000,0.073,0.030,0.896
496500,0.069,0.027,0.904
497000,0.071,0.027,0.901
497500,0.072,0.029,0.898
498000,0.076,0.025,0.899
498500,0.074,0.022,0.904
499000,0.072,0.019,0.908
499500,0.075,0.018,0.906
500000,0.079,0.018,0.903
500500,0.065,0.025,0.910
501000,0.057,0.025,0.918
501500,0.061,0.031,0.907
502000,0.061,0.032,0.907
502500,0.060,0.032,0.908
503000,0.059,0.033,0.909
503500,0.068,0.027,0.905
504000,0.076,0.018,0.906
504500,0.078,0.026,0.896
505000,0.081,0.026,0.893
505500,0.081,0.037,0.882
506000,0.074,0.037,0.889
506500,0.072,0.029,0.899
507000,0.079,0.025,0.896
507500,0.077,0.029,0.894
508000,0.075,0.025,0.899
508500,0.079,0.029,0.893
509000,0.079,0.034,0.887
509500,0.077,0.032,0.890
510000,0.073,0.029,0.899
510500,0.068,0.023,0.909
511000,0.066,0.031,0.903
511500,0.066,0.041,0.893
512000,0.066,0.034,0.900
512500,0.066,0.029,0.904
513000,0.063,0.025,0.913
513500,0.066,0.024,0.910
514000,0.068,0.021,0.910
514500,0.062,0.026,0.911
515000,0.072,0.032,0.896
515500,0.071,0.033,0.897
516000,0.070,0.036,0.894
516500,0.074,0.030,0.895
517000,0.076,0.027,0.897
517500,0.064,0.035,0.901
518000,0.060,0.039,0.900
518500,0.067,0.032,0.901
519000,0.069,0.035,0.896
519500,0.064,0.036,0.899
520000,0.070,0.033,0.897
520500,0.077,0.041,0.883
521000,0.073,0.038,0.888
521500,0.069,0.035,0.896
522000,0.063,0.038,0.899
522500,0.067,0.043,0.891
523000,0.059,0.038,0.903
523500,0.058,0.034,0.909
524000,0.062,0.040,0.898
524500,0.057,0.041,0.902
525000,0.067,0.031,0.902
525500,0.073,0.031,0.895
526000,0.066,0.025,0.909
526500,0.067,0.028,0.905
527000,0.064,0.032,0.905
527500,0.067,0.036,0.897
528000,0.067,0.033,0.900
528500,0.066,0.038,0.895
529000,0.067,0.038,0.895
529500,0.073,0.042,0.885
530000,0.079,0.041,0.880
530500,0.074,0.031,0.894
531000,0.070,0.033,0.896
531500,0.069,0.028,0.903
532000,0.070,0.019,0.910
532500,0.069,0.022,0.909
533000,0.080,0.034,0.886
533500,0.078,0.025,0.897
534000,0.078,0.025,0.898
534500,0.081,0.020,0.899
535000,0.080,0.021,0.899
535500,0.071,0.022,0.906
536000,0.070,0.025,0.905
536500,0.067,0.026,0.907
537000,0.070,0.022,0.908
537500,0.066,0.026,0.907
538000,0.067,0.026,0.907
538500,0.062,0.032,0.906
539000,0.064,0.041,0.895
539500,0.070,0.035,0.895
540000,0.069,0.027,0.904
540500,0.069,0.025,0.907
541000,0.077,0.034,0.890
541500,0.072,0.044,0.883
542000,0.069,0.040,0.891
542500,0.071,0.035,0.894
543000,0.069,0.035,0.896
543500,0.079,0.041,0.881
544000,0.071,0.044,0.884
544500,0.068,0.035,0.898
545000,0.081,0.029,0.890
545500,0.080,0.036,0.884
546000,0.091,0.034,0.875
546500,0.085,0.035,0.881
547000,0.087,0.037,0.875
547500,0.089,0.032,0.880
548000,0.090,0.042,0.868
548500,0.081,0.037,0.882
549000,0.072,0.043,0.885
549500,0.063,0.041,0.897
550000,0.067,0.041,0.892
550500,0.069,0.043,0.889
551000,0.069,0.033,0.898
551500,0.068,0.030,0.902
552000,0.069,0.025,0.907
552500,0.071,0.024,0.905
553000,0.073,0.018,0.909
553500,0.082,0.012,0.906
554000,0.081,0.018,0.902
554500,0.077,0.027,0.895
555000,0.079,0.029,0.893
555500,0.070,0.035,0.895
556000,0.065,0.047,0.888
556500,0.066,0.042,0.892
557000,0.069,0.031,0.900
557500,0.067,0.036,0.897
558000,0.057,0.026,0.917
558500,0.061,0.026,0.913
559000,0.062,0.029,0.908
559500,0.069,0.031,0.900
560000,0.070,0.024,0.905
560500,0.085,0.025,0.890
561000,0.078,0.025,0.897
561500,0.085,0.025,0.890
562000,0.076,0.020,0.903
562500,0.090,0.022,0.888
563000,0.088,0.026,0.885
563500,0.077,0.030,0.892
564000,0.080,0.029,0.891
564500,0.085,0.028,0.888
565000,0.075,0.037,0.887
565500,0.067,0.035,0.898
566000,0.064,0.038,0.898
566500,0.064,0.040,0.897
567000,0.067,0.041,0.892
567500,0.073,0.038,0.888
568000,0.074,0.035,0.891
568500,0.088,0.027,0.885
569000,0.082,0.024,0.894
569500,0.076,0.029,0.895
570000,0.071,0.035,0.894
570500,0.069,0.030,0.901
571000,0.072,0.033,0.896
571500,0.069,0.035,0.896
572000,0.070,0.034,0.896
572500,0.074,0.033,0.894
573000,0.069,0.025,0.906
573500,0.074,0.030,0.896
574000,0.066,0.030,0.904
574500,0.073,0.028,0.899
575000,0.079,0.034,0.887
575500,0.079,0.031,0.890
576000,0.073,0.042,0.885
576500,0.073,0.034,0.893
577000,0.081,0.029,0.890
577500,0.070,0.031,0.899
578000,0.065,0.033,0.902
578500,0.066,0.026,0.908
579000,0.059,0.029,0.912
579500,0.057,0.030,0.913
580000,0.058,0.027,0.915
580500,0.060,0.035,0.905
581000,0.060,0.034,0.906
581500,0.067,0.036,0.897
582000,0.061,0.042,0.897
582500,0.059,0.045,0.896
583000,0.068,0.044,0.888
583500,0.068,0.038,0.894
584000,0.060,0.035,0.904
584500,0.062,0.037,0.901
585000,0.064,0.035,0.900
585500,0.062,0.041,0.897
586000,0.069,0.042,0.889
586500,0.072,0.036,0.891
587000,0.071,0.029,0.900
587500,0.067,0.030,0.903
588000,0.070,0.035,0.896
588500,0.068,0.025,0.907
589000,0.070,0.030,0.900
589500,0.065,0.040,0.895
590000,0.062,0.037,0.900
590500,0.066,0.034,0.900
591000,0.062,0.035,0.902
591500,0.072,0.032,0.897
592000,0.071,0.025,0.903
592500,0.074,0.023,0.902
593000,0.071,0.016,0.913
593500,0.070,0.018,0.911
594000,0.068,0.025,0.907
594500,0.067,0.023,0.910
595000,0.067,0.032,0.902
595500,0.061,0.030,0.908
596000,0.060,0.033,0.907
596500,0.060,0.025,0.914
597000,0.069,0.030,0.901
597500,0.074,0.028,0.898
598000,0.070,0.027,0.902
598500,0.070,0.025,0.904
599000,0.068,0.030,0.902
599500,0.070,0.029,0.901
600000,0.072,0.029,0.900
600500,0.073,0.037,0.889
601000,0.078,0.036,0.886
601500,0.075,0.026,0.899
602000,0.070,0.029,0.901
602500,0.072,0.033,0.896
603000,0.074,0.029,0.897
603500,0.077,0.028,0.894
604000,0.075,0.033,0.893
604500,0.068,0.035,0.896
605000,0.067,0.029,0.904
605500,0.065,0.025,0.910
606000,0.067,0.028,0.905
606500,0.075,0.029,0.895
607000,0.068,0.024,0.908
607500,0.064,0.024,0.912
608000,0.059,0.033,0.909
608500,0.062,0.038,0.899
609000,0.066,0.035,0.899
609500,0.065,0.034,0.902
610000,0.064,0.037,0.899
610500,0.064,0.035,0.901
611000,0.064,0.042,0.895
611500,0.072,0.039,0.889
612000,0.064,0.038,0.898
612500,0.060,0.038,0.901
613000,0.061,0.036,0.903
613500,0.064,0.041,0.895
614000,0.071,0.037,0.892
614500,0.075,0.037,0.888
615000,0.074,0.042,0.885
615500,0.076,0.035,0.888
616000,0.072,0.037,0.890
616500,0.075,0.034,0.890
617000,0.072,0.029,0.899
617500,0.081,0.028,0.892
618000,0.083,0.029,0.888
618500,0.070,0.031,0.899
619000,0.077,0.030,0.893
619500,0.077,0.029,0.894
620000,0.081,0.031,0.888
620500,0.071,0.033,0.896
621000,0.084,0.025,0.892
621500,0.083,0.032,0.886
622000,0.068,0.041,0.891
622500,0.069,0.046,0.885
623000,0.067,0.041,0.893
623500,0.066,0.035,0.899
624000,0.060,0.026,0.913
624500,0.062,0.026,0.911
625000,0.065,0.031,0.904
625500,0.064,0.036,0.900
626000,0.067,0.035,0.898
626500,0.061,0.037,0.902
627000,0.068,0.038,0.894
627500,0.066,0.037,0.897
628000,0.072,0.037,0.890
628500,0.061,0.047,0.891
629000,0.070,0.043,0.888
629500,0.066,0.036,0.897
630000,0.071,0.026,0.903
630500,0.073,0.022,0.905
631000,0.078,0.031,0.891
631500,0.075,0.033,0.892
632000,0.071,0.033,0.897
632500,0.067,0.033,0.901
633000,0.064,0.029,0.907
633500,0.068,0.029,0.903
634000,0.071,0.026,0.902
634500,0.066,0.032,0.902
635000,0.065,0.029,0.906
635500,0.069,0.025,0.907
636000,0.064,0.032,0.904
636500,0.064,0.032,0.904
637000,0.069,0.028,0.904
637500,0.066,0.030,0.904
638000,0.065,0.028,0.908
638500,0.067,0.024,0.910
639000,0.063,0.024,0.914
639500,0.073,0.035,0.891
640000,0.074,0.038,0.888
640500,0.058,0.034,0.909
641000,0.062,0.043,0.894
641500,0.067,0.040,0.894
642000,0.062,0.043,0.894
642500,0.062,0.049,0.889
643000,0.058,0.048,0.894
643500,0.062,0.052,0.885
644000,0.068,0.043,0.888
644500,0.068,0.037,0.894
645000,0.062,0.037,0.900
645500,0.075,0.030,0.895
646000,0.069,0.028,0.903
646500,0.062,0.032,0.905
647000,0.059,0.032,0.910
647500,0.071,0.026,0.903
648000,0.069,0.029,0.902
648500,0.086,0.043,0.871
649000,0.081,0.042,0.878
649500,0.082,0.040,0.879
650000,0.080,0.036,0.884
650500,0.075,0.033,0.892
651000,0.065,0.028,0.908
651500,0.073,0.030,0.897
652000,0.081,0.033,0.887
652500,0.072,0.028,0.901
653000,0.068,0.024,0.908
653500,0.061,0.025,0.913
654000,0.073,0.029,0.899
654500,0.067,0.034,0.899
655000,0.059,0.024,0.917
655500,0.071,0.030,0.899
656000,0.068,0.033,0.900
656500,0.058,0.025,0.917
657000,0.058,0.026,0.915
657500,0.059,0.033,0.908
658000,0.059,0.040,0.902
658500,0.067,0.038,0.895
659000,0.070,0.043,0.887
659500,0.074,0.035,0.891
660000,0.069,0.036,0.895
660500,0.073,0.033,0.894
661000,0.066,0.025,0.909
661500,0.066,0.021,0.913
662000,0.062,0.024,0.914
662500,0.073,0.024,0.902
663000,0.066,0.022,0.912
663500,0.064,0.030,0.906
664000,0.064,0.029,0.907
664500,0.061,0.029,0.910
665000,0.065,0.035,0.900
665500,0.071,0.040,0.889
666000,0.075,0.037,0.888
666500,0.072,0.035,0.893
667000,0.065,0.039,0.896
667500,0.061,0.033,0.907
668000,0.064,0.034,0.903
668500,0.069,0.029,0.902
669000,0.066,0.030,0.904
669500,0.070,0.029,0.901
670000,0.076,0.030,0.894
670500,0.073,0.043,0.884
671000,0.074,0.042,0.883
671500,0.076,0.035,0.889
672000,0.081,0.033,0.886
672500,0.084,0.036,0.880
673000,0.083,0.037,0.880
673500,0.075,0.036,0.888
674000,0.072,0.037,0.891
674500,0.071,0.042,0.888
675000,0.074,0.030,0.895
675500,0.077,0.025,0.898
676000,0.083,0.025,0.893
676500,0.074,0.039,0.887
677000,0.067,0.034,0.900
677500,0.069,0.030,0.901
678000,0.067,0.029,0.905
678500,0.068,0.035,0.897
679000,0.065,0.049,0.887
679500,0.075,0.040,0.885
680000,0.073,0.035,0.892
680500,0.073,0.029,0.898
681000,0.068,0.036,0.895
681500,0.064,0.042,0.895
682000,0.061,0.042,0.898
682500,0.061,0.043,0.896
683000,0.068,0.041,0.891
683500,0.067,0.040,0.893
684000,0.068,0.041,0.891
684500,0.073,0.033,0.893
685000,0.081,0.029,0.891
685500,0.075,0.026,0.899
686000,0.077,0.027,0.896
686500,0.072,0.034,0.895
687000,0.075,0.033,0.892
687500,0.070,0.037,0.892
688000,0.066,0.042,0.892
688500,0.070,0.046,0.884
689000,0.072,0.036,0.892
689500,0.062,0.036,0.901
690000,0.059,0.042,0.900
690500,0.060,0.033,0.907
691000,0.064,0.030,0.906
691500,0.067,0.038,0.895
692000,0.070,0.033,0.898
692500,0.062,0.027,0.910
693000,0.065,0.030,0.905
693500,0.070,0.034,0.896
694000,0.072,0.042,0.887
694500,0.070,0.041,0.889
695000,0.074,0.037,0.889
695500,0.070,0.029,0.901
696000,0.062,0.031,0.906
696500,0.065,0.029,0.906
697000,0.059,0.030,0.911
697500,0.066,0.026,0.908
698000,0.073,0.023,0.904
698500,0.088,0.021,0.892
699000,0.083,0.019,0.898
699500,0.077,0.022,0.900
700000,0.073,0.028,0.899
700500,0.074,0.029,0.897
701000,0.065,0.024,0.911
701500,0.080,0.025,0.895
702000,0.073,0.035,0.891
702500,0.074,0.039,0.887
703000,0.070,0.036,0.893
703500,0.070,0.038,0.891
704000,0.069,0.036,0.895
704500,0.067,0.035,0.899
705000,0.069,0.031,0.900
705500,0.065,0.027,0.908
706000,0.065,0.035,0.901
706500,0.063,0.029,0.908
707000,0.065,0.035,0.900
707500,0.061,0.040,0.898
708000,0.072,0.038,0.889
708500,0.068,0.037,0.894
709000,0.070,0.027,0.902
709500,0.076,0.017,0.907
710000,0.075,0.026,0.898
710500,0.073,0.028,0.900
711000,0.078,0.028,0.895
711500,0.076,0.024,0.899
712000,0.074,0.024,0.901
712500,0.083,0.032,0.886
713000,0.078,0.039,0.883
713500,0.079,0.032,0.890
714000,0.068,0.037,0.895
714500,0.075,0.038,0.887
715000,0.065,0.037,0.898
715500,0.072,0.036,0.891
716000,0.063,0.044,0.893
716500,0.060,0.035,0.905
717000,0.057,0.036,0.907
717500,0.057,0.029,0.915
718000,0.056,0.035,0.909
718500,0.051,0.032,0.917
719000,0.062,0.038,0.899
719500,0.070,0.040,0.890
720000,0.067,0.034,0.899
720500,0.076,0.031,0.892
721000,0.080,0.029,0.891
721500,0.071,0.029,0.899
722000,0.072,0.029,0.898
722500,0.070,0.035,0.894
723000,0.069,0.038,0.893
723500,0.059,0.033,0.907
724000,0.065,0.033,0.902
724500,0.065,0.042,0.893
725000,0.079,0.042,0.879
725500,0.080,0.038,0.882
726000,0.077,0.041,0.882
726500,0.075,0.037,0.888
727000,0.074,0.037,0.889
727500,0.084,0.029,0.888
728000,0.077,0.030,0.892
728500,0.072,0.030,0.897
729000,0.070,0.029,0.901
729500,0.080,0.033,0.888
730000,0.084,0.035,0.882
730500,0.085,0.033,0.882
731000,0.081,0.035,0.884
731500,0.090,0.046,0.864
732000,0.084,0.046,0.870
732500,0.084,0.031,0.885
733000,0.084,0.040,0.876
733500,0.080,0.029,0.891
734000,0.081,0.035,0.884
734500,0.074,0.035,0.890
735000,0.072,0.032,0.896
735500,0.072,0.029,0.899
736000,0.065,0.036,0.899
736500,0.065,0.043,0.893
737000,0.066,0.035,0.899
737500,0.066,0.026,0.908
738000,0.061,0.035,0.903
738500,0.057,0.031,0.912
739000,0.060,0.029,0.910
739500,0.065,0.035,0.900
740000,0.069,0.033,0.898
740500,0.063,0.038,0.899
741000,0.059,0.032,0.910
741500,0.063,0.035,0.902
742000,0.070,0.036,0.893
742500,0.072,0.030,0.897
743000,0.066,0.034,0.900
743500,0.061,0.031,0.907
744000,0.067,0.033,0.901
744500,0.070,0.029,0.901
745000,0.062,0.029,0.909
745500,0.064,0.029,0.907
746000,0.060,0.028,0.911
746500,0.058,0.021,0.921
747000,0.053,0.034,0.913
747500,0.061,0.033,0.907
748000,0.062,0.034,0.903
748500,0.064,0.035,0.901
749000,0.067,0.034,0.899
749500,0.071,0.027,0.901
750000,0.072,0.032,0.897
750500,0.067,0.029,0.904
751000,0.068,0.025,0.907
751500,0.065,0.028,0.907
752000,0.071,0.032,0.897
752500,0.073,0.034,0.894
753000,0.064,0.022,0.914
753500,0.072,0.029,0.899
754000,0.065,0.035,0.901
754500,0.073,0.027,0.900
755000,0.070,0.029,0.900
755500,0.064,0.030,0.905
756000,0.062,0.028,0.910
756500,0.066,0.033,0.901
757000,0.058,0.030,0.912
757500,0.062,0.037,0.900
758000,0.060,0.036,0.903
758500,0.059,0.041,0.901
759000,0.071,0.043,0.885
759500,0.065,0.047,0.888
760000,0.060,0.044,0.895
760500,0.059,0.043,0.899
761000,0.066,0.035,0.899
761500,0.070,0.029,0.900
762000,0.073,0.027,0.900
762500,0.074,0.030,0.896
763000,0.071,0.030,0.898
763500,0.060,0.030,0.909
764000,0.056,0.026,0.918
764500,0.053,0.024,0.923
765000,0.057,0.033,0.910
765500,0.057,0.033,0.910
766000,0.068,0.025,0.907
766500,0.071,0.020,0.909
767000,0.071,0.029,0.901
767500,0.075,0.029,0.896
768000,0.075,0.027,0.897
768500,0.066,0.027,0.907
769000,0.065,0.030,0.905
769500,0.068,0.031,0.901
770000,0.064,0.028,0.909
770500,0.056,0.036,0.908
771000,0.056,0.037,0.907
771500,0.061,0.036,0.903
772000,0.059,0.034,0.907
772500,0.072,0.030,0.898
773000,0.074,0.029,0.898
773500,0.072,0.035,0.893
774000,0.070,0.033,0.897
774500,0.061,0.038,0.900
775000,0.065,0.039,0.896
775500,0.059,0.036,0.905
776000,0.063,0.037,0.900
776500,0.067,0.034,0.900
777000,0.070,0.033,0.897
777500,0.066,0.038,0.896
778000,0.065,0.030,0.905
778500,0.064,0.038,0.897
779000,0.065,0.043,0.893
779500,0.059,0.044,0.897
780000,0.062,0.037,0.900
780500,0.059,0.033,0.908
781000,0.059,0.038,0.902
781500,0.059,0.042,0.900
782000,0.063,0.038,0.899
782500,0.072,0.030,0.898
783000,0.081,0.032,0.888
783500,0.079,0.032,0.889
784000,0.078,0.031,0.891
784500,0.088,0.035,0.876
785000,0.086,0.029,0.886
785500,0.083,0.030,0.887
786000,0.081,0.034,0.886
786500,0.079,0.025,0.896
787000,0.077,0.024,0.900
787500,0.076,0.028,0.897
788000,0.067,0.028,0.905
788500,0.060,0.030,0.909
789000,0.061,0.030,0.908
789500,0.067,0.024,0.909
790000,0.070,0.026,0.903
790500,0.070,0.032,0.897
791000,0.070,0.026,0.904
791500,0.067,0.034,0.899
792000,0.065,0.040,0.896
792500,0.068,0.035,0.897
793000,0.069,0.034,0.898
793500,0.059,0.036,0.904
794000,0.061,0.029,0.911
794500,0.066,0.033,0.901
795000,0.077,0.033,0.890
795500,0.074,0.025,0.901
796000,0.081,0.030,0.889
796500,0.081,0.030,0.889
797000,0.080,0.039,0.881
797500,0.076,0.032,0.893
798000,0.080,0.033,0.887
798500,0.080,0.035,0.885
799000,0.075,0.032,0.894
799500,0.071,0.028,0.900
800000,0.060,0.027,0.912
800500,0.068,0.031,0.901
801000,0.066,0.030,0.904
801500,0.073,0.029,0.898
802000,0.076,0.031,0.892
802500,0.068,0.029,0.904
803000,0.068,0.026,0.906
803500,0.066,0.025,0.909
804000,0.068,0.026,0.906
804500,0.064,0.029,0.907
805000,0.064,0.035,0.902
805500,0.077,0.036,0.886
806000,0.062,0.037,0.900
806500,0.066,0.042,0.893
807000,0.055,0.043,0.902
807500,0.053,0.041,0.906
808000,0.060,0.040,0.900
808500,0.057,0.031,0.912
809000,0.063,0.029,0.908
809500,0.067,0.029,0.904
810000,0.070,0.035,0.895
810500,0.066,0.037,0.896
811000,0.067,0.035,0.898
811500,0.080,0.038,0.882
812000,0.073,0.040,0.886
812500,0.079,0.035,0.886
813000,0.078,0.028,0.894
813500,0.072,0.035,0.892
814000,0.074,0.028,0.897
814500,0.074,0.026,0.900
815000,0.075,0.028,0.897
815500,0.075,0.029,0.896
816000,0.071,0.035,0.894
816500,0.062,0.038,0.899
817000,0.064,0.035,0.901
817500,0.072,0.030,0.898
818000,0.073,0.030,0.896
818500,0.071,0.034,0.894
819000,0.070,0.032,0.898
819500,0.070,0.025,0.905
820000,0.069,0.035,0.896
820500,0.059,0.029,0.912
821000,0.065,0.030,0.905
821500,0.078,0.031,0.891
822000,0.071,0.025,0.904
822500,0.076,0.022,0.902
823000,0.073,0.028,0.899
823500,0.077,0.029,0.894
824000,0.067,0.029,0.904
824500,0.064,0.030,0.906
825000,0.074,0.028,0.898
825500,0.075,0.022,0.902
826000,0.079,0.029,0.892
826500,0.085,0.024,0.891
827000,0.078,0.022,0.900
827500,0.072,0.028,0.899
828000,0.066,0.026,0.908
828500,0.062,0.030,0.907
829000,0.070,0.035,0.895
829500,0.072,0.030,0.898
830000,0.077,0.024,0.899
830500,0.081,0.030,0.889
831000,0.072,0.033,0.895
831500,0.064,0.033,0.903
832000,0.070,0.037,0.893
832500,0.062,0.042,0.896
833000,0.065,0.041,0.895
833500,0.062,0.037,0.901
834000,0.062,0.042,0.895
834500,0.061,0.038,0.901
835000,0.065,0.035,0.900
835500,0.061,0.035,0.904
836000,0.062,0.029,0.909
836500,0.062,0.027,0.910
837000,0.061,0.027,0.912
837500,0.066,0.029,0.904
838000,0.060,0.038,0.901
838500,0.063,0.032,0.905
839000,0.069,0.029,0.902
839500,0.071,0.026,0.903
840000,0.073,0.021,0.906
840500,0.073,0.021,0.905
841000,0.074,0.026,0.899
841500,0.072,0.031,0.897
842000,0.065,0.024,0.911
842500,0.073,0.022,0.905
843000,0.075,0.017,0.908
843500,0.087,0.022,0.890
844000,0.075,0.023,0.902
844500,0.072,0.024,0.905
845000,0.072,0.033,0.896
845500,0.075,0.025,0.899
846000,0.073,0.028,0.899
846500,0.070,0.026,0.904
847000,0.069,0.031,0.900
847500,0.066,0.029,0.905
848000,0.074,0.034,0.893
848500,0.068,0.030,0.902
849000,0.073,0.029,0.897
849500,0.076,0.026,0.898
850000,0.087,0.028,0.885
850500,0.076,0.031,0.892
851000,0.075,0.035,0.889
851500,0.089,0.029,0.882
852000,0.083,0.028,0.889
852500,0.086,0.026,0.888
853000,0.085,0.025,0.891
853500,0.081,0.029,0.890
854000,0.085,0.035,0.880
854500,0.086,0.035,0.880
855000,0.072,0.026,0.902
855500,0.063,0.027,0.910
856000,0.064,0.034,0.902
856500,0.066,0.034,0.901
857000,0.076,0.025,0.898
857500,0.064,0.035,0.900
858000,0.069,0.037,0.894
858500,0.073,0.036,0.890
859000,0.066,0.028,0.907
859500,0.070,0.027,0.903
860000,0.065,0.024,0.911
860500,0.080,0.028,0.893
861000,0.074,0.028,0.898
861500,0.072,0.031,0.897
862000,0.073,0.034,0.892
862500,0.082,0.042,0.876
863000,0.086,0.033,0.882
863500,0.078,0.028,0.894
864000,0.081,0.026,0.893
864500,0.085,0.029,0.886
865000,0.077,0.029,0.894
865500,0.082,0.034,0.885
866000,0.083,0.029,0.888
866500,0.077,0.038,0.884
867000,0.070,0.035,0.894
867500,0.070,0.037,0.893
868000,0.063,0.041,0.897
868500,0.070,0.041,0.889
869000,0.068,0.041,0.891
869500,0.066,0.038,0.896
870000,0.070,0.031,0.899
870500,0.077,0.032,0.891
871000,0.074,0.031,0.895
871500,0.075,0.025,0.900
872000,0.077,0.025,0.897
872500,0.080,0.025,0.895
873000,0.072,0.024,0.903
873500,0.068,0.027,0.905
874000,0.074,0.022,0.904
874500,0.070,0.027,0.902
875000,0.079,0.029,0.892
875500,0.077,0.026,0.896
876000,0.068,0.024,0.908
876500,0.070,0.024,0.905
877000,0.072,0.022,0.906
877500,0.073,0.016,0.910
878000,0.076,0.021,0.903
878500,0.077,0.028,0.894
879000,0.074,0.027,0.898
879500,0.073,0.032,0.895
880000,0.077,0.022,0.900
880500,0.071,0.020,0.909
881000,0.064,0.019,0.917
881500,0.065,0.033,0.902
882000,0.064,0.032,0.904
882500,0.072,0.033,0.896
883000,0.071,0.038,0.890
883500,0.073,0.037,0.890
884000,0.065,0.031,0.904
884500,0.068,0.030,0.901
885000,0.071,0.028,0.901
885500,0.081,0.034,0.885
886000,0.072,0.035,0.892
886500,0.071,0.036,0.892
887000,0.066,0.025,0.909
887500,0.067,0.030,0.903
888000,0.070,0.029,0.901
888500,0.059,0.028,0.913
889000,0.074,0.037,0.888
889500,0.069,0.043,0.888
890000,0.066,0.038,0.895
890500,0.071,0.030,0.899
891000,0.071,0.020,0.909
891500,0.067,0.021,0.912
892000,0.075,0.024,0.902
892500,0.073,0.024,0.903
893000,0.066,0.021,0.912
893500,0.059,0.027,0.914
894000,0.062,0.038,0.899
894500,0.071,0.038,0.891
895000,0.074,0.029,0.897
895500,0.074,0.029,0.898
896000,0.071,0.019,0.910
896500,0.075,0.016,0.909
897000,0.075,0.017,0.907
897500,0.067,0.019,0.914
898000,0.072,0.025,0.903
898500,0.070,0.033,0.897
899000,0.066,0.037,0.896
899500,0.064,0.032,0.904
900000,0.064,0.035,0.901
900500,0.070,0.033,0.896
901000,0.076,0.029,0.894
901500,0.076,0.033,0.891
902000,0.070,0.032,0.898
902500,0.077,0.026,0.896
903000,0.091,0.035,0.873
903500,0.087,0.035,0.877
904000,0.081,0.033,0.887
904500,0.081,0.024,0.896
905000,0.080,0.023,0.897
905500,0.075,0.026,0.898
906000,0.068,0.028,0.904
906500,0.070,0.041,0.889
907000,0.071,0.039,0.889
907500,0.067,0.034,0.899
908000,0.069,0.030,0.901
908500,0.069,0.031,0.900
909000,0.073,0.029,0.898
909500,0.075,0.038,0.887
910000,0.074,0.038,0.888
910500,0.072,0.033,0.894
911000,0.074,0.042,0.884
911500,0.072,0.043,0.884
912000,0.067,0.043,0.890
912500,0.068,0.042,0.890
913000,0.072,0.033,0.894
913500,0.073,0.038,0.889
914000,0.074,0.030,0.895
914500,0.081,0.033,0.886
915000,0.083,0.034,0.884
915500,0.072,0.038,0.890
916000,0.070,0.036,0.893
916500,0.076,0.035,0.889
917000,0.070,0.037,0.893
917500,0.088,0.034,0.877
918000,0.084,0.035,0.881
918500,0.078,0.034,0.888
919000,0.066,0.037,0.896
919500,0.068,0.040,0.893
920000,0.062,0.038,0.899
920500,0.064,0.036,0.899
921000,0.059,0.034,0.907
921500,0.064,0.035,0.901
922000,0.070,0.035,0.895
922500,0.069,0.032,0.900
923000,0.071,0.036,0.892
923500,0.072,0.030,0.898
924000,0.070,0.034,0.896
924500,0.071,0.029,0.901
925000,0.071,0.024,0.904
925500,0.067,0.025,0.909
926000,0.069,0.024,0.907
926500,0.062,0.030,0.907
927000,0.068,0.033,0.899
927500,0.078,0.029,0.893
928000,0.071,0.025,0.904
928500,0.070,0.025,0.905
929000,0.064,0.031,0.905
929500,0.068,0.028,0.904
930000,0.069,0.030,0.901
930500,0.075,0.029,0.896
931000,0.071,0.031,0.897
931500,0.072,0.033,0.894
932000,0.077,0.029,0.893
932500,0.075,0.036,0.888
933000,0.074,0.022,0.903
933500,0.084,0.021,0.895
934000,0.078,0.030,0.892
934500,0.073,0.029,0.898
935000,0.066,0.030,0.904
935500,0.055,0.026,0.918
936000,0.064,0.029,0.907
936500,0.070,0.037,0.892
937000,0.082,0.026,0.892
937500,0.076,0.029,0.896
938000,0.081,0.040,0.880
938500,0.071,0.038,0.890
939000,0.073,0.040,0.888
939500,0.074,0.033,0.892
940000,0.079,0.038,0.883
940500,0.077,0.040,0.882
941000,0.074,0.038,0.888
941500,0.070,0.035,0.895
942000,0.077,0.032,0.891
942500,0.068,0.023,0.909
943000,0.061,0.025,0.913
943500,0.064,0.033,0.904
944000,0.070,0.036,0.893
944500,0.073,0.041,0.887
945000,0.070,0.040,0.890
945500,0.074,0.032,0.893
946000,0.081,0.026,0.893
946500,0.076,0.031,0.893
947000,0.073,0.038,0.889
947500,0.070,0.038,0.891
948000,0.069,0.037,0.894
948500,0.065,0.033,0.902
949000,0.073,0.034,0.893
949500,0.070,0.028,0.903
950000,0.065,0.024,0.912
950500,0.070,0.021,0.908
951000,0.070,0.027,0.902
951500,0.075,0.036,0.889
952000,0.076,0.035,0.888
952500,0.072,0.035,0.892
953000,0.081,0.034,0.885
953500,0.072,0.028,0.900
954000,0.070,0.027,0.903
954500,0.082,0.036,0.882
955000,0.073,0.035,0.892
955500,0.079,0.033,0.889
956000,0.074,0.033,0.892
956500,0.098,0.032,0.870
957000,0.084,0.032,0.885
957500,0.072,0.028,0.900
958000,0.078,0.033,0.889
958500,0.076,0.027,0.897
959000,0.072,0.025,0.903
959500,0.069,0.028,0.903
960000,0.062,0.024,0.913
960500,0.070,0.027,0.903
961000,0.070,0.031,0.899
961500,0.065,0.026,0.909
962000,0.070,0.035,0.895
962500,0.071,0.032,0.898
963000,0.070,0.031,0.898
963500,0.072,0.036,0.892
964000,0.080,0.033,0.887
964500,0.071,0.035,0.893
965000,0.072,0.034,0.894
965500,0.077,0.033,0.889
966000,0.085,0.035,0.880
966500,0.078,0.040,0.882
967000,0.081,0.036,0.883
967500,0.079,0.034,0.888
968000,0.078,0.030,0.892
968500,0.076,0.029,0.895
969000,0.078,0.028,0.894
969500,0.073,0.029,0.898
970000,0.069,0.026,0.905
970500,0.074,0.029,0.897
971000,0.070,0.025,0.906
971500,0.068,0.030,0.902
972000,0.061,0.030,0.908
972500,0.065,0.039,0.896
973000,0.065,0.045,0.890
973500,0.056,0.046,0.898
974000,0.051,0.043,0.906
974500,0.056,0.050,0.894
975000,0.053,0.057,0.890
975500,0.054,0.051,0.894
976000,0.062,0.050,0.888
976500,0.060,0.050,0.889
977000,0.073,0.050,0.878
977500,0.071,0.040,0.890
978000,0.080,0.040,0.881
978500,0.087,0.038,0.874
979000,0.086,0.035,0.878
979500,0.083,0.035,0.882
980000,0.082,0.034,0.885
980500,0.075,0.023,0.901
981000,0.072,0.022,0.905
981500,0.080,0.024,0.896
982000,0.085,0.022,0.893
982500,0.080,0.018,0.903
983000,0.077,0.021,0.902
983500,0.078,0.026,0.896
984000,0.075,0.028,0.896
984500,0.073,0.028,0.899
985000,0.075,0.041,0.884
985500,0.072,0.043,0.885
986000,0.077,0.044,0.878
986500,0.084,0.035,0.881
987000,0.080,0.032,0.888
987500,0.084,0.032,0.885
988000,0.080,0.033,0.888
988500,0.080,0.030,0.890
989000,0.062,0.032,0.906
989500,0.069,0.031,0.900
990000,0.067,0.032,0.901
990500,0.065,0.029,0.906
991000,0.067,0.034,0.899
991500,0.069,0.036,0.895
992000,0.069,0.041,0.890
992500,0.070,0.031,0.899
993000,0.061,0.029,0.909
993500,0.062,0.034,0.904
994000,0.065,0.036,0.899
994500,0.062,0.042,0.896
995000,0.071,0.036,0.892
995500,0.072,0.042,0.886
996000,0.067,0.048,0.886
996500,0.064,0.044,0.892
997000,0.060,0.042,0.897
997500,0.070,0.046,0.884
998000,0.074,0.041,0.884
998500,0.076,0.035,0.888
999000,0.086,0.032,0.883
999500,0.087,0.021,0.892
1000000,0.083,0.018,0.900
