time,n_A+p,n_B,n_AB
0,0.010,0.990,0.000
500,0.010,0.984,0.006
1000,0.010,0.977,0.013
1500,0.010,0.981,0.009
2000,0.010,0.963,0.027
2500,0.010,0.981,0.009
3000,0.010,0.979,0.011
3500,0.012,0.974,0.014
4000,0.012,0.955,0.033
4500,0.010,0.975,0.015
5000,0.010,0.979,0.011
5500,0.010,0.980,0.010
6000,0.010,0.979,0.011
6500,0.010,0.962,0.029
7000,0.010,0.945,0.045
7500,0.010,0.967,0.023
8000,0.010,0.977,0.013
8500,0.010,0.967,0.023
9000,0.010,0.978,0.012
9500,0.010,0.983,0.008
10000,0.010,0.971,0.019
10500,0.010,0.978,0.011
11000,0.010,0.977,0.013
11500,0.010,0.969,0.022
12000,0.010,0.978,0.012
12500,0.010,0.974,0.016
13000,0.010,0.976,0.014
13500,0.010,0.975,0.015
14000,0.010,0.983,0.008
14500,0.010,0.982,0.008
15000,0.010,0.970,0.020
15500,0.010,0.975,0.015
16000,0.010,0.982,0.008
16500,0.010,0.984,0.006
17000,0.010,0.964,0.026
17500,0.010,0.974,0.016
18000,0.010,0.980,0.010
18500,0.010,0.970,0.020
19000,0.010,0.964,0.026
19500,0.010,0.966,0.023
20000,0.010,0.970,0.020
20500,0.010,0.976,0.014
21000,0.010,0.978,0.012
21500,0.010,0.977,0.013
22000,0.010,0.936,0.054
22500,0.010,0.944,0.047
23000,0.012,0.932,0.056
23500,0.010,0.960,0.030
24000,0.010,0.953,0.037
24500,0.010,0.959,0.031
25000,0.010,0.964,0.026
25500,0.010,0.951,0.040
26000,0.010,0.946,0.044
26500,0.010,0.970,0.020
27000,0.010,0.977,0.013
27500,0.010,0.961,0.029
28000,0.010,0.966,0.024
28500,0.010,0.948,0.042
29000,0.010,0.953,0.037
29500,0.010,0.935,0.055
30000,0.010,0.946,0.044
30500,0.010,0.955,0.035
31000,0.010,0.960,0.030
31500,0.010,0.955,0.035
32000,0.010,0.966,0.024
32500,0.010,0.965,0.025
33000,0.010,0.978,0.012
33500,0.010,0.978,0.012
34000,0.010,0.949,0.041
34500,0.010,0.953,0.037
35000,0.010,0.944,0.046
35500,0.010,0.956,0.034
36000,0.010,0.966,0.024
36500,0.010,0.973,0.017
37000,0.010,0.941,0.049
37500,0.010,0.949,0.041
38000,0.010,0.958,0.032
38500,0.010,0.957,0.033
39000,0.010,0.967,0.023
39500,0.010,0.966,0.024
40000,0.010,0.980,0.010
40500,0.010,0.973,0.017
41000,0.010,0.956,0.034
41500,0.010,0.962,0.028
42000,0.010,0.958,0.032
42500,0.010,0.945,0.045
43000,0.010,0.948,0.042
43500,0.010,0.958,0.033
44000,0.010,0.968,0.022
44500,0.010,0.974,0.016
45000,0.010,0.967,0.023
45500,0.010,0.974,0.016
46000,0.010,0.980,0.010
46500,0.010,0.970,0.020
47000,0.010,0.970,0.020
47500,0.010,0.978,0.012
48000,0.010,0.981,0.009
48500,0.010,0.977,0.013
49000,0.010,0.980,0.010
49500,0.010,0.977,0.013
50000,0.010,0.974,0.016
50500,0.010,0.974,0.016
51000,0.010,0.964,0.026
51500,0.010,0.977,0.013
52000,0.010,0.976,0.015
52500,0.010,0.984,0.006
53000,0.010,0.967,0.023
53500,0.010,0.970,0.020
54000,0.010,0.973,0.017
54500,0.010,0.979,0.011
55000,0.010,0.969,0.022
55500,0.010,0.958,0.033
56000,0.010,0.972,0.018
56500,0.011,0.965,0.024
57000,0.010,0.973,0.017
57500,0.010,0.980,0.010
58000,0.010,0.983,0.007
58500,0.010,0.976,0.015
59000,0.011,0.958,0.031
59500,0.010,0.973,0.017
60000,0.010,0.960,0.030
60500,0.012,0.934,0.055
61000,0.010,0.946,0.043
61500,0.010,0.955,0.035
62000,0.010,0.961,0.029
62500,0.010,0.963,0.027
63000,0.010,0.973,0.017
63500,0.010,0.971,0.019
64000,0.010,0.941,0.049
64500,0.010,0.942,0.048
65000,0.010,0.956,0.034
65500,0.010,0.960,0.030
66000,0.010,0.975,0.015
66500,0.010,0.957,0.033
67000,0.011,0.904,0.085
67500,0.010,0.929,0.061
68000,0.010,0.960,0.030
68500,0.010,0.961,0.029
69000,0.010,0.966,0.024
69500,0.010,0.959,0.031
70000,0.010,0.948,0.042
70500,0.010,0.919,0.071
71000,0.010,0.938,0.052
71500,0.010,0.949,0.041
72000,0.010,0.962,0.029
72500,0.010,0.938,0.052
73000,0.010,0.947,0.043
73500,0.010,0.944,0.045
74000,0.010,0.941,0.049
74500,0.011,0.960,0.029
75000,0.010,0.932,0.058
75500,0.010,0.920,0.070
76000,0.010,0.955,0.036
76500,0.010,0.966,0.024
77000,0.010,0.953,0.037
77500,0.010,0.956,0.034
78000,0.010,0.945,0.045
78500,0.011,0.942,0.047
79000,0.010,0.916,0.075
79500,0.010,0.963,0.026
80000,0.010,0.971,0.019
80500,0.010,0.970,0.019
81000,0.010,0.953,0.037
81500,0.010,0.956,0.034
82000,0.010,0.964,0.026
82500,0.010,0.976,0.015
83000,0.010,0.960,0.030
83500,0.010,0.960,0.030
84000,0.010,0.978,0.012
84500,0.010,0.982,0.008
85000,0.010,0.981,0.009
85500,0.010,0.974,0.016
86000,0.010,0.969,0.021
86500,0.010,0.977,0.013
87000,0.010,0.966,0.024
87500,0.010,0.982,0.008
88000,0.010,0.975,0.015
88500,0.010,0.973,0.017
89000,0.010,0.971,0.019
89500,0.010,0.972,0.018
90000,0.010,0.981,0.009
90500,0.010,0.974,0.016
91000,0.010,0.976,0.014
91500,0.010,0.969,0.021
92000,0.010,0.972,0.018
92500,0.010,0.963,0.027
93000,0.010,0.966,0.024
93500,0.010,0.974,0.016
94000,0.010,0.975,0.015
94500,0.010,0.968,0.022
95000,0.010,0.975,0.015
95500,0.010,0.959,0.031
96000,0.010,0.957,0.033
96500,0.010,0.944,0.047
97000,0.010,0.962,0.029
97500,0.010,0.962,0.029
98000,0.010,0.963,0.027
98500,0.010,0.939,0.051
99000,0.010,0.948,0.042
99500,0.010,0.968,0.022
100000,0.010,0.952,0.038
100500,0.010,0.966,0.024
101000,0.010,0.928,0.062
101500,0.010,0.934,0.056
102000,0.010,0.959,0.031
102500,0.010,0.972,0.018
103000,0.010,0.968,0.022
103500,0.010,0.960,0.030
104000,0.011,0.931,0.058
104500,0.010,0.939,0.051
105000,0.010,0.942,0.048
105500,0.010,0.951,0.040
106000,0.010,0.950,0.040
106500,0.010,0.955,0.035
107000,0.011,0.946,0.043
107500,0.010,0.975,0.015
108000,0.010,0.966,0.024
108500,0.010,0.976,0.015
109000,0.010,0.946,0.044
109500,0.010,0.976,0.014
110000,0.010,0.980,0.010
110500,0.010,0.968,0.022
111000,0.010,0.977,0.013
111500,0.010,0.973,0.017
112000,0.010,0.964,0.026
112500,0.010,0.973,0.017
113000,0.010,0.980,0.010
113500,0.010,0.978,0.012
114000,0.010,0.967,0.023
114500,0.010,0.948,0.042
115000,0.010,0.953,0.037
115500,0.010,0.930,0.060
116000,0.012,0.950,0.038
116500,0.011,0.967,0.022
117000,0.010,0.973,0.016
117500,0.010,0.949,0.041
118000,0.010,0.966,0.024
118500,0.010,0.949,0.041
119000,0.010,0.955,0.036
119500,0.010,0.958,0.033
120000,0.010,0.949,0.041
120500,0.010,0.959,0.031
121000,0.010,0.977,0.013
121500,0.010,0.977,0.013
122000,0.010,0.957,0.033
122500,0.010,0.951,0.038
123000,0.011,0.959,0.030
123500,0.013,0.931,0.056
124000,0.010,0.942,0.047
124500,0.011,0.957,0.032
125000,0.010,0.972,0.018
125500,0.010,0.964,0.026
126000,0.010,0.972,0.018
126500,0.010,0.974,0.016
127000,0.010,0.969,0.022
127500,0.010,0.978,0.012
128000,0.010,0.965,0.025
128500,0.010,0.976,0.014
129000,0.010,0.952,0.038
129500,0.010,0.977,0.013
130000,0.010,0.978,0.012
130500,0.010,0.961,0.029
131000,0.010,0.956,0.034
131500,0.010,0.969,0.022
132000,0.010,0.955,0.035
132500,0.010,0.971,0.019
133000,0.010,0.976,0.014
133500,0.010,0.979,0.011
134000,0.010,0.974,0.016
134500,0.010,0.969,0.022
135000,0.010,0.984,0.006
135500,0.010,0.970,0.020
136000,0.010,0.972,0.018
136500,0.010,0.979,0.011
137000,0.010,0.981,0.009
137500,0.010,0.980,0.010
138000,0.010,0.981,0.009
138500,0.010,0.972,0.018
139000,0.010,0.978,0.012
139500,0.010,0.980,0.010
140000,0.010,0.974,0.016
140500,0.010,0.980,0.010
141000,0.010,0.963,0.027
141500,0.010,0.954,0.036
142000,0.010,0.956,0.034
142500,0.010,0.966,0.024
143000,0.010,0.978,0.012
143500,0.011,0.963,0.026
144000,0.010,0.973,0.017
144500,0.010,0.980,0.010
145000,0.010,0.976,0.014
145500,0.010,0.946,0.043
146000,0.010,0.976,0.015
146500,0.010,0.953,0.036
147000,0.010,0.963,0.027
147500,0.010,0.959,0.031
148000,0.010,0.942,0.048
148500,0.010,0.967,0.023
149000,0.010,0.977,0.013
149500,0.010,0.974,0.016
150000,0.010,0.981,0.009
150500,0.010,0.977,0.013
151000,0.010,0.980,0.010
151500,0.010,0.979,0.011
152000,0.010,0.980,0.010
152500,0.011,0.964,0.024
153000,0.010,0.980,0.010
153500,0.010,0.974,0.016
154000,0.010,0.977,0.013
154500,0.010,0.965,0.025
155000,0.010,0.956,0.034
155500,0.010,0.978,0.012
156000,0.010,0.973,0.017
156500,0.010,0.956,0.034
157000,0.010,0.966,0.024
157500,0.010,0.971,0.018
158000,0.010,0.983,0.008
158500,0.010,0.981,0.009
159000,0.010,0.970,0.020
159500,0.010,0.967,0.022
160000,0.010,0.963,0.027
160500,0.010,0.972,0.017
161000,0.010,0.981,0.009
161500,0.010,0.980,0.010
162000,0.010,0.985,0.005
162500,0.010,0.975,0.015
163000,0.010,0.980,0.010
163500,0.010,0.985,0.005
164000,0.010,0.981,0.009
164500,0.010,0.984,0.006
165000,0.010,0.970,0.020
165500,0.010,0.968,0.022
166000,0.010,0.977,0.013
166500,0.010,0.974,0.016
167000,0.010,0.952,0.038
167500,0.010,0.953,0.037
168000,0.010,0.962,0.028
168500,0.010,0.940,0.050
169000,0.010,0.950,0.040
169500,0.010,0.963,0.027
170000,0.010,0.961,0.029
170500,0.010,0.964,0.026
171000,0.010,0.968,0.022
171500,0.010,0.955,0.035
172000,0.010,0.948,0.042
172500,0.010,0.964,0.026
173000,0.010,0.967,0.023
173500,0.010,0.973,0.017
174000,0.010,0.962,0.028
174500,0.010,0.933,0.057
175000,0.010,0.967,0.023
175500,0.010,0.975,0.015
176000,0.010,0.967,0.023
176500,0.010,0.968,0.022
177000,0.010,0.978,0.012
177500,0.010,0.937,0.053
178000,0.010,0.925,0.065
178500,0.010,0.902,0.088
179000,0.011,0.893,0.095
179500,0.010,0.901,0.089
180000,0.010,0.924,0.066
180500,0.010,0.910,0.080
181000,0.010,0.955,0.036
181500,0.010,0.957,0.033
182000,0.010,0.964,0.026
182500,0.010,0.953,0.037
183000,0.010,0.960,0.030
183500,0.010,0.970,0.020
184000,0.010,0.978,0.012
184500,0.010,0.975,0.015
185000,0.010,0.962,0.028
185500,0.010,0.966,0.024
186000,0.010,0.976,0.015
186500,0.010,0.962,0.028
187000,0.010,0.974,0.016
187500,0.010,0.949,0.041
188000,0.010,0.968,0.022
188500,0.010,0.928,0.062
189000,0.010,0.927,0.063
189500,0.010,0.948,0.042
190000,0.010,0.942,0.048
190500,0.010,0.925,0.065
191000,0.010,0.962,0.029
191500,0.010,0.977,0.013
192000,0.010,0.934,0.056
192500,0.010,0.958,0.032
193000,0.010,0.958,0.032
193500,0.010,0.924,0.066
194000,0.010,0.947,0.042
194500,0.010,0.956,0.034
195000,0.010,0.964,0.026
195500,0.010,0.971,0.019
196000,0.010,0.961,0.029
196500,0.010,0.971,0.019
197000,0.010,0.969,0.022
197500,0.011,0.954,0.035
198000,0.010,0.962,0.029
198500,0.010,0.959,0.030
199000,0.010,0.955,0.035
199500,0.010,0.932,0.057
200000,0.010,0.904,0.086
200500,0.010,0.934,0.056
201000,0.010,0.942,0.048
201500,0.010,0.959,0.031
202000,0.010,0.974,0.016
202500,0.010,0.970,0.020
203000,0.010,0.978,0.012
203500,0.010,0.966,0.024
204000,0.010,0.976,0.014
204500,0.010,0.983,0.007
205000,0.010,0.978,0.012
205500,0.010,0.971,0.019
206000,0.010,0.960,0.030
206500,0.010,0.966,0.024
207000,0.010,0.969,0.021
207500,0.010,0.979,0.010
208000,0.010,0.983,0.006
208500,0.010,0.978,0.012
209000,0.010,0.971,0.019
209500,0.010,0.973,0.017
210000,0.010,0.966,0.024
210500,0.010,0.969,0.021
211000,0.010,0.974,0.016
211500,0.017,0.955,0.028
212000,0.012,0.946,0.042
212500,0.011,0.948,0.041
213000,0.011,0.942,0.047
213500,0.010,0.953,0.036
214000,0.010,0.944,0.045
214500,0.010,0.968,0.022
215000,0.010,0.973,0.016
215500,0.010,0.970,0.020
216000,0.010,0.953,0.037
216500,0.010,0.953,0.037
217000,0.013,0.930,0.057
217500,0.010,0.960,0.030
218000,0.010,0.971,0.019
218500,0.010,0.975,0.015
219000,0.010,0.975,0.015
219500,0.010,0.969,0.021
220000,0.010,0.976,0.015
220500,0.010,0.975,0.015
221000,0.010,0.958,0.032
221500,0.010,0.977,0.013
222000,0.010,0.963,0.027
222500,0.010,0.944,0.046
223000,0.010,0.966,0.024
223500,0.010,0.962,0.029
224000,0.010,0.969,0.021
224500,0.010,0.969,0.022
225000,0.010,0.952,0.038
225500,0.010,0.980,0.010
226000,0.010,0.959,0.031
226500,0.010,0.963,0.027
227000,0.010,0.935,0.055
227500,0.010,0.970,0.020
228000,0.010,0.968,0.022
228500,0.010,0.974,0.016
229000,0.012,0.946,0.042
229500,0.010,0.959,0.031
230000,0.010,0.961,0.029
230500,0.010,0.956,0.034
231000,0.010,0.944,0.046
231500,0.010,0.944,0.046
232000,0.010,0.960,0.030
232500,0.010,0.956,0.034
233000,0.010,0.958,0.032
233500,0.010,0.963,0.027
234000,0.010,0.955,0.036
234500,0.011,0.969,0.020
235000,0.010,0.980,0.010
235500,0.011,0.982,0.007
236000,0.010,0.985,0.005
236500,0.010,0.970,0.019
237000,0.010,0.974,0.016
237500,0.010,0.948,0.042
238000,0.010,0.951,0.039
238500,0.010,0.958,0.033
239000,0.010,0.966,0.024
239500,0.010,0.963,0.027
240000,0.010,0.931,0.059
240500,0.010,0.941,0.049
241000,0.010,0.949,0.041
241500,0.010,0.959,0.031
242000,0.010,0.967,0.023
242500,0.010,0.964,0.026
243000,0.010,0.964,0.026
243500,0.010,0.964,0.026
244000,0.010,0.979,0.011
244500,0.010,0.971,0.019
245000,0.010,0.962,0.028
245500,0.010,0.956,0.033
246000,0.010,0.952,0.038
246500,0.010,0.960,0.030
247000,0.010,0.968,0.022
247500,0.010,0.967,0.023
248000,0.010,0.974,0.016
248500,0.010,0.952,0.038
249000,0.010,0.962,0.028
249500,0.010,0.966,0.024
250000,0.010,0.974,0.016
250500,0.010,0.971,0.019
251000,0.010,0.965,0.025
251500,0.010,0.956,0.034
252000,0.010,0.961,0.029
252500,0.010,0.958,0.033
253000,0.010,0.959,0.031
253500,0.010,0.969,0.021
254000,0.010,0.952,0.038
254500,0.010,0.937,0.053
255000,0.010,0.939,0.051
255500,0.010,0.964,0.026
256000,0.010,0.967,0.023
256500,0.010,0.970,0.020
257000,0.012,0.970,0.017
257500,0.011,0.980,0.009
258000,0.010,0.973,0.017
258500,0.010,0.970,0.020
259000,0.010,0.980,0.009
259500,0.010,0.971,0.018
260000,0.010,0.976,0.013
260500,0.010,0.973,0.016
261000,0.010,0.982,0.008
261500,0.010,0.975,0.015
262000,0.010,0.973,0.017
262500,0.011,0.973,0.016
263000,0.010,0.985,0.005
263500,0.010,0.987,0.003
264000,0.010,0.986,0.004
264500,0.010,0.971,0.019
265000,0.010,0.956,0.034
265500,0.010,0.972,0.018
266000,0.010,0.971,0.019
266500,0.010,0.962,0.028
267000,0.010,0.974,0.016
267500,0.010,0.974,0.016
268000,0.010,0.964,0.026
268500,0.010,0.969,0.021
269000,0.010,0.969,0.022
269500,0.010,0.967,0.023
270000,0.010,0.963,0.027
270500,0.010,0.961,0.029
271000,0.010,0.975,0.015
271500,0.010,0.958,0.032
272000,0.010,0.962,0.028
272500,0.010,0.977,0.013
273000,0.010,0.966,0.024
273500,0.010,0.959,0.031
274000,0.010,0.956,0.034
274500,0.010,0.959,0.031
275000,0.010,0.972,0.018
275500,0.010,0.969,0.020
276000,0.010,0.950,0.040
276500,0.010,0.974,0.016
277000,0.010,0.945,0.045
277500,0.010,0.936,0.054
278000,0.010,0.974,0.016
278500,0.010,0.953,0.037
279000,0.010,0.961,0.029
279500,0.010,0.960,0.030
280000,0.010,0.941,0.049
280500,0.010,0.956,0.034
281000,0.010,0.966,0.024
281500,0.010,0.946,0.044
282000,0.010,0.966,0.024
282500,0.011,0.958,0.031
283000,0.010,0.951,0.039
283500,0.010,0.937,0.054
284000,0.010,0.969,0.021
284500,0.010,0.970,0.020
285000,0.010,0.964,0.026
285500,0.010,0.969,0.021
286000,0.010,0.958,0.032
286500,0.010,0.948,0.042
287000,0.010,0.963,0.027
287500,0.010,0.941,0.049
288000,0.010,0.957,0.033
288500,0.010,0.960,0.030
289000,0.010,0.957,0.033
289500,0.010,0.945,0.045
290000,0.010,0.964,0.026
290500,0.010,0.952,0.038
291000,0.010,0.962,0.029
291500,0.010,0.976,0.015
292000,0.010,0.981,0.008
292500,0.010,0.981,0.009
293000,0.010,0.944,0.046
293500,0.010,0.968,0.022
294000,0.010,0.948,0.042
294500,0.010,0.965,0.025
295000,0.010,0.981,0.009
295500,0.010,0.980,0.010
296000,0.010,0.976,0.015
296500,0.010,0.976,0.015
297000,0.010,0.962,0.028
297500,0.010,0.978,0.012
298000,0.011,0.951,0.038
298500,0.010,0.966,0.024
299000,0.010,0.949,0.041
299500,0.010,0.962,0.028
300000,0.010,0.937,0.054
300500,0.010,0.957,0.033
301000,0.010,0.972,0.018
301500,0.010,0.971,0.018
302000,0.010,0.977,0.013
302500,0.010,0.984,0.006
303000,0.010,0.985,0.005
303500,0.010,0.965,0.025
304000,0.012,0.964,0.024
304500,0.010,0.930,0.060
305000,0.010,0.921,0.069
305500,0.010,0.963,0.027
306000,0.010,0.968,0.022
306500,0.010,0.971,0.018
307000,0.010,0.970,0.020
307500,0.010,0.963,0.027
308000,0.010,0.976,0.014
308500,0.010,0.949,0.041
309000,0.010,0.960,0.030
309500,0.010,0.969,0.022
310000,0.010,0.971,0.019
310500,0.010,0.947,0.043
311000,0.010,0.939,0.050
311500,0.010,0.933,0.057
312000,0.010,0.914,0.076
312500,0.010,0.908,0.082
313000,0.010,0.927,0.063
313500,0.010,0.939,0.051
314000,0.010,0.962,0.028
314500,0.010,0.961,0.029
315000,0.011,0.950,0.039
315500,0.010,0.948,0.042
316000,0.010,0.944,0.046
316500,0.010,0.964,0.026
317000,0.010,0.948,0.042
317500,0.010,0.949,0.040
318000,0.010,0.966,0.024
318500,0.010,0.945,0.045
319000,0.010,0.970,0.020
319500,0.010,0.955,0.035
320000,0.010,0.959,0.031
320500,0.011,0.965,0.024
321000,0.012,0.922,0.066
321500,0.010,0.938,0.052
322000,0.011,0.944,0.045
322500,0.010,0.955,0.036
323000,0.011,0.961,0.028
323500,0.010,0.978,0.012
324000,0.010,0.974,0.016
324500,0.010,0.980,0.010
325000,0.010,0.980,0.010
325500,0.010,0.975,0.015
326000,0.010,0.956,0.034
326500,0.011,0.976,0.013
327000,0.011,0.961,0.028
327500,0.011,0.956,0.033
328000,0.010,0.964,0.025
328500,0.010,0.955,0.034
329000,0.011,0.966,0.023
329500,0.010,0.969,0.021
330000,0.010,0.982,0.008
330500,0.010,0.973,0.017
331000,0.010,0.969,0.022
331500,0.010,0.969,0.021
332000,0.010,0.969,0.021
332500,0.010,0.971,0.019
333000,0.010,0.950,0.040
333500,0.010,0.964,0.026
334000,0.010,0.938,0.051
334500,0.010,0.953,0.037
335000,0.010,0.963,0.027
335500,0.010,0.954,0.036
336000,0.011,0.952,0.037
336500,0.010,0.961,0.029
337000,0.010,0.967,0.022
337500,0.010,0.955,0.034
338000,0.010,0.971,0.019
338500,0.010,0.960,0.029
339000,0.010,0.956,0.033
339500,0.010,0.972,0.017
340000,0.010,0.969,0.020
340500,0.010,0.979,0.010
341000,0.010,0.961,0.029
341500,0.010,0.955,0.034
342000,0.010,0.964,0.026
342500,0.010,0.973,0.017
343000,0.010,0.979,0.010
343500,0.010,0.978,0.012
344000,0.010,0.976,0.015
344500,0.010,0.963,0.027
345000,0.010,0.969,0.021
345500,0.010,0.958,0.032
346000,0.010,0.966,0.024
346500,0.010,0.962,0.029
347000,0.010,0.933,0.057
347500,0.010,0.961,0.029
348000,0.010,0.942,0.048
348500,0.010,0.951,0.040
349000,0.010,0.974,0.016
349500,0.010,0.974,0.016
350000,0.010,0.978,0.012
350500,0.010,0.966,0.024
351000,0.010,0.930,0.061
351500,0.010,0.960,0.030
352000,0.010,0.970,0.020
352500,0.010,0.964,0.026
353000,0.010,0.969,0.021
353500,0.010,0.951,0.040
354000,0.010,0.973,0.017
354500,0.010,0.981,0.009
355000,0.010,0.960,0.029
355500,0.010,0.954,0.036
356000,0.010,0.955,0.035
356500,0.010,0.965,0.024
357000,0.010,0.966,0.024
357500,0.010,0.968,0.022
358000,0.010,0.978,0.012
358500,0.010,0.976,0.015
359000,0.010,0.981,0.009
359500,0.010,0.973,0.017
360000,0.010,0.969,0.022
360500,0.010,0.969,0.022
361000,0.010,0.966,0.024
361500,0.010,0.972,0.018
362000,0.010,0.978,0.012
362500,0.010,0.972,0.018
363000,0.010,0.947,0.043
363500,0.010,0.951,0.040
364000,0.010,0.964,0.026
364500,0.010,0.966,0.024
365000,0.010,0.974,0.016
365500,0.010,0.977,0.013
366000,0.010,0.955,0.035
366500,0.010,0.930,0.060
367000,0.010,0.930,0.060
367500,0.010,0.969,0.022
368000,0.010,0.934,0.056
368500,0.010,0.958,0.032
369000,0.010,0.970,0.020
369500,0.013,0.912,0.075
370000,0.010,0.934,0.056
370500,0.010,0.958,0.032
371000,0.010,0.974,0.016
371500,0.010,0.957,0.033
372000,0.010,0.971,0.019
372500,0.010,0.974,0.016
373000,0.010,0.970,0.020
373500,0.010,0.969,0.021
374000,0.010,0.971,0.019
374500,0.010,0.965,0.025
375000,0.010,0.969,0.022
375500,0.010,0.964,0.026
376000,0.010,0.973,0.017
376500,0.010,0.970,0.020
377000,0.010,0.950,0.040
377500,0.010,0.967,0.023
378000,0.010,0.977,0.013
378500,0.010,0.969,0.021
379000,0.010,0.958,0.032
379500,0.010,0.976,0.015
380000,0.010,0.981,0.009
380500,0.010,0.960,0.030
381000,0.010,0.975,0.015
381500,0.010,0.981,0.009
382000,0.010,0.985,0.005
382500,0.010,0.982,0.008
383000,0.010,0.947,0.043
383500,0.011,0.946,0.043
384000,0.010,0.945,0.045
384500,0.010,0.969,0.021
385000,0.010,0.955,0.036
385500,0.010,0.964,0.026
386000,0.010,0.973,0.017
386500,0.010,0.969,0.022
387000,0.010,0.969,0.021
387500,0.010,0.945,0.045
388000,0.010,0.942,0.048
388500,0.010,0.956,0.034
389000,0.010,0.957,0.033
389500,0.010,0.956,0.033
390000,0.010,0.969,0.021
390500,0.010,0.961,0.029
391000,0.010,0.956,0.034
391500,0.010,0.945,0.045
392000,0.010,0.961,0.029
392500,0.010,0.957,0.033
393000,0.010,0.973,0.017
393500,0.010,0.978,0.012
394000,0.010,0.966,0.024
394500,0.010,0.956,0.034
395000,0.010,0.969,0.022
395500,0.010,0.960,0.030
396000,0.010,0.941,0.049
396500,0.010,0.949,0.041
397000,0.010,0.939,0.051
397500,0.010,0.963,0.027
398000,0.010,0.959,0.031
398500,0.010,0.974,0.016
399000,0.010,0.945,0.045
399500,0.010,0.965,0.024
400000,0.010,0.958,0.033
400500,0.010,0.961,0.029
401000,0.011,0.944,0.045
401500,0.010,0.956,0.034
402000,0.010,0.945,0.045
402500,0.010,0.919,0.072
403000,0.010,0.959,0.031
403500,0.010,0.978,0.012
404000,0.010,0.968,0.022
404500,0.010,0.969,0.022
405000,0.010,0.971,0.019
405500,0.010,0.973,0.017
406000,0.010,0.981,0.009
406500,0.010,0.966,0.023
407000,0.010,0.980,0.010
407500,0.010,0.975,0.015
408000,0.010,0.980,0.010
408500,0.010,0.973,0.017
409000,0.010,0.978,0.012
409500,0.010,0.981,0.009
410000,0.010,0.963,0.027
410500,0.010,0.977,0.013
411000,0.010,0.957,0.033
411500,0.010,0.977,0.013
412000,0.010,0.967,0.023
412500,0.010,0.979,0.011
413000,0.010,0.962,0.029
413500,0.011,0.942,0.047
414000,0.010,0.971,0.019
414500,0.010,0.959,0.031
415000,0.010,0.962,0.028
415500,0.010,0.963,0.027
416000,0.010,0.965,0.025
416500,0.010,0.981,0.009
417000,0.010,0.977,0.013
417500,0.010,0.962,0.028
418000,0.010,0.959,0.031
418500,0.010,0.972,0.018
419000,0.010,0.967,0.023
419500,0.010,0.969,0.021
420000,0.010,0.976,0.014
420500,0.010,0.978,0.012
421000,0.010,0.972,0.018
421500,0.010,0.981,0.009
422000,0.010,0.980,0.010
422500,0.010,0.983,0.008
423000,0.010,0.979,0.011
423500,0.010,0.940,0.050
424000,0.010,0.949,0.041
424500,0.010,0.949,0.041
425000,0.010,0.960,0.030
425500,0.010,0.944,0.046
426000,0.010,0.969,0.022
426500,0.010,0.971,0.019
427000,0.010,0.964,0.026
427500,0.010,0.962,0.028
428000,0.010,0.968,0.022
428500,0.010,0.973,0.017
429000,0.010,0.942,0.048
429500,0.010,0.956,0.034
430000,0.010,0.963,0.026
430500,0.010,0.967,0.022
431000,0.010,0.969,0.022
431500,0.010,0.964,0.026
432000,0.010,0.962,0.028
432500,0.010,0.965,0.025
433000,0.011,0.973,0.016
433500,0.010,0.967,0.023
434000,0.010,0.946,0.044
434500,0.010,0.966,0.023
435000,0.010,0.944,0.046
435500,0.010,0.950,0.040
436000,0.010,0.940,0.050
436500,0.010,0.963,0.027
437000,0.010,0.966,0.024
437500,0.010,0.975,0.015
438000,0.010,0.981,0.009
438500,0.010,0.972,0.018
439000,0.010,0.958,0.032
439500,0.011,0.959,0.030
440000,0.010,0.949,0.041
440500,0.010,0.958,0.033
441000,0.010,0.951,0.039
441500,0.010,0.955,0.035
442000,0.010,0.948,0.042
442500,0.010,0.963,0.027
443000,0.010,0.954,0.036
443500,0.010,0.947,0.043
444000,0.010,0.963,0.027
444500,0.010,0.954,0.036
445000,0.010,0.974,0.016
445500,0.010,0.981,0.009
446000,0.011,0.975,0.014
446500,0.010,0.946,0.044
447000,0.010,0.973,0.017
447500,0.010,0.967,0.023
448000,0.010,0.978,0.012
448500,0.010,0.984,0.006
449000,0.010,0.974,0.016
449500,0.010,0.964,0.026
450000,0.010,0.964,0.026
450500,0.010,0.963,0.027
451000,0.010,0.971,0.019
451500,0.010,0.962,0.028
452000,0.010,0.966,0.024
452500,0.010,0.958,0.033
453000,0.010,0.961,0.029
453500,0.010,0.974,0.016
454000,0.010,0.966,0.023
454500,0.010,0.948,0.042
455000,0.010,0.949,0.041
455500,0.010,0.932,0.058
456000,0.010,0.946,0.043
456500,0.010,0.957,0.033
457000,0.010,0.953,0.037
457500,0.010,0.931,0.059
458000,0.010,0.937,0.053
458500,0.010,0.919,0.071
459000,0.010,0.941,0.049
459500,0.010,0.948,0.042
460000,0.010,0.949,0.041
460500,0.010,0.958,0.033
461000,0.011,0.951,0.038
461500,0.011,0.970,0.019
462000,0.011,0.978,0.010
462500,0.010,0.981,0.009
463000,0.010,0.971,0.019
463500,0.010,0.967,0.023
464000,0.010,0.940,0.050
464500,0.011,0.951,0.038
465000,0.010,0.967,0.023
465500,0.010,0.968,0.022
466000,0.010,0.974,0.016
466500,0.010,0.977,0.013
467000,0.010,0.979,0.011
467500,0.010,0.975,0.015
468000,0.010,0.963,0.027
468500,0.010,0.957,0.033
469000,0.010,0.962,0.028
469500,0.010,0.951,0.040
470000,0.010,0.924,0.066
470500,0.010,0.934,0.055
471000,0.011,0.935,0.054
471500,0.011,0.949,0.040
472000,0.010,0.959,0.031
472500,0.010,0.954,0.036
473000,0.010,0.964,0.025
473500,0.011,0.962,0.027
474000,0.010,0.941,0.048
474500,0.010,0.954,0.036
475000,0.010,0.944,0.046
475500,0.010,0.934,0.056
476000,0.010,0.925,0.065
476500,0.010,0.944,0.045
477000,0.010,0.953,0.037
477500,0.010,0.960,0.030
478000,0.010,0.970,0.020
478500,0.010,0.961,0.029
479000,0.011,0.944,0.045
479500,0.010,0.964,0.026
480000,0.010,0.973,0.017
480500,0.010,0.951,0.039
481000,0.010,0.942,0.048
481500,0.010,0.945,0.045
482000,0.010,0.958,0.033
482500,0.010,0.949,0.041
483000,0.010,0.939,0.051
483500,0.010,0.950,0.040
484000,0.010,0.938,0.052
484500,0.010,0.938,0.052
485000,0.010,0.932,0.058
485500,0.010,0.934,0.056
486000,0.011,0.944,0.045
486500,0.010,0.960,0.030
487000,0.010,0.961,0.029
487500,0.010,0.956,0.034
488000,0.010,0.940,0.050
488500,0.010,0.953,0.037
489000,0.010,0.968,0.022
489500,0.010,0.974,0.016
490000,0.010,0.966,0.024
490500,0.010,0.974,0.016
491000,0.010,0.970,0.020
491500,0.010,0.981,0.009
492000,0.010,0.968,0.022
492500,0.010,0.971,0.019
493000,0.010,0.941,0.049
493500,0.010,0.939,0.051
494000,0.010,0.951,0.040
494500,0.010,0.925,0.065
495000,0.010,0.948,0.042
495500,0.010,0.969,0.021
496000,0.010,0.962,0.029
496500,0.010,0.971,0.019
497000,0.010,0.965,0.025
497500,0.010,0.974,0.016
498000,0.010,0.956,0.034
498500,0.010,0.973,0.017
499000,0.010,0.972,0.018
499500,0.010,0.977,0.013
500000,0.010,0.955,0.035
500500,0.010,0.958,0.032
501000,0.010,0.938,0.052
501500,0.010,0.970,0.020
502000,0.010,0.967,0.023
502500,0.010,0.962,0.028
503000,0.010,0.959,0.031
503500,0.010,0.971,0.019
504000,0.010,0.970,0.020
504500,0.010,0.981,0.009
505000,0.010,0.980,0.010
505500,0.010,0.951,0.039
506000,0.010,0.943,0.047
506500,0.010,0.963,0.027
507000,0.010,0.953,0.037
507500,0.010,0.969,0.021
508000,0.010,0.980,0.010
508500,0.010,0.974,0.016
509000,0.010,0.967,0.023
509500,0.010,0.965,0.025
510000,0.010,0.964,0.026
510500,0.010,0.949,0.041
511000,0.010,0.964,0.026
511500,0.010,0.968,0.022
512000,0.010,0.974,0.016
512500,0.010,0.982,0.008
513000,0.010,0.971,0.019
513500,0.010,0.961,0.029
514000,0.010,0.955,0.036
514500,0.010,0.942,0.048
515000,0.010,0.964,0.026
515500,0.011,0.957,0.032
516000,0.011,0.945,0.044
516500,0.011,0.956,0.033
517000,0.010,0.948,0.042
517500,0.010,0.929,0.061
518000,0.010,0.932,0.058
518500,0.010,0.949,0.041
519000,0.010,0.954,0.036
519500,0.010,0.961,0.029
520000,0.010,0.969,0.022
520500,0.010,0.976,0.014
521000,0.010,0.955,0.035
521500,0.010,0.971,0.019
522000,0.010,0.965,0.024
522500,0.010,0.976,0.015
523000,0.010,0.970,0.020
523500,0.010,0.956,0.034
524000,0.010,0.937,0.052
524500,0.010,0.951,0.040
525000,0.010,0.952,0.038
525500,0.010,0.965,0.025
526000,0.010,0.974,0.016
526500,0.010,0.958,0.033
527000,0.010,0.961,0.029
527500,0.010,0.971,0.019
528000,0.010,0.966,0.024
528500,0.010,0.956,0.034
529000,0.010,0.937,0.052
529500,0.012,0.952,0.037
530000,0.010,0.959,0.030
530500,0.010,0.962,0.028
531000,0.010,0.963,0.027
531500,0.010,0.973,0.017
532000,0.010,0.971,0.019
532500,0.010,0.960,0.030
533000,0.010,0.976,0.015
533500,0.010,0.976,0.015
534000,0.010,0.975,0.015
534500,0.010,0.966,0.024
535000,0.010,0.973,0.017
535500,0.010,0.972,0.018
536000,0.010,0.979,0.011
536500,0.010,0.966,0.024
537000,0.010,0.964,0.026
537500,0.010,0.967,0.023
538000,0.010,0.964,0.026
538500,0.010,0.945,0.045
539000,0.010,0.948,0.042
539500,0.010,0.963,0.027
540000,0.010,0.962,0.028
540500,0.010,0.961,0.029
541000,0.010,0.976,0.015
541500,0.010,0.955,0.036
542000,0.010,0.939,0.051
542500,0.010,0.935,0.055
543000,0.010,0.945,0.045
543500,0.010,0.934,0.056
544000,0.010,0.947,0.043
544500,0.011,0.949,0.040
545000,0.010,0.959,0.031
545500,0.010,0.943,0.047
546000,0.010,0.962,0.029
546500,0.010,0.963,0.027
547000,0.010,0.976,0.015
547500,0.010,0.973,0.017
548000,0.010,0.978,0.012
548500,0.010,0.976,0.015
549000,0.010,0.963,0.027
549500,0.010,0.969,0.021
550000,0.010,0.974,0.016
550500,0.010,0.966,0.024
551000,0.011,0.956,0.033
551500,0.010,0.950,0.040
552000,0.010,0.928,0.062
552500,0.010,0.938,0.052
553000,0.010,0.959,0.031
553500,0.010,0.973,0.017
554000,0.010,0.972,0.018
554500,0.010,0.963,0.027
555000,0.010,0.955,0.036
555500,0.010,0.960,0.030
556000,0.010,0.976,0.015
556500,0.010,0.962,0.029
557000,0.010,0.957,0.033
557500,0.010,0.973,0.017
558000,0.010,0.979,0.011
558500,0.010,0.978,0.012
559000,0.010,0.970,0.020
559500,0.010,0.963,0.027
560000,0.010,0.972,0.018
560500,0.010,0.977,0.013
561000,0.010,0.982,0.008
561500,0.010,0.985,0.005
562000,0.010,0.985,0.005
562500,0.010,0.970,0.020
563000,0.010,0.984,0.006
563500,0.010,0.977,0.013
564000,0.010,0.952,0.038
564500,0.010,0.977,0.013
565000,0.010,0.976,0.013
565500,0.010,0.958,0.032
566000,0.010,0.963,0.027
566500,0.010,0.969,0.022
567000,0.010,0.975,0.015
567500,0.010,0.964,0.026
568000,0.010,0.953,0.037
568500,0.010,0.946,0.044
569000,0.010,0.967,0.023
569500,0.010,0.952,0.038
570000,0.010,0.934,0.056
570500,0.010,0.950,0.040
571000,0.010,0.958,0.032
571500,0.010,0.960,0.030
572000,0.010,0.964,0.026
572500,0.010,0.966,0.024
573000,0.010,0.962,0.029
573500,0.010,0.967,0.023
574000,0.010,0.976,0.014
574500,0.010,0.960,0.030
575000,0.010,0.970,0.020
575500,0.010,0.959,0.031
576000,0.010,0.974,0.016
576500,0.010,0.977,0.013
577000,0.010,0.977,0.013
577500,0.010,0.971,0.019
578000,0.010,0.973,0.016
578500,0.010,0.934,0.056
579000,0.010,0.951,0.039
579500,0.010,0.944,0.047
580000,0.010,0.940,0.050
580500,0.010,0.955,0.036
581000,0.010,0.955,0.035
581500,0.011,0.948,0.041
582000,0.010,0.956,0.034
582500,0.010,0.969,0.021
583000,0.010,0.974,0.016
583500,0.010,0.961,0.029
584000,0.010,0.946,0.044
584500,0.010,0.958,0.032
585000,0.010,0.939,0.051
585500,0.010,0.960,0.030
586000,0.010,0.951,0.039
586500,0.010,0.927,0.062
587000,0.010,0.945,0.045
587500,0.010,0.953,0.037
588000,0.010,0.953,0.037
588500,0.010,0.971,0.019
589000,0.010,0.964,0.026
589500,0.010,0.953,0.037
590000,0.010,0.968,0.022
590500,0.010,0.978,0.012
591000,0.010,0.969,0.021
591500,0.010,0.976,0.014
592000,0.010,0.978,0.012
592500,0.010,0.916,0.075
593000,0.010,0.971,0.019
593500,0.010,0.970,0.020
594000,0.010,0.973,0.017
594500,0.010,0.978,0.012
595000,0.010,0.982,0.008
595500,0.010,0.984,0.006
596000,0.010,0.981,0.009
596500,0.010,0.984,0.006
597000,0.010,0.965,0.025
597500,0.010,0.971,0.019
598000,0.010,0.969,0.022
598500,0.010,0.963,0.027
599000,0.010,0.978,0.012
599500,0.010,0.955,0.035
600000,0.010,0.962,0.028
600500,0.010,0.977,0.013
601000,0.010,0.967,0.023
601500,0.010,0.970,0.020
602000,0.010,0.974,0.016
602500,0.010,0.968,0.022
603000,0.010,0.967,0.023
603500,0.010,0.984,0.006
604000,0.010,0.981,0.009
604500,0.010,0.973,0.017
605000,0.010,0.958,0.032
605500,0.010,0.983,0.008
606000,0.010,0.978,0.012
606500,0.010,0.976,0.014
607000,0.010,0.960,0.030
607500,0.010,0.954,0.036
608000,0.010,0.969,0.022
608500,0.010,0.949,0.041
609000,0.010,0.958,0.033
609500,0.010,0.956,0.034
610000,0.010,0.957,0.033
610500,0.010,0.952,0.038
611000,0.010,0.953,0.037
611500,0.010,0.964,0.026
612000,0.010,0.972,0.018
612500,0.010,0.959,0.031
613000,0.010,0.949,0.041
613500,0.010,0.949,0.041
614000,0.010,0.961,0.029
614500,0.010,0.967,0.023
615000,0.010,0.971,0.019
615500,0.010,0.965,0.025
616000,0.010,0.956,0.034
616500,0.010,0.972,0.018
617000,0.010,0.974,0.016
617500,0.011,0.965,0.024
618000,0.010,0.967,0.023
618500,0.010,0.956,0.034
619000,0.010,0.962,0.027
619500,0.010,0.973,0.016
620000,0.010,0.973,0.017
620500,0.010,0.967,0.023
621000,0.010,0.969,0.021
621500,0.010,0.981,0.009
622000,0.010,0.966,0.024
622500,0.010,0.969,0.022
623000,0.010,0.980,0.010
623500,0.010,0.983,0.008
624000,0.010,0.985,0.005
624500,0.010,0.978,0.012
625000,0.010,0.968,0.022
625500,0.010,0.982,0.008
626000,0.010,0.969,0.022
626500,0.010,0.965,0.025
627000,0.010,0.976,0.014
627500,0.010,0.985,0.005
628000,0.010,0.985,0.005
628500,0.010,0.956,0.034
629000,0.010,0.945,0.045
629500,0.010,0.931,0.059
630000,0.010,0.949,0.041
630500,0.010,0.952,0.038
631000,0.010,0.956,0.034
631500,0.010,0.963,0.027
632000,0.010,0.963,0.027
632500,0.010,0.975,0.015
633000,0.010,0.964,0.026
633500,0.010,0.967,0.023
634000,0.010,0.964,0.026
634500,0.010,0.978,0.012
635000,0.010,0.969,0.022
635500,0.010,0.963,0.027
636000,0.010,0.939,0.051
636500,0.010,0.954,0.036
637000,0.010,0.959,0.031
637500,0.010,0.969,0.021
638000,0.010,0.981,0.009
638500,0.010,0.959,0.031
639000,0.010,0.959,0.031
639500,0.010,0.931,0.059
640000,0.010,0.927,0.063
640500,0.010,0.949,0.041
641000,0.010,0.944,0.047
641500,0.010,0.955,0.035
642000,0.010,0.946,0.044
642500,0.010,0.962,0.028
643000,0.010,0.937,0.054
643500,0.010,0.949,0.041
644000,0.010,0.955,0.035
644500,0.010,0.951,0.040
645000,0.010,0.973,0.017
645500,0.010,0.970,0.020
646000,0.010,0.956,0.034
646500,0.010,0.941,0.049
647000,0.010,0.952,0.038
647500,0.010,0.956,0.034
648000,0.010,0.966,0.024
648500,0.010,0.971,0.019
649000,0.010,0.976,0.015
649500,0.010,0.946,0.044
650000,0.010,0.946,0.044
650500,0.010,0.953,0.037
651000,0.010,0.942,0.048
651500,0.010,0.916,0.074
652000,0.010,0.948,0.042
652500,0.010,0.963,0.027
653000,0.010,0.968,0.022
653500,0.010,0.948,0.041
654000,0.010,0.963,0.026
654500,0.010,0.960,0.030
655000,0.010,0.964,0.025
655500,0.010,0.978,0.012
656000,0.010,0.964,0.026
656500,0.010,0.969,0.021
657000,0.010,0.978,0.012
657500,0.010,0.949,0.041
658000,0.010,0.969,0.022
658500,0.010,0.966,0.024
659000,0.010,0.977,0.013
659500,0.010,0.975,0.015
660000,0.010,0.974,0.016
660500,0.010,0.960,0.030
661000,0.010,0.982,0.008
661500,0.010,0.985,0.005
662000,0.010,0.980,0.010
662500,0.010,0.983,0.007
663000,0.010,0.978,0.012
663500,0.010,0.948,0.042
664000,0.010,0.951,0.039
664500,0.010,0.980,0.010
665000,0.010,0.959,0.031
665500,0.010,0.947,0.042
666000,0.010,0.965,0.025
666500,0.010,0.970,0.020
667000,0.010,0.965,0.025
667500,0.010,0.980,0.010
668000,0.010,0.954,0.036
668500,0.010,0.964,0.026
669000,0.010,0.960,0.030
669500,0.010,0.952,0.038
670000,0.010,0.961,0.029
670500,0.010,0.947,0.043
671000,0.010,0.940,0.050
671500,0.010,0.953,0.037
672000,0.010,0.955,0.036
672500,0.010,0.956,0.034
673000,0.010,0.920,0.070
673500,0.010,0.952,0.038
674000,0.010,0.962,0.028
674500,0.010,0.944,0.046
675000,0.010,0.964,0.026
675500,0.010,0.968,0.022
676000,0.010,0.967,0.023
676500,0.010,0.973,0.017
677000,0.011,0.944,0.045
677500,0.012,0.940,0.048
678000,0.010,0.939,0.051
678500,0.010,0.961,0.029
679000,0.010,0.972,0.018
679500,0.013,0.946,0.041
680000,0.012,0.959,0.030
680500,0.012,0.974,0.014
681000,0.010,0.975,0.015
681500,0.010,0.960,0.030
682000,0.010,0.981,0.009
682500,0.010,0.976,0.013
683000,0.010,0.983,0.008
683500,0.010,0.984,0.006
684000,0.010,0.976,0.015
684500,0.010,0.973,0.017
685000,0.010,0.960,0.030
685500,0.010,0.952,0.038
686000,0.010,0.940,0.050
686500,0.010,0.940,0.050
687000,0.010,0.924,0.066
687500,0.010,0.953,0.037
688000,0.010,0.948,0.042
688500,0.010,0.966,0.024
689000,0.010,0.956,0.034
689500,0.010,0.960,0.030
690000,0.010,0.944,0.046
690500,0.010,0.966,0.023
691000,0.010,0.967,0.023
691500,0.012,0.931,0.056
692000,0.011,0.923,0.066
692500,0.011,0.935,0.054
693000,0.010,0.929,0.061
693500,0.010,0.960,0.030
694000,0.010,0.969,0.021
694500,0.010,0.976,0.015
695000,0.010,0.980,0.010
695500,0.010,0.976,0.015
696000,0.010,0.966,0.024
696500,0.010,0.981,0.009
697000,0.010,0.964,0.025
697500,0.010,0.978,0.012
698000,0.010,0.976,0.015
698500,0.010,0.976,0.014
699000,0.010,0.975,0.015
699500,0.010,0.971,0.019
700000,0.010,0.964,0.026
700500,0.010,0.976,0.014
701000,0.010,0.980,0.010
701500,0.010,0.959,0.031
702000,0.010,0.962,0.028
702500,0.010,0.971,0.019
703000,0.010,0.970,0.020
703500,0.010,0.963,0.027
704000,0.010,0.971,0.019
704500,0.010,0.959,0.031
705000,0.010,0.972,0.018
705500,0.010,0.969,0.022
706000,0.010,0.978,0.012
706500,0.011,0.963,0.026
707000,0.011,0.974,0.015
707500,0.010,0.977,0.013
708000,0.010,0.983,0.007
708500,0.010,0.984,0.006
709000,0.010,0.978,0.012
709500,0.010,0.976,0.014
710000,0.010,0.981,0.009
710500,0.010,0.976,0.014
711000,0.010,0.980,0.010
711500,0.010,0.978,0.011
712000,0.010,0.972,0.017
712500,0.010,0.984,0.006
713000,0.010,0.985,0.005
713500,0.010,0.976,0.014
714000,0.010,0.962,0.027
714500,0.010,0.977,0.012
715000,0.010,0.973,0.017
715500,0.010,0.982,0.008
716000,0.010,0.978,0.012
716500,0.010,0.956,0.034
717000,0.010,0.974,0.016
717500,0.010,0.971,0.019
718000,0.010,0.974,0.015
718500,0.010,0.977,0.012
719000,0.011,0.965,0.024
719500,0.010,0.973,0.017
720000,0.010,0.982,0.008
720500,0.010,0.986,0.003
721000,0.011,0.965,0.024
721500,0.010,0.959,0.030
722000,0.010,0.963,0.026
722500,0.010,0.974,0.016
723000,0.010,0.980,0.010
723500,0.010,0.980,0.010
724000,0.010,0.956,0.034
724500,0.010,0.955,0.036
725000,0.010,0.912,0.078
725500,0.010,0.958,0.033
726000,0.010,0.961,0.029
726500,0.010,0.973,0.017
727000,0.010,0.963,0.027
727500,0.010,0.955,0.036
728000,0.010,0.951,0.040
728500,0.010,0.916,0.073
729000,0.010,0.945,0.045
729500,0.010,0.958,0.031
730000,0.010,0.953,0.037
730500,0.010,0.969,0.022
731000,0.010,0.965,0.025
731500,0.010,0.971,0.019
732000,0.010,0.973,0.017
732500,0.010,0.980,0.010
733000,0.010,0.973,0.017
733500,0.010,0.975,0.015
734000,0.010,0.953,0.037
734500,0.010,0.961,0.029
735000,0.010,0.983,0.008
735500,0.010,0.960,0.030
736000,0.010,0.959,0.031
736500,0.010,0.951,0.040
737000,0.010,0.973,0.017
737500,0.010,0.980,0.010
738000,0.010,0.971,0.019
738500,0.010,0.970,0.020
739000,0.010,0.963,0.027
739500,0.010,0.941,0.049
740000,0.010,0.962,0.029
740500,0.010,0.976,0.015
741000,0.010,0.971,0.019
741500,0.010,0.964,0.026
742000,0.010,0.962,0.028
742500,0.010,0.935,0.055
743000,0.010,0.927,0.063
743500,0.010,0.939,0.051
744000,0.010,0.948,0.042
744500,0.010,0.915,0.075
745000,0.011,0.947,0.042
745500,0.010,0.935,0.055
746000,0.010,0.954,0.036
746500,0.010,0.963,0.027
747000,0.010,0.964,0.026
747500,0.010,0.967,0.023
748000,0.010,0.954,0.036
748500,0.010,0.956,0.034
749000,0.010,0.977,0.013
749500,0.010,0.982,0.008
750000,0.010,0.937,0.053
750500,0.010,0.931,0.059
751000,0.010,0.930,0.061
751500,0.010,0.936,0.054
752000,0.010,0.943,0.047
752500,0.010,0.936,0.054
753000,0.010,0.963,0.027
753500,0.010,0.951,0.040
754000,0.010,0.972,0.018
754500,0.010,0.971,0.019
755000,0.010,0.983,0.008
755500,0.010,0.949,0.041
756000,0.010,0.933,0.057
756500,0.010,0.946,0.044
757000,0.010,0.956,0.034
757500,0.010,0.969,0.022
758000,0.010,0.946,0.044
758500,0.010,0.966,0.024
759000,0.010,0.959,0.031
759500,0.010,0.960,0.030
760000,0.010,0.966,0.024
760500,0.010,0.955,0.034
761000,0.010,0.960,0.030
761500,0.010,0.964,0.026
762000,0.010,0.975,0.015
762500,0.010,0.965,0.025
763000,0.010,0.951,0.039
763500,0.010,0.949,0.041
764000,0.010,0.965,0.025
764500,0.010,0.945,0.045
765000,0.010,0.954,0.036
765500,0.010,0.961,0.029
766000,0.010,0.957,0.033
766500,0.011,0.931,0.058
767000,0.010,0.933,0.057
767500,0.010,0.952,0.038
768000,0.010,0.951,0.039
768500,0.010,0.950,0.040
769000,0.010,0.952,0.038
769500,0.010,0.962,0.028
770000,0.010,0.937,0.053
770500,0.010,0.960,0.030
771000,0.010,0.971,0.019
771500,0.010,0.963,0.027
772000,0.010,0.957,0.033
772500,0.010,0.969,0.021
773000,0.010,0.955,0.035
773500,0.010,0.936,0.054
774000,0.010,0.932,0.058
774500,0.010,0.932,0.058
775000,0.010,0.920,0.070
775500,0.010,0.949,0.040
776000,0.010,0.973,0.017
776500,0.010,0.973,0.017
777000,0.010,0.938,0.052
777500,0.010,0.923,0.067
778000,0.010,0.949,0.041
778500,0.010,0.975,0.015
779000,0.010,0.968,0.022
779500,0.010,0.966,0.024
780000,0.010,0.978,0.012
780500,0.010,0.978,0.012
781000,0.010,0.978,0.012
781500,0.010,0.984,0.006
782000,0.010,0.972,0.018
782500,0.010,0.983,0.007
783000,0.010,0.976,0.015
783500,0.010,0.982,0.008
784000,0.010,0.987,0.003
784500,0.010,0.967,0.023
785000,0.010,0.979,0.011
785500,0.010,0.986,0.004
786000,0.010,0.984,0.006
786500,0.010,0.984,0.006
787000,0.010,0.988,0.002
787500,0.010,0.985,0.005
788000,0.010,0.985,0.005
788500,0.010,0.964,0.026
789000,0.010,0.971,0.019
789500,0.010,0.981,0.009
790000,0.010,0.981,0.009
790500,0.010,0.986,0.004
791000,0.010,0.981,0.009
791500,0.011,0.974,0.015
792000,0.010,0.982,0.008
792500,0.010,0.982,0.008
793000,0.010,0.973,0.017
793500,0.011,0.975,0.014
794000,0.010,0.966,0.024
794500,0.010,0.970,0.020
795000,0.010,0.974,0.016
795500,0.010,0.976,0.014
796000,0.010,0.966,0.024
796500,0.010,0.978,0.011
797000,0.010,0.974,0.016
797500,0.010,0.974,0.016
798000,0.010,0.962,0.029
798500,0.010,0.957,0.033
799000,0.010,0.947,0.043
799500,0.010,0.966,0.024
800000,0.010,0.975,0.015
800500,0.010,0.977,0.013
801000,0.010,0.959,0.031
801500,0.010,0.969,0.022
802000,0.010,0.971,0.019
802500,0.010,0.951,0.039
803000,0.011,0.936,0.053
803500,0.010,0.970,0.020
804000,0.010,0.940,0.049
804500,0.010,0.937,0.053
805000,0.010,0.950,0.040
805500,0.010,0.972,0.018
806000,0.010,0.968,0.022
806500,0.010,0.973,0.017
807000,0.010,0.954,0.036
807500,0.010,0.964,0.026
808000,0.010,0.974,0.016
808500,0.010,0.962,0.028
809000,0.010,0.960,0.030
809500,0.010,0.958,0.033
810000,0.010,0.971,0.019
810500,0.010,0.962,0.028
811000,0.010,0.966,0.024
811500,0.010,0.969,0.022
812000,0.010,0.970,0.020
812500,0.010,0.968,0.022
813000,0.010,0.963,0.027
813500,0.010,0.945,0.045
814000,0.010,0.959,0.031
814500,0.010,0.938,0.052
815000,0.010,0.960,0.030
815500,0.010,0.959,0.031
816000,0.010,0.940,0.050
816500,0.010,0.916,0.075
817000,0.010,0.957,0.033
817500,0.010,0.928,0.062
818000,0.010,0.959,0.031
818500,0.010,0.936,0.054
819000,0.010,0.951,0.039
819500,0.010,0.959,0.031
820000,0.010,0.976,0.014
820500,0.010,0.977,0.013
821000,0.010,0.969,0.022
821500,0.010,0.962,0.028
822000,0.010,0.962,0.028
822500,0.010,0.969,0.022
823000,0.010,0.966,0.024
823500,0.010,0.978,0.012
824000,0.010,0.963,0.027
824500,0.010,0.972,0.018
825000,0.010,0.970,0.020
825500,0.010,0.974,0.016
826000,0.010,0.967,0.023
826500,0.010,0.973,0.017
827000,0.010,0.964,0.026
827500,0.010,0.955,0.035
828000,0.010,0.970,0.020
828500,0.010,0.980,0.010
829000,0.010,0.976,0.015
829500,0.010,0.942,0.048
830000,0.010,0.969,0.022
830500,0.010,0.976,0.015
831000,0.010,0.969,0.022
831500,0.010,0.977,0.013
832000,0.010,0.970,0.019
832500,0.010,0.966,0.024
833000,0.010,0.958,0.032
833500,0.010,0.964,0.026
834000,0.010,0.968,0.022
834500,0.010,0.976,0.014
835000,0.010,0.974,0.016
835500,0.010,0.960,0.030
836000,0.010,0.959,0.031
836500,0.010,0.971,0.019
837000,0.010,0.974,0.016
837500,0.010,0.961,0.029
838000,0.010,0.964,0.026
838500,0.010,0.978,0.012
839000,0.010,0.958,0.032
839500,0.010,0.942,0.048
840000,0.010,0.966,0.024
840500,0.010,0.946,0.044
841000,0.010,0.960,0.030
841500,0.010,0.970,0.020
842000,0.010,0.984,0.006
842500,0.010,0.987,0.003
843000,0.010,0.988,0.002
843500,0.010,0.970,0.020
844000,0.010,0.980,0.010
844500,0.010,0.976,0.015
845000,0.010,0.983,0.007
845500,0.010,0.937,0.054
846000,0.010,0.944,0.047
846500,0.010,0.961,0.029
847000,0.010,0.978,0.012
847500,0.010,0.955,0.035
848000,0.010,0.960,0.030
848500,0.010,0.955,0.036
849000,0.011,0.967,0.022
849500,0.011,0.968,0.021
850000,0.010,0.953,0.037
850500,0.010,0.945,0.044
851000,0.011,0.935,0.054
851500,0.010,0.952,0.037
852000,0.010,0.963,0.027
852500,0.010,0.968,0.022
853000,0.010,0.976,0.013
853500,0.010,0.979,0.010
854000,0.010,0.963,0.027
854500,0.010,0.973,0.016
855000,0.010,0.983,0.006
855500,0.010,0.965,0.024
856000,0.010,0.954,0.036
856500,0.010,0.967,0.023
857000,0.010,0.972,0.017
857500,0.010,0.929,0.061
858000,0.010,0.937,0.053
858500,0.010,0.971,0.018
859000,0.010,0.961,0.029
859500,0.010,0.973,0.017
860000,0.010,0.975,0.015
860500,0.010,0.963,0.027
861000,0.010,0.959,0.031
861500,0.010,0.949,0.041
862000,0.010,0.973,0.017
862500,0.010,0.974,0.016
863000,0.010,0.971,0.019
863500,0.010,0.963,0.026
864000,0.010,0.939,0.051
864500,0.010,0.969,0.022
865000,0.010,0.976,0.014
865500,0.010,0.974,0.016
866000,0.010,0.955,0.036
866500,0.010,0.944,0.046
867000,0.010,0.958,0.033
867500,0.010,0.943,0.047
868000,0.010,0.961,0.029
868500,0.010,0.942,0.048
869000,0.010,0.953,0.037
869500,0.010,0.956,0.034
870000,0.010,0.952,0.038
870500,0.011,0.947,0.042
871000,0.010,0.953,0.036
871500,0.010,0.969,0.022
872000,0.010,0.945,0.045
872500,0.010,0.949,0.041
873000,0.010,0.953,0.037
873500,0.012,0.937,0.051
874000,0.010,0.965,0.025
874500,0.010,0.973,0.017
875000,0.010,0.980,0.010
875500,0.010,0.977,0.013
876000,0.010,0.971,0.019
876500,0.010,0.973,0.017
877000,0.010,0.977,0.013
877500,0.010,0.958,0.032
878000,0.010,0.964,0.026
878500,0.010,0.976,0.015
879000,0.010,0.976,0.014
879500,0.010,0.948,0.042
880000,0.010,0.949,0.040
880500,0.010,0.959,0.031
881000,0.010,0.954,0.036
881500,0.010,0.968,0.022
882000,0.010,0.968,0.022
882500,0.010,0.978,0.012
883000,0.010,0.967,0.023
883500,0.010,0.970,0.020
884000,0.010,0.972,0.018
884500,0.010,0.959,0.031
885000,0.010,0.907,0.083
885500,0.010,0.933,0.057
886000,0.010,0.949,0.041
886500,0.010,0.962,0.029
887000,0.010,0.965,0.025
887500,0.012,0.960,0.028
888000,0.010,0.960,0.030
888500,0.010,0.966,0.024
889000,0.010,0.944,0.046
889500,0.010,0.941,0.049
890000,0.010,0.947,0.043
890500,0.010,0.927,0.063
891000,0.011,0.919,0.070
891500,0.011,0.957,0.032
892000,0.011,0.955,0.034
892500,0.010,0.958,0.032
893000,0.010,0.959,0.031
893500,0.010,0.961,0.029
894000,0.010,0.960,0.030
894500,0.010,0.965,0.024
895000,0.010,0.982,0.008
895500,0.010,0.983,0.007
896000,0.010,0.981,0.009
896500,0.010,0.981,0.009
897000,0.010,0.973,0.017
897500,0.010,0.969,0.021
898000,0.010,0.963,0.027
898500,0.010,0.951,0.040
899000,0.011,0.955,0.034
899500,0.010,0.953,0.036
900000,0.010,0.964,0.026
900500,0.010,0.952,0.038
901000,0.010,0.941,0.049
901500,0.010,0.949,0.041
902000,0.010,0.958,0.032
902500,0.010,0.960,0.030
903000,0.010,0.965,0.025
903500,0.010,0.972,0.018
904000,0.010,0.964,0.026
904500,0.010,0.957,0.033
905000,0.010,0.965,0.025
905500,0.010,0.972,0.018
906000,0.010,0.969,0.021
906500,0.010,0.962,0.027
907000,0.010,0.968,0.022
907500,0.010,0.969,0.022
908000,0.010,0.977,0.013
908500,0.010,0.959,0.031
909000,0.010,0.961,0.029
909500,0.010,0.959,0.031
910000,0.010,0.959,0.031
910500,0.010,0.961,0.029
911000,0.010,0.959,0.031
911500,0.010,0.957,0.033
912000,0.010,0.951,0.039
912500,0.010,0.952,0.038
913000,0.010,0.944,0.046
913500,0.010,0.956,0.034
914000,0.010,0.960,0.030
914500,0.010,0.976,0.015
915000,0.010,0.981,0.009
915500,0.010,0.974,0.016
916000,0.010,0.961,0.029
916500,0.010,0.917,0.073
917000,0.010,0.930,0.061
917500,0.010,0.957,0.033
918000,0.010,0.972,0.018
918500,0.010,0.945,0.045
919000,0.010,0.944,0.046
919500,0.010,0.957,0.033
920000,0.010,0.961,0.029
920500,0.010,0.975,0.015
921000,0.010,0.981,0.009
921500,0.010,0.981,0.009
922000,0.010,0.957,0.033
922500,0.010,0.934,0.056
923000,0.011,0.935,0.054
923500,0.010,0.946,0.044
924000,0.010,0.948,0.041
924500,0.010,0.947,0.043
925000,0.010,0.964,0.026
925500,0.010,0.966,0.024
926000,0.010,0.956,0.034
926500,0.010,0.979,0.011
927000,0.010,0.934,0.056
927500,0.010,0.957,0.033
928000,0.010,0.925,0.064
928500,0.010,0.946,0.044
929000,0.010,0.933,0.057
929500,0.010,0.966,0.024
930000,0.010,0.967,0.023
930500,0.010,0.974,0.016
931000,0.010,0.974,0.016
931500,0.010,0.971,0.019
932000,0.010,0.978,0.012
932500,0.010,0.972,0.018
933000,0.010,0.984,0.006
933500,0.010,0.975,0.015
934000,0.010,0.969,0.021
934500,0.010,0.976,0.015
935000,0.010,0.955,0.035
935500,0.010,0.956,0.033
936000,0.010,0.968,0.022
936500,0.010,0.977,0.013
937000,0.010,0.968,0.022
937500,0.010,0.983,0.007
938000,0.010,0.935,0.055
938500,0.010,0.953,0.037
939000,0.010,0.963,0.027
939500,0.011,0.978,0.011
940000,0.010,0.984,0.006
940500,0.010,0.985,0.005
941000,0.010,0.967,0.023
941500,0.010,0.978,0.012
942000,0.010,0.984,0.006
942500,0.010,0.976,0.015
943000,0.010,0.981,0.009
943500,0.010,0.978,0.012
944000,0.010,0.983,0.007
944500,0.010,0.978,0.012
945000,0.010,0.980,0.010
945500,0.010,0.986,0.004
946000,0.010,0.983,0.008
946500,0.010,0.988,0.002
947000,0.010,0.989,0.001
947500,0.010,0.987,0.003
948000,0.010,0.952,0.038
948500,0.010,0.951,0.040
949000,0.010,0.958,0.033
949500,0.010,0.966,0.024
950000,0.010,0.978,0.012
950500,0.010,0.983,0.007
951000,0.010,0.983,0.008
951500,0.010,0.974,0.016
952000,0.010,0.983,0.008
952500,0.010,0.966,0.024
953000,0.010,0.949,0.041
953500,0.010,0.967,0.023
954000,0.013,0.930,0.056
954500,0.010,0.966,0.024
955000,0.010,0.968,0.022
955500,0.010,0.959,0.030
956000,0.010,0.973,0.017
956500,0.010,0.973,0.017
957000,0.010,0.969,0.021
957500,0.010,0.960,0.030
958000,0.010,0.973,0.017
958500,0.010,0.951,0.040
959000,0.010,0.959,0.031
959500,0.010,0.960,0.029
960000,0.010,0.960,0.029
960500,0.010,0.957,0.033
961000,0.010,0.948,0.042
961500,0.010,0.965,0.025
962000,0.010,0.979,0.011
962500,0.010,0.977,0.013
963000,0.010,0.970,0.020
963500,0.010,0.971,0.019
964000,0.010,0.976,0.015
964500,0.010,0.982,0.008
965000,0.010,0.985,0.005
965500,0.010,0.961,0.029
966000,0.010,0.955,0.035
966500,0.010,0.949,0.041
967000,0.010,0.971,0.019
967500,0.010,0.967,0.023
968000,0.010,0.964,0.026
968500,0.010,0.977,0.013
969000,0.010,0.963,0.027
969500,0.010,0.956,0.034
970000,0.010,0.950,0.040
970500,0.010,0.969,0.022
971000,0.010,0.981,0.009
971500,0.010,0.952,0.038
972000,0.010,0.970,0.020
972500,0.010,0.970,0.020
973000,0.010,0.975,0.015
973500,0.010,0.982,0.008
974000,0.010,0.983,0.007
974500,0.010,0.958,0.032
975000,0.010,0.967,0.023
975500,0.010,0.941,0.049
976000,0.010,0.955,0.035
976500,0.010,0.976,0.015
977000,0.010,0.980,0.010
977500,0.010,0.969,0.020
978000,0.010,0.974,0.016
978500,0.010,0.951,0.040
979000,0.010,0.943,0.047
979500,0.010,0.943,0.047
980000,0.010,0.952,0.038
980500,0.010,0.915,0.075
981000,0.010,0.958,0.033
981500,0.010,0.940,0.050
982000,0.010,0.958,0.033
982500,0.010,0.944,0.047
983000,0.011,0.879,0.110
983500,0.010,0.923,0.068
984000,0.010,0.937,0.054
984500,0.010,0.931,0.059
985000,0.010,0.923,0.068
985500,0.010,0.952,0.038
986000,0.010,0.939,0.051
986500,0.011,0.940,0.049
987000,0.010,0.958,0.032
987500,0.010,0.970,0.020
988000,0.010,0.974,0.016
988500,0.010,0.969,0.021
989000,0.010,0.967,0.023
989500,0.010,0.976,0.015
990000,0.010,0.974,0.016
990500,0.010,0.977,0.013
991000,0.010,0.980,0.010
991500,0.010,0.975,0.015
992000,0.010,0.978,0.012
992500,0.010,0.973,0.017
993000,0.010,0.982,0.008
993500,0.010,0.960,0.030
994000,0.010,0.974,0.016
994500,0.010,0.956,0.034
995000,0.010,0.965,0.025
995500,0.010,0.968,0.022
996000,0.010,0.953,0.037
996500,0.010,0.976,0.014
997000,0.010,0.958,0.032
997500,0.010,0.974,0.016
998000,0.010,0.963,0.027
998500,0.010,0.976,0.015
999000,0.010,0.976,0.014
999500,0.010,0.953,0.037
1000000,0.010,0.962,0.029
