time,n_A+p,n_B,n_AB
500,0.010,0.974,0.016
1000,0.010,0.872,0.118
1500,0.010,0.971,0.019
2000,0.010,0.968,0.022
2500,0.010,0.990,0.000
3000,0.010,0.925,0.065
3500,0.010,0.988,0.002
4000,0.010,0.986,0.004
4500,0.010,0.971,0.019
5000,0.010,0.940,0.050
5500,0.010,0.967,0.023
6000,0.010,0.989,0.001
6500,0.010,0.952,0.038
7000,0.010,0.944,0.046
7500,0.010,0.986,0.004
8000,0.010,0.947,0.043
8500,0.010,0.969,0.021
9000,0.010,0.920,0.070
9500,0.010,0.912,0.078
10000,0.010,0.962,0.028
10500,0.010,0.933,0.057
11000,0.010,0.941,0.049
11500,0.010,0.959,0.031
12000,0.010,0.948,0.042
12500,0.010,0.900,0.090
13000,0.010,0.938,0.052
13500,0.010,0.982,0.008
14000,0.010,0.977,0.013
14500,0.010,0.978,0.012
15000,0.010,0.942,0.048
15500,0.010,0.975,0.015
16000,0.010,0.942,0.048
16500,0.010,0.985,0.005
17000,0.010,0.984,0.006
17500,0.010,0.939,0.051
18000,0.010,0.965,0.025
18500,0.010,0.966,0.024
19000,0.010,0.905,0.085
19500,0.010,0.972,0.018
20000,0.010,0.985,0.005
20500,0.010,0.990,0.000
21000,0.010,0.958,0.032
21500,0.010,0.947,0.043
22000,0.010,0.978,0.012
22500,0.010,0.950,0.040
23000,0.010,0.925,0.065
23500,0.010,0.960,0.030
24000,0.010,0.958,0.032
24500,0.010,0.990,0.000
25000,0.010,0.970,0.020
25500,0.010,0.918,0.072
26000,0.010,0.980,0.010
26500,0.010,0.990,0.000
27000,0.010,0.983,0.007
27500,0.010,0.944,0.046
28000,0.010,0.961,0.029
28500,0.010,0.975,0.015
29000,0.010,0.932,0.058
29500,0.010,0.985,0.005
30000,0.010,0.883,0.107
30500,0.010,0.929,0.061
31000,0.010,0.969,0.021
31500,0.010,0.956,0.034
32000,0.010,0.920,0.070
32500,0.010,0.911,0.079
33000,0.010,0.982,0.008
33500,0.010,0.932,0.058
34000,0.010,0.939,0.051
34500,0.010,0.911,0.079
35000,0.010,0.839,0.151
35500,0.010,0.981,0.009
36000,0.010,0.952,0.038
36500,0.010,0.961,0.029
37000,0.010,0.950,0.040
37500,0.010,0.958,0.032
38000,0.010,0.935,0.055
38500,0.010,0.910,0.080
39000,0.010,0.965,0.025
39500,0.010,0.972,0.018
40000,0.010,0.976,0.014
40500,0.010,0.874,0.116
41000,0.010,0.944,0.046
41500,0.010,0.980,0.010
42000,0.010,0.975,0.015
42500,0.010,0.934,0.056
43000,0.010,0.936,0.054
43500,0.010,0.989,0.001
44000,0.010,0.965,0.025
44500,0.010,0.990,0.000
45000,0.010,0.982,0.008
45500,0.010,0.966,0.024
46000,0.010,0.889,0.101
46500,0.010,0.969,0.021
47000,0.010,0.967,0.023
47500,0.010,0.979,0.011
48000,0.010,0.990,0.000
48500,0.010,0.952,0.038
49000,0.010,0.979,0.011
49500,0.010,0.889,0.101
50000,0.010,0.847,0.143
50500,0.010,0.966,0.024
51000,0.010,0.985,0.005
51500,0.010,0.989,0.001
52000,0.010,0.990,0.000
52500,0.010,0.947,0.043
53000,0.010,0.977,0.013
53500,0.010,0.864,0.126
54000,0.010,0.911,0.079
54500,0.010,0.911,0.079
55000,0.010,0.940,0.050
55500,0.010,0.981,0.009
56000,0.010,0.979,0.011
56500,0.010,0.986,0.004
57000,0.010,0.976,0.014
57500,0.010,0.942,0.048
58000,0.010,0.902,0.088
58500,0.010,0.977,0.013
59000,0.010,0.980,0.010
59500,0.010,0.964,0.026
60000,0.010,0.965,0.025
60500,0.010,0.978,0.012
61000,0.010,0.864,0.126
61500,0.010,0.952,0.038
62000,0.010,0.990,0.000
62500,0.010,0.934,0.056
63000,0.010,0.989,0.001
63500,0.010,0.978,0.012
64000,0.010,0.971,0.019
64500,0.010,0.916,0.074
65000,0.010,0.962,0.028
65500,0.010,0.989,0.001
66000,0.010,0.945,0.045
66500,0.010,0.990,0.000
67000,0.010,0.980,0.010
67500,0.010,0.957,0.033
68000,0.010,0.944,0.046
68500,0.010,0.990,0.000
69000,0.010,0.945,0.045
69500,0.010,0.985,0.005
70000,0.010,0.779,0.211
70500,0.010,0.827,0.163
71000,0.010,0.990,0.000
71500,0.010,0.970,0.020
72000,0.010,0.902,0.088
72500,0.010,0.927,0.063
73000,0.010,0.966,0.024
73500,0.010,0.959,0.031
74000,0.010,0.986,0.004
74500,0.010,0.968,0.022
75000,0.010,0.988,0.002
75500,0.010,0.932,0.058
76000,0.010,0.955,0.035
76500,0.010,0.882,0.108
77000,0.010,0.975,0.015
77500,0.010,0.983,0.007
78000,0.010,0.952,0.038
78500,0.010,0.969,0.021
79000,0.010,0.972,0.018
79500,0.010,0.981,0.009
80000,0.010,0.815,0.175
80500,0.010,0.938,0.052
81000,0.010,0.870,0.120
81500,0.010,0.984,0.006
82000,0.010,0.987,0.003
82500,0.010,0.973,0.017
83000,0.010,0.896,0.094
83500,0.010,0.956,0.034
84000,0.010,0.989,0.001
84500,0.010,0.985,0.005
85000,0.010,0.933,0.057
85500,0.010,0.950,0.040
86000,0.010,0.979,0.011
86500,0.010,0.905,0.085
87000,0.010,0.986,0.004
87500,0.010,0.990,0.000
88000,0.010,0.893,0.097
88500,0.010,0.963,0.027
89000,0.010,0.917,0.073
89500,0.010,0.972,0.018
90000,0.010,0.975,0.015
90500,0.010,0.975,0.015
91000,0.010,0.987,0.003
91500,0.010,0.902,0.088
92000,0.010,0.975,0.015
92500,0.010,0.954,0.036
93000,0.010,0.934,0.056
93500,0.010,0.929,0.061
94000,0.010,0.905,0.085
94500,0.010,0.948,0.042
95000,0.010,0.915,0.075
95500,0.010,0.937,0.053
96000,0.010,0.990,0.000
96500,0.010,0.970,0.020
97000,0.010,0.989,0.001
97500,0.010,0.954,0.036
98000,0.010,0.972,0.018
98500,0.010,0.926,0.064
99000,0.010,0.862,0.128
99500,0.010,0.940,0.050
100000,0.010,0.894,0.096
100500,0.010,0.947,0.043
101000,0.010,0.986,0.004
101500,0.010,0.902,0.088
102000,0.010,0.893,0.097
102500,0.010,0.921,0.069
103000,0.010,0.984,0.006
103500,0.010,0.979,0.011
104000,0.010,0.945,0.045
104500,0.010,0.933,0.057
105000,0.010,0.940,0.050
105500,0.010,0.871,0.119
106000,0.010,0.984,0.006
106500,0.010,0.956,0.034
107000,0.010,0.939,0.051
107500,0.010,0.948,0.042
108000,0.010,0.973,0.017
108500,0.010,0.971,0.019
109000,0.010,0.953,0.037
109500,0.010,0.974,0.016
110000,0.010,0.973,0.017
110500,0.010,0.910,0.080
111000,0.010,0.947,0.043
111500,0.010,0.972,0.018
112000,0.010,0.985,0.005
112500,0.010,0.971,0.019
113000,0.010,0.971,0.019
113500,0.010,0.949,0.041
114000,0.010,0.982,0.008
114500,0.010,0.984,0.006
115000,0.010,0.983,0.007
115500,0.010,0.935,0.055
116000,0.010,0.983,0.007
116500,0.010,0.981,0.009
117000,0.010,0.862,0.128
117500,0.010,0.946,0.044
118000,0.010,0.957,0.033
118500,0.010,0.989,0.001
119000,0.010,0.959,0.031
119500,0.010,0.884,0.106
120000,0.010,0.943,0.047
120500,0.010,0.962,0.028
121000,0.010,0.989,0.001
121500,0.010,0.990,0.000
122000,0.010,0.989,0.001
122500,0.010,0.986,0.004
123000,0.010,0.984,0.006
123500,0.010,0.963,0.027
124000,0.010,0.967,0.023
124500,0.010,0.849,0.141
125000,0.010,0.977,0.013
125500,0.010,0.947,0.043
126000,0.010,0.971,0.019
126500,0.010,0.987,0.003
127000,0.010,0.968,0.022
127500,0.010,0.989,0.001
128000,0.010,0.942,0.048
128500,0.010,0.980,0.010
129000,0.010,0.910,0.080
129500,0.010,0.985,0.005
130000,0.010,0.985,0.005
130500,0.010,0.845,0.145
131000,0.010,0.947,0.043
131500,0.010,0.973,0.017
132000,0.010,0.966,0.024
132500,0.010,0.892,0.098
133000,0.010,0.965,0.025
133500,0.010,0.882,0.108
134000,0.010,0.990,0.000
134500,0.010,0.987,0.003
135000,0.010,0.967,0.023
135500,0.010,0.949,0.041
136000,0.010,0.877,0.113
136500,0.010,0.977,0.013
137000,0.010,0.910,0.080
137500,0.010,0.966,0.024
138000,0.010,0.947,0.043
138500,0.010,0.913,0.077
139000,0.010,0.967,0.023
139500,0.010,0.937,0.053
140000,0.010,0.929,0.061
140500,0.010,0.968,0.022
141000,0.010,0.990,0.000
141500,0.010,0.986,0.004
142000,0.010,0.966,0.024
142500,0.010,0.980,0.010
143000,0.010,0.971,0.019
143500,0.010,0.990,0.000
144000,0.010,0.918,0.072
144500,0.010,0.977,0.013
145000,0.010,0.962,0.028
145500,0.010,0.987,0.003
146000,0.010,0.987,0.003
146500,0.010,0.980,0.010
147000,0.010,0.967,0.023
147500,0.010,0.957,0.033
148000,0.010,0.990,0.000
148500,0.010,0.990,0.000
149000,0.010,0.839,0.151
149500,0.010,0.961,0.029
150000,0.010,0.830,0.160
150500,0.010,0.897,0.093
151000,0.010,0.975,0.015
151500,0.010,0.988,0.002
152000,0.010,0.892,0.098
152500,0.010,0.947,0.043
153000,0.010,0.984,0.006
153500,0.010,0.971,0.019
154000,0.010,0.965,0.025
154500,0.010,0.961,0.029
155000,0.010,0.936,0.054
155500,0.010,0.931,0.059
156000,0.010,0.988,0.002
156500,0.010,0.986,0.004
157000,0.010,0.959,0.031
157500,0.010,0.949,0.041
158000,0.010,0.989,0.001
158500,0.010,0.976,0.014
159000,0.010,0.873,0.117
159500,0.010,0.961,0.029
160000,0.010,0.904,0.086
160500,0.010,0.990,0.000
161000,0.010,0.974,0.016
161500,0.010,0.945,0.045
162000,0.010,0.936,0.054
162500,0.010,0.956,0.034
163000,0.010,0.990,0.000
163500,0.010,0.965,0.025
164000,0.010,0.966,0.024
164500,0.010,0.959,0.031
165000,0.010,0.937,0.053
165500,0.010,0.981,0.009
166000,0.010,0.942,0.048
166500,0.010,0.971,0.019
167000,0.010,0.980,0.010
167500,0.010,0.976,0.014
168000,0.010,0.981,0.009
168500,0.010,0.967,0.023
169000,0.010,0.954,0.036
169500,0.010,0.884,0.106
170000,0.010,0.936,0.054
170500,0.010,0.972,0.018
171000,0.010,0.742,0.248
171500,0.010,0.959,0.031
172000,0.010,0.977,0.013
172500,0.010,0.905,0.085
173000,0.010,0.960,0.030
173500,0.010,0.944,0.046
174000,0.010,0.970,0.020
174500,0.010,0.963,0.027
175000,0.010,0.986,0.004
175500,0.010,0.932,0.058
176000,0.010,0.874,0.116
176500,0.010,0.974,0.016
177000,0.010,0.925,0.065
177500,0.010,0.950,0.040
178000,0.010,0.965,0.025
178500,0.010,0.786,0.204
179000,0.010,0.976,0.014
179500,0.010,0.954,0.036
180000,0.010,0.882,0.108
180500,0.010,0.990,0.000
181000,0.010,0.975,0.015
181500,0.010,0.913,0.077
182000,0.010,0.981,0.009
182500,0.010,0.900,0.090
183000,0.010,0.970,0.020
183500,0.010,0.983,0.007
184000,0.010,0.925,0.065
184500,0.010,0.961,0.029
185000,0.010,0.974,0.016
185500,0.010,0.841,0.149
186000,0.010,0.988,0.002
186500,0.010,0.842,0.148
187000,0.010,0.962,0.028
187500,0.010,0.865,0.125
188000,0.010,0.889,0.101
188500,0.010,0.989,0.001
189000,0.010,0.966,0.024
189500,0.010,0.917,0.073
190000,0.010,0.937,0.053
190500,0.010,0.984,0.006
191000,0.010,0.808,0.182
191500,0.010,0.947,0.043
192000,0.010,0.952,0.038
192500,0.010,0.946,0.044
193000,0.010,0.988,0.002
193500,0.010,0.944,0.046
194000,0.010,0.960,0.030
194500,0.010,0.944,0.046
195000,0.010,0.926,0.064
195500,0.010,0.968,0.022
196000,0.010,0.967,0.023
196500,0.010,0.965,0.025
197000,0.010,0.907,0.083
197500,0.010,0.990,0.000
198000,0.010,0.984,0.006
198500,0.010,0.970,0.020
199000,0.010,0.977,0.013
199500,0.010,0.926,0.064
200000,0.010,0.940,0.050
200500,0.010,0.986,0.004
201000,0.010,0.954,0.036
201500,0.010,0.937,0.053
202000,0.010,0.964,0.026
202500,0.010,0.946,0.044
203000,0.010,0.982,0.008
203500,0.010,0.980,0.010
204000,0.010,0.965,0.025
204500,0.010,0.963,0.027
205000,0.010,0.961,0.029
205500,0.010,0.988,0.002
206000,0.010,0.972,0.018
206500,0.010,0.976,0.014
207000,0.010,0.929,0.061
207500,0.010,0.928,0.062
208000,0.010,0.947,0.043
208500,0.010,0.962,0.028
209000,0.010,0.975,0.015
209500,0.010,0.960,0.030
210000,0.010,0.978,0.012
210500,0.010,0.963,0.027
211000,0.010,0.958,0.032
211500,0.010,0.974,0.016
212000,0.010,0.988,0.002
212500,0.010,0.945,0.045
213000,0.010,0.951,0.039
213500,0.010,0.984,0.006
214000,0.010,0.926,0.064
214500,0.010,0.893,0.097
215000,0.010,0.990,0.000
215500,0.010,0.914,0.076
216000,0.010,0.913,0.077
216500,0.010,0.882,0.108
217000,0.010,0.917,0.073
217500,0.010,0.871,0.119
218000,0.010,0.905,0.085
218500,0.010,0.953,0.037
219000,0.010,0.924,0.066
219500,0.010,0.985,0.005
220000,0.010,0.990,0.000
220500,0.010,0.897,0.093
221000,0.010,0.937,0.053
221500,0.010,0.942,0.048
222000,0.010,0.977,0.013
222500,0.010,0.979,0.011
223000,0.010,0.953,0.037
223500,0.010,0.913,0.077
224000,0.010,0.907,0.083
224500,0.010,0.907,0.083
225000,0.010,0.951,0.039
225500,0.010,0.882,0.108
226000,0.010,0.947,0.043
226500,0.010,0.982,0.008
227000,0.010,0.989,0.001
227500,0.010,0.972,0.018
228000,0.010,0.967,0.023
228500,0.010,0.967,0.023
229000,0.010,0.979,0.011
229500,0.010,0.979,0.011
230000,0.010,0.984,0.006
230500,0.010,0.963,0.027
231000,0.010,0.933,0.057
231500,0.010,0.986,0.004
232000,0.010,0.951,0.039
232500,0.010,0.935,0.055
233000,0.010,0.893,0.097
233500,0.010,0.945,0.045
234000,0.010,0.868,0.122
234500,0.010,0.965,0.025
235000,0.010,0.946,0.044
235500,0.010,0.941,0.049
236000,0.010,0.950,0.040
236500,0.010,0.975,0.015
237000,0.010,0.957,0.033
237500,0.010,0.938,0.052
238000,0.010,0.977,0.013
238500,0.010,0.914,0.076
239000,0.010,0.951,0.039
239500,0.010,0.939,0.051
240000,0.010,0.989,0.001
240500,0.010,0.971,0.019
241000,0.010,0.955,0.035
241500,0.010,0.978,0.012
242000,0.010,0.948,0.042
242500,0.010,0.914,0.076
243000,0.010,0.985,0.005
243500,0.010,0.949,0.041
244000,0.010,0.969,0.021
244500,0.010,0.895,0.095
245000,0.010,0.957,0.033
245500,0.010,0.988,0.002
246000,0.010,0.941,0.049
246500,0.010,0.888,0.102
247000,0.010,0.940,0.050
247500,0.010,0.973,0.017
248000,0.010,0.954,0.036
248500,0.010,0.988,0.002
249000,0.010,0.915,0.075
249500,0.010,0.970,0.020
250000,0.010,0.978,0.012
250500,0.010,0.954,0.036
251000,0.010,0.953,0.037
251500,0.010,0.967,0.023
252000,0.010,0.990,0.000
252500,0.010,0.976,0.014
253000,0.010,0.931,0.059
253500,0.010,0.907,0.083
254000,0.010,0.989,0.001
254500,0.010,0.956,0.034
255000,0.010,0.960,0.030
255500,0.010,0.988,0.002
256000,0.010,0.942,0.048
256500,0.010,0.988,0.002
257000,0.010,0.963,0.027
257500,0.010,0.883,0.107
258000,0.010,0.944,0.046
258500,0.010,0.988,0.002
259000,0.010,0.960,0.030
259500,0.010,0.912,0.078
260000,0.010,0.979,0.011
260500,0.010,0.962,0.028
261000,0.010,0.933,0.057
261500,0.010,0.966,0.024
262000,0.010,0.942,0.048
262500,0.010,0.990,0.000
263000,0.010,0.990,0.000
263500,0.010,0.920,0.070
264000,0.010,0.986,0.004
264500,0.010,0.978,0.012
265000,0.010,0.990,0.000
265500,0.010,0.990,0.000
266000,0.010,0.983,0.007
266500,0.010,0.978,0.012
267000,0.010,0.948,0.042
267500,0.010,0.987,0.003
268000,0.010,0.945,0.045
268500,0.010,0.953,0.037
269000,0.010,0.987,0.003
269500,0.010,0.938,0.052
270000,0.010,0.985,0.005
270500,0.010,0.939,0.051
271000,0.010,0.985,0.005
271500,0.010,0.965,0.025
272000,0.010,0.990,0.000
272500,0.010,0.977,0.013
273000,0.010,0.927,0.063
273500,0.010,0.988,0.002
274000,0.010,0.980,0.010
274500,0.010,0.951,0.039
275000,0.010,0.959,0.031
275500,0.010,0.990,0.000
276000,0.010,0.940,0.050
276500,0.010,0.946,0.044
277000,0.010,0.945,0.045
277500,0.010,0.915,0.075
278000,0.010,0.968,0.022
278500,0.010,0.955,0.035
279000,0.010,0.949,0.041
279500,0.010,0.990,0.000
280000,0.010,0.929,0.061
280500,0.010,0.985,0.005
281000,0.010,0.975,0.015
281500,0.010,0.929,0.061
282000,0.010,0.989,0.001
282500,0.010,0.962,0.028
283000,0.010,0.956,0.034
283500,0.010,0.894,0.096
284000,0.010,0.974,0.016
284500,0.010,0.988,0.002
285000,0.010,0.975,0.015
285500,0.010,0.957,0.033
286000,0.010,0.941,0.049
286500,0.010,0.958,0.032
287000,0.010,0.914,0.076
287500,0.010,0.955,0.035
288000,0.010,0.990,0.000
288500,0.010,0.978,0.012
289000,0.010,0.902,0.088
289500,0.010,0.986,0.004
290000,0.010,0.990,0.000
290500,0.010,0.985,0.005
291000,0.010,0.903,0.087
291500,0.010,0.912,0.078
292000,0.010,0.990,0.000
292500,0.010,0.976,0.014
293000,0.010,0.907,0.083
293500,0.010,0.947,0.043
294000,0.010,0.967,0.023
294500,0.010,0.968,0.022
295000,0.010,0.975,0.015
295500,0.010,0.966,0.024
296000,0.010,0.967,0.023
296500,0.010,0.957,0.033
297000,0.010,0.949,0.041
297500,0.010,0.913,0.077
298000,0.010,0.966,0.024
298500,0.010,0.899,0.091
299000,0.010,0.969,0.021
299500,0.010,0.956,0.034
300000,0.010,0.962,0.028
300500,0.010,0.974,0.016
301000,0.010,0.948,0.042
301500,0.010,0.948,0.042
302000,0.010,0.983,0.007
302500,0.010,0.983,0.007
303000,0.010,0.961,0.029
303500,0.010,0.981,0.009
304000,0.010,0.790,0.200
304500,0.010,0.907,0.083
305000,0.010,0.959,0.031
305500,0.010,0.909,0.081
306000,0.010,0.983,0.007
306500,0.010,0.985,0.005
307000,0.010,0.863,0.127
307500,0.010,0.939,0.051
308000,0.010,0.944,0.046
308500,0.010,0.973,0.017
309000,0.010,0.966,0.024
309500,0.010,0.972,0.018
310000,0.010,0.928,0.062
310500,0.010,0.981,0.009
311000,0.010,0.981,0.009
311500,0.010,0.989,0.001
312000,0.010,0.981,0.009
312500,0.010,0.963,0.027
313000,0.010,0.946,0.044
313500,0.010,0.988,0.002
314000,0.010,0.933,0.057
314500,0.010,0.979,0.011
315000,0.010,0.990,0.000
315500,0.010,0.980,0.010
316000,0.010,0.871,0.119
316500,0.010,0.949,0.041
317000,0.010,0.990,0.000
317500,0.010,0.972,0.018
318000,0.010,0.926,0.064
318500,0.010,0.990,0.000
319000,0.010,0.989,0.001
319500,0.010,0.975,0.015
320000,0.010,0.951,0.039
320500,0.010,0.912,0.078
321000,0.010,0.952,0.038
321500,0.010,0.962,0.028
322000,0.010,0.927,0.063
322500,0.010,0.950,0.040
323000,0.010,0.931,0.059
323500,0.010,0.947,0.043
324000,0.010,0.969,0.021
324500,0.010,0.949,0.041
325000,0.010,0.899,0.091
325500,0.010,0.990,0.000
326000,0.010,0.959,0.031
326500,0.010,0.954,0.036
327000,0.010,0.988,0.002
327500,0.010,0.987,0.003
328000,0.010,0.983,0.007
328500,0.010,0.833,0.157
329000,0.010,0.964,0.026
329500,0.010,0.973,0.017
330000,0.010,0.978,0.012
330500,0.010,0.990,0.000
331000,0.010,0.917,0.073
331500,0.010,0.983,0.007
332000,0.010,0.926,0.064
332500,0.010,0.985,0.005
333000,0.010,0.970,0.020
333500,0.010,0.972,0.018
334000,0.010,0.983,0.007
334500,0.010,0.918,0.072
335000,0.010,0.941,0.049
335500,0.010,0.952,0.038
336000,0.010,0.918,0.072
336500,0.010,0.969,0.021
337000,0.010,0.957,0.033
337500,0.010,0.947,0.043
338000,0.010,0.881,0.109
338500,0.010,0.970,0.020
339000,0.010,0.976,0.014
339500,0.010,0.913,0.077
340000,0.010,0.985,0.005
340500,0.010,0.968,0.022
341000,0.010,0.898,0.092
341500,0.010,0.921,0.069
342000,0.010,0.965,0.025
342500,0.010,0.976,0.014
343000,0.010,0.970,0.020
343500,0.010,0.929,0.061
344000,0.010,0.835,0.155
344500,0.010,0.928,0.062
345000,0.010,0.981,0.009
345500,0.010,0.865,0.125
346000,0.010,0.919,0.071
346500,0.010,0.989,0.001
347000,0.010,0.988,0.002
347500,0.010,0.945,0.045
348000,0.010,0.949,0.041
348500,0.010,0.984,0.006
349000,0.010,0.924,0.066
349500,0.010,0.924,0.066
350000,0.010,0.898,0.092
350500,0.010,0.920,0.070
351000,0.010,0.972,0.018
351500,0.010,0.978,0.012
352000,0.010,0.982,0.008
352500,0.010,0.951,0.039
353000,0.010,0.952,0.038
353500,0.010,0.988,0.002
354000,0.010,0.990,0.000
354500,0.010,0.954,0.036
355000,0.010,0.990,0.000
355500,0.010,0.907,0.083
356000,0.010,0.940,0.050
356500,0.010,0.980,0.010
357000,0.010,0.912,0.078
357500,0.010,0.981,0.009
358000,0.010,0.918,0.072
358500,0.010,0.972,0.018
359000,0.010,0.988,0.002
359500,0.010,0.913,0.077
360000,0.010,0.951,0.039
360500,0.010,0.963,0.027
361000,0.010,0.990,0.000
361500,0.010,0.947,0.043
362000,0.010,0.988,0.002
362500,0.010,0.963,0.027
363000,0.010,0.972,0.018
363500,0.010,0.932,0.058
364000,0.010,0.936,0.054
364500,0.010,0.965,0.025
365000,0.010,0.964,0.026
365500,0.010,0.913,0.077
366000,0.010,0.920,0.070
366500,0.010,0.990,0.000
367000,0.010,0.917,0.073
367500,0.010,0.933,0.057
368000,0.010,0.990,0.000
368500,0.010,0.967,0.023
369000,0.010,0.985,0.005
369500,0.010,0.960,0.030
370000,0.010,0.970,0.020
370500,0.010,0.968,0.022
371000,0.010,0.970,0.020
371500,0.010,0.956,0.034
372000,0.010,0.980,0.010
372500,0.010,0.946,0.044
373000,0.010,0.954,0.036
373500,0.010,0.944,0.046
374000,0.010,0.961,0.029
374500,0.010,0.901,0.089
375000,0.010,0.944,0.046
375500,0.010,0.975,0.015
376000,0.010,0.984,0.006
376500,0.010,0.989,0.001
377000,0.010,0.957,0.033
377500,0.010,0.985,0.005
378000,0.010,0.987,0.003
378500,0.010,0.927,0.063
379000,0.010,0.942,0.048
379500,0.010,0.965,0.025
380000,0.010,0.955,0.035
380500,0.010,0.984,0.006
381000,0.010,0.989,0.001
381500,0.010,0.941,0.049
382000,0.010,0.983,0.007
382500,0.010,0.911,0.079
383000,0.010,0.985,0.005
383500,0.010,0.955,0.035
384000,0.010,0.965,0.025
384500,0.010,0.852,0.138
385000,0.010,0.965,0.025
385500,0.010,0.923,0.067
386000,0.010,0.978,0.012
386500,0.010,0.974,0.016
387000,0.010,0.952,0.038
387500,0.010,0.977,0.013
388000,0.010,0.873,0.117
388500,0.010,0.952,0.038
389000,0.010,0.927,0.063
389500,0.010,0.920,0.070
390000,0.010,0.961,0.029
390500,0.010,0.887,0.103
391000,0.010,0.990,0.000
391500,0.010,0.988,0.002
392000,0.010,0.891,0.099
392500,0.010,0.944,0.046
393000,0.010,0.981,0.009
393500,0.010,0.881,0.109
394000,0.010,0.933,0.057
394500,0.010,0.964,0.026
395000,0.010,0.942,0.048
395500,0.010,0.976,0.014
396000,0.010,0.913,0.077
396500,0.010,0.981,0.009
397000,0.010,0.988,0.002
397500,0.010,0.962,0.028
398000,0.010,0.973,0.017
398500,0.010,0.989,0.001
399000,0.010,0.924,0.066
399500,0.010,0.967,0.023
400000,0.010,0.888,0.102
400500,0.010,0.985,0.005
401000,0.010,0.990,0.000
401500,0.010,0.973,0.017
402000,0.010,0.938,0.052
402500,0.010,0.956,0.034
403000,0.010,0.989,0.001
403500,0.010,0.989,0.001
404000,0.010,0.974,0.016
404500,0.010,0.957,0.033
405000,0.010,0.901,0.089
405500,0.010,0.962,0.028
406000,0.010,0.987,0.003
406500,0.010,0.973,0.017
407000,0.010,0.951,0.039
407500,0.010,0.877,0.113
408000,0.010,0.980,0.010
408500,0.010,0.990,0.000
409000,0.010,0.969,0.021
409500,0.010,0.880,0.110
410000,0.010,0.945,0.045
410500,0.010,0.987,0.003
411000,0.010,0.955,0.035
411500,0.010,0.901,0.089
412000,0.010,0.866,0.124
412500,0.010,0.901,0.089
413000,0.010,0.963,0.027
413500,0.010,0.987,0.003
414000,0.010,0.980,0.010
414500,0.010,0.966,0.024
415000,0.010,0.990,0.000
415500,0.010,0.926,0.064
416000,0.010,0.988,0.002
416500,0.010,0.967,0.023
417000,0.010,0.948,0.042
417500,0.010,0.977,0.013
418000,0.010,0.955,0.035
418500,0.010,0.957,0.033
419000,0.010,0.917,0.073
419500,0.010,0.886,0.104
420000,0.010,0.973,0.017
420500,0.010,0.956,0.034
421000,0.010,0.940,0.050
421500,0.010,0.983,0.007
422000,0.010,0.948,0.042
422500,0.010,0.975,0.015
423000,0.010,0.954,0.036
423500,0.010,0.946,0.044
424000,0.010,0.959,0.031
424500,0.010,0.990,0.000
425000,0.010,0.971,0.019
425500,0.010,0.960,0.030
426000,0.010,0.886,0.104
426500,0.010,0.987,0.003
427000,0.010,0.967,0.023
427500,0.010,0.956,0.034
428000,0.010,0.990,0.000
428500,0.010,0.949,0.041
429000,0.010,0.988,0.002
429500,0.010,0.979,0.011
430000,0.010,0.945,0.045
430500,0.010,0.943,0.047
431000,0.010,0.989,0.001
431500,0.010,0.929,0.061
432000,0.010,0.963,0.027
432500,0.010,0.984,0.006
433000,0.010,0.986,0.004
433500,0.010,0.982,0.008
434000,0.010,0.934,0.056
434500,0.010,0.957,0.033
435000,0.010,0.969,0.021
435500,0.010,0.916,0.074
436000,0.010,0.979,0.011
436500,0.010,0.952,0.038
437000,0.010,0.989,0.001
437500,0.010,0.974,0.016
438000,0.010,0.980,0.010
438500,0.010,0.872,0.118
439000,0.010,0.988,0.002
439500,0.010,0.974,0.016
440000,0.010,0.923,0.067
440500,0.010,0.905,0.085
441000,0.010,0.967,0.023
441500,0.010,0.984,0.006
442000,0.010,0.979,0.011
442500,0.010,0.951,0.039
443000,0.010,0.990,0.000
443500,0.010,0.960,0.030
444000,0.010,0.981,0.009
444500,0.010,0.871,0.119
445000,0.010,0.978,0.012
445500,0.010,0.898,0.092
446000,0.010,0.930,0.060
446500,0.010,0.969,0.021
447000,0.010,0.945,0.045
447500,0.010,0.939,0.051
448000,0.010,0.953,0.037
448500,0.010,0.964,0.026
449000,0.010,0.986,0.004
449500,0.010,0.957,0.033
450000,0.010,0.968,0.022
450500,0.010,0.951,0.039
451000,0.010,0.975,0.015
451500,0.010,0.958,0.032
452000,0.010,0.956,0.034
452500,0.010,0.948,0.042
453000,0.010,0.930,0.060
453500,0.010,0.950,0.040
454000,0.010,0.941,0.049
454500,0.010,0.958,0.032
455000,0.010,0.986,0.004
455500,0.010,0.907,0.083
456000,0.010,0.980,0.010
456500,0.010,0.958,0.032
457000,0.010,0.982,0.008
457500,0.010,0.990,0.000
458000,0.010,0.912,0.078
458500,0.010,0.938,0.052
459000,0.010,0.946,0.044
459500,0.010,0.981,0.009
460000,0.010,0.919,0.071
460500,0.010,0.974,0.016
461000,0.010,0.988,0.002
461500,0.010,0.959,0.031
462000,0.010,0.975,0.015
462500,0.010,0.979,0.011
463000,0.010,0.983,0.007
463500,0.010,0.949,0.041
464000,0.010,0.963,0.027
464500,0.010,0.888,0.102
465000,0.010,0.987,0.003
465500,0.010,0.975,0.015
466000,0.010,0.989,0.001
466500,0.010,0.926,0.064
467000,0.010,0.955,0.035
467500,0.010,0.969,0.021
468000,0.010,0.965,0.025
468500,0.010,0.955,0.035
469000,0.010,0.990,0.000
469500,0.010,0.937,0.053
470000,0.010,0.876,0.114
470500,0.010,0.988,0.002
471000,0.010,0.972,0.018
471500,0.010,0.990,0.000
472000,0.010,0.980,0.010
472500,0.010,0.938,0.052
473000,0.010,0.979,0.011
473500,0.010,0.956,0.034
474000,0.010,0.962,0.028
474500,0.010,0.984,0.006
475000,0.010,0.979,0.011
475500,0.010,0.987,0.003
476000,0.010,0.989,0.001
476500,0.010,0.964,0.026
477000,0.010,0.987,0.003
477500,0.010,0.937,0.053
478000,0.010,0.990,0.000
478500,0.010,0.956,0.034
479000,0.010,0.891,0.099
479500,0.010,0.988,0.002
480000,0.010,0.918,0.072
480500,0.010,0.933,0.057
481000,0.010,0.981,0.009
481500,0.010,0.989,0.001
482000,0.010,0.990,0.000
482500,0.010,0.933,0.057
483000,0.010,0.972,0.018
483500,0.010,0.914,0.076
484000,0.010,0.983,0.007
484500,0.010,0.972,0.018
485000,0.010,0.967,0.023
485500,0.010,0.960,0.030
486000,0.010,0.964,0.026
486500,0.010,0.954,0.036
487000,0.010,0.870,0.120
487500,0.010,0.956,0.034
488000,0.010,0.930,0.060
488500,0.010,0.936,0.054
489000,0.010,0.978,0.012
489500,0.010,0.987,0.003
490000,0.010,0.960,0.030
490500,0.010,0.975,0.015
491000,0.010,0.970,0.020
491500,0.010,0.979,0.011
492000,0.010,0.971,0.019
492500,0.010,0.973,0.017
493000,0.010,0.938,0.052
493500,0.010,0.892,0.098
494000,0.010,0.914,0.076
494500,0.010,0.928,0.062
495000,0.010,0.974,0.016
495500,0.010,0.975,0.015
496000,0.010,0.944,0.046
496500,0.010,0.984,0.006
497000,0.010,0.926,0.064
497500,0.010,0.982,0.008
498000,0.010,0.987,0.003
498500,0.010,0.989,0.001
499000,0.010,0.973,0.017
499500,0.010,0.957,0.033
500000,0.010,0.927,0.063
500500,0.010,0.987,0.003
501000,0.010,0.980,0.010
501500,0.010,0.983,0.007
502000,0.010,0.969,0.021
502500,0.010,0.988,0.002
503000,0.010,0.910,0.080
503500,0.010,0.912,0.078
504000,0.010,0.989,0.001
504500,0.010,0.945,0.045
505000,0.010,0.942,0.048
505500,0.010,0.990,0.000
506000,0.010,0.960,0.030
506500,0.010,0.979,0.011
507000,0.010,0.978,0.012
507500,0.010,0.987,0.003
508000,0.010,0.916,0.074
508500,0.010,0.990,0.000
509000,0.010,0.964,0.026
509500,0.010,0.813,0.177
510000,0.010,0.914,0.076
510500,0.010,0.936,0.054
511000,0.010,0.911,0.079
511500,0.010,0.977,0.013
512000,0.010,0.861,0.129
512500,0.010,0.915,0.075
513000,0.010,0.960,0.030
513500,0.010,0.892,0.098
514000,0.010,0.983,0.007
514500,0.010,0.943,0.047
515000,0.010,0.981,0.009
515500,0.010,0.974,0.016
516000,0.010,0.978,0.012
516500,0.010,0.978,0.012
517000,0.010,0.990,0.000
517500,0.010,0.985,0.005
518000,0.010,0.975,0.015
518500,0.010,0.976,0.014
519000,0.010,0.972,0.018
519500,0.010,0.870,0.120
520000,0.010,0.988,0.002
520500,0.010,0.870,0.120
521000,0.010,0.987,0.003
521500,0.010,0.990,0.000
522000,0.010,0.989,0.001
522500,0.010,0.957,0.033
523000,0.010,0.943,0.047
523500,0.010,0.793,0.197
524000,0.010,0.980,0.010
524500,0.010,0.973,0.017
525000,0.010,0.967,0.023
525500,0.010,0.943,0.047
526000,0.010,0.989,0.001
526500,0.010,0.964,0.026
527000,0.010,0.964,0.026
527500,0.010,0.954,0.036
528000,0.010,0.957,0.033
528500,0.010,0.951,0.039
529000,0.010,0.875,0.115
529500,0.010,0.968,0.022
530000,0.010,0.947,0.043
530500,0.010,0.958,0.032
531000,0.010,0.907,0.083
531500,0.010,0.941,0.049
532000,0.010,0.979,0.011
532500,0.010,0.977,0.013
533000,0.010,0.897,0.093
533500,0.010,0.988,0.002
534000,0.010,0.940,0.050
534500,0.010,0.983,0.007
535000,0.010,0.969,0.021
535500,0.010,0.920,0.070
536000,0.010,0.956,0.034
536500,0.010,0.901,0.089
537000,0.010,0.973,0.017
537500,0.010,0.850,0.140
538000,0.010,0.990,0.000
538500,0.010,0.966,0.024
539000,0.010,0.956,0.034
539500,0.010,0.962,0.028
540000,0.010,0.937,0.053
540500,0.010,0.989,0.001
541000,0.010,0.986,0.004
541500,0.010,0.990,0.000
542000,0.010,0.968,0.022
542500,0.010,0.984,0.006
543000,0.010,0.990,0.000
543500,0.010,0.981,0.009
544000,0.010,0.918,0.072
544500,0.010,0.937,0.053
545000,0.010,0.960,0.030
545500,0.010,0.948,0.042
546000,0.010,0.946,0.044
546500,0.010,0.925,0.065
547000,0.010,0.987,0.003
547500,0.010,0.962,0.028
548000,0.010,0.990,0.000
548500,0.010,0.950,0.040
549000,0.010,0.920,0.070
549500,0.010,0.932,0.058
550000,0.010,0.891,0.099
550500,0.010,0.957,0.033
551000,0.010,0.950,0.040
551500,0.010,0.955,0.035
552000,0.010,0.974,0.016
552500,0.010,0.916,0.074
553000,0.010,0.987,0.003
553500,0.010,0.952,0.038
554000,0.010,0.978,0.012
554500,0.010,0.915,0.075
555000,0.010,0.982,0.008
555500,0.010,0.981,0.009
556000,0.010,0.925,0.065
556500,0.010,0.830,0.160
557000,0.010,0.915,0.075
557500,0.010,0.967,0.023
558000,0.010,0.982,0.008
558500,0.010,0.938,0.052
559000,0.010,0.971,0.019
559500,0.010,0.986,0.004
560000,0.010,0.990,0.000
560500,0.010,0.977,0.013
561000,0.010,0.795,0.195
561500,0.010,0.916,0.074
562000,0.010,0.847,0.143
562500,0.010,0.971,0.019
563000,0.010,0.929,0.061
563500,0.010,0.970,0.020
564000,0.010,0.963,0.027
564500,0.010,0.978,0.012
565000,0.010,0.914,0.076
565500,0.010,0.982,0.008
566000,0.010,0.844,0.146
566500,0.010,0.936,0.054
567000,0.010,0.951,0.039
567500,0.010,0.978,0.012
568000,0.010,0.983,0.007
568500,0.010,0.946,0.044
569000,0.010,0.972,0.018
569500,0.010,0.990,0.000
570000,0.010,0.982,0.008
570500,0.010,0.958,0.032
571000,0.010,0.965,0.025
571500,0.010,0.968,0.022
572000,0.010,0.964,0.026
572500,0.010,0.990,0.000
573000,0.010,0.972,0.018
573500,0.010,0.925,0.065
574000,0.010,0.964,0.026
574500,0.010,0.975,0.015
575000,0.010,0.940,0.050
575500,0.010,0.911,0.079
576000,0.010,0.975,0.015
576500,0.010,0.917,0.073
577000,0.010,0.919,0.071
577500,0.010,0.948,0.042
578000,0.010,0.973,0.017
578500,0.010,0.874,0.116
579000,0.010,0.977,0.013
579500,0.010,0.977,0.013
580000,0.010,0.948,0.042
580500,0.010,0.932,0.058
581000,0.010,0.869,0.121
581500,0.010,0.904,0.086
582000,0.010,0.913,0.077
582500,0.010,0.918,0.072
583000,0.010,0.955,0.035
583500,0.010,0.930,0.060
584000,0.010,0.964,0.026
584500,0.010,0.990,0.000
585000,0.010,0.972,0.018
585500,0.010,0.987,0.003
586000,0.010,0.963,0.027
586500,0.010,0.990,0.000
587000,0.010,0.957,0.033
587500,0.010,0.990,0.000
588000,0.010,0.967,0.023
588500,0.010,0.989,0.001
589000,0.010,0.983,0.007
589500,0.010,0.981,0.009
590000,0.010,0.959,0.031
590500,0.010,0.922,0.068
591000,0.010,0.984,0.006
591500,0.010,0.934,0.056
592000,0.010,0.956,0.034
592500,0.010,0.989,0.001
593000,0.010,0.907,0.083
593500,0.010,0.957,0.033
594000,0.010,0.963,0.027
594500,0.010,0.883,0.107
595000,0.010,0.923,0.067
595500,0.010,0.904,0.086
596000,0.010,0.990,0.000
596500,0.010,0.990,0.000
597000,0.010,0.982,0.008
597500,0.010,0.907,0.083
598000,0.010,0.985,0.005
598500,0.010,0.898,0.092
599000,0.010,0.957,0.033
599500,0.010,0.951,0.039
600000,0.010,0.926,0.064
600500,0.010,0.969,0.021
601000,0.010,0.978,0.012
601500,0.010,0.890,0.100
602000,0.010,0.973,0.017
602500,0.010,0.864,0.126
603000,0.010,0.852,0.138
603500,0.010,0.985,0.005
604000,0.010,0.989,0.001
604500,0.010,0.976,0.014
605000,0.010,0.971,0.019
605500,0.010,0.948,0.042
606000,0.010,0.876,0.114
606500,0.010,0.946,0.044
607000,0.010,0.988,0.002
607500,0.010,0.966,0.024
608000,0.010,0.953,0.037
608500,0.010,0.944,0.046
609000,0.010,0.950,0.040
609500,0.010,0.875,0.115
610000,0.010,0.899,0.091
610500,0.010,0.949,0.041
611000,0.010,0.990,0.000
611500,0.010,0.942,0.048
612000,0.010,0.939,0.051
612500,0.010,0.935,0.055
613000,0.010,0.975,0.015
613500,0.010,0.966,0.024
614000,0.010,0.928,0.062
614500,0.010,0.952,0.038
615000,0.010,0.980,0.010
615500,0.010,0.984,0.006
616000,0.010,0.990,0.000
616500,0.010,0.956,0.034
617000,0.010,0.987,0.003
617500,0.010,0.938,0.052
618000,0.010,0.962,0.028
618500,0.010,0.945,0.045
619000,0.010,0.986,0.004
619500,0.010,0.981,0.009
620000,0.010,0.957,0.033
620500,0.010,0.977,0.013
621000,0.010,0.978,0.012
621500,0.010,0.982,0.008
622000,0.010,0.984,0.006
622500,0.010,0.954,0.036
623000,0.010,0.959,0.031
623500,0.010,0.969,0.021
624000,0.010,0.989,0.001
624500,0.010,0.971,0.019
625000,0.010,0.990,0.000
625500,0.010,0.986,0.004
626000,0.010,0.835,0.155
626500,0.010,0.954,0.036
627000,0.010,0.933,0.057
627500,0.010,0.969,0.021
628000,0.010,0.894,0.096
628500,0.010,0.990,0.000
629000,0.010,0.941,0.049
629500,0.010,0.898,0.092
630000,0.010,0.965,0.025
630500,0.010,0.925,0.065
631000,0.010,0.928,0.062
631500,0.010,0.953,0.037
632000,0.010,0.972,0.018
632500,0.010,0.891,0.099
633000,0.010,0.951,0.039
633500,0.010,0.984,0.006
634000,0.010,0.979,0.011
634500,0.010,0.967,0.023
635000,0.010,0.955,0.035
635500,0.010,0.990,0.000
636000,0.010,0.970,0.020
636500,0.010,0.963,0.027
637000,0.010,0.940,0.050
637500,0.010,0.949,0.041
638000,0.010,0.956,0.034
638500,0.010,0.956,0.034
639000,0.010,0.936,0.054
639500,0.010,0.954,0.036
640000,0.010,0.938,0.052
640500,0.010,0.982,0.008
641000,0.010,0.926,0.064
641500,0.010,0.982,0.008
642000,0.010,0.931,0.059
642500,0.010,0.986,0.004
643000,0.010,0.962,0.028
643500,0.010,0.924,0.066
644000,0.010,0.929,0.061
644500,0.010,0.978,0.012
645000,0.010,0.973,0.017
645500,0.010,0.966,0.024
646000,0.010,0.942,0.048
646500,0.010,0.975,0.015
647000,0.010,0.965,0.025
647500,0.010,0.951,0.039
648000,0.010,0.908,0.082
648500,0.010,0.978,0.012
649000,0.010,0.943,0.047
649500,0.010,0.985,0.005
650000,0.010,0.975,0.015
650500,0.010,0.915,0.075
651000,0.010,0.906,0.084
651500,0.010,0.949,0.041
652000,0.010,0.934,0.056
652500,0.010,0.988,0.002
653000,0.010,0.984,0.006
653500,0.010,0.934,0.056
654000,0.010,0.966,0.024
654500,0.010,0.953,0.037
655000,0.010,0.955,0.035
655500,0.010,0.980,0.010
656000,0.010,0.971,0.019
656500,0.010,0.876,0.114
657000,0.010,0.979,0.011
657500,0.010,0.967,0.023
658000,0.010,0.932,0.058
658500,0.010,0.984,0.006
659000,0.010,0.969,0.021
659500,0.010,0.990,0.000
660000,0.010,0.969,0.021
660500,0.010,0.939,0.051
661000,0.010,0.887,0.103
661500,0.010,0.962,0.028
662000,0.010,0.960,0.030
662500,0.010,0.965,0.025
663000,0.010,0.963,0.027
663500,0.010,0.961,0.029
664000,0.010,0.983,0.007
664500,0.010,0.983,0.007
665000,0.010,0.956,0.034
665500,0.010,0.967,0.023
666000,0.010,0.887,0.103
666500,0.010,0.960,0.030
667000,0.010,0.971,0.019
667500,0.010,0.977,0.013
668000,0.010,0.881,0.109
668500,0.010,0.956,0.034
669000,0.010,0.884,0.106
669500,0.010,0.915,0.075
670000,0.010,0.980,0.010
670500,0.010,0.953,0.037
671000,0.010,0.968,0.022
671500,0.010,0.910,0.080
672000,0.010,0.974,0.016
672500,0.010,0.965,0.025
673000,0.010,0.989,0.001
673500,0.010,0.931,0.059
674000,0.010,0.935,0.055
674500,0.010,0.943,0.047
675000,0.010,0.972,0.018
675500,0.010,0.956,0.034
676000,0.010,0.968,0.022
676500,0.010,0.990,0.000
677000,0.010,0.958,0.032
677500,0.010,0.990,0.000
678000,0.010,0.948,0.042
678500,0.010,0.955,0.035
679000,0.010,0.976,0.014
679500,0.010,0.989,0.001
680000,0.010,0.986,0.004
680500,0.010,0.900,0.090
681000,0.010,0.989,0.001
681500,0.010,0.984,0.006
682000,0.010,0.964,0.026
682500,0.010,0.911,0.079
683000,0.010,0.990,0.000
683500,0.010,0.987,0.003
684000,0.010,0.848,0.142
684500,0.010,0.989,0.001
685000,0.010,0.967,0.023
685500,0.010,0.954,0.036
686000,0.010,0.963,0.027
686500,0.010,0.982,0.008
687000,0.010,0.872,0.118
687500,0.010,0.840,0.150
688000,0.010,0.980,0.010
688500,0.010,0.989,0.001
689000,0.010,0.989,0.001
689500,0.010,0.967,0.023
690000,0.010,0.972,0.018
690500,0.010,0.942,0.048
691000,0.010,0.965,0.025
691500,0.010,0.933,0.057
692000,0.010,0.988,0.002
692500,0.010,0.981,0.009
693000,0.010,0.977,0.013
693500,0.010,0.969,0.021
694000,0.010,0.981,0.009
694500,0.010,0.949,0.041
695000,0.010,0.941,0.049
695500,0.010,0.935,0.055
696000,0.010,0.981,0.009
696500,0.010,0.962,0.028
697000,0.010,0.926,0.064
697500,0.010,0.982,0.008
698000,0.010,0.943,0.047
698500,0.010,0.990,0.000
699000,0.010,0.969,0.021
699500,0.010,0.917,0.073
700000,0.010,0.982,0.008
700500,0.010,0.744,0.246
701000,0.010,0.962,0.028
701500,0.010,0.958,0.032
702000,0.010,0.937,0.053
702500,0.010,0.966,0.024
703000,0.010,0.928,0.062
703500,0.010,0.985,0.005
704000,0.010,0.959,0.031
704500,0.010,0.984,0.006
705000,0.010,0.989,0.001
705500,0.010,0.924,0.066
706000,0.010,0.944,0.046
706500,0.010,0.977,0.013
707000,0.010,0.976,0.014
707500,0.010,0.981,0.009
708000,0.010,0.990,0.000
708500,0.010,0.955,0.035
709000,0.010,0.990,0.000
709500,0.010,0.978,0.012
710000,0.010,0.961,0.029
710500,0.010,0.990,0.000
711000,0.010,0.884,0.106
711500,0.010,0.957,0.033
712000,0.010,0.929,0.061
712500,0.010,0.950,0.040
713000,0.010,0.945,0.045
713500,0.010,0.976,0.014
714000,0.010,0.975,0.015
714500,0.010,0.967,0.023
715000,0.010,0.990,0.000
715500,0.010,0.987,0.003
716000,0.010,0.990,0.000
716500,0.010,0.876,0.114
717000,0.010,0.967,0.023
717500,0.010,0.959,0.031
718000,0.010,0.988,0.002
718500,0.010,0.961,0.029
719000,0.010,0.934,0.056
719500,0.010,0.949,0.041
720000,0.010,0.952,0.038
720500,0.010,0.988,0.002
721000,0.010,0.912,0.078
721500,0.010,0.972,0.018
722000,0.010,0.976,0.014
722500,0.010,0.989,0.001
723000,0.010,0.960,0.030
723500,0.010,0.937,0.053
724000,0.010,0.989,0.001
724500,0.010,0.937,0.053
725000,0.010,0.829,0.161
725500,0.010,0.955,0.035
726000,0.010,0.989,0.001
726500,0.010,0.990,0.000
727000,0.010,0.986,0.004
727500,0.010,0.984,0.006
728000,0.010,0.978,0.012
728500,0.010,0.960,0.030
729000,0.010,0.968,0.022
729500,0.010,0.959,0.031
730000,0.010,0.934,0.056
730500,0.010,0.960,0.030
731000,0.010,0.887,0.103
731500,0.010,0.969,0.021
732000,0.010,0.964,0.026
732500,0.010,0.939,0.051
733000,0.010,0.957,0.033
733500,0.010,0.975,0.015
734000,0.010,0.921,0.069
734500,0.010,0.945,0.045
735000,0.010,0.980,0.010
735500,0.010,0.970,0.020
736000,0.010,0.951,0.039
736500,0.010,0.936,0.054
737000,0.010,0.989,0.001
737500,0.010,0.962,0.028
738000,0.010,0.948,0.042
738500,0.010,0.983,0.007
739000,0.010,0.961,0.029
739500,0.010,0.986,0.004
740000,0.010,0.980,0.010
740500,0.010,0.976,0.014
741000,0.010,0.956,0.034
741500,0.010,0.941,0.049
742000,0.010,0.969,0.021
742500,0.010,0.986,0.004
743000,0.010,0.981,0.009
743500,0.010,0.980,0.010
744000,0.010,0.972,0.018
744500,0.010,0.957,0.033
745000,0.010,0.967,0.023
745500,0.010,0.958,0.032
746000,0.010,0.989,0.001
746500,0.010,0.929,0.061
747000,0.010,0.928,0.062
747500,0.010,0.906,0.084
748000,0.010,0.989,0.001
748500,0.010,0.977,0.013
749000,0.010,0.960,0.030
749500,0.010,0.954,0.036
750000,0.010,0.981,0.009
750500,0.010,0.956,0.034
751000,0.010,0.953,0.037
751500,0.010,0.966,0.024
752000,0.010,0.990,0.000
752500,0.010,0.927,0.063
753000,0.010,0.988,0.002
753500,0.010,0.914,0.076
754000,0.010,0.981,0.009
754500,0.010,0.977,0.013
755000,0.010,0.962,0.028
755500,0.010,0.909,0.081
756000,0.010,0.990,0.000
756500,0.010,0.908,0.082
757000,0.010,0.975,0.015
757500,0.010,0.950,0.040
758000,0.010,0.933,0.057
758500,0.010,0.954,0.036
759000,0.010,0.955,0.035
759500,0.010,0.965,0.025
760000,0.010,0.947,0.043
760500,0.010,0.967,0.023
761000,0.010,0.964,0.026
761500,0.010,0.978,0.012
762000,0.010,0.904,0.086
762500,0.010,0.975,0.015
763000,0.010,0.945,0.045
763500,0.010,0.982,0.008
764000,0.010,0.969,0.021
764500,0.010,0.967,0.023
765000,0.010,0.876,0.114
765500,0.010,0.882,0.108
766000,0.010,0.963,0.027
766500,0.010,0.986,0.004
767000,0.010,0.983,0.007
767500,0.010,0.928,0.062
768000,0.010,0.971,0.019
768500,0.010,0.965,0.025
769000,0.010,0.990,0.000
769500,0.010,0.971,0.019
770000,0.010,0.949,0.041
770500,0.010,0.961,0.029
771000,0.010,0.968,0.022
771500,0.010,0.989,0.001
772000,0.010,0.915,0.075
772500,0.010,0.933,0.057
773000,0.010,0.982,0.008
773500,0.010,0.960,0.030
774000,0.010,0.973,0.017
774500,0.010,0.974,0.016
775000,0.010,0.987,0.003
775500,0.010,0.984,0.006
776000,0.010,0.956,0.034
776500,0.010,0.920,0.070
777000,0.010,0.979,0.011
777500,0.010,0.968,0.022
778000,0.010,0.990,0.000
778500,0.010,0.924,0.066
779000,0.010,0.887,0.103
779500,0.010,0.986,0.004
780000,0.010,0.899,0.091
780500,0.010,0.977,0.013
781000,0.010,0.936,0.054
781500,0.010,0.971,0.019
782000,0.010,0.950,0.040
782500,0.010,0.965,0.025
783000,0.010,0.957,0.033
783500,0.010,0.941,0.049
784000,0.010,0.967,0.023
784500,0.010,0.955,0.035
785000,0.010,0.974,0.016
785500,0.010,0.939,0.051
786000,0.010,0.989,0.001
786500,0.010,0.944,0.046
787000,0.010,0.964,0.026
787500,0.010,0.919,0.071
788000,0.010,0.955,0.035
788500,0.010,0.974,0.016
789000,0.010,0.945,0.045
789500,0.010,0.977,0.013
790000,0.010,0.914,0.076
790500,0.010,0.990,0.000
791000,0.010,0.987,0.003
791500,0.010,0.968,0.022
792000,0.010,0.964,0.026
792500,0.010,0.930,0.060
793000,0.010,0.965,0.025
793500,0.010,0.954,0.036
794000,0.010,0.989,0.001
794500,0.010,0.916,0.074
795000,0.010,0.990,0.000
795500,0.010,0.966,0.024
796000,0.010,0.946,0.044
796500,0.010,0.920,0.070
797000,0.010,0.938,0.052
797500,0.010,0.947,0.043
798000,0.010,0.931,0.059
798500,0.010,0.937,0.053
799000,0.010,0.976,0.014
799500,0.010,0.861,0.129
800000,0.010,0.951,0.039
800500,0.010,0.986,0.004
801000,0.010,0.869,0.121
801500,0.010,0.968,0.022
802000,0.010,0.988,0.002
802500,0.010,0.950,0.040
803000,0.010,0.978,0.012
803500,0.010,0.923,0.067
804000,0.010,0.984,0.006
804500,0.010,0.920,0.070
805000,0.010,0.905,0.085
805500,0.010,0.930,0.060
806000,0.010,0.939,0.051
806500,0.010,0.947,0.043
807000,0.010,0.906,0.084
807500,0.010,0.929,0.061
808000,0.010,0.954,0.036
808500,0.010,0.973,0.017
809000,0.010,0.982,0.008
809500,0.010,0.949,0.041
810000,0.010,0.965,0.025
810500,0.010,0.962,0.028
811000,0.010,0.892,0.098
811500,0.010,0.930,0.060
812000,0.010,0.988,0.002
812500,0.010,0.990,0.000
813000,0.010,0.990,0.000
813500,0.010,0.986,0.004
814000,0.010,0.930,0.060
814500,0.010,0.909,0.081
815000,0.010,0.973,0.017
815500,0.010,0.929,0.061
816000,0.010,0.963,0.027
816500,0.010,0.982,0.008
817000,0.010,0.971,0.019
817500,0.010,0.929,0.061
818000,0.010,0.857,0.133
818500,0.010,0.965,0.025
819000,0.010,0.985,0.005
819500,0.010,0.981,0.009
820000,0.010,0.941,0.049
820500,0.010,0.975,0.015
821000,0.010,0.963,0.027
821500,0.010,0.954,0.036
822000,0.010,0.979,0.011
822500,0.010,0.943,0.047
823000,0.010,0.945,0.045
823500,0.010,0.988,0.002
824000,0.010,0.918,0.072
824500,0.010,0.990,0.000
825000,0.010,0.990,0.000
825500,0.010,0.981,0.009
826000,0.010,0.971,0.019
826500,0.010,0.984,0.006
827000,0.010,0.989,0.001
827500,0.010,0.937,0.053
828000,0.010,0.888,0.102
828500,0.010,0.967,0.023
829000,0.010,0.965,0.025
829500,0.010,0.960,0.030
830000,0.010,0.942,0.048
830500,0.010,0.984,0.006
831000,0.010,0.958,0.032
831500,0.010,0.990,0.000
832000,0.010,0.904,0.086
832500,0.010,0.880,0.110
833000,0.010,0.944,0.046
833500,0.010,0.975,0.015
834000,0.010,0.946,0.044
834500,0.010,0.968,0.022
835000,0.010,0.919,0.071
835500,0.010,0.910,0.080
836000,0.010,0.989,0.001
836500,0.010,0.959,0.031
837000,0.010,0.988,0.002
837500,0.010,0.938,0.052
838000,0.010,0.978,0.012
838500,0.010,0.952,0.038
839000,0.010,0.967,0.023
839500,0.010,0.931,0.059
840000,0.010,0.982,0.008
840500,0.010,0.984,0.006
841000,0.010,0.975,0.015
841500,0.010,0.949,0.041
842000,0.010,0.928,0.062
842500,0.010,0.836,0.154
843000,0.010,0.985,0.005
843500,0.010,0.954,0.036
844000,0.010,0.972,0.018
844500,0.010,0.988,0.002
845000,0.010,0.866,0.124
845500,0.010,0.929,0.061
846000,0.010,0.927,0.063
846500,0.010,0.938,0.052
847000,0.010,0.908,0.082
847500,0.010,0.965,0.025
848000,0.010,0.966,0.024
848500,0.010,0.967,0.023
849000,0.010,0.843,0.147
849500,0.010,0.985,0.005
850000,0.010,0.895,0.095
850500,0.010,0.987,0.003
851000,0.010,0.954,0.036
851500,0.010,0.956,0.034
852000,0.010,0.926,0.064
852500,0.010,0.947,0.043
853000,0.010,0.975,0.015
853500,0.010,0.951,0.039
854000,0.010,0.888,0.102
854500,0.010,0.957,0.033
855000,0.010,0.990,0.000
855500,0.010,0.953,0.037
856000,0.010,0.935,0.055
856500,0.010,0.969,0.021
857000,0.010,0.976,0.014
857500,0.010,0.927,0.063
858000,0.010,0.957,0.033
858500,0.010,0.984,0.006
859000,0.010,0.977,0.013
859500,0.010,0.973,0.017
860000,0.010,0.985,0.005
860500,0.010,0.990,0.000
861000,0.010,0.958,0.032
861500,0.010,0.985,0.005
862000,0.010,0.939,0.051
862500,0.010,0.958,0.032
863000,0.010,0.916,0.074
863500,0.010,0.984,0.006
864000,0.010,0.964,0.026
864500,0.010,0.981,0.009
865000,0.010,0.956,0.034
865500,0.010,0.970,0.020
866000,0.010,0.962,0.028
866500,0.010,0.953,0.037
867000,0.010,0.960,0.030
867500,0.010,0.840,0.150
868000,0.010,0.972,0.018
868500,0.010,0.989,0.001
869000,0.010,0.943,0.047
869500,0.010,0.972,0.018
870000,0.010,0.958,0.032
870500,0.010,0.924,0.066
871000,0.010,0.930,0.060
871500,0.010,0.988,0.002
872000,0.010,0.973,0.017
872500,0.010,0.974,0.016
873000,0.010,0.964,0.026
873500,0.010,0.989,0.001
874000,0.010,0.902,0.088
874500,0.010,0.965,0.025
875000,0.010,0.965,0.025
875500,0.010,0.938,0.052
876000,0.010,0.908,0.082
876500,0.010,0.944,0.046
877000,0.010,0.910,0.080
877500,0.010,0.983,0.007
878000,0.010,0.933,0.057
878500,0.010,0.971,0.019
879000,0.010,0.929,0.061
879500,0.010,0.931,0.059
880000,0.010,0.990,0.000
880500,0.010,0.990,0.000
881000,0.010,0.863,0.127
881500,0.010,0.955,0.035
882000,0.010,0.943,0.047
882500,0.010,0.985,0.005
883000,0.010,0.960,0.030
883500,0.010,0.979,0.011
884000,0.010,0.971,0.019
884500,0.010,0.988,0.002
885000,0.010,0.957,0.033
885500,0.010,0.986,0.004
886000,0.010,0.957,0.033
886500,0.010,0.970,0.020
887000,0.010,0.990,0.000
887500,0.010,0.963,0.027
888000,0.010,0.964,0.026
888500,0.010,0.956,0.034
889000,0.010,0.967,0.023
889500,0.010,0.861,0.129
890000,0.010,0.955,0.035
890500,0.010,0.978,0.012
891000,0.010,0.890,0.100
891500,0.010,0.984,0.006
892000,0.010,0.887,0.103
892500,0.010,0.989,0.001
893000,0.010,0.976,0.014
893500,0.010,0.966,0.024
894000,0.010,0.881,0.109
894500,0.010,0.942,0.048
895000,0.010,0.987,0.003
895500,0.010,0.920,0.070
896000,0.010,0.885,0.105
896500,0.010,0.964,0.026
897000,0.010,0.893,0.097
897500,0.010,0.964,0.026
898000,0.010,0.969,0.021
898500,0.010,0.911,0.079
899000,0.010,0.840,0.150
899500,0.010,0.924,0.066
900000,0.010,0.971,0.019
900500,0.010,0.963,0.027
901000,0.010,0.972,0.018
901500,0.010,0.959,0.031
902000,0.010,0.960,0.030
902500,0.010,0.913,0.077
903000,0.010,0.951,0.039
903500,0.010,0.972,0.018
904000,0.010,0.968,0.022
904500,0.010,0.945,0.045
905000,0.010,0.989,0.001
905500,0.010,0.952,0.038
906000,0.010,0.949,0.041
906500,0.010,0.979,0.011
907000,0.010,0.977,0.013
907500,0.010,0.981,0.009
908000,0.010,0.983,0.007
908500,0.010,0.968,0.022
909000,0.010,0.908,0.082
909500,0.010,0.981,0.009
910000,0.010,0.972,0.018
910500,0.010,0.988,0.002
911000,0.010,0.985,0.005
911500,0.010,0.943,0.047
912000,0.010,0.988,0.002
912500,0.010,0.946,0.044
913000,0.010,0.965,0.025
913500,0.010,0.955,0.035
914000,0.010,0.945,0.045
914500,0.010,0.955,0.035
915000,0.010,0.760,0.230
915500,0.010,0.986,0.004
916000,0.010,0.922,0.068
916500,0.010,0.990,0.000
917000,0.010,0.965,0.025
917500,0.010,0.980,0.010
918000,0.010,0.990,0.000
918500,0.010,0.950,0.040
919000,0.010,0.929,0.061
919500,0.010,0.968,0.022
920000,0.010,0.989,0.001
920500,0.010,0.933,0.057
921000,0.010,0.978,0.012
921500,0.010,0.939,0.051
922000,0.010,0.957,0.033
922500,0.010,0.990,0.000
923000,0.010,0.967,0.023
923500,0.010,0.984,0.006
924000,0.010,0.989,0.001
924500,0.010,0.917,0.073
925000,0.010,0.969,0.021
925500,0.010,0.968,0.022
926000,0.010,0.944,0.046
926500,0.010,0.967,0.023
927000,0.010,0.929,0.061
927500,0.010,0.981,0.009
928000,0.010,0.990,0.000
928500,0.010,0.974,0.016
929000,0.010,0.904,0.086
929500,0.010,0.974,0.016
930000,0.010,0.968,0.022
930500,0.010,0.989,0.001
931000,0.010,0.964,0.026
931500,0.010,0.920,0.070
932000,0.010,0.958,0.032
932500,0.010,0.965,0.025
933000,0.010,0.950,0.040
933500,0.010,0.971,0.019
934000,0.010,0.949,0.041
934500,0.010,0.921,0.069
935000,0.010,0.935,0.055
935500,0.010,0.959,0.031
936000,0.010,0.933,0.057
936500,0.010,0.990,0.000
937000,0.010,0.973,0.017
937500,0.010,0.909,0.081
938000,0.010,0.941,0.049
938500,0.010,0.964,0.026
939000,0.010,0.984,0.006
939500,0.010,0.989,0.001
940000,0.010,0.983,0.007
940500,0.010,0.953,0.037
941000,0.010,0.943,0.047
941500,0.010,0.948,0.042
942000,0.010,0.972,0.018
942500,0.010,0.949,0.041
943000,0.010,0.987,0.003
943500,0.010,0.967,0.023
944000,0.010,0.976,0.014
944500,0.010,0.963,0.027
945000,0.010,0.915,0.075
945500,0.010,0.942,0.048
946000,0.010,0.989,0.001
946500,0.010,0.989,0.001
947000,0.010,0.922,0.068
947500,0.010,0.952,0.038
948000,0.010,0.913,0.077
948500,0.010,0.924,0.066
949000,0.010,0.933,0.057
949500,0.010,0.970,0.020
950000,0.010,0.966,0.024
950500,0.010,0.990,0.000
951000,0.010,0.939,0.051
951500,0.010,0.956,0.034
952000,0.010,0.829,0.161
952500,0.010,0.977,0.013
953000,0.010,0.986,0.004
953500,0.010,0.985,0.005
954000,0.010,0.983,0.007
954500,0.010,0.938,0.052
955000,0.010,0.950,0.040
955500,0.010,0.984,0.006
956000,0.010,0.946,0.044
956500,0.010,0.872,0.118
957000,0.010,0.890,0.100
957500,0.010,0.969,0.021
958000,0.010,0.966,0.024
958500,0.010,0.989,0.001
959000,0.010,0.960,0.030
959500,0.010,0.981,0.009
960000,0.010,0.981,0.009
960500,0.010,0.932,0.058
961000,0.010,0.963,0.027
961500,0.010,0.938,0.052
962000,0.010,0.986,0.004
962500,0.010,0.930,0.060
963000,0.010,0.955,0.035
963500,0.010,0.920,0.070
964000,0.010,0.930,0.060
964500,0.010,0.987,0.003
965000,0.010,0.956,0.034
965500,0.010,0.990,0.000
966000,0.010,0.978,0.012
966500,0.010,0.971,0.019
967000,0.010,0.911,0.079
967500,0.010,0.935,0.055
968000,0.010,0.986,0.004
968500,0.010,0.930,0.060
969000,0.010,0.943,0.047
969500,0.010,0.945,0.045
970000,0.010,0.908,0.082
970500,0.010,0.990,0.000
971000,0.010,0.945,0.045
971500,0.010,0.923,0.067
972000,0.010,0.983,0.007
972500,0.010,0.922,0.068
973000,0.010,0.940,0.050
973500,0.010,0.898,0.092
974000,0.010,0.990,0.000
974500,0.010,0.985,0.005
975000,0.010,0.940,0.050
975500,0.010,0.968,0.022
976000,0.010,0.967,0.023
976500,0.010,0.895,0.095
977000,0.010,0.954,0.036
977500,0.010,0.951,0.039
978000,0.010,0.891,0.099
978500,0.010,0.988,0.002
979000,0.010,0.968,0.022
979500,0.010,0.974,0.016
980000,0.010,0.990,0.000
980500,0.010,0.909,0.081
981000,0.010,0.984,0.006
981500,0.010,0.990,0.000
982000,0.010,0.964,0.026
982500,0.010,0.886,0.104
983000,0.010,0.904,0.086
983500,0.010,0.967,0.023
984000,0.010,0.978,0.012
984500,0.010,0.915,0.075
985000,0.010,0.979,0.011
985500,0.010,0.963,0.027
986000,0.010,0.985,0.005
986500,0.010,0.944,0.046
987000,0.010,0.949,0.041
987500,0.010,0.990,0.000
988000,0.010,0.912,0.078
988500,0.010,0.988,0.002
989000,0.010,0.886,0.104
989500,0.010,0.907,0.083
990000,0.010,0.938,0.052
990500,0.010,0.985,0.005
991000,0.010,0.935,0.055
991500,0.010,0.979,0.011
992000,0.010,0.984,0.006
992500,0.010,0.893,0.097
993000,0.010,0.964,0.026
993500,0.010,0.956,0.034
994000,0.010,0.977,0.013
994500,0.010,0.962,0.028
995000,0.010,0.904,0.086
995500,0.010,0.951,0.039
996000,0.010,0.953,0.037
996500,0.010,0.980,0.010
997000,0.010,0.990,0.000
997500,0.010,0.946,0.044
998000,0.010,0.975,0.015
998500,0.010,0.972,0.018
999000,0.010,0.915,0.075
999500,0.010,0.884,0.106
1000000,0.010,0.989,0.001
