time,n_A+p,n_B,n_AB
500,0.050,0.905,0.044
1000,0.050,0.893,0.057
1500,0.050,0.842,0.108
2000,0.050,0.811,0.139
2500,0.050,0.804,0.146
3000,0.050,0.815,0.135
3500,0.050,0.816,0.134
4000,0.050,0.779,0.171
4500,0.050,0.794,0.156
5000,0.050,0.765,0.184
5500,0.050,0.751,0.199
6000,0.050,0.709,0.241
6500,0.050,0.731,0.219
7000,0.050,0.753,0.197
7500,0.050,0.767,0.182
8000,0.050,0.779,0.171
8500,0.050,0.780,0.170
9000,0.050,0.796,0.153
9500,0.050,0.771,0.179
10000,0.050,0.799,0.151
10500,0.050,0.768,0.181
11000,0.050,0.767,0.182
11500,0.052,0.726,0.222
12000,0.051,0.760,0.189
12500,0.050,0.792,0.158
13000,0.050,0.759,0.191
13500,0.050,0.756,0.194
14000,0.050,0.779,0.170
14500,0.050,0.723,0.227
15000,0.050,0.749,0.201
15500,0.050,0.749,0.201
16000,0.050,0.765,0.185
16500,0.050,0.770,0.179
17000,0.050,0.755,0.195
17500,0.050,0.783,0.166
18000,0.050,0.794,0.155
18500,0.050,0.795,0.154
19000,0.050,0.802,0.148
19500,0.050,0.750,0.200
20000,0.050,0.750,0.200
20500,0.050,0.712,0.238
21000,0.050,0.727,0.223
21500,0.050,0.716,0.234
22000,0.050,0.741,0.209
22500,0.050,0.740,0.210
23000,0.050,0.744,0.206
23500,0.050,0.766,0.183
24000,0.050,0.763,0.187
24500,0.050,0.743,0.207
25000,0.050,0.762,0.188
25500,0.050,0.762,0.188
26000,0.050,0.752,0.198
26500,0.050,0.737,0.213
27000,0.050,0.701,0.249
27500,0.050,0.730,0.220
28000,0.050,0.739,0.211
28500,0.050,0.765,0.184
29000,0.050,0.789,0.161
29500,0.050,0.784,0.165
30000,0.050,0.767,0.182
30500,0.050,0.764,0.185
31000,0.050,0.793,0.157
31500,0.050,0.802,0.147
32000,0.050,0.777,0.172
32500,0.050,0.781,0.169
33000,0.050,0.784,0.166
33500,0.050,0.787,0.162
34000,0.050,0.755,0.195
34500,0.050,0.748,0.202
35000,0.050,0.740,0.210
35500,0.050,0.740,0.210
36000,0.050,0.812,0.137
36500,0.050,0.800,0.149
37000,0.050,0.797,0.153
37500,0.050,0.817,0.133
38000,0.050,0.816,0.134
38500,0.050,0.786,0.163
39000,0.050,0.754,0.196
39500,0.050,0.749,0.201
40000,0.050,0.735,0.215
40500,0.050,0.697,0.253
41000,0.050,0.694,0.256
41500,0.050,0.688,0.262
42000,0.050,0.707,0.243
42500,0.050,0.734,0.216
43000,0.050,0.740,0.210
43500,0.050,0.743,0.207
44000,0.050,0.773,0.177
44500,0.050,0.782,0.167
45000,0.050,0.793,0.156
45500,0.050,0.811,0.138
46000,0.050,0.816,0.134
46500,0.050,0.807,0.142
47000,0.050,0.802,0.147
47500,0.050,0.762,0.188
48000,0.050,0.721,0.229
48500,0.050,0.735,0.215
49000,0.050,0.729,0.221
49500,0.050,0.745,0.205
50000,0.050,0.757,0.193
50500,0.050,0.797,0.152
51000,0.050,0.785,0.165
51500,0.050,0.742,0.208
52000,0.050,0.769,0.180
52500,0.050,0.751,0.199
53000,0.050,0.745,0.205
53500,0.050,0.741,0.209
54000,0.050,0.766,0.184
54500,0.050,0.765,0.184
55000,0.050,0.776,0.174
55500,0.050,0.793,0.156
56000,0.050,0.848,0.102
56500,0.050,0.819,0.131
57000,0.050,0.775,0.175
57500,0.050,0.782,0.167
58000,0.050,0.790,0.160
58500,0.050,0.756,0.194
59000,0.050,0.738,0.212
59500,0.050,0.753,0.197
60000,0.050,0.724,0.226
60500,0.050,0.770,0.180
61000,0.050,0.795,0.154
61500,0.050,0.789,0.160
62000,0.050,0.782,0.168
62500,0.050,0.765,0.184
63000,0.050,0.782,0.167
63500,0.050,0.774,0.175
64000,0.050,0.780,0.170
64500,0.050,0.800,0.150
65000,0.050,0.806,0.143
65500,0.050,0.803,0.147
66000,0.050,0.820,0.130
66500,0.050,0.797,0.153
67000,0.050,0.794,0.156
67500,0.050,0.819,0.131
68000,0.050,0.802,0.148
68500,0.050,0.794,0.156
69000,0.050,0.791,0.158
69500,0.050,0.795,0.154
70000,0.050,0.783,0.166
70500,0.050,0.779,0.171
71000,0.050,0.820,0.130
71500,0.050,0.828,0.122
72000,0.050,0.828,0.122
72500,0.050,0.798,0.152
73000,0.050,0.787,0.162
73500,0.050,0.809,0.141
74000,0.050,0.770,0.179
74500,0.050,0.771,0.178
75000,0.050,0.755,0.195
75500,0.050,0.777,0.173
76000,0.050,0.757,0.193
76500,0.050,0.752,0.198
77000,0.050,0.764,0.185
77500,0.050,0.766,0.183
78000,0.050,0.762,0.188
78500,0.050,0.749,0.201
79000,0.050,0.745,0.205
79500,0.050,0.742,0.208
80000,0.050,0.747,0.203
80500,0.050,0.752,0.198
81000,0.051,0.746,0.204
81500,0.050,0.767,0.183
82000,0.050,0.783,0.167
82500,0.050,0.795,0.154
83000,0.050,0.792,0.158
83500,0.050,0.750,0.200
84000,0.050,0.743,0.207
84500,0.050,0.721,0.229
85000,0.050,0.788,0.162
85500,0.050,0.791,0.158
86000,0.050,0.778,0.171
86500,0.050,0.780,0.169
87000,0.050,0.815,0.135
87500,0.050,0.778,0.172
88000,0.050,0.772,0.177
88500,0.050,0.787,0.162
89000,0.050,0.763,0.187
89500,0.050,0.767,0.183
90000,0.050,0.754,0.196
90500,0.050,0.760,0.190
91000,0.050,0.765,0.185
91500,0.050,0.739,0.211
92000,0.050,0.774,0.176
92500,0.050,0.777,0.173
93000,0.050,0.777,0.172
93500,0.050,0.791,0.159
94000,0.050,0.803,0.146
94500,0.050,0.767,0.183
95000,0.050,0.803,0.146
95500,0.050,0.806,0.144
96000,0.050,0.782,0.167
96500,0.050,0.771,0.178
97000,0.050,0.736,0.214
97500,0.050,0.733,0.217
98000,0.050,0.765,0.185
98500,0.050,0.780,0.170
99000,0.050,0.737,0.213
99500,0.050,0.762,0.188
100000,0.050,0.740,0.210
100500,0.050,0.748,0.202
101000,0.050,0.754,0.196
101500,0.050,0.773,0.177
102000,0.050,0.758,0.192
102500,0.050,0.746,0.204
103000,0.050,0.760,0.190
103500,0.050,0.759,0.191
104000,0.050,0.724,0.226
104500,0.050,0.756,0.194
105000,0.050,0.728,0.222
105500,0.050,0.751,0.199
106000,0.051,0.726,0.224
106500,0.050,0.773,0.177
107000,0.050,0.742,0.208
107500,0.050,0.717,0.233
108000,0.050,0.743,0.207
108500,0.050,0.727,0.223
109000,0.050,0.732,0.218
109500,0.050,0.720,0.230
110000,0.050,0.740,0.210
110500,0.050,0.745,0.205
111000,0.050,0.768,0.181
111500,0.050,0.772,0.177
112000,0.050,0.775,0.175
112500,0.050,0.799,0.150
113000,0.050,0.799,0.151
113500,0.050,0.785,0.165
114000,0.050,0.753,0.197
114500,0.050,0.765,0.184
115000,0.050,0.802,0.147
115500,0.050,0.747,0.203
116000,0.050,0.770,0.179
116500,0.050,0.754,0.196
117000,0.050,0.751,0.199
117500,0.050,0.738,0.212
118000,0.050,0.787,0.163
118500,0.050,0.788,0.161
119000,0.050,0.772,0.177
119500,0.050,0.758,0.192
120000,0.050,0.757,0.193
120500,0.050,0.758,0.192
121000,0.050,0.809,0.140
121500,0.050,0.797,0.152
122000,0.050,0.783,0.166
122500,0.050,0.807,0.142
123000,0.050,0.784,0.165
123500,0.050,0.779,0.170
124000,0.050,0.771,0.179
124500,0.050,0.774,0.176
125000,0.050,0.743,0.207
125500,0.050,0.780,0.170
126000,0.050,0.764,0.185
126500,0.050,0.795,0.155
127000,0.050,0.732,0.218
127500,0.050,0.749,0.201
128000,0.050,0.760,0.190
128500,0.050,0.783,0.167
129000,0.050,0.765,0.184
129500,0.050,0.768,0.182
130000,0.050,0.758,0.192
130500,0.050,0.794,0.156
131000,0.050,0.765,0.184
131500,0.050,0.744,0.206
132000,0.050,0.743,0.207
132500,0.050,0.757,0.193
133000,0.050,0.783,0.166
133500,0.050,0.798,0.152
134000,0.050,0.780,0.169
134500,0.050,0.771,0.178
135000,0.050,0.783,0.167
135500,0.050,0.773,0.176
136000,0.050,0.757,0.193
136500,0.050,0.763,0.186
137000,0.050,0.738,0.212
137500,0.051,0.741,0.209
138000,0.050,0.737,0.213
138500,0.050,0.734,0.216
139000,0.050,0.766,0.183
139500,0.050,0.734,0.216
140000,0.050,0.752,0.198
140500,0.050,0.715,0.235
141000,0.050,0.725,0.225
141500,0.050,0.701,0.249
142000,0.050,0.745,0.205
142500,0.050,0.779,0.171
143000,0.050,0.783,0.167
143500,0.050,0.766,0.183
144000,0.050,0.797,0.153
144500,0.050,0.788,0.162
145000,0.050,0.798,0.152
145500,0.050,0.795,0.155
146000,0.050,0.725,0.225
146500,0.050,0.724,0.226
147000,0.050,0.761,0.189
147500,0.050,0.748,0.202
148000,0.050,0.758,0.192
148500,0.050,0.765,0.184
149000,0.050,0.771,0.178
149500,0.050,0.775,0.174
150000,0.050,0.774,0.176
150500,0.050,0.783,0.167
151000,0.050,0.778,0.171
151500,0.050,0.796,0.153
152000,0.050,0.770,0.180
152500,0.050,0.747,0.203
153000,0.050,0.746,0.204
153500,0.050,0.720,0.230
154000,0.050,0.769,0.181
154500,0.050,0.759,0.191
155000,0.050,0.768,0.182
155500,0.050,0.748,0.202
156000,0.050,0.736,0.214
156500,0.050,0.746,0.204
157000,0.050,0.729,0.221
157500,0.050,0.739,0.211
158000,0.050,0.759,0.191
158500,0.050,0.777,0.173
159000,0.050,0.770,0.179
159500,0.050,0.800,0.149
160000,0.050,0.794,0.155
160500,0.050,0.749,0.201
161000,0.050,0.764,0.185
161500,0.050,0.748,0.202
162000,0.050,0.762,0.188
162500,0.050,0.792,0.158
163000,0.050,0.759,0.191
163500,0.050,0.729,0.221
164000,0.050,0.711,0.239
164500,0.050,0.718,0.232
165000,0.050,0.730,0.220
165500,0.050,0.759,0.191
166000,0.050,0.782,0.167
166500,0.050,0.786,0.164
167000,0.050,0.811,0.139
167500,0.050,0.815,0.135
168000,0.050,0.799,0.151
168500,0.050,0.820,0.130
169000,0.050,0.847,0.103
169500,0.050,0.808,0.141
170000,0.050,0.792,0.157
170500,0.050,0.752,0.198
171000,0.050,0.734,0.216
171500,0.050,0.785,0.165
172000,0.050,0.802,0.148
172500,0.050,0.779,0.171
173000,0.050,0.772,0.178
173500,0.050,0.761,0.189
174000,0.050,0.763,0.186
174500,0.050,0.759,0.191
175000,0.050,0.750,0.200
175500,0.050,0.768,0.181
176000,0.050,0.775,0.175
176500,0.050,0.779,0.170
177000,0.050,0.767,0.182
177500,0.050,0.765,0.184
178000,0.050,0.774,0.175
178500,0.050,0.785,0.165
179000,0.050,0.782,0.168
179500,0.050,0.759,0.191
180000,0.050,0.762,0.188
180500,0.050,0.772,0.177
181000,0.050,0.780,0.170
181500,0.050,0.772,0.178
182000,0.050,0.781,0.168
182500,0.050,0.733,0.217
183000,0.050,0.727,0.223
183500,0.050,0.750,0.200
184000,0.050,0.765,0.184
184500,0.050,0.734,0.216
185000,0.050,0.787,0.163
185500,0.050,0.759,0.191
186000,0.050,0.796,0.154
186500,0.050,0.838,0.112
187000,0.050,0.792,0.158
187500,0.050,0.773,0.177
188000,0.050,0.796,0.153
188500,0.050,0.749,0.201
189000,0.050,0.771,0.178
189500,0.050,0.768,0.182
190000,0.050,0.776,0.173
190500,0.050,0.777,0.172
191000,0.050,0.788,0.162
191500,0.050,0.783,0.167
192000,0.050,0.775,0.175
192500,0.050,0.778,0.172
193000,0.050,0.776,0.174
193500,0.050,0.777,0.173
194000,0.050,0.762,0.188
194500,0.050,0.776,0.173
195000,0.050,0.802,0.148
195500,0.050,0.788,0.161
196000,0.050,0.786,0.163
196500,0.050,0.764,0.185
197000,0.050,0.804,0.146
197500,0.050,0.775,0.174
198000,0.050,0.777,0.173
198500,0.050,0.755,0.195
199000,0.050,0.767,0.182
199500,0.050,0.715,0.235
200000,0.050,0.708,0.242
200500,0.050,0.736,0.214
201000,0.050,0.767,0.182
201500,0.050,0.774,0.175
202000,0.050,0.774,0.175
202500,0.050,0.771,0.178
203000,0.050,0.775,0.174
203500,0.050,0.778,0.171
204000,0.050,0.779,0.171
204500,0.050,0.762,0.188
205000,0.050,0.764,0.186
205500,0.050,0.785,0.165
206000,0.050,0.791,0.159
206500,0.050,0.773,0.177
207000,0.050,0.773,0.177
207500,0.050,0.761,0.189
208000,0.050,0.753,0.197
208500,0.050,0.744,0.206
209000,0.050,0.760,0.190
209500,0.050,0.743,0.207
210000,0.050,0.746,0.204
210500,0.050,0.740,0.210
211000,0.050,0.768,0.181
211500,0.050,0.751,0.199
212000,0.050,0.750,0.200
212500,0.050,0.767,0.183
213000,0.050,0.757,0.193
213500,0.050,0.718,0.232
214000,0.050,0.739,0.211
214500,0.050,0.739,0.211
215000,0.050,0.790,0.160
215500,0.050,0.772,0.178
216000,0.050,0.771,0.179
216500,0.050,0.776,0.174
217000,0.050,0.782,0.168
217500,0.050,0.785,0.164
218000,0.050,0.765,0.184
218500,0.050,0.782,0.167
219000,0.050,0.803,0.147
219500,0.050,0.815,0.135
220000,0.050,0.771,0.178
220500,0.050,0.757,0.193
221000,0.050,0.753,0.197
221500,0.050,0.783,0.167
222000,0.050,0.779,0.171
222500,0.052,0.754,0.194
223000,0.051,0.758,0.192
223500,0.051,0.752,0.197
224000,0.050,0.766,0.183
224500,0.050,0.776,0.173
225000,0.050,0.815,0.135
225500,0.050,0.787,0.163
226000,0.050,0.744,0.206
226500,0.050,0.759,0.191
227000,0.050,0.800,0.150
227500,0.050,0.782,0.168
228000,0.050,0.796,0.153
228500,0.050,0.778,0.171
229000,0.050,0.799,0.151
229500,0.050,0.774,0.175
230000,0.050,0.742,0.208
230500,0.050,0.744,0.206
231000,0.050,0.755,0.195
231500,0.050,0.750,0.200
232000,0.050,0.762,0.188
232500,0.050,0.774,0.176
233000,0.051,0.765,0.184
233500,0.050,0.758,0.192
234000,0.050,0.752,0.198
234500,0.050,0.750,0.200
235000,0.050,0.715,0.235
235500,0.050,0.764,0.186
236000,0.050,0.780,0.169
236500,0.051,0.735,0.214
237000,0.050,0.766,0.184
237500,0.050,0.799,0.151
238000,0.050,0.777,0.173
238500,0.050,0.788,0.162
239000,0.050,0.761,0.189
239500,0.050,0.776,0.173
240000,0.052,0.778,0.169
240500,0.051,0.778,0.171
241000,0.050,0.779,0.171
241500,0.050,0.766,0.184
242000,0.050,0.782,0.167
242500,0.050,0.790,0.160
243000,0.050,0.767,0.182
243500,0.050,0.775,0.174
244000,0.050,0.753,0.197
244500,0.050,0.739,0.211
245000,0.050,0.750,0.200
245500,0.050,0.750,0.200
246000,0.051,0.762,0.186
246500,0.050,0.729,0.221
247000,0.050,0.769,0.180
247500,0.050,0.770,0.179
248000,0.050,0.798,0.151
248500,0.050,0.758,0.192
249000,0.050,0.764,0.186
249500,0.050,0.753,0.197
250000,0.050,0.761,0.189
250500,0.050,0.746,0.204
251000,0.050,0.747,0.203
251500,0.050,0.768,0.182
252000,0.050,0.754,0.196
252500,0.050,0.728,0.222
253000,0.050,0.756,0.194
253500,0.050,0.750,0.200
254000,0.050,0.767,0.182
254500,0.050,0.750,0.200
255000,0.050,0.774,0.176
255500,0.050,0.784,0.166
256000,0.050,0.810,0.139
256500,0.050,0.787,0.162
257000,0.050,0.773,0.176
257500,0.050,0.801,0.149
258000,0.050,0.792,0.157
258500,0.050,0.794,0.155
259000,0.050,0.804,0.145
259500,0.050,0.797,0.152
260000,0.050,0.775,0.175
260500,0.050,0.788,0.162
261000,0.050,0.768,0.182
261500,0.050,0.758,0.192
262000,0.050,0.753,0.197
262500,0.050,0.770,0.179
263000,0.050,0.726,0.224
263500,0.050,0.725,0.225
264000,0.050,0.717,0.233
264500,0.050,0.733,0.217
265000,0.050,0.737,0.213
265500,0.050,0.734,0.216
266000,0.050,0.730,0.220
266500,0.050,0.714,0.236
267000,0.050,0.700,0.250
267500,0.050,0.705,0.245
268000,0.050,0.722,0.228
268500,0.050,0.748,0.202
269000,0.050,0.768,0.182
269500,0.051,0.775,0.174
270000,0.051,0.780,0.169
270500,0.050,0.762,0.188
271000,0.050,0.768,0.182
271500,0.050,0.782,0.168
272000,0.050,0.779,0.170
272500,0.050,0.785,0.164
273000,0.050,0.761,0.189
273500,0.050,0.784,0.166
274000,0.050,0.787,0.163
274500,0.050,0.785,0.165
275000,0.050,0.737,0.213
275500,0.053,0.755,0.192
276000,0.051,0.737,0.212
276500,0.050,0.731,0.219
277000,0.050,0.771,0.178
277500,0.050,0.778,0.171
278000,0.050,0.758,0.192
278500,0.050,0.775,0.175
279000,0.050,0.749,0.201
279500,0.050,0.765,0.184
280000,0.050,0.774,0.175
280500,0.050,0.749,0.201
281000,0.050,0.749,0.201
281500,0.050,0.780,0.169
282000,0.050,0.774,0.175
282500,0.050,0.756,0.194
283000,0.050,0.772,0.177
283500,0.050,0.761,0.189
284000,0.050,0.766,0.183
284500,0.050,0.765,0.185
285000,0.050,0.788,0.161
285500,0.050,0.810,0.139
286000,0.050,0.844,0.106
286500,0.050,0.794,0.155
287000,0.050,0.792,0.158
287500,0.050,0.792,0.157
288000,0.050,0.783,0.166
288500,0.050,0.764,0.186
289000,0.050,0.737,0.213
289500,0.050,0.761,0.189
290000,0.050,0.770,0.180
290500,0.050,0.810,0.140
291000,0.050,0.813,0.137
291500,0.050,0.783,0.167
292000,0.052,0.768,0.179
292500,0.051,0.769,0.180
293000,0.050,0.779,0.171
293500,0.050,0.742,0.208
294000,0.050,0.733,0.217
294500,0.050,0.740,0.210
295000,0.050,0.769,0.180
295500,0.050,0.749,0.201
296000,0.050,0.746,0.204
296500,0.050,0.771,0.178
297000,0.050,0.765,0.185
297500,0.050,0.749,0.201
298000,0.050,0.753,0.197
298500,0.050,0.765,0.185
299000,0.050,0.759,0.191
299500,0.050,0.769,0.181
300000,0.050,0.764,0.185
300500,0.050,0.753,0.197
301000,0.050,0.791,0.158
301500,0.050,0.791,0.159
302000,0.050,0.737,0.213
302500,0.050,0.736,0.214
303000,0.050,0.738,0.212
303500,0.050,0.759,0.191
304000,0.050,0.769,0.180
304500,0.050,0.786,0.164
305000,0.050,0.758,0.192
305500,0.050,0.736,0.214
306000,0.050,0.730,0.220
306500,0.050,0.729,0.221
307000,0.050,0.752,0.198
307500,0.050,0.742,0.208
308000,0.050,0.734,0.216
308500,0.050,0.747,0.203
309000,0.050,0.756,0.194
309500,0.050,0.766,0.183
310000,0.050,0.768,0.182
310500,0.050,0.747,0.203
311000,0.050,0.721,0.229
311500,0.051,0.727,0.222
312000,0.051,0.731,0.219
312500,0.051,0.716,0.234
313000,0.050,0.740,0.210
313500,0.050,0.745,0.205
314000,0.050,0.722,0.228
314500,0.050,0.754,0.196
315000,0.050,0.778,0.172
315500,0.050,0.774,0.175
316000,0.050,0.816,0.134
316500,0.050,0.795,0.154
317000,0.050,0.815,0.135
317500,0.050,0.789,0.161
318000,0.050,0.770,0.179
318500,0.050,0.779,0.171
319000,0.050,0.777,0.172
319500,0.050,0.774,0.176
320000,0.050,0.799,0.151
320500,0.050,0.781,0.168
321000,0.050,0.783,0.166
321500,0.050,0.796,0.153
322000,0.050,0.774,0.175
322500,0.050,0.805,0.144
323000,0.050,0.821,0.129
323500,0.050,0.812,0.137
324000,0.050,0.799,0.150
324500,0.050,0.776,0.174
325000,0.050,0.781,0.168
325500,0.050,0.786,0.164
326000,0.050,0.741,0.209
326500,0.050,0.765,0.184
327000,0.052,0.733,0.215
327500,0.051,0.757,0.192
328000,0.050,0.768,0.181
328500,0.050,0.777,0.173
329000,0.050,0.758,0.192
329500,0.050,0.770,0.180
330000,0.050,0.785,0.165
330500,0.050,0.761,0.189
331000,0.050,0.762,0.188
331500,0.050,0.761,0.189
332000,0.050,0.777,0.172
332500,0.050,0.777,0.173
333000,0.050,0.776,0.173
333500,0.050,0.778,0.171
334000,0.050,0.793,0.157
334500,0.050,0.783,0.167
335000,0.050,0.790,0.160
335500,0.050,0.781,0.168
336000,0.050,0.761,0.189
336500,0.050,0.797,0.153
337000,0.050,0.797,0.152
337500,0.050,0.771,0.178
338000,0.050,0.711,0.239
338500,0.050,0.721,0.229
339000,0.050,0.754,0.196
339500,0.050,0.770,0.180
340000,0.050,0.747,0.203
340500,0.050,0.757,0.193
341000,0.050,0.764,0.186
341500,0.050,0.783,0.166
342000,0.050,0.780,0.169
342500,0.050,0.790,0.159
343000,0.050,0.783,0.166
343500,0.050,0.749,0.201
344000,0.050,0.758,0.192
344500,0.050,0.709,0.241
345000,0.050,0.746,0.204
345500,0.050,0.763,0.186
346000,0.050,0.756,0.194
346500,0.050,0.750,0.200
347000,0.050,0.755,0.195
347500,0.050,0.733,0.217
348000,0.050,0.761,0.189
348500,0.050,0.771,0.179
349000,0.050,0.750,0.200
349500,0.050,0.768,0.182
350000,0.050,0.760,0.190
350500,0.050,0.772,0.177
351000,0.050,0.791,0.158
351500,0.050,0.796,0.153
352000,0.050,0.785,0.164
352500,0.050,0.768,0.182
353000,0.050,0.785,0.164
353500,0.050,0.786,0.164
354000,0.050,0.790,0.159
354500,0.050,0.776,0.174
355000,0.050,0.767,0.182
355500,0.050,0.743,0.207
356000,0.050,0.785,0.165
356500,0.050,0.778,0.172
357000,0.050,0.736,0.214
357500,0.050,0.714,0.236
358000,0.050,0.742,0.208
358500,0.050,0.756,0.194
359000,0.050,0.744,0.206
359500,0.050,0.778,0.171
360000,0.050,0.762,0.188
360500,0.050,0.778,0.171
361000,0.050,0.762,0.188
361500,0.050,0.771,0.179
362000,0.050,0.740,0.210
362500,0.050,0.759,0.191
363000,0.050,0.721,0.229
363500,0.050,0.778,0.172
364000,0.050,0.766,0.183
364500,0.050,0.762,0.188
365000,0.050,0.768,0.181
365500,0.050,0.759,0.191
366000,0.050,0.767,0.182
366500,0.050,0.790,0.159
367000,0.050,0.778,0.171
367500,0.050,0.784,0.166
368000,0.050,0.771,0.178
368500,0.050,0.737,0.213
369000,0.050,0.764,0.186
369500,0.050,0.764,0.186
370000,0.050,0.802,0.148
370500,0.050,0.818,0.132
371000,0.050,0.814,0.136
371500,0.050,0.810,0.139
372000,0.050,0.795,0.154
372500,0.050,0.795,0.154
373000,0.050,0.797,0.152
373500,0.050,0.796,0.153
374000,0.050,0.794,0.155
374500,0.050,0.771,0.178
375000,0.050,0.791,0.158
375500,0.050,0.790,0.159
376000,0.050,0.798,0.151
376500,0.050,0.785,0.165
377000,0.050,0.786,0.164
377500,0.050,0.773,0.177
378000,0.050,0.777,0.173
378500,0.050,0.780,0.170
379000,0.050,0.772,0.178
379500,0.050,0.785,0.164
380000,0.050,0.744,0.206
380500,0.050,0.774,0.176
381000,0.050,0.753,0.197
381500,0.050,0.741,0.209
382000,0.050,0.772,0.177
382500,0.050,0.778,0.171
383000,0.050,0.797,0.152
383500,0.050,0.819,0.131
384000,0.050,0.807,0.142
384500,0.050,0.778,0.171
385000,0.050,0.756,0.194
385500,0.050,0.756,0.194
386000,0.050,0.786,0.164
386500,0.050,0.789,0.160
387000,0.050,0.782,0.168
387500,0.050,0.764,0.185
388000,0.050,0.756,0.194
388500,0.050,0.735,0.215
389000,0.050,0.750,0.200
389500,0.050,0.702,0.248
390000,0.050,0.701,0.249
390500,0.050,0.743,0.207
391000,0.050,0.724,0.226
391500,0.050,0.738,0.212
392000,0.050,0.729,0.221
392500,0.050,0.769,0.180
393000,0.050,0.788,0.161
393500,0.050,0.756,0.194
394000,0.050,0.754,0.196
394500,0.050,0.739,0.211
395000,0.050,0.748,0.202
395500,0.050,0.778,0.171
396000,0.050,0.791,0.158
396500,0.050,0.771,0.179
397000,0.050,0.783,0.166
397500,0.050,0.776,0.174
398000,0.050,0.750,0.200
398500,0.050,0.778,0.172
399000,0.050,0.767,0.182
399500,0.050,0.776,0.174
400000,0.050,0.783,0.167
400500,0.050,0.795,0.154
401000,0.050,0.780,0.170
401500,0.050,0.781,0.168
402000,0.050,0.746,0.204
402500,0.050,0.749,0.201
403000,0.050,0.778,0.172
403500,0.050,0.764,0.185
404000,0.050,0.751,0.199
404500,0.050,0.762,0.188
405000,0.050,0.767,0.182
405500,0.050,0.750,0.200
406000,0.050,0.791,0.158
406500,0.050,0.752,0.198
407000,0.050,0.729,0.221
407500,0.050,0.774,0.176
408000,0.050,0.776,0.174
408500,0.050,0.777,0.172
409000,0.050,0.740,0.210
409500,0.050,0.786,0.164
410000,0.050,0.757,0.193
410500,0.050,0.767,0.183
411000,0.050,0.764,0.186
411500,0.050,0.720,0.230
412000,0.050,0.740,0.210
412500,0.050,0.738,0.212
413000,0.050,0.768,0.181
413500,0.050,0.765,0.185
414000,0.050,0.758,0.192
414500,0.050,0.757,0.193
415000,0.050,0.766,0.183
415500,0.050,0.749,0.201
416000,0.050,0.765,0.185
416500,0.050,0.770,0.180
417000,0.050,0.783,0.166
417500,0.050,0.769,0.181
418000,0.050,0.794,0.155
418500,0.050,0.742,0.208
419000,0.050,0.715,0.235
419500,0.050,0.721,0.229
420000,0.050,0.733,0.217
420500,0.050,0.758,0.192
421000,0.050,0.750,0.200
421500,0.050,0.744,0.206
422000,0.050,0.724,0.226
422500,0.050,0.741,0.209
423000,0.050,0.730,0.220
423500,0.050,0.749,0.201
424000,0.050,0.761,0.189
424500,0.050,0.761,0.189
425000,0.050,0.732,0.218
425500,0.050,0.762,0.188
426000,0.050,0.760,0.190
426500,0.050,0.755,0.195
427000,0.050,0.776,0.174
427500,0.050,0.766,0.184
428000,0.050,0.792,0.157
428500,0.050,0.820,0.130
429000,0.050,0.815,0.135
429500,0.050,0.762,0.188
430000,0.050,0.730,0.220
430500,0.050,0.729,0.221
431000,0.050,0.751,0.199
431500,0.050,0.734,0.216
432000,0.050,0.750,0.200
432500,0.050,0.753,0.197
433000,0.050,0.784,0.165
433500,0.050,0.789,0.161
434000,0.050,0.784,0.166
434500,0.050,0.791,0.159
435000,0.050,0.766,0.183
435500,0.050,0.772,0.177
436000,0.050,0.796,0.154
436500,0.050,0.800,0.149
437000,0.050,0.772,0.178
437500,0.050,0.780,0.169
438000,0.050,0.775,0.175
438500,0.050,0.729,0.221
439000,0.053,0.750,0.197
439500,0.051,0.756,0.193
440000,0.051,0.730,0.220
440500,0.050,0.738,0.212
441000,0.050,0.759,0.191
441500,0.050,0.733,0.217
442000,0.050,0.758,0.192
442500,0.050,0.775,0.175
443000,0.050,0.778,0.171
443500,0.050,0.775,0.174
444000,0.050,0.771,0.179
444500,0.050,0.768,0.182
445000,0.050,0.757,0.193
445500,0.050,0.765,0.184
446000,0.050,0.759,0.191
446500,0.050,0.776,0.174
447000,0.050,0.729,0.221
447500,0.050,0.734,0.216
448000,0.050,0.759,0.191
448500,0.050,0.749,0.201
449000,0.050,0.750,0.200
449500,0.050,0.743,0.207
450000,0.050,0.743,0.207
450500,0.050,0.739,0.211
451000,0.050,0.758,0.192
451500,0.050,0.750,0.200
452000,0.050,0.754,0.196
452500,0.050,0.757,0.193
453000,0.050,0.750,0.200
453500,0.050,0.722,0.228
454000,0.050,0.712,0.238
454500,0.050,0.695,0.255
455000,0.050,0.753,0.197
455500,0.050,0.790,0.160
456000,0.050,0.763,0.186
456500,0.050,0.727,0.223
457000,0.050,0.753,0.197
457500,0.050,0.752,0.198
458000,0.050,0.757,0.193
458500,0.050,0.800,0.149
459000,0.050,0.786,0.164
459500,0.050,0.812,0.138
460000,0.050,0.790,0.159
460500,0.050,0.781,0.168
461000,0.050,0.773,0.177
461500,0.050,0.775,0.174
462000,0.050,0.755,0.195
462500,0.050,0.746,0.204
463000,0.050,0.749,0.201
463500,0.050,0.756,0.194
464000,0.050,0.784,0.165
464500,0.050,0.808,0.142
465000,0.050,0.792,0.157
465500,0.050,0.790,0.160
466000,0.050,0.774,0.176
466500,0.050,0.770,0.179
467000,0.050,0.759,0.191
467500,0.050,0.788,0.161
468000,0.050,0.743,0.207
468500,0.050,0.750,0.200
469000,0.050,0.773,0.177
469500,0.050,0.767,0.182
470000,0.050,0.750,0.200
470500,0.050,0.755,0.195
471000,0.050,0.745,0.205
471500,0.050,0.758,0.192
472000,0.050,0.743,0.207
472500,0.050,0.745,0.205
473000,0.050,0.750,0.200
473500,0.050,0.784,0.165
474000,0.050,0.796,0.153
474500,0.050,0.790,0.160
475000,0.050,0.794,0.156
475500,0.050,0.750,0.200
476000,0.050,0.759,0.191
476500,0.050,0.788,0.162
477000,0.050,0.750,0.200
477500,0.050,0.767,0.183
478000,0.050,0.758,0.192
478500,0.050,0.739,0.211
479000,0.050,0.731,0.219
479500,0.050,0.749,0.201
480000,0.050,0.725,0.225
480500,0.050,0.730,0.220
481000,0.050,0.754,0.196
481500,0.050,0.768,0.182
482000,0.050,0.783,0.166
482500,0.050,0.760,0.190
483000,0.050,0.731,0.219
483500,0.050,0.755,0.195
484000,0.050,0.763,0.187
484500,0.050,0.775,0.175
485000,0.050,0.756,0.194
485500,0.050,0.756,0.194
486000,0.050,0.768,0.182
486500,0.050,0.749,0.201
487000,0.050,0.775,0.175
487500,0.050,0.771,0.179
488000,0.050,0.774,0.175
488500,0.050,0.742,0.208
489000,0.050,0.754,0.196
489500,0.050,0.759,0.191
490000,0.050,0.735,0.215
490500,0.050,0.730,0.220
491000,0.050,0.744,0.206
491500,0.050,0.751,0.199
492000,0.050,0.758,0.192
492500,0.050,0.764,0.186
493000,0.050,0.730,0.220
493500,0.050,0.771,0.179
494000,0.050,0.760,0.190
494500,0.050,0.762,0.188
495000,0.050,0.734,0.216
495500,0.050,0.752,0.198
496000,0.050,0.750,0.200
496500,0.050,0.786,0.163
497000,0.050,0.787,0.162
497500,0.050,0.797,0.153
498000,0.050,0.785,0.164
498500,0.050,0.784,0.166
499000,0.050,0.804,0.145
499500,0.050,0.771,0.179
500000,0.050,0.777,0.173
500500,0.050,0.770,0.180
501000,0.050,0.754,0.196
501500,0.050,0.748,0.202
502000,0.050,0.745,0.205
502500,0.050,0.773,0.176
503000,0.050,0.822,0.128
503500,0.050,0.794,0.155
504000,0.050,0.785,0.164
504500,0.050,0.786,0.164
505000,0.050,0.781,0.168
505500,0.050,0.751,0.199
506000,0.050,0.729,0.221
506500,0.050,0.759,0.191
507000,0.050,0.776,0.174
507500,0.050,0.785,0.164
508000,0.050,0.762,0.188
508500,0.050,0.752,0.198
509000,0.050,0.761,0.189
509500,0.050,0.726,0.224
510000,0.050,0.728,0.222
510500,0.050,0.717,0.233
511000,0.050,0.754,0.196
511500,0.050,0.744,0.206
512000,0.050,0.723,0.227
512500,0.050,0.725,0.225
513000,0.050,0.743,0.207
513500,0.050,0.747,0.203
514000,0.050,0.749,0.201
514500,0.050,0.731,0.219
515000,0.050,0.751,0.199
515500,0.050,0.764,0.186
516000,0.050,0.795,0.154
516500,0.050,0.769,0.181
517000,0.050,0.793,0.156
517500,0.050,0.789,0.160
518000,0.050,0.750,0.200
518500,0.050,0.780,0.169
519000,0.050,0.805,0.145
519500,0.050,0.749,0.201
520000,0.050,0.769,0.180
520500,0.050,0.761,0.189
521000,0.050,0.781,0.169
521500,0.050,0.810,0.140
522000,0.050,0.808,0.142
522500,0.050,0.781,0.169
523000,0.050,0.802,0.148
523500,0.050,0.792,0.157
524000,0.050,0.765,0.184
524500,0.050,0.750,0.200
525000,0.050,0.785,0.164
525500,0.050,0.780,0.169
526000,0.050,0.782,0.168
526500,0.050,0.781,0.169
527000,0.050,0.786,0.164
527500,0.050,0.784,0.166
528000,0.050,0.810,0.140
528500,0.050,0.806,0.143
529000,0.050,0.822,0.128
529500,0.050,0.787,0.162
530000,0.050,0.805,0.144
530500,0.050,0.814,0.136
531000,0.050,0.816,0.134
531500,0.050,0.823,0.127
532000,0.050,0.800,0.149
532500,0.050,0.799,0.150
533000,0.050,0.787,0.163
533500,0.050,0.803,0.147
534000,0.050,0.793,0.156
534500,0.050,0.787,0.163
535000,0.050,0.801,0.149
535500,0.050,0.767,0.183
536000,0.050,0.768,0.181
536500,0.050,0.774,0.175
537000,0.050,0.739,0.211
537500,0.050,0.723,0.227
538000,0.050,0.730,0.220
538500,0.050,0.745,0.205
539000,0.050,0.786,0.164
539500,0.050,0.817,0.133
540000,0.050,0.790,0.159
540500,0.050,0.756,0.194
541000,0.050,0.738,0.212
541500,0.050,0.709,0.241
542000,0.050,0.720,0.230
542500,0.050,0.750,0.200
543000,0.050,0.762,0.188
543500,0.050,0.753,0.197
544000,0.050,0.729,0.221
544500,0.050,0.766,0.183
545000,0.050,0.757,0.193
545500,0.050,0.743,0.207
546000,0.050,0.750,0.200
546500,0.050,0.774,0.175
547000,0.050,0.778,0.172
547500,0.050,0.773,0.176
548000,0.050,0.773,0.176
548500,0.050,0.758,0.192
549000,0.050,0.760,0.190
549500,0.050,0.772,0.178
550000,0.050,0.776,0.173
550500,0.050,0.715,0.235
551000,0.050,0.717,0.233
551500,0.050,0.753,0.197
552000,0.050,0.788,0.162
552500,0.050,0.787,0.163
553000,0.050,0.776,0.174
553500,0.050,0.775,0.175
554000,0.050,0.759,0.191
554500,0.050,0.787,0.163
555000,0.050,0.808,0.142
555500,0.050,0.767,0.183
556000,0.050,0.791,0.159
556500,0.050,0.768,0.182
557000,0.050,0.747,0.203
557500,0.050,0.758,0.192
558000,0.050,0.754,0.196
558500,0.050,0.779,0.170
559000,0.050,0.748,0.202
559500,0.050,0.757,0.193
560000,0.050,0.771,0.179
560500,0.050,0.768,0.181
561000,0.050,0.778,0.171
561500,0.050,0.776,0.174
562000,0.050,0.739,0.211
562500,0.050,0.732,0.218
563000,0.050,0.779,0.170
563500,0.050,0.776,0.174
564000,0.050,0.747,0.203
564500,0.050,0.778,0.172
565000,0.050,0.762,0.188
565500,0.050,0.773,0.176
566000,0.050,0.783,0.167
566500,0.050,0.760,0.190
567000,0.050,0.773,0.176
567500,0.050,0.748,0.202
568000,0.050,0.735,0.215
568500,0.050,0.757,0.193
569000,0.050,0.731,0.219
569500,0.050,0.721,0.229
570000,0.050,0.695,0.255
570500,0.050,0.704,0.246
571000,0.050,0.701,0.249
571500,0.050,0.713,0.237
572000,0.050,0.746,0.204
572500,0.050,0.757,0.193
573000,0.050,0.779,0.171
573500,0.050,0.794,0.155
574000,0.050,0.807,0.142
574500,0.050,0.782,0.167
575000,0.050,0.759,0.191
575500,0.050,0.778,0.171
576000,0.050,0.749,0.201
576500,0.050,0.783,0.166
577000,0.050,0.774,0.175
577500,0.050,0.760,0.190
578000,0.050,0.800,0.149
578500,0.050,0.802,0.147
579000,0.050,0.811,0.139
579500,0.050,0.779,0.171
580000,0.050,0.771,0.179
580500,0.050,0.763,0.187
581000,0.050,0.767,0.183
581500,0.050,0.779,0.170
582000,0.050,0.739,0.211
582500,0.050,0.770,0.179
583000,0.050,0.749,0.201
583500,0.050,0.762,0.188
584000,0.050,0.750,0.200
584500,0.050,0.742,0.208
585000,0.050,0.771,0.178
585500,0.050,0.769,0.180
586000,0.050,0.761,0.189
586500,0.050,0.763,0.186
587000,0.050,0.762,0.188
587500,0.050,0.779,0.171
588000,0.050,0.760,0.190
588500,0.050,0.747,0.203
589000,0.050,0.749,0.201
589500,0.050,0.741,0.209
590000,0.050,0.722,0.228
590500,0.050,0.753,0.197
591000,0.050,0.757,0.193
591500,0.050,0.773,0.176
592000,0.050,0.758,0.192
592500,0.050,0.766,0.184
593000,0.050,0.751,0.199
593500,0.050,0.770,0.180
594000,0.050,0.746,0.204
594500,0.050,0.751,0.199
595000,0.050,0.773,0.177
595500,0.050,0.734,0.216
596000,0.050,0.739,0.211
596500,0.050,0.724,0.226
597000,0.050,0.745,0.205
597500,0.050,0.771,0.179
598000,0.050,0.782,0.167
598500,0.050,0.774,0.176
599000,0.050,0.773,0.176
599500,0.050,0.766,0.184
600000,0.050,0.786,0.164
600500,0.050,0.796,0.154
601000,0.050,0.782,0.167
601500,0.050,0.760,0.190
602000,0.050,0.760,0.190
602500,0.050,0.772,0.178
603000,0.050,0.793,0.157
603500,0.050,0.808,0.141
604000,0.050,0.786,0.163
604500,0.050,0.791,0.158
605000,0.050,0.769,0.180
605500,0.050,0.769,0.181
606000,0.050,0.759,0.191
606500,0.050,0.735,0.215
607000,0.050,0.729,0.221
607500,0.050,0.732,0.218
608000,0.050,0.753,0.197
608500,0.050,0.761,0.189
609000,0.051,0.787,0.161
609500,0.051,0.799,0.150
610000,0.050,0.799,0.150
610500,0.050,0.796,0.153
611000,0.050,0.759,0.191
611500,0.050,0.736,0.214
612000,0.050,0.745,0.205
612500,0.050,0.748,0.202
613000,0.050,0.756,0.194
613500,0.050,0.771,0.179
614000,0.050,0.793,0.157
614500,0.050,0.786,0.163
615000,0.050,0.778,0.172
615500,0.050,0.816,0.134
616000,0.050,0.786,0.163
616500,0.050,0.759,0.191
617000,0.050,0.757,0.193
617500,0.050,0.715,0.235
618000,0.050,0.753,0.197
618500,0.050,0.745,0.205
619000,0.050,0.705,0.245
619500,0.050,0.737,0.213
620000,0.050,0.777,0.173
620500,0.050,0.790,0.160
621000,0.050,0.790,0.159
621500,0.050,0.789,0.160
622000,0.050,0.774,0.175
622500,0.050,0.801,0.149
623000,0.050,0.790,0.160
623500,0.050,0.772,0.177
624000,0.050,0.754,0.196
624500,0.050,0.771,0.179
625000,0.050,0.723,0.227
625500,0.050,0.701,0.249
626000,0.050,0.726,0.224
626500,0.050,0.733,0.217
627000,0.050,0.716,0.234
627500,0.050,0.750,0.200
628000,0.050,0.760,0.190
628500,0.050,0.771,0.179
629000,0.050,0.752,0.198
629500,0.050,0.747,0.203
630000,0.050,0.783,0.166
630500,0.050,0.787,0.162
631000,0.050,0.777,0.173
631500,0.050,0.745,0.205
632000,0.050,0.736,0.214
632500,0.050,0.735,0.215
633000,0.050,0.746,0.204
633500,0.050,0.778,0.171
634000,0.050,0.793,0.156
634500,0.050,0.757,0.193
635000,0.050,0.746,0.204
635500,0.050,0.750,0.200
636000,0.050,0.753,0.197
636500,0.050,0.760,0.190
637000,0.050,0.774,0.175
637500,0.050,0.746,0.204
638000,0.050,0.719,0.231
638500,0.050,0.724,0.226
639000,0.050,0.708,0.242
639500,0.050,0.746,0.204
640000,0.050,0.766,0.184
640500,0.050,0.790,0.159
641000,0.050,0.763,0.186
641500,0.050,0.744,0.206
642000,0.050,0.745,0.205
642500,0.050,0.740,0.210
643000,0.051,0.748,0.201
643500,0.051,0.749,0.200
644000,0.051,0.762,0.186
644500,0.050,0.780,0.169
645000,0.050,0.795,0.154
645500,0.050,0.774,0.175
646000,0.050,0.763,0.186
646500,0.050,0.770,0.180
647000,0.050,0.735,0.215
647500,0.050,0.743,0.207
648000,0.050,0.753,0.197
648500,0.050,0.775,0.175
649000,0.050,0.788,0.162
649500,0.050,0.750,0.200
650000,0.050,0.789,0.160
650500,0.050,0.775,0.175
651000,0.050,0.759,0.191
651500,0.050,0.761,0.189
652000,0.050,0.750,0.200
652500,0.050,0.784,0.166
653000,0.050,0.780,0.170
653500,0.050,0.772,0.178
654000,0.050,0.756,0.194
654500,0.050,0.778,0.171
655000,0.050,0.780,0.170
655500,0.050,0.743,0.207
656000,0.050,0.732,0.218
656500,0.050,0.739,0.211
657000,0.050,0.734,0.216
657500,0.050,0.734,0.216
658000,0.050,0.758,0.192
658500,0.050,0.764,0.185
659000,0.050,0.786,0.164
659500,0.050,0.762,0.188
660000,0.050,0.770,0.180
660500,0.050,0.747,0.203
661000,0.050,0.742,0.208
661500,0.050,0.718,0.232
662000,0.050,0.767,0.182
662500,0.050,0.768,0.182
663000,0.050,0.759,0.191
663500,0.050,0.732,0.218
664000,0.050,0.720,0.230
664500,0.050,0.723,0.227
665000,0.050,0.739,0.211
665500,0.050,0.735,0.215
666000,0.050,0.754,0.196
666500,0.050,0.791,0.159
667000,0.050,0.782,0.167
667500,0.050,0.744,0.206
668000,0.050,0.780,0.170
668500,0.050,0.782,0.167
669000,0.050,0.773,0.177
669500,0.050,0.788,0.162
670000,0.050,0.772,0.177
670500,0.050,0.743,0.207
671000,0.050,0.723,0.227
671500,0.050,0.715,0.235
672000,0.050,0.759,0.191
672500,0.050,0.766,0.184
673000,0.050,0.776,0.174
673500,0.050,0.763,0.187
674000,0.050,0.737,0.213
674500,0.050,0.770,0.180
675000,0.050,0.759,0.191
675500,0.050,0.763,0.186
676000,0.050,0.799,0.151
676500,0.050,0.770,0.179
677000,0.050,0.767,0.182
677500,0.050,0.738,0.212
678000,0.050,0.750,0.200
678500,0.050,0.778,0.171
679000,0.050,0.785,0.164
679500,0.050,0.773,0.176
680000,0.050,0.771,0.178
680500,0.050,0.775,0.174
681000,0.050,0.784,0.165
681500,0.050,0.778,0.171
682000,0.050,0.787,0.163
682500,0.050,0.790,0.159
683000,0.050,0.783,0.167
683500,0.050,0.806,0.144
684000,0.050,0.830,0.120
684500,0.050,0.812,0.138
685000,0.050,0.786,0.163
685500,0.050,0.773,0.176
686000,0.050,0.777,0.172
686500,0.050,0.783,0.167
687000,0.050,0.793,0.156
687500,0.050,0.771,0.178
688000,0.050,0.735,0.215
688500,0.050,0.772,0.177
689000,0.050,0.786,0.164
689500,0.050,0.806,0.143
690000,0.050,0.814,0.136
690500,0.050,0.803,0.146
691000,0.050,0.796,0.154
691500,0.050,0.787,0.162
692000,0.050,0.805,0.144
692500,0.050,0.772,0.177
693000,0.050,0.751,0.199
693500,0.050,0.755,0.195
694000,0.050,0.800,0.149
694500,0.050,0.786,0.164
695000,0.050,0.766,0.184
695500,0.050,0.772,0.178
696000,0.050,0.786,0.163
696500,0.050,0.791,0.159
697000,0.050,0.783,0.167
697500,0.050,0.776,0.173
698000,0.050,0.758,0.192
698500,0.050,0.739,0.211
699000,0.050,0.714,0.236
699500,0.050,0.729,0.221
700000,0.050,0.739,0.211
700500,0.050,0.761,0.189
701000,0.050,0.763,0.187
701500,0.050,0.742,0.208
702000,0.050,0.764,0.186
702500,0.050,0.770,0.180
703000,0.050,0.754,0.196
703500,0.050,0.775,0.174
704000,0.050,0.737,0.213
704500,0.050,0.765,0.185
705000,0.050,0.767,0.183
705500,0.050,0.779,0.170
706000,0.050,0.789,0.160
706500,0.050,0.800,0.150
707000,0.050,0.783,0.166
707500,0.050,0.800,0.149
708000,0.050,0.798,0.151
708500,0.050,0.775,0.175
709000,0.050,0.793,0.157
709500,0.050,0.804,0.146
710000,0.050,0.788,0.161
710500,0.050,0.805,0.144
711000,0.050,0.796,0.153
711500,0.050,0.760,0.190
712000,0.050,0.727,0.223
712500,0.050,0.746,0.204
713000,0.050,0.754,0.196
713500,0.050,0.737,0.213
714000,0.050,0.766,0.184
714500,0.050,0.786,0.163
715000,0.050,0.752,0.198
715500,0.050,0.757,0.193
716000,0.050,0.764,0.185
716500,0.050,0.760,0.190
717000,0.050,0.788,0.161
717500,0.050,0.792,0.157
718000,0.050,0.774,0.175
718500,0.050,0.775,0.175
719000,0.050,0.743,0.207
719500,0.050,0.723,0.227
720000,0.050,0.741,0.209
720500,0.050,0.732,0.218
721000,0.050,0.779,0.170
721500,0.050,0.771,0.179
722000,0.050,0.742,0.208
722500,0.050,0.724,0.226
723000,0.050,0.725,0.225
723500,0.050,0.715,0.235
724000,0.050,0.714,0.236
724500,0.050,0.739,0.211
725000,0.050,0.740,0.210
725500,0.050,0.773,0.176
726000,0.050,0.750,0.200
726500,0.050,0.750,0.200
727000,0.050,0.747,0.203
727500,0.050,0.719,0.231
728000,0.050,0.721,0.229
728500,0.050,0.733,0.217
729000,0.050,0.724,0.226
729500,0.050,0.752,0.198
730000,0.050,0.752,0.198
730500,0.050,0.736,0.214
731000,0.050,0.731,0.219
731500,0.050,0.739,0.211
732000,0.050,0.741,0.209
732500,0.050,0.771,0.178
733000,0.050,0.795,0.155
733500,0.050,0.771,0.178
734000,0.050,0.775,0.175
734500,0.050,0.738,0.212
735000,0.050,0.751,0.199
735500,0.050,0.775,0.175
736000,0.050,0.752,0.198
736500,0.050,0.739,0.211
737000,0.050,0.750,0.200
737500,0.050,0.784,0.165
738000,0.050,0.775,0.174
738500,0.050,0.775,0.174
739000,0.050,0.774,0.176
739500,0.050,0.777,0.173
740000,0.050,0.781,0.169
740500,0.050,0.780,0.170
741000,0.050,0.780,0.169
741500,0.050,0.792,0.158
742000,0.050,0.788,0.162
742500,0.050,0.772,0.177
743000,0.050,0.774,0.175
743500,0.050,0.783,0.167
744000,0.050,0.803,0.147
744500,0.050,0.801,0.148
745000,0.050,0.793,0.156
745500,0.050,0.772,0.178
746000,0.050,0.754,0.196
746500,0.050,0.770,0.179
747000,0.050,0.777,0.173
747500,0.050,0.784,0.166
748000,0.050,0.771,0.179
748500,0.050,0.788,0.161
749000,0.050,0.807,0.142
749500,0.050,0.782,0.168
750000,0.050,0.783,0.167
750500,0.050,0.763,0.187
751000,0.050,0.737,0.213
751500,0.050,0.773,0.177
752000,0.050,0.781,0.169
752500,0.050,0.773,0.177
753000,0.050,0.792,0.157
753500,0.050,0.775,0.174
754000,0.050,0.763,0.187
754500,0.050,0.752,0.198
755000,0.050,0.760,0.190
755500,0.050,0.771,0.178
756000,0.050,0.792,0.157
756500,0.050,0.768,0.182
757000,0.050,0.764,0.185
757500,0.050,0.761,0.189
758000,0.050,0.768,0.182
758500,0.050,0.787,0.162
759000,0.050,0.769,0.180
759500,0.050,0.763,0.187
760000,0.050,0.763,0.187
760500,0.050,0.771,0.179
761000,0.050,0.763,0.186
761500,0.050,0.757,0.193
762000,0.050,0.761,0.189
762500,0.050,0.772,0.178
763000,0.050,0.791,0.158
763500,0.050,0.796,0.154
764000,0.050,0.788,0.162
764500,0.050,0.823,0.127
765000,0.050,0.829,0.121
765500,0.050,0.804,0.145
766000,0.050,0.772,0.178
766500,0.050,0.755,0.195
767000,0.050,0.799,0.150
767500,0.050,0.757,0.193
768000,0.050,0.741,0.209
768500,0.050,0.723,0.227
769000,0.050,0.733,0.217
769500,0.050,0.738,0.212
770000,0.050,0.753,0.197
770500,0.050,0.764,0.185
771000,0.050,0.757,0.193
771500,0.050,0.744,0.206
772000,0.050,0.773,0.176
772500,0.050,0.778,0.172
773000,0.050,0.764,0.185
773500,0.050,0.800,0.149
774000,0.050,0.765,0.185
774500,0.050,0.766,0.184
775000,0.050,0.811,0.138
775500,0.050,0.820,0.130
776000,0.050,0.797,0.152
776500,0.050,0.780,0.169
777000,0.050,0.755,0.195
777500,0.050,0.750,0.200
778000,0.050,0.770,0.179
778500,0.050,0.753,0.197
779000,0.050,0.778,0.172
779500,0.050,0.792,0.158
780000,0.050,0.782,0.167
780500,0.050,0.749,0.201
781000,0.050,0.784,0.166
781500,0.050,0.781,0.168
782000,0.050,0.756,0.194
782500,0.050,0.716,0.234
783000,0.050,0.726,0.224
783500,0.050,0.733,0.217
784000,0.050,0.756,0.194
784500,0.050,0.759,0.191
785000,0.050,0.777,0.173
785500,0.050,0.741,0.209
786000,0.050,0.755,0.195
786500,0.050,0.776,0.173
787000,0.050,0.797,0.152
787500,0.050,0.800,0.149
788000,0.050,0.821,0.129
788500,0.050,0.805,0.144
789000,0.050,0.801,0.149
789500,0.050,0.762,0.188
790000,0.050,0.772,0.177
790500,0.050,0.788,0.162
791000,0.050,0.770,0.179
791500,0.050,0.747,0.203
792000,0.050,0.744,0.206
792500,0.050,0.777,0.172
793000,0.050,0.769,0.180
793500,0.050,0.788,0.162
794000,0.050,0.764,0.185
794500,0.050,0.763,0.186
795000,0.050,0.787,0.162
795500,0.050,0.770,0.179
796000,0.050,0.790,0.159
796500,0.050,0.792,0.158
797000,0.050,0.784,0.166
797500,0.050,0.767,0.183
798000,0.050,0.773,0.176
798500,0.050,0.782,0.167
799000,0.050,0.766,0.183
799500,0.050,0.802,0.148
800000,0.050,0.777,0.172
800500,0.050,0.775,0.175
801000,0.050,0.758,0.192
801500,0.050,0.746,0.204
802000,0.050,0.730,0.220
802500,0.050,0.735,0.215
803000,0.050,0.737,0.213
803500,0.050,0.739,0.211
804000,0.050,0.762,0.188
804500,0.050,0.796,0.153
805000,0.050,0.806,0.144
805500,0.050,0.764,0.185
806000,0.050,0.781,0.169
806500,0.050,0.818,0.132
807000,0.050,0.806,0.144
807500,0.050,0.801,0.148
808000,0.050,0.783,0.167
808500,0.050,0.773,0.177
809000,0.050,0.739,0.211
809500,0.050,0.752,0.198
810000,0.050,0.757,0.193
810500,0.050,0.765,0.184
811000,0.050,0.792,0.157
811500,0.050,0.804,0.145
812000,0.050,0.795,0.154
812500,0.050,0.768,0.182
813000,0.050,0.769,0.181
813500,0.050,0.750,0.200
814000,0.050,0.752,0.198
814500,0.050,0.752,0.198
815000,0.050,0.729,0.221
815500,0.050,0.695,0.255
816000,0.052,0.679,0.268
816500,0.050,0.678,0.272
817000,0.050,0.665,0.284
817500,0.050,0.702,0.248
818000,0.050,0.766,0.183
818500,0.050,0.763,0.187
819000,0.050,0.762,0.188
819500,0.050,0.771,0.179
820000,0.050,0.777,0.172
820500,0.050,0.755,0.195
821000,0.050,0.779,0.170
821500,0.050,0.743,0.207
822000,0.050,0.740,0.210
822500,0.050,0.709,0.241
823000,0.050,0.744,0.206
823500,0.050,0.746,0.204
824000,0.050,0.741,0.209
824500,0.050,0.740,0.210
825000,0.050,0.753,0.197
825500,0.050,0.771,0.178
826000,0.050,0.780,0.170
826500,0.050,0.796,0.154
827000,0.050,0.789,0.161
827500,0.050,0.760,0.190
828000,0.050,0.756,0.194
828500,0.050,0.741,0.209
829000,0.050,0.762,0.188
829500,0.050,0.778,0.171
830000,0.050,0.777,0.172
830500,0.050,0.775,0.174
831000,0.050,0.789,0.161
831500,0.050,0.757,0.193
832000,0.050,0.735,0.215
832500,0.050,0.745,0.205
833000,0.050,0.739,0.211
833500,0.050,0.771,0.178
834000,0.050,0.771,0.178
834500,0.050,0.764,0.186
835000,0.050,0.778,0.172
835500,0.050,0.757,0.193
836000,0.050,0.742,0.208
836500,0.050,0.750,0.200
837000,0.050,0.753,0.197
837500,0.050,0.776,0.173
838000,0.050,0.763,0.186
838500,0.050,0.795,0.155
839000,0.050,0.788,0.161
839500,0.050,0.779,0.171
840000,0.050,0.744,0.206
840500,0.050,0.751,0.199
841000,0.050,0.778,0.171
841500,0.050,0.779,0.170
842000,0.050,0.767,0.182
842500,0.050,0.794,0.155
843000,0.050,0.775,0.175
843500,0.050,0.772,0.177
844000,0.050,0.758,0.192
844500,0.050,0.799,0.150
845000,0.050,0.805,0.144
845500,0.050,0.824,0.126
846000,0.050,0.818,0.132
846500,0.050,0.795,0.154
847000,0.051,0.771,0.177
847500,0.051,0.761,0.188
848000,0.051,0.750,0.200
848500,0.050,0.754,0.196
849000,0.050,0.744,0.206
849500,0.050,0.753,0.197
850000,0.050,0.771,0.179
850500,0.050,0.750,0.200
851000,0.050,0.759,0.191
851500,0.050,0.734,0.216
852000,0.050,0.746,0.204
852500,0.050,0.714,0.236
853000,0.050,0.727,0.223
853500,0.050,0.760,0.190
854000,0.050,0.763,0.187
854500,0.050,0.767,0.183
855000,0.050,0.754,0.196
855500,0.050,0.728,0.222
856000,0.050,0.749,0.201
856500,0.050,0.745,0.205
857000,0.050,0.757,0.193
857500,0.050,0.727,0.223
858000,0.050,0.770,0.179
858500,0.050,0.775,0.175
859000,0.050,0.778,0.172
859500,0.050,0.769,0.181
860000,0.050,0.768,0.182
860500,0.050,0.733,0.217
861000,0.050,0.719,0.231
861500,0.050,0.737,0.213
862000,0.050,0.724,0.226
862500,0.050,0.753,0.197
863000,0.050,0.749,0.201
863500,0.050,0.776,0.173
864000,0.050,0.746,0.204
864500,0.050,0.772,0.178
865000,0.050,0.753,0.197
865500,0.050,0.751,0.199
866000,0.050,0.774,0.176
866500,0.050,0.788,0.161
867000,0.050,0.784,0.165
867500,0.050,0.777,0.172
868000,0.050,0.780,0.169
868500,0.050,0.776,0.174
869000,0.050,0.752,0.198
869500,0.050,0.759,0.191
870000,0.050,0.772,0.177
870500,0.050,0.801,0.148
871000,0.050,0.773,0.176
871500,0.050,0.776,0.174
872000,0.050,0.769,0.181
872500,0.050,0.774,0.175
873000,0.050,0.780,0.169
873500,0.050,0.784,0.165
874000,0.050,0.775,0.175
874500,0.050,0.767,0.183
875000,0.050,0.751,0.199
875500,0.050,0.725,0.225
876000,0.050,0.751,0.199
876500,0.050,0.739,0.211
877000,0.050,0.737,0.213
877500,0.050,0.770,0.179
878000,0.050,0.767,0.183
878500,0.050,0.779,0.170
879000,0.050,0.784,0.166
879500,0.050,0.759,0.191
880000,0.050,0.754,0.196
880500,0.050,0.749,0.201
881000,0.050,0.737,0.213
881500,0.050,0.776,0.174
882000,0.050,0.793,0.156
882500,0.050,0.802,0.148
883000,0.050,0.801,0.148
883500,0.050,0.785,0.165
884000,0.050,0.765,0.184
884500,0.050,0.734,0.216
885000,0.050,0.722,0.228
885500,0.050,0.736,0.214
886000,0.050,0.794,0.156
886500,0.050,0.775,0.175
887000,0.050,0.779,0.171
887500,0.050,0.767,0.182
888000,0.050,0.740,0.210
888500,0.050,0.767,0.183
889000,0.050,0.765,0.185
889500,0.050,0.796,0.154
890000,0.050,0.795,0.155
890500,0.050,0.749,0.201
891000,0.050,0.764,0.186
891500,0.050,0.746,0.204
892000,0.050,0.770,0.179
892500,0.050,0.732,0.218
893000,0.050,0.722,0.228
893500,0.050,0.737,0.213
894000,0.050,0.730,0.220
894500,0.050,0.780,0.169
895000,0.050,0.756,0.194
895500,0.050,0.771,0.179
896000,0.050,0.788,0.161
896500,0.050,0.776,0.174
897000,0.050,0.772,0.178
897500,0.050,0.781,0.169
898000,0.050,0.786,0.164
898500,0.050,0.784,0.166
899000,0.050,0.800,0.149
899500,0.050,0.770,0.180
900000,0.050,0.790,0.160
900500,0.050,0.760,0.190
901000,0.050,0.744,0.206
901500,0.050,0.748,0.202
902000,0.051,0.739,0.210
902500,0.051,0.738,0.211
903000,0.051,0.690,0.260
903500,0.050,0.700,0.250
904000,0.050,0.713,0.237
904500,0.050,0.739,0.211
905000,0.050,0.796,0.154
905500,0.050,0.753,0.197
906000,0.050,0.774,0.176
906500,0.050,0.754,0.196
907000,0.050,0.729,0.221
907500,0.050,0.723,0.227
908000,0.050,0.720,0.230
908500,0.050,0.741,0.209
909000,0.050,0.745,0.205
909500,0.050,0.726,0.224
910000,0.051,0.730,0.220
910500,0.050,0.729,0.221
911000,0.050,0.749,0.201
911500,0.050,0.766,0.184
912000,0.050,0.772,0.178
912500,0.050,0.777,0.172
913000,0.050,0.780,0.170
913500,0.050,0.811,0.139
914000,0.050,0.774,0.175
914500,0.050,0.761,0.189
915000,0.050,0.781,0.168
915500,0.050,0.772,0.177
916000,0.050,0.738,0.212
916500,0.050,0.732,0.218
917000,0.050,0.771,0.179
917500,0.050,0.755,0.195
918000,0.050,0.764,0.185
918500,0.050,0.772,0.178
919000,0.050,0.763,0.187
919500,0.050,0.776,0.174
920000,0.050,0.743,0.207
920500,0.050,0.736,0.214
921000,0.050,0.740,0.210
921500,0.050,0.790,0.159
922000,0.050,0.810,0.139
922500,0.050,0.799,0.150
923000,0.050,0.779,0.171
923500,0.050,0.790,0.160
924000,0.050,0.806,0.144
924500,0.050,0.821,0.129
925000,0.050,0.809,0.141
925500,0.050,0.764,0.185
926000,0.050,0.765,0.185
926500,0.050,0.777,0.172
927000,0.050,0.765,0.185
927500,0.050,0.793,0.156
928000,0.050,0.796,0.154
928500,0.050,0.785,0.165
929000,0.050,0.812,0.137
929500,0.050,0.813,0.137
930000,0.050,0.805,0.145
930500,0.050,0.773,0.176
931000,0.050,0.798,0.152
931500,0.050,0.810,0.139
932000,0.050,0.820,0.130
932500,0.050,0.797,0.152
933000,0.050,0.774,0.176
933500,0.050,0.783,0.167
934000,0.050,0.802,0.147
934500,0.050,0.805,0.145
935000,0.050,0.780,0.170
935500,0.050,0.768,0.181
936000,0.050,0.772,0.177
936500,0.050,0.810,0.140
937000,0.050,0.797,0.153
937500,0.050,0.778,0.172
938000,0.050,0.772,0.178
938500,0.050,0.750,0.200
939000,0.050,0.732,0.218
939500,0.050,0.733,0.217
940000,0.051,0.732,0.218
940500,0.051,0.740,0.210
941000,0.050,0.739,0.211
941500,0.050,0.702,0.248
942000,0.050,0.739,0.211
942500,0.050,0.770,0.179
943000,0.050,0.780,0.170
943500,0.050,0.737,0.213
944000,0.050,0.746,0.204
944500,0.050,0.750,0.200
945000,0.050,0.751,0.199
945500,0.050,0.755,0.195
946000,0.050,0.780,0.169
946500,0.050,0.750,0.200
947000,0.050,0.764,0.186
947500,0.050,0.751,0.199
948000,0.050,0.714,0.236
948500,0.050,0.727,0.223
949000,0.050,0.765,0.184
949500,0.050,0.787,0.163
950000,0.050,0.780,0.169
950500,0.050,0.781,0.169
951000,0.050,0.780,0.169
951500,0.050,0.786,0.163
952000,0.050,0.786,0.164
952500,0.050,0.784,0.165
953000,0.050,0.792,0.158
953500,0.050,0.780,0.169
954000,0.050,0.728,0.222
954500,0.050,0.718,0.232
955000,0.050,0.703,0.247
955500,0.050,0.708,0.242
956000,0.050,0.751,0.199
956500,0.050,0.750,0.200
957000,0.050,0.764,0.185
957500,0.050,0.768,0.182
958000,0.050,0.794,0.155
958500,0.050,0.779,0.171
959000,0.050,0.774,0.176
959500,0.050,0.749,0.201
960000,0.050,0.757,0.193
960500,0.050,0.779,0.171
961000,0.050,0.775,0.174
961500,0.050,0.778,0.171
962000,0.050,0.811,0.138
962500,0.050,0.790,0.160
963000,0.050,0.784,0.165
963500,0.050,0.778,0.172
964000,0.050,0.747,0.203
964500,0.050,0.772,0.177
965000,0.050,0.769,0.180
965500,0.050,0.747,0.203
966000,0.050,0.748,0.202
966500,0.050,0.769,0.181
967000,0.050,0.770,0.180
967500,0.050,0.760,0.190
968000,0.050,0.738,0.212
968500,0.050,0.719,0.231
969000,0.050,0.745,0.205
969500,0.050,0.717,0.233
970000,0.050,0.729,0.221
970500,0.050,0.733,0.217
971000,0.050,0.762,0.188
971500,0.050,0.758,0.192
972000,0.050,0.755,0.195
972500,0.050,0.756,0.194
973000,0.050,0.756,0.194
973500,0.050,0.741,0.209
974000,0.050,0.759,0.191
974500,0.050,0.749,0.201
975000,0.050,0.749,0.201
975500,0.050,0.751,0.199
976000,0.050,0.774,0.176
976500,0.050,0.776,0.174
977000,0.050,0.769,0.181
977500,0.050,0.800,0.149
978000,0.050,0.764,0.186
978500,0.050,0.791,0.158
979000,0.050,0.826,0.124
979500,0.050,0.789,0.160
980000,0.050,0.799,0.150
980500,0.050,0.785,0.165
981000,0.050,0.746,0.204
981500,0.050,0.784,0.166
982000,0.050,0.820,0.130
982500,0.050,0.808,0.142
983000,0.050,0.805,0.145
983500,0.050,0.800,0.150
984000,0.050,0.772,0.177
984500,0.050,0.780,0.170
985000,0.050,0.748,0.202
985500,0.050,0.747,0.203
986000,0.050,0.737,0.213
986500,0.050,0.760,0.190
987000,0.050,0.806,0.144
987500,0.050,0.761,0.189
988000,0.050,0.754,0.196
988500,0.050,0.716,0.234
989000,0.050,0.732,0.218
989500,0.050,0.765,0.185
990000,0.050,0.785,0.165
990500,0.050,0.793,0.156
991000,0.050,0.788,0.162
991500,0.050,0.783,0.166
992000,0.050,0.783,0.167
992500,0.050,0.793,0.157
993000,0.050,0.785,0.164
993500,0.050,0.763,0.187
994000,0.050,0.762,0.188
994500,0.050,0.736,0.214
995000,0.050,0.757,0.193
995500,0.050,0.787,0.163
996000,0.050,0.763,0.187
996500,0.050,0.791,0.159
997000,0.050,0.782,0.167
997500,0.050,0.780,0.170
998000,0.050,0.768,0.181
998500,0.050,0.767,0.182
999000,0.050,0.751,0.199
999500,0.050,0.792,0.157
1000000,0.050,0.767,0.183
