time,n_A+p,n_B,n_AB
500,0.030,0.699,0.271
1000,0.030,0.550,0.420
1500,0.030,0.581,0.389
2000,0.030,0.589,0.381
2500,0.030,0.592,0.378
3000,0.030,0.369,0.601
3500,0.030,0.429,0.541
4000,0.030,0.493,0.477
4500,0.030,0.469,0.501
5000,0.030,0.429,0.541
5500,0.030,0.461,0.509
6000,0.030,0.394,0.576
6500,0.030,0.521,0.449
7000,0.030,0.541,0.429
7500,0.030,0.355,0.615
8000,0.030,0.489,0.481
8500,0.030,0.447,0.523
9000,0.030,0.490,0.480
9500,0.030,0.504,0.466
10000,0.030,0.436,0.534
10500,0.030,0.362,0.608
11000,0.030,0.302,0.668
11500,0.030,0.531,0.439
12000,0.030,0.477,0.493
12500,0.030,0.416,0.554
13000,0.030,0.478,0.492
13500,0.030,0.431,0.539
14000,0.030,0.325,0.645
14500,0.030,0.521,0.449
15000,0.030,0.614,0.356
15500,0.030,0.428,0.542
16000,0.030,0.485,0.485
16500,0.030,0.419,0.551
17000,0.030,0.417,0.553
17500,0.030,0.434,0.536
18000,0.030,0.386,0.584
18500,0.030,0.351,0.619
19000,0.030,0.493,0.477
19500,0.030,0.437,0.533
20000,0.030,0.471,0.499
20500,0.030,0.548,0.422
21000,0.030,0.542,0.428
21500,0.030,0.432,0.538
22000,0.030,0.395,0.575
22500,0.030,0.379,0.591
23000,0.030,0.271,0.699
23500,0.030,0.204,0.766
24000,0.030,0.439,0.531
24500,0.030,0.455,0.515
25000,0.030,0.537,0.433
25500,0.030,0.464,0.506
26000,0.030,0.450,0.520
26500,0.030,0.450,0.520
27000,0.031,0.347,0.622
27500,0.030,0.358,0.612
28000,0.030,0.461,0.509
28500,0.030,0.521,0.449
29000,0.030,0.429,0.541
29500,0.030,0.385,0.585
30000,0.030,0.420,0.550
30500,0.030,0.428,0.542
31000,0.030,0.422,0.548
31500,0.030,0.323,0.647
32000,0.031,0.369,0.600
32500,0.030,0.450,0.520
33000,0.030,0.414,0.556
33500,0.030,0.451,0.519
34000,0.030,0.438,0.532
34500,0.030,0.293,0.677
35000,0.030,0.471,0.499
35500,0.030,0.446,0.524
36000,0.030,0.380,0.590
36500,0.030,0.490,0.480
37000,0.030,0.406,0.564
37500,0.030,0.507,0.463
38000,0.030,0.405,0.565
38500,0.030,0.384,0.586
39000,0.030,0.357,0.613
39500,0.030,0.474,0.496
40000,0.030,0.423,0.547
40500,0.030,0.340,0.630
41000,0.030,0.513,0.457
41500,0.030,0.607,0.363
42000,0.030,0.585,0.385
42500,0.030,0.591,0.379
43000,0.030,0.528,0.442
43500,0.030,0.340,0.630
44000,0.030,0.461,0.509
44500,0.030,0.468,0.502
45000,0.030,0.538,0.432
45500,0.030,0.470,0.500
46000,0.030,0.490,0.480
46500,0.030,0.366,0.604
47000,0.030,0.447,0.523
47500,0.030,0.277,0.693
48000,0.030,0.469,0.501
48500,0.030,0.538,0.432
49000,0.030,0.482,0.488
49500,0.030,0.619,0.351
50000,0.030,0.567,0.403
50500,0.030,0.557,0.413
51000,0.030,0.513,0.457
51500,0.030,0.521,0.449
52000,0.030,0.467,0.503
52500,0.030,0.475,0.495
53000,0.030,0.337,0.633
53500,0.030,0.364,0.606
54000,0.030,0.399,0.571
54500,0.030,0.358,0.612
55000,0.030,0.620,0.350
55500,0.030,0.435,0.535
56000,0.030,0.353,0.617
56500,0.030,0.362,0.608
57000,0.030,0.416,0.554
57500,0.030,0.532,0.438
58000,0.030,0.529,0.441
58500,0.030,0.527,0.443
59000,0.030,0.367,0.603
59500,0.030,0.428,0.542
60000,0.030,0.513,0.457
60500,0.030,0.488,0.482
61000,0.030,0.378,0.592
61500,0.030,0.443,0.527
62000,0.030,0.386,0.584
62500,0.030,0.452,0.518
63000,0.030,0.479,0.491
63500,0.030,0.460,0.510
64000,0.030,0.317,0.653
64500,0.030,0.478,0.492
65000,0.030,0.316,0.654
65500,0.030,0.374,0.596
66000,0.030,0.490,0.480
66500,0.030,0.482,0.488
67000,0.030,0.500,0.470
67500,0.030,0.518,0.452
68000,0.030,0.410,0.560
68500,0.030,0.376,0.594
69000,0.030,0.583,0.387
69500,0.030,0.438,0.532
70000,0.030,0.404,0.566
70500,0.030,0.476,0.494
71000,0.030,0.468,0.502
71500,0.030,0.387,0.583
72000,0.030,0.529,0.441
72500,0.030,0.388,0.582
73000,0.030,0.428,0.542
73500,0.031,0.388,0.581
74000,0.030,0.455,0.515
74500,0.030,0.382,0.588
75000,0.036,0.336,0.628
75500,0.030,0.341,0.629
76000,0.030,0.313,0.657
76500,0.030,0.423,0.547
77000,0.030,0.459,0.511
77500,0.030,0.437,0.533
78000,0.030,0.487,0.483
78500,0.030,0.421,0.549
79000,0.030,0.399,0.571
79500,0.030,0.398,0.572
80000,0.030,0.513,0.457
80500,0.030,0.525,0.445
81000,0.030,0.498,0.472
81500,0.030,0.598,0.372
82000,0.030,0.477,0.493
82500,0.030,0.460,0.510
83000,0.030,0.620,0.350
83500,0.030,0.467,0.503
84000,0.030,0.355,0.615
84500,0.030,0.447,0.523
85000,0.030,0.422,0.548
85500,0.030,0.409,0.561
86000,0.030,0.543,0.427
86500,0.030,0.506,0.464
87000,0.030,0.451,0.519
87500,0.030,0.417,0.553
88000,0.030,0.333,0.637
88500,0.030,0.366,0.604
89000,0.030,0.428,0.542
89500,0.030,0.392,0.578
90000,0.030,0.422,0.548
90500,0.030,0.555,0.415
91000,0.030,0.404,0.566
91500,0.030,0.384,0.586
92000,0.030,0.447,0.523
92500,0.030,0.383,0.587
93000,0.030,0.447,0.523
93500,0.030,0.408,0.562
94000,0.030,0.354,0.616
94500,0.030,0.376,0.594
95000,0.030,0.524,0.446
95500,0.030,0.606,0.364
96000,0.030,0.512,0.458
96500,0.030,0.488,0.482
97000,0.030,0.465,0.505
97500,0.030,0.390,0.580
98000,0.030,0.470,0.500
98500,0.030,0.504,0.466
99000,0.030,0.464,0.506
99500,0.030,0.476,0.494
100000,0.030,0.395,0.575
100500,0.030,0.335,0.635
101000,0.030,0.362,0.608
101500,0.030,0.383,0.587
102000,0.030,0.450,0.520
102500,0.030,0.361,0.609
103000,0.030,0.478,0.492
103500,0.030,0.501,0.469
104000,0.030,0.369,0.601
104500,0.030,0.457,0.513
105000,0.030,0.428,0.542
105500,0.030,0.395,0.575
106000,0.030,0.451,0.519
106500,0.030,0.508,0.462
107000,0.030,0.441,0.529
107500,0.030,0.388,0.582
108000,0.030,0.457,0.513
108500,0.030,0.495,0.475
109000,0.030,0.392,0.578
109500,0.030,0.370,0.600
110000,0.030,0.373,0.597
110500,0.030,0.500,0.470
111000,0.030,0.479,0.491
111500,0.030,0.434,0.536
112000,0.030,0.366,0.604
112500,0.030,0.381,0.589
113000,0.030,0.434,0.536
113500,0.030,0.483,0.487
114000,0.030,0.532,0.438
114500,0.030,0.471,0.499
115000,0.030,0.378,0.592
115500,0.030,0.388,0.582
116000,0.030,0.421,0.549
116500,0.030,0.542,0.428
117000,0.030,0.422,0.548
117500,0.030,0.435,0.535
118000,0.030,0.442,0.528
118500,0.030,0.369,0.601
119000,0.030,0.292,0.678
119500,0.030,0.515,0.455
120000,0.030,0.434,0.536
120500,0.030,0.402,0.568
121000,0.030,0.395,0.575
121500,0.030,0.391,0.579
122000,0.030,0.359,0.611
122500,0.034,0.246,0.720
123000,0.030,0.374,0.596
123500,0.030,0.415,0.555
124000,0.030,0.464,0.506
124500,0.030,0.501,0.469
125000,0.030,0.414,0.556
125500,0.030,0.423,0.547
126000,0.030,0.421,0.549
126500,0.030,0.355,0.615
127000,0.030,0.370,0.600
127500,0.030,0.396,0.574
128000,0.030,0.445,0.525
128500,0.030,0.470,0.500
129000,0.030,0.476,0.494
129500,0.030,0.446,0.524
130000,0.030,0.468,0.502
130500,0.030,0.374,0.596
131000,0.030,0.554,0.416
131500,0.030,0.308,0.662
132000,0.030,0.395,0.575
132500,0.030,0.468,0.502
133000,0.030,0.420,0.550
133500,0.030,0.551,0.419
134000,0.030,0.447,0.523
134500,0.030,0.397,0.573
135000,0.030,0.331,0.639
135500,0.030,0.453,0.517
136000,0.030,0.396,0.574
136500,0.030,0.338,0.632
137000,0.030,0.402,0.568
137500,0.030,0.447,0.523
138000,0.030,0.488,0.482
138500,0.030,0.336,0.634
139000,0.030,0.448,0.522
139500,0.030,0.482,0.488
140000,0.030,0.334,0.636
140500,0.030,0.349,0.621
141000,0.030,0.410,0.560
141500,0.030,0.559,0.411
142000,0.030,0.537,0.433
142500,0.030,0.411,0.559
143000,0.030,0.465,0.505
143500,0.030,0.326,0.644
144000,0.030,0.344,0.626
144500,0.030,0.444,0.526
145000,0.030,0.536,0.434
145500,0.030,0.382,0.588
146000,0.030,0.448,0.522
146500,0.030,0.387,0.583
147000,0.030,0.473,0.497
147500,0.030,0.445,0.525
148000,0.030,0.499,0.471
148500,0.030,0.403,0.567
149000,0.030,0.342,0.628
149500,0.030,0.480,0.490
150000,0.030,0.527,0.443
150500,0.030,0.392,0.578
151000,0.030,0.417,0.553
151500,0.030,0.498,0.472
152000,0.030,0.499,0.471
152500,0.030,0.502,0.468
153000,0.030,0.556,0.414
153500,0.030,0.358,0.612
154000,0.030,0.459,0.511
154500,0.030,0.403,0.567
155000,0.030,0.264,0.706
155500,0.030,0.347,0.623
156000,0.030,0.363,0.607
156500,0.030,0.346,0.624
157000,0.030,0.450,0.520
157500,0.030,0.514,0.456
158000,0.030,0.389,0.581
158500,0.030,0.510,0.460
159000,0.030,0.397,0.573
159500,0.030,0.500,0.470
160000,0.030,0.500,0.470
160500,0.034,0.272,0.694
161000,0.030,0.358,0.612
161500,0.030,0.405,0.565
162000,0.030,0.452,0.518
162500,0.030,0.390,0.580
163000,0.030,0.474,0.496
163500,0.030,0.470,0.500
164000,0.030,0.460,0.510
164500,0.030,0.369,0.601
165000,0.030,0.416,0.554
165500,0.030,0.421,0.549
166000,0.030,0.345,0.625
166500,0.030,0.379,0.591
167000,0.030,0.396,0.574
167500,0.030,0.462,0.508
168000,0.030,0.370,0.600
168500,0.030,0.420,0.550
169000,0.030,0.499,0.471
169500,0.030,0.476,0.494
170000,0.030,0.457,0.513
170500,0.030,0.480,0.490
171000,0.030,0.520,0.450
171500,0.030,0.432,0.538
172000,0.030,0.344,0.626
172500,0.030,0.335,0.635
173000,0.030,0.479,0.491
173500,0.030,0.426,0.544
174000,0.030,0.450,0.520
174500,0.030,0.566,0.404
175000,0.030,0.434,0.536
175500,0.030,0.504,0.466
176000,0.030,0.353,0.617
176500,0.030,0.298,0.672
177000,0.030,0.527,0.443
177500,0.030,0.549,0.421
178000,0.030,0.530,0.440
178500,0.030,0.430,0.540
179000,0.030,0.419,0.551
179500,0.030,0.410,0.560
180000,0.030,0.386,0.584
180500,0.031,0.269,0.700
181000,0.030,0.421,0.549
181500,0.030,0.434,0.536
182000,0.030,0.374,0.596
182500,0.030,0.507,0.463
183000,0.030,0.436,0.534
183500,0.030,0.519,0.451
184000,0.030,0.536,0.434
184500,0.030,0.553,0.417
185000,0.033,0.239,0.728
185500,0.030,0.405,0.565
186000,0.030,0.485,0.485
186500,0.030,0.512,0.458
187000,0.030,0.442,0.528
187500,0.030,0.477,0.493
188000,0.030,0.632,0.338
188500,0.030,0.576,0.394
189000,0.030,0.391,0.579
189500,0.030,0.362,0.608
190000,0.030,0.420,0.550
190500,0.030,0.466,0.504
191000,0.030,0.368,0.602
191500,0.030,0.535,0.435
192000,0.030,0.392,0.578
192500,0.030,0.364,0.606
193000,0.030,0.395,0.575
193500,0.030,0.459,0.511
194000,0.030,0.517,0.453
194500,0.030,0.409,0.561
195000,0.030,0.374,0.596
195500,0.030,0.439,0.531
196000,0.030,0.468,0.502
196500,0.030,0.583,0.387
197000,0.030,0.590,0.380
197500,0.030,0.485,0.485
198000,0.030,0.449,0.521
198500,0.030,0.414,0.556
199000,0.030,0.457,0.513
199500,0.030,0.366,0.604
200000,0.030,0.464,0.506
200500,0.030,0.450,0.520
201000,0.030,0.543,0.427
201500,0.030,0.443,0.527
202000,0.030,0.443,0.527
202500,0.030,0.356,0.614
203000,0.030,0.296,0.674
203500,0.030,0.346,0.624
204000,0.030,0.463,0.507
204500,0.030,0.497,0.473
205000,0.030,0.481,0.489
205500,0.030,0.354,0.616
206000,0.030,0.459,0.511
206500,0.030,0.467,0.503
207000,0.030,0.262,0.708
207500,0.030,0.538,0.432
208000,0.030,0.515,0.455
208500,0.030,0.591,0.379
209000,0.030,0.424,0.546
209500,0.030,0.561,0.409
210000,0.030,0.434,0.536
210500,0.030,0.531,0.439
211000,0.030,0.440,0.530
211500,0.030,0.475,0.495
212000,0.030,0.440,0.530
212500,0.030,0.359,0.611
213000,0.030,0.457,0.513
213500,0.030,0.408,0.562
214000,0.030,0.482,0.488
214500,0.030,0.606,0.364
215000,0.030,0.530,0.440
215500,0.030,0.473,0.497
216000,0.030,0.549,0.421
216500,0.030,0.442,0.528
217000,0.030,0.364,0.606
217500,0.030,0.479,0.491
218000,0.030,0.352,0.618
218500,0.030,0.546,0.424
219000,0.030,0.565,0.405
219500,0.030,0.505,0.465
220000,0.030,0.392,0.578
220500,0.030,0.369,0.601
221000,0.030,0.406,0.564
221500,0.030,0.395,0.575
222000,0.030,0.333,0.637
222500,0.030,0.458,0.512
223000,0.030,0.400,0.570
223500,0.030,0.377,0.593
224000,0.030,0.474,0.496
224500,0.030,0.281,0.689
225000,0.030,0.488,0.482
225500,0.030,0.431,0.539
226000,0.030,0.501,0.469
226500,0.030,0.442,0.528
227000,0.030,0.407,0.563
227500,0.030,0.407,0.563
228000,0.030,0.405,0.565
228500,0.030,0.460,0.510
229000,0.030,0.428,0.542
229500,0.030,0.479,0.491
230000,0.030,0.427,0.543
230500,0.030,0.566,0.404
231000,0.030,0.356,0.614
231500,0.030,0.310,0.660
232000,0.030,0.372,0.598
232500,0.030,0.424,0.546
233000,0.030,0.468,0.502
233500,0.030,0.370,0.600
234000,0.030,0.400,0.570
234500,0.030,0.520,0.450
235000,0.030,0.472,0.498
235500,0.030,0.366,0.604
236000,0.030,0.508,0.462
236500,0.030,0.330,0.640
237000,0.030,0.389,0.581
237500,0.030,0.492,0.478
238000,0.030,0.577,0.393
238500,0.030,0.490,0.480
239000,0.030,0.496,0.474
239500,0.030,0.450,0.520
240000,0.030,0.478,0.492
240500,0.030,0.412,0.558
241000,0.030,0.490,0.480
241500,0.030,0.461,0.509
242000,0.030,0.507,0.463
242500,0.030,0.283,0.687
243000,0.030,0.506,0.464
243500,0.030,0.539,0.431
244000,0.030,0.499,0.471
244500,0.030,0.382,0.588
245000,0.030,0.392,0.578
245500,0.030,0.382,0.588
246000,0.030,0.380,0.590
246500,0.030,0.453,0.517
247000,0.030,0.447,0.523
247500,0.030,0.572,0.398
248000,0.030,0.424,0.546
248500,0.030,0.458,0.512
249000,0.030,0.417,0.553
249500,0.030,0.422,0.548
250000,0.030,0.385,0.585
250500,0.030,0.499,0.471
251000,0.030,0.345,0.625
251500,0.030,0.432,0.538
252000,0.030,0.390,0.580
252500,0.030,0.309,0.661
253000,0.030,0.335,0.635
253500,0.030,0.469,0.501
254000,0.030,0.474,0.496
254500,0.030,0.417,0.553
255000,0.030,0.427,0.543
255500,0.030,0.414,0.556
256000,0.030,0.462,0.508
256500,0.030,0.521,0.449
257000,0.030,0.446,0.524
257500,0.030,0.467,0.503
258000,0.030,0.445,0.525
258500,0.030,0.440,0.530
259000,0.030,0.500,0.470
259500,0.030,0.366,0.604
260000,0.030,0.401,0.569
260500,0.030,0.521,0.449
261000,0.030,0.413,0.557
261500,0.030,0.455,0.515
262000,0.030,0.463,0.507
262500,0.030,0.488,0.482
263000,0.030,0.454,0.516
263500,0.030,0.406,0.564
264000,0.030,0.400,0.570
264500,0.030,0.491,0.479
265000,0.030,0.522,0.448
265500,0.030,0.467,0.503
266000,0.030,0.536,0.434
266500,0.030,0.428,0.542
267000,0.030,0.527,0.443
267500,0.030,0.533,0.437
268000,0.030,0.487,0.483
268500,0.030,0.355,0.615
269000,0.030,0.370,0.600
269500,0.030,0.478,0.492
270000,0.030,0.478,0.492
270500,0.030,0.535,0.435
271000,0.030,0.373,0.597
271500,0.030,0.444,0.526
272000,0.030,0.435,0.535
272500,0.030,0.348,0.622
273000,0.030,0.398,0.572
273500,0.030,0.414,0.556
274000,0.030,0.451,0.519
274500,0.030,0.408,0.562
275000,0.030,0.432,0.538
275500,0.030,0.375,0.595
276000,0.030,0.521,0.449
276500,0.030,0.351,0.619
277000,0.030,0.501,0.469
277500,0.030,0.378,0.592
278000,0.030,0.352,0.618
278500,0.030,0.307,0.663
279000,0.030,0.439,0.531
279500,0.030,0.454,0.516
280000,0.030,0.490,0.480
280500,0.030,0.477,0.493
281000,0.030,0.440,0.530
281500,0.030,0.555,0.415
282000,0.030,0.490,0.480
282500,0.030,0.410,0.560
283000,0.030,0.415,0.555
283500,0.030,0.572,0.398
284000,0.030,0.455,0.515
284500,0.030,0.521,0.449
285000,0.030,0.494,0.476
285500,0.030,0.476,0.494
286000,0.030,0.351,0.619
286500,0.030,0.407,0.563
287000,0.030,0.350,0.620
287500,0.030,0.378,0.592
288000,0.030,0.512,0.458
288500,0.030,0.390,0.580
289000,0.030,0.436,0.534
289500,0.030,0.461,0.509
290000,0.030,0.377,0.593
290500,0.030,0.471,0.499
291000,0.030,0.514,0.456
291500,0.030,0.515,0.455
292000,0.030,0.485,0.485
292500,0.030,0.472,0.498
293000,0.030,0.371,0.599
293500,0.030,0.438,0.532
294000,0.030,0.433,0.537
294500,0.030,0.461,0.509
295000,0.030,0.381,0.589
295500,0.030,0.465,0.505
296000,0.030,0.477,0.493
296500,0.030,0.550,0.420
297000,0.030,0.534,0.436
297500,0.031,0.401,0.568
298000,0.030,0.366,0.604
298500,0.030,0.625,0.345
299000,0.030,0.457,0.513
299500,0.030,0.560,0.410
300000,0.030,0.420,0.550
300500,0.030,0.471,0.499
301000,0.030,0.547,0.423
301500,0.030,0.359,0.611
302000,0.030,0.369,0.601
302500,0.030,0.421,0.549
303000,0.030,0.440,0.530
303500,0.030,0.484,0.486
304000,0.030,0.464,0.506
304500,0.030,0.408,0.562
305000,0.030,0.516,0.454
305500,0.030,0.492,0.478
306000,0.030,0.420,0.550
306500,0.030,0.433,0.537
307000,0.030,0.483,0.487
307500,0.030,0.447,0.523
308000,0.030,0.353,0.617
308500,0.030,0.341,0.629
309000,0.030,0.410,0.560
309500,0.030,0.382,0.588
310000,0.030,0.383,0.587
310500,0.030,0.452,0.518
311000,0.030,0.434,0.536
311500,0.030,0.352,0.618
312000,0.030,0.303,0.667
312500,0.030,0.461,0.509
313000,0.030,0.488,0.482
313500,0.030,0.371,0.599
314000,0.030,0.406,0.564
314500,0.030,0.434,0.536
315000,0.030,0.328,0.642
315500,0.030,0.545,0.425
316000,0.030,0.414,0.556
316500,0.030,0.424,0.546
317000,0.030,0.371,0.599
317500,0.030,0.487,0.483
318000,0.030,0.407,0.563
318500,0.030,0.428,0.542
319000,0.030,0.399,0.571
319500,0.030,0.374,0.596
320000,0.030,0.351,0.619
320500,0.030,0.452,0.518
321000,0.030,0.340,0.630
321500,0.030,0.406,0.564
322000,0.030,0.421,0.549
322500,0.030,0.428,0.542
323000,0.030,0.306,0.664
323500,0.030,0.498,0.472
324000,0.030,0.361,0.609
324500,0.030,0.481,0.489
325000,0.030,0.478,0.492
325500,0.030,0.449,0.521
326000,0.030,0.286,0.684
326500,0.030,0.532,0.438
327000,0.030,0.483,0.487
327500,0.030,0.409,0.561
328000,0.030,0.408,0.562
328500,0.030,0.425,0.545
329000,0.030,0.389,0.581
329500,0.030,0.554,0.416
330000,0.030,0.536,0.434
330500,0.030,0.386,0.584
331000,0.030,0.477,0.493
331500,0.030,0.387,0.583
332000,0.030,0.434,0.536
332500,0.030,0.482,0.488
333000,0.030,0.527,0.443
333500,0.030,0.409,0.561
334000,0.030,0.463,0.507
334500,0.030,0.511,0.459
335000,0.030,0.570,0.400
335500,0.030,0.463,0.507
336000,0.030,0.366,0.604
336500,0.030,0.354,0.616
337000,0.030,0.392,0.578
337500,0.030,0.486,0.484
338000,0.030,0.374,0.596
338500,0.030,0.494,0.476
339000,0.030,0.363,0.607
339500,0.030,0.408,0.562
340000,0.030,0.506,0.464
340500,0.030,0.503,0.467
341000,0.030,0.491,0.479
341500,0.030,0.387,0.583
342000,0.030,0.480,0.490
342500,0.030,0.459,0.511
343000,0.030,0.390,0.580
343500,0.030,0.406,0.564
344000,0.030,0.318,0.652
344500,0.030,0.321,0.649
345000,0.030,0.373,0.597
345500,0.030,0.374,0.596
346000,0.030,0.363,0.607
346500,0.030,0.453,0.517
347000,0.030,0.642,0.328
347500,0.030,0.509,0.461
348000,0.030,0.413,0.557
348500,0.030,0.506,0.464
349000,0.030,0.432,0.538
349500,0.030,0.400,0.570
350000,0.030,0.402,0.568
350500,0.030,0.319,0.651
351000,0.030,0.403,0.567
351500,0.030,0.482,0.488
352000,0.030,0.508,0.462
352500,0.030,0.421,0.549
353000,0.036,0.331,0.633
353500,0.030,0.326,0.644
354000,0.030,0.444,0.526
354500,0.030,0.446,0.524
355000,0.030,0.407,0.563
355500,0.030,0.426,0.544
356000,0.030,0.450,0.520
356500,0.030,0.505,0.465
357000,0.030,0.476,0.494
357500,0.030,0.553,0.417
358000,0.030,0.504,0.466
358500,0.030,0.500,0.470
359000,0.030,0.426,0.544
359500,0.030,0.393,0.577
360000,0.030,0.445,0.525
360500,0.030,0.438,0.532
361000,0.030,0.477,0.493
361500,0.030,0.483,0.487
362000,0.030,0.492,0.478
362500,0.030,0.513,0.457
363000,0.030,0.373,0.597
363500,0.030,0.307,0.663
364000,0.030,0.426,0.544
364500,0.030,0.395,0.575
365000,0.030,0.540,0.430
365500,0.030,0.444,0.526
366000,0.030,0.477,0.493
366500,0.030,0.373,0.597
367000,0.030,0.457,0.513
367500,0.030,0.531,0.439
368000,0.030,0.441,0.529
368500,0.030,0.439,0.531
369000,0.030,0.543,0.427
369500,0.030,0.444,0.526
370000,0.030,0.403,0.567
370500,0.030,0.438,0.532
371000,0.030,0.612,0.358
371500,0.030,0.514,0.456
372000,0.030,0.326,0.644
372500,0.030,0.291,0.679
373000,0.030,0.465,0.505
373500,0.030,0.525,0.445
374000,0.030,0.441,0.529
374500,0.030,0.479,0.491
375000,0.030,0.390,0.580
375500,0.030,0.515,0.455
376000,0.030,0.615,0.355
376500,0.030,0.501,0.469
377000,0.030,0.498,0.472
377500,0.030,0.423,0.547
378000,0.030,0.597,0.373
378500,0.030,0.516,0.454
379000,0.030,0.362,0.608
379500,0.030,0.331,0.639
380000,0.030,0.383,0.587
380500,0.030,0.482,0.488
381000,0.030,0.400,0.570
381500,0.030,0.495,0.475
382000,0.030,0.405,0.565
382500,0.030,0.641,0.329
383000,0.030,0.468,0.502
383500,0.030,0.522,0.448
384000,0.030,0.247,0.723
384500,0.030,0.379,0.591
385000,0.030,0.353,0.617
385500,0.030,0.329,0.641
386000,0.030,0.491,0.479
386500,0.030,0.468,0.502
387000,0.030,0.408,0.562
387500,0.030,0.456,0.514
388000,0.030,0.332,0.638
388500,0.030,0.400,0.570
389000,0.030,0.470,0.500
389500,0.030,0.404,0.566
390000,0.030,0.446,0.524
390500,0.030,0.457,0.513
391000,0.030,0.383,0.587
391500,0.030,0.503,0.467
392000,0.030,0.369,0.601
392500,0.030,0.436,0.534
393000,0.030,0.514,0.456
393500,0.030,0.377,0.593
394000,0.030,0.390,0.580
394500,0.030,0.410,0.560
395000,0.030,0.485,0.485
395500,0.030,0.403,0.567
396000,0.030,0.416,0.554
396500,0.030,0.467,0.503
397000,0.030,0.598,0.372
397500,0.030,0.492,0.478
398000,0.030,0.604,0.366
398500,0.030,0.418,0.552
399000,0.040,0.346,0.614
399500,0.030,0.451,0.519
400000,0.030,0.456,0.514
400500,0.030,0.344,0.626
401000,0.030,0.297,0.673
401500,0.030,0.312,0.658
402000,0.030,0.380,0.590
402500,0.030,0.395,0.575
403000,0.030,0.372,0.598
403500,0.030,0.434,0.536
404000,0.030,0.498,0.472
404500,0.030,0.378,0.592
405000,0.030,0.470,0.500
405500,0.030,0.561,0.409
406000,0.030,0.438,0.532
406500,0.030,0.418,0.552
407000,0.030,0.450,0.520
407500,0.030,0.384,0.586
408000,0.030,0.416,0.554
408500,0.030,0.369,0.601
409000,0.030,0.421,0.549
409500,0.030,0.384,0.586
410000,0.030,0.420,0.550
410500,0.030,0.464,0.506
411000,0.030,0.463,0.507
411500,0.030,0.369,0.601
412000,0.030,0.439,0.531
412500,0.033,0.421,0.546
413000,0.030,0.287,0.683
413500,0.030,0.361,0.609
414000,0.030,0.432,0.538
414500,0.030,0.391,0.579
415000,0.030,0.364,0.606
415500,0.030,0.430,0.540
416000,0.030,0.389,0.581
416500,0.030,0.430,0.540
417000,0.030,0.510,0.460
417500,0.030,0.476,0.494
418000,0.030,0.310,0.660
418500,0.030,0.490,0.480
419000,0.030,0.361,0.609
419500,0.030,0.423,0.547
420000,0.042,0.332,0.626
420500,0.030,0.478,0.492
421000,0.030,0.500,0.470
421500,0.030,0.378,0.592
422000,0.030,0.473,0.497
422500,0.030,0.376,0.594
423000,0.030,0.481,0.489
423500,0.030,0.308,0.662
424000,0.030,0.439,0.531
424500,0.030,0.457,0.513
425000,0.030,0.244,0.726
425500,0.030,0.388,0.582
426000,0.030,0.402,0.568
426500,0.030,0.415,0.555
427000,0.030,0.389,0.581
427500,0.030,0.540,0.430
428000,0.030,0.473,0.497
428500,0.030,0.480,0.490
429000,0.030,0.436,0.534
429500,0.030,0.473,0.497
430000,0.030,0.369,0.601
430500,0.030,0.383,0.587
431000,0.030,0.508,0.462
431500,0.030,0.500,0.470
432000,0.030,0.440,0.530
432500,0.030,0.435,0.535
433000,0.030,0.534,0.436
433500,0.030,0.379,0.591
434000,0.030,0.401,0.569
434500,0.030,0.408,0.562
435000,0.030,0.383,0.587
435500,0.030,0.335,0.635
436000,0.030,0.485,0.485
436500,0.030,0.399,0.571
437000,0.030,0.513,0.457
437500,0.030,0.451,0.519
438000,0.030,0.495,0.475
438500,0.030,0.433,0.537
439000,0.030,0.518,0.452
439500,0.030,0.547,0.423
440000,0.030,0.566,0.404
440500,0.030,0.478,0.492
441000,0.030,0.439,0.531
441500,0.030,0.433,0.537
442000,0.030,0.478,0.492
442500,0.030,0.558,0.412
443000,0.030,0.387,0.583
443500,0.030,0.527,0.443
444000,0.030,0.435,0.535
444500,0.030,0.404,0.566
445000,0.030,0.423,0.547
445500,0.030,0.482,0.488
446000,0.030,0.399,0.571
446500,0.030,0.428,0.542
447000,0.030,0.347,0.623
447500,0.030,0.499,0.471
448000,0.030,0.354,0.616
448500,0.030,0.482,0.488
449000,0.030,0.574,0.396
449500,0.030,0.533,0.437
450000,0.030,0.431,0.539
450500,0.030,0.274,0.696
451000,0.030,0.377,0.593
451500,0.030,0.503,0.467
452000,0.030,0.386,0.584
452500,0.030,0.395,0.575
453000,0.030,0.466,0.504
453500,0.030,0.449,0.521
454000,0.030,0.506,0.464
454500,0.030,0.439,0.531
455000,0.030,0.423,0.547
455500,0.030,0.474,0.496
456000,0.030,0.455,0.515
456500,0.030,0.442,0.528
457000,0.030,0.572,0.398
457500,0.030,0.376,0.594
458000,0.030,0.393,0.577
458500,0.030,0.544,0.426
459000,0.030,0.498,0.472
459500,0.030,0.450,0.520
460000,0.030,0.506,0.464
460500,0.030,0.598,0.372
461000,0.030,0.593,0.377
461500,0.030,0.598,0.372
462000,0.030,0.475,0.495
462500,0.030,0.366,0.604
463000,0.030,0.395,0.575
463500,0.030,0.503,0.467
464000,0.030,0.470,0.500
464500,0.030,0.423,0.547
465000,0.030,0.512,0.458
465500,0.030,0.466,0.504
466000,0.030,0.379,0.591
466500,0.030,0.474,0.496
467000,0.030,0.392,0.578
467500,0.030,0.562,0.408
468000,0.030,0.402,0.568
468500,0.030,0.387,0.583
469000,0.030,0.436,0.534
469500,0.030,0.422,0.548
470000,0.030,0.428,0.542
470500,0.030,0.467,0.503
471000,0.030,0.389,0.581
471500,0.030,0.441,0.529
472000,0.030,0.329,0.641
472500,0.030,0.443,0.527
473000,0.030,0.496,0.474
473500,0.030,0.484,0.486
474000,0.030,0.440,0.530
474500,0.030,0.482,0.488
475000,0.030,0.444,0.526
475500,0.030,0.359,0.611
476000,0.030,0.322,0.648
476500,0.030,0.312,0.658
477000,0.030,0.391,0.579
477500,0.030,0.535,0.435
478000,0.030,0.566,0.404
478500,0.030,0.365,0.605
479000,0.030,0.464,0.506
479500,0.030,0.511,0.459
480000,0.030,0.344,0.626
480500,0.030,0.468,0.502
481000,0.030,0.427,0.543
481500,0.030,0.456,0.514
482000,0.030,0.492,0.478
482500,0.030,0.599,0.371
483000,0.030,0.497,0.473
483500,0.030,0.445,0.525
484000,0.030,0.482,0.488
484500,0.030,0.480,0.490
485000,0.030,0.502,0.468
485500,0.030,0.416,0.554
486000,0.030,0.369,0.601
486500,0.030,0.241,0.729
487000,0.030,0.315,0.655
487500,0.030,0.381,0.589
488000,0.030,0.460,0.510
488500,0.030,0.462,0.508
489000,0.030,0.593,0.377
489500,0.030,0.686,0.284
490000,0.030,0.479,0.491
490500,0.030,0.502,0.468
491000,0.030,0.542,0.428
491500,0.030,0.502,0.468
492000,0.030,0.438,0.532
492500,0.030,0.482,0.488
493000,0.030,0.448,0.522
493500,0.030,0.358,0.612
494000,0.030,0.442,0.528
494500,0.030,0.594,0.376
495000,0.030,0.421,0.549
495500,0.030,0.467,0.503
496000,0.030,0.495,0.475
496500,0.030,0.446,0.524
497000,0.030,0.395,0.575
497500,0.030,0.338,0.632
498000,0.030,0.377,0.593
498500,0.030,0.486,0.484
499000,0.030,0.419,0.551
499500,0.030,0.358,0.612
500000,0.030,0.363,0.607
500500,0.030,0.416,0.554
501000,0.030,0.467,0.503
501500,0.030,0.399,0.571
502000,0.030,0.434,0.536
502500,0.030,0.417,0.553
503000,0.030,0.392,0.578
503500,0.030,0.620,0.350
504000,0.030,0.466,0.504
504500,0.030,0.451,0.519
505000,0.030,0.452,0.518
505500,0.030,0.420,0.550
506000,0.030,0.474,0.496
506500,0.030,0.404,0.566
507000,0.030,0.374,0.596
507500,0.030,0.445,0.525
508000,0.030,0.394,0.576
508500,0.030,0.482,0.488
509000,0.030,0.348,0.622
509500,0.030,0.576,0.394
510000,0.030,0.406,0.564
510500,0.030,0.354,0.616
511000,0.030,0.472,0.498
511500,0.030,0.529,0.441
512000,0.030,0.401,0.569
512500,0.030,0.581,0.389
513000,0.030,0.434,0.536
513500,0.030,0.556,0.414
514000,0.030,0.414,0.556
514500,0.030,0.359,0.611
515000,0.030,0.430,0.540
515500,0.030,0.467,0.503
516000,0.030,0.359,0.611
516500,0.030,0.434,0.536
517000,0.030,0.334,0.636
517500,0.030,0.467,0.503
518000,0.030,0.486,0.484
518500,0.030,0.522,0.448
519000,0.030,0.275,0.695
519500,0.030,0.474,0.496
520000,0.030,0.524,0.446
520500,0.030,0.468,0.502
521000,0.030,0.401,0.569
521500,0.030,0.593,0.377
522000,0.030,0.637,0.333
522500,0.030,0.401,0.569
523000,0.030,0.389,0.581
523500,0.030,0.383,0.587
524000,0.030,0.476,0.494
524500,0.030,0.444,0.526
525000,0.030,0.432,0.538
525500,0.030,0.420,0.550
526000,0.030,0.454,0.516
526500,0.030,0.457,0.513
527000,0.030,0.442,0.528
527500,0.030,0.314,0.656
528000,0.030,0.507,0.463
528500,0.030,0.518,0.452
529000,0.030,0.497,0.473
529500,0.030,0.488,0.482
530000,0.030,0.355,0.615
530500,0.030,0.429,0.541
531000,0.030,0.453,0.517
531500,0.030,0.377,0.593
532000,0.030,0.506,0.464
532500,0.030,0.427,0.543
533000,0.030,0.477,0.493
533500,0.030,0.356,0.614
534000,0.030,0.515,0.455
534500,0.030,0.524,0.446
535000,0.030,0.462,0.508
535500,0.030,0.419,0.551
536000,0.030,0.585,0.385
536500,0.030,0.473,0.497
537000,0.030,0.456,0.514
537500,0.030,0.347,0.623
538000,0.030,0.586,0.384
538500,0.030,0.481,0.489
539000,0.030,0.420,0.550
539500,0.030,0.322,0.648
540000,0.030,0.329,0.641
540500,0.030,0.271,0.699
541000,0.030,0.360,0.610
541500,0.030,0.471,0.499
542000,0.030,0.506,0.464
542500,0.043,0.387,0.570
543000,0.030,0.368,0.602
543500,0.030,0.471,0.499
544000,0.030,0.454,0.516
544500,0.030,0.461,0.509
545000,0.030,0.556,0.414
545500,0.030,0.479,0.491
546000,0.030,0.377,0.593
546500,0.030,0.460,0.510
547000,0.030,0.517,0.453
547500,0.030,0.487,0.483
548000,0.030,0.460,0.510
548500,0.030,0.459,0.511
549000,0.030,0.421,0.549
549500,0.030,0.488,0.482
550000,0.030,0.394,0.576
550500,0.030,0.401,0.569
551000,0.030,0.407,0.563
551500,0.030,0.311,0.659
552000,0.030,0.555,0.415
552500,0.030,0.349,0.621
553000,0.030,0.497,0.473
553500,0.030,0.363,0.607
554000,0.030,0.461,0.509
554500,0.030,0.413,0.557
555000,0.030,0.434,0.536
555500,0.030,0.477,0.493
556000,0.030,0.424,0.546
556500,0.037,0.315,0.648
557000,0.030,0.520,0.450
557500,0.030,0.498,0.472
558000,0.030,0.491,0.479
558500,0.030,0.492,0.478
559000,0.030,0.436,0.534
559500,0.030,0.392,0.578
560000,0.030,0.392,0.578
560500,0.030,0.403,0.567
561000,0.030,0.549,0.421
561500,0.030,0.540,0.430
562000,0.030,0.439,0.531
562500,0.030,0.421,0.549
563000,0.030,0.413,0.557
563500,0.030,0.529,0.441
564000,0.030,0.487,0.483
564500,0.030,0.360,0.610
565000,0.037,0.373,0.590
565500,0.033,0.276,0.691
566000,0.030,0.271,0.699
566500,0.030,0.456,0.514
567000,0.030,0.472,0.498
567500,0.030,0.389,0.581
568000,0.030,0.425,0.545
568500,0.030,0.603,0.367
569000,0.030,0.578,0.392
569500,0.030,0.425,0.545
570000,0.030,0.357,0.613
570500,0.030,0.332,0.638
571000,0.030,0.374,0.596
571500,0.030,0.496,0.474
572000,0.030,0.420,0.550
572500,0.030,0.441,0.529
573000,0.030,0.435,0.535
573500,0.030,0.420,0.550
574000,0.030,0.395,0.575
574500,0.030,0.406,0.564
575000,0.030,0.475,0.495
575500,0.030,0.367,0.603
576000,0.030,0.540,0.430
576500,0.030,0.421,0.549
577000,0.030,0.425,0.545
577500,0.030,0.398,0.572
578000,0.030,0.476,0.494
578500,0.030,0.410,0.560
579000,0.030,0.445,0.525
579500,0.030,0.483,0.487
580000,0.030,0.405,0.565
580500,0.030,0.495,0.475
581000,0.030,0.429,0.541
581500,0.030,0.422,0.548
582000,0.030,0.405,0.565
582500,0.030,0.452,0.518
583000,0.030,0.439,0.531
583500,0.030,0.446,0.524
584000,0.030,0.432,0.538
584500,0.030,0.463,0.507
585000,0.030,0.469,0.501
585500,0.030,0.361,0.609
586000,0.035,0.264,0.701
586500,0.030,0.397,0.573
587000,0.030,0.449,0.521
587500,0.030,0.420,0.550
588000,0.030,0.494,0.476
588500,0.030,0.559,0.411
589000,0.030,0.568,0.402
589500,0.030,0.450,0.520
590000,0.030,0.396,0.574
590500,0.030,0.460,0.510
591000,0.030,0.467,0.503
591500,0.030,0.424,0.546
592000,0.030,0.545,0.425
592500,0.030,0.528,0.442
593000,0.030,0.598,0.372
593500,0.030,0.449,0.521
594000,0.030,0.454,0.516
594500,0.030,0.398,0.572
595000,0.030,0.461,0.509
595500,0.030,0.376,0.594
596000,0.039,0.301,0.660
596500,0.031,0.322,0.647
597000,0.030,0.373,0.597
597500,0.030,0.518,0.452
598000,0.030,0.350,0.620
598500,0.030,0.488,0.482
599000,0.030,0.415,0.555
599500,0.030,0.509,0.461
600000,0.030,0.427,0.543
600500,0.030,0.392,0.578
601000,0.030,0.453,0.517
601500,0.030,0.425,0.545
602000,0.030,0.495,0.475
602500,0.030,0.460,0.510
603000,0.030,0.541,0.429
603500,0.030,0.313,0.657
604000,0.030,0.420,0.550
604500,0.030,0.426,0.544
605000,0.030,0.426,0.544
605500,0.030,0.562,0.408
606000,0.030,0.477,0.493
606500,0.030,0.408,0.562
607000,0.030,0.368,0.602
607500,0.030,0.364,0.606
608000,0.030,0.413,0.557
608500,0.030,0.550,0.420
609000,0.030,0.392,0.578
609500,0.030,0.519,0.451
610000,0.030,0.476,0.494
610500,0.030,0.486,0.484
611000,0.030,0.388,0.582
611500,0.030,0.331,0.639
612000,0.030,0.417,0.553
612500,0.030,0.446,0.524
613000,0.030,0.493,0.477
613500,0.030,0.449,0.521
614000,0.030,0.447,0.523
614500,0.030,0.466,0.504
615000,0.030,0.573,0.397
615500,0.030,0.427,0.543
616000,0.030,0.553,0.417
616500,0.030,0.609,0.361
617000,0.030,0.336,0.634
617500,0.030,0.390,0.580
618000,0.030,0.360,0.610
618500,0.030,0.461,0.509
619000,0.030,0.350,0.620
619500,0.030,0.530,0.440
620000,0.030,0.455,0.515
620500,0.030,0.482,0.488
621000,0.030,0.523,0.447
621500,0.030,0.376,0.594
622000,0.030,0.382,0.588
622500,0.030,0.417,0.553
623000,0.030,0.505,0.465
623500,0.030,0.474,0.496
624000,0.030,0.480,0.490
624500,0.030,0.489,0.481
625000,0.030,0.483,0.487
625500,0.030,0.579,0.391
626000,0.030,0.379,0.591
626500,0.030,0.410,0.560
627000,0.030,0.427,0.543
627500,0.030,0.447,0.523
628000,0.030,0.419,0.551
628500,0.030,0.386,0.584
629000,0.030,0.497,0.473
629500,0.030,0.437,0.533
630000,0.030,0.539,0.431
630500,0.030,0.422,0.548
631000,0.030,0.430,0.540
631500,0.030,0.485,0.485
632000,0.030,0.457,0.513
632500,0.030,0.617,0.353
633000,0.030,0.409,0.561
633500,0.030,0.554,0.416
634000,0.030,0.495,0.475
634500,0.030,0.387,0.583
635000,0.030,0.384,0.586
635500,0.030,0.422,0.548
636000,0.030,0.488,0.482
636500,0.030,0.535,0.435
637000,0.030,0.470,0.500
637500,0.030,0.412,0.558
638000,0.030,0.547,0.423
638500,0.030,0.445,0.525
639000,0.030,0.358,0.612
639500,0.030,0.514,0.456
640000,0.030,0.489,0.481
640500,0.030,0.550,0.420
641000,0.030,0.442,0.528
641500,0.030,0.500,0.470
642000,0.030,0.447,0.523
642500,0.030,0.556,0.414
643000,0.030,0.442,0.528
643500,0.030,0.379,0.591
644000,0.030,0.384,0.586
644500,0.030,0.482,0.488
645000,0.030,0.443,0.527
645500,0.030,0.390,0.580
646000,0.030,0.355,0.615
646500,0.030,0.497,0.473
647000,0.030,0.542,0.428
647500,0.030,0.547,0.423
648000,0.030,0.468,0.502
648500,0.030,0.474,0.496
649000,0.030,0.423,0.547
649500,0.030,0.403,0.567
650000,0.030,0.378,0.592
650500,0.035,0.275,0.690
651000,0.030,0.444,0.526
651500,0.030,0.446,0.524
652000,0.030,0.463,0.507
652500,0.030,0.511,0.459
653000,0.030,0.514,0.456
653500,0.030,0.428,0.542
654000,0.030,0.434,0.536
654500,0.030,0.522,0.448
655000,0.030,0.465,0.505
655500,0.030,0.365,0.605
656000,0.030,0.435,0.535
656500,0.030,0.529,0.441
657000,0.030,0.432,0.538
657500,0.030,0.394,0.576
658000,0.030,0.399,0.571
658500,0.030,0.378,0.592
659000,0.030,0.357,0.613
659500,0.030,0.412,0.558
660000,0.030,0.528,0.442
660500,0.030,0.489,0.481
661000,0.030,0.476,0.494
661500,0.030,0.413,0.557
662000,0.030,0.459,0.511
662500,0.030,0.473,0.497
663000,0.030,0.451,0.519
663500,0.030,0.476,0.494
664000,0.030,0.630,0.340
664500,0.030,0.491,0.479
665000,0.030,0.397,0.573
665500,0.030,0.538,0.432
666000,0.030,0.367,0.603
666500,0.030,0.454,0.516
667000,0.030,0.580,0.390
667500,0.030,0.506,0.464
668000,0.030,0.430,0.540
668500,0.030,0.431,0.539
669000,0.030,0.369,0.601
669500,0.030,0.368,0.602
670000,0.030,0.354,0.616
670500,0.030,0.523,0.447
671000,0.030,0.446,0.524
671500,0.030,0.341,0.629
672000,0.030,0.404,0.566
672500,0.030,0.616,0.354
673000,0.030,0.445,0.525
673500,0.030,0.427,0.543
674000,0.030,0.510,0.460
674500,0.030,0.478,0.492
675000,0.030,0.392,0.578
675500,0.030,0.497,0.473
676000,0.030,0.524,0.446
676500,0.030,0.517,0.453
677000,0.030,0.334,0.636
677500,0.030,0.389,0.581
678000,0.030,0.430,0.540
678500,0.030,0.457,0.513
679000,0.030,0.475,0.495
679500,0.030,0.495,0.475
680000,0.030,0.457,0.513
680500,0.030,0.454,0.516
681000,0.030,0.361,0.609
681500,0.030,0.430,0.540
682000,0.030,0.472,0.498
682500,0.030,0.438,0.532
683000,0.030,0.457,0.513
683500,0.030,0.439,0.531
684000,0.030,0.357,0.613
684500,0.030,0.450,0.520
685000,0.030,0.536,0.434
685500,0.030,0.375,0.595
686000,0.030,0.538,0.432
686500,0.030,0.412,0.558
687000,0.030,0.525,0.445
687500,0.030,0.431,0.539
688000,0.030,0.456,0.514
688500,0.030,0.430,0.540
689000,0.030,0.484,0.486
689500,0.030,0.582,0.388
690000,0.030,0.506,0.464
690500,0.030,0.582,0.388
691000,0.030,0.492,0.478
691500,0.030,0.392,0.578
692000,0.030,0.601,0.369
692500,0.030,0.519,0.451
693000,0.030,0.476,0.494
693500,0.030,0.524,0.446
694000,0.030,0.418,0.552
694500,0.030,0.458,0.512
695000,0.030,0.472,0.498
695500,0.030,0.426,0.544
696000,0.030,0.382,0.588
696500,0.030,0.380,0.590
697000,0.030,0.329,0.641
697500,0.030,0.295,0.675
698000,0.030,0.287,0.683
698500,0.030,0.400,0.570
699000,0.030,0.511,0.459
699500,0.030,0.444,0.526
700000,0.030,0.489,0.481
700500,0.030,0.460,0.510
701000,0.034,0.294,0.672
701500,0.030,0.423,0.547
702000,0.030,0.466,0.504
702500,0.030,0.427,0.543
703000,0.030,0.527,0.443
703500,0.030,0.494,0.476
704000,0.030,0.400,0.570
704500,0.030,0.475,0.495
705000,0.030,0.583,0.387
705500,0.030,0.529,0.441
706000,0.030,0.472,0.498
706500,0.030,0.558,0.412
707000,0.030,0.485,0.485
707500,0.030,0.377,0.593
708000,0.030,0.537,0.433
708500,0.030,0.430,0.540
709000,0.030,0.492,0.478
709500,0.030,0.363,0.607
710000,0.030,0.380,0.590
710500,0.030,0.471,0.499
711000,0.030,0.500,0.470
711500,0.030,0.460,0.510
712000,0.030,0.476,0.494
712500,0.030,0.461,0.509
713000,0.030,0.462,0.508
713500,0.042,0.257,0.701
714000,0.030,0.343,0.627
714500,0.030,0.375,0.595
715000,0.030,0.372,0.598
715500,0.030,0.497,0.473
716000,0.030,0.470,0.500
716500,0.030,0.404,0.566
717000,0.030,0.403,0.567
717500,0.030,0.379,0.591
718000,0.030,0.350,0.620
718500,0.030,0.483,0.487
719000,0.030,0.420,0.550
719500,0.030,0.442,0.528
720000,0.030,0.378,0.592
720500,0.030,0.486,0.484
721000,0.030,0.406,0.564
721500,0.030,0.422,0.548
722000,0.030,0.446,0.524
722500,0.030,0.379,0.591
723000,0.030,0.502,0.468
723500,0.030,0.491,0.479
724000,0.030,0.524,0.446
724500,0.030,0.416,0.554
725000,0.030,0.420,0.550
725500,0.030,0.343,0.627
726000,0.030,0.439,0.531
726500,0.030,0.342,0.628
727000,0.030,0.463,0.507
727500,0.030,0.361,0.609
728000,0.030,0.588,0.382
728500,0.030,0.629,0.341
729000,0.030,0.360,0.610
729500,0.030,0.488,0.482
730000,0.030,0.379,0.591
730500,0.030,0.361,0.609
731000,0.030,0.394,0.576
731500,0.030,0.388,0.582
732000,0.030,0.420,0.550
732500,0.030,0.384,0.586
733000,0.030,0.472,0.498
733500,0.030,0.522,0.448
734000,0.030,0.396,0.574
734500,0.030,0.464,0.506
735000,0.030,0.489,0.481
735500,0.030,0.396,0.574
736000,0.030,0.382,0.588
736500,0.030,0.397,0.573
737000,0.030,0.345,0.625
737500,0.030,0.503,0.467
738000,0.030,0.478,0.492
738500,0.030,0.445,0.525
739000,0.030,0.496,0.474
739500,0.030,0.413,0.557
740000,0.030,0.386,0.584
740500,0.030,0.424,0.546
741000,0.030,0.431,0.539
741500,0.030,0.269,0.701
742000,0.030,0.431,0.539
742500,0.030,0.426,0.544
743000,0.030,0.486,0.484
743500,0.030,0.383,0.587
744000,0.030,0.554,0.416
744500,0.030,0.417,0.553
745000,0.030,0.386,0.584
745500,0.030,0.440,0.530
746000,0.030,0.421,0.549
746500,0.030,0.420,0.550
747000,0.030,0.558,0.412
747500,0.030,0.465,0.505
748000,0.030,0.290,0.680
748500,0.030,0.428,0.542
749000,0.030,0.498,0.472
749500,0.030,0.553,0.417
750000,0.030,0.457,0.513
750500,0.030,0.499,0.471
751000,0.030,0.431,0.539
751500,0.030,0.498,0.472
752000,0.030,0.314,0.656
752500,0.030,0.472,0.498
753000,0.030,0.484,0.486
753500,0.030,0.495,0.475
754000,0.030,0.432,0.538
754500,0.030,0.381,0.589
755000,0.030,0.644,0.326
755500,0.030,0.456,0.514
756000,0.030,0.422,0.548
756500,0.030,0.477,0.493
757000,0.030,0.517,0.453
757500,0.030,0.361,0.609
758000,0.030,0.568,0.402
758500,0.030,0.534,0.436
759000,0.030,0.444,0.526
759500,0.030,0.504,0.466
760000,0.030,0.459,0.511
760500,0.030,0.338,0.632
761000,0.030,0.431,0.539
761500,0.030,0.455,0.515
762000,0.030,0.493,0.477
762500,0.030,0.508,0.462
763000,0.030,0.408,0.562
763500,0.030,0.431,0.539
764000,0.030,0.490,0.480
764500,0.030,0.546,0.424
765000,0.030,0.600,0.370
765500,0.030,0.513,0.457
766000,0.030,0.614,0.356
766500,0.030,0.401,0.569
767000,0.030,0.424,0.546
767500,0.030,0.454,0.516
768000,0.030,0.391,0.579
768500,0.030,0.401,0.569
769000,0.030,0.443,0.527
769500,0.030,0.422,0.548
770000,0.030,0.385,0.585
770500,0.030,0.555,0.415
771000,0.030,0.480,0.490
771500,0.030,0.397,0.573
772000,0.030,0.366,0.604
772500,0.030,0.342,0.628
773000,0.030,0.386,0.584
773500,0.030,0.530,0.440
774000,0.030,0.491,0.479
774500,0.030,0.481,0.489
775000,0.030,0.535,0.435
775500,0.030,0.369,0.601
776000,0.030,0.366,0.604
776500,0.030,0.351,0.619
777000,0.030,0.337,0.633
777500,0.030,0.431,0.539
778000,0.030,0.396,0.574
778500,0.030,0.545,0.425
779000,0.030,0.502,0.468
779500,0.030,0.385,0.585
780000,0.030,0.370,0.600
780500,0.030,0.447,0.523
781000,0.030,0.534,0.436
781500,0.030,0.525,0.445
782000,0.030,0.376,0.594
782500,0.030,0.441,0.529
783000,0.030,0.567,0.403
783500,0.030,0.399,0.571
784000,0.030,0.453,0.517
784500,0.030,0.420,0.550
785000,0.030,0.482,0.488
785500,0.046,0.410,0.544
786000,0.030,0.399,0.571
786500,0.030,0.462,0.508
787000,0.030,0.560,0.410
787500,0.030,0.426,0.544
788000,0.030,0.447,0.523
788500,0.030,0.490,0.480
789000,0.030,0.416,0.554
789500,0.030,0.425,0.545
790000,0.030,0.306,0.664
790500,0.030,0.423,0.547
791000,0.030,0.498,0.472
791500,0.030,0.378,0.592
792000,0.030,0.533,0.437
792500,0.030,0.413,0.557
793000,0.030,0.378,0.592
793500,0.030,0.463,0.507
794000,0.030,0.602,0.368
794500,0.030,0.479,0.491
795000,0.030,0.442,0.528
795500,0.030,0.336,0.634
796000,0.030,0.342,0.628
796500,0.030,0.411,0.559
797000,0.030,0.353,0.617
797500,0.030,0.437,0.533
798000,0.030,0.467,0.503
798500,0.030,0.470,0.500
799000,0.030,0.467,0.503
799500,0.030,0.290,0.680
800000,0.030,0.431,0.539
800500,0.030,0.429,0.541
801000,0.030,0.337,0.633
801500,0.030,0.457,0.513
802000,0.030,0.381,0.589
802500,0.030,0.403,0.567
803000,0.030,0.358,0.612
803500,0.030,0.439,0.531
804000,0.030,0.467,0.503
804500,0.030,0.363,0.607
805000,0.030,0.355,0.615
805500,0.030,0.424,0.546
806000,0.030,0.323,0.647
806500,0.030,0.443,0.527
807000,0.030,0.360,0.610
807500,0.030,0.419,0.551
808000,0.030,0.431,0.539
808500,0.030,0.401,0.569
809000,0.030,0.387,0.583
809500,0.030,0.327,0.643
810000,0.030,0.553,0.417
810500,0.030,0.411,0.559
811000,0.030,0.396,0.574
811500,0.030,0.416,0.554
812000,0.030,0.314,0.656
812500,0.030,0.388,0.582
813000,0.038,0.323,0.639
813500,0.030,0.456,0.514
814000,0.030,0.449,0.521
814500,0.030,0.478,0.492
815000,0.030,0.480,0.490
815500,0.034,0.352,0.614
816000,0.030,0.449,0.521
816500,0.030,0.518,0.452
817000,0.030,0.413,0.557
817500,0.030,0.432,0.538
818000,0.030,0.474,0.496
818500,0.030,0.379,0.591
819000,0.030,0.499,0.471
819500,0.030,0.454,0.516
820000,0.030,0.433,0.537
820500,0.030,0.511,0.459
821000,0.030,0.481,0.489
821500,0.030,0.381,0.589
822000,0.030,0.427,0.543
822500,0.030,0.418,0.552
823000,0.030,0.604,0.366
823500,0.030,0.519,0.451
824000,0.030,0.396,0.574
824500,0.030,0.453,0.517
825000,0.030,0.398,0.572
825500,0.030,0.412,0.558
826000,0.030,0.487,0.483
826500,0.030,0.376,0.594
827000,0.030,0.528,0.442
827500,0.030,0.447,0.523
828000,0.030,0.569,0.401
828500,0.030,0.526,0.444
829000,0.030,0.473,0.497
829500,0.030,0.518,0.452
830000,0.030,0.451,0.519
830500,0.030,0.371,0.599
831000,0.030,0.329,0.641
831500,0.030,0.394,0.576
832000,0.030,0.409,0.561
832500,0.030,0.494,0.476
833000,0.030,0.567,0.403
833500,0.030,0.532,0.438
834000,0.030,0.520,0.450
834500,0.030,0.438,0.532
835000,0.030,0.448,0.522
835500,0.030,0.570,0.400
836000,0.030,0.387,0.583
836500,0.030,0.439,0.531
837000,0.030,0.508,0.462
837500,0.030,0.369,0.601
838000,0.030,0.518,0.452
838500,0.030,0.505,0.465
839000,0.030,0.586,0.384
839500,0.030,0.465,0.505
840000,0.030,0.499,0.471
840500,0.030,0.469,0.501
841000,0.030,0.470,0.500
841500,0.030,0.421,0.549
842000,0.030,0.579,0.391
842500,0.030,0.322,0.648
843000,0.030,0.431,0.539
843500,0.030,0.284,0.686
844000,0.030,0.573,0.397
844500,0.030,0.457,0.513
845000,0.030,0.528,0.442
845500,0.030,0.475,0.495
846000,0.030,0.387,0.583
846500,0.030,0.429,0.541
847000,0.030,0.497,0.473
847500,0.030,0.420,0.550
848000,0.030,0.303,0.667
848500,0.030,0.318,0.652
849000,0.045,0.290,0.665
849500,0.031,0.373,0.596
850000,0.030,0.359,0.611
850500,0.030,0.385,0.585
851000,0.030,0.413,0.557
851500,0.030,0.381,0.589
852000,0.030,0.430,0.540
852500,0.030,0.563,0.407
853000,0.030,0.470,0.500
853500,0.030,0.510,0.460
854000,0.030,0.393,0.577
854500,0.030,0.316,0.654
855000,0.030,0.443,0.527
855500,0.030,0.468,0.502
856000,0.030,0.514,0.456
856500,0.030,0.444,0.526
857000,0.030,0.422,0.548
857500,0.030,0.469,0.501
858000,0.030,0.332,0.638
858500,0.030,0.503,0.467
859000,0.030,0.499,0.471
859500,0.030,0.451,0.519
860000,0.030,0.378,0.592
860500,0.030,0.432,0.538
861000,0.030,0.525,0.445
861500,0.030,0.338,0.632
862000,0.030,0.484,0.486
862500,0.030,0.648,0.322
863000,0.030,0.349,0.621
863500,0.030,0.405,0.565
864000,0.030,0.323,0.647
864500,0.030,0.332,0.638
865000,0.030,0.469,0.501
865500,0.030,0.383,0.587
866000,0.030,0.368,0.602
866500,0.030,0.579,0.391
867000,0.030,0.599,0.371
867500,0.030,0.413,0.557
868000,0.030,0.535,0.435
868500,0.030,0.591,0.379
869000,0.030,0.632,0.338
869500,0.030,0.555,0.415
870000,0.030,0.406,0.564
870500,0.030,0.397,0.573
871000,0.030,0.414,0.556
871500,0.030,0.375,0.595
872000,0.030,0.347,0.623
872500,0.030,0.490,0.480
873000,0.030,0.545,0.425
873500,0.030,0.477,0.493
874000,0.030,0.506,0.464
874500,0.030,0.420,0.550
875000,0.030,0.358,0.612
875500,0.030,0.334,0.636
876000,0.030,0.334,0.636
876500,0.030,0.474,0.496
877000,0.030,0.445,0.525
877500,0.030,0.444,0.526
878000,0.030,0.433,0.537
878500,0.030,0.526,0.444
879000,0.030,0.499,0.471
879500,0.030,0.447,0.523
880000,0.030,0.365,0.605
880500,0.030,0.509,0.461
881000,0.030,0.439,0.531
881500,0.030,0.445,0.525
882000,0.030,0.460,0.510
882500,0.030,0.420,0.550
883000,0.030,0.466,0.504
883500,0.030,0.477,0.493
884000,0.030,0.443,0.527
884500,0.030,0.513,0.457
885000,0.030,0.441,0.529
885500,0.030,0.396,0.574
886000,0.030,0.398,0.572
886500,0.030,0.563,0.407
887000,0.030,0.399,0.571
887500,0.030,0.475,0.495
888000,0.030,0.446,0.524
888500,0.030,0.411,0.559
889000,0.030,0.460,0.510
889500,0.030,0.436,0.534
890000,0.030,0.435,0.535
890500,0.030,0.471,0.499
891000,0.030,0.471,0.499
891500,0.030,0.406,0.564
892000,0.037,0.424,0.539
892500,0.030,0.370,0.600
893000,0.038,0.299,0.663
893500,0.030,0.411,0.559
894000,0.030,0.446,0.524
894500,0.030,0.330,0.640
895000,0.033,0.403,0.564
895500,0.031,0.420,0.549
896000,0.030,0.484,0.486
896500,0.030,0.551,0.419
897000,0.030,0.511,0.459
897500,0.030,0.368,0.602
898000,0.030,0.419,0.551
898500,0.030,0.421,0.549
899000,0.030,0.527,0.443
899500,0.030,0.481,0.489
900000,0.030,0.489,0.481
900500,0.030,0.451,0.519
901000,0.030,0.325,0.645
901500,0.030,0.398,0.572
902000,0.032,0.286,0.682
902500,0.030,0.412,0.558
903000,0.030,0.444,0.526
903500,0.030,0.499,0.471
904000,0.030,0.580,0.390
904500,0.040,0.287,0.673
905000,0.030,0.467,0.503
905500,0.030,0.372,0.598
906000,0.030,0.295,0.675
906500,0.036,0.375,0.589
907000,0.030,0.483,0.487
907500,0.030,0.358,0.612
908000,0.030,0.386,0.584
908500,0.030,0.329,0.641
909000,0.030,0.387,0.583
909500,0.030,0.408,0.562
910000,0.030,0.512,0.458
910500,0.030,0.349,0.621
911000,0.030,0.316,0.654
911500,0.030,0.355,0.615
912000,0.030,0.447,0.523
912500,0.030,0.486,0.484
913000,0.030,0.521,0.449
913500,0.030,0.479,0.491
914000,0.031,0.378,0.591
914500,0.030,0.506,0.464
915000,0.030,0.595,0.375
915500,0.030,0.453,0.517
916000,0.030,0.496,0.474
916500,0.030,0.399,0.571
917000,0.030,0.515,0.455
917500,0.030,0.397,0.573
918000,0.030,0.410,0.560
918500,0.030,0.461,0.509
919000,0.045,0.229,0.726
919500,0.030,0.395,0.575
920000,0.030,0.473,0.497
920500,0.030,0.332,0.638
921000,0.030,0.400,0.570
921500,0.030,0.547,0.423
922000,0.030,0.438,0.532
922500,0.030,0.385,0.585
923000,0.030,0.358,0.612
923500,0.030,0.355,0.615
924000,0.030,0.493,0.477
924500,0.030,0.519,0.451
925000,0.030,0.443,0.527
925500,0.030,0.379,0.591
926000,0.030,0.408,0.562
926500,0.030,0.472,0.498
927000,0.030,0.561,0.409
927500,0.030,0.517,0.453
928000,0.030,0.483,0.487
928500,0.030,0.463,0.507
929000,0.030,0.454,0.516
929500,0.030,0.431,0.539
930000,0.030,0.398,0.572
930500,0.030,0.479,0.491
931000,0.030,0.397,0.573
931500,0.030,0.439,0.531
932000,0.030,0.374,0.596
932500,0.030,0.363,0.607
933000,0.030,0.464,0.506
933500,0.030,0.413,0.557
934000,0.030,0.410,0.560
934500,0.030,0.419,0.551
935000,0.030,0.336,0.634
935500,0.032,0.453,0.515
936000,0.030,0.454,0.516
936500,0.030,0.435,0.535
937000,0.030,0.387,0.583
937500,0.030,0.450,0.520
938000,0.030,0.404,0.566
938500,0.030,0.400,0.570
939000,0.030,0.587,0.383
939500,0.030,0.417,0.553
940000,0.030,0.437,0.533
940500,0.030,0.417,0.553
941000,0.030,0.418,0.552
941500,0.030,0.383,0.587
942000,0.033,0.301,0.666
942500,0.030,0.427,0.543
943000,0.030,0.392,0.578
943500,0.030,0.356,0.614
944000,0.030,0.358,0.612
944500,0.030,0.428,0.542
945000,0.030,0.390,0.580
945500,0.030,0.439,0.531
946000,0.030,0.419,0.551
946500,0.030,0.434,0.536
947000,0.030,0.452,0.518
947500,0.030,0.405,0.565
948000,0.053,0.193,0.754
948500,0.040,0.233,0.727
949000,0.030,0.351,0.619
949500,0.030,0.384,0.586
950000,0.030,0.353,0.617
950500,0.030,0.362,0.608
951000,0.030,0.352,0.618
951500,0.030,0.583,0.387
952000,0.030,0.442,0.528
952500,0.030,0.558,0.412
953000,0.030,0.517,0.453
953500,0.030,0.429,0.541
954000,0.030,0.363,0.607
954500,0.030,0.370,0.600
955000,0.030,0.422,0.548
955500,0.030,0.503,0.467
956000,0.030,0.476,0.494
956500,0.030,0.345,0.625
957000,0.030,0.502,0.468
957500,0.030,0.410,0.560
958000,0.030,0.453,0.517
958500,0.030,0.419,0.551
959000,0.030,0.470,0.500
959500,0.030,0.457,0.513
960000,0.030,0.576,0.394
960500,0.030,0.398,0.572
961000,0.030,0.386,0.584
961500,0.030,0.440,0.530
962000,0.031,0.401,0.568
962500,0.030,0.389,0.581
963000,0.030,0.499,0.471
963500,0.030,0.340,0.630
964000,0.030,0.492,0.478
964500,0.030,0.526,0.444
965000,0.030,0.422,0.548
965500,0.030,0.422,0.548
966000,0.030,0.509,0.461
966500,0.030,0.492,0.478
967000,0.030,0.443,0.527
967500,0.030,0.492,0.478
968000,0.030,0.388,0.582
968500,0.030,0.476,0.494
969000,0.030,0.350,0.620
969500,0.030,0.368,0.602
970000,0.030,0.502,0.468
970500,0.030,0.526,0.444
971000,0.030,0.456,0.514
971500,0.030,0.313,0.657
972000,0.030,0.408,0.562
972500,0.030,0.475,0.495
973000,0.030,0.494,0.476
973500,0.030,0.440,0.530
974000,0.030,0.352,0.618
974500,0.034,0.409,0.557
975000,0.030,0.482,0.488
975500,0.030,0.419,0.551
976000,0.030,0.325,0.645
976500,0.030,0.366,0.604
977000,0.030,0.335,0.635
977500,0.030,0.424,0.546
978000,0.030,0.530,0.440
978500,0.030,0.517,0.453
979000,0.030,0.485,0.485
979500,0.030,0.453,0.517
980000,0.030,0.431,0.539
980500,0.030,0.430,0.540
981000,0.030,0.328,0.642
981500,0.030,0.451,0.519
982000,0.030,0.433,0.537
982500,0.030,0.381,0.589
983000,0.030,0.466,0.504
983500,0.030,0.430,0.540
984000,0.031,0.385,0.584
984500,0.030,0.422,0.548
985000,0.030,0.378,0.592
985500,0.030,0.311,0.659
986000,0.030,0.557,0.413
986500,0.030,0.413,0.557
987000,0.030,0.373,0.597
987500,0.030,0.391,0.579
988000,0.030,0.491,0.479
988500,0.030,0.324,0.646
989000,0.030,0.474,0.496
989500,0.030,0.609,0.361
990000,0.030,0.465,0.505
990500,0.030,0.425,0.545
991000,0.030,0.420,0.550
991500,0.030,0.314,0.656
992000,0.030,0.428,0.542
992500,0.030,0.470,0.500
993000,0.030,0.546,0.424
993500,0.030,0.443,0.527
994000,0.030,0.428,0.542
994500,0.030,0.441,0.529
995000,0.030,0.352,0.618
995500,0.030,0.438,0.532
996000,0.030,0.320,0.650
996500,0.030,0.441,0.529
997000,0.030,0.546,0.424
997500,0.030,0.425,0.545
998000,0.030,0.484,0.486
998500,0.030,0.496,0.474
999000,0.030,0.362,0.608
999500,0.035,0.393,0.572
1000000,0.030,0.526,0.444
