time,n_A+p,n_B,n_AB
500,0.095,0.102,0.803
1000,0.265,0.001,0.734
1500,0.451,0.000,0.549
2000,0.538,0.000,0.462
2500,0.395,0.000,0.605
3000,0.454,0.000,0.546
3500,0.385,0.000,0.615
4000,0.433,0.000,0.567
4500,0.445,0.000,0.555
5000,0.461,0.000,0.539
5500,0.479,0.000,0.521
6000,0.351,0.000,0.649
6500,0.316,0.000,0.684
7000,0.362,0.000,0.638
7500,0.398,0.000,0.602
8000,0.467,0.000,0.533
8500,0.534,0.000,0.466
9000,0.397,0.000,0.603
9500,0.328,0.000,0.672
10000,0.394,0.000,0.606
10500,0.381,0.000,0.619
11000,0.367,0.000,0.633
11500,0.339,0.000,0.661
12000,0.415,0.000,0.585
12500,0.535,0.000,0.465
13000,0.429,0.000,0.571
13500,0.325,0.000,0.675
14000,0.387,0.000,0.613
14500,0.456,0.000,0.544
15000,0.409,0.000,0.591
15500,0.357,0.000,0.643
16000,0.412,0.000,0.588
16500,0.606,0.000,0.394
17000,0.519,0.000,0.481
17500,0.561,0.000,0.439
18000,0.557,0.000,0.443
18500,0.541,0.000,0.459
19000,0.475,0.000,0.525
19500,0.305,0.000,0.695
20000,0.366,0.000,0.634
20500,0.432,0.000,0.568
21000,0.450,0.000,0.550
21500,0.417,0.000,0.583
22000,0.468,0.000,0.532
22500,0.538,0.000,0.462
23000,0.564,0.000,0.436
23500,0.447,0.000,0.553
24000,0.373,0.000,0.627
24500,0.432,0.000,0.568
25000,0.446,0.000,0.554
25500,0.493,0.000,0.507
26000,0.449,0.000,0.551
26500,0.400,0.000,0.600
27000,0.371,0.000,0.629
27500,0.456,0.000,0.544
28000,0.305,0.000,0.695
28500,0.352,0.000,0.648
29000,0.423,0.000,0.577
29500,0.417,0.000,0.583
30000,0.393,0.000,0.607
30500,0.246,0.000,0.754
31000,0.459,0.000,0.541
31500,0.529,0.000,0.471
32000,0.376,0.000,0.624
32500,0.418,0.000,0.582
33000,0.569,0.000,0.431
33500,0.445,0.000,0.555
34000,0.535,0.000,0.465
34500,0.548,0.000,0.452
35000,0.350,0.000,0.650
35500,0.333,0.000,0.667
36000,0.442,0.000,0.558
36500,0.426,0.000,0.574
37000,0.355,0.004,0.641
37500,0.489,0.000,0.511
38000,0.532,0.000,0.468
38500,0.436,0.000,0.564
39000,0.446,0.000,0.554
39500,0.556,0.000,0.444
40000,0.458,0.000,0.542
40500,0.421,0.000,0.579
41000,0.473,0.000,0.527
41500,0.483,0.000,0.517
42000,0.441,0.000,0.559
42500,0.372,0.000,0.628
43000,0.470,0.000,0.530
43500,0.426,0.000,0.574
44000,0.590,0.000,0.410
44500,0.401,0.000,0.599
45000,0.331,0.000,0.669
45500,0.359,0.000,0.641
46000,0.511,0.000,0.489
46500,0.514,0.000,0.486
47000,0.471,0.000,0.529
47500,0.475,0.000,0.525
48000,0.462,0.000,0.538
48500,0.480,0.000,0.520
49000,0.451,0.000,0.549
49500,0.356,0.000,0.644
50000,0.303,0.000,0.697
50500,0.375,0.000,0.625
51000,0.384,0.000,0.616
51500,0.324,0.000,0.676
52000,0.431,0.000,0.569
52500,0.312,0.008,0.680
53000,0.491,0.000,0.509
53500,0.505,0.000,0.495
54000,0.282,0.000,0.718
54500,0.447,0.000,0.553
55000,0.433,0.000,0.567
55500,0.425,0.000,0.575
56000,0.355,0.000,0.645
56500,0.545,0.000,0.455
57000,0.479,0.000,0.521
57500,0.530,0.000,0.470
58000,0.400,0.000,0.600
58500,0.333,0.000,0.667
59000,0.464,0.000,0.536
59500,0.386,0.000,0.614
60000,0.454,0.000,0.546
60500,0.588,0.000,0.412
61000,0.493,0.000,0.507
61500,0.404,0.000,0.596
62000,0.366,0.000,0.634
62500,0.467,0.000,0.533
63000,0.305,0.000,0.695
63500,0.500,0.000,0.500
64000,0.568,0.000,0.432
64500,0.407,0.000,0.593
65000,0.449,0.000,0.551
65500,0.538,0.000,0.462
66000,0.468,0.000,0.532
66500,0.273,0.000,0.727
67000,0.382,0.000,0.618
67500,0.521,0.000,0.479
68000,0.394,0.000,0.606
68500,0.377,0.000,0.623
69000,0.486,0.000,0.514
69500,0.425,0.000,0.575
70000,0.421,0.000,0.579
70500,0.291,0.000,0.709
71000,0.483,0.000,0.517
71500,0.459,0.000,0.541
72000,0.408,0.000,0.592
72500,0.415,0.000,0.585
73000,0.400,0.000,0.600
73500,0.416,0.000,0.584
74000,0.312,0.000,0.688
74500,0.346,0.000,0.654
75000,0.377,0.000,0.623
75500,0.457,0.000,0.543
76000,0.504,0.000,0.496
76500,0.464,0.000,0.536
77000,0.430,0.000,0.570
77500,0.436,0.000,0.564
78000,0.376,0.000,0.624
78500,0.399,0.000,0.601
79000,0.445,0.000,0.555
79500,0.535,0.000,0.465
80000,0.503,0.000,0.497
80500,0.434,0.000,0.566
81000,0.389,0.000,0.611
81500,0.463,0.000,0.537
82000,0.487,0.000,0.513
82500,0.389,0.000,0.611
83000,0.355,0.000,0.645
83500,0.477,0.000,0.523
84000,0.374,0.000,0.626
84500,0.409,0.000,0.591
85000,0.356,0.000,0.644
85500,0.435,0.000,0.565
86000,0.477,0.000,0.523
86500,0.437,0.000,0.563
87000,0.401,0.000,0.599
87500,0.385,0.000,0.615
88000,0.335,0.000,0.665
88500,0.427,0.000,0.573
89000,0.437,0.000,0.563
89500,0.468,0.000,0.532
90000,0.453,0.000,0.547
90500,0.428,0.000,0.572
91000,0.528,0.000,0.472
91500,0.496,0.000,0.504
92000,0.520,0.000,0.480
92500,0.379,0.000,0.621
93000,0.401,0.000,0.599
93500,0.349,0.000,0.651
94000,0.371,0.000,0.629
94500,0.407,0.000,0.593
95000,0.379,0.000,0.621
95500,0.471,0.000,0.529
96000,0.380,0.000,0.620
96500,0.499,0.000,0.501
97000,0.488,0.000,0.512
97500,0.491,0.000,0.509
98000,0.441,0.000,0.559
98500,0.446,0.000,0.554
99000,0.574,0.000,0.426
99500,0.483,0.000,0.517
100000,0.433,0.000,0.567
100500,0.382,0.000,0.618
101000,0.367,0.000,0.633
101500,0.391,0.000,0.609
102000,0.407,0.000,0.593
102500,0.425,0.000,0.575
103000,0.373,0.000,0.627
103500,0.463,0.000,0.537
104000,0.490,0.000,0.510
104500,0.511,0.000,0.489
105000,0.422,0.000,0.578
105500,0.378,0.000,0.622
106000,0.436,0.000,0.564
106500,0.403,0.000,0.597
107000,0.524,0.000,0.476
107500,0.442,0.000,0.558
108000,0.494,0.000,0.506
108500,0.402,0.000,0.598
109000,0.407,0.000,0.593
109500,0.416,0.000,0.584
110000,0.467,0.002,0.531
110500,0.345,0.000,0.655
111000,0.395,0.000,0.605
111500,0.415,0.000,0.585
112000,0.419,0.000,0.581
112500,0.429,0.000,0.571
113000,0.393,0.000,0.607
113500,0.409,0.000,0.591
114000,0.368,0.000,0.632
114500,0.488,0.000,0.512
115000,0.355,0.000,0.645
115500,0.412,0.000,0.588
116000,0.462,0.000,0.538
116500,0.347,0.000,0.653
117000,0.372,0.000,0.628
117500,0.358,0.000,0.642
118000,0.395,0.000,0.605
118500,0.308,0.000,0.692
119000,0.383,0.000,0.617
119500,0.424,0.000,0.576
120000,0.412,0.000,0.588
120500,0.422,0.000,0.578
121000,0.401,0.000,0.599
121500,0.405,0.000,0.595
122000,0.358,0.000,0.642
122500,0.402,0.000,0.598
123000,0.336,0.000,0.664
123500,0.327,0.000,0.673
124000,0.389,0.000,0.611
124500,0.410,0.000,0.590
125000,0.430,0.000,0.570
125500,0.497,0.000,0.503
126000,0.579,0.000,0.421
126500,0.381,0.000,0.619
127000,0.358,0.000,0.642
127500,0.447,0.000,0.553
128000,0.313,0.000,0.687
128500,0.400,0.000,0.600
129000,0.471,0.000,0.529
129500,0.361,0.000,0.639
130000,0.464,0.000,0.536
130500,0.294,0.000,0.706
131000,0.438,0.000,0.562
131500,0.399,0.000,0.601
132000,0.408,0.000,0.592
132500,0.471,0.000,0.529
133000,0.414,0.000,0.586
133500,0.340,0.000,0.660
134000,0.357,0.000,0.643
134500,0.445,0.000,0.555
135000,0.476,0.000,0.524
135500,0.340,0.000,0.660
136000,0.466,0.000,0.534
136500,0.454,0.000,0.546
137000,0.426,0.000,0.574
137500,0.491,0.000,0.509
138000,0.394,0.000,0.606
138500,0.349,0.000,0.651
139000,0.466,0.000,0.534
139500,0.405,0.000,0.595
140000,0.446,0.000,0.554
140500,0.451,0.000,0.549
141000,0.507,0.000,0.493
141500,0.488,0.000,0.512
142000,0.441,0.000,0.559
142500,0.431,0.000,0.569
143000,0.495,0.000,0.505
143500,0.432,0.000,0.568
144000,0.544,0.000,0.456
144500,0.395,0.000,0.605
145000,0.591,0.000,0.409
145500,0.425,0.000,0.575
146000,0.329,0.000,0.671
146500,0.462,0.000,0.538
147000,0.468,0.000,0.532
147500,0.501,0.000,0.499
148000,0.383,0.000,0.617
148500,0.333,0.000,0.667
149000,0.339,0.000,0.661
149500,0.399,0.000,0.601
150000,0.464,0.000,0.536
150500,0.479,0.000,0.521
151000,0.443,0.000,0.557
151500,0.390,0.000,0.610
152000,0.474,0.000,0.526
152500,0.354,0.000,0.646
153000,0.454,0.000,0.546
153500,0.412,0.000,0.588
154000,0.322,0.000,0.678
154500,0.390,0.000,0.610
155000,0.458,0.000,0.542
155500,0.468,0.000,0.532
156000,0.511,0.000,0.489
156500,0.444,0.000,0.556
157000,0.484,0.000,0.516
157500,0.535,0.000,0.465
158000,0.393,0.000,0.607
158500,0.410,0.000,0.590
159000,0.394,0.000,0.606
159500,0.356,0.000,0.644
160000,0.354,0.000,0.646
160500,0.373,0.000,0.627
161000,0.433,0.000,0.567
161500,0.475,0.000,0.525
162000,0.476,0.000,0.524
162500,0.348,0.000,0.652
163000,0.471,0.000,0.529
163500,0.318,0.000,0.682
164000,0.372,0.000,0.628
164500,0.461,0.000,0.539
165000,0.364,0.000,0.636
165500,0.352,0.000,0.648
166000,0.582,0.000,0.418
166500,0.536,0.000,0.464
167000,0.511,0.000,0.489
167500,0.464,0.000,0.536
168000,0.325,0.000,0.675
168500,0.297,0.000,0.703
169000,0.494,0.000,0.506
169500,0.291,0.000,0.709
170000,0.548,0.000,0.452
170500,0.486,0.000,0.514
171000,0.430,0.000,0.570
171500,0.341,0.000,0.659
172000,0.361,0.000,0.639
172500,0.298,0.000,0.702
173000,0.415,0.000,0.585
173500,0.488,0.000,0.512
174000,0.389,0.000,0.611
174500,0.467,0.000,0.533
175000,0.431,0.000,0.569
175500,0.520,0.000,0.480
176000,0.433,0.000,0.567
176500,0.439,0.000,0.561
177000,0.510,0.000,0.490
177500,0.382,0.000,0.618
178000,0.334,0.000,0.666
178500,0.390,0.000,0.610
179000,0.389,0.000,0.611
179500,0.529,0.000,0.471
180000,0.624,0.000,0.376
180500,0.496,0.000,0.504
181000,0.412,0.000,0.588
181500,0.426,0.000,0.574
182000,0.417,0.000,0.583
182500,0.507,0.000,0.493
183000,0.510,0.000,0.490
183500,0.465,0.000,0.535
184000,0.501,0.000,0.499
184500,0.319,0.000,0.681
185000,0.309,0.000,0.691
185500,0.634,0.000,0.366
186000,0.709,0.000,0.291
186500,0.484,0.000,0.516
187000,0.380,0.000,0.620
187500,0.455,0.000,0.545
188000,0.363,0.000,0.637
188500,0.350,0.000,0.650
189000,0.397,0.000,0.603
189500,0.475,0.000,0.525
190000,0.410,0.000,0.590
190500,0.404,0.000,0.596
191000,0.508,0.000,0.492
191500,0.429,0.000,0.571
192000,0.444,0.000,0.556
192500,0.380,0.000,0.620
193000,0.313,0.000,0.687
193500,0.397,0.000,0.603
194000,0.305,0.000,0.695
194500,0.445,0.000,0.555
195000,0.405,0.000,0.595
195500,0.463,0.000,0.537
196000,0.468,0.000,0.532
196500,0.342,0.000,0.658
197000,0.517,0.000,0.483
197500,0.478,0.000,0.522
198000,0.443,0.000,0.557
198500,0.546,0.000,0.454
199000,0.506,0.000,0.494
199500,0.372,0.000,0.628
200000,0.509,0.000,0.491
200500,0.341,0.000,0.659
201000,0.387,0.000,0.613
201500,0.436,0.000,0.564
202000,0.442,0.000,0.558
202500,0.297,0.000,0.703
203000,0.363,0.000,0.637
203500,0.298,0.000,0.702
204000,0.416,0.000,0.584
204500,0.426,0.000,0.574
205000,0.496,0.000,0.504
205500,0.432,0.000,0.568
206000,0.444,0.000,0.556
206500,0.406,0.000,0.594
207000,0.404,0.000,0.596
207500,0.434,0.000,0.566
208000,0.431,0.000,0.569
208500,0.428,0.000,0.572
209000,0.480,0.000,0.520
209500,0.323,0.000,0.677
210000,0.467,0.000,0.533
210500,0.439,0.000,0.561
211000,0.433,0.000,0.567
211500,0.426,0.000,0.574
212000,0.438,0.000,0.562
212500,0.352,0.000,0.648
213000,0.440,0.000,0.560
213500,0.414,0.000,0.586
214000,0.390,0.000,0.610
214500,0.670,0.000,0.330
215000,0.580,0.000,0.420
215500,0.452,0.000,0.548
216000,0.330,0.000,0.670
216500,0.332,0.000,0.668
217000,0.340,0.000,0.660
217500,0.442,0.000,0.558
218000,0.326,0.000,0.674
218500,0.428,0.000,0.572
219000,0.471,0.000,0.529
219500,0.443,0.000,0.557
220000,0.489,0.000,0.511
220500,0.415,0.000,0.585
221000,0.333,0.000,0.667
221500,0.485,0.000,0.515
222000,0.541,0.000,0.459
222500,0.616,0.000,0.384
223000,0.574,0.000,0.426
223500,0.480,0.000,0.520
224000,0.462,0.000,0.538
224500,0.385,0.000,0.615
225000,0.521,0.000,0.479
225500,0.399,0.000,0.601
226000,0.430,0.000,0.570
226500,0.556,0.000,0.444
227000,0.516,0.000,0.484
227500,0.508,0.000,0.492
228000,0.559,0.000,0.441
228500,0.565,0.000,0.435
229000,0.413,0.000,0.587
229500,0.333,0.000,0.667
230000,0.456,0.000,0.544
230500,0.521,0.000,0.479
231000,0.346,0.000,0.654
231500,0.347,0.000,0.653
232000,0.409,0.000,0.591
232500,0.343,0.000,0.657
233000,0.326,0.000,0.674
233500,0.436,0.000,0.564
234000,0.383,0.000,0.617
234500,0.356,0.000,0.644
235000,0.449,0.000,0.551
235500,0.462,0.000,0.538
236000,0.509,0.000,0.491
236500,0.451,0.000,0.549
237000,0.448,0.000,0.552
237500,0.412,0.000,0.588
238000,0.523,0.000,0.477
238500,0.527,0.000,0.473
239000,0.509,0.000,0.491
239500,0.429,0.000,0.571
240000,0.374,0.000,0.626
240500,0.455,0.000,0.545
241000,0.451,0.000,0.549
241500,0.403,0.000,0.597
242000,0.491,0.000,0.509
242500,0.472,0.000,0.528
243000,0.345,0.000,0.655
243500,0.461,0.000,0.539
244000,0.320,0.000,0.680
244500,0.381,0.000,0.619
245000,0.377,0.000,0.623
245500,0.438,0.000,0.562
246000,0.534,0.000,0.466
246500,0.483,0.000,0.517
247000,0.340,0.000,0.660
247500,0.432,0.000,0.568
248000,0.330,0.000,0.670
248500,0.511,0.000,0.489
249000,0.294,0.000,0.706
249500,0.478,0.000,0.522
250000,0.533,0.000,0.467
250500,0.416,0.000,0.584
251000,0.368,0.000,0.632
251500,0.527,0.000,0.473
252000,0.444,0.000,0.556
252500,0.485,0.000,0.515
253000,0.372,0.000,0.628
253500,0.321,0.000,0.679
254000,0.428,0.000,0.572
254500,0.314,0.000,0.686
255000,0.408,0.000,0.592
255500,0.312,0.000,0.688
256000,0.373,0.000,0.627
256500,0.431,0.000,0.569
257000,0.520,0.000,0.480
257500,0.478,0.000,0.522
258000,0.478,0.000,0.522
258500,0.485,0.000,0.515
259000,0.389,0.000,0.611
259500,0.416,0.000,0.584
260000,0.481,0.000,0.519
260500,0.434,0.000,0.566
261000,0.469,0.000,0.531
261500,0.409,0.000,0.591
262000,0.486,0.000,0.514
262500,0.524,0.000,0.476
263000,0.388,0.000,0.612
263500,0.396,0.000,0.604
264000,0.282,0.000,0.718
264500,0.385,0.000,0.615
265000,0.416,0.000,0.584
265500,0.494,0.000,0.506
266000,0.405,0.000,0.595
266500,0.335,0.000,0.665
267000,0.412,0.000,0.588
267500,0.432,0.000,0.568
268000,0.577,0.000,0.423
268500,0.572,0.000,0.428
269000,0.428,0.000,0.572
269500,0.558,0.000,0.442
270000,0.372,0.000,0.628
270500,0.297,0.000,0.703
271000,0.419,0.000,0.581
271500,0.398,0.000,0.602
272000,0.372,0.000,0.628
272500,0.356,0.000,0.644
273000,0.271,0.000,0.729
273500,0.464,0.000,0.536
274000,0.482,0.000,0.518
274500,0.528,0.000,0.472
275000,0.304,0.000,0.696
275500,0.447,0.000,0.553
276000,0.429,0.000,0.571
276500,0.378,0.000,0.622
277000,0.385,0.000,0.615
277500,0.448,0.000,0.552
278000,0.375,0.000,0.625
278500,0.427,0.000,0.573
279000,0.475,0.000,0.525
279500,0.414,0.000,0.586
280000,0.398,0.000,0.602
280500,0.356,0.000,0.644
281000,0.365,0.000,0.635
281500,0.281,0.000,0.719
282000,0.386,0.000,0.614
282500,0.320,0.000,0.680
283000,0.440,0.000,0.560
283500,0.362,0.000,0.638
284000,0.513,0.000,0.487
284500,0.365,0.000,0.635
285000,0.455,0.000,0.545
285500,0.397,0.000,0.603
286000,0.363,0.000,0.637
286500,0.552,0.000,0.448
287000,0.444,0.000,0.556
287500,0.590,0.000,0.410
288000,0.457,0.000,0.543
288500,0.399,0.000,0.601
289000,0.524,0.000,0.476
289500,0.463,0.000,0.537
290000,0.411,0.000,0.589
290500,0.444,0.000,0.556
291000,0.580,0.000,0.420
291500,0.554,0.000,0.446
292000,0.406,0.001,0.593
292500,0.459,0.000,0.541
293000,0.441,0.000,0.559
293500,0.359,0.000,0.641
294000,0.437,0.000,0.563
294500,0.393,0.000,0.607
295000,0.457,0.000,0.543
295500,0.364,0.000,0.636
296000,0.360,0.000,0.640
296500,0.470,0.000,0.530
297000,0.411,0.000,0.589
297500,0.439,0.000,0.561
298000,0.302,0.000,0.698
298500,0.429,0.000,0.571
299000,0.556,0.000,0.444
299500,0.471,0.000,0.529
300000,0.445,0.000,0.555
300500,0.462,0.000,0.538
301000,0.343,0.000,0.657
301500,0.587,0.000,0.413
302000,0.495,0.000,0.505
302500,0.438,0.000,0.562
303000,0.488,0.000,0.512
303500,0.391,0.000,0.609
304000,0.331,0.000,0.669
304500,0.463,0.000,0.537
305000,0.431,0.000,0.569
305500,0.478,0.000,0.522
306000,0.409,0.000,0.591
306500,0.304,0.000,0.696
307000,0.382,0.000,0.618
307500,0.357,0.000,0.643
308000,0.465,0.000,0.535
308500,0.529,0.000,0.471
309000,0.393,0.000,0.607
309500,0.379,0.000,0.621
310000,0.319,0.000,0.681
310500,0.383,0.000,0.617
311000,0.507,0.000,0.493
311500,0.438,0.000,0.562
312000,0.342,0.000,0.658
312500,0.365,0.000,0.635
313000,0.427,0.000,0.573
313500,0.486,0.000,0.514
314000,0.363,0.000,0.637
314500,0.464,0.000,0.536
315000,0.430,0.000,0.570
315500,0.423,0.000,0.577
316000,0.365,0.000,0.635
316500,0.377,0.000,0.623
317000,0.453,0.000,0.547
317500,0.363,0.000,0.637
318000,0.428,0.000,0.572
318500,0.375,0.000,0.625
319000,0.422,0.000,0.578
319500,0.343,0.000,0.657
320000,0.430,0.000,0.570
320500,0.472,0.000,0.528
321000,0.411,0.000,0.589
321500,0.410,0.000,0.590
322000,0.426,0.000,0.574
322500,0.420,0.000,0.580
323000,0.379,0.000,0.621
323500,0.346,0.000,0.654
324000,0.442,0.000,0.558
324500,0.479,0.000,0.521
325000,0.375,0.000,0.625
325500,0.463,0.000,0.537
326000,0.403,0.000,0.597
326500,0.381,0.000,0.619
327000,0.310,0.000,0.690
327500,0.397,0.000,0.603
328000,0.397,0.000,0.603
328500,0.290,0.000,0.710
329000,0.513,0.000,0.487
329500,0.428,0.000,0.572
330000,0.443,0.000,0.557
330500,0.430,0.000,0.570
331000,0.499,0.000,0.501
331500,0.515,0.000,0.485
332000,0.464,0.000,0.536
332500,0.429,0.000,0.571
333000,0.404,0.000,0.596
333500,0.421,0.000,0.579
334000,0.402,0.000,0.598
334500,0.320,0.000,0.680
335000,0.344,0.008,0.648
335500,0.399,0.000,0.601
336000,0.451,0.000,0.549
336500,0.422,0.000,0.578
337000,0.495,0.000,0.505
337500,0.398,0.000,0.602
338000,0.441,0.000,0.559
338500,0.496,0.000,0.504
339000,0.433,0.000,0.567
339500,0.408,0.000,0.592
340000,0.458,0.000,0.542
340500,0.384,0.000,0.616
341000,0.344,0.000,0.656
341500,0.367,0.000,0.633
342000,0.431,0.000,0.569
342500,0.477,0.000,0.523
343000,0.509,0.000,0.491
343500,0.335,0.000,0.665
344000,0.418,0.000,0.582
344500,0.432,0.000,0.568
345000,0.383,0.000,0.617
345500,0.309,0.000,0.691
346000,0.522,0.000,0.478
346500,0.499,0.000,0.501
347000,0.472,0.000,0.528
347500,0.448,0.000,0.552
348000,0.513,0.000,0.487
348500,0.364,0.000,0.636
349000,0.464,0.000,0.536
349500,0.513,0.000,0.487
350000,0.467,0.000,0.533
350500,0.378,0.000,0.622
351000,0.498,0.000,0.502
351500,0.452,0.000,0.548
352000,0.343,0.000,0.657
352500,0.383,0.000,0.617
353000,0.439,0.000,0.561
353500,0.430,0.000,0.570
354000,0.386,0.000,0.614
354500,0.397,0.000,0.603
355000,0.499,0.000,0.501
355500,0.530,0.000,0.470
356000,0.391,0.000,0.609
356500,0.571,0.000,0.429
357000,0.477,0.000,0.523
357500,0.447,0.000,0.553
358000,0.364,0.000,0.636
358500,0.431,0.000,0.569
359000,0.373,0.000,0.627
359500,0.338,0.000,0.662
360000,0.448,0.000,0.552
360500,0.351,0.000,0.649
361000,0.445,0.000,0.555
361500,0.411,0.000,0.589
362000,0.434,0.000,0.566
362500,0.462,0.000,0.538
363000,0.547,0.000,0.453
363500,0.291,0.000,0.709
364000,0.401,0.000,0.599
364500,0.444,0.000,0.556
365000,0.485,0.000,0.515
365500,0.308,0.000,0.692
366000,0.408,0.000,0.592
366500,0.478,0.000,0.522
367000,0.347,0.000,0.653
367500,0.532,0.000,0.468
368000,0.536,0.000,0.464
368500,0.429,0.000,0.571
369000,0.408,0.000,0.592
369500,0.356,0.000,0.644
370000,0.481,0.000,0.519
370500,0.361,0.000,0.639
371000,0.449,0.000,0.551
371500,0.372,0.000,0.628
372000,0.444,0.000,0.556
372500,0.500,0.000,0.500
373000,0.382,0.000,0.618
373500,0.390,0.000,0.610
374000,0.498,0.000,0.502
374500,0.460,0.000,0.540
375000,0.546,0.000,0.454
375500,0.548,0.000,0.452
376000,0.437,0.000,0.563
376500,0.549,0.000,0.451
377000,0.465,0.000,0.535
377500,0.525,0.000,0.475
378000,0.591,0.000,0.409
378500,0.376,0.000,0.624
379000,0.311,0.000,0.689
379500,0.400,0.000,0.600
380000,0.341,0.000,0.659
380500,0.420,0.000,0.580
381000,0.421,0.000,0.579
381500,0.501,0.000,0.499
382000,0.400,0.000,0.600
382500,0.382,0.000,0.618
383000,0.324,0.000,0.676
383500,0.357,0.000,0.643
384000,0.382,0.000,0.618
384500,0.410,0.000,0.590
385000,0.419,0.000,0.581
385500,0.400,0.000,0.600
386000,0.495,0.000,0.505
386500,0.465,0.000,0.535
387000,0.495,0.000,0.505
387500,0.473,0.000,0.527
388000,0.469,0.000,0.531
388500,0.498,0.000,0.502
389000,0.536,0.000,0.464
389500,0.559,0.000,0.441
390000,0.469,0.000,0.531
390500,0.373,0.000,0.627
391000,0.432,0.000,0.568
391500,0.513,0.000,0.487
392000,0.463,0.000,0.537
392500,0.377,0.000,0.623
393000,0.479,0.000,0.521
393500,0.371,0.000,0.629
394000,0.403,0.000,0.597
394500,0.467,0.000,0.533
395000,0.394,0.000,0.606
395500,0.391,0.000,0.609
396000,0.516,0.000,0.484
396500,0.482,0.000,0.518
397000,0.401,0.000,0.599
397500,0.525,0.000,0.475
398000,0.367,0.000,0.633
398500,0.344,0.000,0.656
399000,0.340,0.000,0.660
399500,0.454,0.000,0.546
400000,0.428,0.000,0.572
400500,0.502,0.000,0.498
401000,0.402,0.000,0.598
401500,0.479,0.000,0.521
402000,0.394,0.000,0.606
402500,0.392,0.000,0.608
403000,0.390,0.000,0.610
403500,0.474,0.000,0.526
404000,0.576,0.000,0.424
404500,0.360,0.000,0.640
405000,0.524,0.000,0.476
405500,0.490,0.000,0.510
406000,0.539,0.000,0.461
406500,0.448,0.000,0.552
407000,0.387,0.000,0.613
407500,0.314,0.000,0.686
408000,0.478,0.000,0.522
408500,0.539,0.000,0.461
409000,0.510,0.000,0.490
409500,0.513,0.000,0.487
410000,0.478,0.000,0.522
410500,0.480,0.000,0.520
411000,0.475,0.000,0.525
411500,0.426,0.000,0.574
412000,0.369,0.000,0.631
412500,0.439,0.000,0.561
413000,0.427,0.000,0.573
413500,0.523,0.000,0.477
414000,0.456,0.000,0.544
414500,0.464,0.000,0.536
415000,0.383,0.000,0.617
415500,0.511,0.000,0.489
416000,0.498,0.000,0.502
416500,0.465,0.000,0.535
417000,0.427,0.000,0.573
417500,0.402,0.000,0.598
418000,0.587,0.000,0.413
418500,0.515,0.000,0.485
419000,0.363,0.000,0.637
419500,0.378,0.000,0.622
420000,0.507,0.000,0.493
420500,0.475,0.000,0.525
421000,0.502,0.000,0.498
421500,0.384,0.000,0.616
422000,0.433,0.000,0.567
422500,0.557,0.000,0.443
423000,0.467,0.000,0.533
423500,0.469,0.000,0.531
424000,0.334,0.000,0.666
424500,0.350,0.000,0.650
425000,0.458,0.000,0.542
425500,0.531,0.000,0.469
426000,0.408,0.000,0.592
426500,0.503,0.000,0.497
427000,0.578,0.000,0.422
427500,0.491,0.000,0.509
428000,0.369,0.000,0.631
428500,0.429,0.000,0.571
429000,0.459,0.000,0.541
429500,0.328,0.000,0.672
430000,0.308,0.000,0.692
430500,0.454,0.000,0.546
431000,0.309,0.000,0.691
431500,0.374,0.000,0.626
432000,0.376,0.000,0.624
432500,0.328,0.000,0.672
433000,0.399,0.000,0.601
433500,0.503,0.000,0.497
434000,0.561,0.000,0.439
434500,0.422,0.000,0.578
435000,0.391,0.000,0.609
435500,0.494,0.000,0.506
436000,0.613,0.000,0.387
436500,0.524,0.000,0.476
437000,0.530,0.000,0.470
437500,0.435,0.000,0.565
438000,0.533,0.000,0.467
438500,0.456,0.000,0.544
439000,0.422,0.000,0.578
439500,0.404,0.000,0.596
440000,0.457,0.000,0.543
440500,0.404,0.000,0.596
441000,0.385,0.000,0.615
441500,0.402,0.000,0.598
442000,0.401,0.000,0.599
442500,0.385,0.000,0.615
443000,0.390,0.000,0.610
443500,0.441,0.000,0.559
444000,0.450,0.000,0.550
444500,0.454,0.000,0.546
445000,0.404,0.000,0.596
445500,0.404,0.000,0.596
446000,0.348,0.000,0.652
446500,0.371,0.000,0.629
447000,0.427,0.000,0.573
447500,0.443,0.000,0.557
448000,0.552,0.000,0.448
448500,0.418,0.000,0.582
449000,0.400,0.000,0.600
449500,0.479,0.000,0.521
450000,0.481,0.000,0.519
450500,0.375,0.000,0.625
451000,0.449,0.000,0.551
451500,0.541,0.000,0.459
452000,0.430,0.000,0.570
452500,0.484,0.000,0.516
453000,0.456,0.000,0.544
453500,0.409,0.000,0.591
454000,0.424,0.000,0.576
454500,0.470,0.000,0.530
455000,0.473,0.000,0.527
455500,0.505,0.000,0.495
456000,0.446,0.000,0.554
456500,0.351,0.000,0.649
457000,0.381,0.000,0.619
457500,0.336,0.000,0.664
458000,0.375,0.000,0.625
458500,0.433,0.000,0.567
459000,0.537,0.000,0.463
459500,0.434,0.000,0.566
460000,0.418,0.000,0.582
460500,0.407,0.000,0.593
461000,0.530,0.000,0.470
461500,0.408,0.000,0.592
462000,0.316,0.000,0.684
462500,0.507,0.000,0.493
463000,0.479,0.000,0.521
463500,0.413,0.000,0.587
464000,0.417,0.000,0.583
464500,0.583,0.000,0.417
465000,0.484,0.000,0.516
465500,0.411,0.000,0.589
466000,0.356,0.000,0.644
466500,0.425,0.000,0.575
467000,0.525,0.000,0.475
467500,0.420,0.000,0.580
468000,0.388,0.000,0.612
468500,0.326,0.000,0.674
469000,0.424,0.000,0.576
469500,0.346,0.000,0.654
470000,0.338,0.000,0.662
470500,0.474,0.000,0.526
471000,0.355,0.000,0.645
471500,0.485,0.000,0.515
472000,0.367,0.000,0.633
472500,0.420,0.000,0.580
473000,0.465,0.000,0.535
473500,0.406,0.000,0.594
474000,0.402,0.000,0.598
474500,0.332,0.000,0.668
475000,0.494,0.000,0.506
475500,0.395,0.000,0.605
476000,0.399,0.000,0.601
476500,0.430,0.000,0.570
477000,0.456,0.000,0.544
477500,0.433,0.000,0.567
478000,0.475,0.000,0.525
478500,0.359,0.000,0.641
479000,0.449,0.000,0.551
479500,0.428,0.000,0.572
480000,0.454,0.000,0.546
480500,0.498,0.000,0.502
481000,0.349,0.000,0.651
481500,0.424,0.000,0.576
482000,0.327,0.000,0.673
482500,0.405,0.000,0.595
483000,0.347,0.000,0.653
483500,0.472,0.000,0.528
484000,0.427,0.000,0.573
484500,0.508,0.000,0.492
485000,0.348,0.000,0.652
485500,0.467,0.000,0.533
486000,0.423,0.000,0.577
486500,0.399,0.000,0.601
487000,0.360,0.000,0.640
487500,0.538,0.000,0.462
488000,0.536,0.000,0.464
488500,0.451,0.000,0.549
489000,0.408,0.000,0.592
489500,0.494,0.000,0.506
490000,0.449,0.000,0.551
490500,0.377,0.000,0.623
491000,0.586,0.000,0.414
491500,0.521,0.000,0.479
492000,0.261,0.000,0.739
492500,0.415,0.000,0.585
493000,0.417,0.000,0.583
493500,0.406,0.000,0.594
494000,0.425,0.000,0.575
494500,0.323,0.000,0.677
495000,0.468,0.000,0.532
495500,0.410,0.000,0.590
496000,0.458,0.000,0.542
496500,0.401,0.000,0.599
497000,0.422,0.000,0.578
497500,0.497,0.000,0.503
498000,0.425,0.000,0.575
498500,0.391,0.000,0.609
499000,0.340,0.000,0.660
499500,0.353,0.000,0.647
500000,0.346,0.000,0.654
500500,0.406,0.000,0.594
501000,0.395,0.000,0.605
501500,0.339,0.000,0.661
502000,0.354,0.000,0.646
502500,0.478,0.000,0.522
503000,0.503,0.000,0.497
503500,0.494,0.000,0.506
504000,0.399,0.000,0.601
504500,0.461,0.000,0.539
505000,0.422,0.000,0.578
505500,0.472,0.000,0.528
506000,0.425,0.000,0.575
506500,0.413,0.000,0.587
507000,0.404,0.000,0.596
507500,0.454,0.000,0.546
508000,0.383,0.000,0.617
508500,0.338,0.000,0.662
509000,0.523,0.000,0.477
509500,0.442,0.000,0.558
510000,0.403,0.000,0.597
510500,0.333,0.000,0.667
511000,0.518,0.000,0.482
511500,0.537,0.000,0.463
512000,0.510,0.000,0.490
512500,0.325,0.000,0.675
513000,0.439,0.000,0.561
513500,0.507,0.000,0.493
514000,0.477,0.000,0.523
514500,0.553,0.000,0.447
515000,0.531,0.000,0.469
515500,0.251,0.000,0.749
516000,0.400,0.000,0.600
516500,0.479,0.000,0.521
517000,0.459,0.000,0.541
517500,0.411,0.000,0.589
518000,0.306,0.000,0.694
518500,0.316,0.000,0.684
519000,0.397,0.000,0.603
519500,0.468,0.000,0.532
520000,0.461,0.000,0.539
520500,0.452,0.000,0.548
521000,0.356,0.000,0.644
521500,0.441,0.000,0.559
522000,0.419,0.000,0.581
522500,0.437,0.000,0.563
523000,0.422,0.000,0.578
523500,0.325,0.000,0.675
524000,0.469,0.000,0.531
524500,0.437,0.000,0.563
525000,0.558,0.000,0.442
525500,0.458,0.000,0.542
526000,0.435,0.000,0.565
526500,0.375,0.000,0.625
527000,0.367,0.000,0.633
527500,0.368,0.000,0.632
528000,0.428,0.000,0.572
528500,0.408,0.000,0.592
529000,0.452,0.000,0.548
529500,0.424,0.000,0.576
530000,0.359,0.000,0.641
530500,0.422,0.000,0.578
531000,0.534,0.000,0.466
531500,0.472,0.000,0.528
532000,0.402,0.000,0.598
532500,0.352,0.000,0.648
533000,0.308,0.000,0.692
533500,0.499,0.000,0.501
534000,0.348,0.000,0.652
534500,0.366,0.000,0.634
535000,0.410,0.000,0.590
535500,0.361,0.000,0.639
536000,0.453,0.000,0.547
536500,0.472,0.000,0.528
537000,0.510,0.000,0.490
537500,0.567,0.000,0.433
538000,0.521,0.000,0.479
538500,0.389,0.000,0.611
539000,0.382,0.000,0.618
539500,0.432,0.000,0.568
540000,0.358,0.000,0.642
540500,0.338,0.000,0.662
541000,0.353,0.000,0.647
541500,0.479,0.000,0.521
542000,0.391,0.000,0.609
542500,0.352,0.000,0.648
543000,0.455,0.000,0.545
543500,0.367,0.000,0.633
544000,0.336,0.000,0.664
544500,0.377,0.000,0.623
545000,0.438,0.000,0.562
545500,0.411,0.000,0.589
546000,0.399,0.000,0.601
546500,0.383,0.000,0.617
547000,0.406,0.000,0.594
547500,0.414,0.000,0.586
548000,0.370,0.000,0.630
548500,0.337,0.000,0.663
549000,0.363,0.000,0.637
549500,0.539,0.000,0.461
550000,0.476,0.000,0.524
550500,0.440,0.000,0.560
551000,0.407,0.000,0.593
551500,0.543,0.000,0.457
552000,0.489,0.000,0.511
552500,0.408,0.000,0.592
553000,0.384,0.000,0.616
553500,0.437,0.000,0.563
554000,0.400,0.000,0.600
554500,0.411,0.000,0.589
555000,0.386,0.000,0.614
555500,0.489,0.000,0.511
556000,0.414,0.000,0.586
556500,0.327,0.000,0.673
557000,0.353,0.000,0.647
557500,0.337,0.000,0.663
558000,0.481,0.000,0.519
558500,0.367,0.000,0.633
559000,0.420,0.000,0.580
559500,0.367,0.000,0.633
560000,0.470,0.000,0.530
560500,0.485,0.000,0.515
561000,0.528,0.000,0.472
561500,0.440,0.000,0.560
562000,0.343,0.000,0.657
562500,0.403,0.000,0.597
563000,0.406,0.000,0.594
563500,0.449,0.000,0.551
564000,0.418,0.000,0.582
564500,0.363,0.000,0.637
565000,0.411,0.000,0.589
565500,0.412,0.000,0.588
566000,0.417,0.000,0.583
566500,0.364,0.000,0.636
567000,0.412,0.000,0.588
567500,0.383,0.000,0.617
568000,0.371,0.000,0.629
568500,0.432,0.000,0.568
569000,0.441,0.000,0.559
569500,0.431,0.000,0.569
570000,0.420,0.000,0.580
570500,0.384,0.000,0.616
571000,0.435,0.000,0.565
571500,0.527,0.000,0.473
572000,0.375,0.000,0.625
572500,0.545,0.000,0.455
573000,0.487,0.000,0.513
573500,0.579,0.000,0.421
574000,0.433,0.000,0.567
574500,0.383,0.000,0.617
575000,0.374,0.000,0.626
575500,0.398,0.000,0.602
576000,0.404,0.000,0.596
576500,0.389,0.000,0.611
577000,0.430,0.000,0.570
577500,0.442,0.000,0.558
578000,0.391,0.000,0.609
578500,0.419,0.000,0.581
579000,0.437,0.000,0.563
579500,0.453,0.000,0.547
580000,0.472,0.000,0.528
580500,0.490,0.000,0.510
581000,0.625,0.000,0.375
581500,0.412,0.000,0.588
582000,0.556,0.000,0.444
582500,0.566,0.000,0.434
583000,0.433,0.000,0.567
583500,0.464,0.000,0.536
584000,0.524,0.000,0.476
584500,0.449,0.000,0.551
585000,0.377,0.000,0.623
585500,0.332,0.000,0.668
586000,0.354,0.000,0.646
586500,0.355,0.000,0.645
587000,0.476,0.000,0.524
587500,0.427,0.000,0.573
588000,0.438,0.000,0.562
588500,0.373,0.000,0.627
589000,0.397,0.000,0.603
589500,0.514,0.000,0.486
590000,0.536,0.000,0.464
590500,0.507,0.000,0.493
591000,0.457,0.000,0.543
591500,0.441,0.000,0.559
592000,0.291,0.000,0.709
592500,0.423,0.000,0.577
593000,0.393,0.000,0.607
593500,0.456,0.000,0.544
594000,0.463,0.000,0.537
594500,0.539,0.000,0.461
595000,0.448,0.000,0.552
595500,0.479,0.000,0.521
596000,0.518,0.000,0.482
596500,0.412,0.000,0.588
597000,0.361,0.000,0.639
597500,0.278,0.000,0.722
598000,0.390,0.000,0.610
598500,0.403,0.000,0.597
599000,0.342,0.000,0.658
599500,0.356,0.000,0.644
600000,0.306,0.000,0.694
600500,0.386,0.000,0.614
601000,0.463,0.000,0.537
601500,0.433,0.000,0.567
602000,0.441,0.000,0.559
602500,0.432,0.000,0.568
603000,0.399,0.000,0.601
603500,0.404,0.000,0.596
604000,0.491,0.000,0.509
604500,0.450,0.000,0.550
605000,0.600,0.000,0.400
605500,0.434,0.000,0.566
606000,0.333,0.000,0.667
606500,0.429,0.000,0.571
607000,0.473,0.000,0.527
607500,0.414,0.000,0.586
608000,0.467,0.000,0.533
608500,0.478,0.000,0.522
609000,0.409,0.000,0.591
609500,0.460,0.000,0.540
610000,0.361,0.000,0.639
610500,0.441,0.000,0.559
611000,0.347,0.000,0.653
611500,0.408,0.000,0.592
612000,0.434,0.000,0.566
612500,0.478,0.000,0.522
613000,0.389,0.000,0.611
613500,0.366,0.000,0.634
614000,0.414,0.000,0.586
614500,0.279,0.000,0.721
615000,0.361,0.000,0.639
615500,0.482,0.000,0.518
616000,0.413,0.000,0.587
616500,0.393,0.000,0.607
617000,0.374,0.000,0.626
617500,0.331,0.000,0.669
618000,0.402,0.000,0.598
618500,0.307,0.000,0.693
619000,0.435,0.000,0.565
619500,0.454,0.000,0.546
620000,0.581,0.000,0.419
620500,0.469,0.000,0.531
621000,0.477,0.000,0.523
621500,0.420,0.000,0.580
622000,0.453,0.000,0.547
622500,0.378,0.000,0.622
623000,0.404,0.000,0.596
623500,0.455,0.000,0.545
624000,0.515,0.000,0.485
624500,0.626,0.000,0.374
625000,0.444,0.000,0.556
625500,0.442,0.000,0.558
626000,0.483,0.000,0.517
626500,0.452,0.000,0.548
627000,0.472,0.000,0.528
627500,0.527,0.000,0.473
628000,0.472,0.000,0.528
628500,0.448,0.000,0.552
629000,0.374,0.000,0.626
629500,0.430,0.000,0.570
630000,0.455,0.000,0.545
630500,0.405,0.000,0.595
631000,0.397,0.000,0.603
631500,0.547,0.000,0.453
632000,0.405,0.000,0.595
632500,0.337,0.000,0.663
633000,0.495,0.000,0.505
633500,0.409,0.000,0.591
634000,0.475,0.000,0.525
634500,0.460,0.000,0.540
635000,0.464,0.000,0.536
635500,0.389,0.000,0.611
636000,0.464,0.000,0.536
636500,0.464,0.000,0.536
637000,0.374,0.000,0.626
637500,0.360,0.000,0.640
638000,0.337,0.000,0.663
638500,0.442,0.000,0.558
639000,0.360,0.000,0.640
639500,0.499,0.000,0.501
640000,0.472,0.000,0.528
640500,0.400,0.000,0.600
641000,0.414,0.000,0.586
641500,0.428,0.000,0.572
642000,0.397,0.000,0.603
642500,0.411,0.000,0.589
643000,0.419,0.000,0.581
643500,0.392,0.000,0.608
644000,0.472,0.000,0.528
644500,0.543,0.000,0.457
645000,0.546,0.000,0.454
645500,0.467,0.000,0.533
646000,0.436,0.000,0.564
646500,0.430,0.000,0.570
647000,0.418,0.000,0.582
647500,0.463,0.000,0.537
648000,0.524,0.000,0.476
648500,0.419,0.000,0.581
649000,0.457,0.000,0.543
649500,0.353,0.000,0.647
650000,0.397,0.000,0.603
650500,0.350,0.000,0.650
651000,0.323,0.000,0.677
651500,0.468,0.000,0.532
652000,0.453,0.000,0.547
652500,0.470,0.000,0.530
653000,0.529,0.000,0.471
653500,0.307,0.000,0.693
654000,0.353,0.000,0.647
654500,0.443,0.000,0.557
655000,0.394,0.000,0.606
655500,0.426,0.000,0.574
656000,0.480,0.000,0.520
656500,0.456,0.000,0.544
657000,0.512,0.000,0.488
657500,0.391,0.000,0.609
658000,0.486,0.000,0.514
658500,0.418,0.000,0.582
659000,0.427,0.000,0.573
659500,0.467,0.000,0.533
660000,0.428,0.000,0.572
660500,0.557,0.000,0.443
661000,0.504,0.000,0.496
661500,0.436,0.000,0.564
662000,0.359,0.000,0.641
662500,0.353,0.000,0.647
663000,0.417,0.000,0.583
663500,0.399,0.000,0.601
664000,0.440,0.000,0.560
664500,0.505,0.000,0.495
665000,0.460,0.000,0.540
665500,0.373,0.000,0.627
666000,0.298,0.000,0.702
666500,0.480,0.000,0.520
667000,0.696,0.000,0.304
667500,0.435,0.000,0.565
668000,0.402,0.000,0.598
668500,0.321,0.000,0.679
669000,0.355,0.000,0.645
669500,0.408,0.000,0.592
670000,0.450,0.000,0.550
670500,0.441,0.000,0.559
671000,0.496,0.000,0.504
671500,0.404,0.000,0.596
672000,0.376,0.000,0.624
672500,0.449,0.000,0.551
673000,0.329,0.000,0.671
673500,0.528,0.000,0.472
674000,0.356,0.000,0.644
674500,0.463,0.000,0.537
675000,0.384,0.000,0.616
675500,0.360,0.000,0.640
676000,0.329,0.000,0.671
676500,0.482,0.000,0.518
677000,0.484,0.000,0.516
677500,0.381,0.000,0.619
678000,0.504,0.000,0.496
678500,0.473,0.000,0.527
679000,0.358,0.000,0.642
679500,0.332,0.000,0.668
680000,0.549,0.000,0.451
680500,0.426,0.000,0.574
681000,0.498,0.000,0.502
681500,0.454,0.000,0.546
682000,0.424,0.000,0.576
682500,0.388,0.000,0.612
683000,0.379,0.000,0.621
683500,0.377,0.000,0.623
684000,0.404,0.000,0.596
684500,0.474,0.000,0.526
685000,0.486,0.000,0.514
685500,0.247,0.000,0.753
686000,0.320,0.000,0.680
686500,0.496,0.000,0.504
687000,0.349,0.000,0.651
687500,0.266,0.000,0.734
688000,0.449,0.000,0.551
688500,0.456,0.000,0.544
689000,0.549,0.000,0.451
689500,0.513,0.000,0.487
690000,0.470,0.000,0.530
690500,0.417,0.000,0.583
691000,0.419,0.000,0.581
691500,0.401,0.000,0.599
692000,0.535,0.000,0.465
692500,0.404,0.000,0.596
693000,0.447,0.000,0.553
693500,0.430,0.000,0.570
694000,0.408,0.000,0.592
694500,0.422,0.000,0.578
695000,0.527,0.000,0.473
695500,0.431,0.000,0.569
696000,0.420,0.000,0.580
696500,0.355,0.000,0.645
697000,0.348,0.000,0.652
697500,0.406,0.000,0.594
698000,0.409,0.000,0.591
698500,0.360,0.000,0.640
699000,0.409,0.000,0.591
699500,0.407,0.000,0.593
700000,0.410,0.000,0.590
700500,0.405,0.000,0.595
701000,0.502,0.000,0.498
701500,0.318,0.000,0.682
702000,0.397,0.000,0.603
702500,0.443,0.000,0.557
703000,0.491,0.000,0.509
703500,0.434,0.000,0.566
704000,0.383,0.000,0.617
704500,0.406,0.000,0.594
705000,0.324,0.000,0.676
705500,0.425,0.000,0.575
706000,0.448,0.000,0.552
706500,0.413,0.000,0.587
707000,0.429,0.000,0.571
707500,0.464,0.000,0.536
708000,0.414,0.000,0.586
708500,0.475,0.000,0.525
709000,0.443,0.000,0.557
709500,0.381,0.000,0.619
710000,0.333,0.000,0.667
710500,0.358,0.000,0.642
711000,0.405,0.000,0.595
711500,0.526,0.000,0.474
712000,0.412,0.000,0.588
712500,0.450,0.000,0.550
713000,0.443,0.000,0.557
713500,0.400,0.000,0.600
714000,0.449,0.000,0.551
714500,0.376,0.000,0.624
715000,0.414,0.000,0.586
715500,0.487,0.000,0.513
716000,0.359,0.000,0.641
716500,0.417,0.000,0.583
717000,0.515,0.000,0.485
717500,0.444,0.000,0.556
718000,0.500,0.000,0.500
718500,0.472,0.000,0.528
719000,0.391,0.000,0.609
719500,0.311,0.000,0.689
720000,0.440,0.000,0.560
720500,0.489,0.000,0.511
721000,0.418,0.000,0.582
721500,0.451,0.000,0.549
722000,0.477,0.000,0.523
722500,0.409,0.000,0.591
723000,0.454,0.000,0.546
723500,0.348,0.000,0.652
724000,0.343,0.000,0.657
724500,0.357,0.000,0.643
725000,0.441,0.000,0.559
725500,0.567,0.000,0.433
726000,0.495,0.000,0.505
726500,0.474,0.000,0.526
727000,0.414,0.000,0.586
727500,0.479,0.000,0.521
728000,0.393,0.000,0.607
728500,0.260,0.000,0.740
729000,0.400,0.000,0.600
729500,0.475,0.000,0.525
730000,0.475,0.000,0.525
730500,0.402,0.000,0.598
731000,0.323,0.000,0.677
731500,0.427,0.000,0.573
732000,0.407,0.000,0.593
732500,0.543,0.000,0.457
733000,0.495,0.000,0.505
733500,0.454,0.000,0.546
734000,0.416,0.000,0.584
734500,0.442,0.000,0.558
735000,0.431,0.000,0.569
735500,0.397,0.000,0.603
736000,0.509,0.000,0.491
736500,0.426,0.000,0.574
737000,0.393,0.000,0.607
737500,0.488,0.000,0.512
738000,0.438,0.000,0.562
738500,0.397,0.000,0.603
739000,0.415,0.000,0.585
739500,0.412,0.000,0.588
740000,0.408,0.000,0.592
740500,0.435,0.000,0.565
741000,0.428,0.000,0.572
741500,0.399,0.000,0.601
742000,0.450,0.000,0.550
742500,0.419,0.000,0.581
743000,0.396,0.000,0.604
743500,0.375,0.000,0.625
744000,0.514,0.000,0.486
744500,0.401,0.000,0.599
745000,0.502,0.000,0.498
745500,0.430,0.000,0.570
746000,0.382,0.000,0.618
746500,0.418,0.000,0.582
747000,0.358,0.000,0.642
747500,0.355,0.000,0.645
748000,0.374,0.000,0.626
748500,0.484,0.000,0.516
749000,0.425,0.000,0.575
749500,0.456,0.000,0.544
750000,0.289,0.000,0.711
750500,0.358,0.000,0.642
751000,0.422,0.000,0.578
751500,0.450,0.000,0.550
752000,0.337,0.000,0.663
752500,0.389,0.000,0.611
753000,0.399,0.000,0.601
753500,0.355,0.000,0.645
754000,0.388,0.000,0.612
754500,0.404,0.000,0.596
755000,0.367,0.000,0.633
755500,0.299,0.000,0.701
756000,0.399,0.000,0.601
756500,0.341,0.000,0.659
757000,0.369,0.000,0.631
757500,0.405,0.000,0.595
758000,0.422,0.000,0.578
758500,0.538,0.000,0.462
759000,0.454,0.000,0.546
759500,0.507,0.000,0.493
760000,0.407,0.000,0.593
760500,0.473,0.000,0.527
761000,0.447,0.000,0.553
761500,0.431,0.000,0.569
762000,0.509,0.000,0.491
762500,0.393,0.000,0.607
763000,0.345,0.000,0.655
763500,0.510,0.000,0.490
764000,0.431,0.000,0.569
764500,0.371,0.000,0.629
765000,0.514,0.000,0.486
765500,0.421,0.000,0.579
766000,0.438,0.000,0.562
766500,0.396,0.000,0.604
767000,0.374,0.000,0.626
767500,0.584,0.000,0.416
768000,0.497,0.000,0.503
768500,0.552,0.000,0.448
769000,0.443,0.000,0.557
769500,0.583,0.000,0.417
770000,0.517,0.000,0.483
770500,0.314,0.000,0.686
771000,0.489,0.000,0.511
771500,0.453,0.000,0.547
772000,0.442,0.000,0.558
772500,0.390,0.000,0.610
773000,0.404,0.000,0.596
773500,0.417,0.000,0.583
774000,0.464,0.000,0.536
774500,0.370,0.000,0.630
775000,0.474,0.000,0.526
775500,0.503,0.000,0.497
776000,0.475,0.000,0.525
776500,0.449,0.000,0.551
777000,0.425,0.000,0.575
777500,0.383,0.000,0.617
778000,0.406,0.000,0.594
778500,0.500,0.000,0.500
779000,0.564,0.000,0.436
779500,0.520,0.000,0.480
780000,0.575,0.000,0.425
780500,0.442,0.000,0.558
781000,0.479,0.000,0.521
781500,0.343,0.000,0.657
782000,0.481,0.012,0.507
782500,0.494,0.000,0.506
783000,0.436,0.000,0.564
783500,0.395,0.000,0.605
784000,0.332,0.000,0.668
784500,0.416,0.000,0.584
785000,0.399,0.000,0.601
785500,0.361,0.000,0.639
786000,0.421,0.000,0.579
786500,0.356,0.000,0.644
787000,0.398,0.000,0.602
787500,0.334,0.000,0.666
788000,0.396,0.000,0.604
788500,0.519,0.000,0.481
789000,0.599,0.000,0.401
789500,0.510,0.000,0.490
790000,0.395,0.000,0.605
790500,0.374,0.000,0.626
791000,0.362,0.000,0.638
791500,0.449,0.000,0.551
792000,0.460,0.000,0.540
792500,0.439,0.000,0.561
793000,0.487,0.000,0.513
793500,0.509,0.000,0.491
794000,0.336,0.000,0.664
794500,0.388,0.000,0.612
795000,0.345,0.000,0.655
795500,0.331,0.000,0.669
796000,0.448,0.000,0.552
796500,0.479,0.000,0.521
797000,0.493,0.000,0.507
797500,0.399,0.000,0.601
798000,0.324,0.000,0.676
798500,0.455,0.000,0.545
799000,0.445,0.000,0.555
799500,0.425,0.000,0.575
800000,0.557,0.000,0.443
800500,0.452,0.000,0.548
801000,0.422,0.000,0.578
801500,0.356,0.000,0.644
802000,0.407,0.000,0.593
802500,0.479,0.000,0.521
803000,0.322,0.000,0.678
803500,0.378,0.000,0.622
804000,0.467,0.000,0.533
804500,0.358,0.000,0.642
805000,0.371,0.000,0.629
805500,0.463,0.000,0.537
806000,0.449,0.000,0.551
806500,0.581,0.000,0.419
807000,0.527,0.000,0.473
807500,0.399,0.000,0.601
808000,0.354,0.000,0.646
808500,0.388,0.000,0.612
809000,0.426,0.000,0.574
809500,0.439,0.000,0.561
810000,0.453,0.000,0.547
810500,0.470,0.000,0.530
811000,0.370,0.000,0.630
811500,0.310,0.000,0.690
812000,0.500,0.000,0.500
812500,0.522,0.000,0.478
813000,0.399,0.000,0.601
813500,0.475,0.000,0.525
814000,0.452,0.000,0.548
814500,0.391,0.000,0.609
815000,0.444,0.000,0.556
815500,0.353,0.000,0.647
816000,0.395,0.000,0.605
816500,0.361,0.000,0.639
817000,0.403,0.000,0.597
817500,0.468,0.000,0.532
818000,0.485,0.000,0.515
818500,0.402,0.000,0.598
819000,0.397,0.000,0.603
819500,0.394,0.000,0.606
820000,0.403,0.000,0.597
820500,0.440,0.000,0.560
821000,0.374,0.000,0.626
821500,0.462,0.000,0.538
822000,0.369,0.000,0.631
822500,0.452,0.000,0.548
823000,0.399,0.000,0.601
823500,0.417,0.000,0.583
824000,0.468,0.000,0.532
824500,0.399,0.000,0.601
825000,0.353,0.000,0.647
825500,0.365,0.000,0.635
826000,0.400,0.000,0.600
826500,0.305,0.015,0.680
827000,0.390,0.000,0.610
827500,0.489,0.000,0.511
828000,0.400,0.000,0.600
828500,0.320,0.000,0.680
829000,0.494,0.000,0.506
829500,0.390,0.000,0.610
830000,0.368,0.000,0.632
830500,0.399,0.000,0.601
831000,0.436,0.000,0.564
831500,0.494,0.000,0.506
832000,0.399,0.000,0.601
832500,0.404,0.000,0.596
833000,0.489,0.000,0.511
833500,0.440,0.000,0.560
834000,0.428,0.000,0.572
834500,0.486,0.000,0.514
835000,0.588,0.000,0.412
835500,0.345,0.000,0.655
836000,0.451,0.000,0.549
836500,0.402,0.000,0.598
837000,0.378,0.000,0.622
837500,0.341,0.000,0.659
838000,0.331,0.000,0.669
838500,0.430,0.000,0.570
839000,0.516,0.000,0.484
839500,0.461,0.000,0.539
840000,0.410,0.000,0.590
840500,0.303,0.000,0.697
841000,0.435,0.000,0.565
841500,0.488,0.000,0.512
842000,0.403,0.000,0.597
842500,0.371,0.000,0.629
843000,0.366,0.000,0.634
843500,0.522,0.000,0.478
844000,0.533,0.000,0.467
844500,0.444,0.000,0.556
845000,0.343,0.000,0.657
845500,0.379,0.000,0.621
846000,0.459,0.000,0.541
846500,0.341,0.000,0.659
847000,0.351,0.000,0.649
847500,0.534,0.000,0.466
848000,0.560,0.000,0.440
848500,0.448,0.000,0.552
849000,0.428,0.000,0.572
849500,0.501,0.000,0.499
850000,0.391,0.000,0.609
850500,0.587,0.000,0.413
851000,0.376,0.000,0.624
851500,0.358,0.000,0.642
852000,0.456,0.000,0.544
852500,0.431,0.000,0.569
853000,0.337,0.000,0.663
853500,0.366,0.000,0.634
854000,0.567,0.000,0.433
854500,0.451,0.000,0.549
855000,0.503,0.000,0.497
855500,0.380,0.000,0.620
856000,0.302,0.000,0.698
856500,0.380,0.000,0.620
857000,0.286,0.000,0.714
857500,0.442,0.000,0.558
858000,0.432,0.000,0.568
858500,0.267,0.000,0.733
859000,0.395,0.000,0.605
859500,0.434,0.000,0.566
860000,0.333,0.000,0.667
860500,0.409,0.000,0.591
861000,0.382,0.000,0.618
861500,0.486,0.000,0.514
862000,0.476,0.000,0.524
862500,0.429,0.000,0.571
863000,0.430,0.000,0.570
863500,0.450,0.000,0.550
864000,0.521,0.000,0.479
864500,0.290,0.000,0.710
865000,0.394,0.000,0.606
865500,0.466,0.000,0.534
866000,0.362,0.000,0.638
866500,0.355,0.000,0.645
867000,0.348,0.000,0.652
867500,0.413,0.000,0.587
868000,0.304,0.000,0.696
868500,0.457,0.000,0.543
869000,0.430,0.000,0.570
869500,0.382,0.000,0.618
870000,0.436,0.000,0.564
870500,0.327,0.000,0.673
871000,0.442,0.002,0.556
871500,0.456,0.000,0.544
872000,0.453,0.000,0.547
872500,0.416,0.000,0.584
873000,0.456,0.000,0.544
873500,0.549,0.000,0.451
874000,0.482,0.000,0.518
874500,0.478,0.000,0.522
875000,0.395,0.000,0.605
875500,0.480,0.000,0.520
876000,0.357,0.000,0.643
876500,0.396,0.000,0.604
877000,0.456,0.000,0.544
877500,0.374,0.000,0.626
878000,0.459,0.000,0.541
878500,0.453,0.000,0.547
879000,0.496,0.000,0.504
879500,0.550,0.000,0.450
880000,0.392,0.000,0.608
880500,0.386,0.000,0.614
881000,0.346,0.000,0.654
881500,0.292,0.000,0.708
882000,0.363,0.000,0.637
882500,0.389,0.000,0.611
883000,0.450,0.000,0.550
883500,0.404,0.000,0.596
884000,0.429,0.000,0.571
884500,0.363,0.000,0.637
885000,0.468,0.000,0.532
885500,0.418,0.000,0.582
886000,0.367,0.000,0.633
886500,0.545,0.000,0.455
887000,0.417,0.000,0.583
887500,0.382,0.000,0.618
888000,0.314,0.000,0.686
888500,0.386,0.000,0.614
889000,0.403,0.000,0.597
889500,0.474,0.000,0.526
890000,0.479,0.000,0.521
890500,0.406,0.000,0.594
891000,0.379,0.000,0.621
891500,0.452,0.000,0.548
892000,0.541,0.000,0.459
892500,0.460,0.000,0.540
893000,0.409,0.000,0.591
893500,0.524,0.000,0.476
894000,0.499,0.000,0.501
894500,0.481,0.000,0.519
895000,0.472,0.000,0.528
895500,0.377,0.000,0.623
896000,0.390,0.000,0.610
896500,0.470,0.000,0.530
897000,0.413,0.000,0.587
897500,0.452,0.000,0.548
898000,0.409,0.000,0.591
898500,0.323,0.000,0.677
899000,0.454,0.000,0.546
899500,0.373,0.000,0.627
900000,0.359,0.000,0.641
900500,0.401,0.000,0.599
901000,0.299,0.000,0.701
901500,0.441,0.000,0.559
902000,0.509,0.000,0.491
902500,0.470,0.000,0.530
903000,0.414,0.000,0.586
903500,0.406,0.000,0.594
904000,0.398,0.000,0.602
904500,0.419,0.000,0.581
905000,0.500,0.000,0.500
905500,0.435,0.000,0.565
906000,0.344,0.000,0.656
906500,0.408,0.000,0.592
907000,0.319,0.000,0.681
907500,0.492,0.000,0.508
908000,0.453,0.000,0.547
908500,0.368,0.000,0.632
909000,0.473,0.000,0.527
909500,0.339,0.000,0.661
910000,0.490,0.000,0.510
910500,0.510,0.000,0.490
911000,0.415,0.000,0.585
911500,0.340,0.000,0.660
912000,0.224,0.000,0.776
912500,0.361,0.000,0.639
913000,0.404,0.000,0.596
913500,0.381,0.000,0.619
914000,0.513,0.000,0.487
914500,0.503,0.000,0.497
915000,0.515,0.000,0.485
915500,0.503,0.000,0.497
916000,0.467,0.000,0.533
916500,0.370,0.000,0.630
917000,0.317,0.000,0.683
917500,0.535,0.000,0.465
918000,0.478,0.000,0.522
918500,0.399,0.000,0.601
919000,0.436,0.000,0.564
919500,0.365,0.000,0.635
920000,0.411,0.000,0.589
920500,0.506,0.000,0.494
921000,0.532,0.000,0.468
921500,0.445,0.000,0.555
922000,0.425,0.000,0.575
922500,0.447,0.000,0.553
923000,0.387,0.000,0.613
923500,0.362,0.000,0.638
924000,0.472,0.000,0.528
924500,0.485,0.000,0.515
925000,0.431,0.000,0.569
925500,0.400,0.000,0.600
926000,0.421,0.000,0.579
926500,0.447,0.000,0.553
927000,0.445,0.000,0.555
927500,0.495,0.000,0.505
928000,0.418,0.000,0.582
928500,0.378,0.000,0.622
929000,0.443,0.000,0.557
929500,0.413,0.000,0.587
930000,0.396,0.000,0.604
930500,0.450,0.000,0.550
931000,0.434,0.000,0.566
931500,0.423,0.000,0.577
932000,0.463,0.000,0.537
932500,0.492,0.000,0.508
933000,0.445,0.000,0.555
933500,0.322,0.000,0.678
934000,0.577,0.000,0.423
934500,0.354,0.000,0.646
935000,0.405,0.000,0.595
935500,0.453,0.000,0.547
936000,0.441,0.000,0.559
936500,0.464,0.000,0.536
937000,0.418,0.000,0.582
937500,0.446,0.000,0.554
938000,0.366,0.000,0.634
938500,0.442,0.000,0.558
939000,0.415,0.000,0.585
939500,0.331,0.000,0.669
940000,0.348,0.000,0.652
940500,0.386,0.000,0.614
941000,0.406,0.000,0.594
941500,0.479,0.000,0.521
942000,0.406,0.000,0.594
942500,0.559,0.000,0.441
943000,0.373,0.000,0.627
943500,0.360,0.000,0.640
944000,0.416,0.000,0.584
944500,0.381,0.000,0.619
945000,0.378,0.000,0.622
945500,0.474,0.000,0.526
946000,0.327,0.000,0.673
946500,0.430,0.000,0.570
947000,0.401,0.000,0.599
947500,0.363,0.000,0.637
948000,0.503,0.000,0.497
948500,0.524,0.000,0.476
949000,0.383,0.000,0.617
949500,0.508,0.000,0.492
950000,0.542,0.000,0.458
950500,0.455,0.000,0.545
951000,0.423,0.000,0.577
951500,0.366,0.000,0.634
952000,0.496,0.000,0.504
952500,0.507,0.000,0.493
953000,0.466,0.000,0.534
953500,0.320,0.000,0.680
954000,0.477,0.000,0.523
954500,0.378,0.000,0.622
955000,0.531,0.000,0.469
955500,0.378,0.000,0.622
956000,0.492,0.000,0.508
956500,0.480,0.000,0.520
957000,0.394,0.000,0.606
957500,0.339,0.000,0.661
958000,0.459,0.000,0.541
958500,0.422,0.000,0.578
959000,0.393,0.000,0.607
959500,0.422,0.000,0.578
960000,0.366,0.000,0.634
960500,0.276,0.000,0.724
961000,0.354,0.000,0.646
961500,0.476,0.000,0.524
962000,0.430,0.000,0.570
962500,0.424,0.000,0.576
963000,0.371,0.000,0.629
963500,0.368,0.000,0.632
964000,0.377,0.000,0.623
964500,0.368,0.000,0.632
965000,0.426,0.000,0.574
965500,0.491,0.000,0.509
966000,0.399,0.000,0.601
966500,0.459,0.000,0.541
967000,0.464,0.000,0.536
967500,0.525,0.000,0.475
968000,0.583,0.000,0.417
968500,0.583,0.000,0.417
969000,0.477,0.000,0.523
969500,0.284,0.000,0.716
970000,0.398,0.000,0.602
970500,0.337,0.000,0.663
971000,0.398,0.000,0.602
971500,0.442,0.000,0.558
972000,0.507,0.000,0.493
972500,0.312,0.000,0.688
973000,0.273,0.003,0.724
973500,0.374,0.000,0.626
974000,0.418,0.000,0.582
974500,0.307,0.000,0.693
975000,0.373,0.000,0.627
975500,0.341,0.000,0.659
976000,0.459,0.000,0.541
976500,0.435,0.000,0.565
977000,0.367,0.000,0.633
977500,0.347,0.000,0.653
978000,0.481,0.000,0.519
978500,0.438,0.000,0.562
979000,0.385,0.000,0.615
979500,0.367,0.000,0.633
980000,0.355,0.000,0.645
980500,0.375,0.000,0.625
981000,0.447,0.000,0.553
981500,0.451,0.000,0.549
982000,0.471,0.000,0.529
982500,0.579,0.000,0.421
983000,0.583,0.000,0.417
983500,0.491,0.000,0.509
984000,0.462,0.000,0.538
984500,0.426,0.000,0.574
985000,0.483,0.000,0.517
985500,0.528,0.000,0.472
986000,0.480,0.000,0.520
986500,0.449,0.000,0.551
987000,0.403,0.000,0.597
987500,0.354,0.000,0.646
988000,0.419,0.000,0.581
988500,0.365,0.000,0.635
989000,0.421,0.000,0.579
989500,0.435,0.000,0.565
990000,0.418,0.000,0.582
990500,0.420,0.000,0.580
991000,0.403,0.000,0.597
991500,0.446,0.000,0.554
992000,0.399,0.000,0.601
992500,0.377,0.000,0.623
993000,0.418,0.000,0.582
993500,0.344,0.000,0.656
994000,0.585,0.000,0.415
994500,0.519,0.000,0.481
995000,0.387,0.000,0.613
995500,0.347,0.000,0.653
996000,0.407,0.000,0.593
996500,0.435,0.000,0.565
997000,0.400,0.000,0.600
997500,0.404,0.000,0.596
998000,0.348,0.000,0.652
998500,0.388,0.000,0.612
999000,0.475,0.000,0.525
999500,0.454,0.000,0.546
1000000,0.381,0.000,0.619
