time,n_A+p,n_B,n_AB
500,0.050,0.101,0.849
1000,0.152,0.004,0.844
1500,0.135,0.009,0.856
2000,0.264,0.000,0.736
2500,0.179,0.000,0.821
3000,0.178,0.000,0.822
3500,0.183,0.000,0.817
4000,0.153,0.000,0.847
4500,0.189,0.005,0.806
5000,0.217,0.000,0.783
5500,0.218,0.000,0.782
6000,0.249,0.001,0.750
6500,0.180,0.000,0.820
7000,0.239,0.000,0.761
7500,0.186,0.000,0.814
8000,0.150,0.000,0.850
8500,0.224,0.000,0.776
9000,0.181,0.004,0.815
9500,0.148,0.000,0.852
10000,0.178,0.004,0.818
10500,0.186,0.000,0.814
11000,0.209,0.000,0.791
11500,0.216,0.000,0.784
12000,0.226,0.000,0.774
12500,0.158,0.010,0.832
13000,0.214,0.006,0.780
13500,0.179,0.000,0.821
14000,0.192,0.000,0.808
14500,0.228,0.000,0.772
15000,0.171,0.000,0.829
15500,0.223,0.000,0.777
16000,0.181,0.000,0.819
16500,0.254,0.000,0.746
17000,0.191,0.000,0.809
17500,0.172,0.000,0.828
18000,0.268,0.000,0.732
18500,0.134,0.000,0.866
19000,0.142,0.000,0.858
19500,0.159,0.000,0.841
20000,0.189,0.000,0.811
20500,0.183,0.000,0.817
21000,0.174,0.000,0.826
21500,0.235,0.000,0.765
22000,0.167,0.003,0.830
22500,0.214,0.000,0.786
23000,0.149,0.000,0.851
23500,0.189,0.000,0.811
24000,0.218,0.001,0.781
24500,0.282,0.000,0.718
25000,0.231,0.000,0.769
25500,0.145,0.007,0.848
26000,0.220,0.007,0.773
26500,0.200,0.000,0.800
27000,0.218,0.000,0.782
27500,0.233,0.000,0.767
28000,0.217,0.000,0.783
28500,0.161,0.000,0.839
29000,0.168,0.000,0.832
29500,0.195,0.000,0.805
30000,0.160,0.010,0.830
30500,0.159,0.000,0.841
31000,0.189,0.003,0.808
31500,0.164,0.006,0.830
32000,0.204,0.001,0.795
32500,0.163,0.000,0.837
33000,0.178,0.000,0.822
33500,0.169,0.000,0.831
34000,0.228,0.000,0.772
34500,0.230,0.000,0.770
35000,0.181,0.000,0.819
35500,0.240,0.000,0.760
36000,0.151,0.000,0.849
36500,0.164,0.000,0.836
37000,0.209,0.000,0.791
37500,0.159,0.001,0.840
38000,0.267,0.000,0.733
38500,0.218,0.000,0.782
39000,0.232,0.000,0.768
39500,0.208,0.000,0.792
40000,0.245,0.000,0.755
40500,0.244,0.000,0.756
41000,0.193,0.000,0.807
41500,0.187,0.001,0.812
42000,0.159,0.000,0.841
42500,0.133,0.000,0.867
43000,0.220,0.001,0.779
43500,0.210,0.000,0.790
44000,0.266,0.000,0.734
44500,0.247,0.000,0.753
45000,0.206,0.000,0.794
45500,0.255,0.000,0.745
46000,0.155,0.000,0.845
46500,0.240,0.000,0.760
47000,0.312,0.000,0.688
47500,0.174,0.000,0.826
48000,0.248,0.000,0.752
48500,0.227,0.000,0.773
49000,0.225,0.000,0.775
49500,0.192,0.000,0.808
50000,0.159,0.005,0.836
50500,0.139,0.002,0.859
51000,0.216,0.000,0.784
51500,0.201,0.017,0.782
52000,0.271,0.000,0.729
52500,0.178,0.000,0.822
53000,0.219,0.000,0.781
53500,0.221,0.000,0.779
54000,0.190,0.022,0.788
54500,0.197,0.000,0.803
55000,0.155,0.000,0.845
55500,0.242,0.000,0.758
56000,0.357,0.000,0.643
56500,0.214,0.000,0.786
57000,0.190,0.001,0.809
57500,0.200,0.000,0.800
58000,0.250,0.000,0.750
58500,0.204,0.000,0.796
59000,0.247,0.000,0.753
59500,0.231,0.000,0.769
60000,0.118,0.000,0.882
60500,0.173,0.019,0.808
61000,0.146,0.008,0.846
61500,0.192,0.007,0.801
62000,0.172,0.000,0.828
62500,0.178,0.020,0.802
63000,0.213,0.000,0.787
63500,0.258,0.000,0.742
64000,0.182,0.002,0.816
64500,0.194,0.000,0.806
65000,0.219,0.013,0.768
65500,0.204,0.000,0.796
66000,0.179,0.000,0.821
66500,0.215,0.021,0.764
67000,0.229,0.000,0.771
67500,0.178,0.000,0.822
68000,0.186,0.000,0.814
68500,0.214,0.000,0.786
69000,0.177,0.000,0.823
69500,0.174,0.008,0.818
70000,0.111,0.000,0.889
70500,0.154,0.000,0.846
71000,0.147,0.000,0.853
71500,0.128,0.017,0.855
72000,0.236,0.000,0.764
72500,0.167,0.000,0.833
73000,0.223,0.000,0.777
73500,0.250,0.000,0.750
74000,0.208,0.000,0.792
74500,0.186,0.000,0.814
75000,0.185,0.000,0.815
75500,0.203,0.001,0.796
76000,0.206,0.000,0.794
76500,0.249,0.000,0.751
77000,0.208,0.000,0.792
77500,0.251,0.000,0.749
78000,0.234,0.004,0.762
78500,0.273,0.000,0.727
79000,0.170,0.000,0.830
79500,0.207,0.000,0.793
80000,0.177,0.000,0.823
80500,0.229,0.000,0.771
81000,0.222,0.000,0.778
81500,0.188,0.000,0.812
82000,0.183,0.000,0.817
82500,0.257,0.000,0.743
83000,0.215,0.000,0.785
83500,0.187,0.000,0.813
84000,0.173,0.000,0.827
84500,0.223,0.000,0.777
85000,0.191,0.000,0.809
85500,0.201,0.000,0.799
86000,0.235,0.000,0.765
86500,0.202,0.000,0.798
87000,0.199,0.000,0.801
87500,0.153,0.002,0.845
88000,0.197,0.000,0.803
88500,0.193,0.000,0.807
89000,0.203,0.000,0.797
89500,0.159,0.000,0.841
90000,0.216,0.000,0.784
90500,0.220,0.000,0.780
91000,0.168,0.000,0.832
91500,0.238,0.000,0.762
92000,0.191,0.000,0.809
92500,0.178,0.007,0.815
93000,0.144,0.000,0.856
93500,0.156,0.000,0.844
94000,0.103,0.007,0.890
94500,0.284,0.000,0.716
95000,0.232,0.000,0.768
95500,0.182,0.000,0.818
96000,0.174,0.000,0.826
96500,0.316,0.000,0.684
97000,0.195,0.015,0.790
97500,0.244,0.000,0.756
98000,0.219,0.000,0.781
98500,0.188,0.001,0.811
99000,0.157,0.010,0.833
99500,0.208,0.000,0.792
100000,0.247,0.000,0.753
100500,0.198,0.000,0.802
101000,0.187,0.000,0.813
101500,0.141,0.010,0.849
102000,0.147,0.002,0.851
102500,0.208,0.000,0.792
103000,0.177,0.000,0.823
103500,0.152,0.000,0.848
104000,0.189,0.000,0.811
104500,0.159,0.000,0.841
105000,0.204,0.004,0.792
105500,0.135,0.000,0.865
106000,0.210,0.000,0.790
106500,0.111,0.008,0.881
107000,0.137,0.005,0.858
107500,0.228,0.000,0.772
108000,0.160,0.007,0.833
108500,0.152,0.003,0.845
109000,0.181,0.000,0.819
109500,0.280,0.000,0.720
110000,0.181,0.000,0.819
110500,0.141,0.000,0.859
111000,0.219,0.000,0.781
111500,0.125,0.009,0.866
112000,0.127,0.009,0.864
112500,0.146,0.000,0.854
113000,0.192,0.000,0.808
113500,0.179,0.000,0.821
114000,0.296,0.000,0.704
114500,0.229,0.000,0.771
115000,0.188,0.000,0.812
115500,0.146,0.000,0.854
116000,0.189,0.000,0.811
116500,0.198,0.000,0.802
117000,0.236,0.000,0.764
117500,0.246,0.000,0.754
118000,0.167,0.000,0.833
118500,0.167,0.008,0.825
119000,0.128,0.000,0.872
119500,0.174,0.002,0.824
120000,0.127,0.003,0.870
120500,0.197,0.000,0.803
121000,0.166,0.000,0.834
121500,0.255,0.000,0.745
122000,0.217,0.000,0.783
122500,0.177,0.000,0.823
123000,0.172,0.001,0.827
123500,0.260,0.000,0.740
124000,0.262,0.000,0.738
124500,0.163,0.000,0.837
125000,0.162,0.019,0.819
125500,0.147,0.000,0.853
126000,0.188,0.000,0.812
126500,0.247,0.000,0.753
127000,0.208,0.000,0.792
127500,0.154,0.021,0.825
128000,0.187,0.000,0.813
128500,0.229,0.000,0.771
129000,0.183,0.000,0.817
129500,0.254,0.000,0.746
130000,0.225,0.000,0.775
130500,0.196,0.000,0.804
131000,0.266,0.000,0.734
131500,0.136,0.029,0.835
132000,0.163,0.000,0.837
132500,0.146,0.003,0.851
133000,0.291,0.000,0.709
133500,0.191,0.000,0.809
134000,0.186,0.000,0.814
134500,0.218,0.002,0.780
135000,0.199,0.000,0.801
135500,0.150,0.000,0.850
136000,0.260,0.000,0.740
136500,0.266,0.000,0.734
137000,0.138,0.002,0.860
137500,0.160,0.003,0.837
138000,0.179,0.000,0.821
138500,0.147,0.000,0.853
139000,0.104,0.013,0.883
139500,0.108,0.000,0.892
140000,0.292,0.000,0.708
140500,0.124,0.000,0.876
141000,0.181,0.003,0.816
141500,0.171,0.001,0.828
142000,0.222,0.000,0.778
142500,0.243,0.000,0.757
143000,0.175,0.000,0.825
143500,0.238,0.000,0.762
144000,0.218,0.000,0.782
144500,0.220,0.000,0.780
145000,0.166,0.000,0.834
145500,0.212,0.000,0.788
146000,0.293,0.000,0.707
146500,0.300,0.000,0.700
147000,0.285,0.000,0.715
147500,0.198,0.000,0.802
148000,0.215,0.000,0.785
148500,0.174,0.009,0.817
149000,0.166,0.008,0.826
149500,0.134,0.000,0.866
150000,0.245,0.000,0.755
150500,0.208,0.000,0.792
151000,0.203,0.000,0.797
151500,0.186,0.000,0.814
152000,0.194,0.000,0.806
152500,0.234,0.000,0.766
153000,0.198,0.000,0.802
153500,0.162,0.000,0.838
154000,0.183,0.000,0.817
154500,0.186,0.000,0.814
155000,0.201,0.000,0.799
155500,0.217,0.000,0.783
156000,0.170,0.000,0.830
156500,0.192,0.000,0.808
157000,0.218,0.000,0.782
157500,0.217,0.000,0.783
158000,0.169,0.000,0.831
158500,0.245,0.000,0.755
159000,0.235,0.000,0.765
159500,0.139,0.011,0.850
160000,0.139,0.000,0.861
160500,0.122,0.000,0.878
161000,0.205,0.000,0.795
161500,0.186,0.000,0.814
162000,0.195,0.000,0.805
162500,0.184,0.000,0.816
163000,0.226,0.000,0.774
163500,0.206,0.000,0.794
164000,0.314,0.000,0.686
164500,0.118,0.000,0.882
165000,0.242,0.000,0.758
165500,0.216,0.000,0.784
166000,0.161,0.000,0.839
166500,0.123,0.017,0.860
167000,0.128,0.017,0.855
167500,0.108,0.016,0.876
168000,0.216,0.001,0.783
168500,0.280,0.000,0.720
169000,0.206,0.000,0.794
169500,0.211,0.000,0.789
170000,0.216,0.000,0.784
170500,0.192,0.000,0.808
171000,0.277,0.000,0.723
171500,0.185,0.000,0.815
172000,0.174,0.000,0.826
172500,0.234,0.000,0.766
173000,0.173,0.006,0.821
173500,0.253,0.000,0.747
174000,0.272,0.000,0.728
174500,0.190,0.000,0.810
175000,0.149,0.013,0.838
175500,0.179,0.000,0.821
176000,0.220,0.000,0.780
176500,0.146,0.000,0.854
177000,0.153,0.000,0.847
177500,0.165,0.000,0.835
178000,0.161,0.013,0.826
178500,0.219,0.000,0.781
179000,0.310,0.000,0.690
179500,0.118,0.000,0.882
180000,0.175,0.000,0.825
180500,0.200,0.004,0.796
181000,0.212,0.000,0.788
181500,0.192,0.000,0.808
182000,0.272,0.000,0.728
182500,0.201,0.000,0.799
183000,0.222,0.000,0.778
183500,0.118,0.000,0.882
184000,0.218,0.000,0.782
184500,0.153,0.000,0.847
185000,0.195,0.000,0.805
185500,0.233,0.000,0.767
186000,0.144,0.000,0.856
186500,0.213,0.000,0.787
187000,0.161,0.000,0.839
187500,0.186,0.000,0.814
188000,0.140,0.000,0.860
188500,0.206,0.000,0.794
189000,0.282,0.014,0.704
189500,0.267,0.001,0.732
190000,0.144,0.007,0.849
190500,0.219,0.016,0.765
191000,0.157,0.000,0.843
191500,0.276,0.000,0.724
192000,0.157,0.000,0.843
192500,0.150,0.000,0.850
193000,0.131,0.012,0.857
193500,0.207,0.000,0.793
194000,0.236,0.000,0.764
194500,0.217,0.000,0.783
195000,0.189,0.000,0.811
195500,0.147,0.000,0.853
196000,0.143,0.005,0.852
196500,0.186,0.000,0.814
197000,0.127,0.000,0.873
197500,0.161,0.000,0.839
198000,0.325,0.000,0.675
198500,0.193,0.000,0.807
199000,0.183,0.000,0.817
199500,0.196,0.000,0.804
200000,0.179,0.006,0.815
200500,0.245,0.000,0.755
201000,0.183,0.000,0.817
201500,0.196,0.000,0.804
202000,0.211,0.000,0.789
202500,0.170,0.000,0.830
203000,0.314,0.000,0.686
203500,0.215,0.000,0.785
204000,0.187,0.000,0.813
204500,0.188,0.000,0.812
205000,0.187,0.000,0.813
205500,0.155,0.000,0.845
206000,0.175,0.004,0.821
206500,0.205,0.000,0.795
207000,0.203,0.000,0.797
207500,0.154,0.000,0.846
208000,0.208,0.000,0.792
208500,0.152,0.000,0.848
209000,0.173,0.000,0.827
209500,0.230,0.000,0.770
210000,0.149,0.000,0.851
210500,0.190,0.000,0.810
211000,0.164,0.005,0.831
211500,0.155,0.000,0.845
212000,0.153,0.002,0.845
212500,0.145,0.000,0.855
213000,0.231,0.001,0.768
213500,0.159,0.000,0.841
214000,0.174,0.000,0.826
214500,0.227,0.000,0.773
215000,0.166,0.000,0.834
215500,0.142,0.000,0.858
216000,0.189,0.000,0.811
216500,0.186,0.012,0.802
217000,0.168,0.000,0.832
217500,0.189,0.000,0.811
218000,0.167,0.000,0.833
218500,0.194,0.003,0.803
219000,0.172,0.000,0.828
219500,0.196,0.000,0.804
220000,0.194,0.015,0.791
220500,0.142,0.001,0.857
221000,0.118,0.001,0.881
221500,0.173,0.020,0.807
222000,0.186,0.019,0.795
222500,0.154,0.006,0.840
223000,0.166,0.001,0.833
223500,0.180,0.000,0.820
224000,0.178,0.010,0.812
224500,0.227,0.001,0.772
225000,0.171,0.000,0.829
225500,0.203,0.000,0.797
226000,0.176,0.000,0.824
226500,0.280,0.000,0.720
227000,0.215,0.000,0.785
227500,0.241,0.000,0.759
228000,0.156,0.004,0.840
228500,0.172,0.000,0.828
229000,0.214,0.000,0.786
229500,0.215,0.008,0.777
230000,0.217,0.000,0.783
230500,0.196,0.003,0.801
231000,0.309,0.000,0.691
231500,0.137,0.000,0.863
232000,0.260,0.000,0.740
232500,0.146,0.000,0.854
233000,0.152,0.000,0.848
233500,0.163,0.000,0.837
234000,0.235,0.000,0.765
234500,0.174,0.000,0.826
235000,0.174,0.009,0.817
235500,0.272,0.001,0.727
236000,0.147,0.009,0.844
236500,0.194,0.000,0.806
237000,0.263,0.000,0.737
237500,0.128,0.003,0.869
238000,0.209,0.000,0.791
238500,0.247,0.000,0.753
239000,0.212,0.000,0.788
239500,0.137,0.000,0.863
240000,0.232,0.000,0.768
240500,0.237,0.000,0.763
241000,0.163,0.011,0.826
241500,0.187,0.000,0.813
242000,0.220,0.000,0.780
242500,0.226,0.000,0.774
243000,0.238,0.000,0.762
243500,0.206,0.000,0.794
244000,0.175,0.004,0.821
244500,0.182,0.001,0.817
245000,0.244,0.000,0.756
245500,0.156,0.000,0.844
246000,0.195,0.000,0.805
246500,0.225,0.000,0.775
247000,0.162,0.000,0.838
247500,0.252,0.000,0.748
248000,0.212,0.000,0.788
248500,0.123,0.009,0.868
249000,0.219,0.001,0.780
249500,0.191,0.000,0.809
250000,0.147,0.001,0.852
250500,0.152,0.000,0.848
251000,0.173,0.000,0.827
251500,0.211,0.000,0.789
252000,0.212,0.000,0.788
252500,0.182,0.000,0.818
253000,0.210,0.000,0.790
253500,0.173,0.006,0.821
254000,0.191,0.001,0.808
254500,0.180,0.000,0.820
255000,0.141,0.000,0.859
255500,0.278,0.000,0.722
256000,0.159,0.000,0.841
256500,0.194,0.000,0.806
257000,0.186,0.007,0.807
257500,0.205,0.000,0.795
258000,0.150,0.000,0.850
258500,0.218,0.000,0.782
259000,0.125,0.008,0.867
259500,0.175,0.000,0.825
260000,0.203,0.000,0.797
260500,0.211,0.000,0.789
261000,0.119,0.011,0.870
261500,0.124,0.001,0.875
262000,0.161,0.000,0.839
262500,0.239,0.000,0.761
263000,0.185,0.000,0.815
263500,0.252,0.000,0.748
264000,0.170,0.000,0.830
264500,0.146,0.007,0.847
265000,0.219,0.000,0.781
265500,0.213,0.000,0.787
266000,0.274,0.000,0.726
266500,0.188,0.000,0.812
267000,0.125,0.000,0.875
267500,0.115,0.003,0.882
268000,0.124,0.000,0.876
268500,0.182,0.000,0.818
269000,0.266,0.000,0.734
269500,0.296,0.000,0.704
270000,0.258,0.000,0.742
270500,0.206,0.023,0.771
271000,0.201,0.000,0.799
271500,0.120,0.006,0.874
272000,0.252,0.000,0.748
272500,0.232,0.000,0.768
273000,0.185,0.000,0.815
273500,0.209,0.000,0.791
274000,0.227,0.000,0.773
274500,0.250,0.000,0.750
275000,0.187,0.000,0.813
275500,0.241,0.000,0.759
276000,0.253,0.000,0.747
276500,0.211,0.000,0.789
277000,0.237,0.000,0.763
277500,0.290,0.000,0.710
278000,0.172,0.000,0.828
278500,0.244,0.000,0.756
279000,0.136,0.000,0.864
279500,0.178,0.005,0.817
280000,0.212,0.000,0.788
280500,0.204,0.000,0.796
281000,0.256,0.000,0.744
281500,0.252,0.000,0.748
282000,0.170,0.000,0.830
282500,0.206,0.000,0.794
283000,0.199,0.000,0.801
283500,0.265,0.000,0.735
284000,0.199,0.010,0.791
284500,0.196,0.014,0.790
285000,0.184,0.000,0.816
285500,0.251,0.000,0.749
286000,0.139,0.000,0.861
286500,0.215,0.000,0.785
287000,0.214,0.000,0.786
287500,0.180,0.012,0.808
288000,0.155,0.000,0.845
288500,0.172,0.002,0.826
289000,0.181,0.005,0.814
289500,0.145,0.000,0.855
290000,0.173,0.000,0.827
290500,0.294,0.000,0.706
291000,0.208,0.000,0.792
291500,0.152,0.004,0.844
292000,0.175,0.014,0.811
292500,0.209,0.000,0.791
293000,0.168,0.017,0.815
293500,0.249,0.000,0.751
294000,0.156,0.000,0.844
294500,0.169,0.000,0.831
295000,0.185,0.000,0.815
295500,0.168,0.000,0.832
296000,0.158,0.000,0.842
296500,0.174,0.000,0.826
297000,0.302,0.013,0.685
297500,0.200,0.000,0.800
298000,0.233,0.000,0.767
298500,0.217,0.000,0.783
299000,0.186,0.000,0.814
299500,0.200,0.025,0.775
300000,0.188,0.003,0.809
300500,0.212,0.000,0.788
301000,0.230,0.000,0.770
301500,0.169,0.000,0.831
302000,0.251,0.000,0.749
302500,0.202,0.000,0.798
303000,0.151,0.002,0.847
303500,0.187,0.007,0.806
304000,0.170,0.000,0.830
304500,0.173,0.000,0.827
305000,0.208,0.000,0.792
305500,0.138,0.000,0.862
306000,0.184,0.000,0.816
306500,0.156,0.021,0.823
307000,0.239,0.000,0.761
307500,0.104,0.013,0.883
308000,0.131,0.019,0.850
308500,0.284,0.000,0.716
309000,0.172,0.000,0.828
309500,0.287,0.000,0.713
310000,0.181,0.000,0.819
310500,0.211,0.000,0.789
311000,0.111,0.018,0.871
311500,0.180,0.000,0.820
312000,0.119,0.058,0.823
312500,0.207,0.001,0.792
313000,0.193,0.020,0.787
313500,0.297,0.000,0.703
314000,0.140,0.013,0.847
314500,0.151,0.000,0.849
315000,0.177,0.006,0.817
315500,0.236,0.000,0.764
316000,0.182,0.000,0.818
316500,0.185,0.002,0.813
317000,0.184,0.004,0.812
317500,0.172,0.000,0.828
318000,0.232,0.000,0.768
318500,0.167,0.000,0.833
319000,0.300,0.000,0.700
319500,0.227,0.000,0.773
320000,0.288,0.000,0.712
320500,0.214,0.000,0.786
321000,0.194,0.000,0.806
321500,0.173,0.000,0.827
322000,0.235,0.000,0.765
322500,0.174,0.000,0.826
323000,0.240,0.000,0.760
323500,0.177,0.010,0.813
324000,0.192,0.000,0.808
324500,0.179,0.018,0.803
325000,0.142,0.011,0.847
325500,0.214,0.000,0.786
326000,0.250,0.000,0.750
326500,0.263,0.000,0.737
327000,0.230,0.000,0.770
327500,0.127,0.002,0.871
328000,0.201,0.000,0.799
328500,0.236,0.017,0.747
329000,0.131,0.000,0.869
329500,0.233,0.000,0.767
330000,0.194,0.000,0.806
330500,0.158,0.003,0.839
331000,0.120,0.000,0.880
331500,0.195,0.000,0.805
332000,0.186,0.005,0.809
332500,0.156,0.000,0.844
333000,0.223,0.001,0.776
333500,0.159,0.001,0.840
334000,0.133,0.000,0.867
334500,0.260,0.000,0.740
335000,0.216,0.000,0.784
335500,0.161,0.000,0.839
336000,0.127,0.000,0.873
336500,0.204,0.000,0.796
337000,0.180,0.000,0.820
337500,0.205,0.000,0.795
338000,0.240,0.000,0.760
338500,0.178,0.000,0.822
339000,0.237,0.000,0.763
339500,0.196,0.000,0.804
340000,0.155,0.000,0.845
340500,0.292,0.000,0.708
341000,0.138,0.000,0.862
341500,0.148,0.000,0.852
342000,0.146,0.000,0.854
342500,0.296,0.001,0.703
343000,0.135,0.000,0.865
343500,0.259,0.002,0.739
344000,0.135,0.000,0.865
344500,0.220,0.002,0.778
345000,0.176,0.000,0.824
345500,0.180,0.001,0.819
346000,0.150,0.000,0.850
346500,0.146,0.000,0.854
347000,0.166,0.000,0.834
347500,0.117,0.000,0.883
348000,0.210,0.001,0.789
348500,0.152,0.015,0.833
349000,0.187,0.000,0.813
349500,0.199,0.000,0.801
350000,0.158,0.000,0.842
350500,0.198,0.000,0.802
351000,0.146,0.000,0.854
351500,0.207,0.000,0.793
352000,0.135,0.000,0.865
352500,0.227,0.000,0.773
353000,0.148,0.001,0.851
353500,0.173,0.000,0.827
354000,0.251,0.000,0.749
354500,0.211,0.000,0.789
355000,0.212,0.000,0.788
355500,0.221,0.000,0.779
356000,0.248,0.000,0.752
356500,0.175,0.000,0.825
357000,0.228,0.000,0.772
357500,0.171,0.000,0.829
358000,0.198,0.000,0.802
358500,0.201,0.003,0.796
359000,0.241,0.000,0.759
359500,0.166,0.000,0.834
360000,0.159,0.003,0.838
360500,0.220,0.000,0.780
361000,0.157,0.003,0.840
361500,0.270,0.000,0.730
362000,0.185,0.000,0.815
362500,0.167,0.002,0.831
363000,0.301,0.000,0.699
363500,0.153,0.008,0.839
364000,0.207,0.004,0.789
364500,0.194,0.000,0.806
365000,0.225,0.000,0.775
365500,0.228,0.000,0.772
366000,0.157,0.000,0.843
366500,0.180,0.000,0.820
367000,0.178,0.000,0.822
367500,0.150,0.000,0.850
368000,0.141,0.018,0.841
368500,0.205,0.000,0.795
369000,0.155,0.000,0.845
369500,0.231,0.000,0.769
370000,0.175,0.000,0.825
370500,0.175,0.002,0.823
371000,0.190,0.000,0.810
371500,0.110,0.021,0.869
372000,0.100,0.008,0.892
372500,0.171,0.015,0.814
373000,0.221,0.000,0.779
373500,0.194,0.000,0.806
374000,0.225,0.015,0.760
374500,0.197,0.001,0.802
375000,0.158,0.000,0.842
375500,0.177,0.003,0.820
376000,0.296,0.000,0.704
376500,0.194,0.000,0.806
377000,0.173,0.000,0.827
377500,0.162,0.000,0.838
378000,0.113,0.000,0.887
378500,0.139,0.010,0.851
379000,0.234,0.000,0.766
379500,0.215,0.000,0.785
380000,0.164,0.000,0.836
380500,0.236,0.000,0.764
381000,0.146,0.018,0.836
381500,0.210,0.016,0.774
382000,0.162,0.000,0.838
382500,0.202,0.001,0.797
383000,0.156,0.000,0.844
383500,0.159,0.008,0.833
384000,0.232,0.000,0.768
384500,0.158,0.000,0.842
385000,0.248,0.000,0.752
385500,0.119,0.007,0.874
386000,0.163,0.000,0.837
386500,0.273,0.000,0.727
387000,0.196,0.000,0.804
387500,0.147,0.000,0.853
388000,0.158,0.000,0.842
388500,0.225,0.003,0.772
389000,0.273,0.000,0.727
389500,0.246,0.000,0.754
390000,0.149,0.000,0.851
390500,0.184,0.000,0.816
391000,0.147,0.003,0.850
391500,0.139,0.037,0.824
392000,0.088,0.056,0.856
392500,0.300,0.000,0.700
393000,0.226,0.000,0.774
393500,0.175,0.001,0.824
394000,0.189,0.000,0.811
394500,0.145,0.001,0.854
395000,0.198,0.000,0.802
395500,0.208,0.000,0.792
396000,0.163,0.000,0.837
396500,0.165,0.000,0.835
397000,0.121,0.003,0.876
397500,0.221,0.000,0.779
398000,0.133,0.012,0.855
398500,0.236,0.000,0.764
399000,0.215,0.000,0.785
399500,0.262,0.000,0.738
400000,0.192,0.000,0.808
400500,0.185,0.000,0.815
401000,0.182,0.000,0.818
401500,0.187,0.014,0.799
402000,0.205,0.013,0.782
402500,0.100,0.012,0.888
403000,0.217,0.000,0.783
403500,0.187,0.000,0.813
404000,0.097,0.006,0.897
404500,0.164,0.000,0.836
405000,0.214,0.001,0.785
405500,0.206,0.000,0.794
406000,0.207,0.000,0.793
406500,0.283,0.000,0.717
407000,0.176,0.006,0.818
407500,0.211,0.000,0.789
408000,0.178,0.000,0.822
408500,0.137,0.015,0.848
409000,0.214,0.000,0.786
409500,0.235,0.000,0.765
410000,0.214,0.000,0.786
410500,0.128,0.001,0.871
411000,0.220,0.000,0.780
411500,0.128,0.004,0.868
412000,0.174,0.000,0.826
412500,0.246,0.000,0.754
413000,0.226,0.000,0.774
413500,0.247,0.000,0.753
414000,0.191,0.000,0.809
414500,0.203,0.000,0.797
415000,0.259,0.000,0.741
415500,0.215,0.002,0.783
416000,0.174,0.000,0.826
416500,0.213,0.000,0.787
417000,0.199,0.000,0.801
417500,0.283,0.001,0.716
418000,0.170,0.003,0.827
418500,0.175,0.003,0.822
419000,0.141,0.005,0.854
419500,0.231,0.000,0.769
420000,0.230,0.000,0.770
420500,0.193,0.000,0.807
421000,0.205,0.000,0.795
421500,0.161,0.000,0.839
422000,0.165,0.000,0.835
422500,0.150,0.000,0.850
423000,0.261,0.000,0.739
423500,0.271,0.000,0.729
424000,0.213,0.000,0.787
424500,0.147,0.000,0.853
425000,0.241,0.000,0.759
425500,0.256,0.000,0.744
426000,0.183,0.000,0.817
426500,0.208,0.000,0.792
427000,0.182,0.000,0.818
427500,0.098,0.026,0.876
428000,0.197,0.000,0.803
428500,0.132,0.021,0.847
429000,0.130,0.000,0.870
429500,0.218,0.000,0.782
430000,0.212,0.000,0.788
430500,0.199,0.002,0.799
431000,0.302,0.000,0.698
431500,0.226,0.000,0.774
432000,0.138,0.000,0.862
432500,0.185,0.012,0.803
433000,0.203,0.000,0.797
433500,0.200,0.000,0.800
434000,0.193,0.000,0.807
434500,0.183,0.018,0.799
435000,0.150,0.000,0.850
435500,0.157,0.000,0.843
436000,0.145,0.005,0.850
436500,0.175,0.001,0.824
437000,0.186,0.000,0.814
437500,0.189,0.010,0.801
438000,0.222,0.000,0.778
438500,0.295,0.000,0.705
439000,0.292,0.000,0.708
439500,0.245,0.000,0.755
440000,0.199,0.000,0.801
440500,0.254,0.000,0.746
441000,0.247,0.000,0.753
441500,0.147,0.000,0.853
442000,0.217,0.000,0.783
442500,0.142,0.017,0.841
443000,0.157,0.000,0.843
443500,0.145,0.005,0.850
444000,0.253,0.000,0.747
444500,0.150,0.000,0.850
445000,0.192,0.000,0.808
445500,0.260,0.000,0.740
446000,0.144,0.008,0.848
446500,0.106,0.008,0.886
447000,0.155,0.002,0.843
447500,0.233,0.000,0.767
448000,0.148,0.000,0.852
448500,0.223,0.003,0.774
449000,0.229,0.000,0.771
449500,0.213,0.000,0.787
450000,0.111,0.006,0.883
450500,0.257,0.000,0.743
451000,0.175,0.004,0.821
451500,0.149,0.000,0.851
452000,0.140,0.019,0.841
452500,0.182,0.001,0.817
453000,0.209,0.000,0.791
453500,0.150,0.001,0.849
454000,0.145,0.000,0.855
454500,0.252,0.004,0.744
455000,0.214,0.000,0.786
455500,0.169,0.000,0.831
456000,0.216,0.000,0.784
456500,0.196,0.010,0.794
457000,0.140,0.000,0.860
457500,0.126,0.000,0.874
458000,0.164,0.000,0.836
458500,0.132,0.030,0.838
459000,0.168,0.000,0.832
459500,0.128,0.000,0.872
460000,0.192,0.000,0.808
460500,0.147,0.000,0.853
461000,0.179,0.000,0.821
461500,0.243,0.000,0.757
462000,0.263,0.000,0.737
462500,0.336,0.000,0.664
463000,0.216,0.002,0.782
463500,0.157,0.000,0.843
464000,0.156,0.000,0.844
464500,0.139,0.000,0.861
465000,0.156,0.011,0.833
465500,0.201,0.000,0.799
466000,0.230,0.001,0.769
466500,0.228,0.000,0.772
467000,0.204,0.000,0.796
467500,0.165,0.000,0.835
468000,0.117,0.008,0.875
468500,0.170,0.000,0.830
469000,0.210,0.004,0.786
469500,0.131,0.010,0.859
470000,0.149,0.000,0.851
470500,0.133,0.019,0.848
471000,0.161,0.000,0.839
471500,0.142,0.011,0.847
472000,0.305,0.000,0.695
472500,0.234,0.000,0.766
473000,0.279,0.000,0.721
473500,0.166,0.000,0.834
474000,0.181,0.000,0.819
474500,0.130,0.000,0.870
475000,0.182,0.000,0.818
475500,0.137,0.008,0.855
476000,0.247,0.000,0.753
476500,0.208,0.000,0.792
477000,0.214,0.000,0.786
477500,0.129,0.000,0.871
478000,0.222,0.000,0.778
478500,0.273,0.000,0.727
479000,0.203,0.000,0.797
479500,0.214,0.000,0.786
480000,0.145,0.005,0.850
480500,0.278,0.000,0.722
481000,0.264,0.000,0.736
481500,0.190,0.000,0.810
482000,0.243,0.000,0.757
482500,0.216,0.001,0.783
483000,0.159,0.019,0.822
483500,0.176,0.000,0.824
484000,0.193,0.000,0.807
484500,0.166,0.000,0.834
485000,0.237,0.000,0.763
485500,0.168,0.000,0.832
486000,0.204,0.000,0.796
486500,0.146,0.000,0.854
487000,0.195,0.000,0.805
487500,0.141,0.013,0.846
488000,0.189,0.000,0.811
488500,0.088,0.036,0.876
489000,0.170,0.000,0.830
489500,0.265,0.000,0.735
490000,0.224,0.000,0.776
490500,0.255,0.000,0.745
491000,0.184,0.000,0.816
491500,0.151,0.000,0.849
492000,0.119,0.000,0.881
492500,0.178,0.000,0.822
493000,0.219,0.000,0.781
493500,0.142,0.000,0.858
494000,0.184,0.000,0.816
494500,0.212,0.001,0.787
495000,0.323,0.000,0.677
495500,0.155,0.000,0.845
496000,0.195,0.000,0.805
496500,0.225,0.000,0.775
497000,0.200,0.002,0.798
497500,0.148,0.002,0.850
498000,0.192,0.000,0.808
498500,0.217,0.000,0.783
499000,0.229,0.000,0.771
499500,0.233,0.000,0.767
500000,0.258,0.000,0.742
500500,0.284,0.000,0.716
501000,0.183,0.000,0.817
501500,0.133,0.000,0.867
502000,0.161,0.000,0.839
502500,0.168,0.000,0.832
503000,0.220,0.000,0.780
503500,0.297,0.000,0.703
504000,0.238,0.000,0.762
504500,0.180,0.000,0.820
505000,0.155,0.000,0.845
505500,0.239,0.000,0.761
506000,0.214,0.000,0.786
506500,0.249,0.000,0.751
507000,0.164,0.000,0.836
507500,0.120,0.003,0.877
508000,0.125,0.006,0.869
508500,0.213,0.000,0.787
509000,0.238,0.000,0.762
509500,0.282,0.000,0.718
510000,0.234,0.004,0.762
510500,0.291,0.000,0.709
511000,0.188,0.000,0.812
511500,0.177,0.000,0.823
512000,0.126,0.012,0.862
512500,0.210,0.000,0.790
513000,0.198,0.000,0.802
513500,0.224,0.000,0.776
514000,0.177,0.000,0.823
514500,0.250,0.000,0.750
515000,0.184,0.000,0.816
515500,0.219,0.000,0.781
516000,0.173,0.004,0.823
516500,0.251,0.000,0.749
517000,0.178,0.006,0.816
517500,0.186,0.000,0.814
518000,0.195,0.000,0.805
518500,0.191,0.000,0.809
519000,0.190,0.000,0.810
519500,0.162,0.008,0.830
520000,0.118,0.000,0.882
520500,0.184,0.001,0.815
521000,0.177,0.000,0.823
521500,0.138,0.000,0.862
522000,0.231,0.000,0.769
522500,0.160,0.000,0.840
523000,0.171,0.000,0.829
523500,0.111,0.000,0.889
524000,0.141,0.000,0.859
524500,0.232,0.000,0.768
525000,0.263,0.000,0.737
525500,0.199,0.000,0.801
526000,0.203,0.018,0.779
526500,0.225,0.000,0.775
527000,0.180,0.000,0.820
527500,0.239,0.000,0.761
528000,0.160,0.000,0.840
528500,0.128,0.020,0.852
529000,0.287,0.000,0.713
529500,0.270,0.000,0.730
530000,0.202,0.000,0.798
530500,0.178,0.000,0.822
531000,0.205,0.000,0.795
531500,0.156,0.000,0.844
532000,0.160,0.003,0.837
532500,0.176,0.000,0.824
533000,0.213,0.000,0.787
533500,0.137,0.007,0.856
534000,0.146,0.002,0.852
534500,0.216,0.000,0.784
535000,0.221,0.000,0.779
535500,0.189,0.000,0.811
536000,0.188,0.000,0.812
536500,0.138,0.000,0.862
537000,0.157,0.000,0.843
537500,0.181,0.000,0.819
538000,0.094,0.016,0.890
538500,0.174,0.000,0.826
539000,0.142,0.000,0.858
539500,0.302,0.000,0.698
540000,0.263,0.000,0.737
540500,0.173,0.000,0.827
541000,0.236,0.001,0.763
541500,0.260,0.000,0.740
542000,0.255,0.001,0.744
542500,0.166,0.000,0.834
543000,0.108,0.002,0.890
543500,0.227,0.000,0.773
544000,0.201,0.000,0.799
544500,0.156,0.000,0.844
545000,0.220,0.000,0.780
545500,0.164,0.000,0.836
546000,0.282,0.000,0.718
546500,0.227,0.000,0.773
547000,0.210,0.000,0.790
547500,0.188,0.000,0.812
548000,0.260,0.000,0.740
548500,0.232,0.000,0.768
549000,0.166,0.000,0.834
549500,0.173,0.000,0.827
550000,0.217,0.000,0.783
550500,0.166,0.000,0.834
551000,0.204,0.000,0.796
551500,0.224,0.000,0.776
552000,0.175,0.000,0.825
552500,0.246,0.000,0.754
553000,0.158,0.007,0.835
553500,0.234,0.000,0.766
554000,0.216,0.000,0.784
554500,0.190,0.000,0.810
555000,0.222,0.000,0.778
555500,0.136,0.003,0.861
556000,0.192,0.000,0.808
556500,0.211,0.000,0.789
557000,0.160,0.000,0.840
557500,0.305,0.000,0.695
558000,0.148,0.002,0.850
558500,0.155,0.000,0.845
559000,0.194,0.000,0.806
559500,0.267,0.000,0.733
560000,0.272,0.000,0.728
560500,0.174,0.000,0.826
561000,0.196,0.009,0.795
561500,0.166,0.000,0.834
562000,0.235,0.000,0.765
562500,0.201,0.000,0.799
563000,0.202,0.000,0.798
563500,0.186,0.000,0.814
564000,0.201,0.003,0.796
564500,0.270,0.000,0.730
565000,0.185,0.000,0.815
565500,0.211,0.000,0.789
566000,0.177,0.011,0.812
566500,0.123,0.002,0.875
567000,0.164,0.000,0.836
567500,0.253,0.000,0.747
568000,0.180,0.000,0.820
568500,0.180,0.000,0.820
569000,0.160,0.000,0.840
569500,0.229,0.000,0.771
570000,0.158,0.000,0.842
570500,0.255,0.000,0.745
571000,0.136,0.021,0.843
571500,0.135,0.000,0.865
572000,0.163,0.006,0.831
572500,0.215,0.000,0.785
573000,0.194,0.000,0.806
573500,0.261,0.000,0.739
574000,0.222,0.000,0.778
574500,0.187,0.000,0.813
575000,0.152,0.000,0.848
575500,0.184,0.000,0.816
576000,0.153,0.033,0.814
576500,0.098,0.001,0.901
577000,0.130,0.000,0.870
577500,0.158,0.006,0.836
578000,0.121,0.000,0.879
578500,0.144,0.000,0.856
579000,0.217,0.000,0.783
579500,0.206,0.000,0.794
580000,0.199,0.000,0.801
580500,0.144,0.000,0.856
581000,0.240,0.000,0.760
581500,0.290,0.000,0.710
582000,0.183,0.000,0.817
582500,0.254,0.000,0.746
583000,0.154,0.024,0.822
583500,0.133,0.002,0.865
584000,0.182,0.000,0.818
584500,0.235,0.000,0.765
585000,0.141,0.000,0.859
585500,0.221,0.000,0.779
586000,0.187,0.001,0.812
586500,0.178,0.004,0.818
587000,0.251,0.000,0.749
587500,0.269,0.000,0.731
588000,0.176,0.000,0.824
588500,0.182,0.000,0.818
589000,0.222,0.000,0.778
589500,0.169,0.000,0.831
590000,0.245,0.000,0.755
590500,0.142,0.001,0.857
591000,0.231,0.000,0.769
591500,0.265,0.000,0.735
592000,0.127,0.000,0.873
592500,0.178,0.001,0.821
593000,0.215,0.000,0.785
593500,0.203,0.000,0.797
594000,0.158,0.000,0.842
594500,0.193,0.000,0.807
595000,0.173,0.000,0.827
595500,0.180,0.000,0.820
596000,0.132,0.012,0.856
596500,0.133,0.000,0.867
597000,0.198,0.002,0.800
597500,0.237,0.001,0.762
598000,0.220,0.000,0.780
598500,0.141,0.003,0.856
599000,0.214,0.000,0.786
599500,0.139,0.036,0.825
600000,0.169,0.000,0.831
600500,0.132,0.006,0.862
601000,0.178,0.001,0.821
601500,0.212,0.000,0.788
602000,0.168,0.002,0.830
602500,0.266,0.000,0.734
603000,0.162,0.000,0.838
603500,0.254,0.000,0.746
604000,0.149,0.000,0.851
604500,0.171,0.000,0.829
605000,0.232,0.000,0.768
605500,0.171,0.000,0.829
606000,0.142,0.000,0.858
606500,0.120,0.010,0.870
607000,0.188,0.011,0.801
607500,0.151,0.000,0.849
608000,0.201,0.000,0.799
608500,0.184,0.000,0.816
609000,0.154,0.000,0.846
609500,0.200,0.000,0.800
610000,0.195,0.000,0.805
610500,0.206,0.000,0.794
611000,0.213,0.000,0.787
611500,0.222,0.000,0.778
612000,0.142,0.018,0.840
612500,0.204,0.000,0.796
613000,0.191,0.000,0.809
613500,0.238,0.000,0.762
614000,0.190,0.000,0.810
614500,0.188,0.000,0.812
615000,0.130,0.000,0.870
615500,0.213,0.000,0.787
616000,0.144,0.000,0.856
616500,0.189,0.011,0.800
617000,0.216,0.000,0.784
617500,0.206,0.000,0.794
618000,0.260,0.000,0.740
618500,0.219,0.000,0.781
619000,0.172,0.000,0.828
619500,0.177,0.000,0.823
620000,0.268,0.000,0.732
620500,0.164,0.003,0.833
621000,0.239,0.000,0.761
621500,0.192,0.001,0.807
622000,0.194,0.017,0.789
622500,0.192,0.000,0.808
623000,0.163,0.000,0.837
623500,0.176,0.000,0.824
624000,0.168,0.000,0.832
624500,0.211,0.011,0.778
625000,0.178,0.000,0.822
625500,0.092,0.001,0.907
626000,0.182,0.000,0.818
626500,0.148,0.001,0.851
627000,0.214,0.000,0.786
627500,0.176,0.000,0.824
628000,0.279,0.000,0.721
628500,0.212,0.009,0.779
629000,0.160,0.000,0.840
629500,0.205,0.000,0.795
630000,0.132,0.000,0.868
630500,0.184,0.000,0.816
631000,0.147,0.000,0.853
631500,0.179,0.001,0.820
632000,0.262,0.000,0.738
632500,0.250,0.001,0.749
633000,0.162,0.000,0.838
633500,0.240,0.000,0.760
634000,0.247,0.000,0.753
634500,0.242,0.000,0.758
635000,0.237,0.000,0.763
635500,0.163,0.000,0.837
636000,0.199,0.000,0.801
636500,0.176,0.001,0.823
637000,0.242,0.000,0.758
637500,0.230,0.000,0.770
638000,0.191,0.000,0.809
638500,0.151,0.000,0.849
639000,0.181,0.000,0.819
639500,0.200,0.000,0.800
640000,0.229,0.000,0.771
640500,0.222,0.000,0.778
641000,0.141,0.000,0.859
641500,0.164,0.000,0.836
642000,0.189,0.000,0.811
642500,0.211,0.000,0.789
643000,0.176,0.015,0.809
643500,0.168,0.020,0.812
644000,0.206,0.001,0.793
644500,0.211,0.001,0.788
645000,0.174,0.000,0.826
645500,0.197,0.000,0.803
646000,0.144,0.004,0.852
646500,0.155,0.003,0.842
647000,0.151,0.000,0.849
647500,0.163,0.000,0.837
648000,0.206,0.000,0.794
648500,0.204,0.000,0.796
649000,0.193,0.010,0.797
649500,0.196,0.001,0.803
650000,0.165,0.011,0.824
650500,0.255,0.000,0.745
651000,0.258,0.000,0.742
651500,0.246,0.000,0.754
652000,0.241,0.000,0.759
652500,0.094,0.007,0.899
653000,0.243,0.000,0.757
653500,0.194,0.000,0.806
654000,0.194,0.000,0.806
654500,0.253,0.000,0.747
655000,0.217,0.005,0.778
655500,0.231,0.000,0.769
656000,0.258,0.000,0.742
656500,0.151,0.001,0.848
657000,0.211,0.000,0.789
657500,0.278,0.004,0.718
658000,0.195,0.001,0.804
658500,0.107,0.005,0.888
659000,0.208,0.021,0.771
659500,0.080,0.012,0.908
660000,0.136,0.000,0.864
660500,0.170,0.000,0.830
661000,0.177,0.000,0.823
661500,0.212,0.000,0.788
662000,0.168,0.000,0.832
662500,0.247,0.000,0.753
663000,0.261,0.000,0.739
663500,0.186,0.000,0.814
664000,0.231,0.000,0.769
664500,0.231,0.000,0.769
665000,0.177,0.000,0.823
665500,0.200,0.000,0.800
666000,0.179,0.000,0.821
666500,0.164,0.000,0.836
667000,0.161,0.000,0.839
667500,0.161,0.000,0.839
668000,0.289,0.000,0.711
668500,0.226,0.000,0.774
669000,0.237,0.000,0.763
669500,0.250,0.000,0.750
670000,0.281,0.000,0.719
670500,0.220,0.000,0.780
671000,0.106,0.005,0.889
671500,0.231,0.000,0.769
672000,0.207,0.000,0.793
672500,0.165,0.000,0.835
673000,0.245,0.002,0.753
673500,0.267,0.000,0.733
674000,0.163,0.013,0.824
674500,0.207,0.000,0.793
675000,0.176,0.000,0.824
675500,0.207,0.000,0.793
676000,0.233,0.000,0.767
676500,0.147,0.010,0.843
677000,0.134,0.000,0.866
677500,0.100,0.019,0.881
678000,0.171,0.000,0.829
678500,0.179,0.000,0.821
679000,0.162,0.000,0.838
679500,0.245,0.004,0.751
680000,0.214,0.000,0.786
680500,0.196,0.000,0.804
681000,0.252,0.000,0.748
681500,0.230,0.000,0.770
682000,0.123,0.012,0.865
682500,0.176,0.000,0.824
683000,0.240,0.000,0.760
683500,0.141,0.000,0.859
684000,0.151,0.000,0.849
684500,0.132,0.000,0.868
685000,0.148,0.000,0.852
685500,0.192,0.000,0.808
686000,0.175,0.000,0.825
686500,0.210,0.000,0.790
687000,0.235,0.006,0.759
687500,0.176,0.000,0.824
688000,0.169,0.000,0.831
688500,0.175,0.001,0.824
689000,0.124,0.000,0.876
689500,0.161,0.000,0.839
690000,0.244,0.000,0.756
690500,0.218,0.000,0.782
691000,0.200,0.000,0.800
691500,0.114,0.018,0.868
692000,0.205,0.000,0.795
692500,0.165,0.000,0.835
693000,0.191,0.000,0.809
693500,0.192,0.000,0.808
694000,0.194,0.000,0.806
694500,0.226,0.000,0.774
695000,0.202,0.005,0.793
695500,0.196,0.000,0.804
696000,0.244,0.000,0.756
696500,0.297,0.000,0.703
697000,0.155,0.000,0.845
697500,0.242,0.001,0.757
698000,0.163,0.000,0.837
698500,0.136,0.000,0.864
699000,0.245,0.000,0.755
699500,0.255,0.000,0.745
700000,0.172,0.000,0.828
700500,0.173,0.015,0.812
701000,0.199,0.000,0.801
701500,0.170,0.000,0.830
702000,0.136,0.007,0.857
702500,0.218,0.001,0.781
703000,0.178,0.000,0.822
703500,0.209,0.000,0.791
704000,0.164,0.000,0.836
704500,0.179,0.000,0.821
705000,0.157,0.000,0.843
705500,0.189,0.000,0.811
706000,0.139,0.000,0.861
706500,0.223,0.000,0.777
707000,0.214,0.000,0.786
707500,0.210,0.000,0.790
708000,0.213,0.000,0.787
708500,0.283,0.000,0.717
709000,0.187,0.001,0.812
709500,0.185,0.000,0.815
710000,0.169,0.023,0.808
710500,0.245,0.000,0.755
711000,0.190,0.000,0.810
711500,0.180,0.000,0.820
712000,0.149,0.000,0.851
712500,0.145,0.017,0.838
713000,0.158,0.003,0.839
713500,0.201,0.000,0.799
714000,0.191,0.000,0.809
714500,0.169,0.000,0.831
715000,0.177,0.000,0.823
715500,0.264,0.000,0.736
716000,0.150,0.000,0.850
716500,0.180,0.000,0.820
717000,0.163,0.000,0.837
717500,0.132,0.000,0.868
718000,0.138,0.010,0.852
718500,0.175,0.000,0.825
719000,0.238,0.000,0.762
719500,0.245,0.000,0.755
720000,0.213,0.000,0.787
720500,0.262,0.000,0.738
721000,0.193,0.000,0.807
721500,0.151,0.000,0.849
722000,0.178,0.002,0.820
722500,0.270,0.000,0.730
723000,0.127,0.019,0.854
723500,0.221,0.000,0.779
724000,0.226,0.000,0.774
724500,0.229,0.000,0.771
725000,0.213,0.000,0.787
725500,0.223,0.000,0.777
726000,0.225,0.000,0.775
726500,0.217,0.000,0.783
727000,0.176,0.000,0.824
727500,0.166,0.000,0.834
728000,0.264,0.000,0.736
728500,0.185,0.000,0.815
729000,0.187,0.001,0.812
729500,0.172,0.000,0.828
730000,0.242,0.000,0.758
730500,0.185,0.000,0.815
731000,0.208,0.000,0.792
731500,0.314,0.000,0.686
732000,0.181,0.000,0.819
732500,0.142,0.000,0.858
733000,0.222,0.000,0.778
733500,0.172,0.000,0.828
734000,0.184,0.000,0.816
734500,0.307,0.000,0.693
735000,0.155,0.000,0.845
735500,0.192,0.000,0.808
736000,0.152,0.000,0.848
736500,0.231,0.007,0.762
737000,0.213,0.000,0.787
737500,0.290,0.000,0.710
738000,0.162,0.008,0.830
738500,0.212,0.000,0.788
739000,0.130,0.000,0.870
739500,0.158,0.000,0.842
740000,0.137,0.008,0.855
740500,0.238,0.000,0.762
741000,0.204,0.000,0.796
741500,0.176,0.000,0.824
742000,0.193,0.000,0.807
742500,0.142,0.000,0.858
743000,0.178,0.000,0.822
743500,0.217,0.000,0.783
744000,0.234,0.000,0.766
744500,0.240,0.000,0.760
745000,0.137,0.000,0.863
745500,0.172,0.001,0.827
746000,0.142,0.015,0.843
746500,0.193,0.000,0.807
747000,0.179,0.000,0.821
747500,0.211,0.000,0.789
748000,0.123,0.002,0.875
748500,0.129,0.006,0.865
749000,0.213,0.003,0.784
749500,0.188,0.000,0.812
750000,0.152,0.000,0.848
750500,0.156,0.001,0.843
751000,0.249,0.000,0.751
751500,0.191,0.000,0.809
752000,0.179,0.000,0.821
752500,0.169,0.000,0.831
753000,0.161,0.000,0.839
753500,0.196,0.000,0.804
754000,0.211,0.000,0.789
754500,0.233,0.000,0.767
755000,0.216,0.000,0.784
755500,0.223,0.000,0.777
756000,0.232,0.000,0.768
756500,0.198,0.006,0.796
757000,0.409,0.000,0.591
757500,0.209,0.000,0.791
758000,0.239,0.000,0.761
758500,0.128,0.020,0.852
759000,0.198,0.001,0.801
759500,0.265,0.000,0.735
760000,0.299,0.000,0.701
760500,0.293,0.000,0.707
761000,0.138,0.019,0.843
761500,0.195,0.000,0.805
762000,0.177,0.000,0.823
762500,0.242,0.000,0.758
763000,0.262,0.000,0.738
763500,0.307,0.000,0.693
764000,0.204,0.000,0.796
764500,0.163,0.000,0.837
765000,0.216,0.000,0.784
765500,0.130,0.000,0.870
766000,0.169,0.002,0.829
766500,0.218,0.001,0.781
767000,0.227,0.000,0.773
767500,0.196,0.021,0.783
768000,0.213,0.000,0.787
768500,0.185,0.000,0.815
769000,0.273,0.000,0.727
769500,0.275,0.000,0.725
770000,0.229,0.000,0.771
770500,0.201,0.000,0.799
771000,0.141,0.000,0.859
771500,0.280,0.000,0.720
772000,0.251,0.000,0.749
772500,0.129,0.000,0.871
773000,0.220,0.000,0.780
773500,0.206,0.000,0.794
774000,0.214,0.000,0.786
774500,0.183,0.000,0.817
775000,0.234,0.000,0.766
775500,0.117,0.006,0.877
776000,0.203,0.000,0.797
776500,0.153,0.006,0.841
777000,0.124,0.021,0.855
777500,0.255,0.000,0.745
778000,0.136,0.010,0.854
778500,0.218,0.000,0.782
779000,0.180,0.000,0.820
779500,0.243,0.000,0.757
780000,0.193,0.000,0.807
780500,0.257,0.000,0.743
781000,0.282,0.000,0.718
781500,0.134,0.000,0.866
782000,0.170,0.001,0.829
782500,0.283,0.000,0.717
783000,0.203,0.000,0.797
783500,0.209,0.000,0.791
784000,0.205,0.003,0.792
784500,0.244,0.000,0.756
785000,0.228,0.000,0.772
785500,0.169,0.000,0.831
786000,0.175,0.005,0.820
786500,0.109,0.004,0.887
787000,0.192,0.000,0.808
787500,0.149,0.000,0.851
788000,0.131,0.002,0.867
788500,0.244,0.000,0.756
789000,0.148,0.000,0.852
789500,0.166,0.000,0.834
790000,0.219,0.000,0.781
790500,0.275,0.000,0.725
791000,0.186,0.000,0.814
791500,0.203,0.000,0.797
792000,0.221,0.000,0.779
792500,0.201,0.000,0.799
793000,0.173,0.000,0.827
793500,0.198,0.000,0.802
794000,0.176,0.000,0.824
794500,0.129,0.000,0.871
795000,0.140,0.000,0.860
795500,0.184,0.000,0.816
796000,0.270,0.000,0.730
796500,0.200,0.000,0.800
797000,0.196,0.000,0.804
797500,0.138,0.003,0.859
798000,0.153,0.000,0.847
798500,0.258,0.000,0.742
799000,0.169,0.000,0.831
799500,0.217,0.000,0.783
800000,0.170,0.000,0.830
800500,0.224,0.000,0.776
801000,0.234,0.000,0.766
801500,0.193,0.000,0.807
802000,0.285,0.000,0.715
802500,0.146,0.008,0.846
803000,0.237,0.000,0.763
803500,0.187,0.000,0.813
804000,0.162,0.016,0.822
804500,0.117,0.001,0.882
805000,0.103,0.024,0.873
805500,0.122,0.009,0.869
806000,0.204,0.000,0.796
806500,0.295,0.000,0.705
807000,0.261,0.000,0.739
807500,0.209,0.000,0.791
808000,0.155,0.000,0.845
808500,0.093,0.000,0.907
809000,0.203,0.000,0.797
809500,0.141,0.000,0.859
810000,0.170,0.000,0.830
810500,0.144,0.000,0.856
811000,0.265,0.000,0.735
811500,0.312,0.000,0.688
812000,0.224,0.000,0.776
812500,0.213,0.000,0.787
813000,0.205,0.000,0.795
813500,0.183,0.000,0.817
814000,0.198,0.000,0.802
814500,0.250,0.000,0.750
815000,0.113,0.026,0.861
815500,0.111,0.000,0.889
816000,0.200,0.001,0.799
816500,0.159,0.001,0.840
817000,0.178,0.000,0.822
817500,0.203,0.001,0.796
818000,0.220,0.000,0.780
818500,0.204,0.005,0.791
819000,0.229,0.000,0.771
819500,0.231,0.000,0.769
820000,0.178,0.000,0.822
820500,0.204,0.000,0.796
821000,0.221,0.001,0.778
821500,0.210,0.000,0.790
822000,0.177,0.000,0.823
822500,0.168,0.000,0.832
823000,0.188,0.000,0.812
823500,0.143,0.000,0.857
824000,0.169,0.000,0.831
824500,0.179,0.000,0.821
825000,0.188,0.000,0.812
825500,0.294,0.000,0.706
826000,0.150,0.000,0.850
826500,0.119,0.012,0.869
827000,0.223,0.001,0.776
827500,0.273,0.000,0.727
828000,0.191,0.000,0.809
828500,0.277,0.000,0.723
829000,0.177,0.001,0.822
829500,0.124,0.000,0.876
830000,0.154,0.000,0.846
830500,0.214,0.000,0.786
831000,0.138,0.000,0.862
831500,0.134,0.000,0.866
832000,0.177,0.000,0.823
832500,0.151,0.000,0.849
833000,0.168,0.000,0.832
833500,0.161,0.000,0.839
834000,0.154,0.000,0.846
834500,0.157,0.000,0.843
835000,0.169,0.000,0.831
835500,0.167,0.000,0.833
836000,0.203,0.000,0.797
836500,0.203,0.001,0.796
837000,0.191,0.000,0.809
837500,0.178,0.000,0.822
838000,0.162,0.006,0.832
838500,0.194,0.000,0.806
839000,0.261,0.000,0.739
839500,0.194,0.000,0.806
840000,0.236,0.000,0.764
840500,0.202,0.000,0.798
841000,0.206,0.000,0.794
841500,0.112,0.000,0.888
842000,0.184,0.000,0.816
842500,0.199,0.000,0.801
843000,0.105,0.026,0.869
843500,0.231,0.000,0.769
844000,0.128,0.000,0.872
844500,0.226,0.000,0.774
845000,0.252,0.001,0.747
845500,0.187,0.000,0.813
846000,0.145,0.000,0.855
846500,0.234,0.000,0.766
847000,0.262,0.000,0.738
847500,0.192,0.012,0.796
848000,0.111,0.001,0.888
848500,0.222,0.000,0.778
849000,0.256,0.000,0.744
849500,0.132,0.000,0.868
850000,0.235,0.000,0.765
850500,0.303,0.000,0.697
851000,0.226,0.000,0.774
851500,0.164,0.000,0.836
852000,0.238,0.000,0.762
852500,0.256,0.000,0.744
853000,0.227,0.014,0.759
853500,0.164,0.001,0.835
854000,0.203,0.002,0.795
854500,0.101,0.000,0.899
855000,0.171,0.000,0.829
855500,0.322,0.000,0.678
856000,0.132,0.001,0.867
856500,0.203,0.000,0.797
857000,0.193,0.000,0.807
857500,0.170,0.006,0.824
858000,0.178,0.001,0.821
858500,0.211,0.000,0.789
859000,0.144,0.000,0.856
859500,0.233,0.003,0.764
860000,0.194,0.000,0.806
860500,0.102,0.027,0.871
861000,0.129,0.013,0.858
861500,0.188,0.001,0.811
862000,0.185,0.000,0.815
862500,0.271,0.000,0.729
863000,0.226,0.000,0.774
863500,0.146,0.000,0.854
864000,0.190,0.003,0.807
864500,0.146,0.013,0.841
865000,0.198,0.001,0.801
865500,0.211,0.000,0.789
866000,0.237,0.000,0.763
866500,0.171,0.000,0.829
867000,0.195,0.000,0.805
867500,0.182,0.000,0.818
868000,0.114,0.000,0.886
868500,0.219,0.003,0.778
869000,0.148,0.002,0.850
869500,0.126,0.006,0.868
870000,0.166,0.000,0.834
870500,0.194,0.000,0.806
871000,0.163,0.000,0.837
871500,0.178,0.000,0.822
872000,0.146,0.005,0.849
872500,0.234,0.010,0.756
873000,0.263,0.000,0.737
873500,0.172,0.000,0.828
874000,0.121,0.001,0.878
874500,0.111,0.016,0.873
875000,0.193,0.000,0.807
875500,0.188,0.000,0.812
876000,0.161,0.000,0.839
876500,0.216,0.015,0.769
877000,0.227,0.000,0.773
877500,0.170,0.000,0.830
878000,0.224,0.000,0.776
878500,0.164,0.000,0.836
879000,0.197,0.000,0.803
879500,0.194,0.003,0.803
880000,0.218,0.000,0.782
880500,0.201,0.000,0.799
881000,0.172,0.000,0.828
881500,0.212,0.002,0.786
882000,0.278,0.000,0.722
882500,0.227,0.000,0.773
883000,0.124,0.000,0.876
883500,0.164,0.000,0.836
884000,0.200,0.000,0.800
884500,0.167,0.000,0.833
885000,0.287,0.000,0.713
885500,0.234,0.000,0.766
886000,0.188,0.000,0.812
886500,0.165,0.000,0.835
887000,0.144,0.001,0.855
887500,0.197,0.000,0.803
888000,0.191,0.000,0.809
888500,0.177,0.000,0.823
889000,0.181,0.009,0.810
889500,0.073,0.015,0.912
890000,0.187,0.001,0.812
890500,0.232,0.000,0.768
891000,0.214,0.000,0.786
891500,0.270,0.000,0.730
892000,0.234,0.000,0.766
892500,0.203,0.000,0.797
893000,0.159,0.013,0.828
893500,0.245,0.000,0.755
894000,0.244,0.000,0.756
894500,0.219,0.000,0.781
895000,0.187,0.001,0.812
895500,0.303,0.000,0.697
896000,0.153,0.000,0.847
896500,0.249,0.006,0.745
897000,0.213,0.000,0.787
897500,0.188,0.002,0.810
898000,0.215,0.002,0.783
898500,0.214,0.000,0.786
899000,0.091,0.019,0.890
899500,0.091,0.026,0.883
900000,0.206,0.000,0.794
900500,0.172,0.000,0.828
901000,0.277,0.000,0.723
901500,0.172,0.000,0.828
902000,0.172,0.000,0.828
902500,0.156,0.000,0.844
903000,0.197,0.000,0.803
903500,0.231,0.000,0.769
904000,0.187,0.000,0.813
904500,0.222,0.000,0.778
905000,0.188,0.000,0.812
905500,0.211,0.000,0.789
906000,0.244,0.000,0.756
906500,0.219,0.000,0.781
907000,0.209,0.000,0.791
907500,0.184,0.000,0.816
908000,0.186,0.000,0.814
908500,0.175,0.020,0.805
909000,0.173,0.000,0.827
909500,0.204,0.000,0.796
910000,0.146,0.001,0.853
910500,0.175,0.011,0.814
911000,0.170,0.000,0.830
911500,0.217,0.003,0.780
912000,0.152,0.019,0.829
912500,0.135,0.007,0.858
913000,0.133,0.000,0.867
913500,0.195,0.000,0.805
914000,0.326,0.000,0.674
914500,0.251,0.000,0.749
915000,0.208,0.000,0.792
915500,0.220,0.000,0.780
916000,0.215,0.000,0.785
916500,0.133,0.002,0.865
917000,0.155,0.000,0.845
917500,0.211,0.000,0.789
918000,0.194,0.001,0.805
918500,0.183,0.001,0.816
919000,0.136,0.001,0.863
919500,0.232,0.000,0.768
920000,0.203,0.000,0.797
920500,0.214,0.000,0.786
921000,0.137,0.000,0.863
921500,0.117,0.008,0.875
922000,0.132,0.000,0.868
922500,0.129,0.001,0.870
923000,0.253,0.000,0.747
923500,0.188,0.000,0.812
924000,0.165,0.008,0.827
924500,0.128,0.039,0.833
925000,0.245,0.000,0.755
925500,0.122,0.017,0.861
926000,0.195,0.006,0.799
926500,0.197,0.001,0.802
927000,0.260,0.000,0.740
927500,0.236,0.000,0.764
928000,0.139,0.001,0.860
928500,0.181,0.000,0.819
929000,0.205,0.002,0.793
929500,0.196,0.000,0.804
930000,0.155,0.000,0.845
930500,0.146,0.001,0.853
931000,0.262,0.000,0.738
931500,0.146,0.000,0.854
932000,0.272,0.000,0.728
932500,0.232,0.000,0.768
933000,0.175,0.000,0.825
933500,0.221,0.000,0.779
934000,0.323,0.000,0.677
934500,0.251,0.000,0.749
935000,0.193,0.000,0.807
935500,0.156,0.000,0.844
936000,0.180,0.000,0.820
936500,0.167,0.000,0.833
937000,0.193,0.000,0.807
937500,0.201,0.000,0.799
938000,0.223,0.001,0.776
938500,0.174,0.009,0.817
939000,0.141,0.000,0.859
939500,0.142,0.019,0.839
940000,0.242,0.000,0.758
940500,0.211,0.000,0.789
941000,0.250,0.000,0.750
941500,0.149,0.000,0.851
942000,0.162,0.000,0.838
942500,0.134,0.013,0.853
943000,0.203,0.000,0.797
943500,0.258,0.000,0.742
944000,0.216,0.000,0.784
944500,0.179,0.000,0.821
945000,0.204,0.000,0.796
945500,0.271,0.000,0.729
946000,0.124,0.009,0.867
946500,0.177,0.000,0.823
947000,0.146,0.007,0.847
947500,0.296,0.000,0.704
948000,0.160,0.001,0.839
948500,0.221,0.000,0.779
949000,0.192,0.000,0.808
949500,0.267,0.000,0.733
950000,0.189,0.013,0.798
950500,0.203,0.000,0.797
951000,0.282,0.000,0.718
951500,0.133,0.000,0.867
952000,0.148,0.000,0.852
952500,0.267,0.000,0.733
953000,0.155,0.000,0.845
953500,0.163,0.005,0.832
954000,0.180,0.001,0.819
954500,0.188,0.000,0.812
955000,0.164,0.000,0.836
955500,0.124,0.017,0.859
956000,0.178,0.000,0.822
956500,0.167,0.000,0.833
957000,0.130,0.000,0.870
957500,0.149,0.000,0.851
958000,0.263,0.000,0.737
958500,0.248,0.003,0.749
959000,0.191,0.000,0.809
959500,0.264,0.000,0.736
960000,0.142,0.000,0.858
960500,0.097,0.007,0.896
961000,0.187,0.001,0.812
961500,0.264,0.000,0.736
962000,0.288,0.000,0.712
962500,0.160,0.002,0.838
963000,0.150,0.000,0.850
963500,0.172,0.000,0.828
964000,0.234,0.000,0.766
964500,0.140,0.000,0.860
965000,0.270,0.000,0.730
965500,0.205,0.000,0.795
966000,0.227,0.002,0.771
966500,0.128,0.000,0.872
967000,0.175,0.000,0.825
967500,0.159,0.000,0.841
968000,0.182,0.000,0.818
968500,0.206,0.001,0.793
969000,0.199,0.000,0.801
969500,0.185,0.000,0.815
970000,0.186,0.000,0.814
970500,0.146,0.003,0.851
971000,0.271,0.000,0.729
971500,0.183,0.000,0.817
972000,0.121,0.021,0.858
972500,0.209,0.000,0.791
973000,0.260,0.000,0.740
973500,0.233,0.000,0.767
974000,0.214,0.021,0.765
974500,0.166,0.000,0.834
975000,0.296,0.000,0.704
975500,0.171,0.000,0.829
976000,0.165,0.000,0.835
976500,0.139,0.001,0.860
977000,0.174,0.000,0.826
977500,0.181,0.000,0.819
978000,0.215,0.001,0.784
978500,0.213,0.000,0.787
979000,0.218,0.000,0.782
979500,0.181,0.021,0.798
980000,0.193,0.000,0.807
980500,0.212,0.000,0.788
981000,0.236,0.000,0.764
981500,0.200,0.000,0.800
982000,0.226,0.000,0.774
982500,0.208,0.000,0.792
983000,0.190,0.016,0.794
983500,0.280,0.000,0.720
984000,0.233,0.000,0.767
984500,0.175,0.000,0.825
985000,0.190,0.000,0.810
985500,0.151,0.007,0.842
986000,0.211,0.000,0.789
986500,0.228,0.000,0.772
987000,0.225,0.000,0.775
987500,0.188,0.000,0.812
988000,0.117,0.010,0.873
988500,0.209,0.000,0.791
989000,0.180,0.003,0.817
989500,0.152,0.000,0.848
990000,0.162,0.003,0.835
990500,0.218,0.000,0.782
991000,0.263,0.000,0.737
991500,0.179,0.000,0.821
992000,0.260,0.000,0.740
992500,0.231,0.000,0.769
993000,0.260,0.000,0.740
993500,0.145,0.004,0.851
994000,0.166,0.000,0.834
994500,0.203,0.000,0.797
995000,0.230,0.000,0.770
995500,0.130,0.015,0.855
996000,0.137,0.000,0.863
996500,0.143,0.001,0.856
997000,0.163,0.000,0.837
997500,0.237,0.000,0.763
998000,0.142,0.001,0.857
998500,0.195,0.000,0.805
999000,0.185,0.000,0.815
999500,0.189,0.000,0.811
1000000,0.150,0.000,0.850
