time,n_A+p,n_B,n_AB
500,0.080,0.532,0.388
1000,0.080,0.145,0.775
1500,0.108,0.034,0.858
2000,0.149,0.010,0.841
2500,0.239,0.002,0.758
3000,0.188,0.002,0.810
3500,0.197,0.003,0.801
4000,0.208,0.005,0.787
4500,0.255,0.001,0.745
5000,0.251,0.000,0.750
5500,0.233,0.000,0.767
6000,0.192,0.005,0.803
6500,0.184,0.004,0.812
7000,0.205,0.001,0.795
7500,0.192,0.007,0.801
8000,0.196,0.002,0.803
8500,0.197,0.000,0.803
9000,0.185,0.003,0.812
9500,0.184,0.005,0.811
10000,0.197,0.001,0.802
10500,0.227,0.000,0.773
11000,0.224,0.000,0.776
11500,0.209,0.000,0.791
12000,0.237,0.000,0.762
12500,0.207,0.000,0.793
13000,0.198,0.000,0.802
13500,0.182,0.002,0.816
14000,0.177,0.004,0.820
14500,0.201,0.003,0.797
15000,0.202,0.000,0.798
15500,0.198,0.006,0.796
16000,0.176,0.006,0.818
16500,0.158,0.004,0.838
17000,0.182,0.004,0.814
17500,0.205,0.001,0.793
18000,0.206,0.008,0.786
18500,0.218,0.001,0.782
19000,0.197,0.000,0.803
19500,0.170,0.009,0.822
20000,0.166,0.002,0.832
20500,0.225,0.000,0.775
21000,0.226,0.004,0.770
21500,0.213,0.005,0.782
22000,0.215,0.002,0.782
22500,0.212,0.001,0.788
23000,0.212,0.004,0.783
23500,0.197,0.003,0.800
24000,0.220,0.002,0.778
24500,0.186,0.000,0.814
25000,0.229,0.006,0.765
25500,0.224,0.000,0.776
26000,0.191,0.004,0.804
26500,0.215,0.009,0.776
27000,0.176,0.002,0.822
27500,0.226,0.000,0.774
28000,0.170,0.000,0.831
28500,0.211,0.003,0.786
29000,0.234,0.002,0.765
29500,0.245,0.001,0.754
30000,0.212,0.001,0.787
30500,0.181,0.002,0.817
31000,0.205,0.001,0.794
31500,0.255,0.000,0.745
32000,0.193,0.006,0.801
32500,0.206,0.001,0.794
33000,0.188,0.008,0.804
33500,0.184,0.002,0.814
34000,0.240,0.001,0.760
34500,0.225,0.000,0.775
35000,0.228,0.001,0.772
35500,0.224,0.002,0.775
36000,0.241,0.000,0.758
36500,0.212,0.000,0.788
37000,0.234,0.000,0.766
37500,0.207,0.003,0.790
38000,0.207,0.001,0.792
38500,0.172,0.002,0.826
39000,0.213,0.000,0.787
39500,0.241,0.000,0.759
40000,0.230,0.002,0.769
40500,0.216,0.000,0.783
41000,0.238,0.000,0.762
41500,0.192,0.000,0.808
42000,0.164,0.006,0.831
42500,0.279,0.006,0.715
43000,0.231,0.006,0.763
43500,0.188,0.005,0.807
44000,0.211,0.002,0.787
44500,0.182,0.015,0.803
45000,0.194,0.011,0.795
45500,0.203,0.004,0.793
46000,0.203,0.008,0.789
46500,0.183,0.006,0.810
47000,0.195,0.007,0.797
47500,0.182,0.001,0.817
48000,0.192,0.004,0.804
48500,0.197,0.007,0.796
49000,0.200,0.002,0.798
49500,0.223,0.003,0.775
50000,0.201,0.007,0.792
50500,0.223,0.002,0.776
51000,0.217,0.001,0.782
51500,0.236,0.004,0.759
52000,0.193,0.002,0.805
52500,0.174,0.007,0.818
53000,0.147,0.011,0.842
53500,0.203,0.004,0.793
54000,0.242,0.001,0.757
54500,0.249,0.001,0.750
55000,0.246,0.000,0.754
55500,0.223,0.000,0.777
56000,0.242,0.000,0.758
56500,0.210,0.000,0.789
57000,0.198,0.004,0.798
57500,0.234,0.000,0.766
58000,0.211,0.007,0.781
58500,0.206,0.004,0.791
59000,0.203,0.002,0.795
59500,0.196,0.000,0.804
60000,0.190,0.000,0.810
60500,0.233,0.007,0.760
61000,0.226,0.001,0.774
61500,0.182,0.006,0.812
62000,0.210,0.005,0.785
62500,0.200,0.001,0.800
63000,0.226,0.000,0.774
63500,0.208,0.000,0.791
64000,0.232,0.004,0.765
64500,0.241,0.001,0.759
65000,0.205,0.001,0.795
65500,0.235,0.000,0.765
66000,0.225,0.008,0.767
66500,0.196,0.001,0.804
67000,0.202,0.000,0.798
67500,0.184,0.002,0.814
68000,0.237,0.000,0.762
68500,0.245,0.002,0.753
69000,0.213,0.000,0.786
69500,0.195,0.000,0.805
70000,0.196,0.000,0.804
70500,0.189,0.000,0.811
71000,0.214,0.000,0.785
71500,0.224,0.005,0.771
72000,0.232,0.000,0.768
72500,0.166,0.000,0.834
73000,0.226,0.002,0.772
73500,0.168,0.001,0.832
74000,0.159,0.007,0.834
74500,0.177,0.001,0.822
75000,0.182,0.000,0.818
75500,0.223,0.002,0.775
76000,0.231,0.000,0.769
76500,0.213,0.000,0.786
77000,0.198,0.000,0.802
77500,0.240,0.000,0.760
78000,0.239,0.011,0.749
78500,0.279,0.001,0.720
79000,0.229,0.000,0.771
79500,0.200,0.000,0.800
80000,0.239,0.003,0.757
80500,0.223,0.001,0.777
81000,0.204,0.005,0.790
81500,0.191,0.005,0.804
82000,0.218,0.006,0.775
82500,0.183,0.002,0.815
83000,0.159,0.009,0.833
83500,0.215,0.003,0.782
84000,0.208,0.000,0.791
84500,0.222,0.000,0.778
85000,0.216,0.000,0.784
85500,0.197,0.004,0.799
86000,0.194,0.001,0.806
86500,0.179,0.000,0.821
87000,0.172,0.003,0.825
87500,0.226,0.006,0.768
88000,0.205,0.001,0.794
88500,0.209,0.000,0.791
89000,0.229,0.000,0.771
89500,0.267,0.000,0.734
90000,0.197,0.004,0.799
90500,0.194,0.003,0.804
91000,0.217,0.000,0.783
91500,0.191,0.007,0.802
92000,0.210,0.001,0.789
92500,0.197,0.003,0.800
93000,0.189,0.001,0.810
93500,0.161,0.013,0.826
94000,0.184,0.002,0.815
94500,0.169,0.016,0.815
95000,0.243,0.002,0.755
95500,0.203,0.004,0.793
96000,0.190,0.006,0.804
96500,0.193,0.001,0.806
97000,0.230,0.000,0.770
97500,0.195,0.000,0.805
98000,0.202,0.004,0.795
98500,0.211,0.000,0.789
99000,0.198,0.000,0.802
99500,0.188,0.004,0.809
100000,0.191,0.006,0.803
100500,0.223,0.001,0.777
101000,0.195,0.003,0.802
101500,0.186,0.003,0.811
102000,0.210,0.000,0.790
102500,0.241,0.000,0.759
103000,0.206,0.000,0.793
103500,0.139,0.001,0.860
104000,0.203,0.000,0.797
104500,0.206,0.000,0.794
105000,0.207,0.000,0.793
105500,0.199,0.000,0.801
106000,0.230,0.000,0.770
106500,0.238,0.000,0.762
107000,0.193,0.004,0.803
107500,0.205,0.000,0.794
108000,0.216,0.000,0.783
108500,0.224,0.004,0.773
109000,0.190,0.005,0.805
109500,0.204,0.003,0.793
110000,0.216,0.000,0.784
110500,0.261,0.000,0.740
111000,0.230,0.000,0.770
111500,0.229,0.000,0.771
112000,0.204,0.000,0.795
112500,0.231,0.000,0.769
113000,0.184,0.002,0.814
113500,0.193,0.001,0.807
114000,0.169,0.001,0.831
114500,0.243,0.000,0.756
115000,0.268,0.000,0.732
115500,0.223,0.000,0.777
116000,0.231,0.000,0.769
116500,0.178,0.000,0.822
117000,0.199,0.000,0.801
117500,0.252,0.000,0.748
118000,0.215,0.000,0.785
118500,0.181,0.000,0.819
119000,0.173,0.000,0.827
119500,0.183,0.000,0.817
120000,0.211,0.000,0.788
120500,0.230,0.004,0.767
121000,0.224,0.001,0.776
121500,0.186,0.001,0.814
122000,0.218,0.002,0.780
122500,0.179,0.001,0.820
123000,0.199,0.009,0.792
123500,0.187,0.007,0.806
124000,0.217,0.003,0.781
124500,0.168,0.001,0.832
125000,0.196,0.000,0.804
125500,0.219,0.001,0.781
126000,0.222,0.002,0.777
126500,0.234,0.000,0.766
127000,0.230,0.012,0.758
127500,0.188,0.002,0.811
128000,0.165,0.008,0.828
128500,0.170,0.002,0.828
129000,0.203,0.006,0.791
129500,0.213,0.001,0.786
130000,0.203,0.000,0.797
130500,0.201,0.000,0.799
131000,0.273,0.002,0.725
131500,0.216,0.001,0.783
132000,0.226,0.005,0.769
132500,0.190,0.017,0.793
133000,0.199,0.004,0.797
133500,0.191,0.010,0.799
134000,0.209,0.004,0.786
134500,0.209,0.001,0.790
135000,0.188,0.004,0.809
135500,0.181,0.015,0.804
136000,0.188,0.002,0.810
136500,0.248,0.000,0.752
137000,0.196,0.000,0.804
137500,0.181,0.005,0.813
138000,0.158,0.015,0.828
138500,0.162,0.000,0.839
139000,0.178,0.001,0.822
139500,0.174,0.014,0.812
140000,0.150,0.001,0.849
140500,0.238,0.001,0.761
141000,0.218,0.002,0.780
141500,0.222,0.000,0.778
142000,0.228,0.000,0.772
142500,0.210,0.000,0.790
143000,0.187,0.000,0.813
143500,0.173,0.000,0.827
144000,0.179,0.001,0.820
144500,0.185,0.004,0.811
145000,0.234,0.000,0.766
145500,0.224,0.000,0.776
146000,0.292,0.000,0.708
146500,0.181,0.000,0.819
147000,0.244,0.000,0.756
147500,0.230,0.000,0.770
148000,0.248,0.000,0.752
148500,0.226,0.000,0.774
149000,0.207,0.000,0.793
149500,0.195,0.004,0.801
150000,0.195,0.001,0.805
150500,0.218,0.005,0.776
151000,0.194,0.021,0.785
151500,0.169,0.002,0.829
152000,0.191,0.000,0.809
152500,0.258,0.000,0.742
153000,0.212,0.000,0.788
153500,0.216,0.001,0.784
154000,0.247,0.000,0.753
154500,0.255,0.000,0.745
155000,0.270,0.000,0.730
155500,0.211,0.000,0.788
156000,0.213,0.006,0.780
156500,0.177,0.009,0.814
157000,0.214,0.004,0.782
157500,0.217,0.002,0.781
158000,0.204,0.009,0.787
158500,0.211,0.001,0.788
159000,0.169,0.004,0.828
159500,0.173,0.005,0.822
160000,0.203,0.001,0.796
160500,0.196,0.004,0.800
161000,0.225,0.003,0.773
161500,0.199,0.010,0.791
162000,0.173,0.006,0.821
162500,0.235,0.003,0.762
163000,0.189,0.002,0.809
163500,0.184,0.009,0.807
164000,0.191,0.002,0.808
164500,0.204,0.000,0.796
165000,0.241,0.000,0.758
165500,0.245,0.000,0.754
166000,0.170,0.000,0.831
166500,0.221,0.005,0.774
167000,0.209,0.001,0.790
167500,0.246,0.001,0.753
168000,0.204,0.000,0.796
168500,0.230,0.000,0.770
169000,0.245,0.000,0.754
169500,0.196,0.000,0.804
170000,0.188,0.000,0.812
170500,0.223,0.000,0.777
171000,0.153,0.004,0.842
171500,0.166,0.000,0.834
172000,0.215,0.007,0.778
172500,0.169,0.004,0.828
173000,0.224,0.003,0.773
173500,0.181,0.000,0.819
174000,0.167,0.001,0.832
174500,0.175,0.003,0.822
175000,0.205,0.001,0.794
175500,0.194,0.000,0.806
176000,0.208,0.002,0.789
176500,0.221,0.004,0.775
177000,0.245,0.001,0.754
177500,0.174,0.002,0.825
178000,0.164,0.009,0.827
178500,0.199,0.002,0.800
179000,0.211,0.008,0.780
179500,0.203,0.003,0.794
180000,0.204,0.001,0.795
180500,0.191,0.000,0.809
181000,0.191,0.000,0.809
181500,0.202,0.000,0.798
182000,0.202,0.002,0.797
182500,0.166,0.007,0.827
183000,0.186,0.003,0.812
183500,0.238,0.000,0.762
184000,0.234,0.001,0.765
184500,0.247,0.002,0.751
185000,0.193,0.001,0.807
185500,0.206,0.002,0.791
186000,0.206,0.001,0.792
186500,0.160,0.006,0.834
187000,0.142,0.004,0.853
187500,0.164,0.005,0.832
188000,0.213,0.001,0.786
188500,0.178,0.000,0.822
189000,0.202,0.000,0.798
189500,0.207,0.000,0.792
190000,0.213,0.000,0.786
190500,0.203,0.000,0.796
191000,0.195,0.015,0.791
191500,0.217,0.002,0.782
192000,0.178,0.006,0.815
192500,0.202,0.001,0.797
193000,0.170,0.000,0.831
193500,0.208,0.003,0.790
194000,0.183,0.003,0.814
194500,0.229,0.002,0.770
195000,0.232,0.000,0.768
195500,0.200,0.000,0.800
196000,0.209,0.000,0.790
196500,0.200,0.000,0.800
197000,0.186,0.003,0.811
197500,0.150,0.013,0.837
198000,0.205,0.002,0.792
198500,0.180,0.008,0.811
199000,0.185,0.009,0.805
199500,0.218,0.001,0.782
200000,0.203,0.001,0.796
200500,0.196,0.004,0.800
201000,0.187,0.000,0.813
201500,0.213,0.003,0.784
202000,0.179,0.001,0.821
202500,0.165,0.004,0.831
203000,0.158,0.002,0.841
203500,0.196,0.001,0.804
204000,0.205,0.001,0.794
204500,0.186,0.003,0.810
205000,0.158,0.015,0.827
205500,0.199,0.004,0.796
206000,0.193,0.001,0.807
206500,0.193,0.000,0.807
207000,0.199,0.001,0.800
207500,0.150,0.007,0.843
208000,0.199,0.000,0.801
208500,0.193,0.000,0.807
209000,0.242,0.000,0.758
209500,0.216,0.000,0.783
210000,0.199,0.000,0.801
210500,0.206,0.000,0.793
211000,0.213,0.000,0.786
211500,0.213,0.000,0.786
212000,0.219,0.001,0.780
212500,0.232,0.000,0.768
213000,0.202,0.001,0.797
213500,0.195,0.006,0.799
214000,0.214,0.001,0.785
214500,0.218,0.000,0.781
215000,0.199,0.003,0.798
215500,0.235,0.001,0.764
216000,0.227,0.000,0.773
216500,0.183,0.000,0.817
217000,0.212,0.000,0.787
217500,0.193,0.006,0.801
218000,0.173,0.002,0.825
218500,0.175,0.010,0.815
219000,0.192,0.003,0.805
219500,0.189,0.003,0.808
220000,0.156,0.017,0.828
220500,0.202,0.002,0.796
221000,0.208,0.000,0.791
221500,0.247,0.000,0.753
222000,0.245,0.002,0.753
222500,0.202,0.000,0.798
223000,0.212,0.000,0.787
223500,0.203,0.000,0.796
224000,0.217,0.000,0.783
224500,0.217,0.000,0.783
225000,0.195,0.000,0.805
225500,0.224,0.000,0.776
226000,0.212,0.000,0.788
226500,0.195,0.000,0.805
227000,0.202,0.000,0.798
227500,0.193,0.007,0.800
228000,0.197,0.004,0.799
228500,0.204,0.005,0.791
229000,0.207,0.002,0.790
229500,0.231,0.004,0.765
230000,0.210,0.004,0.786
230500,0.226,0.000,0.774
231000,0.167,0.024,0.809
231500,0.180,0.005,0.814
232000,0.243,0.000,0.756
232500,0.190,0.000,0.810
233000,0.190,0.000,0.810
233500,0.237,0.000,0.763
234000,0.232,0.000,0.768
234500,0.218,0.000,0.782
235000,0.220,0.000,0.780
235500,0.225,0.000,0.775
236000,0.194,0.000,0.806
236500,0.226,0.000,0.774
237000,0.171,0.000,0.830
237500,0.190,0.000,0.810
238000,0.192,0.000,0.808
238500,0.210,0.003,0.787
239000,0.212,0.000,0.788
239500,0.231,0.003,0.767
240000,0.172,0.014,0.814
240500,0.162,0.005,0.833
241000,0.203,0.009,0.789
241500,0.211,0.001,0.787
242000,0.244,0.000,0.756
242500,0.228,0.000,0.772
243000,0.227,0.005,0.768
243500,0.207,0.004,0.789
244000,0.237,0.000,0.762
244500,0.201,0.000,0.799
245000,0.237,0.000,0.762
245500,0.192,0.004,0.804
246000,0.183,0.005,0.812
246500,0.201,0.003,0.796
247000,0.203,0.005,0.792
247500,0.185,0.001,0.814
248000,0.191,0.009,0.800
248500,0.212,0.001,0.787
249000,0.195,0.000,0.805
249500,0.198,0.000,0.802
250000,0.226,0.000,0.774
250500,0.221,0.000,0.779
251000,0.234,0.000,0.766
251500,0.260,0.000,0.740
252000,0.223,0.000,0.777
252500,0.200,0.000,0.800
253000,0.181,0.000,0.819
253500,0.174,0.004,0.822
254000,0.204,0.004,0.793
254500,0.205,0.001,0.794
255000,0.212,0.004,0.783
255500,0.222,0.001,0.778
256000,0.206,0.000,0.794
256500,0.229,0.004,0.768
257000,0.188,0.001,0.811
257500,0.217,0.000,0.783
258000,0.229,0.002,0.770
258500,0.212,0.004,0.785
259000,0.227,0.000,0.773
259500,0.205,0.000,0.795
260000,0.190,0.009,0.801
260500,0.192,0.000,0.808
261000,0.195,0.000,0.805
261500,0.220,0.000,0.780
262000,0.218,0.006,0.775
262500,0.195,0.001,0.804
263000,0.208,0.005,0.787
263500,0.215,0.001,0.784
264000,0.190,0.003,0.807
264500,0.212,0.001,0.787
265000,0.234,0.000,0.766
265500,0.218,0.005,0.776
266000,0.219,0.001,0.781
266500,0.209,0.000,0.790
267000,0.188,0.003,0.810
267500,0.202,0.000,0.798
268000,0.191,0.000,0.809
268500,0.231,0.000,0.769
269000,0.211,0.013,0.776
269500,0.172,0.002,0.827
270000,0.201,0.001,0.798
270500,0.192,0.002,0.807
271000,0.208,0.002,0.789
271500,0.165,0.001,0.835
272000,0.162,0.006,0.832
272500,0.213,0.005,0.781
273000,0.209,0.001,0.791
273500,0.193,0.003,0.805
274000,0.184,0.000,0.816
274500,0.174,0.011,0.815
275000,0.150,0.010,0.840
275500,0.196,0.003,0.801
276000,0.160,0.007,0.833
276500,0.201,0.001,0.798
277000,0.203,0.001,0.795
277500,0.204,0.003,0.793
278000,0.220,0.002,0.778
278500,0.218,0.000,0.782
279000,0.224,0.000,0.776
279500,0.179,0.002,0.819
280000,0.203,0.000,0.797
280500,0.222,0.003,0.775
281000,0.236,0.004,0.760
281500,0.218,0.000,0.782
282000,0.227,0.000,0.773
282500,0.209,0.000,0.791
283000,0.209,0.000,0.790
283500,0.207,0.007,0.786
284000,0.177,0.001,0.822
284500,0.240,0.001,0.759
285000,0.210,0.000,0.789
285500,0.254,0.000,0.746
286000,0.215,0.000,0.785
286500,0.197,0.000,0.803
287000,0.209,0.004,0.787
287500,0.217,0.001,0.783
288000,0.196,0.002,0.802
288500,0.178,0.003,0.819
289000,0.200,0.001,0.800
289500,0.220,0.005,0.775
290000,0.235,0.002,0.764
290500,0.190,0.004,0.807
291000,0.239,0.001,0.760
291500,0.239,0.000,0.760
292000,0.167,0.000,0.833
292500,0.173,0.011,0.815
293000,0.201,0.001,0.799
293500,0.191,0.000,0.809
294000,0.181,0.037,0.782
294500,0.166,0.013,0.822
295000,0.193,0.002,0.805
295500,0.198,0.001,0.802
296000,0.238,0.000,0.762
296500,0.229,0.000,0.771
297000,0.205,0.000,0.794
297500,0.227,0.008,0.765
298000,0.207,0.008,0.785
298500,0.171,0.003,0.826
299000,0.215,0.001,0.784
299500,0.217,0.000,0.782
300000,0.216,0.001,0.783
300500,0.182,0.010,0.808
301000,0.186,0.002,0.811
301500,0.167,0.002,0.832
302000,0.220,0.004,0.776
302500,0.203,0.003,0.794
303000,0.172,0.003,0.826
303500,0.218,0.001,0.781
304000,0.203,0.000,0.797
304500,0.233,0.000,0.767
305000,0.223,0.000,0.777
305500,0.190,0.000,0.810
306000,0.205,0.000,0.795
306500,0.212,0.013,0.776
307000,0.186,0.001,0.812
307500,0.207,0.004,0.789
308000,0.204,0.000,0.795
308500,0.180,0.000,0.820
309000,0.186,0.005,0.808
309500,0.199,0.000,0.801
310000,0.169,0.001,0.831
310500,0.161,0.018,0.822
311000,0.183,0.001,0.816
311500,0.185,0.003,0.812
312000,0.186,0.002,0.813
312500,0.184,0.004,0.812
313000,0.212,0.002,0.786
313500,0.148,0.001,0.851
314000,0.161,0.002,0.838
314500,0.226,0.004,0.770
315000,0.185,0.002,0.814
315500,0.203,0.003,0.795
316000,0.211,0.001,0.788
316500,0.199,0.013,0.788
317000,0.186,0.009,0.805
317500,0.225,0.001,0.775
318000,0.205,0.000,0.794
318500,0.255,0.000,0.745
319000,0.199,0.000,0.801
319500,0.216,0.000,0.784
320000,0.165,0.000,0.836
320500,0.210,0.000,0.789
321000,0.189,0.009,0.802
321500,0.196,0.009,0.795
322000,0.211,0.001,0.788
322500,0.219,0.000,0.781
323000,0.240,0.000,0.760
323500,0.207,0.000,0.792
324000,0.226,0.001,0.774
324500,0.224,0.001,0.776
325000,0.222,0.000,0.778
325500,0.228,0.000,0.772
326000,0.216,0.001,0.784
326500,0.209,0.002,0.788
327000,0.205,0.007,0.788
327500,0.184,0.004,0.811
328000,0.223,0.001,0.777
328500,0.171,0.004,0.825
329000,0.190,0.004,0.806
329500,0.192,0.001,0.807
330000,0.220,0.002,0.778
330500,0.197,0.000,0.803
331000,0.229,0.002,0.770
331500,0.186,0.002,0.813
332000,0.178,0.009,0.812
332500,0.163,0.001,0.837
333000,0.182,0.000,0.818
333500,0.168,0.005,0.827
334000,0.202,0.005,0.793
334500,0.185,0.002,0.813
335000,0.185,0.000,0.815
335500,0.162,0.001,0.837
336000,0.198,0.001,0.802
336500,0.166,0.003,0.832
337000,0.223,0.004,0.773
337500,0.182,0.009,0.809
338000,0.185,0.003,0.812
338500,0.172,0.003,0.825
339000,0.206,0.003,0.791
339500,0.220,0.001,0.780
340000,0.215,0.000,0.785
340500,0.219,0.000,0.781
341000,0.233,0.001,0.766
341500,0.195,0.000,0.805
342000,0.232,0.000,0.768
342500,0.221,0.000,0.779
343000,0.207,0.006,0.786
343500,0.161,0.024,0.816
344000,0.168,0.005,0.827
344500,0.188,0.014,0.798
345000,0.183,0.005,0.811
345500,0.198,0.002,0.801
346000,0.210,0.000,0.789
346500,0.183,0.000,0.817
347000,0.218,0.000,0.782
347500,0.216,0.000,0.784
348000,0.210,0.000,0.790
348500,0.232,0.000,0.768
349000,0.216,0.000,0.783
349500,0.204,0.000,0.796
350000,0.202,0.004,0.794
350500,0.205,0.002,0.792
351000,0.211,0.005,0.784
351500,0.232,0.002,0.766
352000,0.194,0.000,0.806
352500,0.194,0.000,0.806
353000,0.226,0.000,0.774
353500,0.225,0.000,0.775
354000,0.241,0.000,0.758
354500,0.200,0.004,0.797
355000,0.204,0.000,0.795
355500,0.220,0.001,0.780
356000,0.220,0.008,0.772
356500,0.251,0.004,0.746
357000,0.222,0.001,0.777
357500,0.174,0.000,0.826
358000,0.221,0.000,0.779
358500,0.205,0.010,0.785
359000,0.197,0.009,0.794
359500,0.157,0.011,0.833
360000,0.189,0.003,0.808
360500,0.205,0.001,0.794
361000,0.198,0.002,0.801
361500,0.181,0.000,0.819
362000,0.176,0.013,0.812
362500,0.183,0.001,0.816
363000,0.176,0.000,0.824
363500,0.183,0.009,0.807
364000,0.179,0.004,0.817
364500,0.179,0.008,0.812
365000,0.165,0.011,0.825
365500,0.170,0.002,0.829
366000,0.195,0.001,0.805
366500,0.184,0.008,0.808
367000,0.162,0.005,0.833
367500,0.241,0.005,0.754
368000,0.204,0.002,0.793
368500,0.197,0.001,0.802
369000,0.230,0.000,0.770
369500,0.272,0.000,0.728
370000,0.217,0.002,0.780
370500,0.189,0.010,0.801
371000,0.175,0.003,0.822
371500,0.196,0.000,0.804
372000,0.193,0.000,0.807
372500,0.255,0.000,0.745
373000,0.193,0.000,0.807
373500,0.199,0.003,0.799
374000,0.184,0.001,0.816
374500,0.165,0.009,0.827
375000,0.186,0.011,0.803
375500,0.175,0.001,0.824
376000,0.190,0.000,0.810
376500,0.188,0.012,0.800
377000,0.157,0.002,0.842
377500,0.185,0.007,0.807
378000,0.200,0.002,0.799
378500,0.188,0.003,0.810
379000,0.199,0.000,0.801
379500,0.204,0.005,0.790
380000,0.189,0.000,0.811
380500,0.203,0.000,0.797
381000,0.202,0.000,0.798
381500,0.214,0.000,0.785
382000,0.198,0.001,0.801
382500,0.146,0.002,0.852
383000,0.147,0.005,0.848
383500,0.202,0.009,0.789
384000,0.231,0.001,0.769
384500,0.205,0.003,0.792
385000,0.194,0.004,0.803
385500,0.218,0.000,0.781
386000,0.197,0.004,0.799
386500,0.144,0.009,0.847
387000,0.205,0.005,0.790
387500,0.212,0.001,0.787
388000,0.189,0.000,0.811
388500,0.202,0.000,0.798
389000,0.189,0.007,0.804
389500,0.192,0.002,0.806
390000,0.217,0.001,0.781
390500,0.231,0.000,0.769
391000,0.213,0.000,0.787
391500,0.201,0.001,0.798
392000,0.222,0.004,0.774
392500,0.206,0.007,0.786
393000,0.223,0.007,0.770
393500,0.215,0.001,0.783
394000,0.265,0.000,0.736
394500,0.210,0.000,0.789
395000,0.224,0.001,0.775
395500,0.180,0.003,0.817
396000,0.195,0.001,0.804
396500,0.213,0.005,0.781
397000,0.203,0.006,0.791
397500,0.183,0.015,0.801
398000,0.222,0.001,0.778
398500,0.202,0.005,0.793
399000,0.169,0.007,0.825
399500,0.186,0.001,0.813
400000,0.244,0.000,0.756
400500,0.194,0.000,0.806
401000,0.185,0.008,0.807
401500,0.171,0.009,0.821
402000,0.176,0.002,0.822
402500,0.197,0.001,0.802
403000,0.162,0.000,0.839
403500,0.227,0.000,0.773
404000,0.213,0.000,0.787
404500,0.207,0.000,0.792
405000,0.225,0.008,0.767
405500,0.202,0.002,0.796
406000,0.201,0.002,0.797
406500,0.220,0.007,0.773
407000,0.183,0.002,0.815
407500,0.230,0.006,0.764
408000,0.172,0.009,0.819
408500,0.184,0.010,0.805
409000,0.179,0.000,0.821
409500,0.178,0.005,0.817
410000,0.200,0.002,0.799
410500,0.212,0.006,0.782
411000,0.188,0.000,0.812
411500,0.191,0.000,0.809
412000,0.228,0.000,0.772
412500,0.197,0.003,0.801
413000,0.228,0.002,0.770
413500,0.202,0.000,0.798
414000,0.247,0.002,0.750
414500,0.193,0.003,0.805
415000,0.206,0.000,0.793
415500,0.218,0.000,0.782
416000,0.189,0.004,0.807
416500,0.215,0.000,0.785
417000,0.204,0.000,0.796
417500,0.223,0.000,0.777
418000,0.182,0.000,0.818
418500,0.230,0.007,0.763
419000,0.215,0.001,0.785
419500,0.200,0.000,0.800
420000,0.194,0.006,0.800
420500,0.221,0.001,0.778
421000,0.197,0.004,0.798
421500,0.213,0.001,0.786
422000,0.210,0.001,0.790
422500,0.202,0.000,0.798
423000,0.221,0.000,0.779
423500,0.190,0.003,0.808
424000,0.191,0.002,0.808
424500,0.179,0.005,0.816
425000,0.217,0.002,0.780
425500,0.178,0.000,0.822
426000,0.167,0.009,0.824
426500,0.192,0.002,0.807
427000,0.176,0.001,0.823
427500,0.207,0.003,0.789
428000,0.215,0.004,0.781
428500,0.199,0.001,0.801
429000,0.209,0.002,0.789
429500,0.194,0.005,0.801
430000,0.168,0.000,0.833
430500,0.203,0.000,0.797
431000,0.212,0.000,0.788
431500,0.217,0.000,0.783
432000,0.161,0.007,0.832
432500,0.168,0.011,0.821
433000,0.203,0.002,0.795
433500,0.188,0.002,0.811
434000,0.187,0.002,0.811
434500,0.173,0.004,0.823
435000,0.188,0.007,0.805
435500,0.163,0.006,0.831
436000,0.178,0.009,0.812
436500,0.209,0.003,0.787
437000,0.199,0.001,0.800
437500,0.212,0.000,0.788
438000,0.170,0.000,0.830
438500,0.191,0.006,0.803
439000,0.229,0.007,0.764
439500,0.203,0.000,0.797
440000,0.193,0.000,0.807
440500,0.177,0.000,0.823
441000,0.208,0.000,0.792
441500,0.176,0.002,0.823
442000,0.232,0.000,0.768
442500,0.181,0.004,0.815
443000,0.177,0.001,0.822
443500,0.192,0.000,0.808
444000,0.255,0.000,0.746
444500,0.200,0.006,0.794
445000,0.204,0.002,0.795
445500,0.177,0.006,0.816
446000,0.269,0.001,0.731
446500,0.251,0.000,0.750
447000,0.180,0.000,0.820
447500,0.200,0.003,0.798
448000,0.185,0.009,0.806
448500,0.199,0.013,0.789
449000,0.188,0.004,0.809
449500,0.194,0.002,0.804
450000,0.191,0.005,0.804
450500,0.204,0.009,0.787
451000,0.196,0.002,0.803
451500,0.214,0.001,0.786
452000,0.208,0.001,0.791
452500,0.222,0.000,0.778
453000,0.273,0.000,0.727
453500,0.224,0.000,0.776
454000,0.199,0.000,0.801
454500,0.210,0.000,0.789
455000,0.182,0.002,0.816
455500,0.185,0.003,0.812
456000,0.193,0.000,0.807
456500,0.209,0.004,0.787
457000,0.236,0.001,0.763
457500,0.204,0.000,0.796
458000,0.181,0.000,0.819
458500,0.185,0.000,0.815
459000,0.161,0.006,0.833
459500,0.161,0.003,0.837
460000,0.164,0.000,0.836
460500,0.185,0.000,0.815
461000,0.171,0.000,0.829
461500,0.164,0.007,0.829
462000,0.214,0.002,0.783
462500,0.211,0.000,0.789
463000,0.242,0.000,0.758
463500,0.222,0.000,0.778
464000,0.202,0.000,0.798
464500,0.168,0.001,0.832
465000,0.199,0.007,0.794
465500,0.216,0.001,0.784
466000,0.179,0.000,0.821
466500,0.250,0.001,0.749
467000,0.180,0.003,0.817
467500,0.204,0.010,0.786
468000,0.201,0.000,0.799
468500,0.183,0.004,0.812
469000,0.197,0.007,0.795
469500,0.182,0.012,0.806
470000,0.201,0.004,0.795
470500,0.205,0.002,0.794
471000,0.212,0.003,0.785
471500,0.194,0.001,0.806
472000,0.200,0.000,0.800
472500,0.226,0.000,0.774
473000,0.235,0.000,0.765
473500,0.173,0.000,0.827
474000,0.205,0.003,0.793
474500,0.227,0.006,0.767
475000,0.214,0.002,0.785
475500,0.227,0.001,0.773
476000,0.210,0.000,0.789
476500,0.212,0.002,0.785
477000,0.199,0.006,0.795
477500,0.245,0.000,0.754
478000,0.236,0.000,0.764
478500,0.198,0.000,0.802
479000,0.196,0.007,0.797
479500,0.163,0.000,0.837
480000,0.196,0.001,0.803
480500,0.204,0.000,0.796
481000,0.250,0.002,0.748
481500,0.251,0.000,0.750
482000,0.241,0.000,0.759
482500,0.209,0.000,0.790
483000,0.179,0.000,0.821
483500,0.232,0.000,0.768
484000,0.212,0.003,0.786
484500,0.199,0.001,0.800
485000,0.203,0.000,0.797
485500,0.236,0.003,0.761
486000,0.275,0.001,0.724
486500,0.213,0.001,0.786
487000,0.151,0.009,0.840
487500,0.222,0.003,0.776
488000,0.165,0.004,0.831
488500,0.184,0.000,0.816
489000,0.200,0.001,0.800
489500,0.173,0.005,0.822
490000,0.205,0.004,0.792
490500,0.180,0.000,0.820
491000,0.219,0.000,0.781
491500,0.173,0.001,0.826
492000,0.156,0.010,0.834
492500,0.203,0.009,0.788
493000,0.200,0.001,0.800
493500,0.210,0.007,0.783
494000,0.197,0.013,0.790
494500,0.185,0.001,0.814
495000,0.197,0.000,0.803
495500,0.210,0.000,0.790
496000,0.213,0.000,0.787
496500,0.225,0.000,0.775
497000,0.222,0.005,0.773
497500,0.230,0.001,0.770
498000,0.173,0.000,0.827
498500,0.211,0.002,0.787
499000,0.231,0.001,0.769
499500,0.176,0.004,0.821
500000,0.199,0.003,0.799
500500,0.201,0.002,0.797
501000,0.193,0.000,0.807
501500,0.227,0.000,0.773
502000,0.215,0.000,0.785
502500,0.255,0.000,0.746
503000,0.279,0.000,0.722
503500,0.206,0.007,0.787
504000,0.214,0.001,0.784
504500,0.197,0.000,0.803
505000,0.177,0.003,0.820
505500,0.187,0.003,0.810
506000,0.216,0.000,0.784
506500,0.200,0.002,0.798
507000,0.186,0.004,0.809
507500,0.201,0.001,0.799
508000,0.185,0.004,0.811
508500,0.180,0.012,0.808
509000,0.191,0.009,0.800
509500,0.213,0.003,0.784
510000,0.253,0.000,0.747
510500,0.248,0.000,0.752
511000,0.237,0.000,0.762
511500,0.239,0.000,0.761
512000,0.176,0.000,0.824
512500,0.170,0.000,0.831
513000,0.262,0.000,0.738
513500,0.233,0.000,0.767
514000,0.233,0.002,0.766
514500,0.207,0.001,0.792
515000,0.200,0.000,0.800
515500,0.217,0.004,0.779
516000,0.204,0.001,0.796
516500,0.212,0.005,0.783
517000,0.183,0.002,0.815
517500,0.156,0.000,0.844
518000,0.196,0.005,0.799
518500,0.193,0.003,0.805
519000,0.214,0.003,0.782
519500,0.216,0.000,0.784
520000,0.194,0.007,0.799
520500,0.236,0.000,0.764
521000,0.234,0.000,0.766
521500,0.196,0.000,0.804
522000,0.195,0.005,0.800
522500,0.196,0.010,0.794
523000,0.202,0.003,0.795
523500,0.178,0.000,0.822
524000,0.202,0.000,0.798
524500,0.233,0.000,0.767
525000,0.202,0.000,0.798
525500,0.241,0.001,0.759
526000,0.206,0.000,0.794
526500,0.214,0.000,0.786
527000,0.181,0.003,0.817
527500,0.171,0.006,0.823
528000,0.215,0.003,0.782
528500,0.213,0.004,0.784
529000,0.208,0.003,0.789
529500,0.185,0.000,0.815
530000,0.227,0.001,0.772
530500,0.178,0.001,0.822
531000,0.226,0.000,0.774
531500,0.216,0.000,0.784
532000,0.230,0.000,0.770
532500,0.232,0.000,0.768
533000,0.220,0.000,0.780
533500,0.236,0.009,0.756
534000,0.164,0.001,0.836
534500,0.206,0.001,0.793
535000,0.206,0.000,0.794
535500,0.179,0.004,0.818
536000,0.173,0.001,0.826
536500,0.146,0.007,0.846
537000,0.174,0.004,0.822
537500,0.199,0.001,0.800
538000,0.230,0.001,0.769
538500,0.185,0.000,0.815
539000,0.212,0.000,0.787
539500,0.245,0.002,0.754
540000,0.195,0.001,0.805
540500,0.234,0.001,0.766
541000,0.225,0.000,0.775
541500,0.204,0.000,0.796
542000,0.207,0.000,0.793
542500,0.205,0.001,0.793
543000,0.228,0.000,0.772
543500,0.198,0.000,0.802
544000,0.158,0.005,0.838
544500,0.189,0.000,0.811
545000,0.201,0.000,0.799
545500,0.204,0.000,0.795
546000,0.192,0.000,0.808
546500,0.195,0.006,0.798
547000,0.182,0.011,0.807
547500,0.171,0.002,0.828
548000,0.164,0.002,0.835
548500,0.135,0.025,0.840
549000,0.165,0.005,0.830
549500,0.207,0.002,0.790
550000,0.212,0.000,0.788
550500,0.196,0.000,0.804
551000,0.193,0.002,0.806
551500,0.211,0.001,0.789
552000,0.144,0.000,0.856
552500,0.171,0.004,0.825
553000,0.204,0.003,0.793
553500,0.280,0.000,0.720
554000,0.189,0.005,0.805
554500,0.218,0.000,0.782
555000,0.213,0.000,0.786
555500,0.201,0.000,0.799
556000,0.207,0.008,0.784
556500,0.201,0.001,0.798
557000,0.203,0.000,0.797
557500,0.225,0.000,0.775
558000,0.202,0.000,0.798
558500,0.205,0.007,0.787
559000,0.259,0.001,0.741
559500,0.166,0.004,0.830
560000,0.194,0.006,0.800
560500,0.188,0.003,0.809
561000,0.201,0.002,0.798
561500,0.160,0.002,0.839
562000,0.169,0.001,0.830
562500,0.186,0.000,0.814
563000,0.190,0.004,0.806
563500,0.188,0.001,0.811
564000,0.170,0.013,0.818
564500,0.185,0.001,0.814
565000,0.218,0.002,0.781
565500,0.210,0.008,0.781
566000,0.223,0.001,0.776
566500,0.217,0.000,0.783
567000,0.191,0.000,0.809
567500,0.160,0.009,0.831
568000,0.163,0.002,0.835
568500,0.222,0.000,0.778
569000,0.195,0.001,0.804
569500,0.176,0.003,0.821
570000,0.214,0.005,0.781
570500,0.179,0.005,0.816
571000,0.233,0.001,0.767
571500,0.173,0.002,0.825
572000,0.201,0.001,0.798
572500,0.198,0.008,0.794
573000,0.198,0.007,0.795
573500,0.148,0.007,0.845
574000,0.201,0.000,0.799
574500,0.207,0.009,0.785
575000,0.205,0.000,0.794
575500,0.184,0.002,0.815
576000,0.212,0.000,0.787
576500,0.230,0.007,0.763
577000,0.219,0.002,0.780
577500,0.204,0.009,0.787
578000,0.200,0.001,0.799
578500,0.180,0.000,0.820
579000,0.221,0.000,0.779
579500,0.194,0.002,0.804
580000,0.213,0.000,0.787
580500,0.210,0.000,0.790
581000,0.171,0.013,0.816
581500,0.195,0.004,0.801
582000,0.173,0.004,0.823
582500,0.163,0.009,0.829
583000,0.200,0.001,0.800
583500,0.167,0.001,0.833
584000,0.213,0.026,0.760
584500,0.216,0.002,0.781
585000,0.208,0.001,0.791
585500,0.193,0.002,0.805
586000,0.158,0.004,0.839
586500,0.175,0.008,0.817
587000,0.218,0.003,0.778
587500,0.199,0.003,0.798
588000,0.163,0.003,0.834
588500,0.173,0.000,0.827
589000,0.217,0.002,0.781
589500,0.178,0.003,0.819
590000,0.233,0.001,0.766
590500,0.198,0.002,0.801
591000,0.214,0.009,0.778
591500,0.172,0.004,0.824
592000,0.212,0.000,0.788
592500,0.207,0.000,0.793
593000,0.184,0.009,0.807
593500,0.168,0.001,0.832
594000,0.149,0.009,0.842
594500,0.227,0.001,0.773
595000,0.239,0.000,0.761
595500,0.210,0.004,0.786
596000,0.228,0.001,0.772
596500,0.241,0.000,0.759
597000,0.202,0.000,0.798
597500,0.187,0.004,0.809
598000,0.173,0.008,0.819
598500,0.174,0.003,0.823
599000,0.213,0.000,0.787
599500,0.207,0.000,0.793
600000,0.192,0.000,0.808
600500,0.235,0.002,0.762
601000,0.223,0.008,0.769
601500,0.210,0.010,0.780
602000,0.232,0.001,0.768
602500,0.225,0.000,0.775
603000,0.255,0.002,0.743
603500,0.223,0.000,0.777
604000,0.209,0.000,0.790
604500,0.168,0.004,0.829
605000,0.197,0.009,0.794
605500,0.223,0.001,0.777
606000,0.153,0.002,0.845
606500,0.197,0.000,0.803
607000,0.173,0.000,0.827
607500,0.189,0.000,0.811
608000,0.185,0.006,0.808
608500,0.221,0.000,0.779
609000,0.199,0.000,0.801
609500,0.201,0.000,0.799
610000,0.228,0.004,0.769
610500,0.229,0.001,0.771
611000,0.189,0.005,0.806
611500,0.208,0.003,0.788
612000,0.222,0.006,0.772
612500,0.207,0.000,0.793
613000,0.189,0.001,0.810
613500,0.175,0.006,0.819
614000,0.204,0.004,0.793
614500,0.214,0.001,0.786
615000,0.184,0.000,0.816
615500,0.219,0.000,0.781
616000,0.265,0.000,0.736
616500,0.232,0.000,0.768
617000,0.189,0.004,0.806
617500,0.169,0.005,0.826
618000,0.205,0.011,0.784
618500,0.199,0.014,0.787
619000,0.228,0.002,0.771
619500,0.237,0.000,0.762
620000,0.244,0.000,0.756
620500,0.186,0.001,0.812
621000,0.234,0.004,0.762
621500,0.257,0.001,0.743
622000,0.225,0.005,0.770
622500,0.190,0.002,0.809
623000,0.171,0.001,0.828
623500,0.133,0.000,0.867
624000,0.186,0.005,0.808
624500,0.196,0.001,0.804
625000,0.183,0.000,0.817
625500,0.215,0.003,0.783
626000,0.214,0.000,0.786
626500,0.195,0.000,0.805
627000,0.175,0.005,0.819
627500,0.219,0.004,0.777
628000,0.239,0.001,0.761
628500,0.190,0.000,0.810
629000,0.208,0.002,0.790
629500,0.172,0.001,0.828
630000,0.168,0.007,0.825
630500,0.199,0.000,0.801
631000,0.206,0.000,0.794
631500,0.174,0.002,0.825
632000,0.202,0.000,0.798
632500,0.177,0.000,0.823
633000,0.203,0.002,0.795
633500,0.185,0.004,0.811
634000,0.213,0.001,0.786
634500,0.244,0.000,0.756
635000,0.202,0.000,0.798
635500,0.214,0.007,0.778
636000,0.214,0.005,0.780
636500,0.246,0.003,0.751
637000,0.222,0.000,0.778
637500,0.211,0.005,0.784
638000,0.198,0.004,0.798
638500,0.172,0.001,0.828
639000,0.223,0.001,0.776
639500,0.197,0.000,0.803
640000,0.170,0.004,0.827
640500,0.207,0.001,0.792
641000,0.238,0.006,0.756
641500,0.190,0.000,0.810
642000,0.173,0.004,0.823
642500,0.228,0.004,0.769
643000,0.220,0.001,0.780
643500,0.214,0.003,0.782
644000,0.213,0.000,0.787
644500,0.168,0.009,0.823
645000,0.166,0.006,0.828
645500,0.194,0.001,0.805
646000,0.218,0.004,0.778
646500,0.180,0.002,0.818
647000,0.180,0.000,0.820
647500,0.195,0.002,0.803
648000,0.159,0.005,0.837
648500,0.227,0.000,0.773
649000,0.209,0.000,0.791
649500,0.217,0.001,0.782
650000,0.210,0.000,0.790
650500,0.197,0.001,0.802
651000,0.191,0.001,0.808
651500,0.197,0.000,0.803
652000,0.182,0.004,0.813
652500,0.210,0.002,0.787
653000,0.227,0.001,0.773
653500,0.222,0.000,0.778
654000,0.218,0.002,0.779
654500,0.224,0.000,0.776
655000,0.192,0.004,0.804
655500,0.245,0.003,0.751
656000,0.218,0.001,0.781
656500,0.199,0.003,0.799
657000,0.192,0.001,0.808
657500,0.224,0.001,0.776
658000,0.206,0.000,0.794
658500,0.193,0.002,0.806
659000,0.237,0.000,0.763
659500,0.217,0.003,0.780
660000,0.239,0.002,0.760
660500,0.265,0.000,0.735
661000,0.268,0.000,0.732
661500,0.224,0.000,0.776
662000,0.190,0.000,0.810
662500,0.195,0.004,0.801
663000,0.186,0.001,0.812
663500,0.221,0.001,0.778
664000,0.186,0.002,0.812
664500,0.221,0.009,0.771
665000,0.236,0.001,0.764
665500,0.237,0.000,0.763
666000,0.228,0.000,0.772
666500,0.204,0.000,0.796
667000,0.235,0.005,0.760
667500,0.203,0.002,0.794
668000,0.212,0.000,0.788
668500,0.176,0.002,0.822
669000,0.215,0.000,0.784
669500,0.206,0.000,0.793
670000,0.218,0.000,0.781
670500,0.212,0.000,0.787
671000,0.184,0.000,0.816
671500,0.197,0.002,0.801
672000,0.214,0.000,0.786
672500,0.205,0.009,0.785
673000,0.193,0.001,0.806
673500,0.186,0.011,0.803
674000,0.208,0.002,0.789
674500,0.181,0.017,0.801
675000,0.227,0.001,0.772
675500,0.195,0.001,0.804
676000,0.197,0.000,0.803
676500,0.196,0.003,0.801
677000,0.201,0.000,0.799
677500,0.140,0.000,0.860
678000,0.217,0.000,0.783
678500,0.184,0.000,0.816
679000,0.239,0.000,0.760
679500,0.239,0.004,0.757
680000,0.217,0.001,0.782
680500,0.200,0.000,0.800
681000,0.224,0.000,0.776
681500,0.217,0.003,0.779
682000,0.188,0.001,0.812
682500,0.255,0.001,0.745
683000,0.225,0.000,0.775
683500,0.212,0.000,0.788
684000,0.210,0.000,0.789
684500,0.215,0.000,0.785
685000,0.215,0.000,0.784
685500,0.198,0.005,0.797
686000,0.188,0.004,0.809
686500,0.211,0.000,0.789
687000,0.232,0.000,0.768
687500,0.186,0.000,0.814
688000,0.200,0.000,0.800
688500,0.206,0.002,0.792
689000,0.232,0.001,0.768
689500,0.218,0.007,0.775
690000,0.190,0.002,0.809
690500,0.187,0.003,0.810
691000,0.171,0.008,0.821
691500,0.188,0.002,0.811
692000,0.160,0.004,0.837
692500,0.180,0.004,0.815
693000,0.227,0.001,0.773
693500,0.219,0.004,0.777
694000,0.203,0.005,0.791
694500,0.168,0.001,0.831
695000,0.217,0.000,0.783
695500,0.205,0.000,0.795
696000,0.191,0.005,0.804
696500,0.176,0.003,0.821
697000,0.192,0.000,0.808
697500,0.185,0.009,0.806
698000,0.165,0.002,0.834
698500,0.211,0.002,0.788
699000,0.217,0.001,0.783
699500,0.204,0.001,0.795
700000,0.204,0.008,0.788
700500,0.240,0.002,0.758
701000,0.201,0.000,0.799
701500,0.206,0.007,0.786
702000,0.192,0.000,0.808
702500,0.176,0.008,0.816
703000,0.187,0.004,0.808
703500,0.191,0.000,0.809
704000,0.206,0.008,0.786
704500,0.207,0.008,0.784
705000,0.160,0.001,0.840
705500,0.235,0.003,0.762
706000,0.232,0.009,0.760
706500,0.209,0.007,0.783
707000,0.166,0.004,0.830
707500,0.150,0.014,0.836
708000,0.206,0.006,0.787
708500,0.173,0.007,0.820
709000,0.195,0.007,0.798
709500,0.171,0.000,0.830
710000,0.182,0.004,0.814
710500,0.235,0.000,0.765
711000,0.197,0.011,0.791
711500,0.207,0.002,0.790
712000,0.209,0.000,0.790
712500,0.241,0.000,0.758
713000,0.227,0.000,0.773
713500,0.248,0.000,0.752
714000,0.244,0.000,0.756
714500,0.212,0.000,0.788
715000,0.237,0.000,0.763
715500,0.193,0.004,0.803
716000,0.160,0.002,0.838
716500,0.213,0.003,0.784
717000,0.197,0.001,0.803
717500,0.199,0.003,0.798
718000,0.193,0.001,0.806
718500,0.216,0.000,0.783
719000,0.179,0.006,0.815
719500,0.194,0.001,0.805
720000,0.225,0.000,0.775
720500,0.149,0.004,0.847
721000,0.274,0.000,0.726
721500,0.215,0.005,0.780
722000,0.203,0.003,0.794
722500,0.222,0.000,0.778
723000,0.212,0.000,0.788
723500,0.172,0.003,0.826
724000,0.186,0.006,0.808
724500,0.176,0.001,0.823
725000,0.159,0.004,0.838
725500,0.181,0.001,0.819
726000,0.203,0.009,0.788
726500,0.198,0.003,0.800
727000,0.217,0.000,0.783
727500,0.222,0.006,0.772
728000,0.242,0.000,0.758
728500,0.222,0.000,0.778
729000,0.207,0.009,0.783
729500,0.213,0.001,0.786
730000,0.188,0.000,0.812
730500,0.218,0.002,0.780
731000,0.223,0.003,0.775
731500,0.233,0.000,0.767
732000,0.170,0.000,0.830
732500,0.159,0.000,0.841
733000,0.174,0.000,0.826
733500,0.246,0.000,0.754
734000,0.210,0.000,0.789
734500,0.241,0.000,0.759
735000,0.251,0.000,0.749
735500,0.231,0.000,0.769
736000,0.214,0.000,0.785
736500,0.207,0.000,0.793
737000,0.228,0.002,0.770
737500,0.215,0.000,0.785
738000,0.216,0.004,0.780
738500,0.209,0.001,0.790
739000,0.185,0.004,0.811
739500,0.215,0.001,0.783
740000,0.238,0.001,0.762
740500,0.204,0.000,0.795
741000,0.238,0.000,0.762
741500,0.246,0.004,0.750
742000,0.228,0.001,0.772
742500,0.207,0.002,0.792
743000,0.227,0.003,0.770
743500,0.228,0.000,0.772
744000,0.220,0.000,0.780
744500,0.209,0.000,0.791
745000,0.219,0.000,0.781
745500,0.254,0.001,0.746
746000,0.218,0.003,0.779
746500,0.208,0.001,0.791
747000,0.191,0.004,0.805
747500,0.169,0.018,0.814
748000,0.137,0.007,0.856
748500,0.175,0.004,0.821
749000,0.200,0.000,0.800
749500,0.195,0.004,0.802
750000,0.195,0.011,0.794
750500,0.166,0.002,0.833
751000,0.195,0.001,0.804
751500,0.228,0.000,0.772
752000,0.226,0.000,0.774
752500,0.226,0.000,0.774
753000,0.192,0.000,0.808
753500,0.204,0.000,0.796
754000,0.193,0.005,0.802
754500,0.210,0.003,0.786
755000,0.207,0.000,0.792
755500,0.174,0.008,0.818
756000,0.197,0.000,0.803
756500,0.250,0.000,0.750
757000,0.239,0.004,0.758
757500,0.242,0.001,0.757
758000,0.208,0.001,0.790
758500,0.202,0.000,0.798
759000,0.203,0.000,0.797
759500,0.233,0.000,0.767
760000,0.185,0.004,0.811
760500,0.196,0.002,0.802
761000,0.220,0.000,0.780
761500,0.181,0.013,0.806
762000,0.146,0.017,0.837
762500,0.182,0.011,0.806
763000,0.174,0.003,0.823
763500,0.199,0.004,0.797
764000,0.203,0.002,0.795
764500,0.185,0.000,0.815
765000,0.191,0.000,0.809
765500,0.190,0.000,0.810
766000,0.215,0.000,0.785
766500,0.231,0.000,0.769
767000,0.231,0.000,0.769
767500,0.217,0.009,0.773
768000,0.239,0.002,0.758
768500,0.189,0.001,0.810
769000,0.187,0.009,0.804
769500,0.172,0.003,0.826
770000,0.172,0.001,0.827
770500,0.191,0.003,0.806
771000,0.191,0.005,0.804
771500,0.193,0.007,0.800
772000,0.192,0.002,0.806
772500,0.181,0.000,0.819
773000,0.224,0.003,0.774
773500,0.177,0.001,0.822
774000,0.174,0.004,0.822
774500,0.189,0.001,0.810
775000,0.218,0.001,0.780
775500,0.203,0.000,0.797
776000,0.168,0.003,0.830
776500,0.184,0.004,0.812
777000,0.158,0.002,0.841
777500,0.225,0.004,0.771
778000,0.165,0.009,0.827
778500,0.185,0.007,0.807
779000,0.182,0.001,0.817
779500,0.198,0.004,0.798
780000,0.205,0.002,0.793
780500,0.207,0.001,0.792
781000,0.242,0.000,0.758
781500,0.227,0.000,0.773
782000,0.231,0.002,0.768
782500,0.189,0.001,0.811
783000,0.196,0.000,0.804
783500,0.243,0.000,0.757
784000,0.239,0.000,0.761
784500,0.215,0.011,0.775
785000,0.236,0.001,0.763
785500,0.184,0.003,0.814
786000,0.212,0.000,0.788
786500,0.204,0.000,0.796
787000,0.190,0.005,0.805
787500,0.169,0.002,0.829
788000,0.170,0.004,0.826
788500,0.224,0.000,0.776
789000,0.197,0.008,0.795
789500,0.235,0.013,0.751
790000,0.209,0.006,0.785
790500,0.237,0.001,0.763
791000,0.220,0.001,0.780
791500,0.199,0.002,0.799
792000,0.223,0.002,0.776
792500,0.186,0.001,0.813
793000,0.196,0.000,0.804
793500,0.234,0.000,0.766
794000,0.231,0.002,0.768
794500,0.217,0.001,0.782
795000,0.237,0.000,0.763
795500,0.223,0.001,0.776
796000,0.235,0.000,0.764
796500,0.221,0.002,0.777
797000,0.224,0.003,0.773
797500,0.200,0.000,0.800
798000,0.192,0.003,0.806
798500,0.203,0.011,0.786
799000,0.173,0.001,0.826
799500,0.167,0.006,0.827
800000,0.196,0.000,0.804
800500,0.195,0.000,0.805
801000,0.182,0.009,0.809
801500,0.202,0.004,0.795
802000,0.231,0.008,0.761
802500,0.215,0.001,0.783
803000,0.171,0.002,0.828
803500,0.202,0.000,0.798
804000,0.182,0.002,0.816
804500,0.199,0.001,0.801
805000,0.208,0.000,0.792
805500,0.182,0.006,0.811
806000,0.189,0.000,0.811
806500,0.180,0.002,0.818
807000,0.202,0.000,0.798
807500,0.240,0.002,0.758
808000,0.203,0.005,0.792
808500,0.200,0.006,0.794
809000,0.164,0.007,0.829
809500,0.147,0.015,0.839
810000,0.174,0.003,0.823
810500,0.203,0.004,0.792
811000,0.209,0.000,0.791
811500,0.171,0.001,0.829
812000,0.199,0.000,0.801
812500,0.221,0.000,0.779
813000,0.194,0.000,0.806
813500,0.201,0.001,0.798
814000,0.223,0.003,0.774
814500,0.239,0.000,0.760
815000,0.207,0.008,0.784
815500,0.209,0.011,0.780
816000,0.190,0.004,0.807
816500,0.197,0.000,0.803
817000,0.245,0.004,0.751
817500,0.216,0.001,0.783
818000,0.238,0.000,0.762
818500,0.193,0.003,0.804
819000,0.198,0.001,0.802
819500,0.203,0.008,0.789
820000,0.181,0.013,0.806
820500,0.216,0.006,0.778
821000,0.188,0.001,0.811
821500,0.224,0.000,0.776
822000,0.224,0.007,0.769
822500,0.224,0.000,0.776
823000,0.235,0.000,0.765
823500,0.249,0.000,0.751
824000,0.207,0.000,0.792
824500,0.200,0.004,0.796
825000,0.224,0.007,0.769
825500,0.239,0.001,0.761
826000,0.210,0.001,0.789
826500,0.188,0.002,0.811
827000,0.206,0.000,0.794
827500,0.199,0.000,0.801
828000,0.197,0.007,0.796
828500,0.190,0.001,0.810
829000,0.171,0.014,0.816
829500,0.154,0.015,0.831
830000,0.128,0.011,0.861
830500,0.183,0.004,0.812
831000,0.145,0.002,0.854
831500,0.184,0.002,0.814
832000,0.194,0.003,0.803
832500,0.203,0.003,0.794
833000,0.171,0.002,0.828
833500,0.240,0.001,0.759
834000,0.186,0.008,0.806
834500,0.206,0.000,0.793
835000,0.159,0.002,0.840
835500,0.252,0.000,0.748
836000,0.206,0.000,0.793
836500,0.208,0.000,0.791
837000,0.197,0.000,0.803
837500,0.223,0.008,0.769
838000,0.184,0.002,0.814
838500,0.175,0.004,0.822
839000,0.190,0.007,0.803
839500,0.225,0.002,0.774
840000,0.238,0.000,0.762
840500,0.237,0.000,0.762
841000,0.230,0.000,0.770
841500,0.223,0.000,0.777
842000,0.226,0.000,0.774
842500,0.198,0.000,0.802
843000,0.190,0.001,0.809
843500,0.215,0.000,0.784
844000,0.205,0.000,0.794
844500,0.207,0.000,0.793
845000,0.224,0.000,0.776
845500,0.218,0.005,0.777
846000,0.203,0.000,0.797
846500,0.198,0.000,0.802
847000,0.223,0.000,0.777
847500,0.193,0.010,0.797
848000,0.168,0.002,0.831
848500,0.184,0.000,0.816
849000,0.249,0.000,0.750
849500,0.234,0.000,0.766
850000,0.180,0.000,0.820
850500,0.186,0.000,0.814
851000,0.172,0.000,0.829
851500,0.201,0.004,0.795
852000,0.186,0.005,0.808
852500,0.253,0.001,0.747
853000,0.231,0.004,0.765
853500,0.183,0.000,0.817
854000,0.208,0.004,0.788
854500,0.221,0.001,0.779
855000,0.216,0.000,0.783
855500,0.246,0.000,0.754
856000,0.224,0.000,0.776
856500,0.203,0.003,0.793
857000,0.238,0.001,0.761
857500,0.222,0.003,0.775
858000,0.233,0.002,0.766
858500,0.228,0.000,0.772
859000,0.188,0.000,0.812
859500,0.231,0.004,0.766
860000,0.202,0.000,0.798
860500,0.204,0.000,0.795
861000,0.189,0.011,0.800
861500,0.217,0.001,0.783
862000,0.186,0.000,0.814
862500,0.208,0.004,0.787
863000,0.174,0.009,0.817
863500,0.214,0.006,0.779
864000,0.168,0.006,0.826
864500,0.189,0.006,0.805
865000,0.174,0.007,0.819
865500,0.222,0.005,0.773
866000,0.224,0.002,0.775
866500,0.195,0.003,0.802
867000,0.228,0.001,0.772
867500,0.196,0.002,0.802
868000,0.180,0.000,0.820
868500,0.185,0.000,0.815
869000,0.221,0.000,0.779
869500,0.212,0.000,0.787
870000,0.209,0.000,0.790
870500,0.212,0.000,0.788
871000,0.190,0.004,0.806
871500,0.161,0.002,0.838
872000,0.193,0.003,0.804
872500,0.193,0.000,0.807
873000,0.240,0.000,0.760
873500,0.198,0.002,0.800
874000,0.213,0.000,0.787
874500,0.200,0.003,0.797
875000,0.165,0.003,0.833
875500,0.210,0.000,0.789
876000,0.170,0.000,0.831
876500,0.162,0.001,0.838
877000,0.141,0.000,0.859
877500,0.235,0.001,0.764
878000,0.211,0.000,0.789
878500,0.161,0.004,0.835
879000,0.176,0.009,0.816
879500,0.182,0.003,0.816
880000,0.208,0.000,0.792
880500,0.216,0.009,0.774
881000,0.181,0.003,0.817
881500,0.231,0.007,0.762
882000,0.202,0.004,0.794
882500,0.197,0.003,0.800
883000,0.190,0.005,0.805
883500,0.166,0.004,0.830
884000,0.194,0.005,0.801
884500,0.197,0.003,0.800
885000,0.182,0.007,0.811
885500,0.203,0.001,0.796
886000,0.222,0.000,0.778
886500,0.197,0.004,0.799
887000,0.184,0.002,0.814
887500,0.238,0.001,0.761
888000,0.165,0.000,0.835
888500,0.201,0.000,0.799
889000,0.223,0.000,0.777
889500,0.228,0.000,0.772
890000,0.275,0.000,0.725
890500,0.208,0.000,0.791
891000,0.206,0.000,0.793
891500,0.194,0.004,0.802
892000,0.204,0.002,0.794
892500,0.229,0.000,0.771
893000,0.232,0.004,0.765
893500,0.216,0.000,0.784
894000,0.228,0.006,0.766
894500,0.259,0.001,0.740
895000,0.238,0.000,0.762
895500,0.207,0.000,0.793
896000,0.195,0.004,0.801
896500,0.218,0.000,0.782
897000,0.231,0.000,0.769
897500,0.199,0.003,0.798
898000,0.197,0.004,0.799
898500,0.201,0.002,0.797
899000,0.195,0.002,0.803
899500,0.208,0.000,0.791
900000,0.170,0.004,0.827
900500,0.178,0.018,0.804
901000,0.239,0.003,0.759
901500,0.193,0.007,0.800
902000,0.141,0.022,0.837
902500,0.185,0.003,0.812
903000,0.204,0.000,0.796
903500,0.280,0.004,0.716
904000,0.245,0.000,0.755
904500,0.167,0.000,0.833
905000,0.195,0.000,0.805
905500,0.174,0.000,0.826
906000,0.195,0.004,0.801
906500,0.197,0.001,0.803
907000,0.190,0.003,0.808
907500,0.197,0.000,0.803
908000,0.213,0.004,0.783
908500,0.218,0.000,0.781
909000,0.237,0.000,0.762
909500,0.204,0.004,0.791
910000,0.224,0.002,0.774
910500,0.185,0.001,0.814
911000,0.198,0.003,0.800
911500,0.194,0.003,0.804
912000,0.197,0.005,0.798
912500,0.213,0.001,0.785
913000,0.245,0.000,0.754
913500,0.207,0.000,0.793
914000,0.210,0.004,0.786
914500,0.170,0.009,0.822
915000,0.193,0.009,0.798
915500,0.212,0.000,0.788
916000,0.246,0.000,0.754
916500,0.235,0.000,0.765
917000,0.227,0.000,0.773
917500,0.197,0.000,0.803
918000,0.231,0.000,0.769
918500,0.197,0.002,0.801
919000,0.177,0.003,0.820
919500,0.190,0.003,0.808
920000,0.208,0.000,0.791
920500,0.173,0.001,0.827
921000,0.209,0.000,0.790
921500,0.275,0.000,0.726
922000,0.241,0.000,0.758
922500,0.228,0.000,0.772
923000,0.177,0.000,0.823
923500,0.250,0.005,0.745
924000,0.254,0.001,0.745
924500,0.187,0.000,0.813
925000,0.217,0.007,0.776
925500,0.168,0.006,0.827
926000,0.221,0.007,0.772
926500,0.200,0.002,0.799
927000,0.171,0.004,0.826
927500,0.182,0.000,0.818
928000,0.180,0.003,0.817
928500,0.207,0.002,0.791
929000,0.199,0.001,0.800
929500,0.184,0.000,0.816
930000,0.199,0.009,0.792
930500,0.183,0.002,0.815
931000,0.183,0.001,0.816
931500,0.199,0.005,0.796
932000,0.179,0.001,0.820
932500,0.186,0.001,0.813
933000,0.193,0.000,0.807
933500,0.197,0.004,0.799
934000,0.224,0.006,0.770
934500,0.241,0.000,0.758
935000,0.192,0.002,0.806
935500,0.212,0.001,0.788
936000,0.228,0.001,0.772
936500,0.206,0.000,0.794
937000,0.240,0.000,0.760
937500,0.197,0.000,0.803
938000,0.204,0.000,0.796
938500,0.207,0.003,0.791
939000,0.232,0.001,0.767
939500,0.175,0.004,0.821
940000,0.206,0.001,0.794
940500,0.254,0.000,0.746
941000,0.238,0.004,0.758
941500,0.194,0.002,0.804
942000,0.209,0.002,0.789
942500,0.221,0.000,0.779
943000,0.188,0.011,0.801
943500,0.210,0.001,0.788
944000,0.220,0.007,0.773
944500,0.209,0.005,0.786
945000,0.196,0.000,0.804
945500,0.182,0.000,0.818
946000,0.200,0.002,0.799
946500,0.181,0.007,0.811
947000,0.195,0.001,0.804
947500,0.169,0.006,0.825
948000,0.190,0.001,0.810
948500,0.172,0.004,0.824
949000,0.209,0.001,0.791
949500,0.233,0.000,0.767
950000,0.234,0.000,0.766
950500,0.239,0.000,0.761
951000,0.206,0.000,0.793
951500,0.179,0.005,0.816
952000,0.194,0.005,0.801
952500,0.205,0.005,0.789
953000,0.183,0.009,0.808
953500,0.168,0.001,0.831
954000,0.227,0.000,0.773
954500,0.166,0.006,0.828
955000,0.203,0.001,0.796
955500,0.176,0.002,0.822
956000,0.187,0.000,0.813
956500,0.201,0.001,0.798
957000,0.189,0.007,0.804
957500,0.186,0.002,0.812
958000,0.212,0.000,0.788
958500,0.206,0.000,0.793
959000,0.260,0.000,0.740
959500,0.221,0.000,0.779
960000,0.154,0.005,0.841
960500,0.189,0.002,0.810
961000,0.195,0.000,0.805
961500,0.225,0.006,0.769
962000,0.219,0.010,0.771
962500,0.250,0.000,0.750
963000,0.222,0.000,0.778
963500,0.190,0.008,0.802
964000,0.201,0.002,0.797
964500,0.212,0.009,0.778
965000,0.225,0.004,0.771
965500,0.269,0.001,0.731
966000,0.254,0.003,0.744
966500,0.200,0.011,0.789
967000,0.214,0.002,0.785
967500,0.215,0.002,0.783
968000,0.174,0.006,0.820
968500,0.182,0.003,0.815
969000,0.225,0.000,0.775
969500,0.181,0.002,0.817
970000,0.200,0.003,0.798
970500,0.223,0.001,0.777
971000,0.216,0.000,0.783
971500,0.170,0.009,0.822
972000,0.178,0.001,0.821
972500,0.228,0.002,0.771
973000,0.225,0.002,0.774
973500,0.221,0.000,0.779
974000,0.292,0.000,0.708
974500,0.196,0.003,0.801
975000,0.196,0.006,0.798
975500,0.175,0.004,0.820
976000,0.158,0.011,0.832
976500,0.199,0.006,0.795
977000,0.186,0.008,0.805
977500,0.213,0.002,0.785
978000,0.210,0.012,0.777
978500,0.201,0.001,0.798
979000,0.217,0.000,0.782
979500,0.187,0.000,0.813
980000,0.188,0.001,0.811
980500,0.216,0.006,0.778
981000,0.166,0.004,0.831
981500,0.198,0.004,0.799
982000,0.238,0.000,0.762
982500,0.225,0.000,0.775
983000,0.196,0.004,0.801
983500,0.195,0.006,0.799
984000,0.194,0.007,0.799
984500,0.211,0.004,0.784
985000,0.197,0.001,0.802
985500,0.206,0.007,0.786
986000,0.178,0.002,0.821
986500,0.198,0.001,0.801
987000,0.189,0.000,0.811
987500,0.232,0.000,0.768
988000,0.262,0.001,0.737
988500,0.241,0.000,0.758
989000,0.222,0.009,0.770
989500,0.231,0.009,0.761
990000,0.186,0.002,0.813
990500,0.192,0.000,0.808
991000,0.237,0.004,0.760
991500,0.208,0.000,0.792
992000,0.197,0.001,0.802
992500,0.157,0.011,0.832
993000,0.179,0.002,0.820
993500,0.180,0.004,0.816
994000,0.167,0.013,0.821
994500,0.191,0.001,0.808
995000,0.171,0.007,0.823
995500,0.214,0.002,0.784
996000,0.171,0.001,0.829
996500,0.169,0.008,0.824
997000,0.185,0.000,0.815
997500,0.200,0.006,0.794
998000,0.236,0.000,0.764
998500,0.227,0.000,0.773
999000,0.171,0.013,0.817
999500,0.175,0.008,0.817
1000000,0.210,0.001,0.790
