time,n_A+p,n_B,n_AB
500,0.030,0.860,0.110
1000,0.030,0.814,0.156
1500,0.030,0.822,0.148
2000,0.030,0.801,0.169
2500,0.030,0.727,0.243
3000,0.030,0.761,0.209
3500,0.030,0.715,0.255
4000,0.030,0.671,0.299
4500,0.030,0.736,0.234
5000,0.030,0.763,0.207
5500,0.030,0.729,0.241
6000,0.030,0.747,0.223
6500,0.030,0.823,0.147
7000,0.030,0.827,0.143
7500,0.030,0.779,0.191
8000,0.030,0.822,0.148
8500,0.030,0.713,0.257
9000,0.030,0.683,0.287
9500,0.030,0.744,0.226
10000,0.030,0.727,0.243
10500,0.030,0.747,0.223
11000,0.030,0.772,0.198
11500,0.030,0.768,0.202
12000,0.030,0.688,0.282
12500,0.030,0.786,0.184
13000,0.030,0.782,0.188
13500,0.030,0.748,0.222
14000,0.030,0.710,0.260
14500,0.030,0.729,0.241
15000,0.030,0.674,0.296
15500,0.030,0.595,0.375
16000,0.030,0.653,0.317
16500,0.030,0.694,0.276
17000,0.030,0.766,0.204
17500,0.030,0.759,0.211
18000,0.030,0.715,0.255
18500,0.030,0.701,0.269
19000,0.030,0.724,0.246
19500,0.030,0.732,0.238
20000,0.030,0.703,0.267
20500,0.030,0.689,0.281
21000,0.030,0.676,0.294
21500,0.030,0.795,0.175
22000,0.030,0.804,0.166
22500,0.030,0.747,0.223
23000,0.030,0.670,0.300
23500,0.030,0.687,0.283
24000,0.030,0.719,0.251
24500,0.030,0.738,0.232
25000,0.030,0.796,0.174
25500,0.030,0.753,0.217
26000,0.030,0.698,0.272
26500,0.030,0.759,0.211
27000,0.030,0.756,0.214
27500,0.030,0.625,0.345
28000,0.030,0.731,0.239
28500,0.030,0.711,0.259
29000,0.030,0.693,0.277
29500,0.030,0.678,0.292
30000,0.030,0.760,0.210
30500,0.030,0.763,0.207
31000,0.030,0.779,0.191
31500,0.030,0.633,0.337
32000,0.030,0.728,0.242
32500,0.030,0.768,0.202
33000,0.030,0.691,0.279
33500,0.030,0.689,0.281
34000,0.030,0.772,0.198
34500,0.030,0.830,0.140
35000,0.030,0.804,0.166
35500,0.030,0.830,0.140
36000,0.030,0.746,0.224
36500,0.030,0.695,0.275
37000,0.030,0.677,0.293
37500,0.030,0.720,0.250
38000,0.030,0.727,0.243
38500,0.030,0.758,0.212
39000,0.030,0.734,0.236
39500,0.030,0.799,0.171
40000,0.030,0.737,0.233
40500,0.030,0.781,0.189
41000,0.030,0.730,0.240
41500,0.030,0.554,0.416
42000,0.030,0.675,0.295
42500,0.030,0.744,0.226
43000,0.030,0.761,0.209
43500,0.030,0.799,0.171
44000,0.030,0.885,0.085
44500,0.030,0.770,0.200
45000,0.030,0.688,0.282
45500,0.030,0.617,0.353
46000,0.030,0.707,0.263
46500,0.030,0.746,0.224
47000,0.030,0.649,0.321
47500,0.030,0.641,0.329
48000,0.030,0.616,0.354
48500,0.030,0.682,0.288
49000,0.030,0.693,0.277
49500,0.030,0.730,0.240
50000,0.030,0.712,0.258
50500,0.030,0.631,0.339
51000,0.030,0.650,0.320
51500,0.030,0.759,0.211
52000,0.030,0.715,0.255
52500,0.030,0.805,0.165
53000,0.030,0.859,0.111
53500,0.030,0.802,0.168
54000,0.030,0.802,0.168
54500,0.030,0.860,0.110
55000,0.030,0.716,0.254
55500,0.030,0.724,0.246
56000,0.030,0.728,0.242
56500,0.030,0.726,0.244
57000,0.030,0.759,0.211
57500,0.030,0.780,0.190
58000,0.030,0.675,0.295
58500,0.030,0.772,0.198
59000,0.030,0.698,0.272
59500,0.030,0.715,0.255
60000,0.030,0.789,0.181
60500,0.030,0.779,0.191
61000,0.030,0.805,0.165
61500,0.030,0.717,0.253
62000,0.030,0.773,0.197
62500,0.030,0.738,0.232
63000,0.030,0.604,0.366
63500,0.030,0.731,0.239
64000,0.030,0.612,0.358
64500,0.030,0.701,0.269
65000,0.030,0.748,0.222
65500,0.030,0.781,0.189
66000,0.030,0.773,0.197
66500,0.030,0.695,0.275
67000,0.030,0.745,0.225
67500,0.030,0.689,0.281
68000,0.030,0.691,0.279
68500,0.030,0.653,0.317
69000,0.030,0.669,0.301
69500,0.030,0.618,0.352
70000,0.030,0.592,0.378
70500,0.030,0.659,0.311
71000,0.030,0.726,0.244
71500,0.030,0.799,0.171
72000,0.030,0.748,0.222
72500,0.030,0.702,0.268
73000,0.030,0.659,0.311
73500,0.030,0.683,0.287
74000,0.030,0.733,0.237
74500,0.030,0.740,0.230
75000,0.030,0.731,0.239
75500,0.030,0.777,0.193
76000,0.030,0.783,0.187
76500,0.030,0.753,0.217
77000,0.030,0.795,0.175
77500,0.030,0.770,0.200
78000,0.030,0.738,0.232
78500,0.030,0.673,0.297
79000,0.030,0.732,0.238
79500,0.030,0.718,0.252
80000,0.030,0.760,0.210
80500,0.030,0.816,0.154
81000,0.030,0.786,0.184
81500,0.030,0.660,0.310
82000,0.030,0.686,0.284
82500,0.030,0.728,0.242
83000,0.030,0.690,0.280
83500,0.030,0.669,0.301
84000,0.030,0.614,0.356
84500,0.030,0.642,0.328
85000,0.030,0.703,0.267
85500,0.030,0.659,0.311
86000,0.030,0.683,0.287
86500,0.030,0.693,0.277
87000,0.030,0.789,0.181
87500,0.030,0.765,0.205
88000,0.030,0.777,0.193
88500,0.030,0.770,0.200
89000,0.030,0.764,0.206
89500,0.030,0.689,0.281
90000,0.030,0.679,0.291
90500,0.030,0.695,0.275
91000,0.030,0.708,0.262
91500,0.030,0.724,0.246
92000,0.030,0.702,0.268
92500,0.030,0.641,0.329
93000,0.030,0.680,0.290
93500,0.030,0.704,0.266
94000,0.030,0.751,0.219
94500,0.030,0.714,0.256
95000,0.030,0.733,0.237
95500,0.030,0.771,0.199
96000,0.030,0.770,0.200
96500,0.030,0.691,0.279
97000,0.030,0.762,0.208
97500,0.030,0.790,0.180
98000,0.030,0.754,0.216
98500,0.030,0.766,0.204
99000,0.030,0.730,0.240
99500,0.030,0.709,0.261
100000,0.030,0.793,0.177
100500,0.030,0.707,0.263
101000,0.030,0.764,0.206
101500,0.030,0.773,0.197
102000,0.030,0.761,0.209
102500,0.030,0.710,0.260
103000,0.030,0.761,0.209
103500,0.030,0.757,0.213
104000,0.030,0.788,0.182
104500,0.030,0.759,0.211
105000,0.030,0.730,0.240
105500,0.030,0.658,0.312
106000,0.030,0.785,0.185
106500,0.030,0.831,0.139
107000,0.030,0.797,0.173
107500,0.030,0.761,0.209
108000,0.030,0.772,0.198
108500,0.030,0.760,0.210
109000,0.030,0.751,0.219
109500,0.030,0.702,0.268
110000,0.030,0.710,0.260
110500,0.030,0.737,0.233
111000,0.030,0.704,0.266
111500,0.030,0.684,0.286
112000,0.030,0.673,0.297
112500,0.030,0.612,0.358
113000,0.030,0.671,0.299
113500,0.030,0.695,0.275
114000,0.030,0.755,0.215
114500,0.030,0.634,0.336
115000,0.030,0.660,0.310
115500,0.030,0.606,0.364
116000,0.030,0.700,0.270
116500,0.030,0.777,0.193
117000,0.030,0.784,0.186
117500,0.030,0.806,0.164
118000,0.030,0.794,0.176
118500,0.030,0.767,0.203
119000,0.030,0.672,0.298
119500,0.030,0.689,0.281
120000,0.030,0.708,0.262
120500,0.030,0.663,0.307
121000,0.030,0.683,0.287
121500,0.030,0.725,0.245
122000,0.030,0.681,0.289
122500,0.030,0.673,0.297
123000,0.030,0.682,0.288
123500,0.030,0.738,0.232
124000,0.030,0.722,0.248
124500,0.030,0.696,0.274
125000,0.030,0.639,0.331
125500,0.030,0.647,0.323
126000,0.030,0.647,0.323
126500,0.030,0.684,0.286
127000,0.030,0.742,0.228
127500,0.030,0.797,0.173
128000,0.030,0.695,0.275
128500,0.030,0.673,0.297
129000,0.030,0.693,0.277
129500,0.030,0.660,0.310
130000,0.030,0.649,0.321
130500,0.030,0.654,0.316
131000,0.030,0.665,0.305
131500,0.030,0.633,0.337
132000,0.030,0.744,0.226
132500,0.030,0.674,0.296
133000,0.030,0.648,0.322
133500,0.030,0.605,0.365
134000,0.030,0.786,0.184
134500,0.030,0.792,0.178
135000,0.030,0.755,0.215
135500,0.030,0.774,0.196
136000,0.030,0.801,0.169
136500,0.030,0.716,0.254
137000,0.030,0.742,0.228
137500,0.030,0.618,0.352
138000,0.030,0.646,0.324
138500,0.030,0.675,0.295
139000,0.030,0.693,0.277
139500,0.030,0.696,0.274
140000,0.030,0.647,0.323
140500,0.030,0.708,0.262
141000,0.030,0.757,0.213
141500,0.030,0.655,0.315
142000,0.030,0.651,0.319
142500,0.030,0.658,0.312
143000,0.030,0.763,0.207
143500,0.030,0.727,0.243
144000,0.030,0.755,0.215
144500,0.030,0.749,0.221
145000,0.030,0.627,0.343
145500,0.030,0.673,0.297
146000,0.030,0.707,0.263
146500,0.030,0.747,0.223
147000,0.030,0.756,0.214
147500,0.030,0.671,0.299
148000,0.030,0.590,0.380
148500,0.030,0.602,0.368
149000,0.030,0.787,0.183
149500,0.030,0.813,0.157
150000,0.030,0.760,0.210
150500,0.030,0.672,0.298
151000,0.030,0.661,0.309
151500,0.030,0.647,0.323
152000,0.030,0.567,0.403
152500,0.030,0.700,0.270
153000,0.030,0.756,0.214
153500,0.030,0.710,0.260
154000,0.030,0.737,0.233
154500,0.030,0.698,0.272
155000,0.030,0.701,0.269
155500,0.030,0.705,0.265
156000,0.030,0.792,0.178
156500,0.030,0.762,0.208
157000,0.030,0.758,0.212
157500,0.030,0.670,0.300
158000,0.030,0.669,0.301
158500,0.030,0.691,0.279
159000,0.030,0.685,0.285
159500,0.030,0.675,0.295
160000,0.030,0.666,0.304
160500,0.030,0.700,0.270
161000,0.030,0.820,0.150
161500,0.030,0.800,0.170
162000,0.030,0.770,0.200
162500,0.030,0.697,0.273
163000,0.030,0.732,0.238
163500,0.030,0.715,0.255
164000,0.030,0.691,0.279
164500,0.030,0.767,0.203
165000,0.030,0.801,0.169
165500,0.030,0.770,0.200
166000,0.030,0.763,0.207
166500,0.030,0.691,0.279
167000,0.030,0.746,0.224
167500,0.030,0.649,0.321
168000,0.030,0.590,0.380
168500,0.030,0.682,0.288
169000,0.030,0.659,0.311
169500,0.030,0.665,0.305
170000,0.030,0.704,0.266
170500,0.030,0.743,0.227
171000,0.030,0.745,0.225
171500,0.030,0.817,0.153
172000,0.030,0.815,0.155
172500,0.030,0.721,0.249
173000,0.030,0.768,0.202
173500,0.030,0.646,0.324
174000,0.030,0.641,0.329
174500,0.030,0.732,0.238
175000,0.030,0.734,0.236
175500,0.030,0.670,0.300
176000,0.030,0.732,0.238
176500,0.030,0.732,0.238
177000,0.030,0.671,0.299
177500,0.030,0.663,0.307
178000,0.030,0.635,0.335
178500,0.030,0.704,0.266
179000,0.030,0.697,0.273
179500,0.030,0.722,0.248
180000,0.030,0.685,0.285
180500,0.030,0.699,0.271
181000,0.030,0.637,0.333
181500,0.030,0.643,0.327
182000,0.030,0.594,0.376
182500,0.030,0.697,0.273
183000,0.030,0.750,0.220
183500,0.030,0.731,0.239
184000,0.030,0.776,0.194
184500,0.030,0.717,0.253
185000,0.030,0.776,0.194
185500,0.030,0.732,0.238
186000,0.030,0.756,0.214
186500,0.030,0.741,0.229
187000,0.030,0.653,0.317
187500,0.030,0.621,0.349
188000,0.030,0.661,0.309
188500,0.030,0.793,0.177
189000,0.030,0.817,0.153
189500,0.030,0.783,0.187
190000,0.030,0.740,0.230
190500,0.030,0.739,0.231
191000,0.030,0.614,0.356
191500,0.030,0.751,0.219
192000,0.030,0.643,0.327
192500,0.030,0.771,0.199
193000,0.030,0.787,0.183
193500,0.030,0.727,0.243
194000,0.030,0.769,0.201
194500,0.030,0.783,0.187
195000,0.030,0.723,0.247
195500,0.030,0.644,0.326
196000,0.030,0.705,0.265
196500,0.030,0.790,0.180
197000,0.030,0.649,0.321
197500,0.030,0.595,0.375
198000,0.030,0.706,0.264
198500,0.030,0.705,0.265
199000,0.030,0.639,0.331
199500,0.030,0.678,0.292
200000,0.030,0.684,0.286
200500,0.030,0.737,0.233
201000,0.030,0.614,0.356
201500,0.030,0.653,0.317
202000,0.030,0.724,0.246
202500,0.030,0.692,0.278
203000,0.030,0.728,0.242
203500,0.030,0.741,0.229
204000,0.030,0.762,0.208
204500,0.030,0.708,0.262
205000,0.030,0.772,0.198
205500,0.030,0.684,0.286
206000,0.030,0.733,0.237
206500,0.030,0.656,0.314
207000,0.030,0.648,0.322
207500,0.030,0.694,0.276
208000,0.030,0.721,0.249
208500,0.030,0.733,0.237
209000,0.030,0.766,0.204
209500,0.030,0.748,0.222
210000,0.030,0.815,0.155
210500,0.030,0.776,0.194
211000,0.030,0.817,0.153
211500,0.030,0.815,0.155
212000,0.030,0.840,0.130
212500,0.030,0.742,0.228
213000,0.030,0.711,0.259
213500,0.030,0.704,0.266
214000,0.030,0.720,0.250
214500,0.030,0.700,0.270
215000,0.030,0.701,0.269
215500,0.030,0.733,0.237
216000,0.030,0.667,0.303
216500,0.030,0.778,0.192
217000,0.030,0.727,0.243
217500,0.030,0.688,0.282
218000,0.030,0.645,0.325
218500,0.030,0.635,0.335
219000,0.030,0.777,0.193
219500,0.030,0.771,0.199
220000,0.030,0.733,0.237
220500,0.030,0.734,0.236
221000,0.030,0.697,0.273
221500,0.030,0.719,0.251
222000,0.030,0.768,0.202
222500,0.030,0.772,0.198
223000,0.030,0.774,0.196
223500,0.030,0.774,0.196
224000,0.030,0.820,0.150
224500,0.030,0.766,0.204
225000,0.030,0.763,0.207
225500,0.030,0.696,0.274
226000,0.030,0.720,0.250
226500,0.030,0.751,0.219
227000,0.030,0.631,0.339
227500,0.030,0.725,0.245
228000,0.030,0.733,0.237
228500,0.030,0.763,0.207
229000,0.030,0.762,0.208
229500,0.030,0.826,0.144
230000,0.030,0.727,0.243
230500,0.030,0.727,0.243
231000,0.030,0.746,0.224
231500,0.030,0.731,0.239
232000,0.030,0.664,0.306
232500,0.030,0.638,0.332
233000,0.030,0.634,0.336
233500,0.030,0.677,0.293
234000,0.030,0.699,0.271
234500,0.030,0.697,0.273
235000,0.030,0.741,0.229
235500,0.030,0.714,0.256
236000,0.030,0.757,0.213
236500,0.030,0.782,0.188
237000,0.030,0.723,0.247
237500,0.030,0.721,0.249
238000,0.030,0.732,0.238
238500,0.030,0.742,0.228
239000,0.030,0.680,0.290
239500,0.030,0.685,0.285
240000,0.030,0.652,0.318
240500,0.030,0.639,0.331
241000,0.030,0.726,0.244
241500,0.030,0.713,0.257
242000,0.030,0.740,0.230
242500,0.030,0.790,0.180
243000,0.030,0.781,0.189
243500,0.030,0.737,0.233
244000,0.030,0.781,0.189
244500,0.030,0.806,0.164
245000,0.030,0.762,0.208
245500,0.030,0.733,0.237
246000,0.030,0.644,0.326
246500,0.030,0.630,0.340
247000,0.030,0.659,0.311
247500,0.030,0.643,0.327
248000,0.030,0.663,0.307
248500,0.030,0.655,0.315
249000,0.030,0.692,0.278
249500,0.030,0.734,0.236
250000,0.030,0.749,0.221
250500,0.030,0.682,0.288
251000,0.030,0.651,0.319
251500,0.030,0.681,0.289
252000,0.030,0.659,0.311
252500,0.030,0.675,0.295
253000,0.030,0.692,0.278
253500,0.030,0.816,0.154
254000,0.030,0.810,0.160
254500,0.030,0.846,0.124
255000,0.030,0.807,0.163
255500,0.030,0.808,0.162
256000,0.030,0.774,0.196
256500,0.030,0.829,0.141
257000,0.030,0.762,0.208
257500,0.030,0.736,0.234
258000,0.030,0.774,0.196
258500,0.030,0.771,0.199
259000,0.030,0.720,0.250
259500,0.030,0.728,0.242
260000,0.030,0.695,0.275
260500,0.030,0.715,0.255
261000,0.030,0.707,0.263
261500,0.030,0.665,0.305
262000,0.030,0.735,0.235
262500,0.030,0.792,0.178
263000,0.030,0.819,0.151
263500,0.030,0.792,0.178
264000,0.030,0.728,0.242
264500,0.030,0.692,0.278
265000,0.030,0.676,0.294
265500,0.030,0.714,0.256
266000,0.030,0.638,0.332
266500,0.030,0.697,0.273
267000,0.030,0.680,0.290
267500,0.030,0.693,0.277
268000,0.030,0.776,0.194
268500,0.030,0.748,0.222
269000,0.030,0.691,0.279
269500,0.030,0.718,0.252
270000,0.030,0.708,0.262
270500,0.030,0.777,0.193
271000,0.030,0.691,0.279
271500,0.030,0.740,0.230
272000,0.030,0.711,0.259
272500,0.030,0.674,0.296
273000,0.030,0.654,0.316
273500,0.030,0.646,0.324
274000,0.030,0.675,0.295
274500,0.030,0.795,0.175
275000,0.030,0.791,0.179
275500,0.030,0.745,0.225
276000,0.030,0.715,0.255
276500,0.030,0.717,0.253
277000,0.030,0.768,0.202
277500,0.030,0.790,0.180
278000,0.030,0.806,0.164
278500,0.030,0.837,0.133
279000,0.030,0.801,0.169
279500,0.030,0.694,0.276
280000,0.030,0.670,0.300
280500,0.030,0.609,0.361
281000,0.030,0.720,0.250
281500,0.030,0.769,0.201
282000,0.030,0.746,0.224
282500,0.030,0.777,0.193
283000,0.030,0.707,0.263
283500,0.030,0.749,0.221
284000,0.030,0.733,0.237
284500,0.030,0.733,0.237
285000,0.030,0.702,0.268
285500,0.030,0.722,0.248
286000,0.030,0.683,0.287
286500,0.030,0.749,0.221
287000,0.030,0.752,0.218
287500,0.030,0.764,0.206
288000,0.030,0.782,0.188
288500,0.030,0.752,0.218
289000,0.030,0.711,0.259
289500,0.030,0.684,0.286
290000,0.030,0.631,0.339
290500,0.030,0.622,0.348
291000,0.030,0.691,0.279
291500,0.030,0.697,0.273
292000,0.030,0.733,0.237
292500,0.030,0.761,0.209
293000,0.030,0.738,0.232
293500,0.030,0.686,0.284
294000,0.030,0.715,0.255
294500,0.030,0.805,0.165
295000,0.030,0.711,0.259
295500,0.030,0.673,0.297
296000,0.030,0.770,0.200
296500,0.030,0.687,0.283
297000,0.030,0.759,0.211
297500,0.030,0.712,0.258
298000,0.030,0.721,0.249
298500,0.030,0.656,0.314
299000,0.030,0.591,0.379
299500,0.030,0.703,0.267
300000,0.030,0.636,0.334
300500,0.030,0.717,0.253
301000,0.030,0.763,0.207
301500,0.030,0.732,0.238
302000,0.030,0.788,0.182
302500,0.030,0.735,0.235
303000,0.030,0.659,0.311
303500,0.030,0.666,0.304
304000,0.030,0.668,0.302
304500,0.030,0.780,0.190
305000,0.030,0.692,0.278
305500,0.030,0.669,0.301
306000,0.030,0.675,0.295
306500,0.030,0.737,0.233
307000,0.030,0.682,0.288
307500,0.030,0.729,0.241
308000,0.030,0.775,0.195
308500,0.030,0.710,0.260
309000,0.030,0.772,0.198
309500,0.030,0.674,0.296
310000,0.030,0.709,0.261
310500,0.030,0.688,0.282
311000,0.030,0.763,0.207
311500,0.030,0.762,0.208
312000,0.030,0.782,0.188
312500,0.030,0.794,0.176
313000,0.030,0.676,0.294
313500,0.030,0.759,0.211
314000,0.030,0.755,0.215
314500,0.030,0.744,0.226
315000,0.030,0.638,0.332
315500,0.030,0.679,0.291
316000,0.030,0.724,0.246
316500,0.030,0.663,0.307
317000,0.030,0.718,0.252
317500,0.030,0.710,0.260
318000,0.030,0.730,0.240
318500,0.030,0.685,0.285
319000,0.030,0.653,0.317
319500,0.030,0.576,0.394
320000,0.030,0.678,0.292
320500,0.030,0.678,0.292
321000,0.030,0.625,0.345
321500,0.030,0.766,0.204
322000,0.030,0.729,0.241
322500,0.030,0.705,0.265
323000,0.030,0.727,0.243
323500,0.030,0.691,0.279
324000,0.030,0.766,0.204
324500,0.030,0.776,0.194
325000,0.030,0.758,0.212
325500,0.030,0.712,0.258
326000,0.030,0.756,0.214
326500,0.030,0.735,0.235
327000,0.030,0.663,0.307
327500,0.030,0.740,0.230
328000,0.030,0.759,0.211
328500,0.030,0.808,0.162
329000,0.030,0.798,0.172
329500,0.030,0.777,0.193
330000,0.030,0.793,0.177
330500,0.030,0.736,0.234
331000,0.030,0.761,0.209
331500,0.030,0.624,0.346
332000,0.030,0.637,0.333
332500,0.030,0.664,0.306
333000,0.030,0.728,0.242
333500,0.030,0.590,0.380
334000,0.030,0.705,0.265
334500,0.030,0.682,0.288
335000,0.030,0.770,0.200
335500,0.030,0.807,0.163
336000,0.030,0.797,0.173
336500,0.030,0.781,0.189
337000,0.030,0.751,0.219
337500,0.030,0.807,0.163
338000,0.030,0.693,0.277
338500,0.030,0.741,0.229
339000,0.030,0.732,0.238
339500,0.030,0.771,0.199
340000,0.030,0.713,0.257
340500,0.030,0.673,0.297
341000,0.030,0.659,0.311
341500,0.030,0.720,0.250
342000,0.030,0.779,0.191
342500,0.030,0.816,0.154
343000,0.030,0.743,0.227
343500,0.030,0.668,0.302
344000,0.030,0.690,0.280
344500,0.030,0.735,0.235
345000,0.030,0.776,0.194
345500,0.030,0.818,0.152
346000,0.030,0.846,0.124
346500,0.030,0.763,0.207
347000,0.030,0.822,0.148
347500,0.030,0.738,0.232
348000,0.030,0.762,0.208
348500,0.030,0.713,0.257
349000,0.030,0.780,0.190
349500,0.030,0.753,0.217
350000,0.030,0.686,0.284
350500,0.030,0.673,0.297
351000,0.030,0.739,0.231
351500,0.030,0.747,0.223
352000,0.030,0.675,0.295
352500,0.030,0.738,0.232
353000,0.030,0.607,0.363
353500,0.030,0.732,0.238
354000,0.030,0.785,0.185
354500,0.030,0.725,0.245
355000,0.030,0.835,0.135
355500,0.030,0.784,0.186
356000,0.030,0.666,0.304
356500,0.030,0.738,0.232
357000,0.030,0.807,0.163
357500,0.030,0.783,0.187
358000,0.030,0.720,0.250
358500,0.030,0.672,0.298
359000,0.030,0.683,0.287
359500,0.030,0.703,0.267
360000,0.030,0.708,0.262
360500,0.030,0.677,0.293
361000,0.030,0.773,0.197
361500,0.030,0.762,0.208
362000,0.030,0.787,0.183
362500,0.030,0.708,0.262
363000,0.030,0.749,0.221
363500,0.030,0.836,0.134
364000,0.030,0.809,0.161
364500,0.030,0.796,0.174
365000,0.030,0.710,0.260
365500,0.030,0.735,0.235
366000,0.030,0.788,0.182
366500,0.030,0.768,0.202
367000,0.030,0.725,0.245
367500,0.030,0.736,0.234
368000,0.030,0.668,0.302
368500,0.030,0.673,0.297
369000,0.030,0.687,0.283
369500,0.030,0.723,0.247
370000,0.030,0.735,0.235
370500,0.030,0.740,0.230
371000,0.030,0.738,0.232
371500,0.030,0.681,0.289
372000,0.030,0.737,0.233
372500,0.030,0.741,0.229
373000,0.030,0.725,0.245
373500,0.030,0.736,0.234
374000,0.030,0.672,0.298
374500,0.030,0.679,0.291
375000,0.030,0.638,0.332
375500,0.030,0.713,0.257
376000,0.030,0.788,0.182
376500,0.030,0.678,0.292
377000,0.030,0.730,0.240
377500,0.030,0.690,0.280
378000,0.030,0.539,0.431
378500,0.030,0.646,0.324
379000,0.030,0.634,0.336
379500,0.030,0.760,0.210
380000,0.030,0.799,0.171
380500,0.030,0.692,0.278
381000,0.030,0.676,0.294
381500,0.030,0.696,0.274
382000,0.030,0.737,0.233
382500,0.030,0.742,0.228
383000,0.030,0.733,0.237
383500,0.030,0.731,0.239
384000,0.030,0.693,0.277
384500,0.030,0.756,0.214
385000,0.030,0.759,0.211
385500,0.030,0.708,0.262
386000,0.030,0.707,0.263
386500,0.030,0.800,0.170
387000,0.030,0.756,0.214
387500,0.030,0.813,0.157
388000,0.030,0.865,0.105
388500,0.030,0.740,0.230
389000,0.030,0.709,0.261
389500,0.030,0.808,0.162
390000,0.030,0.762,0.208
390500,0.030,0.679,0.291
391000,0.030,0.604,0.366
391500,0.030,0.671,0.299
392000,0.030,0.722,0.248
392500,0.030,0.727,0.243
393000,0.030,0.797,0.173
393500,0.030,0.833,0.137
394000,0.030,0.740,0.230
394500,0.030,0.753,0.217
395000,0.030,0.695,0.275
395500,0.030,0.685,0.285
396000,0.030,0.787,0.183
396500,0.030,0.807,0.163
397000,0.030,0.618,0.352
397500,0.030,0.649,0.321
398000,0.030,0.702,0.268
398500,0.030,0.728,0.242
399000,0.030,0.687,0.283
399500,0.030,0.722,0.248
400000,0.030,0.735,0.235
400500,0.030,0.706,0.264
401000,0.030,0.562,0.408
401500,0.030,0.774,0.196
402000,0.030,0.757,0.213
402500,0.030,0.740,0.230
403000,0.030,0.773,0.197
403500,0.030,0.682,0.288
404000,0.030,0.672,0.298
404500,0.030,0.728,0.242
405000,0.030,0.776,0.194
405500,0.030,0.759,0.211
406000,0.030,0.775,0.195
406500,0.030,0.734,0.236
407000,0.030,0.792,0.178
407500,0.030,0.767,0.203
408000,0.030,0.747,0.223
408500,0.030,0.753,0.217
409000,0.030,0.840,0.130
409500,0.030,0.751,0.219
410000,0.030,0.783,0.187
410500,0.030,0.655,0.315
411000,0.030,0.647,0.323
411500,0.030,0.722,0.248
412000,0.030,0.669,0.301
412500,0.030,0.695,0.275
413000,0.030,0.714,0.256
413500,0.030,0.703,0.267
414000,0.030,0.718,0.252
414500,0.030,0.763,0.207
415000,0.030,0.682,0.288
415500,0.030,0.663,0.307
416000,0.030,0.759,0.211
416500,0.030,0.741,0.229
417000,0.030,0.740,0.230
417500,0.030,0.682,0.288
418000,0.030,0.610,0.360
418500,0.030,0.642,0.328
419000,0.030,0.642,0.328
419500,0.030,0.671,0.299
420000,0.030,0.669,0.301
420500,0.030,0.731,0.239
421000,0.030,0.723,0.247
421500,0.030,0.727,0.243
422000,0.030,0.774,0.196
422500,0.030,0.776,0.194
423000,0.030,0.701,0.269
423500,0.030,0.702,0.268
424000,0.030,0.763,0.207
424500,0.030,0.673,0.297
425000,0.030,0.792,0.178
425500,0.030,0.740,0.230
426000,0.030,0.691,0.279
426500,0.030,0.631,0.339
427000,0.030,0.742,0.228
427500,0.030,0.699,0.271
428000,0.030,0.720,0.250
428500,0.030,0.785,0.185
429000,0.030,0.810,0.160
429500,0.030,0.718,0.252
430000,0.030,0.733,0.237
430500,0.030,0.734,0.236
431000,0.030,0.751,0.219
431500,0.030,0.705,0.265
432000,0.030,0.707,0.263
432500,0.030,0.663,0.307
433000,0.030,0.641,0.329
433500,0.030,0.706,0.264
434000,0.030,0.747,0.223
434500,0.030,0.803,0.167
435000,0.030,0.798,0.172
435500,0.030,0.796,0.174
436000,0.030,0.799,0.171
436500,0.030,0.738,0.232
437000,0.030,0.756,0.214
437500,0.030,0.809,0.161
438000,0.030,0.707,0.263
438500,0.030,0.676,0.294
439000,0.030,0.729,0.241
439500,0.030,0.724,0.246
440000,0.030,0.606,0.364
440500,0.030,0.626,0.344
441000,0.030,0.738,0.232
441500,0.030,0.746,0.224
442000,0.030,0.776,0.194
442500,0.030,0.740,0.230
443000,0.030,0.758,0.212
443500,0.030,0.752,0.218
444000,0.030,0.748,0.222
444500,0.030,0.684,0.286
445000,0.030,0.618,0.352
445500,0.030,0.636,0.334
446000,0.030,0.703,0.267
446500,0.030,0.709,0.261
447000,0.030,0.758,0.212
447500,0.030,0.732,0.238
448000,0.030,0.734,0.236
448500,0.030,0.748,0.222
449000,0.030,0.735,0.235
449500,0.030,0.772,0.198
450000,0.030,0.834,0.136
450500,0.030,0.719,0.251
451000,0.030,0.729,0.241
451500,0.030,0.616,0.354
452000,0.030,0.687,0.283
452500,0.030,0.634,0.336
453000,0.030,0.670,0.300
453500,0.030,0.672,0.298
454000,0.030,0.641,0.329
454500,0.030,0.729,0.241
455000,0.030,0.786,0.184
455500,0.030,0.802,0.168
456000,0.030,0.772,0.198
456500,0.030,0.754,0.216
457000,0.030,0.775,0.195
457500,0.030,0.783,0.187
458000,0.030,0.759,0.211
458500,0.030,0.748,0.222
459000,0.030,0.673,0.297
459500,0.030,0.718,0.252
460000,0.030,0.664,0.306
460500,0.030,0.711,0.259
461000,0.030,0.708,0.262
461500,0.030,0.726,0.244
462000,0.030,0.689,0.281
462500,0.030,0.672,0.298
463000,0.030,0.753,0.217
463500,0.030,0.850,0.120
464000,0.030,0.727,0.243
464500,0.030,0.654,0.316
465000,0.030,0.687,0.283
465500,0.030,0.590,0.380
466000,0.030,0.636,0.334
466500,0.030,0.740,0.230
467000,0.030,0.700,0.270
467500,0.030,0.824,0.146
468000,0.030,0.760,0.210
468500,0.030,0.748,0.222
469000,0.030,0.670,0.300
469500,0.030,0.688,0.282
470000,0.030,0.635,0.335
470500,0.030,0.697,0.273
471000,0.030,0.786,0.184
471500,0.030,0.752,0.218
472000,0.030,0.698,0.272
472500,0.030,0.784,0.186
473000,0.030,0.819,0.151
473500,0.030,0.804,0.166
474000,0.030,0.843,0.127
474500,0.030,0.852,0.118
475000,0.030,0.796,0.174
475500,0.030,0.772,0.198
476000,0.030,0.764,0.206
476500,0.030,0.766,0.204
477000,0.030,0.741,0.229
477500,0.030,0.660,0.310
478000,0.030,0.652,0.318
478500,0.030,0.767,0.203
479000,0.030,0.786,0.184
479500,0.030,0.732,0.238
480000,0.030,0.681,0.289
480500,0.030,0.696,0.274
481000,0.030,0.738,0.232
481500,0.030,0.715,0.255
482000,0.030,0.753,0.217
482500,0.030,0.734,0.236
483000,0.030,0.805,0.165
483500,0.030,0.769,0.201
484000,0.030,0.756,0.214
484500,0.030,0.742,0.228
485000,0.030,0.726,0.244
485500,0.030,0.757,0.213
486000,0.030,0.724,0.246
486500,0.030,0.750,0.220
487000,0.030,0.673,0.297
487500,0.030,0.723,0.247
488000,0.030,0.660,0.310
488500,0.030,0.636,0.334
489000,0.030,0.724,0.246
489500,0.030,0.772,0.198
490000,0.030,0.724,0.246
490500,0.030,0.762,0.208
491000,0.030,0.689,0.281
491500,0.030,0.723,0.247
492000,0.030,0.705,0.265
492500,0.030,0.612,0.358
493000,0.030,0.660,0.310
493500,0.030,0.713,0.257
494000,0.030,0.818,0.152
494500,0.030,0.716,0.254
495000,0.030,0.690,0.280
495500,0.030,0.739,0.231
496000,0.030,0.704,0.266
496500,0.030,0.743,0.227
497000,0.030,0.759,0.211
497500,0.030,0.763,0.207
498000,0.030,0.808,0.162
498500,0.030,0.808,0.162
499000,0.030,0.789,0.181
499500,0.030,0.675,0.295
500000,0.030,0.671,0.299
500500,0.030,0.700,0.270
501000,0.030,0.706,0.264
501500,0.030,0.779,0.191
502000,0.030,0.718,0.252
502500,0.030,0.754,0.216
503000,0.030,0.761,0.209
503500,0.030,0.677,0.293
504000,0.030,0.708,0.262
504500,0.030,0.760,0.210
505000,0.030,0.774,0.196
505500,0.030,0.718,0.252
506000,0.030,0.638,0.332
506500,0.030,0.576,0.394
507000,0.030,0.564,0.406
507500,0.030,0.623,0.347
508000,0.030,0.654,0.316
508500,0.030,0.764,0.206
509000,0.030,0.809,0.161
509500,0.030,0.763,0.207
510000,0.030,0.711,0.259
510500,0.030,0.696,0.274
511000,0.030,0.723,0.247
511500,0.030,0.715,0.255
512000,0.030,0.643,0.327
512500,0.030,0.635,0.335
513000,0.030,0.662,0.308
513500,0.030,0.702,0.268
514000,0.030,0.689,0.281
514500,0.030,0.786,0.184
515000,0.030,0.798,0.172
515500,0.030,0.703,0.267
516000,0.030,0.746,0.224
516500,0.030,0.728,0.242
517000,0.030,0.733,0.237
517500,0.030,0.782,0.188
518000,0.030,0.830,0.140
518500,0.030,0.748,0.222
519000,0.030,0.756,0.214
519500,0.030,0.806,0.164
520000,0.030,0.854,0.116
520500,0.030,0.812,0.158
521000,0.030,0.755,0.215
521500,0.030,0.767,0.203
522000,0.030,0.693,0.277
522500,0.030,0.749,0.221
523000,0.030,0.709,0.261
523500,0.030,0.653,0.317
524000,0.030,0.687,0.283
524500,0.030,0.666,0.304
525000,0.030,0.712,0.258
525500,0.030,0.752,0.218
526000,0.030,0.712,0.258
526500,0.030,0.767,0.203
527000,0.030,0.803,0.167
527500,0.030,0.746,0.224
528000,0.030,0.763,0.207
528500,0.030,0.724,0.246
529000,0.030,0.713,0.257
529500,0.030,0.719,0.251
530000,0.030,0.647,0.323
530500,0.030,0.644,0.326
531000,0.030,0.652,0.318
531500,0.030,0.700,0.270
532000,0.030,0.697,0.273
532500,0.030,0.711,0.259
533000,0.030,0.705,0.265
533500,0.030,0.636,0.334
534000,0.030,0.711,0.259
534500,0.030,0.740,0.230
535000,0.030,0.724,0.246
535500,0.030,0.750,0.220
536000,0.030,0.710,0.260
536500,0.030,0.699,0.271
537000,0.030,0.670,0.300
537500,0.030,0.774,0.196
538000,0.030,0.708,0.262
538500,0.030,0.675,0.295
539000,0.030,0.646,0.324
539500,0.030,0.750,0.220
540000,0.030,0.692,0.278
540500,0.030,0.643,0.327
541000,0.030,0.690,0.280
541500,0.030,0.739,0.231
542000,0.030,0.713,0.257
542500,0.030,0.723,0.247
543000,0.030,0.758,0.212
543500,0.030,0.712,0.258
544000,0.030,0.749,0.221
544500,0.030,0.775,0.195
545000,0.030,0.701,0.269
545500,0.030,0.759,0.211
546000,0.030,0.710,0.260
546500,0.030,0.713,0.257
547000,0.030,0.779,0.191
547500,0.030,0.706,0.264
548000,0.030,0.700,0.270
548500,0.030,0.700,0.270
549000,0.030,0.708,0.262
549500,0.030,0.627,0.343
550000,0.030,0.648,0.322
550500,0.030,0.702,0.268
551000,0.030,0.739,0.231
551500,0.030,0.774,0.196
552000,0.030,0.839,0.131
552500,0.030,0.723,0.247
553000,0.030,0.785,0.185
553500,0.030,0.714,0.256
554000,0.030,0.708,0.262
554500,0.030,0.767,0.203
555000,0.030,0.664,0.306
555500,0.030,0.737,0.233
556000,0.030,0.733,0.237
556500,0.030,0.737,0.233
557000,0.030,0.729,0.241
557500,0.030,0.801,0.169
558000,0.030,0.809,0.161
558500,0.030,0.769,0.201
559000,0.030,0.793,0.177
559500,0.030,0.778,0.192
560000,0.030,0.789,0.181
560500,0.030,0.781,0.189
561000,0.030,0.752,0.218
561500,0.030,0.851,0.119
562000,0.030,0.786,0.184
562500,0.030,0.850,0.120
563000,0.030,0.784,0.186
563500,0.030,0.781,0.189
564000,0.030,0.757,0.213
564500,0.030,0.706,0.264
565000,0.030,0.741,0.229
565500,0.030,0.657,0.313
566000,0.030,0.675,0.295
566500,0.030,0.737,0.233
567000,0.030,0.834,0.136
567500,0.030,0.748,0.222
568000,0.030,0.776,0.194
568500,0.030,0.766,0.204
569000,0.030,0.783,0.187
569500,0.030,0.711,0.259
570000,0.030,0.717,0.253
570500,0.030,0.740,0.230
571000,0.030,0.727,0.243
571500,0.030,0.773,0.197
572000,0.030,0.735,0.235
572500,0.030,0.766,0.204
573000,0.030,0.704,0.266
573500,0.030,0.730,0.240
574000,0.030,0.711,0.259
574500,0.030,0.790,0.180
575000,0.030,0.692,0.278
575500,0.030,0.743,0.227
576000,0.030,0.640,0.330
576500,0.030,0.489,0.481
577000,0.030,0.661,0.309
577500,0.030,0.645,0.325
578000,0.030,0.713,0.257
578500,0.030,0.732,0.238
579000,0.030,0.761,0.209
579500,0.030,0.700,0.270
580000,0.030,0.687,0.283
580500,0.030,0.678,0.292
581000,0.030,0.711,0.259
581500,0.030,0.770,0.200
582000,0.030,0.849,0.121
582500,0.030,0.819,0.151
583000,0.030,0.741,0.229
583500,0.030,0.775,0.195
584000,0.030,0.725,0.245
584500,0.030,0.657,0.313
585000,0.030,0.651,0.319
585500,0.030,0.696,0.274
586000,0.030,0.687,0.283
586500,0.030,0.595,0.375
587000,0.030,0.699,0.271
587500,0.030,0.713,0.257
588000,0.030,0.646,0.324
588500,0.030,0.694,0.276
589000,0.030,0.769,0.201
589500,0.030,0.803,0.167
590000,0.030,0.755,0.215
590500,0.030,0.765,0.205
591000,0.030,0.773,0.197
591500,0.030,0.679,0.291
592000,0.030,0.689,0.281
592500,0.030,0.617,0.353
593000,0.030,0.702,0.268
593500,0.030,0.651,0.319
594000,0.030,0.744,0.226
594500,0.030,0.675,0.295
595000,0.030,0.686,0.284
595500,0.030,0.768,0.202
596000,0.030,0.732,0.238
596500,0.030,0.695,0.275
597000,0.030,0.747,0.223
597500,0.030,0.771,0.199
598000,0.030,0.781,0.189
598500,0.030,0.748,0.222
599000,0.030,0.767,0.203
599500,0.030,0.758,0.212
600000,0.030,0.773,0.197
600500,0.030,0.771,0.199
601000,0.030,0.651,0.319
601500,0.030,0.639,0.331
602000,0.030,0.630,0.340
602500,0.030,0.699,0.271
603000,0.030,0.771,0.199
603500,0.030,0.711,0.259
604000,0.030,0.694,0.276
604500,0.030,0.680,0.290
605000,0.030,0.613,0.357
605500,0.030,0.680,0.290
606000,0.030,0.720,0.250
606500,0.030,0.732,0.238
607000,0.030,0.730,0.240
607500,0.030,0.632,0.338
608000,0.030,0.743,0.227
608500,0.030,0.717,0.253
609000,0.030,0.725,0.245
609500,0.030,0.712,0.258
610000,0.030,0.645,0.325
610500,0.030,0.776,0.194
611000,0.030,0.783,0.187
611500,0.030,0.732,0.238
612000,0.030,0.777,0.193
612500,0.030,0.832,0.138
613000,0.030,0.757,0.213
613500,0.030,0.662,0.308
614000,0.030,0.738,0.232
614500,0.030,0.729,0.241
615000,0.030,0.736,0.234
615500,0.030,0.814,0.156
616000,0.030,0.822,0.148
616500,0.030,0.841,0.129
617000,0.030,0.801,0.169
617500,0.030,0.801,0.169
618000,0.030,0.728,0.242
618500,0.030,0.740,0.230
619000,0.030,0.756,0.214
619500,0.030,0.674,0.296
620000,0.030,0.747,0.223
620500,0.030,0.631,0.339
621000,0.030,0.612,0.358
621500,0.030,0.684,0.286
622000,0.030,0.755,0.215
622500,0.030,0.755,0.215
623000,0.030,0.693,0.277
623500,0.030,0.696,0.274
624000,0.030,0.728,0.242
624500,0.030,0.740,0.230
625000,0.030,0.764,0.206
625500,0.030,0.873,0.097
626000,0.030,0.758,0.212
626500,0.030,0.760,0.210
627000,0.030,0.730,0.240
627500,0.030,0.784,0.186
628000,0.030,0.739,0.231
628500,0.030,0.786,0.184
629000,0.030,0.713,0.257
629500,0.030,0.657,0.313
630000,0.030,0.623,0.347
630500,0.030,0.684,0.286
631000,0.030,0.765,0.205
631500,0.030,0.827,0.143
632000,0.030,0.703,0.267
632500,0.030,0.654,0.316
633000,0.030,0.746,0.224
633500,0.030,0.652,0.318
634000,0.030,0.762,0.208
634500,0.030,0.660,0.310
635000,0.030,0.658,0.312
635500,0.030,0.681,0.289
636000,0.030,0.787,0.183
636500,0.030,0.783,0.187
637000,0.030,0.715,0.255
637500,0.030,0.695,0.275
638000,0.030,0.756,0.214
638500,0.030,0.765,0.205
639000,0.030,0.812,0.158
639500,0.030,0.732,0.238
640000,0.030,0.685,0.285
640500,0.030,0.780,0.190
641000,0.030,0.710,0.260
641500,0.030,0.647,0.323
642000,0.030,0.677,0.293
642500,0.030,0.700,0.270
643000,0.030,0.730,0.240
643500,0.030,0.743,0.227
644000,0.030,0.733,0.237
644500,0.030,0.769,0.201
645000,0.030,0.768,0.202
645500,0.030,0.701,0.269
646000,0.030,0.717,0.253
646500,0.030,0.633,0.337
647000,0.030,0.700,0.270
647500,0.030,0.655,0.315
648000,0.030,0.700,0.270
648500,0.030,0.660,0.310
649000,0.030,0.641,0.329
649500,0.030,0.631,0.339
650000,0.030,0.727,0.243
650500,0.030,0.705,0.265
651000,0.030,0.688,0.282
651500,0.030,0.799,0.171
652000,0.030,0.805,0.165
652500,0.030,0.708,0.262
653000,0.030,0.702,0.268
653500,0.030,0.674,0.296
654000,0.030,0.660,0.310
654500,0.030,0.720,0.250
655000,0.030,0.669,0.301
655500,0.030,0.805,0.165
656000,0.030,0.808,0.162
656500,0.030,0.755,0.215
657000,0.030,0.741,0.229
657500,0.030,0.716,0.254
658000,0.030,0.667,0.303
658500,0.030,0.650,0.320
659000,0.030,0.726,0.244
659500,0.030,0.659,0.311
660000,0.030,0.674,0.296
660500,0.030,0.728,0.242
661000,0.030,0.760,0.210
661500,0.030,0.785,0.185
662000,0.030,0.780,0.190
662500,0.030,0.681,0.289
663000,0.030,0.615,0.355
663500,0.030,0.697,0.273
664000,0.030,0.751,0.219
664500,0.030,0.823,0.147
665000,0.030,0.681,0.289
665500,0.030,0.671,0.299
666000,0.030,0.650,0.320
666500,0.030,0.650,0.320
667000,0.030,0.693,0.277
667500,0.030,0.700,0.270
668000,0.030,0.703,0.267
668500,0.030,0.770,0.200
669000,0.030,0.779,0.191
669500,0.030,0.685,0.285
670000,0.030,0.663,0.307
670500,0.030,0.680,0.290
671000,0.030,0.700,0.270
671500,0.030,0.707,0.263
672000,0.030,0.753,0.217
672500,0.030,0.779,0.191
673000,0.030,0.722,0.248
673500,0.030,0.652,0.318
674000,0.030,0.696,0.274
674500,0.030,0.726,0.244
675000,0.030,0.675,0.295
675500,0.030,0.701,0.269
676000,0.030,0.653,0.317
676500,0.030,0.626,0.344
677000,0.030,0.693,0.277
677500,0.030,0.706,0.264
678000,0.030,0.741,0.229
678500,0.030,0.691,0.279
679000,0.030,0.705,0.265
679500,0.030,0.778,0.192
680000,0.030,0.774,0.196
680500,0.030,0.710,0.260
681000,0.030,0.725,0.245
681500,0.030,0.808,0.162
682000,0.030,0.816,0.154
682500,0.030,0.790,0.180
683000,0.030,0.707,0.263
683500,0.030,0.771,0.199
684000,0.030,0.789,0.181
684500,0.030,0.794,0.176
685000,0.030,0.740,0.230
685500,0.030,0.650,0.320
686000,0.030,0.705,0.265
686500,0.030,0.686,0.284
687000,0.030,0.651,0.319
687500,0.030,0.652,0.318
688000,0.030,0.610,0.360
688500,0.030,0.668,0.302
689000,0.030,0.682,0.288
689500,0.030,0.615,0.355
690000,0.030,0.733,0.237
690500,0.030,0.794,0.176
691000,0.030,0.764,0.206
691500,0.030,0.756,0.214
692000,0.030,0.763,0.207
692500,0.030,0.713,0.257
693000,0.030,0.787,0.183
693500,0.030,0.767,0.203
694000,0.030,0.768,0.202
694500,0.030,0.696,0.274
695000,0.030,0.667,0.303
695500,0.030,0.581,0.389
696000,0.030,0.613,0.357
696500,0.030,0.756,0.214
697000,0.030,0.752,0.218
697500,0.030,0.812,0.158
698000,0.030,0.792,0.178
698500,0.030,0.824,0.146
699000,0.030,0.715,0.255
699500,0.030,0.721,0.249
700000,0.030,0.666,0.304
700500,0.030,0.645,0.325
701000,0.030,0.705,0.265
701500,0.030,0.774,0.196
702000,0.030,0.771,0.199
702500,0.030,0.750,0.220
703000,0.030,0.757,0.213
703500,0.030,0.733,0.237
704000,0.030,0.701,0.269
704500,0.030,0.749,0.221
705000,0.030,0.727,0.243
705500,0.030,0.770,0.200
706000,0.030,0.771,0.199
706500,0.030,0.659,0.311
707000,0.030,0.621,0.349
707500,0.030,0.613,0.357
708000,0.030,0.628,0.342
708500,0.030,0.674,0.296
709000,0.030,0.698,0.272
709500,0.030,0.668,0.302
710000,0.030,0.697,0.273
710500,0.030,0.673,0.297
711000,0.030,0.573,0.397
711500,0.030,0.780,0.190
712000,0.030,0.731,0.239
712500,0.030,0.782,0.188
713000,0.030,0.751,0.219
713500,0.030,0.812,0.158
714000,0.030,0.740,0.230
714500,0.030,0.724,0.246
715000,0.030,0.750,0.220
715500,0.030,0.774,0.196
716000,0.030,0.640,0.330
716500,0.030,0.699,0.271
717000,0.030,0.625,0.345
717500,0.030,0.690,0.280
718000,0.030,0.707,0.263
718500,0.030,0.719,0.251
719000,0.030,0.708,0.262
719500,0.030,0.681,0.289
720000,0.030,0.724,0.246
720500,0.030,0.704,0.266
721000,0.030,0.718,0.252
721500,0.030,0.682,0.288
722000,0.030,0.707,0.263
722500,0.030,0.627,0.343
723000,0.030,0.691,0.279
723500,0.030,0.735,0.235
724000,0.030,0.755,0.215
724500,0.030,0.736,0.234
725000,0.030,0.659,0.311
725500,0.030,0.725,0.245
726000,0.030,0.762,0.208
726500,0.030,0.699,0.271
727000,0.030,0.699,0.271
727500,0.030,0.760,0.210
728000,0.030,0.756,0.214
728500,0.030,0.775,0.195
729000,0.030,0.662,0.308
729500,0.030,0.707,0.263
730000,0.030,0.672,0.298
730500,0.030,0.699,0.271
731000,0.030,0.680,0.290
731500,0.030,0.720,0.250
732000,0.030,0.740,0.230
732500,0.030,0.678,0.292
733000,0.030,0.668,0.302
733500,0.030,0.644,0.326
734000,0.030,0.741,0.229
734500,0.030,0.757,0.213
735000,0.030,0.747,0.223
735500,0.030,0.667,0.303
736000,0.030,0.653,0.317
736500,0.030,0.687,0.283
737000,0.030,0.637,0.333
737500,0.030,0.535,0.435
738000,0.037,0.612,0.351
738500,0.032,0.612,0.356
739000,0.030,0.629,0.341
739500,0.030,0.715,0.255
740000,0.030,0.710,0.260
740500,0.030,0.630,0.340
741000,0.030,0.635,0.335
741500,0.030,0.733,0.237
742000,0.030,0.720,0.250
742500,0.030,0.734,0.236
743000,0.030,0.720,0.250
743500,0.030,0.754,0.216
744000,0.030,0.677,0.293
744500,0.030,0.603,0.367
745000,0.030,0.730,0.240
745500,0.030,0.761,0.209
746000,0.030,0.758,0.212
746500,0.030,0.778,0.192
747000,0.030,0.753,0.217
747500,0.030,0.769,0.201
748000,0.030,0.673,0.297
748500,0.030,0.681,0.289
749000,0.030,0.675,0.295
749500,0.030,0.659,0.311
750000,0.030,0.742,0.228
750500,0.030,0.645,0.325
751000,0.030,0.709,0.261
751500,0.030,0.662,0.308
752000,0.030,0.640,0.330
752500,0.030,0.663,0.307
753000,0.030,0.753,0.217
753500,0.030,0.760,0.210
754000,0.030,0.801,0.169
754500,0.030,0.812,0.158
755000,0.030,0.735,0.235
755500,0.030,0.750,0.220
756000,0.030,0.725,0.245
756500,0.030,0.732,0.238
757000,0.030,0.700,0.270
757500,0.030,0.766,0.204
758000,0.030,0.755,0.215
758500,0.030,0.736,0.234
759000,0.030,0.725,0.245
759500,0.030,0.746,0.224
760000,0.030,0.719,0.251
760500,0.030,0.739,0.231
761000,0.030,0.799,0.171
761500,0.030,0.704,0.266
762000,0.030,0.685,0.285
762500,0.030,0.677,0.293
763000,0.030,0.565,0.405
763500,0.030,0.698,0.272
764000,0.030,0.717,0.253
764500,0.030,0.706,0.264
765000,0.030,0.820,0.150
765500,0.030,0.751,0.219
766000,0.030,0.734,0.236
766500,0.030,0.691,0.279
767000,0.030,0.690,0.280
767500,0.030,0.669,0.301
768000,0.030,0.694,0.276
768500,0.030,0.747,0.223
769000,0.030,0.656,0.314
769500,0.030,0.663,0.307
770000,0.030,0.677,0.293
770500,0.030,0.731,0.239
771000,0.030,0.707,0.263
771500,0.030,0.732,0.238
772000,0.030,0.721,0.249
772500,0.030,0.661,0.309
773000,0.030,0.570,0.400
773500,0.030,0.695,0.275
774000,0.030,0.785,0.185
774500,0.030,0.761,0.209
775000,0.030,0.751,0.219
775500,0.030,0.785,0.185
776000,0.030,0.761,0.209
776500,0.030,0.723,0.247
777000,0.030,0.768,0.202
777500,0.030,0.774,0.196
778000,0.030,0.629,0.341
778500,0.030,0.714,0.256
779000,0.030,0.692,0.278
779500,0.030,0.735,0.235
780000,0.030,0.700,0.270
780500,0.030,0.715,0.255
781000,0.030,0.698,0.272
781500,0.030,0.787,0.183
782000,0.030,0.687,0.283
782500,0.030,0.601,0.369
783000,0.030,0.648,0.322
783500,0.030,0.737,0.233
784000,0.030,0.856,0.114
784500,0.030,0.738,0.232
785000,0.030,0.768,0.202
785500,0.030,0.760,0.210
786000,0.030,0.755,0.215
786500,0.030,0.656,0.314
787000,0.030,0.707,0.263
787500,0.030,0.732,0.238
788000,0.030,0.710,0.260
788500,0.030,0.737,0.233
789000,0.030,0.610,0.360
789500,0.030,0.651,0.319
790000,0.030,0.685,0.285
790500,0.030,0.738,0.232
791000,0.030,0.803,0.167
791500,0.030,0.794,0.176
792000,0.030,0.784,0.186
792500,0.030,0.703,0.267
793000,0.030,0.651,0.319
793500,0.030,0.737,0.233
794000,0.030,0.769,0.201
794500,0.030,0.736,0.234
795000,0.030,0.606,0.364
795500,0.030,0.598,0.372
796000,0.030,0.528,0.442
796500,0.030,0.586,0.384
797000,0.030,0.655,0.315
797500,0.030,0.682,0.288
798000,0.030,0.647,0.323
798500,0.030,0.744,0.226
799000,0.030,0.802,0.168
799500,0.030,0.819,0.151
800000,0.030,0.821,0.149
800500,0.030,0.771,0.199
801000,0.030,0.782,0.188
801500,0.030,0.713,0.257
802000,0.030,0.746,0.224
802500,0.030,0.795,0.175
803000,0.030,0.754,0.216
803500,0.030,0.733,0.237
804000,0.030,0.723,0.247
804500,0.030,0.710,0.260
805000,0.030,0.699,0.271
805500,0.030,0.657,0.313
806000,0.030,0.626,0.344
806500,0.030,0.753,0.217
807000,0.030,0.750,0.220
807500,0.030,0.790,0.180
808000,0.030,0.703,0.267
808500,0.030,0.686,0.284
809000,0.030,0.643,0.327
809500,0.030,0.718,0.252
810000,0.030,0.779,0.191
810500,0.030,0.698,0.272
811000,0.030,0.726,0.244
811500,0.030,0.703,0.267
812000,0.030,0.631,0.339
812500,0.030,0.676,0.294
813000,0.030,0.677,0.293
813500,0.030,0.636,0.334
814000,0.030,0.660,0.310
814500,0.030,0.767,0.203
815000,0.030,0.720,0.250
815500,0.030,0.732,0.238
816000,0.030,0.680,0.290
816500,0.030,0.657,0.313
817000,0.030,0.675,0.295
817500,0.030,0.689,0.281
818000,0.030,0.712,0.258
818500,0.030,0.771,0.199
819000,0.030,0.742,0.228
819500,0.030,0.759,0.211
820000,0.030,0.758,0.212
820500,0.030,0.737,0.233
821000,0.030,0.777,0.193
821500,0.030,0.778,0.192
822000,0.030,0.653,0.317
822500,0.030,0.727,0.243
823000,0.030,0.635,0.335
823500,0.030,0.701,0.269
824000,0.030,0.759,0.211
824500,0.030,0.773,0.197
825000,0.030,0.797,0.173
825500,0.030,0.812,0.158
826000,0.030,0.860,0.110
826500,0.030,0.831,0.139
827000,0.030,0.678,0.292
827500,0.030,0.729,0.241
828000,0.030,0.679,0.291
828500,0.030,0.652,0.318
829000,0.030,0.670,0.300
829500,0.030,0.791,0.179
830000,0.030,0.780,0.190
830500,0.030,0.773,0.197
831000,0.030,0.765,0.205
831500,0.030,0.711,0.259
832000,0.030,0.691,0.279
832500,0.030,0.764,0.206
833000,0.030,0.806,0.164
833500,0.030,0.761,0.209
834000,0.030,0.786,0.184
834500,0.030,0.620,0.350
835000,0.030,0.574,0.396
835500,0.030,0.691,0.279
836000,0.030,0.730,0.240
836500,0.030,0.781,0.189
837000,0.030,0.815,0.155
837500,0.030,0.825,0.145
838000,0.030,0.797,0.173
838500,0.030,0.689,0.281
839000,0.030,0.756,0.214
839500,0.030,0.736,0.234
840000,0.030,0.731,0.239
840500,0.030,0.641,0.329
841000,0.030,0.735,0.235
841500,0.030,0.689,0.281
842000,0.030,0.671,0.299
842500,0.030,0.678,0.292
843000,0.030,0.653,0.317
843500,0.030,0.629,0.341
844000,0.030,0.696,0.274
844500,0.030,0.690,0.280
845000,0.030,0.709,0.261
845500,0.030,0.676,0.294
846000,0.030,0.714,0.256
846500,0.030,0.726,0.244
847000,0.030,0.700,0.270
847500,0.030,0.730,0.240
848000,0.030,0.675,0.295
848500,0.030,0.637,0.333
849000,0.030,0.743,0.227
849500,0.030,0.669,0.301
850000,0.030,0.703,0.267
850500,0.030,0.633,0.337
851000,0.030,0.739,0.231
851500,0.030,0.663,0.307
852000,0.030,0.688,0.282
852500,0.030,0.647,0.323
853000,0.030,0.643,0.327
853500,0.030,0.680,0.290
854000,0.030,0.650,0.320
854500,0.030,0.755,0.215
855000,0.030,0.809,0.161
855500,0.030,0.753,0.217
856000,0.030,0.709,0.261
856500,0.030,0.669,0.301
857000,0.030,0.682,0.288
857500,0.030,0.783,0.187
858000,0.030,0.751,0.219
858500,0.030,0.782,0.188
859000,0.030,0.688,0.282
859500,0.030,0.641,0.329
860000,0.030,0.696,0.274
860500,0.030,0.640,0.330
861000,0.030,0.658,0.312
861500,0.030,0.726,0.244
862000,0.030,0.639,0.331
862500,0.030,0.665,0.305
863000,0.030,0.749,0.221
863500,0.030,0.797,0.173
864000,0.030,0.823,0.147
864500,0.030,0.804,0.166
865000,0.030,0.693,0.277
865500,0.030,0.709,0.261
866000,0.030,0.677,0.293
866500,0.030,0.710,0.260
867000,0.030,0.695,0.275
867500,0.030,0.735,0.235
868000,0.030,0.718,0.252
868500,0.030,0.722,0.248
869000,0.030,0.722,0.248
869500,0.030,0.707,0.263
870000,0.030,0.740,0.230
870500,0.030,0.687,0.283
871000,0.030,0.666,0.304
871500,0.030,0.671,0.299
872000,0.030,0.695,0.275
872500,0.030,0.694,0.276
873000,0.030,0.690,0.280
873500,0.030,0.749,0.221
874000,0.030,0.658,0.312
874500,0.030,0.713,0.257
875000,0.030,0.700,0.270
875500,0.030,0.706,0.264
876000,0.030,0.774,0.196
876500,0.030,0.756,0.214
877000,0.030,0.811,0.159
877500,0.030,0.757,0.213
878000,0.030,0.746,0.224
878500,0.030,0.724,0.246
879000,0.030,0.776,0.194
879500,0.030,0.761,0.209
880000,0.030,0.731,0.239
880500,0.030,0.698,0.272
881000,0.030,0.742,0.228
881500,0.030,0.707,0.263
882000,0.030,0.613,0.357
882500,0.030,0.657,0.313
883000,0.030,0.712,0.258
883500,0.030,0.673,0.297
884000,0.030,0.679,0.291
884500,0.030,0.679,0.291
885000,0.030,0.767,0.203
885500,0.030,0.837,0.133
886000,0.030,0.845,0.125
886500,0.030,0.827,0.143
887000,0.030,0.697,0.273
887500,0.030,0.749,0.221
888000,0.030,0.755,0.215
888500,0.030,0.661,0.309
889000,0.030,0.680,0.290
889500,0.030,0.698,0.272
890000,0.030,0.619,0.351
890500,0.030,0.705,0.265
891000,0.030,0.727,0.243
891500,0.030,0.821,0.149
892000,0.030,0.814,0.156
892500,0.030,0.700,0.270
893000,0.030,0.753,0.217
893500,0.030,0.644,0.326
894000,0.030,0.688,0.282
894500,0.030,0.695,0.275
895000,0.030,0.764,0.206
895500,0.030,0.783,0.187
896000,0.030,0.722,0.248
896500,0.030,0.702,0.268
897000,0.030,0.648,0.322
897500,0.030,0.706,0.264
898000,0.030,0.796,0.174
898500,0.030,0.720,0.250
899000,0.030,0.599,0.371
899500,0.030,0.675,0.295
900000,0.030,0.651,0.319
900500,0.030,0.679,0.291
901000,0.030,0.657,0.313
901500,0.030,0.710,0.260
902000,0.030,0.715,0.255
902500,0.030,0.671,0.299
903000,0.030,0.737,0.233
903500,0.030,0.778,0.192
904000,0.030,0.774,0.196
904500,0.030,0.761,0.209
905000,0.030,0.675,0.295
905500,0.030,0.675,0.295
906000,0.030,0.738,0.232
906500,0.030,0.804,0.166
907000,0.030,0.780,0.190
907500,0.030,0.766,0.204
908000,0.030,0.740,0.230
908500,0.030,0.711,0.259
909000,0.030,0.659,0.311
909500,0.030,0.751,0.219
910000,0.030,0.726,0.244
910500,0.030,0.745,0.225
911000,0.030,0.790,0.180
911500,0.030,0.688,0.282
912000,0.030,0.691,0.279
912500,0.030,0.657,0.313
913000,0.030,0.647,0.323
913500,0.030,0.759,0.211
914000,0.030,0.804,0.166
914500,0.030,0.763,0.207
915000,0.030,0.744,0.226
915500,0.030,0.721,0.249
916000,0.030,0.744,0.226
916500,0.030,0.639,0.331
917000,0.030,0.748,0.222
917500,0.030,0.707,0.263
918000,0.030,0.732,0.238
918500,0.030,0.737,0.233
919000,0.030,0.696,0.274
919500,0.030,0.696,0.274
920000,0.030,0.602,0.368
920500,0.030,0.626,0.344
921000,0.030,0.580,0.390
921500,0.030,0.725,0.245
922000,0.030,0.699,0.271
922500,0.030,0.739,0.231
923000,0.030,0.664,0.306
923500,0.030,0.746,0.224
924000,0.030,0.809,0.161
924500,0.030,0.767,0.203
925000,0.030,0.731,0.239
925500,0.030,0.765,0.205
926000,0.030,0.811,0.159
926500,0.030,0.762,0.208
927000,0.030,0.763,0.207
927500,0.030,0.644,0.326
928000,0.030,0.785,0.185
928500,0.030,0.771,0.199
929000,0.030,0.697,0.273
929500,0.030,0.688,0.282
930000,0.030,0.616,0.354
930500,0.030,0.638,0.332
931000,0.030,0.666,0.304
931500,0.030,0.710,0.260
932000,0.030,0.735,0.235
932500,0.030,0.656,0.314
933000,0.030,0.666,0.304
933500,0.030,0.692,0.278
934000,0.030,0.816,0.154
934500,0.030,0.798,0.172
935000,0.030,0.730,0.240
935500,0.030,0.678,0.292
936000,0.030,0.796,0.174
936500,0.030,0.760,0.210
937000,0.030,0.768,0.202
937500,0.030,0.730,0.240
938000,0.030,0.752,0.218
938500,0.030,0.794,0.176
939000,0.030,0.766,0.204
939500,0.030,0.740,0.230
940000,0.030,0.757,0.213
940500,0.030,0.728,0.242
941000,0.030,0.702,0.268
941500,0.030,0.591,0.379
942000,0.030,0.576,0.394
942500,0.030,0.692,0.278
943000,0.030,0.788,0.182
943500,0.030,0.736,0.234
944000,0.030,0.683,0.287
944500,0.030,0.748,0.222
945000,0.030,0.750,0.220
945500,0.030,0.623,0.347
946000,0.030,0.626,0.344
946500,0.030,0.658,0.312
947000,0.030,0.656,0.314
947500,0.030,0.655,0.315
948000,0.030,0.643,0.327
948500,0.030,0.592,0.378
949000,0.030,0.546,0.424
949500,0.030,0.715,0.255
950000,0.030,0.739,0.231
950500,0.030,0.696,0.274
951000,0.030,0.705,0.265
951500,0.030,0.708,0.262
952000,0.030,0.578,0.392
952500,0.030,0.706,0.264
953000,0.030,0.656,0.314
953500,0.030,0.669,0.301
954000,0.030,0.700,0.270
954500,0.030,0.701,0.269
955000,0.030,0.651,0.319
955500,0.035,0.643,0.322
956000,0.030,0.628,0.342
956500,0.030,0.626,0.344
957000,0.030,0.611,0.359
957500,0.030,0.636,0.334
958000,0.030,0.680,0.290
958500,0.030,0.715,0.255
959000,0.030,0.653,0.317
959500,0.030,0.695,0.275
960000,0.030,0.668,0.302
960500,0.030,0.682,0.288
961000,0.030,0.709,0.261
961500,0.030,0.726,0.244
962000,0.030,0.688,0.282
962500,0.030,0.702,0.268
963000,0.030,0.674,0.296
963500,0.030,0.657,0.313
964000,0.030,0.734,0.236
964500,0.030,0.734,0.236
965000,0.030,0.712,0.258
965500,0.030,0.675,0.295
966000,0.030,0.716,0.254
966500,0.030,0.633,0.337
967000,0.030,0.650,0.320
967500,0.030,0.657,0.313
968000,0.030,0.686,0.284
968500,0.030,0.698,0.272
969000,0.030,0.777,0.193
969500,0.030,0.822,0.148
970000,0.030,0.852,0.118
970500,0.030,0.777,0.193
971000,0.030,0.734,0.236
971500,0.030,0.752,0.218
972000,0.030,0.726,0.244
972500,0.030,0.731,0.239
973000,0.030,0.701,0.269
973500,0.030,0.716,0.254
974000,0.030,0.747,0.223
974500,0.030,0.734,0.236
975000,0.030,0.764,0.206
975500,0.030,0.779,0.191
976000,0.030,0.735,0.235
976500,0.030,0.773,0.197
977000,0.030,0.817,0.153
977500,0.030,0.798,0.172
978000,0.030,0.778,0.192
978500,0.030,0.735,0.235
979000,0.030,0.777,0.193
979500,0.030,0.742,0.228
980000,0.030,0.718,0.252
980500,0.030,0.697,0.273
981000,0.030,0.751,0.219
981500,0.030,0.780,0.190
982000,0.030,0.688,0.282
982500,0.030,0.774,0.196
983000,0.030,0.822,0.148
983500,0.030,0.871,0.099
984000,0.030,0.804,0.166
984500,0.030,0.693,0.277
985000,0.030,0.728,0.242
985500,0.030,0.772,0.198
986000,0.030,0.650,0.320
986500,0.030,0.760,0.210
987000,0.030,0.669,0.301
987500,0.030,0.680,0.290
988000,0.030,0.691,0.279
988500,0.030,0.763,0.207
989000,0.030,0.752,0.218
989500,0.030,0.785,0.185
990000,0.030,0.752,0.218
990500,0.030,0.783,0.187
991000,0.030,0.870,0.100
991500,0.030,0.789,0.181
992000,0.030,0.767,0.203
992500,0.030,0.799,0.171
993000,0.030,0.745,0.225
993500,0.030,0.690,0.280
994000,0.030,0.565,0.405
994500,0.030,0.754,0.216
995000,0.030,0.762,0.208
995500,0.030,0.776,0.194
996000,0.030,0.718,0.252
996500,0.030,0.753,0.217
997000,0.030,0.699,0.271
997500,0.030,0.682,0.288
998000,0.030,0.659,0.311
998500,0.030,0.671,0.299
999000,0.030,0.642,0.328
999500,0.030,0.658,0.312
1000000,0.030,0.689,0.281
