time,n_A+p,n_B,n_AB
500,0.010,0.966,0.024
1000,0.010,0.969,0.021
1500,0.010,0.925,0.065
2000,0.010,0.915,0.075
2500,0.010,0.853,0.137
3000,0.010,0.871,0.119
3500,0.010,0.851,0.139
4000,0.010,0.861,0.129
4500,0.010,0.930,0.060
5000,0.010,0.972,0.018
5500,0.010,0.950,0.040
6000,0.010,0.891,0.099
6500,0.010,0.844,0.146
7000,0.010,0.883,0.107
7500,0.010,0.949,0.041
8000,0.010,0.930,0.059
8500,0.010,0.915,0.075
9000,0.010,0.930,0.059
9500,0.010,0.932,0.058
10000,0.010,0.904,0.086
10500,0.010,0.921,0.069
11000,0.010,0.936,0.054
11500,0.010,0.920,0.070
12000,0.010,0.906,0.084
12500,0.010,0.919,0.071
13000,0.010,0.916,0.074
13500,0.010,0.934,0.055
14000,0.010,0.914,0.076
14500,0.010,0.923,0.067
15000,0.010,0.947,0.043
15500,0.010,0.925,0.065
16000,0.010,0.964,0.026
16500,0.010,0.907,0.083
17000,0.010,0.946,0.044
17500,0.010,0.936,0.054
18000,0.010,0.979,0.011
18500,0.010,0.938,0.052
19000,0.010,0.909,0.081
19500,0.010,0.934,0.056
20000,0.010,0.916,0.074
20500,0.010,0.952,0.038
21000,0.010,0.900,0.090
21500,0.010,0.895,0.095
22000,0.010,0.891,0.099
22500,0.010,0.911,0.079
23000,0.010,0.883,0.107
23500,0.010,0.946,0.044
24000,0.010,0.971,0.019
24500,0.010,0.942,0.048
25000,0.010,0.945,0.045
25500,0.010,0.927,0.062
26000,0.010,0.900,0.090
26500,0.010,0.786,0.204
27000,0.010,0.884,0.106
27500,0.010,0.948,0.042
28000,0.010,0.936,0.054
28500,0.010,0.899,0.091
29000,0.010,0.956,0.034
29500,0.010,0.946,0.044
30000,0.010,0.941,0.049
30500,0.010,0.933,0.056
31000,0.010,0.958,0.032
31500,0.010,0.952,0.038
32000,0.010,0.956,0.034
32500,0.010,0.929,0.060
33000,0.010,0.891,0.099
33500,0.010,0.948,0.042
34000,0.010,0.935,0.055
34500,0.010,0.934,0.055
35000,0.010,0.981,0.009
35500,0.010,0.915,0.075
36000,0.010,0.945,0.045
36500,0.010,0.927,0.062
37000,0.010,0.930,0.059
37500,0.010,0.895,0.095
38000,0.010,0.927,0.062
38500,0.010,0.922,0.068
39000,0.010,0.909,0.081
39500,0.010,0.919,0.071
40000,0.010,0.942,0.048
40500,0.010,0.953,0.037
41000,0.010,0.933,0.057
41500,0.010,0.873,0.117
42000,0.010,0.880,0.110
42500,0.010,0.860,0.130
43000,0.010,0.948,0.042
43500,0.010,0.952,0.038
44000,0.010,0.931,0.059
44500,0.010,0.967,0.023
45000,0.010,0.932,0.058
45500,0.010,0.963,0.027
46000,0.010,0.938,0.052
46500,0.010,0.948,0.042
47000,0.010,0.925,0.065
47500,0.010,0.941,0.049
48000,0.010,0.972,0.018
48500,0.010,0.957,0.033
49000,0.010,0.955,0.035
49500,0.010,0.937,0.053
50000,0.010,0.916,0.074
50500,0.010,0.949,0.041
51000,0.010,0.924,0.066
51500,0.010,0.953,0.037
52000,0.010,0.889,0.101
52500,0.010,0.929,0.061
53000,0.010,0.967,0.023
53500,0.010,0.940,0.050
54000,0.010,0.931,0.058
54500,0.010,0.962,0.028
55000,0.010,0.954,0.036
55500,0.010,0.935,0.054
56000,0.010,0.931,0.058
56500,0.010,0.880,0.110
57000,0.010,0.802,0.188
57500,0.010,0.872,0.118
58000,0.010,0.817,0.173
58500,0.010,0.903,0.087
59000,0.010,0.924,0.066
59500,0.010,0.905,0.085
60000,0.010,0.931,0.058
60500,0.010,0.939,0.051
61000,0.010,0.890,0.100
61500,0.010,0.873,0.117
62000,0.010,0.900,0.090
62500,0.010,0.876,0.114
63000,0.010,0.930,0.060
63500,0.010,0.919,0.071
64000,0.010,0.884,0.106
64500,0.010,0.912,0.078
65000,0.010,0.919,0.071
65500,0.010,0.924,0.066
66000,0.010,0.913,0.077
66500,0.010,0.931,0.058
67000,0.010,0.869,0.121
67500,0.010,0.894,0.096
68000,0.010,0.863,0.127
68500,0.010,0.830,0.160
69000,0.010,0.850,0.140
69500,0.010,0.847,0.143
70000,0.010,0.877,0.113
70500,0.010,0.935,0.054
71000,0.010,0.927,0.063
71500,0.010,0.933,0.056
72000,0.010,0.978,0.012
72500,0.010,0.959,0.031
73000,0.010,0.905,0.085
73500,0.010,0.838,0.152
74000,0.010,0.904,0.086
74500,0.010,0.895,0.095
75000,0.010,0.902,0.088
75500,0.010,0.833,0.157
76000,0.010,0.814,0.176
76500,0.010,0.852,0.138
77000,0.010,0.895,0.095
77500,0.010,0.953,0.037
78000,0.010,0.916,0.074
78500,0.010,0.920,0.070
79000,0.010,0.962,0.028
79500,0.010,0.930,0.060
80000,0.010,0.938,0.052
80500,0.010,0.904,0.086
81000,0.010,0.957,0.033
81500,0.010,0.949,0.041
82000,0.010,0.919,0.071
82500,0.010,0.958,0.032
83000,0.010,0.913,0.077
83500,0.010,0.902,0.088
84000,0.010,0.894,0.096
84500,0.010,0.937,0.053
85000,0.010,0.939,0.051
85500,0.010,0.903,0.087
86000,0.010,0.919,0.071
86500,0.010,0.951,0.039
87000,0.010,0.884,0.106
87500,0.010,0.875,0.115
88000,0.010,0.883,0.107
88500,0.010,0.928,0.061
89000,0.010,0.937,0.053
89500,0.010,0.938,0.052
90000,0.010,0.908,0.082
90500,0.010,0.965,0.025
91000,0.010,0.960,0.030
91500,0.010,0.877,0.113
92000,0.010,0.879,0.111
92500,0.010,0.848,0.142
93000,0.010,0.907,0.083
93500,0.010,0.936,0.053
94000,0.010,0.906,0.084
94500,0.010,0.943,0.047
95000,0.010,0.972,0.018
95500,0.010,0.934,0.055
96000,0.010,0.935,0.054
96500,0.010,0.948,0.042
97000,0.010,0.921,0.069
97500,0.010,0.930,0.059
98000,0.010,0.899,0.091
98500,0.010,0.913,0.077
99000,0.010,0.953,0.037
99500,0.010,0.946,0.044
100000,0.010,0.943,0.047
100500,0.010,0.966,0.024
101000,0.010,0.921,0.069
101500,0.010,0.965,0.025
102000,0.010,0.977,0.013
102500,0.010,0.951,0.039
103000,0.010,0.963,0.027
103500,0.010,0.964,0.026
104000,0.010,0.929,0.061
104500,0.010,0.944,0.046
105000,0.010,0.960,0.030
105500,0.010,0.916,0.074
106000,0.010,0.935,0.054
106500,0.010,0.965,0.025
107000,0.010,0.917,0.073
107500,0.010,0.901,0.089
108000,0.010,0.914,0.076
108500,0.010,0.885,0.105
109000,0.010,0.877,0.113
109500,0.010,0.918,0.072
110000,0.010,0.954,0.036
110500,0.010,0.888,0.102
111000,0.010,0.896,0.094
111500,0.010,0.885,0.105
112000,0.010,0.904,0.086
112500,0.010,0.856,0.134
113000,0.010,0.868,0.122
113500,0.010,0.928,0.062
114000,0.010,0.944,0.046
114500,0.010,0.951,0.039
115000,0.010,0.971,0.019
115500,0.010,0.909,0.081
116000,0.010,0.904,0.086
116500,0.010,0.916,0.074
117000,0.010,0.950,0.040
117500,0.010,0.901,0.089
118000,0.010,0.867,0.123
118500,0.010,0.845,0.145
119000,0.010,0.882,0.108
119500,0.010,0.837,0.153
120000,0.010,0.895,0.095
120500,0.010,0.904,0.086
121000,0.010,0.943,0.047
121500,0.010,0.927,0.062
122000,0.010,0.943,0.047
122500,0.010,0.931,0.058
123000,0.010,0.949,0.041
123500,0.010,0.854,0.136
124000,0.010,0.891,0.099
124500,0.010,0.889,0.101
125000,0.010,0.890,0.100
125500,0.010,0.848,0.142
126000,0.010,0.903,0.087
126500,0.010,0.923,0.067
127000,0.010,0.921,0.069
127500,0.010,0.938,0.052
128000,0.010,0.907,0.083
128500,0.010,0.911,0.079
129000,0.010,0.930,0.060
129500,0.010,0.932,0.057
130000,0.010,0.926,0.064
130500,0.010,0.933,0.057
131000,0.010,0.925,0.065
131500,0.010,0.916,0.074
132000,0.010,0.897,0.093
132500,0.010,0.956,0.034
133000,0.010,0.942,0.048
133500,0.010,0.954,0.036
134000,0.010,0.904,0.086
134500,0.010,0.905,0.085
135000,0.010,0.896,0.094
135500,0.010,0.891,0.099
136000,0.010,0.784,0.206
136500,0.010,0.873,0.117
137000,0.010,0.835,0.155
137500,0.010,0.913,0.077
138000,0.010,0.885,0.105
138500,0.010,0.912,0.078
139000,0.010,0.943,0.047
139500,0.010,0.890,0.100
140000,0.010,0.929,0.060
140500,0.010,0.854,0.136
141000,0.010,0.899,0.091
141500,0.010,0.870,0.120
142000,0.010,0.914,0.076
142500,0.010,0.933,0.056
143000,0.010,0.892,0.098
143500,0.010,0.855,0.135
144000,0.010,0.910,0.080
144500,0.010,0.879,0.111
145000,0.010,0.829,0.161
145500,0.010,0.850,0.140
146000,0.010,0.843,0.147
146500,0.010,0.898,0.092
147000,0.010,0.894,0.096
147500,0.010,0.925,0.065
148000,0.010,0.932,0.058
148500,0.010,0.901,0.089
149000,0.010,0.910,0.080
149500,0.010,0.956,0.034
150000,0.010,0.922,0.068
150500,0.010,0.920,0.070
151000,0.010,0.906,0.084
151500,0.010,0.933,0.057
152000,0.010,0.879,0.111
152500,0.010,0.913,0.077
153000,0.010,0.948,0.042
153500,0.010,0.956,0.034
154000,0.010,0.932,0.058
154500,0.010,0.905,0.085
155000,0.010,0.887,0.103
155500,0.010,0.872,0.118
156000,0.010,0.920,0.070
156500,0.010,0.934,0.055
157000,0.010,0.923,0.067
157500,0.010,0.935,0.055
158000,0.010,0.970,0.020
158500,0.010,0.936,0.053
159000,0.010,0.940,0.050
159500,0.010,0.905,0.085
160000,0.010,0.875,0.115
160500,0.010,0.843,0.147
161000,0.010,0.888,0.102
161500,0.010,0.888,0.102
162000,0.010,0.877,0.113
162500,0.010,0.928,0.061
163000,0.010,0.969,0.021
163500,0.010,0.904,0.086
164000,0.010,0.802,0.188
164500,0.010,0.821,0.169
165000,0.010,0.901,0.089
165500,0.010,0.818,0.172
166000,0.010,0.841,0.149
166500,0.010,0.851,0.139
167000,0.010,0.900,0.090
167500,0.010,0.941,0.049
168000,0.010,0.969,0.021
168500,0.010,0.942,0.048
169000,0.010,0.854,0.136
169500,0.010,0.826,0.164
170000,0.010,0.857,0.133
170500,0.010,0.845,0.145
171000,0.010,0.844,0.146
171500,0.010,0.884,0.106
172000,0.010,0.917,0.073
172500,0.010,0.867,0.123
173000,0.010,0.899,0.091
173500,0.010,0.920,0.070
174000,0.010,0.962,0.028
174500,0.010,0.911,0.079
175000,0.010,0.937,0.053
175500,0.010,0.952,0.038
176000,0.010,0.959,0.031
176500,0.010,0.965,0.025
177000,0.010,0.959,0.031
177500,0.010,0.967,0.023
178000,0.010,0.913,0.077
178500,0.010,0.900,0.090
179000,0.010,0.940,0.050
179500,0.010,0.919,0.071
180000,0.010,0.918,0.072
180500,0.010,0.902,0.088
181000,0.010,0.911,0.079
181500,0.010,0.882,0.108
182000,0.010,0.814,0.176
182500,0.010,0.861,0.129
183000,0.010,0.815,0.175
183500,0.010,0.922,0.068
184000,0.010,0.898,0.092
184500,0.010,0.930,0.059
185000,0.010,0.872,0.118
185500,0.010,0.904,0.086
186000,0.010,0.888,0.102
186500,0.010,0.904,0.086
187000,0.010,0.917,0.073
187500,0.010,0.874,0.116
188000,0.010,0.914,0.076
188500,0.010,0.948,0.042
189000,0.010,0.956,0.034
189500,0.010,0.969,0.021
190000,0.010,0.967,0.023
190500,0.010,0.982,0.008
191000,0.010,0.970,0.020
191500,0.010,0.958,0.032
192000,0.010,0.945,0.045
192500,0.010,0.897,0.093
193000,0.010,0.926,0.064
193500,0.010,0.909,0.081
194000,0.010,0.887,0.103
194500,0.010,0.897,0.093
195000,0.010,0.926,0.064
195500,0.010,0.919,0.071
196000,0.010,0.835,0.155
196500,0.010,0.789,0.201
197000,0.010,0.866,0.124
197500,0.010,0.911,0.079
198000,0.010,0.888,0.102
198500,0.010,0.836,0.154
199000,0.010,0.879,0.111
199500,0.010,0.892,0.098
200000,0.010,0.911,0.079
200500,0.010,0.920,0.070
201000,0.010,0.933,0.057
201500,0.010,0.934,0.056
202000,0.010,0.913,0.077
202500,0.010,0.912,0.078
203000,0.010,0.839,0.151
203500,0.010,0.892,0.098
204000,0.010,0.839,0.151
204500,0.010,0.926,0.064
205000,0.010,0.931,0.058
205500,0.010,0.867,0.123
206000,0.010,0.845,0.145
206500,0.010,0.872,0.118
207000,0.010,0.930,0.060
207500,0.010,0.957,0.033
208000,0.010,0.917,0.073
208500,0.010,0.939,0.051
209000,0.010,0.871,0.119
209500,0.010,0.888,0.102
210000,0.010,0.882,0.108
210500,0.010,0.930,0.060
211000,0.010,0.959,0.031
211500,0.010,0.905,0.085
212000,0.010,0.971,0.019
212500,0.010,0.900,0.090
213000,0.010,0.959,0.031
213500,0.010,0.957,0.033
214000,0.010,0.980,0.010
214500,0.010,0.967,0.023
215000,0.010,0.925,0.065
215500,0.010,0.974,0.016
216000,0.010,0.960,0.030
216500,0.010,0.936,0.053
217000,0.010,0.966,0.024
217500,0.010,0.946,0.044
218000,0.010,0.891,0.099
218500,0.010,0.892,0.098
219000,0.010,0.946,0.044
219500,0.010,0.954,0.036
220000,0.010,0.907,0.083
220500,0.010,0.936,0.054
221000,0.010,0.936,0.053
221500,0.010,0.946,0.044
222000,0.010,0.900,0.090
222500,0.010,0.894,0.096
223000,0.010,0.929,0.061
223500,0.010,0.932,0.057
224000,0.010,0.911,0.079
224500,0.010,0.954,0.036
225000,0.010,0.954,0.036
225500,0.010,0.872,0.118
226000,0.010,0.934,0.056
226500,0.010,0.921,0.069
227000,0.010,0.932,0.058
227500,0.010,0.904,0.086
228000,0.010,0.917,0.073
228500,0.010,0.914,0.076
229000,0.010,0.917,0.073
229500,0.010,0.902,0.088
230000,0.010,0.949,0.041
230500,0.010,0.962,0.028
231000,0.010,0.921,0.069
231500,0.010,0.909,0.081
232000,0.010,0.891,0.099
232500,0.010,0.866,0.124
233000,0.010,0.869,0.121
233500,0.010,0.902,0.088
234000,0.010,0.907,0.083
234500,0.010,0.876,0.114
235000,0.010,0.858,0.132
235500,0.010,0.925,0.065
236000,0.010,0.946,0.044
236500,0.010,0.963,0.027
237000,0.010,0.915,0.075
237500,0.010,0.917,0.073
238000,0.010,0.953,0.037
238500,0.010,0.932,0.058
239000,0.010,0.896,0.094
239500,0.010,0.909,0.081
240000,0.010,0.885,0.105
240500,0.010,0.935,0.054
241000,0.010,0.942,0.048
241500,0.010,0.944,0.046
242000,0.010,0.924,0.066
242500,0.010,0.907,0.083
243000,0.010,0.929,0.061
243500,0.010,0.922,0.068
244000,0.010,0.948,0.042
244500,0.010,0.836,0.154
245000,0.010,0.890,0.100
245500,0.010,0.897,0.093
246000,0.010,0.826,0.164
246500,0.010,0.901,0.089
247000,0.010,0.936,0.054
247500,0.010,0.893,0.097
248000,0.010,0.916,0.074
248500,0.010,0.889,0.101
249000,0.010,0.939,0.051
249500,0.010,0.912,0.078
250000,0.010,0.911,0.079
250500,0.010,0.856,0.134
251000,0.010,0.884,0.106
251500,0.010,0.879,0.111
252000,0.010,0.899,0.091
252500,0.010,0.892,0.098
253000,0.010,0.911,0.079
253500,0.010,0.886,0.104
254000,0.010,0.881,0.109
254500,0.010,0.927,0.063
255000,0.010,0.956,0.034
255500,0.010,0.902,0.088
256000,0.010,0.892,0.098
256500,0.010,0.883,0.107
257000,0.010,0.856,0.134
257500,0.010,0.861,0.129
258000,0.010,0.812,0.178
258500,0.010,0.782,0.208
259000,0.010,0.883,0.107
259500,0.010,0.906,0.084
260000,0.010,0.921,0.069
260500,0.010,0.904,0.086
261000,0.010,0.895,0.095
261500,0.010,0.895,0.095
262000,0.010,0.886,0.104
262500,0.010,0.931,0.059
263000,0.010,0.936,0.053
263500,0.010,0.937,0.053
264000,0.010,0.941,0.049
264500,0.010,0.931,0.058
265000,0.010,0.929,0.060
265500,0.010,0.925,0.065
266000,0.010,0.919,0.071
266500,0.010,0.926,0.064
267000,0.010,0.915,0.075
267500,0.010,0.841,0.149
268000,0.010,0.828,0.162
268500,0.010,0.914,0.076
269000,0.010,0.948,0.042
269500,0.010,0.904,0.086
270000,0.010,0.891,0.099
270500,0.010,0.882,0.108
271000,0.010,0.915,0.075
271500,0.010,0.845,0.145
272000,0.010,0.877,0.113
272500,0.010,0.922,0.068
273000,0.010,0.939,0.051
273500,0.010,0.961,0.029
274000,0.010,0.921,0.069
274500,0.010,0.894,0.096
275000,0.010,0.806,0.184
275500,0.010,0.901,0.089
276000,0.010,0.971,0.019
276500,0.010,0.889,0.101
277000,0.010,0.922,0.068
277500,0.010,0.896,0.094
278000,0.010,0.882,0.108
278500,0.010,0.973,0.017
279000,0.010,0.980,0.010
279500,0.010,0.922,0.068
280000,0.010,0.961,0.029
280500,0.010,0.985,0.005
281000,0.010,0.930,0.060
281500,0.010,0.907,0.083
282000,0.010,0.873,0.117
282500,0.010,0.903,0.087
283000,0.010,0.873,0.117
283500,0.010,0.872,0.118
284000,0.010,0.948,0.042
284500,0.010,0.964,0.026
285000,0.010,0.944,0.046
285500,0.010,0.897,0.093
286000,0.010,0.880,0.110
286500,0.010,0.823,0.167
287000,0.010,0.903,0.087
287500,0.010,0.924,0.066
288000,0.010,0.888,0.102
288500,0.010,0.922,0.068
289000,0.010,0.898,0.092
289500,0.010,0.852,0.138
290000,0.010,0.863,0.127
290500,0.010,0.934,0.056
291000,0.010,0.932,0.058
291500,0.010,0.916,0.074
292000,0.010,0.936,0.054
292500,0.010,0.950,0.040
293000,0.010,0.923,0.067
293500,0.010,0.863,0.127
294000,0.010,0.916,0.074
294500,0.010,0.919,0.071
295000,0.010,0.954,0.036
295500,0.010,0.965,0.025
296000,0.010,0.921,0.069
296500,0.010,0.955,0.035
297000,0.010,0.935,0.055
297500,0.010,0.874,0.116
298000,0.010,0.910,0.080
298500,0.010,0.947,0.043
299000,0.010,0.965,0.025
299500,0.010,0.935,0.054
300000,0.010,0.975,0.015
300500,0.010,0.922,0.068
301000,0.010,0.916,0.074
301500,0.010,0.908,0.082
302000,0.010,0.938,0.052
302500,0.010,0.919,0.071
303000,0.010,0.905,0.085
303500,0.010,0.907,0.083
304000,0.010,0.908,0.082
304500,0.010,0.926,0.064
305000,0.010,0.931,0.059
305500,0.010,0.893,0.097
306000,0.010,0.924,0.066
306500,0.010,0.901,0.089
307000,0.010,0.905,0.085
307500,0.010,0.883,0.107
308000,0.010,0.918,0.072
308500,0.010,0.899,0.091
309000,0.010,0.849,0.141
309500,0.010,0.884,0.106
310000,0.010,0.901,0.089
310500,0.010,0.918,0.072
311000,0.010,0.979,0.011
311500,0.010,0.943,0.047
312000,0.010,0.883,0.107
312500,0.010,0.886,0.104
313000,0.010,0.870,0.120
313500,0.010,0.887,0.103
314000,0.010,0.869,0.121
314500,0.010,0.956,0.034
315000,0.010,0.983,0.007
315500,0.010,0.908,0.082
316000,0.010,0.903,0.087
316500,0.010,0.924,0.066
317000,0.010,0.845,0.145
317500,0.010,0.890,0.100
318000,0.010,0.900,0.090
318500,0.010,0.933,0.056
319000,0.010,0.917,0.073
319500,0.010,0.925,0.065
320000,0.010,0.939,0.051
320500,0.010,0.911,0.079
321000,0.010,0.970,0.020
321500,0.010,0.905,0.085
322000,0.010,0.882,0.108
322500,0.010,0.957,0.033
323000,0.010,0.912,0.078
323500,0.010,0.898,0.092
324000,0.010,0.927,0.062
324500,0.010,0.955,0.035
325000,0.010,0.906,0.084
325500,0.010,0.893,0.097
326000,0.010,0.863,0.127
326500,0.010,0.888,0.102
327000,0.010,0.928,0.062
327500,0.010,0.961,0.029
328000,0.010,0.907,0.083
328500,0.010,0.935,0.054
329000,0.010,0.925,0.065
329500,0.010,0.931,0.059
330000,0.010,0.963,0.027
330500,0.010,0.971,0.019
331000,0.010,0.973,0.017
331500,0.010,0.966,0.024
332000,0.010,0.962,0.028
332500,0.010,0.973,0.017
333000,0.010,0.939,0.051
333500,0.010,0.860,0.130
334000,0.010,0.914,0.076
334500,0.010,0.900,0.090
335000,0.010,0.924,0.066
335500,0.010,0.919,0.071
336000,0.010,0.900,0.090
336500,0.010,0.953,0.037
337000,0.010,0.920,0.070
337500,0.010,0.956,0.034
338000,0.010,0.915,0.075
338500,0.010,0.947,0.043
339000,0.010,0.931,0.059
339500,0.010,0.919,0.071
340000,0.010,0.899,0.091
340500,0.010,0.883,0.107
341000,0.010,0.894,0.096
341500,0.010,0.905,0.085
342000,0.010,0.902,0.088
342500,0.010,0.938,0.052
343000,0.010,0.907,0.083
343500,0.010,0.862,0.128
344000,0.010,0.826,0.164
344500,0.010,0.834,0.156
345000,0.010,0.866,0.124
345500,0.010,0.885,0.105
346000,0.010,0.885,0.105
346500,0.010,0.917,0.073
347000,0.010,0.905,0.085
347500,0.010,0.900,0.090
348000,0.010,0.843,0.147
348500,0.010,0.860,0.130
349000,0.010,0.859,0.131
349500,0.010,0.868,0.122
350000,0.010,0.887,0.103
350500,0.010,0.909,0.081
351000,0.010,0.953,0.037
351500,0.010,0.914,0.076
352000,0.010,0.937,0.053
352500,0.010,0.956,0.034
353000,0.010,0.901,0.089
353500,0.010,0.886,0.104
354000,0.010,0.842,0.148
354500,0.010,0.906,0.084
355000,0.010,0.862,0.128
355500,0.010,0.879,0.111
356000,0.010,0.889,0.101
356500,0.010,0.916,0.074
357000,0.010,0.809,0.180
357500,0.010,0.877,0.113
358000,0.010,0.866,0.124
358500,0.010,0.890,0.100
359000,0.010,0.958,0.032
359500,0.010,0.942,0.048
360000,0.010,0.924,0.066
360500,0.010,0.941,0.049
361000,0.010,0.894,0.096
361500,0.010,0.942,0.048
362000,0.010,0.969,0.021
362500,0.010,0.966,0.024
363000,0.010,0.943,0.047
363500,0.010,0.901,0.089
364000,0.010,0.874,0.116
364500,0.010,0.886,0.104
365000,0.010,0.871,0.119
365500,0.010,0.904,0.086
366000,0.010,0.879,0.111
366500,0.010,0.831,0.159
367000,0.010,0.910,0.080
367500,0.010,0.907,0.083
368000,0.010,0.823,0.167
368500,0.010,0.891,0.099
369000,0.010,0.948,0.042
369500,0.010,0.926,0.064
370000,0.010,0.917,0.073
370500,0.010,0.941,0.049
371000,0.010,0.926,0.064
371500,0.010,0.875,0.115
372000,0.010,0.916,0.074
372500,0.010,0.965,0.025
373000,0.010,0.953,0.037
373500,0.010,0.937,0.053
374000,0.010,0.903,0.087
374500,0.010,0.913,0.077
375000,0.010,0.864,0.126
375500,0.010,0.907,0.083
376000,0.010,0.875,0.115
376500,0.010,0.841,0.149
377000,0.010,0.798,0.192
377500,0.010,0.838,0.152
378000,0.010,0.894,0.096
378500,0.010,0.954,0.036
379000,0.010,0.920,0.070
379500,0.010,0.906,0.084
380000,0.010,0.912,0.078
380500,0.010,0.913,0.077
381000,0.010,0.846,0.144
381500,0.010,0.887,0.103
382000,0.010,0.860,0.130
382500,0.010,0.850,0.140
383000,0.010,0.834,0.156
383500,0.010,0.899,0.091
384000,0.010,0.938,0.052
384500,0.010,0.899,0.091
385000,0.010,0.942,0.048
385500,0.010,0.937,0.053
386000,0.010,0.943,0.047
386500,0.010,0.935,0.055
387000,0.010,0.975,0.015
387500,0.010,0.917,0.073
388000,0.010,0.895,0.095
388500,0.010,0.881,0.109
389000,0.010,0.880,0.110
389500,0.010,0.959,0.031
390000,0.010,0.944,0.046
390500,0.010,0.964,0.026
391000,0.010,0.935,0.055
391500,0.010,0.819,0.171
392000,0.010,0.871,0.119
392500,0.010,0.917,0.073
393000,0.010,0.940,0.050
393500,0.010,0.935,0.054
394000,0.010,0.873,0.117
394500,0.010,0.890,0.100
395000,0.010,0.881,0.109
395500,0.010,0.943,0.047
396000,0.010,0.951,0.039
396500,0.010,0.924,0.066
397000,0.010,0.928,0.061
397500,0.010,0.923,0.067
398000,0.010,0.940,0.050
398500,0.010,0.878,0.112
399000,0.010,0.893,0.097
399500,0.010,0.891,0.099
400000,0.010,0.891,0.099
400500,0.010,0.947,0.043
401000,0.010,0.907,0.083
401500,0.010,0.971,0.019
402000,0.010,0.938,0.052
402500,0.010,0.925,0.065
403000,0.010,0.916,0.074
403500,0.010,0.953,0.037
404000,0.010,0.898,0.092
404500,0.010,0.899,0.091
405000,0.010,0.890,0.100
405500,0.010,0.924,0.066
406000,0.010,0.918,0.072
406500,0.010,0.880,0.110
407000,0.010,0.873,0.117
407500,0.010,0.877,0.113
408000,0.010,0.887,0.103
408500,0.010,0.852,0.138
409000,0.010,0.870,0.120
409500,0.010,0.898,0.092
410000,0.010,0.923,0.067
410500,0.010,0.909,0.081
411000,0.010,0.934,0.055
411500,0.010,0.903,0.087
412000,0.010,0.966,0.024
412500,0.010,0.942,0.048
413000,0.010,0.933,0.057
413500,0.010,0.951,0.039
414000,0.010,0.921,0.069
414500,0.010,0.900,0.090
415000,0.010,0.879,0.111
415500,0.010,0.879,0.111
416000,0.010,0.889,0.101
416500,0.010,0.853,0.137
417000,0.010,0.944,0.046
417500,0.010,0.908,0.082
418000,0.010,0.822,0.168
418500,0.010,0.825,0.165
419000,0.010,0.833,0.157
419500,0.010,0.820,0.170
420000,0.010,0.870,0.120
420500,0.010,0.842,0.148
421000,0.010,0.931,0.059
421500,0.010,0.958,0.032
422000,0.010,0.872,0.118
422500,0.010,0.886,0.104
423000,0.010,0.893,0.097
423500,0.010,0.853,0.137
424000,0.010,0.903,0.087
424500,0.010,0.934,0.055
425000,0.010,0.958,0.032
425500,0.010,0.971,0.019
426000,0.010,0.945,0.045
426500,0.010,0.895,0.095
427000,0.010,0.907,0.083
427500,0.010,0.877,0.113
428000,0.010,0.895,0.095
428500,0.010,0.879,0.111
429000,0.010,0.845,0.145
429500,0.010,0.886,0.104
430000,0.010,0.934,0.056
430500,0.010,0.921,0.069
431000,0.010,0.868,0.122
431500,0.010,0.921,0.069
432000,0.010,0.954,0.036
432500,0.010,0.971,0.019
433000,0.010,0.940,0.050
433500,0.010,0.913,0.077
434000,0.010,0.926,0.064
434500,0.010,0.918,0.072
435000,0.010,0.916,0.074
435500,0.010,0.956,0.034
436000,0.010,0.973,0.017
436500,0.010,0.979,0.011
437000,0.010,0.940,0.050
437500,0.010,0.937,0.053
438000,0.010,0.940,0.050
438500,0.010,0.951,0.039
439000,0.010,0.931,0.058
439500,0.010,0.936,0.054
440000,0.010,0.927,0.062
440500,0.010,0.944,0.046
441000,0.010,0.932,0.057
441500,0.010,0.917,0.073
442000,0.010,0.925,0.065
442500,0.010,0.948,0.042
443000,0.010,0.955,0.035
443500,0.010,0.965,0.025
444000,0.010,0.981,0.009
444500,0.010,0.966,0.024
445000,0.010,0.919,0.071
445500,0.010,0.957,0.033
446000,0.010,0.956,0.034
446500,0.010,0.947,0.043
447000,0.010,0.947,0.043
447500,0.010,0.924,0.066
448000,0.010,0.848,0.142
448500,0.010,0.907,0.083
449000,0.010,0.902,0.088
449500,0.010,0.938,0.052
450000,0.010,0.909,0.081
450500,0.010,0.911,0.079
451000,0.010,0.898,0.092
451500,0.010,0.810,0.180
452000,0.010,0.839,0.151
452500,0.010,0.876,0.114
453000,0.010,0.852,0.138
453500,0.010,0.923,0.067
454000,0.010,0.884,0.106
454500,0.010,0.902,0.088
455000,0.010,0.935,0.054
455500,0.010,0.900,0.090
456000,0.010,0.834,0.156
456500,0.010,0.890,0.100
457000,0.010,0.881,0.109
457500,0.010,0.900,0.090
458000,0.010,0.876,0.114
458500,0.010,0.899,0.091
459000,0.010,0.920,0.070
459500,0.010,0.914,0.076
460000,0.010,0.924,0.066
460500,0.010,0.949,0.041
461000,0.010,0.929,0.061
461500,0.010,0.942,0.048
462000,0.010,0.909,0.081
462500,0.010,0.852,0.138
463000,0.010,0.868,0.122
463500,0.010,0.818,0.172
464000,0.010,0.879,0.111
464500,0.010,0.916,0.074
465000,0.010,0.894,0.096
465500,0.010,0.931,0.059
466000,0.010,0.886,0.104
466500,0.010,0.841,0.149
467000,0.010,0.922,0.068
467500,0.010,0.879,0.111
468000,0.010,0.928,0.061
468500,0.010,0.920,0.070
469000,0.010,0.886,0.104
469500,0.010,0.873,0.117
470000,0.010,0.914,0.076
470500,0.010,0.945,0.045
471000,0.010,0.982,0.008
471500,0.010,0.932,0.057
472000,0.010,0.897,0.093
472500,0.010,0.905,0.085
473000,0.010,0.948,0.042
473500,0.010,0.925,0.065
474000,0.010,0.933,0.056
474500,0.010,0.938,0.052
475000,0.010,0.949,0.041
475500,0.010,0.896,0.094
476000,0.010,0.875,0.115
476500,0.010,0.851,0.139
477000,0.010,0.839,0.151
477500,0.010,0.924,0.066
478000,0.010,0.893,0.097
478500,0.010,0.894,0.096
479000,0.010,0.899,0.091
479500,0.010,0.934,0.056
480000,0.010,0.917,0.073
480500,0.010,0.881,0.109
481000,0.010,0.813,0.177
481500,0.010,0.815,0.175
482000,0.010,0.881,0.109
482500,0.010,0.949,0.041
483000,0.010,0.916,0.074
483500,0.010,0.943,0.047
484000,0.010,0.935,0.054
484500,0.010,0.927,0.062
485000,0.010,0.909,0.081
485500,0.010,0.873,0.117
486000,0.010,0.913,0.077
486500,0.010,0.904,0.086
487000,0.010,0.845,0.145
487500,0.010,0.839,0.151
488000,0.010,0.903,0.087
488500,0.010,0.894,0.096
489000,0.010,0.904,0.086
489500,0.010,0.915,0.075
490000,0.010,0.930,0.059
490500,0.010,0.917,0.073
491000,0.010,0.879,0.111
491500,0.010,0.855,0.135
492000,0.010,0.937,0.053
492500,0.010,0.885,0.105
493000,0.010,0.862,0.128
493500,0.010,0.933,0.056
494000,0.010,0.941,0.049
494500,0.010,0.890,0.100
495000,0.010,0.932,0.057
495500,0.010,0.917,0.073
496000,0.010,0.812,0.177
496500,0.010,0.861,0.129
497000,0.010,0.896,0.094
497500,0.010,0.917,0.073
498000,0.010,0.885,0.105
498500,0.010,0.902,0.088
499000,0.010,0.898,0.092
499500,0.010,0.895,0.095
500000,0.010,0.970,0.020
500500,0.010,0.980,0.010
501000,0.010,0.977,0.013
501500,0.010,0.983,0.007
502000,0.010,0.936,0.053
502500,0.010,0.936,0.054
503000,0.010,0.933,0.056
503500,0.010,0.954,0.036
504000,0.010,0.935,0.054
504500,0.010,0.948,0.042
505000,0.010,0.970,0.020
505500,0.010,0.978,0.012
506000,0.010,0.969,0.021
506500,0.010,0.904,0.086
507000,0.010,0.894,0.096
507500,0.010,0.819,0.171
508000,0.010,0.871,0.119
508500,0.010,0.928,0.062
509000,0.010,0.850,0.140
509500,0.010,0.888,0.102
510000,0.010,0.899,0.091
510500,0.010,0.910,0.080
511000,0.010,0.880,0.110
511500,0.010,0.885,0.105
512000,0.010,0.870,0.120
512500,0.010,0.911,0.079
513000,0.010,0.968,0.022
513500,0.010,0.949,0.041
514000,0.010,0.939,0.051
514500,0.010,0.905,0.085
515000,0.010,0.961,0.029
515500,0.010,0.967,0.023
516000,0.010,0.963,0.027
516500,0.010,0.917,0.073
517000,0.010,0.897,0.093
517500,0.010,0.921,0.069
518000,0.010,0.899,0.091
518500,0.010,0.842,0.148
519000,0.010,0.880,0.110
519500,0.010,0.899,0.091
520000,0.010,0.956,0.034
520500,0.010,0.908,0.082
521000,0.010,0.892,0.098
521500,0.010,0.951,0.039
522000,0.010,0.928,0.062
522500,0.010,0.928,0.061
523000,0.010,0.914,0.076
523500,0.010,0.779,0.211
524000,0.010,0.861,0.129
524500,0.010,0.923,0.067
525000,0.010,0.787,0.203
525500,0.010,0.846,0.144
526000,0.010,0.913,0.077
526500,0.010,0.927,0.063
527000,0.010,0.916,0.074
527500,0.010,0.951,0.039
528000,0.010,0.896,0.094
528500,0.010,0.903,0.087
529000,0.010,0.942,0.048
529500,0.010,0.851,0.139
530000,0.010,0.841,0.149
530500,0.010,0.907,0.083
531000,0.010,0.900,0.090
531500,0.010,0.900,0.090
532000,0.010,0.933,0.056
532500,0.010,0.895,0.095
533000,0.010,0.862,0.128
533500,0.010,0.931,0.058
534000,0.010,0.928,0.062
534500,0.010,0.954,0.036
535000,0.010,0.929,0.060
535500,0.010,0.943,0.047
536000,0.010,0.944,0.046
536500,0.010,0.903,0.087
537000,0.010,0.895,0.095
537500,0.010,0.924,0.066
538000,0.010,0.943,0.047
538500,0.010,0.949,0.041
539000,0.010,0.965,0.025
539500,0.010,0.950,0.040
540000,0.010,0.919,0.071
540500,0.010,0.946,0.044
541000,0.010,0.911,0.079
541500,0.010,0.909,0.081
542000,0.010,0.884,0.106
542500,0.010,0.905,0.085
543000,0.010,0.863,0.127
543500,0.010,0.859,0.131
544000,0.010,0.923,0.067
544500,0.010,0.942,0.048
545000,0.010,0.950,0.040
545500,0.010,0.909,0.081
546000,0.010,0.855,0.135
546500,0.010,0.909,0.081
547000,0.010,0.848,0.142
547500,0.010,0.873,0.117
548000,0.010,0.875,0.115
548500,0.010,0.902,0.088
549000,0.010,0.883,0.107
549500,0.010,0.926,0.064
550000,0.010,0.914,0.076
550500,0.010,0.879,0.111
551000,0.010,0.888,0.102
551500,0.010,0.914,0.076
552000,0.010,0.909,0.081
552500,0.010,0.955,0.035
553000,0.010,0.953,0.037
553500,0.010,0.933,0.056
554000,0.010,0.959,0.031
554500,0.010,0.866,0.124
555000,0.010,0.920,0.070
555500,0.010,0.950,0.040
556000,0.010,0.946,0.044
556500,0.010,0.909,0.081
557000,0.010,0.928,0.062
557500,0.010,0.955,0.035
558000,0.010,0.954,0.036
558500,0.010,0.964,0.026
559000,0.010,0.928,0.061
559500,0.010,0.945,0.045
560000,0.010,0.954,0.036
560500,0.010,0.934,0.056
561000,0.010,0.855,0.135
561500,0.010,0.865,0.125
562000,0.010,0.916,0.074
562500,0.010,0.930,0.059
563000,0.010,0.955,0.035
563500,0.010,0.980,0.010
564000,0.010,0.958,0.032
564500,0.010,0.953,0.037
565000,0.010,0.896,0.094
565500,0.010,0.903,0.087
566000,0.010,0.914,0.076
566500,0.010,0.936,0.054
567000,0.010,0.929,0.061
567500,0.010,0.962,0.028
568000,0.010,0.873,0.117
568500,0.010,0.901,0.089
569000,0.010,0.938,0.052
569500,0.010,0.942,0.048
570000,0.010,0.870,0.120
570500,0.010,0.876,0.114
571000,0.010,0.882,0.108
571500,0.010,0.946,0.044
572000,0.010,0.870,0.120
572500,0.010,0.910,0.080
573000,0.010,0.919,0.071
573500,0.010,0.954,0.036
574000,0.010,0.932,0.057
574500,0.010,0.916,0.074
575000,0.010,0.887,0.103
575500,0.010,0.930,0.059
576000,0.010,0.931,0.058
576500,0.010,0.907,0.083
577000,0.010,0.920,0.070
577500,0.010,0.888,0.102
578000,0.010,0.899,0.091
578500,0.010,0.867,0.123
579000,0.010,0.878,0.112
579500,0.010,0.859,0.131
580000,0.010,0.845,0.145
580500,0.010,0.819,0.171
581000,0.010,0.804,0.185
581500,0.010,0.867,0.123
582000,0.010,0.963,0.027
582500,0.010,0.928,0.062
583000,0.010,0.920,0.070
583500,0.010,0.969,0.021
584000,0.010,0.953,0.037
584500,0.010,0.948,0.042
585000,0.010,0.893,0.097
585500,0.010,0.863,0.127
586000,0.010,0.941,0.049
586500,0.010,0.948,0.042
587000,0.010,0.919,0.071
587500,0.010,0.951,0.039
588000,0.010,0.903,0.087
588500,0.010,0.885,0.105
589000,0.010,0.891,0.099
589500,0.010,0.932,0.058
590000,0.010,0.897,0.093
590500,0.010,0.944,0.046
591000,0.010,0.975,0.015
591500,0.010,0.902,0.088
592000,0.010,0.866,0.124
592500,0.010,0.939,0.051
593000,0.010,0.890,0.100
593500,0.010,0.825,0.165
594000,0.010,0.906,0.084
594500,0.010,0.920,0.070
595000,0.010,0.932,0.057
595500,0.010,0.890,0.100
596000,0.010,0.923,0.067
596500,0.010,0.948,0.042
597000,0.010,0.935,0.055
597500,0.010,0.945,0.045
598000,0.010,0.929,0.061
598500,0.010,0.890,0.100
599000,0.010,0.928,0.061
599500,0.010,0.928,0.062
600000,0.010,0.906,0.084
600500,0.010,0.902,0.088
601000,0.010,0.879,0.111
601500,0.010,0.917,0.073
602000,0.010,0.890,0.100
602500,0.010,0.932,0.058
603000,0.010,0.956,0.034
603500,0.010,0.963,0.027
604000,0.010,0.897,0.093
604500,0.010,0.816,0.174
605000,0.010,0.870,0.120
605500,0.010,0.913,0.077
606000,0.010,0.924,0.066
606500,0.010,0.911,0.079
607000,0.010,0.906,0.084
607500,0.010,0.821,0.169
608000,0.010,0.824,0.166
608500,0.010,0.892,0.098
609000,0.010,0.899,0.091
609500,0.010,0.874,0.116
610000,0.010,0.939,0.051
610500,0.010,0.892,0.098
611000,0.010,0.885,0.105
611500,0.010,0.924,0.066
612000,0.010,0.759,0.231
612500,0.010,0.842,0.148
613000,0.010,0.917,0.073
613500,0.010,0.944,0.046
614000,0.010,0.958,0.032
614500,0.010,0.923,0.067
615000,0.010,0.894,0.096
615500,0.010,0.920,0.070
616000,0.010,0.874,0.116
616500,0.010,0.871,0.119
617000,0.010,0.832,0.158
617500,0.010,0.955,0.035
618000,0.010,0.913,0.077
618500,0.010,0.918,0.072
619000,0.010,0.913,0.077
619500,0.010,0.977,0.013
620000,0.010,0.905,0.085
620500,0.010,0.934,0.055
621000,0.010,0.891,0.099
621500,0.010,0.887,0.103
622000,0.010,0.874,0.116
622500,0.010,0.917,0.073
623000,0.010,0.907,0.083
623500,0.010,0.926,0.064
624000,0.010,0.978,0.012
624500,0.010,0.944,0.046
625000,0.010,0.902,0.088
625500,0.010,0.900,0.090
626000,0.010,0.892,0.098
626500,0.010,0.934,0.056
627000,0.010,0.870,0.120
627500,0.010,0.896,0.094
628000,0.010,0.896,0.094
628500,0.010,0.915,0.075
629000,0.010,0.850,0.140
629500,0.010,0.839,0.151
630000,0.010,0.885,0.105
630500,0.010,0.865,0.125
631000,0.010,0.951,0.039
631500,0.010,0.893,0.097
632000,0.010,0.897,0.093
632500,0.010,0.884,0.106
633000,0.010,0.924,0.066
633500,0.010,0.945,0.045
634000,0.010,0.907,0.083
634500,0.010,0.870,0.120
635000,0.010,0.929,0.061
635500,0.010,0.944,0.046
636000,0.010,0.932,0.058
636500,0.010,0.911,0.079
637000,0.010,0.904,0.086
637500,0.010,0.907,0.083
638000,0.010,0.952,0.038
638500,0.010,0.913,0.077
639000,0.010,0.917,0.073
639500,0.010,0.929,0.060
640000,0.010,0.859,0.131
640500,0.010,0.917,0.073
641000,0.010,0.944,0.046
641500,0.010,0.970,0.020
642000,0.010,0.980,0.010
642500,0.010,0.954,0.036
643000,0.010,0.924,0.066
643500,0.010,0.918,0.072
644000,0.010,0.908,0.082
644500,0.010,0.925,0.065
645000,0.010,0.934,0.055
645500,0.010,0.922,0.068
646000,0.010,0.969,0.021
646500,0.010,0.969,0.021
647000,0.010,0.911,0.079
647500,0.010,0.885,0.105
648000,0.010,0.870,0.120
648500,0.010,0.823,0.167
649000,0.010,0.868,0.122
649500,0.010,0.890,0.100
650000,0.010,0.942,0.048
650500,0.010,0.920,0.070
651000,0.010,0.876,0.114
651500,0.010,0.917,0.073
652000,0.010,0.929,0.060
652500,0.010,0.898,0.092
653000,0.010,0.938,0.052
653500,0.010,0.884,0.106
654000,0.010,0.907,0.083
654500,0.010,0.902,0.088
655000,0.010,0.952,0.038
655500,0.010,0.970,0.020
656000,0.010,0.901,0.089
656500,0.010,0.874,0.116
657000,0.010,0.935,0.054
657500,0.010,0.914,0.076
658000,0.010,0.966,0.024
658500,0.010,0.949,0.041
659000,0.010,0.930,0.059
659500,0.010,0.884,0.106
660000,0.010,0.875,0.115
660500,0.010,0.806,0.183
661000,0.010,0.896,0.094
661500,0.010,0.939,0.051
662000,0.010,0.944,0.046
662500,0.010,0.927,0.062
663000,0.010,0.946,0.044
663500,0.010,0.937,0.053
664000,0.010,0.919,0.071
664500,0.010,0.850,0.140
665000,0.010,0.871,0.119
665500,0.010,0.915,0.075
666000,0.010,0.968,0.022
666500,0.010,0.974,0.016
667000,0.010,0.942,0.048
667500,0.010,0.956,0.034
668000,0.010,0.953,0.037
668500,0.010,0.968,0.022
669000,0.010,0.955,0.035
669500,0.010,0.874,0.116
670000,0.010,0.868,0.122
670500,0.010,0.931,0.058
671000,0.010,0.943,0.047
671500,0.010,0.916,0.074
672000,0.010,0.947,0.043
672500,0.010,0.915,0.075
673000,0.010,0.937,0.053
673500,0.010,0.929,0.061
674000,0.010,0.942,0.048
674500,0.010,0.965,0.025
675000,0.010,0.937,0.053
675500,0.010,0.945,0.045
676000,0.010,0.975,0.015
676500,0.010,0.929,0.060
677000,0.010,0.908,0.082
677500,0.010,0.838,0.152
678000,0.010,0.862,0.128
678500,0.010,0.918,0.072
679000,0.010,0.886,0.104
679500,0.010,0.898,0.092
680000,0.010,0.923,0.067
680500,0.010,0.934,0.055
681000,0.010,0.866,0.124
681500,0.010,0.894,0.096
682000,0.010,0.948,0.042
682500,0.010,0.908,0.082
683000,0.010,0.902,0.088
683500,0.010,0.852,0.138
684000,0.010,0.919,0.071
684500,0.010,0.958,0.032
685000,0.010,0.952,0.038
685500,0.010,0.894,0.096
686000,0.010,0.952,0.038
686500,0.010,0.941,0.049
687000,0.010,0.901,0.089
687500,0.010,0.910,0.080
688000,0.010,0.956,0.034
688500,0.010,0.935,0.054
689000,0.010,0.874,0.116
689500,0.010,0.914,0.076
690000,0.010,0.928,0.061
690500,0.010,0.907,0.083
691000,0.010,0.857,0.133
691500,0.010,0.827,0.163
692000,0.010,0.864,0.126
692500,0.010,0.872,0.118
693000,0.010,0.923,0.067
693500,0.010,0.939,0.051
694000,0.010,0.957,0.033
694500,0.010,0.922,0.068
695000,0.010,0.912,0.078
695500,0.010,0.894,0.096
696000,0.010,0.885,0.105
696500,0.010,0.922,0.068
697000,0.010,0.952,0.038
697500,0.010,0.893,0.097
698000,0.010,0.894,0.096
698500,0.010,0.873,0.117
699000,0.010,0.922,0.068
699500,0.010,0.918,0.072
700000,0.010,0.909,0.081
700500,0.010,0.869,0.121
701000,0.010,0.898,0.092
701500,0.010,0.858,0.132
702000,0.010,0.876,0.114
702500,0.010,0.881,0.109
703000,0.010,0.875,0.115
703500,0.010,0.915,0.075
704000,0.010,0.936,0.053
704500,0.010,0.860,0.130
705000,0.010,0.927,0.063
705500,0.010,0.902,0.088
706000,0.010,0.921,0.069
706500,0.010,0.889,0.101
707000,0.010,0.922,0.068
707500,0.010,0.950,0.040
708000,0.010,0.972,0.018
708500,0.010,0.970,0.020
709000,0.010,0.913,0.077
709500,0.010,0.942,0.048
710000,0.010,0.940,0.050
710500,0.010,0.902,0.088
711000,0.010,0.858,0.132
711500,0.010,0.850,0.140
712000,0.010,0.879,0.111
712500,0.010,0.944,0.046
713000,0.010,0.972,0.018
713500,0.010,0.923,0.067
714000,0.010,0.941,0.049
714500,0.010,0.939,0.051
715000,0.010,0.967,0.023
715500,0.010,0.939,0.051
716000,0.010,0.875,0.115
716500,0.010,0.850,0.140
717000,0.010,0.836,0.154
717500,0.010,0.951,0.039
718000,0.010,0.916,0.074
718500,0.010,0.934,0.055
719000,0.010,0.967,0.023
719500,0.010,0.938,0.052
720000,0.010,0.909,0.081
720500,0.010,0.910,0.080
721000,0.010,0.918,0.072
721500,0.010,0.878,0.112
722000,0.010,0.939,0.051
722500,0.010,0.927,0.063
723000,0.010,0.958,0.032
723500,0.010,0.931,0.059
724000,0.010,0.844,0.146
724500,0.010,0.921,0.069
725000,0.010,0.928,0.062
725500,0.010,0.842,0.148
726000,0.010,0.900,0.090
726500,0.010,0.913,0.077
727000,0.010,0.940,0.050
727500,0.010,0.979,0.011
728000,0.010,0.964,0.026
728500,0.010,0.964,0.026
729000,0.010,0.895,0.095
729500,0.010,0.934,0.055
730000,0.010,0.921,0.069
730500,0.010,0.856,0.134
731000,0.010,0.826,0.164
731500,0.010,0.847,0.143
732000,0.010,0.886,0.104
732500,0.010,0.956,0.034
733000,0.010,0.941,0.049
733500,0.010,0.893,0.097
734000,0.010,0.963,0.027
734500,0.010,0.867,0.123
735000,0.010,0.883,0.107
735500,0.010,0.855,0.135
736000,0.010,0.916,0.074
736500,0.010,0.877,0.113
737000,0.010,0.906,0.084
737500,0.010,0.887,0.103
738000,0.010,0.908,0.082
738500,0.010,0.970,0.020
739000,0.010,0.931,0.059
739500,0.010,0.974,0.016
740000,0.010,0.983,0.007
740500,0.010,0.980,0.010
741000,0.010,0.988,0.002
741500,0.010,0.933,0.056
742000,0.010,0.943,0.047
742500,0.010,0.936,0.054
743000,0.010,0.953,0.037
743500,0.010,0.960,0.030
744000,0.010,0.936,0.054
744500,0.010,0.955,0.035
745000,0.010,0.955,0.035
745500,0.010,0.958,0.032
746000,0.010,0.959,0.031
746500,0.010,0.947,0.043
747000,0.010,0.920,0.070
747500,0.010,0.877,0.113
748000,0.010,0.851,0.139
748500,0.010,0.934,0.055
749000,0.010,0.942,0.048
749500,0.010,0.943,0.047
750000,0.010,0.947,0.043
750500,0.010,0.896,0.094
751000,0.010,0.923,0.067
751500,0.010,0.945,0.045
752000,0.010,0.939,0.051
752500,0.010,0.912,0.078
753000,0.010,0.953,0.037
753500,0.010,0.899,0.091
754000,0.010,0.863,0.127
754500,0.010,0.901,0.089
755000,0.010,0.874,0.116
755500,0.010,0.914,0.076
756000,0.010,0.906,0.084
756500,0.010,0.944,0.046
757000,0.010,0.867,0.123
757500,0.010,0.904,0.086
758000,0.010,0.890,0.100
758500,0.010,0.882,0.108
759000,0.010,0.883,0.107
759500,0.010,0.886,0.104
760000,0.010,0.848,0.142
760500,0.010,0.828,0.162
761000,0.010,0.892,0.098
761500,0.010,0.924,0.066
762000,0.010,0.932,0.057
762500,0.010,0.901,0.089
763000,0.010,0.905,0.085
763500,0.010,0.932,0.057
764000,0.010,0.914,0.076
764500,0.010,0.940,0.050
765000,0.010,0.956,0.034
765500,0.010,0.924,0.066
766000,0.010,0.845,0.145
766500,0.010,0.875,0.115
767000,0.010,0.903,0.087
767500,0.010,0.906,0.084
768000,0.010,0.915,0.075
768500,0.010,0.858,0.132
769000,0.010,0.884,0.106
769500,0.010,0.911,0.079
770000,0.010,0.844,0.146
770500,0.010,0.899,0.091
771000,0.010,0.942,0.048
771500,0.010,0.969,0.021
772000,0.010,0.980,0.010
772500,0.010,0.969,0.021
773000,0.010,0.949,0.041
773500,0.010,0.965,0.025
774000,0.010,0.939,0.051
774500,0.010,0.920,0.070
775000,0.010,0.943,0.047
775500,0.010,0.883,0.107
776000,0.010,0.906,0.084
776500,0.010,0.900,0.090
777000,0.010,0.857,0.133
777500,0.010,0.862,0.128
778000,0.010,0.892,0.098
778500,0.010,0.955,0.035
779000,0.010,0.940,0.050
779500,0.010,0.969,0.021
780000,0.010,0.854,0.136
780500,0.010,0.892,0.098
781000,0.010,0.811,0.179
781500,0.010,0.816,0.174
782000,0.010,0.894,0.096
782500,0.010,0.933,0.056
783000,0.010,0.918,0.072
783500,0.010,0.909,0.081
784000,0.010,0.855,0.135
784500,0.010,0.936,0.053
785000,0.010,0.947,0.043
785500,0.010,0.955,0.035
786000,0.010,0.942,0.048
786500,0.010,0.948,0.042
787000,0.010,0.949,0.041
787500,0.010,0.950,0.040
788000,0.010,0.917,0.073
788500,0.010,0.924,0.066
789000,0.010,0.902,0.088
789500,0.010,0.924,0.066
790000,0.010,0.976,0.014
790500,0.010,0.969,0.021
791000,0.010,0.981,0.009
791500,0.010,0.951,0.039
792000,0.010,0.944,0.046
792500,0.010,0.940,0.050
793000,0.010,0.870,0.120
793500,0.010,0.936,0.053
794000,0.010,0.977,0.013
794500,0.010,0.942,0.048
795000,0.010,0.928,0.062
795500,0.010,0.931,0.058
796000,0.010,0.937,0.053
796500,0.010,0.904,0.086
797000,0.010,0.947,0.043
797500,0.010,0.932,0.058
798000,0.010,0.925,0.065
798500,0.010,0.948,0.042
799000,0.010,0.923,0.067
799500,0.010,0.915,0.075
800000,0.010,0.910,0.080
800500,0.010,0.917,0.073
801000,0.010,0.855,0.135
801500,0.010,0.845,0.145
802000,0.010,0.900,0.090
802500,0.010,0.933,0.056
803000,0.010,0.898,0.092
803500,0.010,0.933,0.056
804000,0.010,0.960,0.030
804500,0.010,0.878,0.112
805000,0.010,0.933,0.057
805500,0.010,0.943,0.047
806000,0.010,0.940,0.050
806500,0.010,0.936,0.054
807000,0.010,0.951,0.039
807500,0.010,0.928,0.061
808000,0.010,0.875,0.115
808500,0.010,0.895,0.095
809000,0.010,0.924,0.066
809500,0.010,0.917,0.073
810000,0.010,0.908,0.082
810500,0.010,0.950,0.040
811000,0.010,0.936,0.054
811500,0.010,0.886,0.104
812000,0.010,0.908,0.082
812500,0.010,0.892,0.098
813000,0.010,0.860,0.130
813500,0.010,0.814,0.176
814000,0.010,0.910,0.080
814500,0.010,0.899,0.091
815000,0.010,0.895,0.095
815500,0.010,0.797,0.193
816000,0.010,0.874,0.116
816500,0.010,0.903,0.087
817000,0.010,0.826,0.164
817500,0.010,0.889,0.101
818000,0.010,0.931,0.058
818500,0.010,0.941,0.049
819000,0.010,0.936,0.054
819500,0.010,0.950,0.040
820000,0.010,0.963,0.027
820500,0.010,0.938,0.052
821000,0.010,0.967,0.023
821500,0.010,0.928,0.061
822000,0.010,0.833,0.157
822500,0.010,0.894,0.096
823000,0.010,0.892,0.098
823500,0.010,0.880,0.110
824000,0.010,0.823,0.167
824500,0.010,0.906,0.084
825000,0.010,0.929,0.060
825500,0.010,0.931,0.058
826000,0.010,0.906,0.084
826500,0.010,0.925,0.065
827000,0.010,0.923,0.067
827500,0.010,0.940,0.050
828000,0.010,0.939,0.051
828500,0.010,0.972,0.018
829000,0.010,0.953,0.037
829500,0.010,0.906,0.084
830000,0.010,0.853,0.137
830500,0.010,0.896,0.094
831000,0.010,0.943,0.047
831500,0.010,0.951,0.039
832000,0.010,0.903,0.087
832500,0.010,0.944,0.046
833000,0.010,0.932,0.057
833500,0.010,0.936,0.053
834000,0.010,0.953,0.037
834500,0.010,0.902,0.088
835000,0.010,0.894,0.096
835500,0.010,0.947,0.043
836000,0.010,0.937,0.053
836500,0.010,0.906,0.084
837000,0.010,0.933,0.057
837500,0.010,0.905,0.085
838000,0.010,0.936,0.053
838500,0.010,0.954,0.036
839000,0.010,0.869,0.121
839500,0.010,0.912,0.078
840000,0.010,0.956,0.034
840500,0.010,0.942,0.048
841000,0.010,0.913,0.077
841500,0.010,0.904,0.086
842000,0.010,0.925,0.065
842500,0.010,0.908,0.082
843000,0.010,0.912,0.078
843500,0.010,0.846,0.144
844000,0.010,0.909,0.081
844500,0.010,0.882,0.108
845000,0.010,0.881,0.109
845500,0.010,0.903,0.087
846000,0.010,0.908,0.082
846500,0.010,0.949,0.041
847000,0.010,0.877,0.113
847500,0.010,0.891,0.099
848000,0.010,0.903,0.087
848500,0.010,0.946,0.044
849000,0.010,0.964,0.026
849500,0.010,0.932,0.058
850000,0.010,0.923,0.067
850500,0.010,0.930,0.060
851000,0.010,0.882,0.108
851500,0.010,0.858,0.132
852000,0.010,0.877,0.113
852500,0.010,0.865,0.125
853000,0.010,0.889,0.101
853500,0.010,0.879,0.111
854000,0.010,0.946,0.044
854500,0.010,0.943,0.047
855000,0.010,0.962,0.028
855500,0.010,0.946,0.044
856000,0.010,0.944,0.046
856500,0.010,0.979,0.011
857000,0.010,0.943,0.047
857500,0.010,0.949,0.041
858000,0.010,0.951,0.039
858500,0.010,0.945,0.045
859000,0.010,0.973,0.017
859500,0.010,0.930,0.059
860000,0.010,0.947,0.043
860500,0.010,0.950,0.040
861000,0.010,0.984,0.006
861500,0.010,0.969,0.021
862000,0.010,0.889,0.101
862500,0.010,0.954,0.036
863000,0.010,0.971,0.019
863500,0.010,0.966,0.024
864000,0.010,0.961,0.029
864500,0.010,0.966,0.024
865000,0.010,0.966,0.024
865500,0.010,0.931,0.058
866000,0.010,0.958,0.032
866500,0.010,0.948,0.042
867000,0.010,0.923,0.067
867500,0.010,0.889,0.101
868000,0.010,0.915,0.075
868500,0.010,0.922,0.068
869000,0.010,0.905,0.085
869500,0.010,0.961,0.029
870000,0.010,0.952,0.038
870500,0.010,0.925,0.065
871000,0.010,0.953,0.037
871500,0.010,0.959,0.031
872000,0.010,0.945,0.045
872500,0.010,0.949,0.041
873000,0.010,0.980,0.010
873500,0.010,0.959,0.031
874000,0.010,0.974,0.016
874500,0.010,0.955,0.035
875000,0.010,0.899,0.091
875500,0.010,0.924,0.066
876000,0.010,0.914,0.076
876500,0.010,0.929,0.061
877000,0.010,0.937,0.053
877500,0.010,0.932,0.057
878000,0.010,0.959,0.031
878500,0.010,0.936,0.054
879000,0.010,0.925,0.065
879500,0.010,0.843,0.147
880000,0.010,0.904,0.086
880500,0.010,0.903,0.087
881000,0.010,0.936,0.054
881500,0.010,0.965,0.025
882000,0.010,0.856,0.134
882500,0.010,0.841,0.149
883000,0.010,0.887,0.103
883500,0.010,0.916,0.074
884000,0.010,0.858,0.132
884500,0.010,0.893,0.097
885000,0.010,0.922,0.068
885500,0.010,0.946,0.044
886000,0.010,0.939,0.051
886500,0.010,0.868,0.122
887000,0.010,0.906,0.084
887500,0.010,0.862,0.128
888000,0.010,0.851,0.139
888500,0.010,0.889,0.101
889000,0.010,0.935,0.054
889500,0.010,0.930,0.059
890000,0.010,0.962,0.028
890500,0.010,0.910,0.080
891000,0.010,0.937,0.053
891500,0.010,0.845,0.145
892000,0.010,0.879,0.111
892500,0.010,0.924,0.066
893000,0.010,0.972,0.018
893500,0.010,0.963,0.027
894000,0.010,0.964,0.026
894500,0.010,0.959,0.031
895000,0.010,0.936,0.054
895500,0.010,0.914,0.076
896000,0.010,0.919,0.071
896500,0.010,0.975,0.015
897000,0.010,0.895,0.095
897500,0.010,0.925,0.065
898000,0.010,0.947,0.043
898500,0.010,0.904,0.086
899000,0.010,0.947,0.043
899500,0.010,0.896,0.094
900000,0.010,0.859,0.131
900500,0.010,0.896,0.094
901000,0.010,0.889,0.101
901500,0.010,0.898,0.092
902000,0.010,0.930,0.060
902500,0.010,0.932,0.057
903000,0.010,0.934,0.056
903500,0.010,0.926,0.064
904000,0.010,0.922,0.068
904500,0.010,0.899,0.091
905000,0.010,0.919,0.071
905500,0.010,0.950,0.040
906000,0.010,0.967,0.023
906500,0.010,0.925,0.065
907000,0.010,0.855,0.135
907500,0.010,0.874,0.116
908000,0.010,0.871,0.119
908500,0.010,0.870,0.120
909000,0.010,0.895,0.095
909500,0.010,0.837,0.153
910000,0.010,0.933,0.057
910500,0.010,0.920,0.070
911000,0.010,0.883,0.107
911500,0.010,0.856,0.134
912000,0.010,0.775,0.215
912500,0.010,0.918,0.072
913000,0.010,0.884,0.106
913500,0.010,0.876,0.114
914000,0.010,0.866,0.124
914500,0.010,0.870,0.120
915000,0.010,0.893,0.097
915500,0.010,0.893,0.097
916000,0.010,0.943,0.047
916500,0.010,0.960,0.030
917000,0.010,0.919,0.071
917500,0.010,0.937,0.053
918000,0.010,0.919,0.071
918500,0.010,0.847,0.143
919000,0.010,0.916,0.074
919500,0.010,0.896,0.094
920000,0.010,0.921,0.069
920500,0.010,0.901,0.089
921000,0.010,0.894,0.096
921500,0.010,0.909,0.081
922000,0.010,0.898,0.092
922500,0.010,0.916,0.074
923000,0.010,0.925,0.065
923500,0.010,0.917,0.073
924000,0.010,0.914,0.076
924500,0.010,0.969,0.021
925000,0.010,0.963,0.027
925500,0.010,0.894,0.096
926000,0.010,0.894,0.096
926500,0.010,0.881,0.109
927000,0.010,0.838,0.152
927500,0.010,0.877,0.113
928000,0.010,0.857,0.133
928500,0.010,0.809,0.180
929000,0.010,0.886,0.104
929500,0.010,0.906,0.084
930000,0.010,0.934,0.055
930500,0.010,0.942,0.048
931000,0.010,0.927,0.063
931500,0.010,0.954,0.036
932000,0.010,0.920,0.070
932500,0.010,0.908,0.082
933000,0.010,0.891,0.099
933500,0.010,0.831,0.159
934000,0.010,0.871,0.119
934500,0.010,0.900,0.090
935000,0.010,0.940,0.050
935500,0.010,0.904,0.086
936000,0.010,0.952,0.038
936500,0.010,0.929,0.061
937000,0.010,0.895,0.095
937500,0.010,0.889,0.101
938000,0.010,0.951,0.039
938500,0.010,0.877,0.113
939000,0.010,0.908,0.082
939500,0.010,0.837,0.153
940000,0.010,0.895,0.095
940500,0.010,0.884,0.106
941000,0.010,0.880,0.110
941500,0.010,0.914,0.076
942000,0.010,0.890,0.100
942500,0.010,0.874,0.116
943000,0.010,0.860,0.130
943500,0.010,0.846,0.144
944000,0.010,0.863,0.127
944500,0.010,0.856,0.134
945000,0.010,0.939,0.051
945500,0.010,0.938,0.052
946000,0.010,0.947,0.043
946500,0.010,0.965,0.025
947000,0.010,0.905,0.085
947500,0.010,0.855,0.135
948000,0.010,0.846,0.144
948500,0.010,0.883,0.107
949000,0.010,0.936,0.053
949500,0.010,0.974,0.016
950000,0.010,0.941,0.049
950500,0.010,0.952,0.038
951000,0.010,0.958,0.032
951500,0.010,0.907,0.083
952000,0.010,0.878,0.112
952500,0.010,0.953,0.037
953000,0.010,0.894,0.096
953500,0.010,0.933,0.056
954000,0.010,0.951,0.039
954500,0.010,0.984,0.006
955000,0.010,0.978,0.012
955500,0.010,0.961,0.029
956000,0.010,0.981,0.009
956500,0.010,0.965,0.025
957000,0.010,0.945,0.045
957500,0.010,0.951,0.039
958000,0.010,0.956,0.034
958500,0.010,0.921,0.069
959000,0.010,0.893,0.097
959500,0.010,0.905,0.085
960000,0.010,0.919,0.071
960500,0.010,0.925,0.065
961000,0.010,0.899,0.091
961500,0.010,0.922,0.068
962000,0.010,0.935,0.054
962500,0.010,0.943,0.047
963000,0.010,0.966,0.024
963500,0.010,0.945,0.045
964000,0.010,0.869,0.121
964500,0.010,0.872,0.118
965000,0.010,0.823,0.167
965500,0.010,0.805,0.185
966000,0.010,0.928,0.061
966500,0.010,0.957,0.033
967000,0.010,0.956,0.034
967500,0.010,0.929,0.060
968000,0.010,0.974,0.016
968500,0.010,0.951,0.039
969000,0.010,0.959,0.031
969500,0.010,0.894,0.096
970000,0.010,0.925,0.065
970500,0.010,0.913,0.077
971000,0.010,0.929,0.061
971500,0.010,0.919,0.071
972000,0.010,0.888,0.102
972500,0.010,0.894,0.096
973000,0.010,0.918,0.072
973500,0.010,0.879,0.111
974000,0.010,0.833,0.157
974500,0.010,0.885,0.105
975000,0.010,0.900,0.090
975500,0.010,0.950,0.040
976000,0.010,0.951,0.039
976500,0.010,0.953,0.037
977000,0.010,0.892,0.098
977500,0.010,0.875,0.115
978000,0.010,0.881,0.109
978500,0.010,0.875,0.115
979000,0.010,0.931,0.059
979500,0.010,0.928,0.062
980000,0.010,0.931,0.059
980500,0.010,0.889,0.101
981000,0.010,0.932,0.057
981500,0.010,0.913,0.077
982000,0.010,0.892,0.098
982500,0.010,0.908,0.082
983000,0.010,0.930,0.060
983500,0.010,0.944,0.046
984000,0.010,0.883,0.107
984500,0.010,0.904,0.086
985000,0.010,0.923,0.067
985500,0.010,0.965,0.025
986000,0.010,0.949,0.041
986500,0.010,0.916,0.074
987000,0.010,0.942,0.048
987500,0.010,0.903,0.087
988000,0.010,0.950,0.040
988500,0.010,0.925,0.065
989000,0.010,0.881,0.109
989500,0.010,0.904,0.086
990000,0.010,0.910,0.080
990500,0.010,0.924,0.066
991000,0.010,0.954,0.036
991500,0.010,0.903,0.087
992000,0.010,0.933,0.056
992500,0.010,0.923,0.067
993000,0.010,0.930,0.060
993500,0.010,0.877,0.113
994000,0.010,0.935,0.055
994500,0.010,0.961,0.029
995000,0.010,0.907,0.083
995500,0.010,0.874,0.116
996000,0.010,0.910,0.080
996500,0.010,0.948,0.042
997000,0.010,0.919,0.071
997500,0.010,0.954,0.036
998000,0.010,0.949,0.041
998500,0.010,0.952,0.038
999000,0.010,0.945,0.045
999500,0.010,0.877,0.113
1000000,0.010,0.850,0.140
