time,n_A+p,n_B,n_AB
500,0.199,0.001,0.800
1000,0.336,0.000,0.664
1500,0.278,0.000,0.722
2000,0.259,0.000,0.741
2500,0.145,0.000,0.855
3000,0.278,0.000,0.722
3500,0.254,0.000,0.746
4000,0.222,0.000,0.778
4500,0.245,0.000,0.755
5000,0.440,0.000,0.560
5500,0.289,0.000,0.711
6000,0.350,0.000,0.650
6500,0.330,0.000,0.670
7000,0.191,0.000,0.809
7500,0.357,0.000,0.643
8000,0.278,0.000,0.722
8500,0.262,0.000,0.738
9000,0.255,0.000,0.745
9500,0.257,0.000,0.743
10000,0.307,0.000,0.693
10500,0.222,0.000,0.778
11000,0.311,0.000,0.689
11500,0.153,0.000,0.847
12000,0.218,0.000,0.782
12500,0.219,0.000,0.781
13000,0.374,0.000,0.626
13500,0.290,0.000,0.710
14000,0.277,0.000,0.723
14500,0.373,0.000,0.627
15000,0.232,0.000,0.768
15500,0.183,0.000,0.817
16000,0.290,0.000,0.710
16500,0.252,0.000,0.748
17000,0.214,0.000,0.786
17500,0.477,0.000,0.523
18000,0.310,0.000,0.690
18500,0.286,0.000,0.714
19000,0.203,0.000,0.797
19500,0.320,0.000,0.680
20000,0.453,0.000,0.547
20500,0.296,0.000,0.704
21000,0.258,0.000,0.742
21500,0.360,0.000,0.640
22000,0.240,0.000,0.760
22500,0.360,0.000,0.640
23000,0.316,0.000,0.684
23500,0.251,0.000,0.749
24000,0.243,0.000,0.757
24500,0.278,0.000,0.722
25000,0.330,0.000,0.670
25500,0.429,0.000,0.571
26000,0.257,0.000,0.743
26500,0.375,0.000,0.625
27000,0.280,0.000,0.720
27500,0.217,0.000,0.783
28000,0.277,0.000,0.723
28500,0.287,0.000,0.713
29000,0.314,0.000,0.686
29500,0.284,0.000,0.716
30000,0.298,0.000,0.702
30500,0.208,0.000,0.792
31000,0.155,0.000,0.845
31500,0.299,0.000,0.701
32000,0.274,0.000,0.726
32500,0.427,0.000,0.573
33000,0.233,0.000,0.767
33500,0.221,0.000,0.779
34000,0.352,0.000,0.648
34500,0.323,0.000,0.677
35000,0.149,0.000,0.851
35500,0.276,0.000,0.724
36000,0.264,0.000,0.736
36500,0.301,0.000,0.699
37000,0.262,0.000,0.738
37500,0.246,0.000,0.754
38000,0.328,0.000,0.672
38500,0.264,0.000,0.736
39000,0.199,0.000,0.801
39500,0.282,0.000,0.718
40000,0.237,0.000,0.763
40500,0.218,0.000,0.782
41000,0.247,0.000,0.753
41500,0.301,0.000,0.699
42000,0.249,0.000,0.751
42500,0.277,0.000,0.723
43000,0.248,0.000,0.752
43500,0.216,0.000,0.784
44000,0.330,0.000,0.670
44500,0.309,0.000,0.691
45000,0.231,0.000,0.769
45500,0.324,0.000,0.676
46000,0.202,0.000,0.798
46500,0.303,0.000,0.697
47000,0.318,0.000,0.682
47500,0.268,0.000,0.732
48000,0.195,0.000,0.805
48500,0.267,0.000,0.733
49000,0.327,0.000,0.673
49500,0.234,0.000,0.766
50000,0.188,0.000,0.812
50500,0.170,0.000,0.830
51000,0.173,0.000,0.827
51500,0.206,0.000,0.794
52000,0.239,0.000,0.761
52500,0.235,0.000,0.765
53000,0.247,0.000,0.753
53500,0.196,0.000,0.804
54000,0.215,0.000,0.785
54500,0.299,0.000,0.701
55000,0.289,0.000,0.711
55500,0.253,0.000,0.747
56000,0.311,0.000,0.689
56500,0.219,0.000,0.781
57000,0.236,0.000,0.764
57500,0.249,0.000,0.751
58000,0.323,0.000,0.677
58500,0.234,0.000,0.766
59000,0.293,0.000,0.707
59500,0.189,0.000,0.811
60000,0.209,0.000,0.791
60500,0.209,0.000,0.791
61000,0.167,0.000,0.833
61500,0.210,0.000,0.790
62000,0.280,0.000,0.720
62500,0.232,0.000,0.768
63000,0.208,0.000,0.792
63500,0.311,0.000,0.689
64000,0.358,0.000,0.642
64500,0.185,0.000,0.815
65000,0.229,0.000,0.771
65500,0.321,0.000,0.679
66000,0.123,0.000,0.877
66500,0.288,0.000,0.712
67000,0.297,0.000,0.703
67500,0.284,0.000,0.716
68000,0.284,0.000,0.716
68500,0.314,0.000,0.686
69000,0.352,0.000,0.648
69500,0.243,0.000,0.757
70000,0.314,0.000,0.686
70500,0.196,0.000,0.804
71000,0.256,0.000,0.744
71500,0.310,0.000,0.690
72000,0.221,0.000,0.779
72500,0.335,0.000,0.665
73000,0.276,0.000,0.724
73500,0.355,0.000,0.645
74000,0.264,0.000,0.736
74500,0.395,0.000,0.605
75000,0.359,0.000,0.641
75500,0.301,0.000,0.699
76000,0.330,0.000,0.670
76500,0.328,0.000,0.672
77000,0.220,0.000,0.780
77500,0.260,0.000,0.740
78000,0.211,0.000,0.789
78500,0.238,0.000,0.762
79000,0.333,0.000,0.667
79500,0.251,0.000,0.749
80000,0.358,0.000,0.642
80500,0.258,0.000,0.742
81000,0.223,0.000,0.777
81500,0.283,0.000,0.717
82000,0.297,0.000,0.703
82500,0.251,0.000,0.749
83000,0.193,0.000,0.807
83500,0.276,0.000,0.724
84000,0.285,0.000,0.715
84500,0.285,0.000,0.715
85000,0.249,0.000,0.751
85500,0.223,0.000,0.777
86000,0.373,0.000,0.627
86500,0.161,0.000,0.839
87000,0.271,0.000,0.729
87500,0.203,0.000,0.797
88000,0.266,0.000,0.734
88500,0.329,0.000,0.671
89000,0.264,0.000,0.736
89500,0.274,0.000,0.726
90000,0.271,0.000,0.729
90500,0.230,0.000,0.770
91000,0.174,0.000,0.826
91500,0.319,0.000,0.681
92000,0.307,0.000,0.693
92500,0.229,0.000,0.771
93000,0.329,0.000,0.671
93500,0.232,0.000,0.768
94000,0.302,0.000,0.698
94500,0.255,0.000,0.745
95000,0.236,0.000,0.764
95500,0.259,0.000,0.741
96000,0.276,0.000,0.724
96500,0.291,0.000,0.709
97000,0.287,0.000,0.713
97500,0.336,0.000,0.664
98000,0.276,0.000,0.724
98500,0.157,0.000,0.843
99000,0.205,0.000,0.795
99500,0.311,0.000,0.689
100000,0.285,0.000,0.715
100500,0.270,0.000,0.730
101000,0.205,0.000,0.795
101500,0.231,0.000,0.769
102000,0.279,0.000,0.721
102500,0.180,0.000,0.820
103000,0.336,0.000,0.664
103500,0.287,0.000,0.713
104000,0.259,0.000,0.741
104500,0.197,0.000,0.803
105000,0.237,0.000,0.763
105500,0.133,0.004,0.863
106000,0.254,0.000,0.746
106500,0.303,0.000,0.697
107000,0.282,0.000,0.718
107500,0.345,0.000,0.655
108000,0.360,0.000,0.640
108500,0.281,0.000,0.719
109000,0.444,0.000,0.556
109500,0.385,0.000,0.615
110000,0.190,0.000,0.810
110500,0.214,0.000,0.786
111000,0.191,0.000,0.809
111500,0.430,0.000,0.570
112000,0.179,0.000,0.821
112500,0.201,0.000,0.799
113000,0.292,0.000,0.708
113500,0.415,0.000,0.585
114000,0.389,0.000,0.611
114500,0.228,0.000,0.772
115000,0.211,0.000,0.789
115500,0.205,0.000,0.795
116000,0.264,0.000,0.736
116500,0.311,0.000,0.689
117000,0.293,0.000,0.707
117500,0.303,0.000,0.697
118000,0.274,0.000,0.726
118500,0.364,0.000,0.636
119000,0.391,0.000,0.609
119500,0.162,0.000,0.838
120000,0.240,0.000,0.760
120500,0.412,0.000,0.588
121000,0.254,0.000,0.746
121500,0.351,0.000,0.649
122000,0.315,0.000,0.685
122500,0.419,0.000,0.581
123000,0.348,0.000,0.652
123500,0.367,0.000,0.633
124000,0.372,0.000,0.628
124500,0.229,0.000,0.771
125000,0.216,0.000,0.784
125500,0.339,0.000,0.661
126000,0.161,0.000,0.839
126500,0.251,0.000,0.749
127000,0.250,0.000,0.750
127500,0.173,0.000,0.827
128000,0.202,0.000,0.798
128500,0.325,0.000,0.675
129000,0.206,0.000,0.794
129500,0.314,0.000,0.686
130000,0.271,0.000,0.729
130500,0.355,0.000,0.645
131000,0.373,0.000,0.627
131500,0.215,0.000,0.785
132000,0.294,0.000,0.706
132500,0.319,0.000,0.681
133000,0.346,0.000,0.654
133500,0.344,0.000,0.656
134000,0.201,0.000,0.799
134500,0.326,0.000,0.674
135000,0.329,0.000,0.671
135500,0.212,0.000,0.788
136000,0.189,0.000,0.811
136500,0.226,0.000,0.774
137000,0.307,0.000,0.693
137500,0.209,0.000,0.791
138000,0.356,0.000,0.644
138500,0.307,0.000,0.693
139000,0.289,0.000,0.711
139500,0.107,0.000,0.893
140000,0.259,0.000,0.741
140500,0.219,0.000,0.781
141000,0.173,0.000,0.827
141500,0.196,0.000,0.804
142000,0.253,0.000,0.747
142500,0.162,0.000,0.838
143000,0.336,0.000,0.664
143500,0.303,0.000,0.697
144000,0.275,0.000,0.725
144500,0.206,0.000,0.794
145000,0.272,0.000,0.728
145500,0.240,0.000,0.760
146000,0.316,0.000,0.684
146500,0.314,0.000,0.686
147000,0.185,0.000,0.815
147500,0.182,0.000,0.818
148000,0.204,0.000,0.796
148500,0.222,0.000,0.778
149000,0.175,0.000,0.825
149500,0.281,0.000,0.719
150000,0.223,0.000,0.777
150500,0.295,0.000,0.705
151000,0.405,0.000,0.595
151500,0.437,0.000,0.563
152000,0.233,0.000,0.767
152500,0.235,0.000,0.765
153000,0.332,0.000,0.668
153500,0.327,0.000,0.673
154000,0.335,0.000,0.665
154500,0.224,0.000,0.776
155000,0.256,0.000,0.744
155500,0.254,0.000,0.746
156000,0.352,0.000,0.648
156500,0.299,0.000,0.701
157000,0.150,0.000,0.850
157500,0.290,0.000,0.710
158000,0.190,0.000,0.810
158500,0.244,0.000,0.756
159000,0.267,0.000,0.733
159500,0.214,0.000,0.786
160000,0.250,0.000,0.750
160500,0.282,0.000,0.718
161000,0.240,0.000,0.760
161500,0.214,0.000,0.786
162000,0.218,0.000,0.782
162500,0.236,0.000,0.764
163000,0.276,0.000,0.724
163500,0.492,0.000,0.508
164000,0.341,0.000,0.659
164500,0.262,0.000,0.738
165000,0.227,0.000,0.773
165500,0.311,0.000,0.689
166000,0.264,0.000,0.736
166500,0.185,0.000,0.815
167000,0.239,0.000,0.761
167500,0.320,0.000,0.680
168000,0.294,0.000,0.706
168500,0.327,0.000,0.673
169000,0.281,0.000,0.719
169500,0.423,0.000,0.577
170000,0.378,0.000,0.622
170500,0.278,0.000,0.722
171000,0.256,0.000,0.744
171500,0.300,0.000,0.700
172000,0.354,0.000,0.646
172500,0.383,0.000,0.617
173000,0.275,0.000,0.725
173500,0.150,0.000,0.850
174000,0.159,0.000,0.841
174500,0.275,0.000,0.725
175000,0.215,0.000,0.785
175500,0.312,0.000,0.688
176000,0.281,0.000,0.719
176500,0.303,0.000,0.697
177000,0.265,0.000,0.735
177500,0.317,0.000,0.683
178000,0.273,0.000,0.727
178500,0.322,0.000,0.678
179000,0.244,0.000,0.756
179500,0.390,0.000,0.610
180000,0.237,0.000,0.763
180500,0.196,0.000,0.804
181000,0.249,0.000,0.751
181500,0.326,0.000,0.674
182000,0.243,0.000,0.757
182500,0.258,0.000,0.742
183000,0.359,0.000,0.641
183500,0.296,0.000,0.704
184000,0.216,0.000,0.784
184500,0.269,0.000,0.731
185000,0.255,0.000,0.745
185500,0.310,0.000,0.690
186000,0.297,0.000,0.703
186500,0.280,0.000,0.720
187000,0.337,0.000,0.663
187500,0.223,0.000,0.777
188000,0.212,0.000,0.788
188500,0.299,0.000,0.701
189000,0.183,0.000,0.817
189500,0.305,0.000,0.695
190000,0.285,0.000,0.715
190500,0.346,0.000,0.654
191000,0.277,0.000,0.723
191500,0.407,0.000,0.593
192000,0.175,0.000,0.825
192500,0.294,0.000,0.706
193000,0.296,0.000,0.704
193500,0.199,0.000,0.801
194000,0.368,0.000,0.632
194500,0.258,0.000,0.742
195000,0.292,0.000,0.708
195500,0.247,0.000,0.753
196000,0.219,0.000,0.781
196500,0.201,0.000,0.799
197000,0.110,0.000,0.890
197500,0.336,0.000,0.664
198000,0.274,0.000,0.726
198500,0.304,0.000,0.696
199000,0.318,0.000,0.682
199500,0.236,0.000,0.764
200000,0.274,0.000,0.726
200500,0.222,0.000,0.778
201000,0.236,0.000,0.764
201500,0.314,0.000,0.686
202000,0.257,0.000,0.743
202500,0.190,0.000,0.810
203000,0.281,0.000,0.719
203500,0.365,0.000,0.635
204000,0.306,0.000,0.694
204500,0.426,0.000,0.574
205000,0.378,0.000,0.622
205500,0.239,0.000,0.761
206000,0.143,0.000,0.857
206500,0.302,0.000,0.698
207000,0.255,0.000,0.745
207500,0.249,0.000,0.751
208000,0.375,0.000,0.625
208500,0.302,0.000,0.698
209000,0.327,0.000,0.673
209500,0.184,0.000,0.816
210000,0.280,0.000,0.720
210500,0.258,0.000,0.742
211000,0.349,0.000,0.651
211500,0.269,0.000,0.731
212000,0.265,0.000,0.735
212500,0.263,0.000,0.737
213000,0.383,0.000,0.617
213500,0.306,0.000,0.694
214000,0.199,0.000,0.801
214500,0.435,0.000,0.565
215000,0.267,0.000,0.733
215500,0.246,0.000,0.754
216000,0.238,0.000,0.762
216500,0.331,0.000,0.669
217000,0.298,0.000,0.702
217500,0.193,0.000,0.807
218000,0.221,0.000,0.779
218500,0.244,0.000,0.756
219000,0.239,0.000,0.761
219500,0.273,0.000,0.727
220000,0.266,0.000,0.734
220500,0.293,0.000,0.707
221000,0.298,0.000,0.702
221500,0.244,0.000,0.756
222000,0.279,0.000,0.721
222500,0.320,0.000,0.680
223000,0.239,0.000,0.761
223500,0.280,0.000,0.720
224000,0.204,0.000,0.796
224500,0.250,0.000,0.750
225000,0.285,0.000,0.715
225500,0.275,0.000,0.725
226000,0.248,0.000,0.752
226500,0.393,0.000,0.607
227000,0.226,0.000,0.774
227500,0.321,0.000,0.679
228000,0.239,0.000,0.761
228500,0.315,0.000,0.685
229000,0.142,0.031,0.827
229500,0.235,0.000,0.765
230000,0.279,0.000,0.721
230500,0.287,0.000,0.713
231000,0.270,0.000,0.730
231500,0.256,0.000,0.744
232000,0.231,0.000,0.769
232500,0.352,0.000,0.648
233000,0.343,0.000,0.657
233500,0.265,0.000,0.735
234000,0.241,0.000,0.759
234500,0.447,0.000,0.553
235000,0.294,0.000,0.706
235500,0.242,0.000,0.758
236000,0.205,0.000,0.795
236500,0.238,0.000,0.762
237000,0.281,0.000,0.719
237500,0.315,0.000,0.685
238000,0.250,0.000,0.750
238500,0.237,0.000,0.763
239000,0.216,0.000,0.784
239500,0.375,0.000,0.625
240000,0.290,0.000,0.710
240500,0.231,0.000,0.769
241000,0.240,0.000,0.760
241500,0.309,0.000,0.691
242000,0.140,0.000,0.860
242500,0.250,0.000,0.750
243000,0.220,0.000,0.780
243500,0.055,0.017,0.928
244000,0.186,0.000,0.814
244500,0.225,0.000,0.775
245000,0.312,0.000,0.688
245500,0.263,0.000,0.737
246000,0.290,0.000,0.710
246500,0.298,0.000,0.702
247000,0.313,0.000,0.687
247500,0.174,0.000,0.826
248000,0.358,0.000,0.642
248500,0.361,0.000,0.639
249000,0.307,0.000,0.693
249500,0.366,0.000,0.634
250000,0.307,0.000,0.693
250500,0.265,0.000,0.735
251000,0.457,0.000,0.543
251500,0.287,0.000,0.713
252000,0.258,0.000,0.742
252500,0.324,0.000,0.676
253000,0.323,0.000,0.677
253500,0.228,0.000,0.772
254000,0.224,0.000,0.776
254500,0.419,0.000,0.581
255000,0.290,0.000,0.710
255500,0.326,0.000,0.674
256000,0.380,0.000,0.620
256500,0.236,0.000,0.764
257000,0.360,0.000,0.640
257500,0.249,0.000,0.751
258000,0.250,0.000,0.750
258500,0.227,0.000,0.773
259000,0.385,0.000,0.615
259500,0.257,0.000,0.743
260000,0.303,0.000,0.697
260500,0.221,0.000,0.779
261000,0.251,0.000,0.749
261500,0.400,0.000,0.600
262000,0.342,0.000,0.658
262500,0.225,0.000,0.775
263000,0.208,0.000,0.792
263500,0.176,0.000,0.824
264000,0.325,0.000,0.675
264500,0.415,0.000,0.585
265000,0.132,0.000,0.868
265500,0.331,0.000,0.669
266000,0.264,0.000,0.736
266500,0.261,0.000,0.739
267000,0.301,0.000,0.699
267500,0.185,0.000,0.815
268000,0.187,0.000,0.813
268500,0.226,0.000,0.774
269000,0.273,0.000,0.727
269500,0.237,0.000,0.763
270000,0.262,0.000,0.738
270500,0.210,0.000,0.790
271000,0.293,0.000,0.707
271500,0.286,0.000,0.714
272000,0.200,0.000,0.800
272500,0.241,0.000,0.759
273000,0.349,0.000,0.651
273500,0.227,0.000,0.773
274000,0.354,0.000,0.646
274500,0.281,0.000,0.719
275000,0.305,0.000,0.695
275500,0.305,0.000,0.695
276000,0.253,0.000,0.747
276500,0.217,0.000,0.783
277000,0.213,0.000,0.787
277500,0.291,0.000,0.709
278000,0.239,0.000,0.761
278500,0.265,0.000,0.735
279000,0.257,0.000,0.743
279500,0.264,0.000,0.736
280000,0.313,0.000,0.687
280500,0.314,0.000,0.686
281000,0.255,0.000,0.745
281500,0.216,0.000,0.784
282000,0.240,0.000,0.760
282500,0.233,0.000,0.767
283000,0.218,0.000,0.782
283500,0.350,0.000,0.650
284000,0.307,0.000,0.693
284500,0.252,0.000,0.748
285000,0.250,0.000,0.750
285500,0.192,0.000,0.808
286000,0.265,0.000,0.735
286500,0.212,0.000,0.788
287000,0.290,0.000,0.710
287500,0.245,0.000,0.755
288000,0.287,0.000,0.713
288500,0.320,0.000,0.680
289000,0.271,0.000,0.729
289500,0.168,0.000,0.832
290000,0.291,0.000,0.709
290500,0.246,0.000,0.754
291000,0.261,0.000,0.739
291500,0.287,0.000,0.713
292000,0.290,0.000,0.710
292500,0.285,0.000,0.715
293000,0.214,0.000,0.786
293500,0.217,0.000,0.783
294000,0.223,0.000,0.777
294500,0.289,0.000,0.711
295000,0.191,0.000,0.809
295500,0.350,0.000,0.650
296000,0.388,0.000,0.612
296500,0.194,0.000,0.806
297000,0.357,0.000,0.643
297500,0.329,0.000,0.671
298000,0.369,0.000,0.631
298500,0.168,0.000,0.832
299000,0.273,0.000,0.727
299500,0.408,0.000,0.592
300000,0.224,0.000,0.776
300500,0.170,0.017,0.813
301000,0.189,0.000,0.811
301500,0.341,0.000,0.659
302000,0.262,0.000,0.738
302500,0.256,0.000,0.744
303000,0.339,0.000,0.661
303500,0.252,0.000,0.748
304000,0.375,0.000,0.625
304500,0.318,0.000,0.682
305000,0.236,0.000,0.764
305500,0.247,0.000,0.753
306000,0.414,0.000,0.586
306500,0.264,0.000,0.736
307000,0.336,0.000,0.664
307500,0.307,0.000,0.693
308000,0.318,0.000,0.682
308500,0.254,0.000,0.746
309000,0.332,0.000,0.668
309500,0.342,0.000,0.658
310000,0.247,0.000,0.753
310500,0.239,0.000,0.761
311000,0.169,0.000,0.831
311500,0.185,0.000,0.815
312000,0.361,0.000,0.639
312500,0.272,0.000,0.728
313000,0.133,0.000,0.867
313500,0.258,0.000,0.742
314000,0.289,0.000,0.711
314500,0.216,0.000,0.784
315000,0.221,0.000,0.779
315500,0.257,0.000,0.743
316000,0.260,0.000,0.740
316500,0.336,0.000,0.664
317000,0.250,0.000,0.750
317500,0.179,0.000,0.821
318000,0.400,0.000,0.600
318500,0.389,0.000,0.611
319000,0.338,0.000,0.662
319500,0.257,0.000,0.743
320000,0.199,0.014,0.787
320500,0.252,0.000,0.748
321000,0.254,0.000,0.746
321500,0.307,0.000,0.693
322000,0.191,0.000,0.809
322500,0.196,0.000,0.804
323000,0.252,0.000,0.748
323500,0.245,0.000,0.755
324000,0.259,0.000,0.741
324500,0.217,0.000,0.783
325000,0.239,0.000,0.761
325500,0.300,0.000,0.700
326000,0.270,0.000,0.730
326500,0.287,0.000,0.713
327000,0.312,0.000,0.688
327500,0.270,0.000,0.730
328000,0.339,0.000,0.661
328500,0.335,0.000,0.665
329000,0.144,0.000,0.856
329500,0.294,0.000,0.706
330000,0.209,0.000,0.791
330500,0.269,0.000,0.731
331000,0.340,0.000,0.660
331500,0.274,0.000,0.726
332000,0.181,0.000,0.819
332500,0.269,0.000,0.731
333000,0.215,0.000,0.785
333500,0.242,0.000,0.758
334000,0.409,0.000,0.591
334500,0.334,0.000,0.666
335000,0.314,0.000,0.686
335500,0.249,0.000,0.751
336000,0.265,0.000,0.735
336500,0.448,0.000,0.552
337000,0.255,0.000,0.745
337500,0.336,0.000,0.664
338000,0.214,0.000,0.786
338500,0.360,0.000,0.640
339000,0.184,0.000,0.816
339500,0.252,0.000,0.748
340000,0.316,0.000,0.684
340500,0.346,0.000,0.654
341000,0.327,0.000,0.673
341500,0.224,0.000,0.776
342000,0.290,0.000,0.710
342500,0.193,0.000,0.807
343000,0.195,0.000,0.805
343500,0.243,0.000,0.757
344000,0.237,0.000,0.763
344500,0.297,0.000,0.703
345000,0.279,0.000,0.721
345500,0.248,0.000,0.752
346000,0.300,0.000,0.700
346500,0.345,0.000,0.655
347000,0.228,0.000,0.772
347500,0.266,0.000,0.734
348000,0.223,0.026,0.751
348500,0.258,0.000,0.742
349000,0.196,0.000,0.804
349500,0.297,0.000,0.703
350000,0.196,0.000,0.804
350500,0.259,0.000,0.741
351000,0.247,0.000,0.753
351500,0.258,0.000,0.742
352000,0.269,0.000,0.731
352500,0.389,0.000,0.611
353000,0.310,0.000,0.690
353500,0.312,0.000,0.688
354000,0.378,0.000,0.622
354500,0.216,0.000,0.784
355000,0.362,0.000,0.638
355500,0.245,0.000,0.755
356000,0.247,0.000,0.753
356500,0.253,0.000,0.747
357000,0.376,0.000,0.624
357500,0.179,0.000,0.821
358000,0.203,0.000,0.797
358500,0.240,0.000,0.760
359000,0.394,0.000,0.606
359500,0.201,0.000,0.799
360000,0.218,0.000,0.782
360500,0.313,0.000,0.687
361000,0.248,0.000,0.752
361500,0.329,0.000,0.671
362000,0.374,0.000,0.626
362500,0.184,0.000,0.816
363000,0.237,0.000,0.763
363500,0.265,0.000,0.735
364000,0.261,0.000,0.739
364500,0.365,0.000,0.635
365000,0.218,0.000,0.782
365500,0.297,0.000,0.703
366000,0.270,0.000,0.730
366500,0.371,0.000,0.629
367000,0.331,0.000,0.669
367500,0.366,0.000,0.634
368000,0.237,0.000,0.763
368500,0.251,0.000,0.749
369000,0.284,0.000,0.716
369500,0.353,0.000,0.647
370000,0.335,0.000,0.665
370500,0.260,0.000,0.740
371000,0.254,0.000,0.746
371500,0.195,0.000,0.805
372000,0.265,0.000,0.735
372500,0.404,0.000,0.596
373000,0.413,0.000,0.587
373500,0.304,0.000,0.696
374000,0.354,0.000,0.646
374500,0.213,0.000,0.787
375000,0.291,0.000,0.709
375500,0.195,0.000,0.805
376000,0.336,0.000,0.664
376500,0.241,0.000,0.759
377000,0.112,0.000,0.888
377500,0.338,0.000,0.662
378000,0.327,0.000,0.673
378500,0.215,0.000,0.785
379000,0.323,0.000,0.677
379500,0.300,0.000,0.700
380000,0.251,0.000,0.749
380500,0.302,0.000,0.698
381000,0.299,0.000,0.701
381500,0.306,0.000,0.694
382000,0.210,0.000,0.790
382500,0.274,0.000,0.726
383000,0.235,0.000,0.765
383500,0.184,0.000,0.816
384000,0.184,0.000,0.816
384500,0.458,0.000,0.542
385000,0.257,0.000,0.743
385500,0.265,0.000,0.735
386000,0.220,0.000,0.780
386500,0.134,0.010,0.856
387000,0.253,0.000,0.747
387500,0.222,0.000,0.778
388000,0.222,0.000,0.778
388500,0.230,0.000,0.770
389000,0.323,0.000,0.677
389500,0.269,0.000,0.731
390000,0.293,0.000,0.707
390500,0.374,0.000,0.626
391000,0.274,0.000,0.726
391500,0.262,0.000,0.738
392000,0.224,0.000,0.776
392500,0.298,0.000,0.702
393000,0.203,0.000,0.797
393500,0.376,0.000,0.624
394000,0.388,0.000,0.612
394500,0.288,0.000,0.712
395000,0.389,0.000,0.611
395500,0.278,0.000,0.722
396000,0.368,0.000,0.632
396500,0.166,0.000,0.834
397000,0.302,0.000,0.698
397500,0.310,0.000,0.690
398000,0.296,0.000,0.704
398500,0.298,0.000,0.702
399000,0.259,0.000,0.741
399500,0.269,0.000,0.731
400000,0.237,0.000,0.763
400500,0.340,0.000,0.660
401000,0.257,0.000,0.743
401500,0.300,0.000,0.700
402000,0.164,0.000,0.836
402500,0.237,0.000,0.763
403000,0.169,0.000,0.831
403500,0.295,0.000,0.705
404000,0.360,0.000,0.640
404500,0.343,0.000,0.657
405000,0.295,0.000,0.705
405500,0.252,0.000,0.748
406000,0.303,0.000,0.697
406500,0.228,0.000,0.772
407000,0.257,0.000,0.743
407500,0.207,0.000,0.793
408000,0.311,0.000,0.689
408500,0.289,0.000,0.711
409000,0.274,0.000,0.726
409500,0.249,0.000,0.751
410000,0.238,0.000,0.762
410500,0.203,0.000,0.797
411000,0.308,0.000,0.692
411500,0.245,0.000,0.755
412000,0.307,0.000,0.693
412500,0.345,0.000,0.655
413000,0.161,0.000,0.839
413500,0.281,0.000,0.719
414000,0.298,0.000,0.702
414500,0.388,0.000,0.612
415000,0.250,0.000,0.750
415500,0.274,0.000,0.726
416000,0.297,0.000,0.703
416500,0.341,0.000,0.659
417000,0.300,0.000,0.700
417500,0.294,0.000,0.706
418000,0.322,0.000,0.678
418500,0.260,0.000,0.740
419000,0.245,0.000,0.755
419500,0.157,0.002,0.841
420000,0.215,0.000,0.785
420500,0.276,0.000,0.724
421000,0.323,0.000,0.677
421500,0.250,0.000,0.750
422000,0.259,0.000,0.741
422500,0.315,0.000,0.685
423000,0.194,0.000,0.806
423500,0.277,0.000,0.723
424000,0.323,0.000,0.677
424500,0.204,0.000,0.796
425000,0.278,0.000,0.722
425500,0.281,0.000,0.719
426000,0.339,0.000,0.661
426500,0.248,0.000,0.752
427000,0.220,0.000,0.780
427500,0.265,0.000,0.735
428000,0.292,0.000,0.708
428500,0.329,0.000,0.671
429000,0.338,0.000,0.662
429500,0.390,0.000,0.610
430000,0.257,0.000,0.743
430500,0.403,0.000,0.597
431000,0.294,0.000,0.706
431500,0.182,0.000,0.818
432000,0.381,0.000,0.619
432500,0.291,0.000,0.709
433000,0.317,0.000,0.683
433500,0.205,0.000,0.795
434000,0.250,0.000,0.750
434500,0.259,0.000,0.741
435000,0.251,0.000,0.749
435500,0.208,0.000,0.792
436000,0.204,0.000,0.796
436500,0.254,0.000,0.746
437000,0.311,0.000,0.689
437500,0.332,0.000,0.668
438000,0.337,0.000,0.663
438500,0.291,0.000,0.709
439000,0.322,0.000,0.678
439500,0.242,0.000,0.758
440000,0.159,0.000,0.841
440500,0.176,0.000,0.824
441000,0.308,0.000,0.692
441500,0.295,0.000,0.705
442000,0.314,0.000,0.686
442500,0.278,0.000,0.722
443000,0.228,0.000,0.772
443500,0.264,0.000,0.736
444000,0.278,0.000,0.722
444500,0.448,0.000,0.552
445000,0.313,0.000,0.687
445500,0.217,0.000,0.783
446000,0.165,0.000,0.835
446500,0.256,0.000,0.744
447000,0.270,0.000,0.730
447500,0.351,0.000,0.649
448000,0.247,0.000,0.753
448500,0.272,0.000,0.728
449000,0.178,0.020,0.802
449500,0.262,0.000,0.738
450000,0.316,0.000,0.684
450500,0.257,0.000,0.743
451000,0.103,0.000,0.897
451500,0.203,0.000,0.797
452000,0.231,0.000,0.769
452500,0.289,0.000,0.711
453000,0.279,0.000,0.721
453500,0.311,0.000,0.689
454000,0.297,0.000,0.703
454500,0.255,0.000,0.745
455000,0.263,0.000,0.737
455500,0.282,0.000,0.718
456000,0.233,0.000,0.767
456500,0.308,0.000,0.692
457000,0.185,0.000,0.815
457500,0.432,0.000,0.568
458000,0.403,0.000,0.597
458500,0.279,0.000,0.721
459000,0.246,0.000,0.754
459500,0.255,0.000,0.745
460000,0.319,0.000,0.681
460500,0.242,0.000,0.758
461000,0.272,0.000,0.728
461500,0.329,0.000,0.671
462000,0.281,0.000,0.719
462500,0.261,0.000,0.739
463000,0.320,0.000,0.680
463500,0.207,0.000,0.793
464000,0.289,0.000,0.711
464500,0.273,0.000,0.727
465000,0.235,0.000,0.765
465500,0.216,0.009,0.775
466000,0.249,0.000,0.751
466500,0.259,0.000,0.741
467000,0.253,0.000,0.747
467500,0.206,0.000,0.794
468000,0.346,0.000,0.654
468500,0.216,0.000,0.784
469000,0.321,0.000,0.679
469500,0.243,0.000,0.757
470000,0.240,0.000,0.760
470500,0.132,0.000,0.868
471000,0.260,0.000,0.740
471500,0.219,0.000,0.781
472000,0.251,0.000,0.749
472500,0.328,0.000,0.672
473000,0.285,0.000,0.715
473500,0.261,0.000,0.739
474000,0.250,0.000,0.750
474500,0.333,0.000,0.667
475000,0.329,0.000,0.671
475500,0.253,0.000,0.747
476000,0.225,0.000,0.775
476500,0.247,0.000,0.753
477000,0.272,0.000,0.728
477500,0.181,0.000,0.819
478000,0.174,0.000,0.826
478500,0.299,0.000,0.701
479000,0.255,0.000,0.745
479500,0.283,0.000,0.717
480000,0.283,0.000,0.717
480500,0.265,0.000,0.735
481000,0.379,0.000,0.621
481500,0.286,0.000,0.714
482000,0.278,0.000,0.722
482500,0.294,0.000,0.706
483000,0.323,0.000,0.677
483500,0.294,0.000,0.706
484000,0.271,0.000,0.729
484500,0.349,0.000,0.651
485000,0.284,0.000,0.716
485500,0.285,0.000,0.715
486000,0.290,0.000,0.710
486500,0.192,0.000,0.808
487000,0.310,0.000,0.690
487500,0.264,0.000,0.736
488000,0.258,0.000,0.742
488500,0.226,0.000,0.774
489000,0.277,0.000,0.723
489500,0.273,0.000,0.727
490000,0.439,0.000,0.561
490500,0.288,0.000,0.712
491000,0.243,0.000,0.757
491500,0.197,0.000,0.803
492000,0.280,0.000,0.720
492500,0.334,0.000,0.666
493000,0.260,0.000,0.740
493500,0.253,0.000,0.747
494000,0.166,0.000,0.834
494500,0.399,0.000,0.601
495000,0.313,0.000,0.687
495500,0.226,0.000,0.774
496000,0.341,0.000,0.659
496500,0.206,0.000,0.794
497000,0.206,0.000,0.794
497500,0.305,0.000,0.695
498000,0.202,0.000,0.798
498500,0.267,0.000,0.733
499000,0.310,0.000,0.690
499500,0.217,0.000,0.783
500000,0.255,0.000,0.745
500500,0.225,0.000,0.775
501000,0.234,0.000,0.766
501500,0.214,0.000,0.786
502000,0.206,0.000,0.794
502500,0.144,0.000,0.856
503000,0.384,0.000,0.616
503500,0.242,0.000,0.758
504000,0.262,0.000,0.738
504500,0.288,0.000,0.712
505000,0.240,0.000,0.760
505500,0.197,0.000,0.803
506000,0.280,0.000,0.720
506500,0.364,0.000,0.636
507000,0.206,0.000,0.794
507500,0.237,0.000,0.763
508000,0.306,0.000,0.694
508500,0.253,0.000,0.747
509000,0.268,0.000,0.732
509500,0.355,0.000,0.645
510000,0.176,0.000,0.824
510500,0.314,0.000,0.686
511000,0.311,0.000,0.689
511500,0.401,0.000,0.599
512000,0.260,0.000,0.740
512500,0.215,0.000,0.785
513000,0.276,0.000,0.724
513500,0.290,0.000,0.710
514000,0.358,0.000,0.642
514500,0.228,0.000,0.772
515000,0.296,0.000,0.704
515500,0.228,0.000,0.772
516000,0.270,0.000,0.730
516500,0.293,0.000,0.707
517000,0.402,0.000,0.598
517500,0.328,0.000,0.672
518000,0.279,0.000,0.721
518500,0.257,0.000,0.743
519000,0.248,0.000,0.752
519500,0.233,0.000,0.767
520000,0.229,0.000,0.771
520500,0.262,0.000,0.738
521000,0.394,0.000,0.606
521500,0.247,0.000,0.753
522000,0.299,0.000,0.701
522500,0.300,0.000,0.700
523000,0.238,0.000,0.762
523500,0.225,0.000,0.775
524000,0.251,0.000,0.749
524500,0.246,0.000,0.754
525000,0.237,0.000,0.763
525500,0.274,0.000,0.726
526000,0.355,0.000,0.645
526500,0.349,0.000,0.651
527000,0.346,0.000,0.654
527500,0.280,0.000,0.720
528000,0.217,0.000,0.783
528500,0.291,0.000,0.709
529000,0.307,0.000,0.693
529500,0.238,0.000,0.762
530000,0.277,0.000,0.723
530500,0.297,0.000,0.703
531000,0.289,0.000,0.711
531500,0.336,0.000,0.664
532000,0.383,0.000,0.617
532500,0.286,0.000,0.714
533000,0.267,0.000,0.733
533500,0.250,0.000,0.750
534000,0.351,0.000,0.649
534500,0.276,0.000,0.724
535000,0.330,0.000,0.670
535500,0.283,0.000,0.717
536000,0.327,0.000,0.673
536500,0.340,0.000,0.660
537000,0.287,0.000,0.713
537500,0.450,0.000,0.550
538000,0.223,0.000,0.777
538500,0.297,0.000,0.703
539000,0.297,0.000,0.703
539500,0.356,0.000,0.644
540000,0.171,0.000,0.829
540500,0.238,0.000,0.762
541000,0.313,0.000,0.687
541500,0.246,0.000,0.754
542000,0.190,0.000,0.810
542500,0.284,0.000,0.716
543000,0.306,0.000,0.694
543500,0.319,0.000,0.681
544000,0.225,0.000,0.775
544500,0.250,0.000,0.750
545000,0.314,0.000,0.686
545500,0.298,0.000,0.702
546000,0.239,0.000,0.761
546500,0.290,0.000,0.710
547000,0.228,0.000,0.772
547500,0.254,0.000,0.746
548000,0.149,0.000,0.851
548500,0.344,0.000,0.656
549000,0.302,0.000,0.698
549500,0.264,0.000,0.736
550000,0.260,0.000,0.740
550500,0.301,0.000,0.699
551000,0.241,0.000,0.759
551500,0.333,0.000,0.667
552000,0.298,0.000,0.702
552500,0.142,0.000,0.858
553000,0.188,0.000,0.812
553500,0.230,0.000,0.770
554000,0.233,0.000,0.767
554500,0.327,0.000,0.673
555000,0.249,0.000,0.751
555500,0.177,0.000,0.823
556000,0.269,0.000,0.731
556500,0.321,0.000,0.679
557000,0.301,0.000,0.699
557500,0.398,0.000,0.602
558000,0.393,0.000,0.607
558500,0.363,0.000,0.637
559000,0.389,0.000,0.611
559500,0.243,0.000,0.757
560000,0.329,0.000,0.671
560500,0.288,0.000,0.712
561000,0.273,0.000,0.727
561500,0.230,0.000,0.770
562000,0.304,0.000,0.696
562500,0.389,0.000,0.611
563000,0.255,0.000,0.745
563500,0.278,0.000,0.722
564000,0.229,0.000,0.771
564500,0.187,0.000,0.813
565000,0.195,0.000,0.805
565500,0.267,0.000,0.733
566000,0.237,0.000,0.763
566500,0.202,0.000,0.798
567000,0.198,0.000,0.802
567500,0.365,0.000,0.635
568000,0.342,0.000,0.658
568500,0.193,0.005,0.802
569000,0.250,0.000,0.750
569500,0.225,0.000,0.775
570000,0.342,0.000,0.658
570500,0.214,0.000,0.786
571000,0.227,0.000,0.773
571500,0.119,0.000,0.881
572000,0.245,0.000,0.755
572500,0.258,0.000,0.742
573000,0.306,0.000,0.694
573500,0.205,0.000,0.795
574000,0.211,0.000,0.789
574500,0.191,0.000,0.809
575000,0.437,0.000,0.563
575500,0.183,0.000,0.817
576000,0.293,0.000,0.707
576500,0.340,0.000,0.660
577000,0.180,0.000,0.820
577500,0.352,0.000,0.648
578000,0.326,0.000,0.674
578500,0.287,0.000,0.713
579000,0.259,0.000,0.741
579500,0.318,0.000,0.682
580000,0.392,0.000,0.608
580500,0.262,0.000,0.738
581000,0.129,0.000,0.871
581500,0.207,0.000,0.793
582000,0.322,0.000,0.678
582500,0.279,0.000,0.721
583000,0.331,0.000,0.669
583500,0.322,0.000,0.678
584000,0.346,0.000,0.654
584500,0.217,0.000,0.783
585000,0.258,0.000,0.742
585500,0.152,0.000,0.848
586000,0.367,0.000,0.633
586500,0.264,0.000,0.736
587000,0.285,0.000,0.715
587500,0.347,0.000,0.653
588000,0.364,0.000,0.636
588500,0.250,0.000,0.750
589000,0.191,0.000,0.809
589500,0.255,0.000,0.745
590000,0.263,0.000,0.737
590500,0.284,0.000,0.716
591000,0.215,0.000,0.785
591500,0.399,0.000,0.601
592000,0.253,0.000,0.747
592500,0.189,0.000,0.811
593000,0.256,0.000,0.744
593500,0.397,0.000,0.603
594000,0.403,0.000,0.597
594500,0.205,0.000,0.795
595000,0.400,0.000,0.600
595500,0.235,0.000,0.765
596000,0.424,0.000,0.576
596500,0.298,0.000,0.702
597000,0.263,0.000,0.737
597500,0.264,0.000,0.736
598000,0.261,0.000,0.739
598500,0.272,0.000,0.728
599000,0.475,0.000,0.525
599500,0.317,0.000,0.683
600000,0.384,0.000,0.616
600500,0.243,0.000,0.757
601000,0.266,0.000,0.734
601500,0.310,0.000,0.690
602000,0.267,0.000,0.733
602500,0.356,0.000,0.644
603000,0.298,0.000,0.702
603500,0.223,0.000,0.777
604000,0.232,0.000,0.768
604500,0.275,0.000,0.725
605000,0.231,0.000,0.769
605500,0.357,0.000,0.643
606000,0.269,0.000,0.731
606500,0.214,0.000,0.786
607000,0.171,0.000,0.829
607500,0.181,0.000,0.819
608000,0.275,0.000,0.725
608500,0.277,0.000,0.723
609000,0.271,0.000,0.729
609500,0.326,0.000,0.674
610000,0.316,0.000,0.684
610500,0.375,0.000,0.625
611000,0.243,0.000,0.757
611500,0.262,0.000,0.738
612000,0.270,0.000,0.730
612500,0.333,0.000,0.667
613000,0.176,0.000,0.824
613500,0.323,0.000,0.677
614000,0.218,0.000,0.782
614500,0.272,0.000,0.728
615000,0.237,0.000,0.763
615500,0.164,0.000,0.836
616000,0.335,0.000,0.665
616500,0.336,0.000,0.664
617000,0.156,0.000,0.844
617500,0.277,0.001,0.722
618000,0.312,0.000,0.688
618500,0.413,0.000,0.587
619000,0.439,0.000,0.561
619500,0.421,0.000,0.579
620000,0.274,0.000,0.726
620500,0.288,0.000,0.712
621000,0.288,0.000,0.712
621500,0.264,0.000,0.736
622000,0.320,0.000,0.680
622500,0.337,0.000,0.663
623000,0.389,0.000,0.611
623500,0.261,0.000,0.739
624000,0.342,0.000,0.658
624500,0.235,0.000,0.765
625000,0.259,0.000,0.741
625500,0.204,0.000,0.796
626000,0.277,0.000,0.723
626500,0.212,0.000,0.788
627000,0.363,0.000,0.637
627500,0.205,0.000,0.795
628000,0.316,0.000,0.684
628500,0.440,0.000,0.560
629000,0.183,0.000,0.817
629500,0.214,0.004,0.782
630000,0.296,0.000,0.704
630500,0.315,0.000,0.685
631000,0.257,0.000,0.743
631500,0.163,0.000,0.837
632000,0.300,0.000,0.700
632500,0.256,0.000,0.744
633000,0.184,0.000,0.816
633500,0.243,0.000,0.757
634000,0.370,0.000,0.630
634500,0.153,0.000,0.847
635000,0.238,0.000,0.762
635500,0.321,0.000,0.679
636000,0.349,0.000,0.651
636500,0.239,0.000,0.761
637000,0.215,0.000,0.785
637500,0.316,0.000,0.684
638000,0.237,0.000,0.763
638500,0.416,0.000,0.584
639000,0.263,0.000,0.737
639500,0.241,0.000,0.759
640000,0.220,0.000,0.780
640500,0.396,0.000,0.604
641000,0.244,0.000,0.756
641500,0.327,0.000,0.673
642000,0.212,0.000,0.788
642500,0.352,0.000,0.648
643000,0.334,0.000,0.666
643500,0.275,0.000,0.725
644000,0.318,0.000,0.682
644500,0.308,0.000,0.692
645000,0.247,0.000,0.753
645500,0.294,0.000,0.706
646000,0.181,0.003,0.816
646500,0.246,0.000,0.754
647000,0.273,0.000,0.727
647500,0.223,0.000,0.777
648000,0.169,0.000,0.831
648500,0.286,0.000,0.714
649000,0.281,0.000,0.719
649500,0.293,0.000,0.707
650000,0.277,0.000,0.723
650500,0.332,0.000,0.668
651000,0.253,0.000,0.747
651500,0.228,0.000,0.772
652000,0.314,0.000,0.686
652500,0.372,0.000,0.628
653000,0.245,0.000,0.755
653500,0.314,0.000,0.686
654000,0.144,0.000,0.856
654500,0.326,0.000,0.674
655000,0.186,0.000,0.814
655500,0.335,0.000,0.665
656000,0.344,0.000,0.656
656500,0.164,0.000,0.836
657000,0.289,0.000,0.711
657500,0.226,0.000,0.774
658000,0.257,0.000,0.743
658500,0.222,0.000,0.778
659000,0.311,0.000,0.689
659500,0.316,0.000,0.684
660000,0.278,0.000,0.722
660500,0.305,0.000,0.695
661000,0.317,0.000,0.683
661500,0.194,0.000,0.806
662000,0.213,0.000,0.787
662500,0.349,0.000,0.651
663000,0.259,0.000,0.741
663500,0.334,0.000,0.666
664000,0.248,0.000,0.752
664500,0.345,0.000,0.655
665000,0.292,0.000,0.708
665500,0.262,0.000,0.738
666000,0.331,0.000,0.669
666500,0.343,0.000,0.657
667000,0.235,0.000,0.765
667500,0.226,0.000,0.774
668000,0.182,0.000,0.818
668500,0.314,0.000,0.686
669000,0.232,0.000,0.768
669500,0.245,0.000,0.755
670000,0.368,0.000,0.632
670500,0.332,0.000,0.668
671000,0.284,0.000,0.716
671500,0.250,0.000,0.750
672000,0.343,0.000,0.657
672500,0.314,0.000,0.686
673000,0.318,0.000,0.682
673500,0.289,0.000,0.711
674000,0.362,0.000,0.638
674500,0.298,0.000,0.702
675000,0.288,0.000,0.712
675500,0.254,0.000,0.746
676000,0.286,0.000,0.714
676500,0.254,0.000,0.746
677000,0.454,0.000,0.546
677500,0.250,0.000,0.750
678000,0.217,0.000,0.783
678500,0.193,0.000,0.807
679000,0.321,0.000,0.679
679500,0.296,0.000,0.704
680000,0.154,0.000,0.846
680500,0.303,0.000,0.697
681000,0.331,0.000,0.669
681500,0.240,0.000,0.760
682000,0.347,0.000,0.653
682500,0.367,0.000,0.633
683000,0.479,0.000,0.521
683500,0.382,0.000,0.618
684000,0.243,0.000,0.757
684500,0.273,0.000,0.727
685000,0.358,0.000,0.642
685500,0.289,0.000,0.711
686000,0.239,0.000,0.761
686500,0.174,0.000,0.826
687000,0.183,0.000,0.817
687500,0.243,0.000,0.757
688000,0.332,0.000,0.668
688500,0.356,0.000,0.644
689000,0.406,0.000,0.594
689500,0.375,0.000,0.625
690000,0.462,0.000,0.538
690500,0.259,0.000,0.741
691000,0.208,0.000,0.792
691500,0.283,0.000,0.717
692000,0.301,0.000,0.699
692500,0.283,0.000,0.717
693000,0.176,0.000,0.824
693500,0.349,0.000,0.651
694000,0.299,0.000,0.701
694500,0.287,0.000,0.713
695000,0.469,0.000,0.531
695500,0.124,0.000,0.876
696000,0.287,0.000,0.713
696500,0.281,0.000,0.719
697000,0.332,0.000,0.668
697500,0.287,0.000,0.713
698000,0.230,0.000,0.770
698500,0.284,0.000,0.716
699000,0.245,0.000,0.755
699500,0.314,0.000,0.686
700000,0.163,0.000,0.837
700500,0.189,0.000,0.811
701000,0.268,0.000,0.732
701500,0.243,0.000,0.757
702000,0.220,0.000,0.780
702500,0.508,0.000,0.492
703000,0.246,0.000,0.754
703500,0.226,0.000,0.774
704000,0.217,0.000,0.783
704500,0.110,0.000,0.890
705000,0.282,0.000,0.718
705500,0.260,0.000,0.740
706000,0.289,0.000,0.711
706500,0.272,0.000,0.728
707000,0.236,0.000,0.764
707500,0.351,0.000,0.649
708000,0.274,0.000,0.726
708500,0.371,0.000,0.629
709000,0.334,0.000,0.666
709500,0.336,0.000,0.664
710000,0.321,0.000,0.679
710500,0.333,0.000,0.667
711000,0.379,0.000,0.621
711500,0.395,0.000,0.605
712000,0.320,0.000,0.680
712500,0.307,0.000,0.693
713000,0.311,0.000,0.689
713500,0.308,0.000,0.692
714000,0.306,0.000,0.694
714500,0.395,0.000,0.605
715000,0.351,0.000,0.649
715500,0.216,0.000,0.784
716000,0.281,0.000,0.719
716500,0.385,0.000,0.615
717000,0.229,0.000,0.771
717500,0.317,0.000,0.683
718000,0.190,0.000,0.810
718500,0.285,0.000,0.715
719000,0.201,0.000,0.799
719500,0.227,0.000,0.773
720000,0.214,0.000,0.786
720500,0.090,0.028,0.882
721000,0.302,0.000,0.698
721500,0.245,0.000,0.755
722000,0.232,0.000,0.768
722500,0.317,0.000,0.683
723000,0.266,0.000,0.734
723500,0.230,0.000,0.770
724000,0.260,0.000,0.740
724500,0.188,0.000,0.812
725000,0.306,0.000,0.694
725500,0.422,0.000,0.578
726000,0.267,0.000,0.733
726500,0.259,0.000,0.741
727000,0.215,0.000,0.785
727500,0.376,0.000,0.624
728000,0.204,0.000,0.796
728500,0.282,0.000,0.718
729000,0.281,0.000,0.719
729500,0.193,0.000,0.807
730000,0.295,0.000,0.705
730500,0.204,0.000,0.796
731000,0.295,0.000,0.705
731500,0.320,0.000,0.680
732000,0.331,0.000,0.669
732500,0.264,0.000,0.736
733000,0.348,0.000,0.652
733500,0.231,0.000,0.769
734000,0.330,0.000,0.670
734500,0.250,0.000,0.750
735000,0.169,0.004,0.827
735500,0.327,0.000,0.673
736000,0.233,0.000,0.767
736500,0.351,0.000,0.649
737000,0.316,0.000,0.684
737500,0.354,0.000,0.646
738000,0.234,0.000,0.766
738500,0.269,0.000,0.731
739000,0.244,0.000,0.756
739500,0.287,0.000,0.713
740000,0.287,0.000,0.713
740500,0.240,0.000,0.760
741000,0.413,0.000,0.587
741500,0.332,0.000,0.668
742000,0.324,0.000,0.676
742500,0.282,0.000,0.718
743000,0.264,0.000,0.736
743500,0.195,0.000,0.805
744000,0.338,0.000,0.662
744500,0.308,0.000,0.692
745000,0.299,0.000,0.701
745500,0.182,0.000,0.818
746000,0.200,0.000,0.800
746500,0.297,0.000,0.703
747000,0.220,0.000,0.780
747500,0.173,0.000,0.827
748000,0.175,0.000,0.825
748500,0.322,0.000,0.678
749000,0.170,0.000,0.830
749500,0.221,0.000,0.779
750000,0.155,0.000,0.845
750500,0.304,0.000,0.696
751000,0.272,0.000,0.728
751500,0.225,0.000,0.775
752000,0.280,0.000,0.720
752500,0.179,0.000,0.821
753000,0.304,0.000,0.696
753500,0.256,0.000,0.744
754000,0.252,0.000,0.748
754500,0.160,0.000,0.840
755000,0.291,0.000,0.709
755500,0.269,0.000,0.731
756000,0.309,0.000,0.691
756500,0.347,0.000,0.653
757000,0.275,0.000,0.725
757500,0.187,0.000,0.813
758000,0.283,0.000,0.717
758500,0.201,0.000,0.799
759000,0.209,0.000,0.791
759500,0.306,0.000,0.694
760000,0.282,0.000,0.718
760500,0.291,0.000,0.709
761000,0.194,0.000,0.806
761500,0.282,0.000,0.718
762000,0.367,0.000,0.633
762500,0.258,0.000,0.742
763000,0.278,0.000,0.722
763500,0.349,0.000,0.651
764000,0.153,0.000,0.847
764500,0.253,0.000,0.747
765000,0.260,0.005,0.735
765500,0.337,0.000,0.663
766000,0.378,0.000,0.622
766500,0.210,0.000,0.790
767000,0.161,0.000,0.839
767500,0.189,0.001,0.810
768000,0.303,0.002,0.695
768500,0.160,0.000,0.840
769000,0.274,0.000,0.726
769500,0.312,0.000,0.688
770000,0.276,0.000,0.724
770500,0.268,0.000,0.732
771000,0.275,0.000,0.725
771500,0.330,0.000,0.670
772000,0.331,0.000,0.669
772500,0.392,0.000,0.608
773000,0.300,0.000,0.700
773500,0.163,0.000,0.837
774000,0.320,0.000,0.680
774500,0.275,0.000,0.725
775000,0.323,0.000,0.677
775500,0.309,0.000,0.691
776000,0.241,0.000,0.759
776500,0.347,0.000,0.653
777000,0.347,0.000,0.653
777500,0.273,0.000,0.727
778000,0.274,0.000,0.726
778500,0.314,0.000,0.686
779000,0.154,0.000,0.846
779500,0.213,0.000,0.787
780000,0.203,0.000,0.797
780500,0.260,0.000,0.740
781000,0.299,0.000,0.701
781500,0.276,0.000,0.724
782000,0.300,0.000,0.700
782500,0.394,0.000,0.606
783000,0.190,0.000,0.810
783500,0.244,0.000,0.756
784000,0.262,0.000,0.738
784500,0.258,0.000,0.742
785000,0.282,0.000,0.718
785500,0.129,0.000,0.871
786000,0.399,0.000,0.601
786500,0.263,0.000,0.737
787000,0.335,0.000,0.665
787500,0.285,0.000,0.715
788000,0.261,0.000,0.739
788500,0.307,0.000,0.693
789000,0.257,0.000,0.743
789500,0.220,0.000,0.780
790000,0.190,0.000,0.810
790500,0.305,0.000,0.695
791000,0.196,0.000,0.804
791500,0.324,0.000,0.676
792000,0.221,0.000,0.779
792500,0.380,0.000,0.620
793000,0.244,0.000,0.756
793500,0.229,0.000,0.771
794000,0.249,0.000,0.751
794500,0.227,0.000,0.773
795000,0.341,0.000,0.659
795500,0.297,0.000,0.703
796000,0.241,0.000,0.759
796500,0.319,0.000,0.681
797000,0.227,0.000,0.773
797500,0.181,0.000,0.819
798000,0.278,0.000,0.722
798500,0.227,0.000,0.773
799000,0.268,0.000,0.732
799500,0.142,0.000,0.858
800000,0.297,0.000,0.703
800500,0.380,0.000,0.620
801000,0.195,0.000,0.805
801500,0.205,0.000,0.795
802000,0.190,0.000,0.810
802500,0.294,0.000,0.706
803000,0.161,0.000,0.839
803500,0.204,0.000,0.796
804000,0.285,0.000,0.715
804500,0.256,0.000,0.744
805000,0.327,0.000,0.673
805500,0.409,0.000,0.591
806000,0.211,0.000,0.789
806500,0.186,0.000,0.814
807000,0.316,0.000,0.684
807500,0.264,0.000,0.736
808000,0.269,0.000,0.731
808500,0.301,0.000,0.699
809000,0.296,0.000,0.704
809500,0.387,0.000,0.613
810000,0.364,0.000,0.636
810500,0.286,0.000,0.714
811000,0.210,0.000,0.790
811500,0.220,0.000,0.780
812000,0.312,0.000,0.688
812500,0.299,0.000,0.701
813000,0.285,0.000,0.715
813500,0.230,0.000,0.770
814000,0.223,0.000,0.777
814500,0.296,0.000,0.704
815000,0.315,0.000,0.685
815500,0.264,0.000,0.736
816000,0.294,0.000,0.706
816500,0.375,0.000,0.625
817000,0.266,0.000,0.734
817500,0.363,0.000,0.637
818000,0.294,0.000,0.706
818500,0.357,0.000,0.643
819000,0.340,0.000,0.660
819500,0.164,0.000,0.836
820000,0.330,0.000,0.670
820500,0.219,0.000,0.781
821000,0.320,0.000,0.680
821500,0.291,0.000,0.709
822000,0.333,0.000,0.667
822500,0.184,0.000,0.816
823000,0.253,0.000,0.747
823500,0.211,0.000,0.789
824000,0.231,0.000,0.769
824500,0.268,0.000,0.732
825000,0.181,0.000,0.819
825500,0.387,0.000,0.613
826000,0.259,0.000,0.741
826500,0.285,0.000,0.715
827000,0.295,0.000,0.705
827500,0.431,0.000,0.569
828000,0.252,0.000,0.748
828500,0.374,0.000,0.626
829000,0.180,0.000,0.820
829500,0.320,0.000,0.680
830000,0.391,0.000,0.609
830500,0.197,0.000,0.803
831000,0.241,0.000,0.759
831500,0.354,0.000,0.646
832000,0.319,0.000,0.681
832500,0.474,0.000,0.526
833000,0.268,0.000,0.732
833500,0.318,0.000,0.682
834000,0.235,0.000,0.765
834500,0.382,0.000,0.618
835000,0.392,0.000,0.608
835500,0.282,0.000,0.718
836000,0.245,0.000,0.755
836500,0.303,0.000,0.697
837000,0.264,0.000,0.736
837500,0.387,0.000,0.613
838000,0.383,0.000,0.617
838500,0.305,0.000,0.695
839000,0.236,0.000,0.764
839500,0.245,0.000,0.755
840000,0.218,0.000,0.782
840500,0.350,0.000,0.650
841000,0.216,0.000,0.784
841500,0.242,0.000,0.758
842000,0.428,0.000,0.572
842500,0.197,0.000,0.803
843000,0.240,0.000,0.760
843500,0.239,0.000,0.761
844000,0.189,0.000,0.811
844500,0.216,0.000,0.784
845000,0.276,0.000,0.724
845500,0.250,0.000,0.750
846000,0.206,0.000,0.794
846500,0.401,0.000,0.599
847000,0.300,0.000,0.700
847500,0.369,0.000,0.631
848000,0.239,0.000,0.761
848500,0.241,0.000,0.759
849000,0.205,0.000,0.795
849500,0.246,0.000,0.754
850000,0.188,0.000,0.812
850500,0.214,0.000,0.786
851000,0.282,0.000,0.718
851500,0.312,0.000,0.688
852000,0.276,0.000,0.724
852500,0.259,0.000,0.741
853000,0.355,0.000,0.645
853500,0.279,0.000,0.721
854000,0.268,0.000,0.732
854500,0.388,0.000,0.612
855000,0.316,0.000,0.684
855500,0.281,0.000,0.719
856000,0.326,0.000,0.674
856500,0.241,0.000,0.759
857000,0.245,0.000,0.755
857500,0.163,0.000,0.837
858000,0.289,0.000,0.711
858500,0.259,0.000,0.741
859000,0.354,0.000,0.646
859500,0.339,0.000,0.661
860000,0.205,0.000,0.795
860500,0.358,0.000,0.642
861000,0.240,0.000,0.760
861500,0.197,0.000,0.803
862000,0.284,0.000,0.716
862500,0.272,0.000,0.728
863000,0.163,0.000,0.837
863500,0.269,0.000,0.731
864000,0.135,0.000,0.865
864500,0.346,0.000,0.654
865000,0.201,0.000,0.799
865500,0.276,0.000,0.724
866000,0.244,0.000,0.756
866500,0.249,0.000,0.751
867000,0.179,0.000,0.821
867500,0.226,0.000,0.774
868000,0.339,0.000,0.661
868500,0.164,0.000,0.836
869000,0.239,0.000,0.761
869500,0.255,0.000,0.745
870000,0.312,0.000,0.688
870500,0.290,0.000,0.710
871000,0.235,0.000,0.765
871500,0.290,0.000,0.710
872000,0.290,0.000,0.710
872500,0.299,0.000,0.701
873000,0.239,0.000,0.761
873500,0.301,0.000,0.699
874000,0.319,0.000,0.681
874500,0.235,0.000,0.765
875000,0.283,0.000,0.717
875500,0.204,0.000,0.796
876000,0.253,0.000,0.747
876500,0.343,0.000,0.657
877000,0.245,0.000,0.755
877500,0.300,0.000,0.700
878000,0.267,0.000,0.733
878500,0.305,0.000,0.695
879000,0.296,0.000,0.704
879500,0.280,0.000,0.720
880000,0.375,0.000,0.625
880500,0.167,0.000,0.833
881000,0.413,0.000,0.587
881500,0.347,0.000,0.653
882000,0.373,0.000,0.627
882500,0.348,0.000,0.652
883000,0.286,0.000,0.714
883500,0.204,0.000,0.796
884000,0.415,0.000,0.585
884500,0.354,0.000,0.646
885000,0.228,0.000,0.772
885500,0.220,0.000,0.780
886000,0.272,0.000,0.728
886500,0.396,0.000,0.604
887000,0.284,0.000,0.716
887500,0.215,0.000,0.785
888000,0.293,0.000,0.707
888500,0.255,0.000,0.745
889000,0.212,0.000,0.788
889500,0.310,0.000,0.690
890000,0.286,0.000,0.714
890500,0.221,0.000,0.779
891000,0.337,0.000,0.663
891500,0.260,0.000,0.740
892000,0.337,0.000,0.663
892500,0.214,0.000,0.786
893000,0.296,0.000,0.704
893500,0.289,0.000,0.711
894000,0.313,0.000,0.687
894500,0.419,0.000,0.581
895000,0.239,0.000,0.761
895500,0.272,0.000,0.728
896000,0.256,0.000,0.744
896500,0.250,0.000,0.750
897000,0.199,0.000,0.801
897500,0.303,0.000,0.697
898000,0.227,0.000,0.773
898500,0.285,0.000,0.715
899000,0.211,0.000,0.789
899500,0.228,0.000,0.772
900000,0.350,0.000,0.650
900500,0.288,0.000,0.712
901000,0.385,0.000,0.615
901500,0.376,0.000,0.624
902000,0.345,0.000,0.655
902500,0.217,0.000,0.783
903000,0.219,0.000,0.781
903500,0.242,0.000,0.758
904000,0.234,0.000,0.766
904500,0.257,0.000,0.743
905000,0.230,0.000,0.770
905500,0.364,0.000,0.636
906000,0.342,0.000,0.658
906500,0.229,0.000,0.771
907000,0.183,0.000,0.817
907500,0.247,0.000,0.753
908000,0.235,0.000,0.765
908500,0.249,0.000,0.751
909000,0.360,0.000,0.640
909500,0.247,0.000,0.753
910000,0.341,0.000,0.659
910500,0.260,0.000,0.740
911000,0.204,0.000,0.796
911500,0.233,0.000,0.767
912000,0.223,0.000,0.777
912500,0.361,0.000,0.639
913000,0.447,0.000,0.553
913500,0.319,0.000,0.681
914000,0.349,0.000,0.651
914500,0.258,0.000,0.742
915000,0.268,0.000,0.732
915500,0.294,0.000,0.706
916000,0.209,0.000,0.791
916500,0.275,0.000,0.725
917000,0.179,0.000,0.821
917500,0.173,0.000,0.827
918000,0.295,0.000,0.705
918500,0.284,0.000,0.716
919000,0.199,0.000,0.801
919500,0.175,0.000,0.825
920000,0.308,0.000,0.692
920500,0.258,0.000,0.742
921000,0.320,0.000,0.680
921500,0.216,0.000,0.784
922000,0.292,0.000,0.708
922500,0.311,0.000,0.689
923000,0.281,0.000,0.719
923500,0.212,0.000,0.788
924000,0.305,0.000,0.695
924500,0.223,0.000,0.777
925000,0.380,0.000,0.620
925500,0.428,0.000,0.572
926000,0.260,0.000,0.740
926500,0.249,0.000,0.751
927000,0.288,0.000,0.712
927500,0.363,0.000,0.637
928000,0.278,0.000,0.722
928500,0.224,0.000,0.776
929000,0.211,0.000,0.789
929500,0.332,0.000,0.668
930000,0.288,0.000,0.712
930500,0.353,0.000,0.647
931000,0.328,0.000,0.672
931500,0.294,0.000,0.706
932000,0.258,0.000,0.742
932500,0.349,0.000,0.651
933000,0.347,0.000,0.653
933500,0.253,0.000,0.747
934000,0.256,0.000,0.744
934500,0.239,0.000,0.761
935000,0.237,0.000,0.763
935500,0.312,0.000,0.688
936000,0.353,0.000,0.647
936500,0.365,0.000,0.635
937000,0.210,0.000,0.790
937500,0.218,0.000,0.782
938000,0.305,0.000,0.695
938500,0.457,0.000,0.543
939000,0.215,0.000,0.785
939500,0.170,0.000,0.830
940000,0.206,0.000,0.794
940500,0.160,0.000,0.840
941000,0.299,0.000,0.701
941500,0.296,0.000,0.704
942000,0.168,0.000,0.832
942500,0.281,0.000,0.719
943000,0.383,0.000,0.617
943500,0.232,0.000,0.768
944000,0.199,0.000,0.801
944500,0.431,0.000,0.569
945000,0.271,0.000,0.729
945500,0.240,0.000,0.760
946000,0.177,0.000,0.823
946500,0.211,0.000,0.789
947000,0.160,0.000,0.840
947500,0.358,0.000,0.642
948000,0.270,0.000,0.730
948500,0.324,0.000,0.676
949000,0.275,0.000,0.725
949500,0.286,0.000,0.714
950000,0.288,0.000,0.712
950500,0.240,0.000,0.760
951000,0.237,0.000,0.763
951500,0.219,0.000,0.781
952000,0.329,0.000,0.671
952500,0.222,0.000,0.778
953000,0.322,0.000,0.678
953500,0.347,0.000,0.653
954000,0.201,0.006,0.793
954500,0.233,0.000,0.767
955000,0.318,0.000,0.682
955500,0.214,0.000,0.786
956000,0.205,0.000,0.795
956500,0.279,0.000,0.721
957000,0.353,0.000,0.647
957500,0.238,0.000,0.762
958000,0.223,0.000,0.777
958500,0.261,0.000,0.739
959000,0.359,0.000,0.641
959500,0.284,0.000,0.716
960000,0.343,0.000,0.657
960500,0.209,0.000,0.791
961000,0.302,0.000,0.698
961500,0.353,0.000,0.647
962000,0.231,0.000,0.769
962500,0.265,0.000,0.735
963000,0.142,0.000,0.858
963500,0.363,0.000,0.637
964000,0.200,0.000,0.800
964500,0.407,0.000,0.593
965000,0.269,0.000,0.731
965500,0.225,0.000,0.775
966000,0.287,0.000,0.713
966500,0.270,0.000,0.730
967000,0.416,0.000,0.584
967500,0.232,0.000,0.768
968000,0.279,0.000,0.721
968500,0.339,0.000,0.661
969000,0.233,0.000,0.767
969500,0.251,0.000,0.749
970000,0.269,0.000,0.731
970500,0.280,0.000,0.720
971000,0.334,0.000,0.666
971500,0.276,0.000,0.724
972000,0.162,0.000,0.838
972500,0.214,0.000,0.786
973000,0.145,0.004,0.851
973500,0.361,0.000,0.639
974000,0.249,0.000,0.751
974500,0.204,0.000,0.796
975000,0.309,0.000,0.691
975500,0.241,0.000,0.759
976000,0.259,0.000,0.741
976500,0.335,0.000,0.665
977000,0.248,0.000,0.752
977500,0.282,0.000,0.718
978000,0.228,0.000,0.772
978500,0.290,0.000,0.710
979000,0.266,0.000,0.734
979500,0.229,0.000,0.771
980000,0.228,0.000,0.772
980500,0.458,0.000,0.542
981000,0.219,0.000,0.781
981500,0.335,0.000,0.665
982000,0.322,0.000,0.678
982500,0.225,0.000,0.775
983000,0.177,0.000,0.823
983500,0.218,0.000,0.782
984000,0.333,0.000,0.667
984500,0.326,0.000,0.674
985000,0.209,0.000,0.791
985500,0.222,0.000,0.778
986000,0.190,0.000,0.810
986500,0.084,0.023,0.893
987000,0.309,0.000,0.691
987500,0.228,0.000,0.772
988000,0.279,0.000,0.721
988500,0.294,0.000,0.706
989000,0.216,0.000,0.784
989500,0.380,0.000,0.620
990000,0.295,0.000,0.705
990500,0.313,0.000,0.687
991000,0.309,0.000,0.691
991500,0.330,0.000,0.670
992000,0.252,0.000,0.748
992500,0.273,0.000,0.727
993000,0.362,0.000,0.638
993500,0.235,0.000,0.765
994000,0.266,0.000,0.734
994500,0.228,0.000,0.772
995000,0.275,0.000,0.725
995500,0.182,0.000,0.818
996000,0.284,0.000,0.716
996500,0.292,0.000,0.708
997000,0.376,0.000,0.624
997500,0.228,0.000,0.772
998000,0.261,0.000,0.739
998500,0.235,0.000,0.765
999000,0.290,0.000,0.710
999500,0.245,0.000,0.755
1000000,0.444,0.000,0.556
