time,n_A+p,n_B,n_AB
100,0.315,0.391,0.293
200,0.272,0.304,0.424
300,0.174,0.337,0.489
400,0.120,0.380,0.500
500,0.120,0.424,0.457
600,0.109,0.359,0.533
700,0.120,0.326,0.554
800,0.043,0.293,0.663
900,0.098,0.283,0.620
1000,0.174,0.326,0.500
1100,0.163,0.326,0.511
1200,0.217,0.293,0.489
1300,0.163,0.293,0.543
1400,0.228,0.185,0.587
1500,0.228,0.174,0.598
1600,0.217,0.196,0.587
1700,0.283,0.185,0.533
1800,0.207,0.228,0.565
1900,0.250,0.185,0.565
2000,0.293,0.228,0.478
2100,0.261,0.207,0.533
2200,0.283,0.228,0.489
2300,0.174,0.228,0.598
2400,0.163,0.217,0.620
2500,0.152,0.185,0.663
2600,0.217,0.174,0.609
2700,0.315,0.130,0.554
2800,0.304,0.098,0.598
2900,0.272,0.130,0.598
3000,0.261,0.109,0.630
3100,0.293,0.152,0.554
3200,0.228,0.185,0.587
3300,0.196,0.130,0.674
3400,0.304,0.120,0.576
3500,0.250,0.087,0.663
3600,0.261,0.098,0.641
3700,0.207,0.152,0.641
3800,0.141,0.163,0.696
3900,0.152,0.174,0.674
4000,0.174,0.130,0.696
4100,0.174,0.141,0.685
4200,0.152,0.239,0.609
4300,0.130,0.217,0.652
4400,0.141,0.174,0.685
4500,0.098,0.196,0.707
4600,0.065,0.283,0.652
4700,0.098,0.283,0.620
4800,0.130,0.261,0.609
4900,0.152,0.272,0.576
5000,0.163,0.272,0.565
5100,0.217,0.239,0.543
5200,0.326,0.141,0.533
5300,0.304,0.098,0.598
5400,0.283,0.163,0.554
5500,0.283,0.130,0.587
5600,0.239,0.163,0.598
5700,0.261,0.098,0.641
5800,0.293,0.120,0.587
5900,0.283,0.109,0.609
6000,0.283,0.174,0.543
6100,0.217,0.163,0.620
6200,0.261,0.272,0.467
6300,0.337,0.261,0.402
6400,0.163,0.228,0.609
6500,0.261,0.207,0.533
6600,0.228,0.120,0.652
6700,0.304,0.087,0.609
6800,0.326,0.120,0.554
6900,0.283,0.120,0.598
7000,0.228,0.076,0.696
7100,0.163,0.163,0.674
7200,0.196,0.174,0.630
7300,0.283,0.152,0.565
7400,0.250,0.141,0.609
7500,0.293,0.098,0.609
7600,0.315,0.109,0.576
7700,0.261,0.185,0.554
7800,0.304,0.174,0.522
7900,0.283,0.141,0.576
8000,0.261,0.141,0.598
8100,0.348,0.130,0.522
8200,0.348,0.120,0.533
8300,0.337,0.130,0.533
8400,0.261,0.098,0.641
8500,0.228,0.174,0.598
8600,0.109,0.152,0.739
8700,0.098,0.141,0.761
8800,0.174,0.207,0.620
8900,0.109,0.163,0.728
9000,0.174,0.261,0.565
9100,0.174,0.174,0.652
9200,0.163,0.141,0.696
9300,0.174,0.152,0.674
9400,0.152,0.109,0.739
9500,0.185,0.174,0.641
9600,0.130,0.174,0.696
9700,0.228,0.120,0.652
9800,0.141,0.228,0.630
9900,0.098,0.196,0.707
10000,0.098,0.261,0.641
10100,0.120,0.239,0.641
10200,0.120,0.217,0.663
10300,0.109,0.207,0.685
10400,0.207,0.217,0.576
10500,0.120,0.217,0.663
10600,0.076,0.228,0.696
10700,0.130,0.250,0.620
10800,0.087,0.272,0.641
10900,0.076,0.315,0.609
11000,0.087,0.250,0.663
11100,0.141,0.207,0.652
11200,0.207,0.261,0.533
11300,0.185,0.304,0.511
11400,0.185,0.315,0.500
11500,0.109,0.348,0.543
11600,0.098,0.359,0.543
11700,0.098,0.293,0.609
11800,0.174,0.239,0.587
11900,0.174,0.217,0.609
12000,0.174,0.207,0.620
12100,0.120,0.272,0.609
12200,0.109,0.163,0.728
12300,0.141,0.228,0.630
12400,0.250,0.239,0.511
12500,0.217,0.152,0.630
12600,0.315,0.120,0.565
12700,0.272,0.098,0.630
12800,0.261,0.141,0.598
12900,0.337,0.076,0.587
13000,0.326,0.076,0.598
13100,0.380,0.054,0.565
13200,0.391,0.076,0.533
13300,0.359,0.109,0.533
13400,0.272,0.098,0.630
13500,0.228,0.174,0.598
13600,0.185,0.217,0.598
13700,0.217,0.217,0.565
13800,0.185,0.163,0.652
13900,0.141,0.152,0.707
14000,0.239,0.196,0.565
14100,0.261,0.130,0.609
14200,0.293,0.185,0.522
14300,0.217,0.174,0.609
14400,0.239,0.196,0.565
14500,0.272,0.207,0.522
14600,0.261,0.174,0.565
14700,0.272,0.174,0.554
14800,0.337,0.217,0.446
14900,0.402,0.217,0.380
15000,0.272,0.217,0.511
15100,0.359,0.152,0.489
15200,0.261,0.076,0.663
15300,0.370,0.033,0.598
15400,0.315,0.054,0.630
15500,0.283,0.152,0.565
15600,0.250,0.174,0.576
15700,0.250,0.130,0.620
15800,0.261,0.087,0.652
15900,0.250,0.185,0.565
16000,0.217,0.163,0.620
16100,0.185,0.196,0.620
16200,0.207,0.217,0.576
16300,0.152,0.293,0.554
16400,0.130,0.315,0.554
16500,0.207,0.217,0.576
16600,0.217,0.185,0.598
16700,0.174,0.217,0.609
16800,0.217,0.337,0.446
16900,0.174,0.261,0.565
17000,0.217,0.196,0.587
17100,0.185,0.185,0.630
17200,0.250,0.174,0.576
17300,0.163,0.174,0.663
17400,0.207,0.174,0.620
17500,0.185,0.130,0.685
17600,0.250,0.174,0.576
17700,0.261,0.141,0.598
17800,0.293,0.120,0.587
17900,0.304,0.120,0.576
18000,0.293,0.163,0.543
18100,0.326,0.120,0.554
18200,0.217,0.185,0.598
18300,0.207,0.174,0.620
18400,0.272,0.076,0.652
18500,0.326,0.098,0.576
18600,0.326,0.076,0.598
18700,0.293,0.174,0.533
18800,0.315,0.185,0.500
18900,0.283,0.152,0.565
19000,0.283,0.196,0.522
19100,0.326,0.152,0.522
19200,0.283,0.130,0.587
19300,0.185,0.152,0.663
19400,0.152,0.152,0.696
19500,0.228,0.174,0.598
19600,0.196,0.185,0.620
19700,0.152,0.217,0.630
19800,0.163,0.185,0.652
19900,0.207,0.239,0.554
20000,0.239,0.207,0.554
20100,0.228,0.250,0.522
20200,0.185,0.163,0.652
20300,0.141,0.163,0.696
20400,0.174,0.141,0.685
20500,0.174,0.163,0.663
20600,0.196,0.163,0.641
20700,0.196,0.163,0.641
20800,0.217,0.228,0.554
20900,0.250,0.163,0.587
21000,0.283,0.228,0.489
21100,0.315,0.174,0.511
21200,0.250,0.130,0.620
21300,0.315,0.174,0.511
21400,0.239,0.141,0.620
21500,0.239,0.141,0.620
21600,0.239,0.185,0.576
21700,0.217,0.293,0.489
21800,0.304,0.141,0.554
21900,0.315,0.185,0.500
22000,0.239,0.174,0.587
22100,0.217,0.217,0.565
22200,0.272,0.207,0.522
22300,0.217,0.196,0.587
22400,0.141,0.185,0.674
22500,0.196,0.239,0.565
22600,0.152,0.239,0.609
22700,0.196,0.228,0.576
22800,0.272,0.228,0.500
22900,0.196,0.185,0.620
23000,0.283,0.174,0.543
23100,0.207,0.163,0.630
23200,0.293,0.130,0.576
23300,0.293,0.120,0.587
23400,0.250,0.098,0.652
23500,0.304,0.098,0.598
23600,0.304,0.065,0.630
23700,0.337,0.065,0.598
23800,0.326,0.109,0.565
23900,0.359,0.109,0.533
24000,0.370,0.065,0.565
24100,0.424,0.130,0.446
24200,0.283,0.163,0.554
24300,0.272,0.130,0.598
24400,0.196,0.098,0.707
24500,0.261,0.098,0.641
24600,0.283,0.098,0.620
24700,0.261,0.087,0.652
24800,0.217,0.109,0.674
24900,0.163,0.185,0.652
25000,0.196,0.141,0.663
25100,0.261,0.228,0.511
25200,0.120,0.250,0.630
25300,0.098,0.293,0.609
25400,0.141,0.272,0.587
25500,0.087,0.228,0.685
25600,0.217,0.196,0.587
25700,0.250,0.174,0.576
25800,0.239,0.272,0.489
25900,0.185,0.326,0.489
26000,0.185,0.272,0.543
26100,0.163,0.228,0.609
26200,0.141,0.337,0.522
26300,0.130,0.293,0.576
26400,0.207,0.185,0.609
26500,0.207,0.261,0.533
26600,0.141,0.261,0.598
26700,0.174,0.250,0.576
26800,0.152,0.261,0.587
26900,0.196,0.185,0.620
27000,0.261,0.217,0.522
27100,0.163,0.174,0.663
27200,0.130,0.228,0.641
27300,0.109,0.326,0.565
27400,0.217,0.326,0.457
27500,0.228,0.250,0.522
27600,0.228,0.196,0.576
27700,0.174,0.326,0.500
27800,0.185,0.239,0.576
27900,0.196,0.293,0.511
28000,0.207,0.250,0.543
28100,0.207,0.261,0.533
28200,0.239,0.261,0.500
28300,0.207,0.185,0.609
28400,0.217,0.163,0.620
28500,0.283,0.087,0.630
28600,0.239,0.174,0.587
28700,0.250,0.217,0.533
28800,0.337,0.163,0.500
28900,0.250,0.207,0.543
29000,0.239,0.207,0.554
29100,0.217,0.207,0.576
29200,0.239,0.196,0.565
29300,0.239,0.196,0.565
29400,0.207,0.152,0.641
29500,0.228,0.207,0.565
29600,0.239,0.163,0.598
29700,0.250,0.152,0.598
29800,0.261,0.120,0.620
29900,0.293,0.109,0.598
30000,0.261,0.098,0.641
30100,0.348,0.065,0.587
30200,0.348,0.141,0.511
30300,0.293,0.207,0.500
30400,0.326,0.163,0.511
30500,0.304,0.196,0.500
30600,0.261,0.272,0.467
30700,0.272,0.217,0.511
30800,0.196,0.207,0.598
30900,0.326,0.141,0.533
31000,0.337,0.054,0.609
31100,0.391,0.098,0.511
31200,0.326,0.120,0.554
31300,0.272,0.130,0.598
31400,0.174,0.130,0.696
31500,0.141,0.185,0.674
31600,0.163,0.163,0.674
31700,0.130,0.196,0.674
31800,0.293,0.174,0.533
31900,0.250,0.185,0.565
32000,0.250,0.185,0.565
32100,0.272,0.185,0.543
32200,0.152,0.196,0.652
32300,0.196,0.207,0.598
32400,0.152,0.261,0.587
32500,0.207,0.250,0.543
32600,0.207,0.207,0.587
32700,0.207,0.272,0.522
32800,0.293,0.228,0.478
32900,0.283,0.152,0.565
33000,0.261,0.228,0.511
33100,0.304,0.196,0.500
33200,0.261,0.261,0.478
33300,0.261,0.304,0.435
33400,0.217,0.283,0.500
33500,0.130,0.250,0.620
33600,0.065,0.261,0.674
33700,0.054,0.370,0.576
33800,0.098,0.500,0.402
33900,0.087,0.457,0.457
34000,0.109,0.467,0.424
34100,0.076,0.370,0.554
34200,0.130,0.337,0.533
34300,0.109,0.304,0.587
34400,0.130,0.304,0.565
34500,0.098,0.272,0.630
34600,0.120,0.272,0.609
34700,0.098,0.228,0.674
34800,0.152,0.337,0.511
34900,0.141,0.261,0.598
35000,0.130,0.250,0.620
35100,0.141,0.228,0.630
35200,0.217,0.217,0.565
35300,0.250,0.185,0.565
35400,0.163,0.228,0.609
35500,0.130,0.250,0.620
35600,0.196,0.304,0.500
35700,0.207,0.228,0.565
35800,0.120,0.174,0.707
35900,0.185,0.185,0.630
36000,0.196,0.217,0.587
36100,0.207,0.196,0.598
36200,0.228,0.207,0.565
36300,0.207,0.304,0.489
36400,0.141,0.326,0.533
36500,0.130,0.315,0.554
36600,0.043,0.348,0.609
36700,0.043,0.293,0.663
36800,0.076,0.272,0.652
36900,0.141,0.283,0.576
37000,0.261,0.261,0.478
37100,0.174,0.185,0.641
37200,0.141,0.293,0.565
37300,0.130,0.272,0.598
37400,0.076,0.304,0.620
37500,0.098,0.250,0.652
37600,0.109,0.217,0.674
37700,0.130,0.261,0.609
37800,0.109,0.207,0.685
37900,0.130,0.217,0.652
38000,0.120,0.272,0.609
38100,0.152,0.207,0.641
38200,0.109,0.207,0.685
38300,0.120,0.293,0.587
38400,0.109,0.207,0.685
38500,0.130,0.196,0.674
38600,0.109,0.239,0.652
38700,0.152,0.261,0.587
38800,0.185,0.174,0.641
38900,0.174,0.130,0.696
39000,0.141,0.250,0.609
39100,0.141,0.348,0.511
39200,0.141,0.315,0.543
39300,0.141,0.261,0.598
39400,0.152,0.196,0.652
39500,0.130,0.163,0.707
39600,0.130,0.163,0.707
39700,0.141,0.109,0.750
39800,0.152,0.163,0.685
39900,0.185,0.130,0.685
40000,0.185,0.163,0.652
40100,0.239,0.196,0.565
40200,0.272,0.196,0.533
40300,0.130,0.239,0.630
40400,0.185,0.217,0.598
40500,0.152,0.250,0.598
40600,0.109,0.402,0.489
40700,0.109,0.370,0.522
40800,0.174,0.304,0.522
40900,0.261,0.348,0.391
41000,0.272,0.283,0.446
41100,0.315,0.261,0.424
41200,0.250,0.185,0.565
41300,0.228,0.185,0.587
41400,0.152,0.141,0.707
41500,0.163,0.163,0.674
41600,0.207,0.120,0.674
41700,0.239,0.087,0.674
41800,0.239,0.109,0.652
41900,0.326,0.098,0.576
42000,0.304,0.087,0.609
42100,0.250,0.098,0.652
42200,0.228,0.152,0.620
42300,0.228,0.130,0.641
42400,0.261,0.163,0.576
42500,0.207,0.174,0.620
42600,0.130,0.185,0.685
42700,0.163,0.109,0.728
42800,0.207,0.174,0.620
42900,0.239,0.185,0.576
43000,0.196,0.228,0.576
43100,0.239,0.326,0.435
43200,0.174,0.337,0.489
43300,0.109,0.283,0.609
43400,0.109,0.239,0.652
43500,0.152,0.217,0.630
43600,0.120,0.272,0.609
43700,0.196,0.228,0.576
43800,0.196,0.185,0.620
43900,0.130,0.261,0.609
44000,0.228,0.228,0.543
44100,0.261,0.174,0.565
44200,0.272,0.174,0.554
44300,0.185,0.174,0.641
44400,0.141,0.239,0.620
44500,0.163,0.228,0.609
44600,0.141,0.228,0.630
44700,0.152,0.261,0.587
44800,0.087,0.217,0.696
44900,0.054,0.250,0.696
45000,0.054,0.261,0.685
45100,0.109,0.272,0.620
45200,0.130,0.250,0.620
45300,0.196,0.228,0.576
45400,0.174,0.163,0.663
45500,0.141,0.152,0.707
45600,0.130,0.228,0.641
45700,0.141,0.283,0.576
45800,0.120,0.272,0.609
45900,0.087,0.315,0.598
46000,0.163,0.272,0.565
46100,0.217,0.207,0.576
46200,0.174,0.174,0.652
46300,0.120,0.261,0.620
46400,0.185,0.196,0.620
46500,0.196,0.174,0.630
46600,0.185,0.272,0.543
46700,0.141,0.283,0.576
46800,0.141,0.228,0.630
46900,0.174,0.239,0.587
47000,0.174,0.261,0.565
47100,0.239,0.272,0.489
47200,0.293,0.261,0.446
47300,0.207,0.207,0.587
47400,0.217,0.174,0.609
47500,0.250,0.130,0.620
47600,0.185,0.120,0.696
47700,0.217,0.207,0.576
47800,0.239,0.163,0.598
47900,0.185,0.130,0.685
48000,0.185,0.141,0.674
48100,0.228,0.174,0.598
48200,0.174,0.130,0.696
48300,0.261,0.163,0.576
48400,0.174,0.163,0.663
48500,0.174,0.098,0.728
48600,0.207,0.087,0.707
48700,0.207,0.152,0.641
48800,0.261,0.141,0.598
48900,0.250,0.217,0.533
49000,0.239,0.196,0.565
49100,0.228,0.239,0.533
49200,0.196,0.283,0.522
49300,0.261,0.120,0.620
49400,0.283,0.087,0.630
49500,0.250,0.065,0.685
49600,0.283,0.098,0.620
49700,0.326,0.065,0.609
49800,0.293,0.098,0.609
49900,0.239,0.207,0.554
50000,0.207,0.120,0.674
50100,0.250,0.152,0.598
50200,0.228,0.098,0.674
50300,0.185,0.120,0.696
50400,0.196,0.109,0.696
50500,0.348,0.109,0.543
50600,0.337,0.120,0.543
50700,0.337,0.141,0.522
50800,0.283,0.185,0.533
50900,0.217,0.239,0.543
51000,0.304,0.196,0.500
51100,0.250,0.185,0.565
51200,0.250,0.130,0.620
51300,0.217,0.228,0.554
51400,0.185,0.228,0.587
51500,0.141,0.207,0.652
51600,0.141,0.217,0.641
51700,0.130,0.239,0.630
51800,0.087,0.304,0.609
51900,0.087,0.315,0.598
52000,0.163,0.217,0.620
52100,0.163,0.239,0.598
52200,0.163,0.326,0.511
52300,0.261,0.250,0.489
52400,0.228,0.272,0.500
52500,0.250,0.207,0.543
52600,0.272,0.130,0.598
52700,0.228,0.217,0.554
52800,0.207,0.152,0.641
52900,0.207,0.185,0.609
53000,0.207,0.152,0.641
53100,0.185,0.163,0.652
53200,0.130,0.207,0.663
53300,0.174,0.250,0.576
53400,0.196,0.283,0.522
53500,0.196,0.185,0.620
53600,0.348,0.120,0.533
53700,0.348,0.130,0.522
53800,0.228,0.163,0.609
53900,0.163,0.174,0.663
54000,0.152,0.163,0.685
54100,0.185,0.185,0.630
54200,0.141,0.152,0.707
54300,0.130,0.196,0.674
54400,0.185,0.261,0.554
54500,0.196,0.152,0.652
54600,0.196,0.130,0.674
54700,0.293,0.163,0.543
54800,0.326,0.120,0.554
54900,0.283,0.098,0.620
55000,0.272,0.152,0.576
55100,0.239,0.109,0.652
55200,0.228,0.098,0.674
55300,0.250,0.120,0.630
55400,0.239,0.185,0.576
55500,0.185,0.250,0.565
55600,0.152,0.228,0.620
55700,0.076,0.250,0.674
55800,0.130,0.207,0.663
55900,0.120,0.217,0.663
56000,0.163,0.207,0.630
56100,0.141,0.207,0.652
56200,0.174,0.152,0.674
56300,0.174,0.228,0.598
56400,0.261,0.196,0.543
56500,0.272,0.239,0.489
56600,0.163,0.228,0.609
56700,0.130,0.283,0.587
56800,0.185,0.228,0.587
56900,0.196,0.239,0.565
57000,0.152,0.283,0.565
57100,0.185,0.163,0.652
57200,0.239,0.130,0.630
57300,0.207,0.207,0.587
57400,0.185,0.152,0.663
57500,0.152,0.261,0.587
57600,0.076,0.337,0.587
57700,0.098,0.337,0.565
57800,0.087,0.359,0.554
57900,0.141,0.293,0.565
58000,0.163,0.239,0.598
58100,0.163,0.185,0.652
58200,0.120,0.163,0.717
58300,0.130,0.228,0.641
58400,0.163,0.272,0.565
58500,0.174,0.196,0.630
58600,0.196,0.130,0.674
58700,0.207,0.207,0.587
58800,0.196,0.174,0.630
58900,0.239,0.120,0.641
59000,0.337,0.098,0.565
59100,0.413,0.076,0.511
59200,0.424,0.054,0.522
59300,0.413,0.141,0.446
59400,0.380,0.120,0.500
59500,0.359,0.087,0.554
59600,0.413,0.065,0.522
59700,0.348,0.076,0.576
59800,0.283,0.076,0.641
59900,0.250,0.130,0.620
60000,0.283,0.120,0.598
60100,0.293,0.130,0.576
60200,0.250,0.196,0.554
60300,0.283,0.163,0.554
60400,0.261,0.109,0.630
60500,0.250,0.141,0.609
60600,0.304,0.120,0.576
60700,0.283,0.120,0.598
60800,0.315,0.087,0.598
60900,0.293,0.163,0.543
61000,0.272,0.130,0.598
61100,0.239,0.120,0.641
61200,0.239,0.185,0.576
61300,0.239,0.185,0.576
61400,0.196,0.207,0.598
61500,0.152,0.239,0.609
61600,0.141,0.217,0.641
61700,0.196,0.120,0.685
61800,0.163,0.250,0.587
61900,0.120,0.217,0.663
62000,0.185,0.141,0.674
62100,0.098,0.185,0.717
62200,0.098,0.239,0.663
62300,0.109,0.283,0.609
62400,0.087,0.315,0.598
62500,0.076,0.283,0.641
62600,0.130,0.304,0.565
62700,0.163,0.228,0.609
62800,0.217,0.174,0.609
62900,0.304,0.130,0.565
63000,0.196,0.174,0.630
63100,0.120,0.120,0.761
63200,0.207,0.250,0.543
63300,0.174,0.283,0.543
63400,0.185,0.239,0.576
63500,0.207,0.163,0.630
63600,0.185,0.141,0.674
63700,0.098,0.152,0.750
63800,0.141,0.217,0.641
63900,0.174,0.217,0.609
64000,0.239,0.250,0.511
64100,0.141,0.207,0.652
64200,0.174,0.207,0.620
64300,0.163,0.250,0.587
64400,0.196,0.261,0.543
64500,0.152,0.283,0.565
64600,0.141,0.228,0.630
64700,0.141,0.304,0.554
64800,0.065,0.359,0.576
64900,0.087,0.293,0.620
65000,0.043,0.315,0.641
65100,0.141,0.196,0.663
65200,0.130,0.207,0.663
65300,0.141,0.337,0.522
65400,0.152,0.283,0.565
65500,0.130,0.293,0.576
65600,0.109,0.304,0.587
65700,0.174,0.207,0.620
65800,0.130,0.250,0.620
65900,0.174,0.228,0.598
66000,0.196,0.217,0.587
66100,0.217,0.196,0.587
66200,0.196,0.152,0.652
66300,0.185,0.163,0.652
66400,0.196,0.196,0.609
66500,0.141,0.228,0.630
66600,0.120,0.228,0.652
66700,0.152,0.196,0.652
66800,0.087,0.261,0.652
66900,0.087,0.250,0.663
67000,0.109,0.207,0.685
67100,0.076,0.207,0.717
67200,0.098,0.293,0.609
67300,0.207,0.217,0.576
67400,0.174,0.174,0.652
67500,0.196,0.207,0.598
67600,0.207,0.250,0.543
67700,0.130,0.239,0.630
67800,0.120,0.304,0.576
67900,0.163,0.304,0.533
68000,0.130,0.196,0.674
68100,0.163,0.196,0.641
68200,0.207,0.163,0.630
68300,0.250,0.250,0.500
68400,0.185,0.293,0.522
68500,0.130,0.348,0.522
68600,0.207,0.196,0.598
68700,0.120,0.217,0.663
68800,0.120,0.163,0.717
68900,0.185,0.185,0.630
69000,0.185,0.239,0.576
69100,0.174,0.217,0.609
69200,0.130,0.185,0.685
69300,0.217,0.207,0.576
69400,0.196,0.239,0.565
69500,0.152,0.272,0.576
69600,0.207,0.272,0.522
69700,0.228,0.228,0.543
69800,0.207,0.228,0.565
69900,0.174,0.141,0.685
70000,0.217,0.163,0.620
70100,0.217,0.098,0.685
70200,0.217,0.152,0.630
70300,0.217,0.174,0.609
70400,0.261,0.120,0.620
70500,0.359,0.163,0.478
70600,0.228,0.152,0.620
70700,0.283,0.163,0.554
70800,0.239,0.130,0.630
70900,0.239,0.152,0.609
71000,0.283,0.174,0.543
71100,0.261,0.174,0.565
71200,0.304,0.152,0.543
71300,0.261,0.109,0.630
71400,0.283,0.141,0.576
71500,0.207,0.152,0.641
71600,0.207,0.228,0.565
71700,0.141,0.261,0.598
71800,0.109,0.293,0.598
71900,0.141,0.239,0.620
72000,0.152,0.239,0.609
72100,0.217,0.207,0.576
72200,0.217,0.163,0.620
72300,0.141,0.141,0.717
72400,0.109,0.239,0.652
72500,0.141,0.120,0.739
72600,0.109,0.152,0.739
72700,0.163,0.120,0.717
72800,0.152,0.174,0.674
72900,0.152,0.228,0.620
73000,0.207,0.239,0.554
73100,0.272,0.152,0.576
73200,0.228,0.152,0.620
73300,0.293,0.196,0.511
73400,0.239,0.163,0.598
73500,0.326,0.120,0.554
73600,0.348,0.109,0.543
73700,0.304,0.098,0.598
73800,0.261,0.185,0.554
73900,0.217,0.109,0.674
74000,0.217,0.152,0.630
74100,0.141,0.250,0.609
74200,0.207,0.152,0.641
74300,0.207,0.163,0.630
74400,0.217,0.120,0.663
74500,0.163,0.152,0.685
74600,0.141,0.196,0.663
74700,0.054,0.152,0.793
74800,0.174,0.065,0.761
74900,0.217,0.098,0.685
75000,0.152,0.174,0.674
75100,0.261,0.141,0.598
75200,0.293,0.174,0.533
75300,0.239,0.152,0.609
75400,0.217,0.174,0.609
75500,0.185,0.196,0.620
75600,0.196,0.196,0.609
75700,0.250,0.207,0.543
75800,0.185,0.185,0.630
75900,0.272,0.163,0.565
76000,0.283,0.098,0.620
76100,0.283,0.087,0.630
76200,0.217,0.087,0.696
76300,0.185,0.217,0.598
76400,0.196,0.152,0.652
76500,0.315,0.120,0.565
76600,0.261,0.098,0.641
76700,0.185,0.098,0.717
76800,0.261,0.087,0.652
76900,0.304,0.076,0.620
77000,0.315,0.207,0.478
77100,0.359,0.120,0.522
77200,0.304,0.120,0.576
77300,0.359,0.087,0.554
77400,0.293,0.130,0.576
77500,0.250,0.152,0.598
77600,0.185,0.185,0.630
77700,0.185,0.087,0.728
77800,0.228,0.098,0.674
77900,0.228,0.109,0.663
78000,0.283,0.141,0.576
78100,0.261,0.120,0.620
78200,0.272,0.120,0.609
78300,0.304,0.152,0.543
78400,0.174,0.152,0.674
78500,0.163,0.239,0.598
78600,0.098,0.337,0.565
78700,0.087,0.272,0.641
78800,0.109,0.283,0.609
78900,0.163,0.272,0.565
79000,0.141,0.283,0.576
79100,0.152,0.293,0.554
79200,0.163,0.196,0.641
79300,0.207,0.207,0.587
79400,0.185,0.207,0.609
79500,0.120,0.261,0.620
79600,0.174,0.261,0.565
79700,0.196,0.196,0.609
79800,0.141,0.163,0.696
79900,0.152,0.098,0.750
80000,0.163,0.185,0.652
80100,0.239,0.228,0.533
80200,0.196,0.228,0.576
80300,0.141,0.217,0.641
80400,0.087,0.272,0.641
80500,0.174,0.185,0.641
80600,0.207,0.163,0.630
80700,0.185,0.196,0.620
80800,0.152,0.250,0.598
80900,0.217,0.207,0.576
81000,0.239,0.207,0.554
81100,0.228,0.207,0.565
81200,0.207,0.163,0.630
81300,0.228,0.283,0.489
81400,0.272,0.304,0.424
81500,0.207,0.283,0.511
81600,0.217,0.435,0.348
81700,0.207,0.337,0.457
81800,0.217,0.337,0.446
81900,0.174,0.239,0.587
82000,0.163,0.228,0.609
82100,0.076,0.250,0.674
82200,0.098,0.239,0.663
82300,0.109,0.283,0.609
82400,0.076,0.315,0.609
82500,0.217,0.239,0.543
82600,0.207,0.239,0.554
82700,0.163,0.239,0.598
82800,0.109,0.272,0.620
82900,0.087,0.293,0.620
83000,0.152,0.304,0.543
83100,0.130,0.337,0.533
83200,0.163,0.293,0.543
83300,0.174,0.228,0.598
83400,0.120,0.109,0.772
83500,0.196,0.250,0.554
83600,0.109,0.293,0.598
83700,0.054,0.283,0.663
83800,0.098,0.283,0.620
83900,0.098,0.348,0.554
84000,0.076,0.315,0.609
84100,0.087,0.228,0.685
84200,0.109,0.217,0.674
84300,0.141,0.250,0.609
84400,0.163,0.207,0.630
84500,0.152,0.293,0.554
84600,0.185,0.250,0.565
84700,0.304,0.174,0.522
84800,0.261,0.196,0.543
84900,0.207,0.196,0.598
85000,0.239,0.217,0.543
85100,0.293,0.185,0.522
85200,0.304,0.141,0.554
85300,0.370,0.076,0.554
85400,0.348,0.109,0.543
85500,0.293,0.120,0.587
85600,0.293,0.098,0.609
85700,0.272,0.098,0.630
85800,0.228,0.152,0.620
85900,0.250,0.217,0.533
86000,0.293,0.141,0.565
86100,0.272,0.054,0.674
86200,0.239,0.076,0.685
86300,0.261,0.098,0.641
86400,0.228,0.120,0.652
86500,0.228,0.228,0.543
86600,0.185,0.272,0.543
86700,0.141,0.239,0.620
86800,0.152,0.228,0.620
86900,0.196,0.185,0.620
87000,0.261,0.196,0.543
87100,0.337,0.174,0.489
87200,0.348,0.130,0.522
87300,0.315,0.087,0.598
87400,0.359,0.130,0.511
87500,0.446,0.098,0.457
87600,0.337,0.076,0.587
87700,0.380,0.043,0.576
87800,0.217,0.054,0.728
87900,0.337,0.076,0.587
88000,0.261,0.087,0.652
88100,0.239,0.196,0.565
88200,0.185,0.185,0.630
88300,0.130,0.250,0.620
88400,0.141,0.261,0.598
88500,0.185,0.152,0.663
88600,0.217,0.120,0.663
88700,0.239,0.141,0.620
88800,0.217,0.185,0.598
88900,0.217,0.130,0.652
89000,0.207,0.109,0.685
89100,0.250,0.054,0.696
89200,0.337,0.076,0.587
89300,0.359,0.076,0.565
89400,0.348,0.054,0.598
89500,0.337,0.109,0.554
89600,0.304,0.130,0.565
89700,0.326,0.087,0.587
89800,0.370,0.087,0.543
89900,0.402,0.098,0.500
90000,0.435,0.033,0.533
90100,0.380,0.054,0.565
90200,0.402,0.054,0.543
90300,0.283,0.065,0.652
90400,0.261,0.152,0.587
90500,0.228,0.217,0.554
90600,0.239,0.185,0.576
90700,0.207,0.174,0.620
90800,0.163,0.120,0.717
90900,0.163,0.120,0.717
91000,0.250,0.196,0.554
91100,0.228,0.217,0.554
91200,0.217,0.217,0.565
91300,0.239,0.174,0.587
91400,0.228,0.141,0.630
91500,0.174,0.163,0.663
91600,0.250,0.174,0.576
91700,0.196,0.163,0.641
91800,0.239,0.196,0.565
91900,0.228,0.239,0.533
92000,0.174,0.174,0.652
92100,0.315,0.120,0.565
92200,0.304,0.141,0.554
92300,0.293,0.217,0.489
92400,0.293,0.163,0.543
92500,0.217,0.141,0.641
92600,0.207,0.217,0.576
92700,0.250,0.196,0.554
92800,0.185,0.217,0.598
92900,0.217,0.174,0.609
93000,0.207,0.217,0.576
93100,0.185,0.196,0.620
93200,0.250,0.120,0.630
93300,0.207,0.217,0.576
93400,0.174,0.207,0.620
93500,0.250,0.196,0.554
93600,0.293,0.141,0.565
93700,0.228,0.217,0.554
93800,0.217,0.261,0.522
93900,0.196,0.250,0.554
94000,0.163,0.185,0.652
94100,0.207,0.196,0.598
94200,0.152,0.217,0.630
94300,0.207,0.239,0.554
94400,0.272,0.141,0.587
94500,0.207,0.174,0.620
94600,0.196,0.196,0.609
94700,0.283,0.185,0.533
94800,0.250,0.185,0.565
94900,0.196,0.163,0.641
95000,0.130,0.109,0.761
95100,0.174,0.141,0.685
95200,0.196,0.152,0.652
95300,0.370,0.076,0.554
95400,0.326,0.065,0.609
95500,0.391,0.141,0.467
95600,0.370,0.130,0.500
95700,0.359,0.098,0.543
95800,0.315,0.141,0.543
95900,0.239,0.217,0.543
96000,0.141,0.239,0.620
96100,0.163,0.152,0.685
96200,0.174,0.185,0.641
96300,0.185,0.239,0.576
96400,0.185,0.185,0.630
96500,0.337,0.120,0.543
96600,0.315,0.109,0.576
96700,0.359,0.109,0.533
96800,0.467,0.076,0.457
96900,0.543,0.087,0.370
97000,0.380,0.076,0.543
97100,0.391,0.065,0.543
97200,0.272,0.185,0.543
97300,0.228,0.185,0.587
97400,0.272,0.228,0.500
97500,0.261,0.152,0.587
97600,0.217,0.217,0.565
97700,0.207,0.315,0.478
97800,0.250,0.315,0.435
97900,0.250,0.283,0.467
98000,0.185,0.250,0.565
98100,0.109,0.239,0.652
98200,0.120,0.239,0.641
98300,0.163,0.239,0.598
98400,0.141,0.228,0.630
98500,0.141,0.315,0.543
98600,0.152,0.380,0.467
98700,0.174,0.283,0.543
98800,0.109,0.326,0.565
98900,0.163,0.326,0.511
99000,0.109,0.293,0.598
99100,0.141,0.250,0.609
99200,0.174,0.207,0.620
99300,0.141,0.207,0.652
99400,0.217,0.130,0.652
99500,0.207,0.217,0.576
99600,0.152,0.228,0.620
99700,0.217,0.239,0.543
99800,0.261,0.250,0.489
99900,0.239,0.217,0.543
100000,0.217,0.163,0.620
