time,n_A+p,n_B,n_AB
500,0.010,0.923,0.067
1000,0.010,0.642,0.348
1500,0.010,0.286,0.704
2000,0.010,0.083,0.907
2500,0.042,0.038,0.919
3000,0.057,0.049,0.895
3500,0.066,0.041,0.893
4000,0.064,0.018,0.917
4500,0.057,0.026,0.916
5000,0.067,0.029,0.904
5500,0.059,0.029,0.912
6000,0.037,0.018,0.945
6500,0.049,0.041,0.910
7000,0.037,0.035,0.927
7500,0.019,0.037,0.944
8000,0.041,0.043,0.916
8500,0.043,0.028,0.928
9000,0.043,0.054,0.902
9500,0.054,0.046,0.900
10000,0.044,0.035,0.921
10500,0.071,0.036,0.892
11000,0.058,0.025,0.917
11500,0.050,0.045,0.905
12000,0.031,0.028,0.942
12500,0.069,0.013,0.918
13000,0.054,0.013,0.933
13500,0.097,0.006,0.897
14000,0.066,0.013,0.921
14500,0.045,0.053,0.901
15000,0.044,0.039,0.916
15500,0.060,0.031,0.908
16000,0.071,0.017,0.911
16500,0.084,0.014,0.902
17000,0.067,0.036,0.897
17500,0.074,0.011,0.915
18000,0.056,0.029,0.915
18500,0.050,0.046,0.903
19000,0.059,0.034,0.906
19500,0.066,0.021,0.913
20000,0.070,0.026,0.903
20500,0.062,0.032,0.906
21000,0.064,0.052,0.884
21500,0.063,0.035,0.902
22000,0.042,0.048,0.911
22500,0.056,0.032,0.913
23000,0.058,0.040,0.902
23500,0.042,0.011,0.947
24000,0.052,0.021,0.926
24500,0.051,0.029,0.920
25000,0.059,0.018,0.923
25500,0.046,0.047,0.906
26000,0.052,0.032,0.916
26500,0.032,0.026,0.942
27000,0.056,0.025,0.919
27500,0.072,0.019,0.909
28000,0.064,0.022,0.914
28500,0.033,0.035,0.931
29000,0.044,0.024,0.932
29500,0.035,0.051,0.914
30000,0.053,0.035,0.912
30500,0.046,0.023,0.931
31000,0.076,0.018,0.907
31500,0.040,0.019,0.941
32000,0.085,0.024,0.891
32500,0.091,0.009,0.900
33000,0.053,0.019,0.927
33500,0.027,0.069,0.904
34000,0.049,0.048,0.903
34500,0.061,0.037,0.902
35000,0.055,0.013,0.932
35500,0.107,0.017,0.876
36000,0.038,0.043,0.919
36500,0.037,0.052,0.910
37000,0.052,0.018,0.929
37500,0.049,0.045,0.906
38000,0.044,0.056,0.900
38500,0.052,0.013,0.934
39000,0.095,0.022,0.883
39500,0.070,0.035,0.894
40000,0.067,0.029,0.904
40500,0.037,0.033,0.930
41000,0.036,0.033,0.931
41500,0.045,0.023,0.931
42000,0.043,0.024,0.933
42500,0.062,0.010,0.927
43000,0.041,0.025,0.933
43500,0.069,0.042,0.889
44000,0.081,0.017,0.903
44500,0.085,0.005,0.910
45000,0.055,0.021,0.923
45500,0.042,0.037,0.921
46000,0.059,0.025,0.916
46500,0.057,0.041,0.903
47000,0.066,0.024,0.910
47500,0.046,0.025,0.929
48000,0.083,0.004,0.913
48500,0.091,0.024,0.886
49000,0.064,0.033,0.903
49500,0.070,0.026,0.903
50000,0.032,0.059,0.909
50500,0.045,0.024,0.931
51000,0.040,0.045,0.915
51500,0.038,0.044,0.918
52000,0.055,0.034,0.911
52500,0.049,0.028,0.924
53000,0.072,0.015,0.913
53500,0.037,0.052,0.911
54000,0.090,0.013,0.896
54500,0.058,0.043,0.899
55000,0.046,0.020,0.933
55500,0.051,0.018,0.931
56000,0.044,0.036,0.919
56500,0.065,0.021,0.914
57000,0.054,0.033,0.913
57500,0.073,0.024,0.903
58000,0.052,0.019,0.928
58500,0.082,0.028,0.890
59000,0.092,0.015,0.894
59500,0.075,0.015,0.909
60000,0.109,0.007,0.884
60500,0.091,0.021,0.889
61000,0.093,0.021,0.887
61500,0.077,0.034,0.888
62000,0.059,0.030,0.911
62500,0.046,0.037,0.916
63000,0.054,0.018,0.928
63500,0.051,0.028,0.922
64000,0.060,0.041,0.899
64500,0.033,0.023,0.945
65000,0.035,0.015,0.950
65500,0.049,0.025,0.926
66000,0.037,0.049,0.914
66500,0.033,0.042,0.925
67000,0.028,0.042,0.931
67500,0.034,0.047,0.919
68000,0.059,0.050,0.892
68500,0.053,0.029,0.918
69000,0.084,0.025,0.891
69500,0.041,0.038,0.920
70000,0.040,0.042,0.918
70500,0.060,0.023,0.917
71000,0.079,0.021,0.900
71500,0.051,0.033,0.915
72000,0.051,0.042,0.907
72500,0.031,0.065,0.904
73000,0.038,0.051,0.910
73500,0.050,0.030,0.920
74000,0.049,0.042,0.909
74500,0.056,0.043,0.902
75000,0.047,0.041,0.912
75500,0.036,0.022,0.941
76000,0.041,0.027,0.932
76500,0.059,0.048,0.892
77000,0.021,0.040,0.939
77500,0.042,0.023,0.935
78000,0.051,0.018,0.931
78500,0.044,0.044,0.911
79000,0.027,0.038,0.935
79500,0.056,0.021,0.923
80000,0.101,0.015,0.884
80500,0.081,0.026,0.893
81000,0.060,0.028,0.912
81500,0.071,0.022,0.906
82000,0.080,0.017,0.904
82500,0.071,0.054,0.874
83000,0.069,0.032,0.899
83500,0.045,0.033,0.922
84000,0.060,0.015,0.924
84500,0.071,0.023,0.906
85000,0.061,0.052,0.887
85500,0.074,0.018,0.909
86000,0.033,0.054,0.912
86500,0.029,0.050,0.921
87000,0.031,0.054,0.914
87500,0.049,0.051,0.900
88000,0.047,0.032,0.921
88500,0.033,0.038,0.929
89000,0.061,0.018,0.921
89500,0.059,0.040,0.901
90000,0.049,0.021,0.930
90500,0.036,0.043,0.920
91000,0.051,0.042,0.907
91500,0.042,0.056,0.902
92000,0.037,0.038,0.925
92500,0.075,0.036,0.888
93000,0.072,0.009,0.918
93500,0.049,0.022,0.929
94000,0.045,0.062,0.893
94500,0.046,0.041,0.912
95000,0.045,0.044,0.910
95500,0.037,0.053,0.909
96000,0.053,0.025,0.921
96500,0.048,0.024,0.928
97000,0.070,0.024,0.906
97500,0.056,0.017,0.927
98000,0.033,0.021,0.946
98500,0.044,0.037,0.918
99000,0.039,0.040,0.921
99500,0.071,0.024,0.905
100000,0.070,0.022,0.908
100500,0.049,0.018,0.933
101000,0.045,0.029,0.925
101500,0.053,0.033,0.914
102000,0.037,0.028,0.935
102500,0.044,0.035,0.920
103000,0.076,0.011,0.912
103500,0.064,0.019,0.917
104000,0.042,0.051,0.908
104500,0.038,0.046,0.915
105000,0.054,0.034,0.912
105500,0.036,0.029,0.934
106000,0.032,0.026,0.942
106500,0.051,0.026,0.923
107000,0.080,0.019,0.901
107500,0.078,0.013,0.909
108000,0.069,0.024,0.908
108500,0.080,0.030,0.890
109000,0.052,0.017,0.931
109500,0.044,0.030,0.925
110000,0.055,0.029,0.916
110500,0.052,0.022,0.925
111000,0.070,0.019,0.911
111500,0.065,0.018,0.918
112000,0.054,0.042,0.904
112500,0.063,0.035,0.902
113000,0.104,0.015,0.881
113500,0.107,0.015,0.878
114000,0.073,0.027,0.899
114500,0.048,0.012,0.941
115000,0.062,0.027,0.910
115500,0.057,0.006,0.937
116000,0.061,0.022,0.916
116500,0.077,0.018,0.904
117000,0.074,0.009,0.916
117500,0.090,0.028,0.883
118000,0.084,0.011,0.905
118500,0.070,0.024,0.907
119000,0.069,0.005,0.926
119500,0.053,0.016,0.931
120000,0.044,0.022,0.933
120500,0.063,0.053,0.884
121000,0.047,0.036,0.916
121500,0.029,0.061,0.909
122000,0.036,0.059,0.905
122500,0.044,0.043,0.913
123000,0.067,0.021,0.912
123500,0.049,0.038,0.912
124000,0.077,0.015,0.908
124500,0.074,0.017,0.908
125000,0.071,0.025,0.904
125500,0.061,0.052,0.886
126000,0.065,0.024,0.911
126500,0.065,0.024,0.912
127000,0.049,0.025,0.927
127500,0.053,0.040,0.907
128000,0.048,0.020,0.932
128500,0.060,0.034,0.906
129000,0.048,0.035,0.917
129500,0.030,0.058,0.912
130000,0.038,0.057,0.905
130500,0.032,0.054,0.914
131000,0.022,0.053,0.924
131500,0.046,0.064,0.890
132000,0.023,0.066,0.911
132500,0.028,0.092,0.880
133000,0.017,0.082,0.901
133500,0.019,0.053,0.927
134000,0.030,0.034,0.936
134500,0.034,0.066,0.900
135000,0.029,0.036,0.935
135500,0.032,0.016,0.953
136000,0.033,0.063,0.904
136500,0.045,0.026,0.928
137000,0.052,0.032,0.915
137500,0.070,0.027,0.902
138000,0.088,0.044,0.867
138500,0.073,0.013,0.915
139000,0.099,0.007,0.894
139500,0.083,0.015,0.902
140000,0.056,0.029,0.915
140500,0.033,0.038,0.929
141000,0.063,0.033,0.905
141500,0.052,0.043,0.905
142000,0.055,0.032,0.913
142500,0.040,0.022,0.938
143000,0.057,0.056,0.888
143500,0.043,0.028,0.929
144000,0.068,0.018,0.914
144500,0.041,0.022,0.937
145000,0.040,0.033,0.927
145500,0.046,0.033,0.921
146000,0.048,0.019,0.932
146500,0.097,0.006,0.897
147000,0.045,0.030,0.924
147500,0.107,0.004,0.888
148000,0.080,0.000,0.920
148500,0.082,0.000,0.918
149000,0.065,0.007,0.928
149500,0.076,0.024,0.900
150000,0.039,0.039,0.922
150500,0.056,0.046,0.898
151000,0.044,0.033,0.923
151500,0.048,0.053,0.899
152000,0.045,0.045,0.909
152500,0.053,0.019,0.927
153000,0.069,0.018,0.914
153500,0.064,0.018,0.918
154000,0.090,0.025,0.884
154500,0.045,0.014,0.941
155000,0.089,0.019,0.892
155500,0.049,0.020,0.931
156000,0.047,0.048,0.905
156500,0.080,0.034,0.886
157000,0.077,0.018,0.905
157500,0.066,0.029,0.905
158000,0.090,0.017,0.893
158500,0.089,0.006,0.905
159000,0.088,0.018,0.894
159500,0.075,0.016,0.909
160000,0.074,0.025,0.901
160500,0.072,0.009,0.920
161000,0.091,0.018,0.890
161500,0.068,0.029,0.902
162000,0.066,0.029,0.904
162500,0.041,0.029,0.930
163000,0.036,0.050,0.914
163500,0.059,0.027,0.914
164000,0.052,0.019,0.929
164500,0.086,0.022,0.892
165000,0.091,0.010,0.899
165500,0.056,0.025,0.920
166000,0.052,0.021,0.927
166500,0.099,0.012,0.889
167000,0.051,0.024,0.925
167500,0.056,0.010,0.934
168000,0.047,0.044,0.908
168500,0.030,0.056,0.913
169000,0.057,0.028,0.915
169500,0.076,0.025,0.899
170000,0.099,0.011,0.890
170500,0.094,0.018,0.888
171000,0.055,0.024,0.921
171500,0.075,0.030,0.895
172000,0.083,0.013,0.905
172500,0.071,0.025,0.904
173000,0.058,0.027,0.915
173500,0.049,0.028,0.923
174000,0.049,0.046,0.905
174500,0.069,0.018,0.913
175000,0.068,0.015,0.916
175500,0.045,0.042,0.913
176000,0.049,0.055,0.896
176500,0.026,0.057,0.916
177000,0.037,0.045,0.918
177500,0.057,0.022,0.921
178000,0.059,0.021,0.920
178500,0.072,0.024,0.903
179000,0.064,0.034,0.903
179500,0.047,0.061,0.892
180000,0.076,0.024,0.900
180500,0.056,0.007,0.938
181000,0.050,0.010,0.940
181500,0.085,0.011,0.905
182000,0.062,0.015,0.923
182500,0.062,0.025,0.912
183000,0.056,0.024,0.920
183500,0.056,0.013,0.931
184000,0.104,0.019,0.876
184500,0.090,0.018,0.893
185000,0.088,0.039,0.872
185500,0.078,0.037,0.885
186000,0.048,0.021,0.931
186500,0.035,0.030,0.934
187000,0.054,0.029,0.917
187500,0.051,0.029,0.921
188000,0.073,0.022,0.905
188500,0.071,0.011,0.917
189000,0.056,0.019,0.924
189500,0.054,0.032,0.913
190000,0.088,0.018,0.894
190500,0.059,0.018,0.923
191000,0.073,0.010,0.917
191500,0.067,0.019,0.914
192000,0.079,0.046,0.875
192500,0.046,0.044,0.909
193000,0.032,0.030,0.938
193500,0.035,0.035,0.931
194000,0.021,0.058,0.921
194500,0.045,0.024,0.930
195000,0.060,0.027,0.912
195500,0.042,0.028,0.930
196000,0.058,0.031,0.911
196500,0.071,0.021,0.907
197000,0.056,0.028,0.916
197500,0.035,0.021,0.944
198000,0.052,0.050,0.897
198500,0.077,0.050,0.872
199000,0.057,0.051,0.893
199500,0.043,0.029,0.927
200000,0.034,0.024,0.942
200500,0.048,0.026,0.926
201000,0.054,0.024,0.922
201500,0.042,0.024,0.934
202000,0.035,0.037,0.928
202500,0.054,0.048,0.898
203000,0.064,0.028,0.908
203500,0.083,0.023,0.894
204000,0.097,0.021,0.883
204500,0.065,0.005,0.930
205000,0.083,0.013,0.904
205500,0.095,0.001,0.905
206000,0.076,0.025,0.899
206500,0.079,0.019,0.902
207000,0.066,0.013,0.921
207500,0.065,0.018,0.918
208000,0.069,0.017,0.914
208500,0.050,0.017,0.933
209000,0.059,0.017,0.925
209500,0.060,0.024,0.916
210000,0.047,0.026,0.926
210500,0.069,0.025,0.907
211000,0.093,0.009,0.897
211500,0.107,0.004,0.889
212000,0.077,0.003,0.920
212500,0.057,0.017,0.927
213000,0.087,0.036,0.877
213500,0.068,0.018,0.914
214000,0.090,0.025,0.885
214500,0.060,0.009,0.931
215000,0.059,0.029,0.913
215500,0.077,0.013,0.909
216000,0.041,0.042,0.918
216500,0.043,0.063,0.893
217000,0.054,0.028,0.918
217500,0.051,0.028,0.921
218000,0.043,0.018,0.939
218500,0.044,0.023,0.932
219000,0.070,0.017,0.913
219500,0.137,0.004,0.860
220000,0.110,0.003,0.888
220500,0.103,0.006,0.891
221000,0.105,0.012,0.882
221500,0.069,0.011,0.921
222000,0.060,0.035,0.904
222500,0.070,0.035,0.895
223000,0.089,0.025,0.885
223500,0.056,0.025,0.919
224000,0.035,0.015,0.949
224500,0.070,0.027,0.903
225000,0.058,0.029,0.912
225500,0.066,0.014,0.920
226000,0.087,0.018,0.896
226500,0.035,0.028,0.937
227000,0.032,0.036,0.932
227500,0.045,0.041,0.914
228000,0.041,0.042,0.917
228500,0.050,0.039,0.911
229000,0.043,0.050,0.907
229500,0.036,0.041,0.923
230000,0.041,0.048,0.912
230500,0.067,0.025,0.908
231000,0.059,0.042,0.900
231500,0.066,0.033,0.901
232000,0.068,0.035,0.897
232500,0.038,0.038,0.923
233000,0.059,0.035,0.906
233500,0.086,0.029,0.886
234000,0.061,0.024,0.916
234500,0.078,0.015,0.908
235000,0.067,0.013,0.920
235500,0.077,0.021,0.903
236000,0.118,0.006,0.876
236500,0.069,0.017,0.914
237000,0.059,0.045,0.896
237500,0.052,0.040,0.908
238000,0.029,0.024,0.947
238500,0.029,0.028,0.944
239000,0.044,0.047,0.909
239500,0.048,0.038,0.914
240000,0.066,0.015,0.919
240500,0.099,0.015,0.886
241000,0.057,0.015,0.927
241500,0.061,0.031,0.908
242000,0.070,0.020,0.910
242500,0.078,0.009,0.913
243000,0.040,0.041,0.919
243500,0.053,0.038,0.908
244000,0.090,0.031,0.878
244500,0.078,0.014,0.908
245000,0.086,0.019,0.895
245500,0.086,0.011,0.903
246000,0.063,0.004,0.933
246500,0.048,0.033,0.919
247000,0.038,0.045,0.916
247500,0.054,0.037,0.908
248000,0.076,0.029,0.894
248500,0.042,0.018,0.940
249000,0.051,0.021,0.928
249500,0.048,0.009,0.944
250000,0.059,0.024,0.917
250500,0.091,0.016,0.893
251000,0.075,0.020,0.904
251500,0.045,0.027,0.927
252000,0.056,0.019,0.925
252500,0.074,0.024,0.902
253000,0.055,0.025,0.919
253500,0.064,0.022,0.914
254000,0.040,0.035,0.926
254500,0.057,0.044,0.899
255000,0.062,0.017,0.921
255500,0.055,0.019,0.925
256000,0.041,0.061,0.898
256500,0.070,0.018,0.912
257000,0.074,0.019,0.907
257500,0.051,0.019,0.929
258000,0.033,0.042,0.925
258500,0.046,0.015,0.939
259000,0.079,0.021,0.900
259500,0.079,0.033,0.888
260000,0.065,0.025,0.910
260500,0.085,0.016,0.899
261000,0.035,0.030,0.935
261500,0.057,0.012,0.931
262000,0.060,0.032,0.908
262500,0.054,0.019,0.926
263000,0.058,0.035,0.908
263500,0.060,0.033,0.907
264000,0.046,0.043,0.910
264500,0.051,0.033,0.916
265000,0.035,0.026,0.939
265500,0.066,0.018,0.916
266000,0.056,0.035,0.909
266500,0.070,0.036,0.893
267000,0.074,0.036,0.890
267500,0.033,0.057,0.910
268000,0.035,0.032,0.933
268500,0.046,0.022,0.931
269000,0.034,0.041,0.925
269500,0.050,0.036,0.914
270000,0.035,0.050,0.915
270500,0.037,0.027,0.936
271000,0.045,0.025,0.930
271500,0.037,0.040,0.922
272000,0.082,0.025,0.893
272500,0.103,0.014,0.883
273000,0.070,0.019,0.910
273500,0.093,0.011,0.896
274000,0.067,0.012,0.921
274500,0.070,0.009,0.920
275000,0.079,0.004,0.917
275500,0.050,0.035,0.914
276000,0.034,0.051,0.915
276500,0.034,0.059,0.906
277000,0.039,0.047,0.914
277500,0.043,0.043,0.914
278000,0.041,0.033,0.926
278500,0.054,0.025,0.920
279000,0.047,0.043,0.909
279500,0.024,0.074,0.901
280000,0.054,0.044,0.901
280500,0.058,0.048,0.894
281000,0.043,0.063,0.894
281500,0.043,0.036,0.920
282000,0.049,0.049,0.902
282500,0.032,0.057,0.911
283000,0.035,0.068,0.897
283500,0.052,0.051,0.897
284000,0.030,0.045,0.925
284500,0.048,0.039,0.913
285000,0.066,0.018,0.916
285500,0.052,0.047,0.900
286000,0.035,0.032,0.932
286500,0.052,0.041,0.907
287000,0.060,0.033,0.907
287500,0.053,0.024,0.923
288000,0.062,0.043,0.894
288500,0.064,0.051,0.884
289000,0.045,0.033,0.922
289500,0.077,0.027,0.896
290000,0.081,0.013,0.906
290500,0.092,0.005,0.903
291000,0.070,0.013,0.916
291500,0.075,0.022,0.903
292000,0.051,0.057,0.892
292500,0.051,0.037,0.912
293000,0.026,0.032,0.942
293500,0.040,0.056,0.904
294000,0.052,0.035,0.913
294500,0.069,0.026,0.905
295000,0.073,0.018,0.909
295500,0.050,0.021,0.929
296000,0.041,0.047,0.912
296500,0.049,0.022,0.928
297000,0.056,0.026,0.918
297500,0.082,0.022,0.896
298000,0.052,0.004,0.944
298500,0.071,0.035,0.894
299000,0.063,0.031,0.906
299500,0.065,0.029,0.906
300000,0.055,0.021,0.924
300500,0.103,0.006,0.890
301000,0.054,0.015,0.931
301500,0.039,0.046,0.915
302000,0.018,0.081,0.901
302500,0.047,0.042,0.911
303000,0.077,0.024,0.899
303500,0.076,0.032,0.892
304000,0.036,0.036,0.928
304500,0.066,0.043,0.890
305000,0.070,0.019,0.911
305500,0.056,0.019,0.925
306000,0.040,0.034,0.926
306500,0.066,0.045,0.889
307000,0.056,0.037,0.907
307500,0.052,0.019,0.928
308000,0.078,0.022,0.900
308500,0.053,0.043,0.904
309000,0.050,0.045,0.905
309500,0.043,0.035,0.922
310000,0.051,0.024,0.926
310500,0.045,0.036,0.918
311000,0.051,0.033,0.916
311500,0.063,0.016,0.921
312000,0.054,0.034,0.912
312500,0.081,0.018,0.901
313000,0.088,0.011,0.902
313500,0.077,0.013,0.909
314000,0.041,0.041,0.918
314500,0.074,0.021,0.905
315000,0.048,0.022,0.930
315500,0.029,0.030,0.941
316000,0.040,0.055,0.905
316500,0.032,0.047,0.921
317000,0.057,0.021,0.921
317500,0.082,0.010,0.908
318000,0.084,0.021,0.895
318500,0.069,0.029,0.902
319000,0.102,0.018,0.881
319500,0.108,0.026,0.866
320000,0.081,0.015,0.904
320500,0.048,0.017,0.935
321000,0.086,0.025,0.889
321500,0.060,0.025,0.914
322000,0.041,0.035,0.924
322500,0.050,0.019,0.931
323000,0.075,0.034,0.891
323500,0.071,0.011,0.918
324000,0.080,0.032,0.888
324500,0.082,0.011,0.907
325000,0.077,0.008,0.914
325500,0.097,0.015,0.888
326000,0.061,0.028,0.911
326500,0.067,0.044,0.889
327000,0.035,0.043,0.922
327500,0.041,0.036,0.923
328000,0.059,0.043,0.898
328500,0.064,0.025,0.911
329000,0.061,0.030,0.908
329500,0.047,0.044,0.908
330000,0.032,0.054,0.914
330500,0.025,0.039,0.936
331000,0.028,0.037,0.934
331500,0.057,0.054,0.888
332000,0.049,0.035,0.916
332500,0.046,0.042,0.912
333000,0.033,0.036,0.931
333500,0.051,0.030,0.919
334000,0.040,0.029,0.930
334500,0.035,0.026,0.940
335000,0.044,0.013,0.943
335500,0.056,0.022,0.921
336000,0.063,0.015,0.922
336500,0.075,0.013,0.911
337000,0.090,0.011,0.899
337500,0.072,0.017,0.912
338000,0.053,0.034,0.913
338500,0.065,0.017,0.919
339000,0.070,0.023,0.907
339500,0.053,0.040,0.907
340000,0.048,0.052,0.899
340500,0.061,0.018,0.922
341000,0.053,0.020,0.927
341500,0.032,0.030,0.939
342000,0.076,0.023,0.900
342500,0.087,0.009,0.905
343000,0.057,0.039,0.904
343500,0.072,0.029,0.898
344000,0.085,0.032,0.884
344500,0.036,0.045,0.918
345000,0.021,0.041,0.938
345500,0.036,0.023,0.941
346000,0.049,0.046,0.905
346500,0.051,0.040,0.909
347000,0.067,0.018,0.916
347500,0.073,0.015,0.912
348000,0.070,0.031,0.899
348500,0.051,0.025,0.923
349000,0.038,0.058,0.904
349500,0.053,0.024,0.923
350000,0.087,0.025,0.887
350500,0.084,0.018,0.898
351000,0.087,0.011,0.902
351500,0.110,0.009,0.881
352000,0.092,0.015,0.892
352500,0.065,0.024,0.912
353000,0.042,0.025,0.933
353500,0.048,0.033,0.920
354000,0.065,0.018,0.917
354500,0.053,0.017,0.930
355000,0.034,0.042,0.924
355500,0.046,0.032,0.922
356000,0.085,0.021,0.894
356500,0.041,0.025,0.935
357000,0.071,0.043,0.885
357500,0.048,0.039,0.913
358000,0.049,0.049,0.902
358500,0.063,0.018,0.919
359000,0.075,0.012,0.913
359500,0.078,0.024,0.899
360000,0.046,0.037,0.916
360500,0.050,0.024,0.926
361000,0.082,0.008,0.910
361500,0.079,0.013,0.909
362000,0.048,0.036,0.915
362500,0.053,0.029,0.917
363000,0.038,0.043,0.918
363500,0.029,0.053,0.918
364000,0.026,0.056,0.918
364500,0.051,0.042,0.908
365000,0.035,0.047,0.917
365500,0.016,0.051,0.932
366000,0.035,0.059,0.907
366500,0.060,0.026,0.914
367000,0.046,0.034,0.920
367500,0.056,0.025,0.919
368000,0.058,0.023,0.919
368500,0.062,0.016,0.922
369000,0.080,0.019,0.901
369500,0.083,0.029,0.888
370000,0.094,0.015,0.891
370500,0.086,0.013,0.900
371000,0.076,0.009,0.914
371500,0.076,0.048,0.875
372000,0.089,0.022,0.889
372500,0.080,0.004,0.917
373000,0.061,0.013,0.925
373500,0.040,0.018,0.943
374000,0.085,0.011,0.904
374500,0.096,0.006,0.898
375000,0.089,0.022,0.889
375500,0.086,0.028,0.886
376000,0.056,0.028,0.917
376500,0.062,0.023,0.914
377000,0.055,0.026,0.918
377500,0.064,0.036,0.899
378000,0.056,0.020,0.924
378500,0.029,0.038,0.932
379000,0.033,0.034,0.933
379500,0.058,0.018,0.924
380000,0.063,0.018,0.920
380500,0.066,0.043,0.892
381000,0.069,0.022,0.909
381500,0.070,0.010,0.920
382000,0.043,0.033,0.925
382500,0.031,0.041,0.928
383000,0.042,0.063,0.895
383500,0.025,0.074,0.900
384000,0.035,0.056,0.909
384500,0.040,0.024,0.937
385000,0.066,0.010,0.924
385500,0.074,0.004,0.922
386000,0.091,0.007,0.901
386500,0.083,0.013,0.905
387000,0.063,0.015,0.922
387500,0.081,0.015,0.904
388000,0.100,0.015,0.886
388500,0.088,0.004,0.908
389000,0.076,0.012,0.912
389500,0.094,0.017,0.889
390000,0.070,0.011,0.918
390500,0.065,0.030,0.905
391000,0.065,0.025,0.910
391500,0.087,0.013,0.900
392000,0.071,0.021,0.908
392500,0.043,0.011,0.947
393000,0.073,0.028,0.899
393500,0.062,0.005,0.933
394000,0.060,0.021,0.919
394500,0.067,0.033,0.901
395000,0.053,0.013,0.934
395500,0.060,0.022,0.917
396000,0.080,0.013,0.908
396500,0.037,0.037,0.926
397000,0.051,0.043,0.906
397500,0.049,0.043,0.907
398000,0.032,0.027,0.941
398500,0.043,0.055,0.901
399000,0.064,0.022,0.914
399500,0.041,0.029,0.930
400000,0.086,0.031,0.883
400500,0.070,0.026,0.903
401000,0.041,0.030,0.928
401500,0.072,0.015,0.912
402000,0.053,0.015,0.931
402500,0.096,0.016,0.888
403000,0.087,0.013,0.899
403500,0.057,0.021,0.921
404000,0.084,0.021,0.895
404500,0.104,0.006,0.889
405000,0.093,0.007,0.899
405500,0.075,0.018,0.907
406000,0.059,0.022,0.919
406500,0.068,0.035,0.898
407000,0.072,0.034,0.894
407500,0.058,0.025,0.916
408000,0.058,0.023,0.919
408500,0.040,0.028,0.932
409000,0.054,0.039,0.906
409500,0.046,0.017,0.936
410000,0.043,0.036,0.921
410500,0.061,0.050,0.890
411000,0.066,0.029,0.906
411500,0.046,0.038,0.915
412000,0.028,0.038,0.933
412500,0.067,0.030,0.903
413000,0.070,0.015,0.915
413500,0.058,0.014,0.928
414000,0.057,0.017,0.926
414500,0.055,0.029,0.916
415000,0.070,0.035,0.895
415500,0.100,0.019,0.881
416000,0.052,0.018,0.929
416500,0.037,0.051,0.911
417000,0.069,0.020,0.911
417500,0.042,0.030,0.928
418000,0.071,0.025,0.903
418500,0.087,0.010,0.902
419000,0.080,0.015,0.905
419500,0.100,0.011,0.890
420000,0.091,0.007,0.901
420500,0.090,0.002,0.907
421000,0.070,0.009,0.920
421500,0.080,0.005,0.915
422000,0.057,0.021,0.921
422500,0.052,0.025,0.922
423000,0.068,0.042,0.891
423500,0.048,0.032,0.921
424000,0.080,0.025,0.895
424500,0.067,0.016,0.917
425000,0.062,0.029,0.908
425500,0.063,0.045,0.892
426000,0.057,0.041,0.902
426500,0.045,0.040,0.915
427000,0.074,0.028,0.899
427500,0.050,0.040,0.910
428000,0.050,0.024,0.926
428500,0.041,0.034,0.925
429000,0.074,0.037,0.888
429500,0.039,0.035,0.926
430000,0.039,0.031,0.930
430500,0.072,0.010,0.918
431000,0.065,0.025,0.910
431500,0.089,0.024,0.887
432000,0.083,0.024,0.893
432500,0.088,0.032,0.881
433000,0.044,0.025,0.931
433500,0.068,0.021,0.911
434000,0.056,0.032,0.912
434500,0.070,0.032,0.897
435000,0.048,0.042,0.911
435500,0.050,0.041,0.909
436000,0.032,0.038,0.930
436500,0.021,0.061,0.917
437000,0.018,0.070,0.912
437500,0.034,0.069,0.897
438000,0.100,0.025,0.875
438500,0.101,0.013,0.887
439000,0.112,0.015,0.873
439500,0.084,0.008,0.908
440000,0.043,0.009,0.948
440500,0.048,0.021,0.931
441000,0.051,0.035,0.915
441500,0.057,0.032,0.911
442000,0.118,0.023,0.858
442500,0.092,0.016,0.892
443000,0.048,0.021,0.930
443500,0.041,0.034,0.925
444000,0.034,0.028,0.938
444500,0.061,0.051,0.888
445000,0.038,0.052,0.909
445500,0.074,0.035,0.891
446000,0.065,0.021,0.914
446500,0.061,0.044,0.895
447000,0.040,0.051,0.909
447500,0.040,0.043,0.917
448000,0.051,0.041,0.907
448500,0.056,0.021,0.923
449000,0.061,0.021,0.917
449500,0.064,0.020,0.916
450000,0.059,0.026,0.915
450500,0.061,0.035,0.905
451000,0.048,0.046,0.906
451500,0.033,0.051,0.916
452000,0.025,0.091,0.884
452500,0.032,0.048,0.920
453000,0.048,0.046,0.906
453500,0.050,0.037,0.912
454000,0.053,0.028,0.919
454500,0.049,0.019,0.932
455000,0.068,0.027,0.905
455500,0.051,0.025,0.924
456000,0.075,0.017,0.908
456500,0.042,0.011,0.947
457000,0.048,0.048,0.904
457500,0.042,0.047,0.911
458000,0.030,0.051,0.918
458500,0.062,0.025,0.913
459000,0.039,0.032,0.929
459500,0.051,0.040,0.909
460000,0.059,0.038,0.903
460500,0.053,0.038,0.908
461000,0.075,0.026,0.898
461500,0.075,0.015,0.911
462000,0.030,0.037,0.932
462500,0.056,0.017,0.928
463000,0.039,0.034,0.927
463500,0.083,0.012,0.905
464000,0.091,0.015,0.894
464500,0.065,0.013,0.922
465000,0.060,0.012,0.928
465500,0.084,0.011,0.906
466000,0.065,0.018,0.917
466500,0.054,0.033,0.913
467000,0.023,0.044,0.932
467500,0.028,0.044,0.928
468000,0.029,0.058,0.914
468500,0.052,0.029,0.918
469000,0.040,0.014,0.947
469500,0.036,0.017,0.947
470000,0.067,0.011,0.923
470500,0.071,0.023,0.905
471000,0.059,0.032,0.908
471500,0.041,0.049,0.910
472000,0.036,0.044,0.919
472500,0.070,0.021,0.908
473000,0.061,0.013,0.926
473500,0.121,0.010,0.869
474000,0.033,0.027,0.940
474500,0.051,0.025,0.924
475000,0.036,0.018,0.946
475500,0.059,0.030,0.910
476000,0.054,0.023,0.923
476500,0.051,0.033,0.915
477000,0.060,0.020,0.919
477500,0.089,0.019,0.892
478000,0.075,0.021,0.903
478500,0.053,0.015,0.932
479000,0.075,0.022,0.902
479500,0.059,0.022,0.918
480000,0.053,0.018,0.928
480500,0.054,0.035,0.910
481000,0.025,0.090,0.885
481500,0.032,0.055,0.913
482000,0.024,0.034,0.943
482500,0.041,0.029,0.930
483000,0.045,0.014,0.941
483500,0.064,0.015,0.921
484000,0.077,0.004,0.919
484500,0.106,0.003,0.891
485000,0.072,0.011,0.918
485500,0.059,0.032,0.908
486000,0.051,0.026,0.923
486500,0.050,0.025,0.924
487000,0.058,0.021,0.921
487500,0.048,0.030,0.922
488000,0.052,0.031,0.916
488500,0.077,0.018,0.905
489000,0.081,0.009,0.910
489500,0.062,0.019,0.919
490000,0.073,0.036,0.890
490500,0.044,0.024,0.932
491000,0.084,0.028,0.888
491500,0.056,0.021,0.922
492000,0.049,0.032,0.919
492500,0.032,0.022,0.946
493000,0.037,0.040,0.923
493500,0.045,0.035,0.919
494000,0.028,0.026,0.946
494500,0.029,0.050,0.920
495000,0.060,0.042,0.898
495500,0.061,0.033,0.906
496000,0.055,0.028,0.917
496500,0.070,0.025,0.906
497000,0.079,0.014,0.907
497500,0.083,0.026,0.891
498000,0.087,0.007,0.906
498500,0.058,0.016,0.926
499000,0.049,0.036,0.915
499500,0.051,0.012,0.938
500000,0.067,0.030,0.903
500500,0.042,0.030,0.928
501000,0.027,0.042,0.931
501500,0.028,0.026,0.946
502000,0.035,0.036,0.928
502500,0.037,0.033,0.930
503000,0.043,0.052,0.904
503500,0.039,0.056,0.905
504000,0.035,0.051,0.914
504500,0.035,0.036,0.928
505000,0.043,0.017,0.940
505500,0.056,0.028,0.916
506000,0.066,0.019,0.914
506500,0.077,0.018,0.905
507000,0.053,0.012,0.934
507500,0.054,0.021,0.924
508000,0.077,0.024,0.899
508500,0.070,0.030,0.900
509000,0.044,0.010,0.946
509500,0.060,0.013,0.926
510000,0.038,0.034,0.928
510500,0.058,0.014,0.928
511000,0.075,0.024,0.900
511500,0.067,0.026,0.907
512000,0.052,0.051,0.896
512500,0.059,0.028,0.913
513000,0.091,0.007,0.901
513500,0.079,0.013,0.908
514000,0.059,0.013,0.928
514500,0.085,0.015,0.900
515000,0.061,0.022,0.916
515500,0.046,0.031,0.923
516000,0.071,0.015,0.913
516500,0.039,0.059,0.902
517000,0.062,0.046,0.891
517500,0.069,0.033,0.898
518000,0.077,0.029,0.893
518500,0.053,0.025,0.922
519000,0.058,0.013,0.930
519500,0.061,0.026,0.913
520000,0.055,0.016,0.929
520500,0.055,0.021,0.924
521000,0.058,0.018,0.924
521500,0.050,0.025,0.925
522000,0.084,0.006,0.910
522500,0.047,0.035,0.917
523000,0.057,0.025,0.918
523500,0.041,0.023,0.936
524000,0.035,0.058,0.907
524500,0.059,0.043,0.898
525000,0.058,0.022,0.920
525500,0.054,0.022,0.923
526000,0.054,0.007,0.939
526500,0.053,0.013,0.933
527000,0.065,0.029,0.907
527500,0.051,0.059,0.890
528000,0.047,0.051,0.902
528500,0.032,0.053,0.915
529000,0.039,0.035,0.925
529500,0.060,0.058,0.881
530000,0.044,0.049,0.907
530500,0.060,0.029,0.910
531000,0.081,0.018,0.902
531500,0.068,0.022,0.909
532000,0.076,0.011,0.913
532500,0.074,0.018,0.907
533000,0.072,0.025,0.904
533500,0.040,0.038,0.922
534000,0.038,0.034,0.928
534500,0.054,0.036,0.910
535000,0.041,0.025,0.934
535500,0.052,0.037,0.910
536000,0.056,0.040,0.904
536500,0.099,0.003,0.898
537000,0.086,0.015,0.899
537500,0.077,0.019,0.904
538000,0.065,0.044,0.891
538500,0.044,0.030,0.925
539000,0.025,0.034,0.941
539500,0.046,0.040,0.913
540000,0.029,0.047,0.923
540500,0.044,0.046,0.909
541000,0.057,0.046,0.897
541500,0.073,0.015,0.913
542000,0.077,0.029,0.893
542500,0.050,0.025,0.926
543000,0.033,0.053,0.913
543500,0.025,0.062,0.913
544000,0.030,0.051,0.918
544500,0.046,0.036,0.918
545000,0.050,0.022,0.928
545500,0.063,0.026,0.911
546000,0.077,0.004,0.919
546500,0.069,0.033,0.898
547000,0.064,0.031,0.905
547500,0.083,0.019,0.898
548000,0.066,0.004,0.931
548500,0.054,0.021,0.924
549000,0.036,0.049,0.914
549500,0.041,0.027,0.932
550000,0.072,0.022,0.906
550500,0.060,0.029,0.911
551000,0.069,0.018,0.913
551500,0.052,0.017,0.931
552000,0.073,0.015,0.912
552500,0.089,0.008,0.903
553000,0.039,0.043,0.918
553500,0.043,0.041,0.916
554000,0.047,0.021,0.932
554500,0.041,0.050,0.909
555000,0.070,0.044,0.886
555500,0.035,0.019,0.946
556000,0.044,0.030,0.925
556500,0.084,0.023,0.893
557000,0.068,0.018,0.914
557500,0.092,0.003,0.905
558000,0.059,0.018,0.923
558500,0.083,0.011,0.906
559000,0.038,0.053,0.908
559500,0.043,0.043,0.914
560000,0.032,0.032,0.936
560500,0.044,0.033,0.923
561000,0.066,0.026,0.908
561500,0.047,0.030,0.922
562000,0.079,0.029,0.893
562500,0.042,0.061,0.896
563000,0.068,0.029,0.903
563500,0.058,0.026,0.916
564000,0.053,0.026,0.921
564500,0.061,0.013,0.926
565000,0.071,0.016,0.913
565500,0.059,0.029,0.912
566000,0.069,0.038,0.893
566500,0.054,0.044,0.901
567000,0.035,0.032,0.933
567500,0.022,0.040,0.939
568000,0.045,0.043,0.911
568500,0.053,0.039,0.907
569000,0.051,0.034,0.916
569500,0.051,0.017,0.933
570000,0.068,0.006,0.926
570500,0.066,0.040,0.894
571000,0.060,0.024,0.915
571500,0.084,0.024,0.892
572000,0.069,0.011,0.920
572500,0.068,0.018,0.913
573000,0.040,0.034,0.926
573500,0.045,0.035,0.920
574000,0.067,0.031,0.902
574500,0.075,0.019,0.906
575000,0.076,0.013,0.911
575500,0.079,0.011,0.910
576000,0.035,0.048,0.917
576500,0.062,0.016,0.922
577000,0.091,0.008,0.901
577500,0.079,0.018,0.903
578000,0.059,0.029,0.911
578500,0.058,0.018,0.924
579000,0.060,0.042,0.897
579500,0.062,0.023,0.915
580000,0.052,0.024,0.923
580500,0.062,0.019,0.918
581000,0.053,0.029,0.918
581500,0.099,0.006,0.895
582000,0.084,0.011,0.905
582500,0.066,0.032,0.902
583000,0.059,0.037,0.904
583500,0.068,0.015,0.917
584000,0.052,0.025,0.922
584500,0.061,0.029,0.910
585000,0.052,0.032,0.916
585500,0.038,0.020,0.942
586000,0.089,0.021,0.889
586500,0.095,0.017,0.889
587000,0.073,0.024,0.904
587500,0.069,0.014,0.917
588000,0.053,0.024,0.923
588500,0.044,0.029,0.926
589000,0.044,0.063,0.893
589500,0.036,0.061,0.902
590000,0.043,0.040,0.916
590500,0.045,0.015,0.941
591000,0.072,0.012,0.916
591500,0.075,0.011,0.914
592000,0.077,0.013,0.909
592500,0.045,0.018,0.936
593000,0.064,0.006,0.930
593500,0.048,0.032,0.921
594000,0.094,0.021,0.885
594500,0.080,0.011,0.909
595000,0.077,0.005,0.917
595500,0.060,0.021,0.918
596000,0.054,0.041,0.905
596500,0.050,0.033,0.917
597000,0.050,0.037,0.913
597500,0.045,0.058,0.897
598000,0.030,0.058,0.911
598500,0.049,0.047,0.904
599000,0.057,0.032,0.912
599500,0.069,0.016,0.915
600000,0.062,0.003,0.935
600500,0.040,0.015,0.946
601000,0.058,0.022,0.919
601500,0.042,0.053,0.905
602000,0.049,0.026,0.924
602500,0.063,0.028,0.909
603000,0.076,0.012,0.911
603500,0.078,0.017,0.906
604000,0.048,0.021,0.931
604500,0.028,0.034,0.939
605000,0.045,0.036,0.918
605500,0.054,0.013,0.932
606000,0.074,0.015,0.910
606500,0.102,0.003,0.894
607000,0.063,0.025,0.913
607500,0.097,0.014,0.889
608000,0.058,0.026,0.916
608500,0.069,0.048,0.884
609000,0.066,0.017,0.917
609500,0.084,0.005,0.911
610000,0.035,0.020,0.945
610500,0.059,0.008,0.933
611000,0.072,0.025,0.903
611500,0.058,0.025,0.918
612000,0.064,0.018,0.919
612500,0.044,0.025,0.930
613000,0.032,0.082,0.887
613500,0.032,0.038,0.930
614000,0.025,0.068,0.907
614500,0.037,0.044,0.918
615000,0.053,0.041,0.906
615500,0.059,0.039,0.901
616000,0.075,0.029,0.896
616500,0.087,0.010,0.902
617000,0.072,0.013,0.916
617500,0.067,0.013,0.921
618000,0.073,0.020,0.907
618500,0.060,0.022,0.917
619000,0.073,0.035,0.892
619500,0.050,0.029,0.921
620000,0.065,0.020,0.915
620500,0.058,0.034,0.908
621000,0.032,0.067,0.901
621500,0.037,0.051,0.912
622000,0.018,0.075,0.906
622500,0.033,0.058,0.909
623000,0.043,0.051,0.906
623500,0.054,0.023,0.922
624000,0.072,0.019,0.908
624500,0.038,0.024,0.938
625000,0.044,0.036,0.919
625500,0.066,0.038,0.896
626000,0.046,0.052,0.901
626500,0.025,0.081,0.895
627000,0.052,0.035,0.913
627500,0.067,0.036,0.897
628000,0.051,0.022,0.927
628500,0.074,0.017,0.908
629000,0.058,0.007,0.934
629500,0.049,0.042,0.909
630000,0.056,0.025,0.919
630500,0.063,0.023,0.914
631000,0.042,0.043,0.915
631500,0.043,0.052,0.905
632000,0.042,0.036,0.922
632500,0.037,0.025,0.938
633000,0.059,0.025,0.917
633500,0.052,0.013,0.935
634000,0.048,0.029,0.923
634500,0.060,0.043,0.897
635000,0.079,0.028,0.894
635500,0.105,0.007,0.888
636000,0.079,0.015,0.906
636500,0.082,0.019,0.899
637000,0.102,0.019,0.879
637500,0.059,0.019,0.921
638000,0.072,0.028,0.900
638500,0.077,0.030,0.893
639000,0.068,0.015,0.917
639500,0.052,0.018,0.930
640000,0.090,0.008,0.902
640500,0.099,0.018,0.884
641000,0.069,0.017,0.915
641500,0.083,0.008,0.909
642000,0.077,0.004,0.919
642500,0.062,0.026,0.912
643000,0.072,0.025,0.902
643500,0.038,0.036,0.926
644000,0.070,0.015,0.916
644500,0.060,0.046,0.893
645000,0.091,0.009,0.899
645500,0.059,0.030,0.911
646000,0.078,0.022,0.900
646500,0.050,0.036,0.914
647000,0.059,0.021,0.920
647500,0.090,0.021,0.889
648000,0.070,0.019,0.911
648500,0.052,0.025,0.923
649000,0.062,0.032,0.906
649500,0.059,0.017,0.925
650000,0.121,0.017,0.862
650500,0.078,0.005,0.917
651000,0.086,0.014,0.900
651500,0.117,0.016,0.867
652000,0.116,0.010,0.874
652500,0.086,0.009,0.906
653000,0.102,0.018,0.879
653500,0.070,0.019,0.910
654000,0.064,0.018,0.918
654500,0.054,0.032,0.914
655000,0.074,0.027,0.899
655500,0.059,0.024,0.917
656000,0.053,0.046,0.900
656500,0.045,0.035,0.919
657000,0.052,0.029,0.919
657500,0.046,0.030,0.924
658000,0.045,0.041,0.914
658500,0.033,0.043,0.924
659000,0.053,0.026,0.920
659500,0.094,0.017,0.890
660000,0.066,0.038,0.896
660500,0.077,0.025,0.899
661000,0.051,0.030,0.918
661500,0.061,0.011,0.928
662000,0.060,0.018,0.922
662500,0.078,0.009,0.913
663000,0.080,0.023,0.897
663500,0.064,0.034,0.902
664000,0.057,0.035,0.909
664500,0.050,0.036,0.913
665000,0.073,0.018,0.910
665500,0.085,0.013,0.903
666000,0.095,0.006,0.899
666500,0.083,0.004,0.914
667000,0.116,0.019,0.865
667500,0.072,0.018,0.909
668000,0.068,0.021,0.911
668500,0.043,0.033,0.925
669000,0.055,0.028,0.917
669500,0.056,0.024,0.921
670000,0.057,0.033,0.910
670500,0.058,0.043,0.900
671000,0.049,0.042,0.910
671500,0.044,0.029,0.927
672000,0.056,0.026,0.918
672500,0.041,0.022,0.938
673000,0.041,0.044,0.915
673500,0.032,0.051,0.917
674000,0.044,0.031,0.925
674500,0.048,0.045,0.907
675000,0.030,0.038,0.931
675500,0.041,0.029,0.930
676000,0.056,0.026,0.918
676500,0.052,0.028,0.920
677000,0.060,0.018,0.921
677500,0.039,0.021,0.940
678000,0.051,0.018,0.931
678500,0.043,0.029,0.928
679000,0.052,0.030,0.917
679500,0.038,0.037,0.924
680000,0.077,0.018,0.905
680500,0.084,0.039,0.877
681000,0.054,0.034,0.912
681500,0.057,0.035,0.907
682000,0.075,0.019,0.906
682500,0.087,0.009,0.903
683000,0.076,0.023,0.900
683500,0.054,0.025,0.921
684000,0.036,0.037,0.927
684500,0.086,0.015,0.898
685000,0.050,0.035,0.915
685500,0.057,0.032,0.911
686000,0.068,0.011,0.921
686500,0.095,0.005,0.900
687000,0.050,0.025,0.925
687500,0.048,0.051,0.902
688000,0.046,0.038,0.915
688500,0.079,0.016,0.905
689000,0.070,0.017,0.913
689500,0.051,0.022,0.926
690000,0.046,0.032,0.922
690500,0.059,0.030,0.911
691000,0.052,0.014,0.933
691500,0.066,0.014,0.920
692000,0.074,0.023,0.903
692500,0.080,0.013,0.907
693000,0.060,0.027,0.912
693500,0.039,0.057,0.904
694000,0.030,0.050,0.919
694500,0.068,0.019,0.912
695000,0.066,0.018,0.916
695500,0.067,0.025,0.908
696000,0.075,0.008,0.917
696500,0.064,0.013,0.923
697000,0.066,0.027,0.907
697500,0.054,0.024,0.921
698000,0.068,0.022,0.909
698500,0.065,0.025,0.911
699000,0.035,0.041,0.923
699500,0.026,0.036,0.938
700000,0.035,0.044,0.921
700500,0.038,0.058,0.903
701000,0.043,0.035,0.922
701500,0.070,0.033,0.898
702000,0.064,0.031,0.905
702500,0.058,0.025,0.917
703000,0.098,0.013,0.889
703500,0.057,0.018,0.924
704000,0.083,0.011,0.906
704500,0.081,0.004,0.915
705000,0.072,0.017,0.911
705500,0.057,0.029,0.914
706000,0.061,0.016,0.923
706500,0.087,0.006,0.906
707000,0.042,0.021,0.937
707500,0.059,0.018,0.923
708000,0.057,0.040,0.903
708500,0.057,0.025,0.918
709000,0.047,0.031,0.922
709500,0.052,0.046,0.902
710000,0.052,0.029,0.918
710500,0.063,0.033,0.905
711000,0.067,0.016,0.917
711500,0.097,0.024,0.880
712000,0.083,0.006,0.911
712500,0.111,0.007,0.882
713000,0.078,0.025,0.897
713500,0.063,0.040,0.898
714000,0.062,0.035,0.903
714500,0.074,0.017,0.908
715000,0.037,0.040,0.923
715500,0.054,0.025,0.921
716000,0.065,0.033,0.902
716500,0.055,0.033,0.912
717000,0.055,0.021,0.924
717500,0.081,0.009,0.910
718000,0.102,0.001,0.897
718500,0.071,0.013,0.916
719000,0.056,0.033,0.912
719500,0.060,0.020,0.920
720000,0.060,0.028,0.912
720500,0.068,0.009,0.923
721000,0.054,0.013,0.932
721500,0.071,0.013,0.916
722000,0.082,0.003,0.916
722500,0.057,0.011,0.932
723000,0.058,0.065,0.877
723500,0.051,0.028,0.921
724000,0.057,0.019,0.924
724500,0.084,0.026,0.890
725000,0.075,0.027,0.897
725500,0.049,0.009,0.942
726000,0.046,0.023,0.931
726500,0.059,0.049,0.893
727000,0.019,0.064,0.917
727500,0.030,0.070,0.899
728000,0.025,0.041,0.934
728500,0.059,0.036,0.905
729000,0.065,0.029,0.906
729500,0.044,0.043,0.913
730000,0.052,0.034,0.913
730500,0.068,0.025,0.906
731000,0.072,0.028,0.900
731500,0.064,0.038,0.898
732000,0.099,0.029,0.872
732500,0.073,0.013,0.915
733000,0.079,0.028,0.893
733500,0.070,0.030,0.899
734000,0.059,0.030,0.911
734500,0.095,0.024,0.882
735000,0.056,0.067,0.878
735500,0.033,0.040,0.927
736000,0.057,0.040,0.903
736500,0.047,0.032,0.921
737000,0.059,0.015,0.927
737500,0.033,0.054,0.912
738000,0.081,0.028,0.891
738500,0.085,0.021,0.894
739000,0.035,0.038,0.927
739500,0.045,0.061,0.893
740000,0.051,0.032,0.917
740500,0.081,0.015,0.904
741000,0.093,0.005,0.901
741500,0.029,0.021,0.950
742000,0.042,0.023,0.935
742500,0.074,0.019,0.907
743000,0.095,0.009,0.897
743500,0.095,0.014,0.891
744000,0.049,0.019,0.932
744500,0.060,0.011,0.929
745000,0.022,0.058,0.919
745500,0.030,0.032,0.938
746000,0.066,0.032,0.902
746500,0.059,0.029,0.912
747000,0.052,0.038,0.910
747500,0.059,0.011,0.929
748000,0.053,0.021,0.925
748500,0.076,0.032,0.892
749000,0.039,0.026,0.934
749500,0.042,0.031,0.927
750000,0.050,0.032,0.919
750500,0.055,0.022,0.923
751000,0.069,0.011,0.920
751500,0.049,0.022,0.929
752000,0.047,0.024,0.929
752500,0.050,0.009,0.941
753000,0.068,0.025,0.907
753500,0.042,0.022,0.935
754000,0.065,0.006,0.929
754500,0.088,0.008,0.904
755000,0.051,0.006,0.943
755500,0.069,0.017,0.915
756000,0.059,0.033,0.908
756500,0.030,0.037,0.932
757000,0.048,0.033,0.920
757500,0.051,0.038,0.910
758000,0.081,0.052,0.867
758500,0.067,0.061,0.872
759000,0.037,0.044,0.918
759500,0.042,0.030,0.928
760000,0.059,0.028,0.914
760500,0.066,0.015,0.919
761000,0.062,0.031,0.907
761500,0.050,0.021,0.929
762000,0.087,0.030,0.883
762500,0.070,0.028,0.902
763000,0.086,0.029,0.886
763500,0.065,0.016,0.919
764000,0.088,0.023,0.889
764500,0.080,0.011,0.910
765000,0.096,0.021,0.884
765500,0.076,0.016,0.907
766000,0.076,0.024,0.900
766500,0.074,0.029,0.897
767000,0.058,0.020,0.922
767500,0.080,0.003,0.917
768000,0.057,0.027,0.916
768500,0.049,0.025,0.926
769000,0.030,0.058,0.912
769500,0.043,0.041,0.916
770000,0.059,0.043,0.899
770500,0.053,0.033,0.914
771000,0.066,0.013,0.921
771500,0.084,0.015,0.902
772000,0.056,0.026,0.918
772500,0.056,0.035,0.909
773000,0.045,0.038,0.916
773500,0.043,0.023,0.934
774000,0.037,0.026,0.936
774500,0.033,0.025,0.943
775000,0.070,0.037,0.892
775500,0.091,0.020,0.889
776000,0.056,0.015,0.930
776500,0.070,0.020,0.909
777000,0.064,0.024,0.912
777500,0.073,0.015,0.912
778000,0.056,0.010,0.934
778500,0.059,0.026,0.914
779000,0.042,0.032,0.926
779500,0.059,0.033,0.908
780000,0.070,0.019,0.910
780500,0.029,0.063,0.907
781000,0.045,0.050,0.905
781500,0.042,0.048,0.910
782000,0.090,0.025,0.886
782500,0.058,0.014,0.928
783000,0.062,0.031,0.906
783500,0.061,0.032,0.907
784000,0.066,0.029,0.906
784500,0.072,0.019,0.909
785000,0.082,0.026,0.892
785500,0.081,0.037,0.882
786000,0.060,0.036,0.903
786500,0.056,0.047,0.897
787000,0.037,0.049,0.914
787500,0.048,0.040,0.912
788000,0.049,0.040,0.911
788500,0.066,0.018,0.917
789000,0.070,0.025,0.905
789500,0.050,0.019,0.931
790000,0.064,0.005,0.931
790500,0.042,0.015,0.943
791000,0.067,0.017,0.917
791500,0.056,0.029,0.915
792000,0.059,0.013,0.928
792500,0.058,0.029,0.913
793000,0.095,0.017,0.889
793500,0.057,0.039,0.904
794000,0.062,0.023,0.915
794500,0.066,0.036,0.897
795000,0.069,0.022,0.909
795500,0.077,0.010,0.913
796000,0.069,0.019,0.912
796500,0.065,0.017,0.918
797000,0.040,0.033,0.927
797500,0.036,0.021,0.944
798000,0.070,0.024,0.906
798500,0.064,0.021,0.915
799000,0.043,0.031,0.926
799500,0.038,0.049,0.913
800000,0.029,0.053,0.918
800500,0.048,0.023,0.929
801000,0.058,0.024,0.918
801500,0.032,0.043,0.925
802000,0.046,0.051,0.903
802500,0.081,0.012,0.907
803000,0.077,0.009,0.915
803500,0.112,0.013,0.876
804000,0.096,0.018,0.887
804500,0.081,0.022,0.897
805000,0.072,0.010,0.918
805500,0.051,0.020,0.929
806000,0.040,0.035,0.925
806500,0.060,0.037,0.902
807000,0.042,0.041,0.917
807500,0.052,0.024,0.924
808000,0.034,0.060,0.906
808500,0.036,0.052,0.911
809000,0.035,0.037,0.927
809500,0.090,0.024,0.885
810000,0.084,0.013,0.903
810500,0.064,0.044,0.892
811000,0.044,0.029,0.927
811500,0.048,0.040,0.912
812000,0.037,0.041,0.921
812500,0.057,0.035,0.908
813000,0.043,0.043,0.914
813500,0.059,0.042,0.899
814000,0.049,0.028,0.923
814500,0.049,0.040,0.911
815000,0.038,0.051,0.910
815500,0.048,0.033,0.919
816000,0.058,0.038,0.904
816500,0.045,0.031,0.924
817000,0.045,0.026,0.928
817500,0.044,0.025,0.931
818000,0.058,0.037,0.905
818500,0.035,0.030,0.934
819000,0.033,0.042,0.926
819500,0.088,0.009,0.903
820000,0.116,0.017,0.868
820500,0.086,0.013,0.901
821000,0.084,0.019,0.897
821500,0.082,0.006,0.912
822000,0.086,0.015,0.898
822500,0.071,0.009,0.920
823000,0.055,0.036,0.908
823500,0.073,0.009,0.918
824000,0.056,0.029,0.915
824500,0.045,0.034,0.921
825000,0.040,0.042,0.918
825500,0.044,0.041,0.915
826000,0.064,0.040,0.897
826500,0.049,0.018,0.933
827000,0.049,0.043,0.908
827500,0.067,0.028,0.905
828000,0.067,0.039,0.894
828500,0.060,0.021,0.919
829000,0.073,0.013,0.914
829500,0.100,0.002,0.899
830000,0.084,0.011,0.906
830500,0.045,0.031,0.923
831000,0.057,0.027,0.916
831500,0.065,0.029,0.906
832000,0.034,0.024,0.942
832500,0.055,0.024,0.921
833000,0.051,0.033,0.916
833500,0.054,0.027,0.919
834000,0.049,0.043,0.908
834500,0.040,0.040,0.920
835000,0.053,0.032,0.915
835500,0.050,0.026,0.923
836000,0.061,0.019,0.920
836500,0.059,0.025,0.917
837000,0.033,0.037,0.929
837500,0.056,0.014,0.930
838000,0.061,0.018,0.921
838500,0.040,0.072,0.888
839000,0.059,0.026,0.914
839500,0.060,0.022,0.917
840000,0.054,0.032,0.914
840500,0.050,0.025,0.926
841000,0.041,0.025,0.934
841500,0.081,0.017,0.903
842000,0.074,0.011,0.915
842500,0.049,0.015,0.936
843000,0.051,0.031,0.918
843500,0.077,0.021,0.901
844000,0.053,0.018,0.929
844500,0.036,0.017,0.947
845000,0.042,0.047,0.911
845500,0.038,0.056,0.906
846000,0.028,0.044,0.928
846500,0.048,0.030,0.921
847000,0.057,0.032,0.912
847500,0.065,0.036,0.899
848000,0.046,0.030,0.923
848500,0.060,0.024,0.915
849000,0.059,0.028,0.913
849500,0.074,0.018,0.908
850000,0.058,0.031,0.911
850500,0.042,0.041,0.917
851000,0.062,0.041,0.897
851500,0.032,0.032,0.936
852000,0.026,0.043,0.930
852500,0.040,0.032,0.928
853000,0.065,0.033,0.903
853500,0.049,0.022,0.929
854000,0.048,0.018,0.934
854500,0.059,0.029,0.912
855000,0.054,0.033,0.913
855500,0.079,0.019,0.902
856000,0.055,0.026,0.918
856500,0.061,0.028,0.911
857000,0.046,0.037,0.916
857500,0.033,0.064,0.904
858000,0.048,0.032,0.920
858500,0.061,0.031,0.907
859000,0.039,0.022,0.939
859500,0.045,0.034,0.920
860000,0.078,0.030,0.892
860500,0.054,0.046,0.900
861000,0.038,0.024,0.938
861500,0.048,0.017,0.935
862000,0.051,0.041,0.908
862500,0.057,0.061,0.883
863000,0.052,0.033,0.914
863500,0.045,0.018,0.938
864000,0.018,0.066,0.917
864500,0.059,0.021,0.920
865000,0.063,0.010,0.927
865500,0.075,0.018,0.906
866000,0.073,0.006,0.921
866500,0.091,0.013,0.896
867000,0.102,0.011,0.888
867500,0.062,0.035,0.903
868000,0.069,0.014,0.917
868500,0.062,0.024,0.913
869000,0.074,0.002,0.923
869500,0.080,0.018,0.903
870000,0.068,0.017,0.915
870500,0.114,0.007,0.879
871000,0.077,0.014,0.908
871500,0.080,0.023,0.897
872000,0.048,0.025,0.927
872500,0.059,0.025,0.916
873000,0.053,0.037,0.909
873500,0.043,0.024,0.933
874000,0.042,0.028,0.930
874500,0.044,0.043,0.912
875000,0.057,0.025,0.918
875500,0.051,0.034,0.915
876000,0.058,0.015,0.927
876500,0.041,0.033,0.926
877000,0.030,0.038,0.931
877500,0.043,0.029,0.928
878000,0.037,0.047,0.915
878500,0.025,0.051,0.923
879000,0.034,0.074,0.893
879500,0.022,0.080,0.898
880000,0.051,0.025,0.924
880500,0.051,0.025,0.925
881000,0.036,0.023,0.941
881500,0.070,0.023,0.907
882000,0.063,0.044,0.893
882500,0.070,0.017,0.912
883000,0.057,0.036,0.907
883500,0.081,0.029,0.890
884000,0.066,0.034,0.901
884500,0.035,0.027,0.938
885000,0.037,0.041,0.921
885500,0.046,0.029,0.925
886000,0.057,0.021,0.922
886500,0.075,0.020,0.904
887000,0.040,0.033,0.927
887500,0.050,0.025,0.925
888000,0.049,0.028,0.923
888500,0.033,0.050,0.918
889000,0.045,0.036,0.919
889500,0.072,0.019,0.908
890000,0.086,0.020,0.894
890500,0.069,0.007,0.924
891000,0.049,0.033,0.919
891500,0.045,0.030,0.925
892000,0.044,0.047,0.908
892500,0.037,0.076,0.887
893000,0.021,0.074,0.906
893500,0.041,0.046,0.913
894000,0.037,0.050,0.912
894500,0.046,0.032,0.922
895000,0.060,0.030,0.909
895500,0.046,0.037,0.916
896000,0.046,0.054,0.899
896500,0.037,0.067,0.895
897000,0.063,0.025,0.912
897500,0.049,0.039,0.912
898000,0.049,0.041,0.911
898500,0.072,0.017,0.912
899000,0.070,0.015,0.915
899500,0.077,0.013,0.909
900000,0.084,0.035,0.881
900500,0.052,0.028,0.920
901000,0.049,0.024,0.927
901500,0.078,0.006,0.916
902000,0.092,0.021,0.887
902500,0.073,0.044,0.882
903000,0.056,0.017,0.927
903500,0.046,0.037,0.916
904000,0.051,0.018,0.931
904500,0.070,0.018,0.911
905000,0.029,0.046,0.925
905500,0.049,0.036,0.914
906000,0.051,0.026,0.922
906500,0.038,0.044,0.918
907000,0.043,0.034,0.923
907500,0.061,0.030,0.909
908000,0.054,0.026,0.919
908500,0.057,0.018,0.924
909000,0.044,0.032,0.924
909500,0.059,0.025,0.917
910000,0.057,0.018,0.925
910500,0.058,0.021,0.920
911000,0.034,0.066,0.901
911500,0.068,0.026,0.906
912000,0.098,0.007,0.895
912500,0.087,0.015,0.897
913000,0.051,0.018,0.932
913500,0.057,0.025,0.918
914000,0.050,0.026,0.924
914500,0.038,0.015,0.947
915000,0.064,0.027,0.909
915500,0.062,0.028,0.910
916000,0.064,0.017,0.920
916500,0.086,0.032,0.883
917000,0.048,0.023,0.929
917500,0.033,0.065,0.903
918000,0.038,0.030,0.931
918500,0.041,0.044,0.915
919000,0.033,0.078,0.890
919500,0.034,0.055,0.911
920000,0.052,0.066,0.882
920500,0.029,0.068,0.903
921000,0.025,0.054,0.921
921500,0.053,0.035,0.912
922000,0.050,0.030,0.919
922500,0.049,0.035,0.916
923000,0.083,0.009,0.908
923500,0.045,0.028,0.927
924000,0.095,0.011,0.895
924500,0.058,0.013,0.929
925000,0.066,0.035,0.900
925500,0.076,0.025,0.898
926000,0.041,0.041,0.919
926500,0.115,0.018,0.868
927000,0.067,0.011,0.922
927500,0.062,0.017,0.921
928000,0.045,0.033,0.921
928500,0.054,0.040,0.905
929000,0.057,0.033,0.910
929500,0.049,0.024,0.927
930000,0.036,0.042,0.921
930500,0.028,0.042,0.930
931000,0.054,0.019,0.926
931500,0.045,0.042,0.913
932000,0.076,0.020,0.903
932500,0.066,0.017,0.917
933000,0.031,0.043,0.926
933500,0.037,0.051,0.911
934000,0.031,0.056,0.913
934500,0.035,0.043,0.922
935000,0.029,0.038,0.933
935500,0.050,0.034,0.916
936000,0.035,0.033,0.933
936500,0.061,0.040,0.898
937000,0.039,0.037,0.923
937500,0.036,0.038,0.926
938000,0.068,0.030,0.902
938500,0.051,0.019,0.930
939000,0.040,0.038,0.921
939500,0.060,0.058,0.882
940000,0.058,0.024,0.919
940500,0.075,0.018,0.907
941000,0.068,0.013,0.919
941500,0.072,0.018,0.909
942000,0.049,0.036,0.915
942500,0.048,0.046,0.906
943000,0.043,0.035,0.922
943500,0.057,0.017,0.927
944000,0.069,0.015,0.916
944500,0.071,0.029,0.900
945000,0.059,0.024,0.917
945500,0.105,0.019,0.875
946000,0.086,0.011,0.902
946500,0.041,0.025,0.935
947000,0.059,0.028,0.913
947500,0.047,0.038,0.915
948000,0.057,0.037,0.905
948500,0.062,0.031,0.907
949000,0.084,0.018,0.899
949500,0.076,0.026,0.898
950000,0.074,0.014,0.911
950500,0.066,0.023,0.911
951000,0.070,0.023,0.907
951500,0.069,0.014,0.917
952000,0.055,0.021,0.924
952500,0.070,0.021,0.909
953000,0.117,0.008,0.875
953500,0.085,0.013,0.902
954000,0.071,0.033,0.895
954500,0.060,0.013,0.926
955000,0.057,0.007,0.936
955500,0.038,0.024,0.938
956000,0.062,0.019,0.918
956500,0.039,0.059,0.902
957000,0.054,0.029,0.916
957500,0.048,0.038,0.914
958000,0.066,0.021,0.912
958500,0.085,0.020,0.895
959000,0.056,0.028,0.916
959500,0.043,0.044,0.912
960000,0.058,0.024,0.918
960500,0.061,0.019,0.919
961000,0.078,0.013,0.909
961500,0.078,0.021,0.901
962000,0.048,0.029,0.922
962500,0.035,0.044,0.921
963000,0.024,0.067,0.909
963500,0.052,0.033,0.915
964000,0.067,0.030,0.903
964500,0.081,0.033,0.886
965000,0.070,0.015,0.915
965500,0.064,0.021,0.916
966000,0.070,0.035,0.895
966500,0.039,0.033,0.928
967000,0.048,0.018,0.934
967500,0.079,0.022,0.899
968000,0.050,0.010,0.940
968500,0.049,0.021,0.930
969000,0.070,0.035,0.894
969500,0.056,0.031,0.913
970000,0.064,0.017,0.919
970500,0.059,0.026,0.915
971000,0.064,0.015,0.921
971500,0.087,0.011,0.902
972000,0.056,0.019,0.925
972500,0.045,0.018,0.937
973000,0.056,0.025,0.919
973500,0.045,0.022,0.933
974000,0.076,0.032,0.893
974500,0.053,0.049,0.897
975000,0.061,0.030,0.909
975500,0.032,0.082,0.886
976000,0.039,0.051,0.909
976500,0.040,0.030,0.930
977000,0.025,0.036,0.939
977500,0.036,0.031,0.932
978000,0.069,0.037,0.894
978500,0.066,0.017,0.917
979000,0.063,0.025,0.912
979500,0.089,0.013,0.898
980000,0.099,0.019,0.882
980500,0.098,0.004,0.898
981000,0.059,0.037,0.903
981500,0.061,0.028,0.910
982000,0.085,0.011,0.905
982500,0.044,0.034,0.922
983000,0.037,0.051,0.912
983500,0.043,0.029,0.928
984000,0.056,0.031,0.913
984500,0.043,0.028,0.929
985000,0.059,0.042,0.899
985500,0.051,0.018,0.931
986000,0.097,0.023,0.880
986500,0.051,0.014,0.934
987000,0.049,0.041,0.910
987500,0.053,0.036,0.911
988000,0.062,0.008,0.929
988500,0.098,0.003,0.899
989000,0.083,0.017,0.901
989500,0.071,0.026,0.903
990000,0.059,0.013,0.928
990500,0.049,0.013,0.938
991000,0.073,0.034,0.894
991500,0.065,0.019,0.916
992000,0.043,0.017,0.940
992500,0.083,0.007,0.910
993000,0.060,0.009,0.931
993500,0.050,0.019,0.931
994000,0.060,0.023,0.916
994500,0.043,0.030,0.926
995000,0.060,0.019,0.920
995500,0.048,0.046,0.905
996000,0.035,0.038,0.927
996500,0.050,0.045,0.904
997000,0.052,0.035,0.912
997500,0.059,0.020,0.920
998000,0.049,0.062,0.888
998500,0.029,0.030,0.940
999000,0.055,0.025,0.920
999500,0.065,0.024,0.911
1000000,0.065,0.028,0.908
