time,n_A+p,n_B,n_AB
500,0.050,0.894,0.056
1000,0.050,0.860,0.090
1500,0.055,0.830,0.115
2000,0.052,0.788,0.160
2500,0.052,0.799,0.149
3000,0.053,0.778,0.169
3500,0.051,0.774,0.175
4000,0.050,0.771,0.179
4500,0.052,0.779,0.169
5000,0.050,0.812,0.138
5500,0.050,0.819,0.131
6000,0.053,0.795,0.152
6500,0.052,0.779,0.169
7000,0.052,0.768,0.180
7500,0.050,0.728,0.222
8000,0.052,0.777,0.171
8500,0.052,0.780,0.168
9000,0.051,0.781,0.168
9500,0.050,0.750,0.200
10000,0.050,0.769,0.181
10500,0.050,0.812,0.138
11000,0.050,0.819,0.131
11500,0.053,0.792,0.155
12000,0.050,0.781,0.169
12500,0.050,0.788,0.162
13000,0.050,0.787,0.163
13500,0.050,0.795,0.155
14000,0.050,0.794,0.156
14500,0.050,0.795,0.155
15000,0.050,0.761,0.189
15500,0.050,0.774,0.176
16000,0.052,0.790,0.158
16500,0.050,0.790,0.160
17000,0.050,0.776,0.174
17500,0.052,0.779,0.169
18000,0.051,0.733,0.216
18500,0.050,0.767,0.183
19000,0.052,0.771,0.177
19500,0.050,0.754,0.196
20000,0.050,0.773,0.177
20500,0.050,0.785,0.165
21000,0.050,0.799,0.151
21500,0.050,0.793,0.157
22000,0.050,0.778,0.172
22500,0.050,0.779,0.171
23000,0.050,0.804,0.146
23500,0.050,0.831,0.119
24000,0.050,0.795,0.155
24500,0.051,0.792,0.157
25000,0.050,0.776,0.174
25500,0.053,0.803,0.144
26000,0.052,0.795,0.153
26500,0.055,0.787,0.158
27000,0.052,0.769,0.179
27500,0.057,0.749,0.194
28000,0.052,0.775,0.173
28500,0.053,0.742,0.205
29000,0.054,0.728,0.218
29500,0.053,0.731,0.216
30000,0.056,0.739,0.205
30500,0.055,0.732,0.213
31000,0.052,0.740,0.208
31500,0.055,0.722,0.223
32000,0.054,0.718,0.228
32500,0.059,0.736,0.205
33000,0.052,0.737,0.211
33500,0.051,0.774,0.175
34000,0.050,0.774,0.176
34500,0.050,0.807,0.143
35000,0.050,0.810,0.140
35500,0.050,0.833,0.117
36000,0.050,0.830,0.120
36500,0.050,0.811,0.139
37000,0.050,0.795,0.155
37500,0.051,0.759,0.190
38000,0.050,0.752,0.198
38500,0.050,0.790,0.160
39000,0.050,0.786,0.164
39500,0.050,0.764,0.186
40000,0.052,0.740,0.208
40500,0.054,0.776,0.170
41000,0.052,0.769,0.179
41500,0.052,0.790,0.158
42000,0.051,0.797,0.152
42500,0.051,0.795,0.154
43000,0.050,0.801,0.149
43500,0.050,0.759,0.191
44000,0.050,0.764,0.186
44500,0.050,0.778,0.172
45000,0.052,0.778,0.170
45500,0.051,0.810,0.139
46000,0.051,0.763,0.186
46500,0.050,0.743,0.207
47000,0.050,0.757,0.193
47500,0.050,0.770,0.180
48000,0.050,0.816,0.134
48500,0.050,0.806,0.144
49000,0.050,0.796,0.154
49500,0.050,0.805,0.145
50000,0.050,0.809,0.141
50500,0.050,0.806,0.144
51000,0.050,0.806,0.144
51500,0.050,0.791,0.159
52000,0.050,0.788,0.162
52500,0.050,0.785,0.165
53000,0.050,0.790,0.160
53500,0.050,0.779,0.171
54000,0.050,0.813,0.137
54500,0.050,0.778,0.172
55000,0.050,0.764,0.186
55500,0.052,0.749,0.199
56000,0.051,0.765,0.184
56500,0.051,0.809,0.140
57000,0.051,0.786,0.163
57500,0.050,0.760,0.190
58000,0.050,0.786,0.164
58500,0.050,0.789,0.161
59000,0.054,0.758,0.188
59500,0.052,0.740,0.208
60000,0.051,0.787,0.162
60500,0.053,0.806,0.141
61000,0.050,0.774,0.176
61500,0.051,0.766,0.183
62000,0.050,0.742,0.208
62500,0.052,0.727,0.221
63000,0.051,0.754,0.195
63500,0.054,0.827,0.119
64000,0.051,0.785,0.164
64500,0.053,0.773,0.174
65000,0.050,0.784,0.166
65500,0.050,0.778,0.172
66000,0.050,0.765,0.185
66500,0.050,0.752,0.198
67000,0.052,0.743,0.205
67500,0.050,0.760,0.190
68000,0.051,0.763,0.186
68500,0.054,0.790,0.156
69000,0.052,0.785,0.163
69500,0.052,0.778,0.170
70000,0.050,0.758,0.192
70500,0.050,0.772,0.178
71000,0.056,0.715,0.229
71500,0.056,0.752,0.192
72000,0.051,0.755,0.194
72500,0.051,0.780,0.169
73000,0.052,0.788,0.160
73500,0.051,0.778,0.171
74000,0.051,0.787,0.162
74500,0.050,0.784,0.166
75000,0.050,0.810,0.140
75500,0.050,0.816,0.134
76000,0.051,0.807,0.142
76500,0.050,0.777,0.173
77000,0.052,0.799,0.149
77500,0.050,0.804,0.146
78000,0.050,0.798,0.152
78500,0.050,0.791,0.159
79000,0.050,0.783,0.167
79500,0.051,0.763,0.186
80000,0.051,0.800,0.149
80500,0.050,0.792,0.158
81000,0.050,0.791,0.159
81500,0.050,0.752,0.198
82000,0.050,0.755,0.195
82500,0.050,0.790,0.160
83000,0.053,0.773,0.174
83500,0.051,0.770,0.179
84000,0.050,0.784,0.166
84500,0.052,0.780,0.168
85000,0.051,0.783,0.166
85500,0.050,0.793,0.157
86000,0.050,0.790,0.160
86500,0.053,0.785,0.162
87000,0.052,0.808,0.140
87500,0.050,0.785,0.165
88000,0.052,0.766,0.182
88500,0.053,0.766,0.181
89000,0.054,0.781,0.165
89500,0.051,0.765,0.184
90000,0.050,0.773,0.177
90500,0.050,0.777,0.173
91000,0.051,0.778,0.171
91500,0.051,0.807,0.142
92000,0.051,0.809,0.140
92500,0.050,0.790,0.160
93000,0.051,0.813,0.136
93500,0.051,0.795,0.154
94000,0.050,0.784,0.166
94500,0.050,0.775,0.175
95000,0.050,0.793,0.157
95500,0.052,0.798,0.150
96000,0.050,0.751,0.199
96500,0.051,0.769,0.180
97000,0.053,0.769,0.178
97500,0.050,0.770,0.180
98000,0.050,0.737,0.213
98500,0.050,0.735,0.215
99000,0.053,0.737,0.210
99500,0.055,0.703,0.242
100000,0.051,0.726,0.223
100500,0.053,0.732,0.215
101000,0.053,0.718,0.229
101500,0.052,0.777,0.171
102000,0.050,0.782,0.168
102500,0.052,0.790,0.158
103000,0.052,0.765,0.183
103500,0.050,0.748,0.202
104000,0.053,0.734,0.213
104500,0.052,0.754,0.194
105000,0.050,0.769,0.181
105500,0.050,0.800,0.150
106000,0.050,0.769,0.181
106500,0.050,0.772,0.178
107000,0.050,0.784,0.166
107500,0.050,0.783,0.167
108000,0.053,0.774,0.173
108500,0.051,0.752,0.197
109000,0.051,0.781,0.168
109500,0.050,0.789,0.161
110000,0.051,0.767,0.182
110500,0.051,0.768,0.181
111000,0.050,0.791,0.159
111500,0.050,0.794,0.156
112000,0.050,0.804,0.146
112500,0.050,0.787,0.163
113000,0.050,0.785,0.165
113500,0.050,0.748,0.202
114000,0.057,0.776,0.167
114500,0.052,0.744,0.204
115000,0.052,0.762,0.186
115500,0.051,0.767,0.182
116000,0.050,0.768,0.182
116500,0.050,0.764,0.186
117000,0.050,0.744,0.206
117500,0.053,0.759,0.188
118000,0.051,0.819,0.130
118500,0.050,0.796,0.154
119000,0.050,0.811,0.139
119500,0.050,0.808,0.142
120000,0.050,0.826,0.124
120500,0.050,0.825,0.125
121000,0.050,0.816,0.134
121500,0.050,0.815,0.135
122000,0.050,0.792,0.158
122500,0.050,0.783,0.167
123000,0.054,0.775,0.171
123500,0.050,0.793,0.157
124000,0.051,0.800,0.149
124500,0.051,0.801,0.148
125000,0.050,0.771,0.179
125500,0.060,0.738,0.202
126000,0.058,0.722,0.220
126500,0.055,0.759,0.186
127000,0.052,0.734,0.214
127500,0.051,0.784,0.165
128000,0.052,0.807,0.141
128500,0.052,0.806,0.142
129000,0.050,0.803,0.147
129500,0.052,0.814,0.134
130000,0.050,0.801,0.149
130500,0.050,0.797,0.153
131000,0.050,0.795,0.155
131500,0.050,0.815,0.135
132000,0.050,0.812,0.138
132500,0.050,0.797,0.153
133000,0.050,0.809,0.141
133500,0.050,0.828,0.122
134000,0.050,0.826,0.124
134500,0.050,0.756,0.194
135000,0.050,0.769,0.181
135500,0.053,0.766,0.181
136000,0.050,0.770,0.180
136500,0.050,0.751,0.199
137000,0.050,0.733,0.217
137500,0.054,0.760,0.186
138000,0.052,0.780,0.168
138500,0.050,0.749,0.201
139000,0.052,0.755,0.193
139500,0.055,0.732,0.213
140000,0.053,0.785,0.162
140500,0.050,0.764,0.186
141000,0.050,0.810,0.140
141500,0.050,0.809,0.141
142000,0.050,0.815,0.135
142500,0.050,0.830,0.120
143000,0.052,0.807,0.141
143500,0.055,0.801,0.144
144000,0.053,0.782,0.165
144500,0.051,0.778,0.171
145000,0.053,0.772,0.175
145500,0.050,0.792,0.158
146000,0.050,0.795,0.155
146500,0.050,0.807,0.143
147000,0.050,0.837,0.113
147500,0.050,0.787,0.163
148000,0.050,0.768,0.182
148500,0.052,0.792,0.156
149000,0.053,0.769,0.178
149500,0.052,0.798,0.150
150000,0.052,0.781,0.167
150500,0.052,0.749,0.199
151000,0.050,0.771,0.179
151500,0.050,0.755,0.195
152000,0.050,0.775,0.175
152500,0.050,0.773,0.177
153000,0.050,0.775,0.175
153500,0.056,0.793,0.151
154000,0.052,0.751,0.197
154500,0.050,0.777,0.173
155000,0.053,0.801,0.146
155500,0.050,0.771,0.179
156000,0.050,0.792,0.158
156500,0.053,0.782,0.165
157000,0.051,0.783,0.166
157500,0.051,0.791,0.158
158000,0.050,0.818,0.132
158500,0.052,0.792,0.156
159000,0.051,0.784,0.165
159500,0.053,0.787,0.160
160000,0.052,0.779,0.169
160500,0.052,0.770,0.178
161000,0.056,0.750,0.194
161500,0.055,0.768,0.177
162000,0.053,0.762,0.185
162500,0.054,0.788,0.158
163000,0.051,0.778,0.171
163500,0.050,0.783,0.167
164000,0.052,0.771,0.177
164500,0.054,0.760,0.186
165000,0.051,0.785,0.164
165500,0.050,0.819,0.131
166000,0.051,0.799,0.150
166500,0.050,0.825,0.125
167000,0.050,0.837,0.113
167500,0.050,0.838,0.112
168000,0.050,0.797,0.153
168500,0.052,0.787,0.161
169000,0.053,0.812,0.135
169500,0.054,0.801,0.145
170000,0.050,0.789,0.161
170500,0.050,0.781,0.169
171000,0.050,0.775,0.175
171500,0.050,0.777,0.173
172000,0.053,0.766,0.181
172500,0.054,0.730,0.216
173000,0.052,0.755,0.193
173500,0.058,0.743,0.199
174000,0.058,0.732,0.210
174500,0.055,0.708,0.237
175000,0.052,0.725,0.223
175500,0.051,0.716,0.233
176000,0.055,0.731,0.214
176500,0.055,0.761,0.184
177000,0.054,0.743,0.203
177500,0.051,0.783,0.166
178000,0.053,0.788,0.159
178500,0.055,0.794,0.151
179000,0.054,0.760,0.186
179500,0.051,0.802,0.147
180000,0.050,0.822,0.128
180500,0.050,0.795,0.155
181000,0.050,0.791,0.159
181500,0.050,0.775,0.175
182000,0.050,0.785,0.165
182500,0.056,0.787,0.157
183000,0.052,0.778,0.170
183500,0.051,0.803,0.146
184000,0.053,0.798,0.149
184500,0.050,0.804,0.146
185000,0.050,0.808,0.142
185500,0.050,0.770,0.180
186000,0.050,0.769,0.181
186500,0.054,0.757,0.189
187000,0.050,0.714,0.236
187500,0.050,0.729,0.221
188000,0.050,0.736,0.214
188500,0.050,0.738,0.212
189000,0.050,0.747,0.203
189500,0.051,0.775,0.174
190000,0.050,0.772,0.178
190500,0.054,0.760,0.186
191000,0.052,0.761,0.187
191500,0.050,0.771,0.179
192000,0.050,0.762,0.188
192500,0.050,0.779,0.171
193000,0.052,0.746,0.202
193500,0.052,0.784,0.164
194000,0.050,0.788,0.162
194500,0.050,0.816,0.134
195000,0.050,0.814,0.136
195500,0.050,0.828,0.122
196000,0.050,0.804,0.146
196500,0.050,0.801,0.149
197000,0.050,0.783,0.167
197500,0.050,0.762,0.188
198000,0.052,0.709,0.239
198500,0.051,0.713,0.236
199000,0.052,0.784,0.164
199500,0.050,0.753,0.197
200000,0.050,0.766,0.184
200500,0.050,0.789,0.161
201000,0.050,0.807,0.143
201500,0.053,0.796,0.151
202000,0.052,0.754,0.194
202500,0.053,0.764,0.183
203000,0.052,0.736,0.212
203500,0.051,0.749,0.200
204000,0.053,0.747,0.200
204500,0.051,0.751,0.198
205000,0.050,0.781,0.169
205500,0.051,0.778,0.171
206000,0.052,0.746,0.202
206500,0.051,0.721,0.228
207000,0.050,0.742,0.208
207500,0.050,0.765,0.185
208000,0.050,0.754,0.196
208500,0.050,0.746,0.204
209000,0.053,0.742,0.205
209500,0.053,0.751,0.196
210000,0.052,0.780,0.168
210500,0.050,0.787,0.163
211000,0.050,0.776,0.174
211500,0.050,0.797,0.153
212000,0.050,0.821,0.129
212500,0.050,0.762,0.188
213000,0.050,0.777,0.173
213500,0.050,0.783,0.167
214000,0.052,0.797,0.151
214500,0.050,0.787,0.163
215000,0.050,0.803,0.147
215500,0.051,0.806,0.143
216000,0.051,0.808,0.141
216500,0.050,0.803,0.147
217000,0.050,0.822,0.128
217500,0.050,0.827,0.123
218000,0.053,0.792,0.155
218500,0.050,0.768,0.182
219000,0.050,0.742,0.208
219500,0.054,0.763,0.183
220000,0.050,0.779,0.171
220500,0.052,0.729,0.219
221000,0.054,0.750,0.196
221500,0.051,0.785,0.164
222000,0.050,0.771,0.179
222500,0.050,0.760,0.190
223000,0.050,0.751,0.199
223500,0.050,0.753,0.197
224000,0.052,0.781,0.167
224500,0.051,0.784,0.165
225000,0.050,0.793,0.157
225500,0.052,0.794,0.154
226000,0.050,0.790,0.160
226500,0.050,0.796,0.154
227000,0.050,0.822,0.128
227500,0.050,0.851,0.099
228000,0.050,0.851,0.099
228500,0.050,0.849,0.101
229000,0.050,0.833,0.117
229500,0.050,0.826,0.124
230000,0.050,0.839,0.111
230500,0.050,0.843,0.107
231000,0.050,0.799,0.151
231500,0.050,0.775,0.175
232000,0.053,0.760,0.187
232500,0.050,0.780,0.170
233000,0.050,0.728,0.222
233500,0.053,0.720,0.227
234000,0.054,0.736,0.210
234500,0.052,0.785,0.163
235000,0.054,0.772,0.174
235500,0.052,0.787,0.161
236000,0.053,0.741,0.206
236500,0.050,0.760,0.190
237000,0.050,0.757,0.193
237500,0.050,0.783,0.167
238000,0.057,0.739,0.204
238500,0.053,0.770,0.177
239000,0.052,0.736,0.212
239500,0.053,0.731,0.216
240000,0.050,0.788,0.162
240500,0.053,0.763,0.184
241000,0.050,0.784,0.166
241500,0.053,0.812,0.135
242000,0.050,0.821,0.129
242500,0.052,0.787,0.161
243000,0.052,0.798,0.150
243500,0.050,0.790,0.160
244000,0.050,0.800,0.150
244500,0.050,0.774,0.176
245000,0.050,0.786,0.164
245500,0.050,0.748,0.202
246000,0.051,0.731,0.218
246500,0.051,0.725,0.224
247000,0.050,0.769,0.181
247500,0.050,0.766,0.184
248000,0.055,0.793,0.152
248500,0.053,0.773,0.174
249000,0.051,0.745,0.204
249500,0.056,0.753,0.191
250000,0.055,0.781,0.164
250500,0.054,0.785,0.161
251000,0.052,0.753,0.195
251500,0.054,0.767,0.179
252000,0.051,0.786,0.163
252500,0.050,0.831,0.119
253000,0.050,0.840,0.110
253500,0.050,0.811,0.139
254000,0.050,0.789,0.161
254500,0.050,0.776,0.174
255000,0.050,0.741,0.209
255500,0.052,0.733,0.215
256000,0.052,0.750,0.198
256500,0.051,0.750,0.199
257000,0.054,0.755,0.191
257500,0.053,0.748,0.199
258000,0.053,0.731,0.216
258500,0.054,0.733,0.213
259000,0.053,0.728,0.219
259500,0.051,0.754,0.195
260000,0.054,0.798,0.148
260500,0.050,0.764,0.186
261000,0.052,0.812,0.136
261500,0.054,0.771,0.175
262000,0.053,0.759,0.188
262500,0.051,0.745,0.204
263000,0.050,0.781,0.169
263500,0.053,0.777,0.170
264000,0.052,0.768,0.180
264500,0.051,0.770,0.179
265000,0.052,0.757,0.191
265500,0.050,0.764,0.186
266000,0.050,0.781,0.169
266500,0.053,0.786,0.161
267000,0.050,0.762,0.188
267500,0.050,0.780,0.170
268000,0.050,0.775,0.175
268500,0.053,0.794,0.153
269000,0.053,0.823,0.124
269500,0.050,0.792,0.158
270000,0.050,0.786,0.164
270500,0.054,0.742,0.204
271000,0.053,0.768,0.179
271500,0.051,0.797,0.152
272000,0.050,0.811,0.139
272500,0.050,0.795,0.155
273000,0.050,0.808,0.142
273500,0.050,0.821,0.129
274000,0.050,0.833,0.117
274500,0.050,0.790,0.160
275000,0.053,0.816,0.131
275500,0.051,0.745,0.204
276000,0.054,0.722,0.224
276500,0.058,0.743,0.199
277000,0.055,0.731,0.214
277500,0.055,0.743,0.202
278000,0.051,0.780,0.169
278500,0.050,0.760,0.190
279000,0.055,0.752,0.193
279500,0.051,0.732,0.217
280000,0.051,0.754,0.195
280500,0.051,0.767,0.182
281000,0.055,0.738,0.207
281500,0.051,0.722,0.227
282000,0.050,0.777,0.173
282500,0.050,0.785,0.165
283000,0.050,0.792,0.158
283500,0.055,0.792,0.153
284000,0.054,0.803,0.143
284500,0.051,0.762,0.187
285000,0.054,0.757,0.189
285500,0.050,0.766,0.184
286000,0.050,0.764,0.186
286500,0.050,0.756,0.194
287000,0.050,0.756,0.194
287500,0.050,0.779,0.171
288000,0.050,0.775,0.175
288500,0.050,0.784,0.166
289000,0.050,0.836,0.114
289500,0.050,0.831,0.119
290000,0.050,0.819,0.131
290500,0.050,0.805,0.145
291000,0.050,0.789,0.161
291500,0.050,0.800,0.150
292000,0.050,0.786,0.164
292500,0.051,0.776,0.173
293000,0.050,0.764,0.186
293500,0.050,0.765,0.185
294000,0.050,0.797,0.153
294500,0.050,0.780,0.170
295000,0.050,0.776,0.174
295500,0.050,0.785,0.165
296000,0.050,0.802,0.148
296500,0.056,0.797,0.147
297000,0.052,0.780,0.168
297500,0.052,0.779,0.169
298000,0.052,0.771,0.177
298500,0.055,0.767,0.178
299000,0.053,0.786,0.161
299500,0.051,0.788,0.161
300000,0.050,0.778,0.172
300500,0.052,0.795,0.153
301000,0.050,0.766,0.184
301500,0.051,0.754,0.195
302000,0.054,0.752,0.194
302500,0.050,0.757,0.193
303000,0.050,0.789,0.161
303500,0.050,0.778,0.172
304000,0.050,0.769,0.181
304500,0.051,0.794,0.155
305000,0.054,0.775,0.171
305500,0.052,0.792,0.156
306000,0.053,0.782,0.165
306500,0.051,0.793,0.156
307000,0.050,0.809,0.141
307500,0.050,0.794,0.156
308000,0.050,0.812,0.138
308500,0.051,0.798,0.151
309000,0.052,0.777,0.171
309500,0.050,0.780,0.170
310000,0.050,0.769,0.181
310500,0.050,0.796,0.154
311000,0.051,0.770,0.179
311500,0.051,0.779,0.170
312000,0.050,0.786,0.164
312500,0.051,0.748,0.201
313000,0.050,0.766,0.184
313500,0.050,0.767,0.183
314000,0.053,0.746,0.201
314500,0.051,0.743,0.206
315000,0.051,0.788,0.161
315500,0.050,0.783,0.167
316000,0.050,0.756,0.194
316500,0.050,0.783,0.167
317000,0.050,0.769,0.181
317500,0.050,0.755,0.195
318000,0.054,0.779,0.167
318500,0.052,0.763,0.185
319000,0.050,0.781,0.169
319500,0.050,0.780,0.170
320000,0.050,0.822,0.128
320500,0.051,0.798,0.151
321000,0.050,0.816,0.134
321500,0.050,0.796,0.154
322000,0.050,0.797,0.153
322500,0.050,0.807,0.143
323000,0.050,0.786,0.164
323500,0.050,0.763,0.187
324000,0.050,0.776,0.174
324500,0.051,0.806,0.143
325000,0.053,0.819,0.128
325500,0.051,0.821,0.128
326000,0.054,0.817,0.129
326500,0.051,0.817,0.132
327000,0.050,0.847,0.103
327500,0.050,0.809,0.141
328000,0.050,0.801,0.149
328500,0.050,0.806,0.144
329000,0.055,0.793,0.152
329500,0.056,0.769,0.175
330000,0.056,0.777,0.167
330500,0.052,0.823,0.125
331000,0.051,0.788,0.161
331500,0.050,0.788,0.162
332000,0.050,0.787,0.163
332500,0.050,0.771,0.179
333000,0.050,0.779,0.171
333500,0.050,0.778,0.172
334000,0.052,0.749,0.199
334500,0.055,0.765,0.180
335000,0.053,0.752,0.195
335500,0.051,0.774,0.175
336000,0.051,0.770,0.179
336500,0.057,0.781,0.162
337000,0.052,0.795,0.153
337500,0.051,0.833,0.116
338000,0.050,0.826,0.124
338500,0.050,0.822,0.128
339000,0.050,0.794,0.156
339500,0.050,0.798,0.152
340000,0.050,0.800,0.150
340500,0.052,0.810,0.138
341000,0.052,0.823,0.125
341500,0.050,0.805,0.145
342000,0.051,0.744,0.205
342500,0.050,0.747,0.203
343000,0.054,0.765,0.181
343500,0.050,0.761,0.189
344000,0.050,0.800,0.150
344500,0.050,0.793,0.157
345000,0.052,0.728,0.220
345500,0.051,0.762,0.187
346000,0.051,0.774,0.175
346500,0.051,0.791,0.158
347000,0.050,0.793,0.157
347500,0.050,0.757,0.193
348000,0.050,0.773,0.177
348500,0.050,0.781,0.169
349000,0.054,0.776,0.170
349500,0.053,0.803,0.144
350000,0.058,0.791,0.151
350500,0.056,0.771,0.173
351000,0.052,0.774,0.174
351500,0.050,0.804,0.146
352000,0.050,0.794,0.156
352500,0.050,0.779,0.171
353000,0.050,0.793,0.157
353500,0.050,0.801,0.149
354000,0.050,0.797,0.153
354500,0.051,0.797,0.152
355000,0.050,0.787,0.163
355500,0.055,0.785,0.160
356000,0.052,0.784,0.164
356500,0.051,0.774,0.175
357000,0.050,0.762,0.188
357500,0.050,0.766,0.184
358000,0.054,0.759,0.187
358500,0.052,0.737,0.211
359000,0.050,0.761,0.189
359500,0.052,0.757,0.191
360000,0.052,0.739,0.209
360500,0.053,0.718,0.229
361000,0.055,0.713,0.232
361500,0.050,0.723,0.227
362000,0.050,0.749,0.201
362500,0.050,0.811,0.139
363000,0.050,0.782,0.168
363500,0.056,0.773,0.171
364000,0.054,0.783,0.163
364500,0.051,0.758,0.191
365000,0.050,0.775,0.175
365500,0.052,0.809,0.139
366000,0.050,0.793,0.157
366500,0.050,0.803,0.147
367000,0.050,0.730,0.220
367500,0.052,0.756,0.192
368000,0.051,0.748,0.201
368500,0.050,0.765,0.185
369000,0.050,0.793,0.157
369500,0.053,0.794,0.153
370000,0.052,0.783,0.165
370500,0.051,0.794,0.155
371000,0.050,0.762,0.188
371500,0.056,0.771,0.173
372000,0.056,0.769,0.175
372500,0.054,0.760,0.186
373000,0.050,0.785,0.165
373500,0.052,0.798,0.150
374000,0.051,0.780,0.169
374500,0.054,0.754,0.192
375000,0.050,0.698,0.252
375500,0.053,0.705,0.242
376000,0.051,0.730,0.219
376500,0.055,0.736,0.209
377000,0.051,0.736,0.213
377500,0.051,0.746,0.203
378000,0.050,0.737,0.213
378500,0.050,0.767,0.183
379000,0.050,0.784,0.166
379500,0.050,0.788,0.162
380000,0.050,0.799,0.151
380500,0.050,0.804,0.146
381000,0.051,0.792,0.157
381500,0.052,0.782,0.166
382000,0.050,0.781,0.169
382500,0.053,0.765,0.182
383000,0.051,0.789,0.160
383500,0.050,0.763,0.187
384000,0.053,0.780,0.167
384500,0.060,0.749,0.191
385000,0.055,0.751,0.194
385500,0.055,0.748,0.197
386000,0.052,0.778,0.170
386500,0.053,0.785,0.162
387000,0.050,0.784,0.166
387500,0.052,0.775,0.173
388000,0.051,0.772,0.177
388500,0.050,0.784,0.166
389000,0.050,0.801,0.149
389500,0.050,0.778,0.172
390000,0.052,0.790,0.158
390500,0.050,0.729,0.221
391000,0.053,0.705,0.242
391500,0.053,0.756,0.191
392000,0.054,0.707,0.239
392500,0.055,0.715,0.230
393000,0.052,0.768,0.180
393500,0.050,0.780,0.170
394000,0.050,0.819,0.131
394500,0.050,0.792,0.158
395000,0.050,0.754,0.196
395500,0.051,0.722,0.227
396000,0.055,0.746,0.199
396500,0.051,0.737,0.212
397000,0.051,0.767,0.182
397500,0.050,0.786,0.164
398000,0.053,0.777,0.170
398500,0.051,0.787,0.162
399000,0.051,0.778,0.171
399500,0.051,0.795,0.154
400000,0.050,0.820,0.130
400500,0.050,0.837,0.113
401000,0.050,0.855,0.095
401500,0.050,0.839,0.111
402000,0.050,0.814,0.136
402500,0.050,0.842,0.108
403000,0.055,0.817,0.128
403500,0.050,0.816,0.134
404000,0.050,0.813,0.137
404500,0.050,0.801,0.149
405000,0.052,0.777,0.171
405500,0.053,0.795,0.152
406000,0.052,0.789,0.159
406500,0.051,0.768,0.181
407000,0.051,0.742,0.207
407500,0.050,0.713,0.237
408000,0.052,0.704,0.244
408500,0.051,0.724,0.225
409000,0.051,0.748,0.201
409500,0.054,0.772,0.174
410000,0.054,0.756,0.190
410500,0.050,0.787,0.163
411000,0.050,0.779,0.171
411500,0.050,0.826,0.124
412000,0.050,0.813,0.137
412500,0.050,0.789,0.161
413000,0.050,0.811,0.139
413500,0.050,0.816,0.134
414000,0.050,0.828,0.122
414500,0.050,0.827,0.123
415000,0.050,0.786,0.164
415500,0.050,0.804,0.146
416000,0.055,0.822,0.123
416500,0.051,0.826,0.123
417000,0.051,0.833,0.116
417500,0.050,0.807,0.143
418000,0.050,0.779,0.171
418500,0.050,0.762,0.188
419000,0.053,0.765,0.182
419500,0.053,0.727,0.220
420000,0.051,0.710,0.239
420500,0.055,0.718,0.227
421000,0.052,0.755,0.193
421500,0.053,0.741,0.206
422000,0.051,0.788,0.161
422500,0.051,0.809,0.140
423000,0.050,0.826,0.124
423500,0.054,0.801,0.145
424000,0.054,0.785,0.161
424500,0.050,0.767,0.183
425000,0.051,0.783,0.166
425500,0.053,0.799,0.148
426000,0.051,0.790,0.159
426500,0.051,0.767,0.182
427000,0.051,0.758,0.191
427500,0.050,0.763,0.187
428000,0.050,0.814,0.136
428500,0.051,0.814,0.135
429000,0.051,0.787,0.162
429500,0.053,0.805,0.142
430000,0.051,0.807,0.142
430500,0.052,0.795,0.153
431000,0.054,0.790,0.156
431500,0.052,0.795,0.153
432000,0.051,0.756,0.193
432500,0.050,0.753,0.197
433000,0.050,0.747,0.203
433500,0.050,0.787,0.163
434000,0.052,0.808,0.140
434500,0.050,0.781,0.169
435000,0.050,0.772,0.178
435500,0.050,0.781,0.169
436000,0.050,0.767,0.183
436500,0.050,0.762,0.188
437000,0.052,0.779,0.169
437500,0.051,0.787,0.162
438000,0.053,0.783,0.164
438500,0.050,0.785,0.165
439000,0.050,0.799,0.151
439500,0.050,0.794,0.156
440000,0.050,0.784,0.166
440500,0.050,0.766,0.184
441000,0.051,0.773,0.176
441500,0.051,0.752,0.197
442000,0.051,0.734,0.215
442500,0.050,0.796,0.154
443000,0.053,0.769,0.178
443500,0.056,0.773,0.171
444000,0.051,0.790,0.159
444500,0.053,0.729,0.218
445000,0.050,0.772,0.178
445500,0.050,0.792,0.158
446000,0.050,0.812,0.138
446500,0.050,0.819,0.131
447000,0.050,0.790,0.160
447500,0.050,0.759,0.191
448000,0.052,0.775,0.173
448500,0.052,0.753,0.195
449000,0.052,0.757,0.191
449500,0.051,0.762,0.187
450000,0.051,0.790,0.159
450500,0.051,0.760,0.189
451000,0.051,0.791,0.158
451500,0.051,0.817,0.132
452000,0.050,0.794,0.156
452500,0.050,0.782,0.168
453000,0.050,0.804,0.146
453500,0.054,0.788,0.158
454000,0.053,0.775,0.172
454500,0.054,0.767,0.179
455000,0.050,0.764,0.186
455500,0.052,0.732,0.216
456000,0.051,0.735,0.214
456500,0.053,0.729,0.218
457000,0.053,0.781,0.166
457500,0.051,0.757,0.192
458000,0.053,0.767,0.180
458500,0.052,0.763,0.185
459000,0.052,0.791,0.157
459500,0.051,0.778,0.171
460000,0.053,0.761,0.186
460500,0.050,0.761,0.189
461000,0.051,0.756,0.193
461500,0.056,0.780,0.164
462000,0.051,0.775,0.174
462500,0.051,0.779,0.170
463000,0.052,0.798,0.150
463500,0.050,0.781,0.169
464000,0.050,0.800,0.150
464500,0.050,0.761,0.189
465000,0.050,0.747,0.203
465500,0.050,0.794,0.156
466000,0.050,0.814,0.136
466500,0.050,0.841,0.109
467000,0.050,0.842,0.108
467500,0.050,0.848,0.102
468000,0.050,0.832,0.118
468500,0.050,0.830,0.120
469000,0.050,0.838,0.112
469500,0.050,0.804,0.146
470000,0.050,0.775,0.175
470500,0.050,0.787,0.163
471000,0.050,0.809,0.141
471500,0.050,0.752,0.198
472000,0.050,0.764,0.186
472500,0.050,0.774,0.176
473000,0.050,0.786,0.164
473500,0.050,0.793,0.157
474000,0.052,0.815,0.133
474500,0.051,0.801,0.148
475000,0.053,0.774,0.173
475500,0.054,0.779,0.167
476000,0.051,0.775,0.174
476500,0.052,0.772,0.176
477000,0.051,0.778,0.171
477500,0.050,0.759,0.191
478000,0.050,0.746,0.204
478500,0.055,0.766,0.179
479000,0.053,0.753,0.194
479500,0.054,0.803,0.143
480000,0.052,0.748,0.200
480500,0.056,0.742,0.202
481000,0.052,0.770,0.178
481500,0.051,0.784,0.165
482000,0.050,0.762,0.188
482500,0.050,0.768,0.182
483000,0.050,0.735,0.215
483500,0.053,0.743,0.204
484000,0.056,0.770,0.174
484500,0.051,0.795,0.154
485000,0.051,0.799,0.150
485500,0.050,0.826,0.124
486000,0.050,0.815,0.135
486500,0.052,0.819,0.129
487000,0.051,0.831,0.118
487500,0.050,0.829,0.121
488000,0.050,0.806,0.144
488500,0.051,0.784,0.165
489000,0.050,0.793,0.157
489500,0.050,0.792,0.158
490000,0.050,0.817,0.133
490500,0.050,0.838,0.112
491000,0.050,0.806,0.144
491500,0.050,0.820,0.130
492000,0.052,0.803,0.145
492500,0.055,0.800,0.145
493000,0.050,0.827,0.123
493500,0.051,0.808,0.141
494000,0.050,0.786,0.164
494500,0.050,0.785,0.165
495000,0.053,0.799,0.148
495500,0.052,0.769,0.179
496000,0.050,0.736,0.214
496500,0.050,0.748,0.202
497000,0.052,0.770,0.178
497500,0.051,0.793,0.156
498000,0.050,0.773,0.177
498500,0.050,0.787,0.163
499000,0.050,0.808,0.142
499500,0.050,0.798,0.152
500000,0.050,0.822,0.128
500500,0.050,0.814,0.136
501000,0.050,0.824,0.126
501500,0.050,0.823,0.127
502000,0.052,0.833,0.115
502500,0.051,0.825,0.124
503000,0.050,0.808,0.142
503500,0.050,0.759,0.191
504000,0.053,0.783,0.164
504500,0.053,0.782,0.165
505000,0.050,0.774,0.176
505500,0.053,0.776,0.171
506000,0.052,0.771,0.177
506500,0.054,0.753,0.193
507000,0.053,0.787,0.160
507500,0.050,0.769,0.181
508000,0.050,0.732,0.218
508500,0.052,0.743,0.205
509000,0.051,0.683,0.266
509500,0.053,0.683,0.264
510000,0.054,0.669,0.277
510500,0.053,0.714,0.233
511000,0.059,0.733,0.208
511500,0.057,0.738,0.205
512000,0.053,0.748,0.199
512500,0.050,0.776,0.174
513000,0.050,0.784,0.166
513500,0.050,0.782,0.168
514000,0.050,0.772,0.178
514500,0.050,0.750,0.200
515000,0.050,0.775,0.175
515500,0.050,0.763,0.187
516000,0.051,0.792,0.157
516500,0.051,0.817,0.132
517000,0.050,0.777,0.173
517500,0.050,0.822,0.128
518000,0.050,0.833,0.117
518500,0.050,0.793,0.157
519000,0.050,0.792,0.158
519500,0.052,0.780,0.168
520000,0.051,0.765,0.184
520500,0.055,0.773,0.172
521000,0.052,0.743,0.205
521500,0.050,0.761,0.189
522000,0.050,0.806,0.144
522500,0.050,0.772,0.178
523000,0.050,0.789,0.161
523500,0.052,0.772,0.176
524000,0.051,0.793,0.156
524500,0.050,0.810,0.140
525000,0.050,0.798,0.152
525500,0.050,0.783,0.167
526000,0.050,0.805,0.145
526500,0.050,0.804,0.146
527000,0.050,0.813,0.137
527500,0.050,0.801,0.149
528000,0.053,0.803,0.144
528500,0.051,0.801,0.148
529000,0.051,0.782,0.167
529500,0.055,0.758,0.187
530000,0.050,0.795,0.155
530500,0.050,0.835,0.115
531000,0.050,0.800,0.150
531500,0.050,0.789,0.161
532000,0.050,0.789,0.161
532500,0.050,0.820,0.130
533000,0.050,0.786,0.164
533500,0.050,0.787,0.163
534000,0.050,0.790,0.160
534500,0.050,0.804,0.146
535000,0.050,0.784,0.166
535500,0.050,0.798,0.152
536000,0.050,0.770,0.180
536500,0.055,0.774,0.171
537000,0.051,0.756,0.193
537500,0.051,0.786,0.163
538000,0.050,0.781,0.169
538500,0.050,0.777,0.173
539000,0.051,0.811,0.138
539500,0.051,0.826,0.123
540000,0.050,0.811,0.139
540500,0.050,0.801,0.149
541000,0.053,0.767,0.180
541500,0.051,0.736,0.213
542000,0.056,0.739,0.205
542500,0.052,0.791,0.157
543000,0.054,0.773,0.173
543500,0.054,0.764,0.182
544000,0.050,0.744,0.206
544500,0.055,0.756,0.189
545000,0.051,0.764,0.185
545500,0.050,0.756,0.194
546000,0.050,0.748,0.202
546500,0.050,0.759,0.191
547000,0.050,0.755,0.195
547500,0.051,0.775,0.174
548000,0.050,0.747,0.203
548500,0.050,0.754,0.196
549000,0.054,0.747,0.199
549500,0.054,0.743,0.203
550000,0.052,0.769,0.179
550500,0.050,0.774,0.176
551000,0.050,0.765,0.185
551500,0.050,0.810,0.140
552000,0.050,0.805,0.145
552500,0.050,0.800,0.150
553000,0.050,0.768,0.182
553500,0.050,0.742,0.208
554000,0.053,0.708,0.239
554500,0.061,0.701,0.238
555000,0.052,0.712,0.236
555500,0.051,0.710,0.239
556000,0.054,0.710,0.236
556500,0.054,0.742,0.204
557000,0.051,0.769,0.180
557500,0.050,0.730,0.220
558000,0.054,0.765,0.181
558500,0.051,0.785,0.164
559000,0.051,0.796,0.153
559500,0.051,0.811,0.138
560000,0.052,0.799,0.149
560500,0.051,0.773,0.176
561000,0.050,0.771,0.179
561500,0.050,0.780,0.170
562000,0.050,0.806,0.144
562500,0.050,0.798,0.152
563000,0.050,0.812,0.138
563500,0.050,0.796,0.154
564000,0.050,0.790,0.160
564500,0.050,0.775,0.175
565000,0.052,0.772,0.176
565500,0.054,0.768,0.178
566000,0.054,0.759,0.187
566500,0.051,0.760,0.189
567000,0.050,0.761,0.189
567500,0.052,0.773,0.175
568000,0.051,0.812,0.137
568500,0.050,0.784,0.166
569000,0.050,0.809,0.141
569500,0.050,0.806,0.144
570000,0.050,0.776,0.174
570500,0.050,0.765,0.185
571000,0.050,0.783,0.167
571500,0.050,0.811,0.139
572000,0.050,0.812,0.138
572500,0.050,0.809,0.141
573000,0.050,0.772,0.178
573500,0.052,0.781,0.167
574000,0.052,0.784,0.164
574500,0.050,0.793,0.157
575000,0.050,0.777,0.173
575500,0.052,0.748,0.200
576000,0.051,0.765,0.184
576500,0.051,0.758,0.191
577000,0.050,0.719,0.231
577500,0.052,0.665,0.283
578000,0.054,0.714,0.232
578500,0.052,0.735,0.213
579000,0.051,0.753,0.196
579500,0.054,0.772,0.174
580000,0.051,0.749,0.200
580500,0.050,0.771,0.179
581000,0.050,0.755,0.195
581500,0.054,0.754,0.192
582000,0.055,0.744,0.201
582500,0.055,0.735,0.210
583000,0.055,0.725,0.220
583500,0.051,0.753,0.196
584000,0.053,0.744,0.203
584500,0.053,0.750,0.197
585000,0.051,0.808,0.141
585500,0.052,0.788,0.160
586000,0.051,0.789,0.160
586500,0.050,0.787,0.163
587000,0.050,0.797,0.153
587500,0.050,0.778,0.172
588000,0.050,0.771,0.179
588500,0.054,0.759,0.187
589000,0.053,0.775,0.172
589500,0.051,0.776,0.173
590000,0.054,0.770,0.176
590500,0.053,0.784,0.163
591000,0.052,0.735,0.213
591500,0.051,0.747,0.202
592000,0.050,0.736,0.214
592500,0.053,0.760,0.187
593000,0.050,0.721,0.229
593500,0.050,0.737,0.213
594000,0.050,0.736,0.214
594500,0.053,0.733,0.214
595000,0.051,0.781,0.168
595500,0.050,0.792,0.158
596000,0.050,0.801,0.149
596500,0.052,0.803,0.145
597000,0.051,0.810,0.139
597500,0.051,0.788,0.161
598000,0.050,0.800,0.150
598500,0.050,0.812,0.138
599000,0.053,0.806,0.141
599500,0.051,0.769,0.180
600000,0.055,0.762,0.183
600500,0.051,0.792,0.157
601000,0.050,0.749,0.201
601500,0.050,0.760,0.190
602000,0.051,0.783,0.166
602500,0.051,0.734,0.215
603000,0.050,0.762,0.188
603500,0.056,0.781,0.163
604000,0.060,0.786,0.154
604500,0.054,0.794,0.152
605000,0.053,0.787,0.160
605500,0.050,0.819,0.131
606000,0.051,0.784,0.165
606500,0.053,0.776,0.171
607000,0.053,0.772,0.175
607500,0.051,0.787,0.162
608000,0.051,0.789,0.160
608500,0.058,0.770,0.172
609000,0.052,0.760,0.188
609500,0.051,0.787,0.162
610000,0.050,0.754,0.196
610500,0.050,0.782,0.168
611000,0.050,0.773,0.177
611500,0.050,0.767,0.183
612000,0.050,0.791,0.159
612500,0.050,0.729,0.221
613000,0.050,0.738,0.212
613500,0.050,0.788,0.162
614000,0.053,0.758,0.189
614500,0.050,0.760,0.190
615000,0.050,0.781,0.169
615500,0.050,0.781,0.169
616000,0.050,0.764,0.186
616500,0.050,0.839,0.111
617000,0.050,0.802,0.148
617500,0.051,0.805,0.144
618000,0.050,0.822,0.128
618500,0.050,0.768,0.182
619000,0.050,0.794,0.156
619500,0.050,0.812,0.138
620000,0.050,0.784,0.166
620500,0.054,0.776,0.170
621000,0.051,0.744,0.205
621500,0.054,0.786,0.160
622000,0.055,0.817,0.128
622500,0.052,0.816,0.132
623000,0.050,0.804,0.146
623500,0.050,0.810,0.140
624000,0.050,0.824,0.126
624500,0.050,0.817,0.133
625000,0.050,0.816,0.134
625500,0.050,0.821,0.129
626000,0.053,0.766,0.181
626500,0.052,0.764,0.184
627000,0.058,0.773,0.169
627500,0.052,0.772,0.176
628000,0.051,0.743,0.206
628500,0.051,0.776,0.173
629000,0.052,0.741,0.207
629500,0.052,0.748,0.200
630000,0.053,0.776,0.171
630500,0.050,0.785,0.165
631000,0.053,0.751,0.196
631500,0.052,0.753,0.195
632000,0.052,0.761,0.187
632500,0.051,0.787,0.162
633000,0.051,0.800,0.149
633500,0.051,0.798,0.151
634000,0.050,0.835,0.115
634500,0.052,0.840,0.108
635000,0.052,0.825,0.123
635500,0.050,0.795,0.155
636000,0.053,0.781,0.166
636500,0.053,0.781,0.166
637000,0.051,0.779,0.170
637500,0.051,0.801,0.148
638000,0.050,0.771,0.179
638500,0.050,0.764,0.186
639000,0.050,0.812,0.138
639500,0.050,0.808,0.142
640000,0.050,0.772,0.178
640500,0.053,0.790,0.157
641000,0.053,0.800,0.147
641500,0.051,0.793,0.156
642000,0.050,0.803,0.147
642500,0.050,0.797,0.153
643000,0.050,0.805,0.145
643500,0.054,0.772,0.174
644000,0.052,0.743,0.205
644500,0.050,0.749,0.201
645000,0.050,0.781,0.169
645500,0.050,0.807,0.143
646000,0.050,0.810,0.140
646500,0.050,0.797,0.153
647000,0.050,0.810,0.140
647500,0.050,0.822,0.128
648000,0.050,0.816,0.134
648500,0.050,0.813,0.137
649000,0.050,0.801,0.149
649500,0.051,0.796,0.153
650000,0.051,0.740,0.209
650500,0.050,0.747,0.203
651000,0.050,0.709,0.241
651500,0.050,0.770,0.180
652000,0.050,0.793,0.157
652500,0.051,0.770,0.179
653000,0.052,0.743,0.205
653500,0.053,0.751,0.196
654000,0.055,0.759,0.186
654500,0.053,0.735,0.212
655000,0.052,0.766,0.182
655500,0.051,0.783,0.166
656000,0.053,0.793,0.154
656500,0.051,0.750,0.199
657000,0.054,0.766,0.180
657500,0.051,0.769,0.180
658000,0.053,0.798,0.149
658500,0.051,0.799,0.150
659000,0.052,0.787,0.161
659500,0.050,0.783,0.167
660000,0.050,0.807,0.143
660500,0.052,0.822,0.126
661000,0.050,0.809,0.141
661500,0.050,0.789,0.161
662000,0.050,0.807,0.143
662500,0.052,0.815,0.133
663000,0.050,0.786,0.164
663500,0.050,0.806,0.144
664000,0.050,0.813,0.137
664500,0.050,0.811,0.139
665000,0.050,0.818,0.132
665500,0.050,0.853,0.097
666000,0.052,0.805,0.143
666500,0.050,0.797,0.153
667000,0.051,0.790,0.159
667500,0.050,0.776,0.174
668000,0.050,0.792,0.158
668500,0.051,0.782,0.167
669000,0.050,0.752,0.198
669500,0.052,0.735,0.213
670000,0.054,0.719,0.227
670500,0.051,0.743,0.206
671000,0.054,0.742,0.204
671500,0.051,0.720,0.229
672000,0.050,0.731,0.219
672500,0.050,0.716,0.234
673000,0.050,0.711,0.239
673500,0.050,0.766,0.184
674000,0.050,0.804,0.146
674500,0.050,0.796,0.154
675000,0.050,0.801,0.149
675500,0.054,0.756,0.190
676000,0.053,0.762,0.185
676500,0.053,0.776,0.171
677000,0.051,0.772,0.177
677500,0.051,0.794,0.155
678000,0.050,0.792,0.158
678500,0.050,0.775,0.175
679000,0.050,0.766,0.184
679500,0.050,0.744,0.206
680000,0.054,0.724,0.222
680500,0.051,0.765,0.184
681000,0.056,0.778,0.166
681500,0.051,0.796,0.153
682000,0.050,0.824,0.126
682500,0.050,0.787,0.163
683000,0.050,0.813,0.137
683500,0.050,0.781,0.169
684000,0.052,0.823,0.125
684500,0.050,0.833,0.117
685000,0.053,0.808,0.139
685500,0.051,0.814,0.135
686000,0.050,0.808,0.142
686500,0.050,0.791,0.159
687000,0.050,0.748,0.202
687500,0.050,0.774,0.176
688000,0.050,0.764,0.186
688500,0.053,0.755,0.192
689000,0.051,0.776,0.173
689500,0.052,0.794,0.154
690000,0.050,0.806,0.144
690500,0.056,0.786,0.158
691000,0.054,0.787,0.159
691500,0.051,0.788,0.161
692000,0.050,0.782,0.168
692500,0.050,0.771,0.179
693000,0.050,0.766,0.184
693500,0.050,0.759,0.191
694000,0.052,0.773,0.175
694500,0.050,0.779,0.171
695000,0.052,0.775,0.173
695500,0.050,0.757,0.193
696000,0.050,0.774,0.176
696500,0.050,0.790,0.160
697000,0.050,0.787,0.163
697500,0.050,0.767,0.183
698000,0.050,0.754,0.196
698500,0.050,0.741,0.209
699000,0.054,0.784,0.162
699500,0.051,0.789,0.160
700000,0.050,0.786,0.164
700500,0.050,0.785,0.165
701000,0.050,0.779,0.171
701500,0.050,0.800,0.150
702000,0.051,0.798,0.151
702500,0.052,0.794,0.154
703000,0.050,0.828,0.122
703500,0.053,0.822,0.125
704000,0.050,0.824,0.126
704500,0.050,0.808,0.142
705000,0.050,0.806,0.144
705500,0.050,0.763,0.187
706000,0.052,0.813,0.135
706500,0.050,0.785,0.165
707000,0.050,0.824,0.126
707500,0.050,0.803,0.147
708000,0.054,0.821,0.125
708500,0.052,0.826,0.122
709000,0.053,0.750,0.197
709500,0.052,0.796,0.152
710000,0.051,0.802,0.147
710500,0.050,0.808,0.142
711000,0.050,0.858,0.092
711500,0.050,0.850,0.100
712000,0.050,0.804,0.146
712500,0.050,0.794,0.156
713000,0.050,0.767,0.183
713500,0.051,0.769,0.180
714000,0.051,0.762,0.187
714500,0.051,0.758,0.191
715000,0.050,0.750,0.200
715500,0.051,0.768,0.181
716000,0.050,0.786,0.164
716500,0.050,0.787,0.163
717000,0.050,0.778,0.172
717500,0.052,0.811,0.137
718000,0.051,0.777,0.172
718500,0.051,0.761,0.188
719000,0.050,0.750,0.200
719500,0.054,0.785,0.161
720000,0.050,0.798,0.152
720500,0.050,0.792,0.158
721000,0.050,0.787,0.163
721500,0.050,0.786,0.164
722000,0.050,0.798,0.152
722500,0.051,0.808,0.141
723000,0.050,0.812,0.138
723500,0.053,0.794,0.153
724000,0.050,0.772,0.178
724500,0.054,0.747,0.199
725000,0.053,0.758,0.189
725500,0.051,0.821,0.128
726000,0.051,0.825,0.124
726500,0.050,0.796,0.154
727000,0.050,0.804,0.146
727500,0.050,0.790,0.160
728000,0.050,0.793,0.157
728500,0.050,0.793,0.157
729000,0.050,0.785,0.165
729500,0.050,0.780,0.170
730000,0.050,0.779,0.171
730500,0.053,0.795,0.152
731000,0.050,0.799,0.151
731500,0.050,0.792,0.158
732000,0.050,0.743,0.207
732500,0.053,0.726,0.221
733000,0.053,0.741,0.206
733500,0.054,0.760,0.186
734000,0.053,0.763,0.184
734500,0.051,0.771,0.178
735000,0.051,0.797,0.152
735500,0.050,0.781,0.169
736000,0.050,0.815,0.135
736500,0.052,0.807,0.141
737000,0.051,0.744,0.205
737500,0.051,0.769,0.180
738000,0.053,0.768,0.179
738500,0.056,0.717,0.227
739000,0.050,0.741,0.209
739500,0.050,0.735,0.215
740000,0.053,0.747,0.200
740500,0.050,0.794,0.156
741000,0.051,0.760,0.189
741500,0.050,0.755,0.195
742000,0.050,0.786,0.164
742500,0.050,0.797,0.153
743000,0.050,0.794,0.156
743500,0.050,0.789,0.161
744000,0.050,0.790,0.160
744500,0.050,0.815,0.135
745000,0.050,0.818,0.132
745500,0.050,0.808,0.142
746000,0.057,0.772,0.171
746500,0.051,0.754,0.195
747000,0.051,0.784,0.165
747500,0.050,0.791,0.159
748000,0.051,0.821,0.128
748500,0.050,0.815,0.135
749000,0.052,0.792,0.156
749500,0.051,0.797,0.152
750000,0.050,0.792,0.158
750500,0.050,0.777,0.173
751000,0.055,0.744,0.201
751500,0.051,0.733,0.216
752000,0.051,0.753,0.196
752500,0.050,0.759,0.191
753000,0.052,0.774,0.174
753500,0.050,0.783,0.167
754000,0.050,0.781,0.169
754500,0.050,0.772,0.178
755000,0.051,0.768,0.181
755500,0.050,0.800,0.150
756000,0.050,0.775,0.175
756500,0.054,0.802,0.144
757000,0.052,0.779,0.169
757500,0.051,0.751,0.198
758000,0.051,0.747,0.202
758500,0.053,0.744,0.203
759000,0.050,0.756,0.194
759500,0.050,0.776,0.174
760000,0.051,0.791,0.158
760500,0.053,0.802,0.145
761000,0.052,0.778,0.170
761500,0.051,0.780,0.169
762000,0.051,0.799,0.150
762500,0.051,0.785,0.164
763000,0.050,0.759,0.191
763500,0.051,0.731,0.218
764000,0.053,0.730,0.217
764500,0.050,0.743,0.207
765000,0.050,0.732,0.218
765500,0.050,0.755,0.195
766000,0.050,0.743,0.207
766500,0.051,0.714,0.235
767000,0.056,0.713,0.231
767500,0.051,0.704,0.245
768000,0.052,0.754,0.194
768500,0.050,0.768,0.182
769000,0.050,0.815,0.135
769500,0.050,0.831,0.119
770000,0.050,0.842,0.108
770500,0.050,0.803,0.147
771000,0.050,0.792,0.158
771500,0.050,0.753,0.197
772000,0.056,0.728,0.216
772500,0.052,0.753,0.195
773000,0.051,0.750,0.199
773500,0.050,0.763,0.187
774000,0.051,0.799,0.150
774500,0.050,0.758,0.192
775000,0.050,0.784,0.166
775500,0.050,0.797,0.153
776000,0.050,0.764,0.186
776500,0.050,0.786,0.164
777000,0.051,0.761,0.188
777500,0.051,0.762,0.187
778000,0.051,0.787,0.162
778500,0.050,0.781,0.169
779000,0.050,0.755,0.195
779500,0.050,0.755,0.195
780000,0.053,0.795,0.152
780500,0.050,0.795,0.155
781000,0.050,0.782,0.168
781500,0.051,0.764,0.185
782000,0.050,0.777,0.173
782500,0.050,0.810,0.140
783000,0.051,0.778,0.171
783500,0.051,0.788,0.161
784000,0.053,0.773,0.174
784500,0.051,0.757,0.192
785000,0.056,0.740,0.204
785500,0.052,0.758,0.190
786000,0.053,0.793,0.154
786500,0.053,0.781,0.166
787000,0.056,0.784,0.160
787500,0.052,0.775,0.173
788000,0.054,0.767,0.179
788500,0.052,0.749,0.199
789000,0.052,0.747,0.201
789500,0.051,0.764,0.185
790000,0.050,0.776,0.174
790500,0.053,0.754,0.193
791000,0.051,0.766,0.183
791500,0.057,0.777,0.166
792000,0.050,0.776,0.174
792500,0.050,0.771,0.179
793000,0.050,0.768,0.182
793500,0.050,0.800,0.150
794000,0.050,0.770,0.180
794500,0.051,0.774,0.175
795000,0.050,0.768,0.182
795500,0.050,0.768,0.182
796000,0.054,0.764,0.182
796500,0.055,0.716,0.229
797000,0.056,0.742,0.202
797500,0.052,0.740,0.208
798000,0.055,0.728,0.217
798500,0.054,0.771,0.175
799000,0.056,0.775,0.169
799500,0.052,0.758,0.190
800000,0.051,0.776,0.173
800500,0.050,0.724,0.226
801000,0.051,0.711,0.238
801500,0.053,0.714,0.233
802000,0.055,0.718,0.227
802500,0.054,0.755,0.191
803000,0.051,0.766,0.183
803500,0.050,0.760,0.190
804000,0.050,0.751,0.199
804500,0.051,0.773,0.176
805000,0.052,0.726,0.222
805500,0.054,0.726,0.220
806000,0.051,0.745,0.204
806500,0.052,0.784,0.164
807000,0.050,0.771,0.179
807500,0.050,0.778,0.172
808000,0.050,0.812,0.138
808500,0.050,0.813,0.137
809000,0.050,0.810,0.140
809500,0.051,0.820,0.129
810000,0.052,0.795,0.153
810500,0.052,0.810,0.138
811000,0.051,0.791,0.158
811500,0.052,0.798,0.150
812000,0.051,0.795,0.154
812500,0.050,0.807,0.143
813000,0.050,0.805,0.145
813500,0.050,0.802,0.148
814000,0.050,0.794,0.156
814500,0.050,0.793,0.157
815000,0.051,0.806,0.143
815500,0.052,0.764,0.184
816000,0.051,0.762,0.187
816500,0.050,0.744,0.206
817000,0.053,0.751,0.196
817500,0.052,0.762,0.186
818000,0.050,0.778,0.172
818500,0.052,0.714,0.234
819000,0.053,0.724,0.223
819500,0.054,0.716,0.230
820000,0.057,0.717,0.226
820500,0.053,0.736,0.211
821000,0.050,0.749,0.201
821500,0.050,0.791,0.159
822000,0.050,0.811,0.139
822500,0.050,0.815,0.135
823000,0.050,0.788,0.162
823500,0.050,0.790,0.160
824000,0.050,0.791,0.159
824500,0.051,0.757,0.192
825000,0.050,0.777,0.173
825500,0.050,0.775,0.175
826000,0.050,0.791,0.159
826500,0.051,0.781,0.168
827000,0.050,0.807,0.143
827500,0.050,0.773,0.177
828000,0.051,0.773,0.176
828500,0.055,0.745,0.200
829000,0.052,0.762,0.186
829500,0.050,0.788,0.162
830000,0.050,0.783,0.167
830500,0.052,0.774,0.174
831000,0.050,0.774,0.176
831500,0.050,0.779,0.171
832000,0.057,0.741,0.202
832500,0.053,0.760,0.187
833000,0.054,0.790,0.156
833500,0.052,0.757,0.191
834000,0.054,0.785,0.161
834500,0.051,0.754,0.195
835000,0.051,0.781,0.168
835500,0.050,0.768,0.182
836000,0.050,0.784,0.166
836500,0.050,0.788,0.162
837000,0.050,0.815,0.135
837500,0.050,0.821,0.129
838000,0.050,0.817,0.133
838500,0.052,0.785,0.163
839000,0.052,0.767,0.181
839500,0.050,0.763,0.187
840000,0.050,0.753,0.197
840500,0.050,0.793,0.157
841000,0.050,0.808,0.142
841500,0.050,0.798,0.152
842000,0.050,0.792,0.158
842500,0.050,0.794,0.156
843000,0.050,0.802,0.148
843500,0.050,0.789,0.161
844000,0.051,0.775,0.174
844500,0.053,0.768,0.179
845000,0.054,0.805,0.141
845500,0.054,0.755,0.191
846000,0.055,0.780,0.165
846500,0.052,0.746,0.202
847000,0.050,0.770,0.180
847500,0.050,0.739,0.211
848000,0.054,0.776,0.170
848500,0.054,0.733,0.213
849000,0.054,0.708,0.238
849500,0.053,0.701,0.246
850000,0.054,0.770,0.176
850500,0.050,0.759,0.191
851000,0.050,0.752,0.198
851500,0.050,0.773,0.177
852000,0.050,0.771,0.179
852500,0.051,0.779,0.170
853000,0.051,0.808,0.141
853500,0.050,0.780,0.170
854000,0.050,0.800,0.150
854500,0.056,0.808,0.136
855000,0.053,0.805,0.142
855500,0.053,0.782,0.165
856000,0.053,0.774,0.173
856500,0.052,0.756,0.192
857000,0.054,0.743,0.203
857500,0.050,0.779,0.171
858000,0.050,0.821,0.129
858500,0.051,0.842,0.107
859000,0.052,0.818,0.130
859500,0.052,0.863,0.085
860000,0.050,0.856,0.094
860500,0.054,0.823,0.123
861000,0.056,0.785,0.159
861500,0.053,0.795,0.152
862000,0.050,0.800,0.150
862500,0.050,0.782,0.168
863000,0.050,0.779,0.171
863500,0.050,0.808,0.142
864000,0.052,0.761,0.187
864500,0.050,0.763,0.187
865000,0.050,0.792,0.158
865500,0.050,0.764,0.186
866000,0.050,0.782,0.168
866500,0.050,0.791,0.159
867000,0.050,0.790,0.160
867500,0.050,0.774,0.176
868000,0.050,0.798,0.152
868500,0.050,0.759,0.191
869000,0.050,0.785,0.165
869500,0.050,0.754,0.196
870000,0.052,0.778,0.170
870500,0.054,0.759,0.187
871000,0.050,0.780,0.170
871500,0.050,0.755,0.195
872000,0.053,0.766,0.181
872500,0.053,0.797,0.150
873000,0.052,0.800,0.148
873500,0.053,0.792,0.155
874000,0.051,0.805,0.144
874500,0.050,0.780,0.170
875000,0.050,0.752,0.198
875500,0.050,0.771,0.179
876000,0.050,0.773,0.177
876500,0.053,0.784,0.163
877000,0.055,0.775,0.170
877500,0.053,0.776,0.171
878000,0.051,0.786,0.163
878500,0.052,0.786,0.162
879000,0.050,0.819,0.131
879500,0.050,0.815,0.135
880000,0.050,0.793,0.157
880500,0.050,0.768,0.182
881000,0.050,0.779,0.171
881500,0.050,0.794,0.156
882000,0.050,0.755,0.195
882500,0.053,0.744,0.203
883000,0.053,0.759,0.188
883500,0.052,0.740,0.208
884000,0.051,0.752,0.197
884500,0.050,0.775,0.175
885000,0.050,0.821,0.129
885500,0.050,0.831,0.119
886000,0.050,0.829,0.121
886500,0.050,0.831,0.119
887000,0.052,0.775,0.173
887500,0.051,0.754,0.195
888000,0.050,0.777,0.173
888500,0.050,0.801,0.149
889000,0.050,0.830,0.120
889500,0.050,0.851,0.099
890000,0.050,0.824,0.126
890500,0.050,0.834,0.116
891000,0.052,0.839,0.109
891500,0.053,0.826,0.121
892000,0.050,0.795,0.155
892500,0.050,0.818,0.132
893000,0.050,0.830,0.120
893500,0.050,0.806,0.144
894000,0.050,0.762,0.188
894500,0.050,0.771,0.179
895000,0.050,0.788,0.162
895500,0.052,0.777,0.171
896000,0.052,0.790,0.158
896500,0.051,0.794,0.155
897000,0.050,0.775,0.175
897500,0.054,0.756,0.190
898000,0.056,0.747,0.197
898500,0.055,0.770,0.175
899000,0.054,0.777,0.169
899500,0.052,0.782,0.166
900000,0.050,0.775,0.175
900500,0.052,0.797,0.151
901000,0.051,0.759,0.190
901500,0.052,0.761,0.187
902000,0.051,0.764,0.185
902500,0.050,0.819,0.131
903000,0.050,0.791,0.159
903500,0.052,0.796,0.152
904000,0.051,0.800,0.149
904500,0.052,0.792,0.156
905000,0.051,0.776,0.173
905500,0.050,0.802,0.148
906000,0.050,0.820,0.130
906500,0.050,0.801,0.149
907000,0.050,0.787,0.163
907500,0.050,0.816,0.134
908000,0.050,0.807,0.143
908500,0.050,0.803,0.147
909000,0.050,0.791,0.159
909500,0.050,0.799,0.151
910000,0.051,0.816,0.133
910500,0.050,0.785,0.165
911000,0.052,0.783,0.165
911500,0.052,0.791,0.157
912000,0.054,0.785,0.161
912500,0.050,0.793,0.157
913000,0.050,0.792,0.158
913500,0.050,0.787,0.163
914000,0.050,0.789,0.161
914500,0.050,0.770,0.180
915000,0.050,0.746,0.204
915500,0.052,0.767,0.181
916000,0.051,0.774,0.175
916500,0.050,0.751,0.199
917000,0.050,0.751,0.199
917500,0.050,0.777,0.173
918000,0.050,0.768,0.182
918500,0.050,0.779,0.171
919000,0.050,0.773,0.177
919500,0.050,0.747,0.203
920000,0.050,0.756,0.194
920500,0.050,0.771,0.179
921000,0.050,0.758,0.192
921500,0.050,0.767,0.183
922000,0.051,0.806,0.143
922500,0.054,0.772,0.174
923000,0.052,0.721,0.227
923500,0.054,0.729,0.217
924000,0.051,0.742,0.207
924500,0.051,0.781,0.168
925000,0.050,0.795,0.155
925500,0.054,0.810,0.136
926000,0.050,0.797,0.153
926500,0.052,0.809,0.139
927000,0.050,0.813,0.137
927500,0.050,0.809,0.141
928000,0.050,0.789,0.161
928500,0.050,0.809,0.141
929000,0.050,0.800,0.150
929500,0.050,0.772,0.178
930000,0.050,0.779,0.171
930500,0.050,0.806,0.144
931000,0.050,0.791,0.159
931500,0.050,0.782,0.168
932000,0.050,0.820,0.130
932500,0.052,0.785,0.163
933000,0.054,0.782,0.164
933500,0.050,0.775,0.175
934000,0.050,0.786,0.164
934500,0.050,0.816,0.134
935000,0.051,0.767,0.182
935500,0.054,0.785,0.161
936000,0.051,0.799,0.150
936500,0.054,0.798,0.148
937000,0.051,0.755,0.194
937500,0.053,0.767,0.180
938000,0.050,0.788,0.162
938500,0.050,0.784,0.166
939000,0.053,0.752,0.195
939500,0.051,0.804,0.145
940000,0.053,0.796,0.151
940500,0.050,0.803,0.147
941000,0.050,0.802,0.148
941500,0.050,0.780,0.170
942000,0.050,0.784,0.166
942500,0.050,0.784,0.166
943000,0.050,0.772,0.178
943500,0.050,0.760,0.190
944000,0.054,0.739,0.207
944500,0.050,0.769,0.181
945000,0.050,0.786,0.164
945500,0.050,0.785,0.165
946000,0.052,0.758,0.190
946500,0.052,0.742,0.206
947000,0.051,0.791,0.158
947500,0.050,0.758,0.192
948000,0.051,0.753,0.196
948500,0.050,0.766,0.184
949000,0.050,0.756,0.194
949500,0.050,0.790,0.160
950000,0.053,0.755,0.192
950500,0.051,0.792,0.157
951000,0.050,0.784,0.166
951500,0.050,0.798,0.152
952000,0.050,0.808,0.142
952500,0.050,0.808,0.142
953000,0.050,0.822,0.128
953500,0.050,0.788,0.162
954000,0.051,0.795,0.154
954500,0.050,0.800,0.150
955000,0.054,0.749,0.197
955500,0.057,0.724,0.219
956000,0.050,0.739,0.211
956500,0.050,0.736,0.214
957000,0.050,0.756,0.194
957500,0.050,0.756,0.194
958000,0.050,0.795,0.155
958500,0.050,0.785,0.165
959000,0.056,0.756,0.188
959500,0.054,0.771,0.175
960000,0.054,0.763,0.183
960500,0.056,0.771,0.173
961000,0.051,0.730,0.219
961500,0.050,0.733,0.217
962000,0.051,0.741,0.208
962500,0.050,0.752,0.198
963000,0.050,0.764,0.186
963500,0.053,0.748,0.199
964000,0.051,0.738,0.211
964500,0.050,0.751,0.199
965000,0.054,0.795,0.151
965500,0.052,0.779,0.169
966000,0.051,0.760,0.189
966500,0.052,0.784,0.164
967000,0.052,0.773,0.175
967500,0.051,0.783,0.166
968000,0.050,0.785,0.165
968500,0.054,0.788,0.158
969000,0.050,0.793,0.157
969500,0.050,0.804,0.146
970000,0.050,0.828,0.122
970500,0.050,0.805,0.145
971000,0.051,0.777,0.172
971500,0.050,0.777,0.173
972000,0.051,0.757,0.192
972500,0.050,0.748,0.202
973000,0.050,0.806,0.144
973500,0.050,0.793,0.157
974000,0.050,0.821,0.129
974500,0.050,0.814,0.136
975000,0.050,0.838,0.112
975500,0.052,0.824,0.124
976000,0.051,0.783,0.166
976500,0.053,0.806,0.141
977000,0.051,0.797,0.152
977500,0.054,0.787,0.159
978000,0.054,0.791,0.155
978500,0.051,0.785,0.164
979000,0.050,0.795,0.155
979500,0.050,0.828,0.122
980000,0.050,0.762,0.188
980500,0.053,0.737,0.210
981000,0.055,0.710,0.235
981500,0.052,0.730,0.218
982000,0.051,0.758,0.191
982500,0.050,0.750,0.200
983000,0.050,0.761,0.189
983500,0.050,0.786,0.164
984000,0.050,0.815,0.135
984500,0.050,0.833,0.117
985000,0.050,0.806,0.144
985500,0.051,0.784,0.165
986000,0.050,0.799,0.151
986500,0.050,0.806,0.144
987000,0.053,0.769,0.178
987500,0.050,0.776,0.174
988000,0.050,0.753,0.197
988500,0.050,0.766,0.184
989000,0.052,0.760,0.188
989500,0.050,0.741,0.209
990000,0.050,0.745,0.205
990500,0.050,0.731,0.219
991000,0.050,0.713,0.237
991500,0.050,0.742,0.208
992000,0.052,0.723,0.225
992500,0.051,0.763,0.186
993000,0.050,0.759,0.191
993500,0.052,0.755,0.193
994000,0.051,0.759,0.190
994500,0.050,0.797,0.153
995000,0.050,0.777,0.173
995500,0.053,0.750,0.197
996000,0.052,0.771,0.177
996500,0.050,0.753,0.197
997000,0.056,0.763,0.181
997500,0.060,0.770,0.170
998000,0.055,0.757,0.188
998500,0.052,0.761,0.187
999000,0.051,0.775,0.174
999500,0.051,0.801,0.148
1000000,0.051,0.779,0.170
