time,n_A+p,n_B,n_AB
500,0.050,0.766,0.184
1000,0.050,0.721,0.229
1500,0.050,0.722,0.228
2000,0.050,0.687,0.263
2500,0.050,0.563,0.387
3000,0.050,0.639,0.311
3500,0.050,0.590,0.360
4000,0.050,0.518,0.432
4500,0.050,0.575,0.375
5000,0.050,0.621,0.329
5500,0.050,0.614,0.336
6000,0.050,0.498,0.452
6500,0.050,0.551,0.399
7000,0.050,0.440,0.510
7500,0.050,0.532,0.418
8000,0.050,0.485,0.465
8500,0.050,0.548,0.402
9000,0.050,0.542,0.408
9500,0.050,0.550,0.400
10000,0.050,0.538,0.412
10500,0.050,0.562,0.388
11000,0.051,0.486,0.463
11500,0.050,0.464,0.486
12000,0.050,0.586,0.364
12500,0.050,0.571,0.379
13000,0.050,0.555,0.395
13500,0.050,0.522,0.428
14000,0.050,0.532,0.418
14500,0.050,0.558,0.392
15000,0.050,0.564,0.386
15500,0.050,0.426,0.524
16000,0.068,0.407,0.525
16500,0.050,0.531,0.419
17000,0.054,0.469,0.477
17500,0.050,0.527,0.423
18000,0.050,0.583,0.367
18500,0.050,0.560,0.390
19000,0.050,0.560,0.390
19500,0.050,0.558,0.392
20000,0.050,0.710,0.240
20500,0.050,0.581,0.369
21000,0.050,0.456,0.494
21500,0.050,0.544,0.406
22000,0.050,0.512,0.438
22500,0.050,0.533,0.417
23000,0.050,0.601,0.349
23500,0.050,0.602,0.348
24000,0.050,0.600,0.350
24500,0.050,0.605,0.345
25000,0.050,0.567,0.383
25500,0.050,0.601,0.349
26000,0.050,0.607,0.343
26500,0.050,0.604,0.346
27000,0.050,0.575,0.375
27500,0.050,0.635,0.315
28000,0.050,0.579,0.371
28500,0.050,0.476,0.474
29000,0.050,0.502,0.448
29500,0.050,0.547,0.403
30000,0.050,0.485,0.465
30500,0.050,0.464,0.486
31000,0.050,0.572,0.378
31500,0.050,0.555,0.395
32000,0.050,0.572,0.378
32500,0.050,0.527,0.423
33000,0.050,0.462,0.488
33500,0.052,0.551,0.397
34000,0.050,0.489,0.461
34500,0.050,0.604,0.346
35000,0.050,0.547,0.403
35500,0.050,0.564,0.386
36000,0.050,0.607,0.343
36500,0.050,0.568,0.382
37000,0.057,0.505,0.438
37500,0.051,0.520,0.429
38000,0.050,0.653,0.297
38500,0.050,0.570,0.380
39000,0.050,0.554,0.396
39500,0.050,0.557,0.393
40000,0.050,0.509,0.441
40500,0.050,0.539,0.411
41000,0.050,0.553,0.397
41500,0.050,0.580,0.370
42000,0.050,0.493,0.457
42500,0.050,0.517,0.433
43000,0.056,0.437,0.507
43500,0.050,0.509,0.441
44000,0.050,0.523,0.427
44500,0.050,0.511,0.439
45000,0.050,0.492,0.458
45500,0.060,0.465,0.475
46000,0.057,0.503,0.440
46500,0.050,0.520,0.430
47000,0.050,0.518,0.432
47500,0.050,0.576,0.374
48000,0.050,0.486,0.464
48500,0.050,0.482,0.468
49000,0.050,0.522,0.428
49500,0.050,0.534,0.416
50000,0.050,0.572,0.378
50500,0.050,0.680,0.270
51000,0.050,0.576,0.374
51500,0.050,0.519,0.431
52000,0.050,0.427,0.523
52500,0.050,0.492,0.458
53000,0.050,0.528,0.422
53500,0.050,0.411,0.539
54000,0.050,0.485,0.465
54500,0.050,0.491,0.459
55000,0.050,0.567,0.383
55500,0.050,0.475,0.475
56000,0.050,0.536,0.414
56500,0.050,0.576,0.374
57000,0.050,0.595,0.355
57500,0.050,0.459,0.491
58000,0.050,0.431,0.519
58500,0.050,0.466,0.484
59000,0.050,0.463,0.487
59500,0.050,0.484,0.466
60000,0.050,0.566,0.384
60500,0.050,0.527,0.423
61000,0.050,0.468,0.482
61500,0.050,0.490,0.460
62000,0.050,0.478,0.472
62500,0.050,0.523,0.427
63000,0.050,0.561,0.389
63500,0.050,0.580,0.370
64000,0.050,0.594,0.356
64500,0.050,0.561,0.389
65000,0.050,0.488,0.462
65500,0.050,0.511,0.439
66000,0.050,0.561,0.389
66500,0.050,0.582,0.368
67000,0.050,0.602,0.348
67500,0.050,0.417,0.533
68000,0.050,0.547,0.403
68500,0.050,0.511,0.439
69000,0.050,0.550,0.400
69500,0.050,0.554,0.396
70000,0.050,0.683,0.267
70500,0.050,0.536,0.414
71000,0.050,0.581,0.369
71500,0.050,0.542,0.408
72000,0.050,0.570,0.380
72500,0.050,0.672,0.278
73000,0.050,0.615,0.335
73500,0.050,0.632,0.318
74000,0.050,0.589,0.361
74500,0.050,0.571,0.379
75000,0.050,0.612,0.338
75500,0.050,0.575,0.375
76000,0.050,0.561,0.389
76500,0.054,0.514,0.432
77000,0.050,0.514,0.436
77500,0.050,0.546,0.404
78000,0.050,0.593,0.357
78500,0.050,0.485,0.465
79000,0.050,0.424,0.526
79500,0.050,0.529,0.421
80000,0.050,0.465,0.485
80500,0.050,0.557,0.393
81000,0.050,0.471,0.479
81500,0.050,0.562,0.388
82000,0.050,0.521,0.429
82500,0.050,0.516,0.434
83000,0.050,0.521,0.429
83500,0.050,0.402,0.548
84000,0.050,0.458,0.492
84500,0.050,0.472,0.478
85000,0.050,0.501,0.449
85500,0.050,0.584,0.366
86000,0.050,0.633,0.317
86500,0.050,0.580,0.370
87000,0.050,0.597,0.353
87500,0.050,0.622,0.328
88000,0.050,0.529,0.421
88500,0.050,0.576,0.374
89000,0.050,0.527,0.423
89500,0.050,0.656,0.294
90000,0.050,0.539,0.411
90500,0.050,0.587,0.363
91000,0.050,0.522,0.428
91500,0.050,0.491,0.459
92000,0.050,0.478,0.472
92500,0.050,0.441,0.509
93000,0.050,0.404,0.546
93500,0.050,0.447,0.503
94000,0.050,0.571,0.379
94500,0.050,0.589,0.361
95000,0.050,0.594,0.356
95500,0.050,0.626,0.324
96000,0.050,0.593,0.357
96500,0.050,0.569,0.381
97000,0.050,0.532,0.418
97500,0.050,0.569,0.381
98000,0.050,0.530,0.420
98500,0.050,0.494,0.456
99000,0.050,0.542,0.408
99500,0.050,0.653,0.297
100000,0.050,0.609,0.341
100500,0.050,0.577,0.373
101000,0.050,0.628,0.322
101500,0.050,0.605,0.345
102000,0.050,0.652,0.298
102500,0.050,0.510,0.440
103000,0.050,0.542,0.408
103500,0.050,0.496,0.454
104000,0.050,0.475,0.475
104500,0.050,0.525,0.425
105000,0.055,0.568,0.377
105500,0.050,0.583,0.367
106000,0.050,0.481,0.469
106500,0.050,0.436,0.514
107000,0.056,0.409,0.535
107500,0.059,0.395,0.546
108000,0.061,0.442,0.497
108500,0.050,0.544,0.406
109000,0.050,0.503,0.447
109500,0.050,0.446,0.504
110000,0.050,0.503,0.447
110500,0.050,0.566,0.384
111000,0.050,0.590,0.360
111500,0.050,0.532,0.418
112000,0.050,0.544,0.406
112500,0.057,0.509,0.434
113000,0.050,0.571,0.379
113500,0.059,0.518,0.423
114000,0.055,0.523,0.422
114500,0.050,0.467,0.483
115000,0.050,0.530,0.420
115500,0.050,0.533,0.417
116000,0.050,0.470,0.480
116500,0.050,0.431,0.519
117000,0.050,0.569,0.381
117500,0.050,0.515,0.435
118000,0.050,0.576,0.374
118500,0.050,0.524,0.426
119000,0.050,0.532,0.418
119500,0.050,0.528,0.422
120000,0.050,0.489,0.461
120500,0.050,0.442,0.508
121000,0.051,0.546,0.403
121500,0.051,0.472,0.477
122000,0.051,0.527,0.422
122500,0.050,0.632,0.318
123000,0.050,0.605,0.345
123500,0.050,0.465,0.485
124000,0.050,0.496,0.454
124500,0.050,0.516,0.434
125000,0.050,0.573,0.377
125500,0.050,0.597,0.353
126000,0.050,0.557,0.393
126500,0.050,0.660,0.290
127000,0.050,0.610,0.340
127500,0.050,0.649,0.301
128000,0.050,0.675,0.275
128500,0.050,0.558,0.392
129000,0.050,0.541,0.409
129500,0.050,0.551,0.399
130000,0.050,0.549,0.401
130500,0.050,0.621,0.329
131000,0.050,0.678,0.272
131500,0.050,0.589,0.361
132000,0.050,0.494,0.456
132500,0.050,0.481,0.469
133000,0.050,0.555,0.395
133500,0.050,0.558,0.392
134000,0.050,0.482,0.468
134500,0.050,0.474,0.476
135000,0.050,0.574,0.376
135500,0.050,0.570,0.380
136000,0.050,0.594,0.356
136500,0.050,0.578,0.372
137000,0.050,0.624,0.326
137500,0.050,0.646,0.304
138000,0.050,0.644,0.306
138500,0.050,0.576,0.374
139000,0.050,0.679,0.271
139500,0.050,0.611,0.339
140000,0.050,0.578,0.372
140500,0.050,0.582,0.368
141000,0.050,0.645,0.305
141500,0.050,0.597,0.353
142000,0.050,0.507,0.443
142500,0.050,0.585,0.365
143000,0.050,0.517,0.433
143500,0.050,0.562,0.388
144000,0.050,0.452,0.498
144500,0.050,0.523,0.427
145000,0.050,0.603,0.347
145500,0.050,0.517,0.433
146000,0.050,0.603,0.347
146500,0.050,0.641,0.309
147000,0.050,0.556,0.394
147500,0.050,0.532,0.418
148000,0.050,0.625,0.325
148500,0.050,0.549,0.401
149000,0.050,0.436,0.514
149500,0.050,0.465,0.485
150000,0.050,0.452,0.498
150500,0.050,0.587,0.363
151000,0.050,0.667,0.283
151500,0.050,0.560,0.390
152000,0.050,0.560,0.390
152500,0.050,0.525,0.425
153000,0.059,0.555,0.386
153500,0.050,0.524,0.426
154000,0.050,0.532,0.418
154500,0.050,0.557,0.393
155000,0.050,0.602,0.348
155500,0.050,0.576,0.374
156000,0.050,0.500,0.450
156500,0.050,0.491,0.459
157000,0.050,0.576,0.374
157500,0.050,0.601,0.349
158000,0.050,0.514,0.436
158500,0.050,0.593,0.357
159000,0.050,0.618,0.332
159500,0.050,0.679,0.271
160000,0.051,0.567,0.382
160500,0.050,0.518,0.432
161000,0.050,0.616,0.334
161500,0.050,0.510,0.440
162000,0.055,0.448,0.497
162500,0.050,0.414,0.536
163000,0.050,0.528,0.422
163500,0.050,0.584,0.366
164000,0.050,0.494,0.456
164500,0.050,0.456,0.494
165000,0.051,0.468,0.481
165500,0.050,0.524,0.426
166000,0.050,0.502,0.448
166500,0.050,0.521,0.429
167000,0.050,0.504,0.446
167500,0.050,0.473,0.477
168000,0.050,0.497,0.453
168500,0.050,0.447,0.503
169000,0.050,0.496,0.454
169500,0.050,0.553,0.397
170000,0.050,0.593,0.357
170500,0.050,0.565,0.385
171000,0.050,0.476,0.474
171500,0.050,0.559,0.391
172000,0.054,0.508,0.438
172500,0.050,0.569,0.381
173000,0.050,0.616,0.334
173500,0.050,0.462,0.488
174000,0.050,0.516,0.434
174500,0.050,0.468,0.482
175000,0.050,0.532,0.418
175500,0.050,0.486,0.464
176000,0.050,0.511,0.439
176500,0.050,0.524,0.426
177000,0.050,0.509,0.441
177500,0.050,0.489,0.461
178000,0.050,0.604,0.346
178500,0.050,0.572,0.378
179000,0.050,0.488,0.462
179500,0.050,0.519,0.431
180000,0.050,0.565,0.385
180500,0.050,0.546,0.404
181000,0.050,0.558,0.392
181500,0.050,0.591,0.359
182000,0.050,0.534,0.416
182500,0.050,0.547,0.403
183000,0.050,0.525,0.425
183500,0.050,0.551,0.399
184000,0.050,0.498,0.452
184500,0.050,0.490,0.460
185000,0.050,0.499,0.451
185500,0.050,0.489,0.461
186000,0.050,0.533,0.417
186500,0.050,0.552,0.398
187000,0.050,0.566,0.384
187500,0.050,0.658,0.292
188000,0.050,0.633,0.317
188500,0.050,0.639,0.311
189000,0.050,0.561,0.389
189500,0.050,0.587,0.363
190000,0.050,0.537,0.413
190500,0.050,0.652,0.298
191000,0.056,0.516,0.428
191500,0.051,0.535,0.414
192000,0.051,0.592,0.357
192500,0.050,0.597,0.353
193000,0.050,0.481,0.469
193500,0.050,0.481,0.469
194000,0.050,0.542,0.408
194500,0.050,0.580,0.370
195000,0.050,0.559,0.391
195500,0.053,0.532,0.415
196000,0.050,0.524,0.426
196500,0.050,0.479,0.471
197000,0.050,0.472,0.478
197500,0.050,0.618,0.332
198000,0.050,0.679,0.271
198500,0.050,0.638,0.312
199000,0.050,0.632,0.318
199500,0.050,0.494,0.456
200000,0.050,0.539,0.411
200500,0.058,0.476,0.466
201000,0.050,0.492,0.458
201500,0.050,0.512,0.438
202000,0.050,0.499,0.451
202500,0.050,0.577,0.373
203000,0.050,0.459,0.491
203500,0.050,0.523,0.427
204000,0.050,0.540,0.410
204500,0.050,0.493,0.457
205000,0.050,0.503,0.447
205500,0.050,0.527,0.423
206000,0.055,0.478,0.467
206500,0.050,0.532,0.418
207000,0.050,0.590,0.360
207500,0.050,0.517,0.433
208000,0.050,0.451,0.499
208500,0.052,0.443,0.505
209000,0.053,0.468,0.479
209500,0.050,0.503,0.447
210000,0.050,0.578,0.372
210500,0.050,0.585,0.365
211000,0.050,0.524,0.426
211500,0.050,0.505,0.445
212000,0.050,0.461,0.489
212500,0.050,0.542,0.408
213000,0.050,0.575,0.375
213500,0.050,0.429,0.521
214000,0.050,0.420,0.530
214500,0.050,0.557,0.393
215000,0.050,0.570,0.380
215500,0.050,0.623,0.327
216000,0.050,0.558,0.392
216500,0.050,0.481,0.469
217000,0.057,0.520,0.423
217500,0.050,0.575,0.375
218000,0.050,0.544,0.406
218500,0.050,0.440,0.510
219000,0.052,0.488,0.460
219500,0.050,0.459,0.491
220000,0.050,0.471,0.479
220500,0.050,0.573,0.377
221000,0.050,0.533,0.417
221500,0.050,0.431,0.519
222000,0.050,0.517,0.433
222500,0.050,0.520,0.430
223000,0.050,0.495,0.455
223500,0.050,0.572,0.378
224000,0.050,0.539,0.411
224500,0.050,0.495,0.455
225000,0.050,0.475,0.475
225500,0.050,0.497,0.453
226000,0.050,0.541,0.409
226500,0.050,0.560,0.390
227000,0.050,0.545,0.405
227500,0.050,0.549,0.401
228000,0.050,0.473,0.477
228500,0.050,0.391,0.559
229000,0.050,0.437,0.513
229500,0.050,0.551,0.399
230000,0.050,0.464,0.486
230500,0.050,0.559,0.391
231000,0.050,0.652,0.298
231500,0.050,0.565,0.385
232000,0.050,0.631,0.319
232500,0.050,0.588,0.362
233000,0.050,0.532,0.418
233500,0.050,0.540,0.410
234000,0.050,0.570,0.380
234500,0.050,0.491,0.459
235000,0.050,0.493,0.457
235500,0.050,0.566,0.384
236000,0.050,0.526,0.424
236500,0.050,0.587,0.363
237000,0.050,0.608,0.342
237500,0.050,0.485,0.465
238000,0.054,0.523,0.423
238500,0.050,0.498,0.452
239000,0.050,0.547,0.403
239500,0.050,0.541,0.409
240000,0.050,0.502,0.448
240500,0.050,0.495,0.455
241000,0.055,0.454,0.491
241500,0.050,0.539,0.411
242000,0.050,0.595,0.355
242500,0.050,0.589,0.361
243000,0.057,0.467,0.476
243500,0.050,0.487,0.463
244000,0.050,0.587,0.363
244500,0.050,0.517,0.433
245000,0.050,0.501,0.449
245500,0.050,0.454,0.496
246000,0.050,0.519,0.431
246500,0.055,0.417,0.528
247000,0.052,0.408,0.540
247500,0.050,0.503,0.447
248000,0.050,0.460,0.490
248500,0.050,0.517,0.433
249000,0.060,0.548,0.392
249500,0.050,0.478,0.472
250000,0.050,0.552,0.398
250500,0.050,0.594,0.356
251000,0.050,0.678,0.272
251500,0.050,0.647,0.303
252000,0.050,0.601,0.349
252500,0.050,0.631,0.319
253000,0.050,0.501,0.449
253500,0.050,0.522,0.428
254000,0.050,0.454,0.496
254500,0.050,0.458,0.492
255000,0.058,0.460,0.482
255500,0.050,0.500,0.450
256000,0.050,0.515,0.435
256500,0.050,0.603,0.347
257000,0.050,0.585,0.365
257500,0.050,0.608,0.342
258000,0.050,0.619,0.331
258500,0.056,0.587,0.357
259000,0.050,0.572,0.378
259500,0.050,0.513,0.437
260000,0.050,0.621,0.329
260500,0.050,0.528,0.422
261000,0.050,0.516,0.434
261500,0.050,0.576,0.374
262000,0.050,0.561,0.389
262500,0.050,0.462,0.488
263000,0.050,0.471,0.479
263500,0.050,0.449,0.501
264000,0.050,0.483,0.467
264500,0.050,0.545,0.405
265000,0.050,0.507,0.443
265500,0.050,0.547,0.403
266000,0.050,0.528,0.422
266500,0.060,0.564,0.376
267000,0.050,0.542,0.408
267500,0.050,0.485,0.465
268000,0.050,0.601,0.349
268500,0.050,0.566,0.384
269000,0.050,0.578,0.372
269500,0.050,0.615,0.335
270000,0.050,0.564,0.386
270500,0.050,0.648,0.302
271000,0.050,0.534,0.416
271500,0.050,0.542,0.408
272000,0.050,0.503,0.447
272500,0.050,0.521,0.429
273000,0.050,0.575,0.375
273500,0.050,0.584,0.366
274000,0.050,0.507,0.443
274500,0.050,0.576,0.374
275000,0.050,0.531,0.419
275500,0.050,0.595,0.355
276000,0.050,0.473,0.477
276500,0.050,0.467,0.483
277000,0.050,0.531,0.419
277500,0.050,0.532,0.418
278000,0.050,0.564,0.386
278500,0.050,0.504,0.446
279000,0.050,0.551,0.399
279500,0.050,0.543,0.407
280000,0.050,0.484,0.466
280500,0.050,0.558,0.392
281000,0.050,0.576,0.374
281500,0.055,0.463,0.482
282000,0.050,0.454,0.496
282500,0.054,0.548,0.398
283000,0.051,0.431,0.518
283500,0.050,0.495,0.455
284000,0.050,0.511,0.439
284500,0.050,0.557,0.393
285000,0.050,0.457,0.493
285500,0.050,0.611,0.339
286000,0.050,0.571,0.379
286500,0.050,0.541,0.409
287000,0.050,0.593,0.357
287500,0.050,0.589,0.361
288000,0.050,0.606,0.344
288500,0.050,0.602,0.348
289000,0.050,0.467,0.483
289500,0.050,0.584,0.366
290000,0.050,0.534,0.416
290500,0.050,0.586,0.364
291000,0.050,0.607,0.343
291500,0.052,0.493,0.455
292000,0.050,0.498,0.452
292500,0.050,0.520,0.430
293000,0.050,0.542,0.408
293500,0.050,0.542,0.408
294000,0.050,0.557,0.393
294500,0.050,0.623,0.327
295000,0.050,0.571,0.379
295500,0.050,0.532,0.418
296000,0.050,0.598,0.352
296500,0.050,0.544,0.406
297000,0.050,0.568,0.382
297500,0.050,0.558,0.392
298000,0.050,0.505,0.445
298500,0.050,0.495,0.455
299000,0.050,0.506,0.444
299500,0.050,0.593,0.357
300000,0.050,0.558,0.392
300500,0.050,0.495,0.455
301000,0.050,0.482,0.468
301500,0.050,0.504,0.446
302000,0.050,0.557,0.393
302500,0.050,0.536,0.414
303000,0.050,0.589,0.361
303500,0.050,0.591,0.359
304000,0.050,0.521,0.429
304500,0.050,0.489,0.461
305000,0.052,0.464,0.484
305500,0.050,0.489,0.461
306000,0.057,0.464,0.479
306500,0.050,0.658,0.292
307000,0.050,0.555,0.395
307500,0.050,0.511,0.439
308000,0.050,0.601,0.349
308500,0.055,0.536,0.409
309000,0.051,0.516,0.433
309500,0.050,0.585,0.365
310000,0.050,0.632,0.318
310500,0.050,0.569,0.381
311000,0.050,0.547,0.403
311500,0.050,0.517,0.433
312000,0.050,0.563,0.387
312500,0.050,0.538,0.412
313000,0.050,0.594,0.356
313500,0.050,0.508,0.442
314000,0.050,0.530,0.420
314500,0.050,0.510,0.440
315000,0.050,0.489,0.461
315500,0.050,0.630,0.320
316000,0.050,0.635,0.315
316500,0.050,0.581,0.369
317000,0.050,0.651,0.299
317500,0.050,0.505,0.445
318000,0.050,0.432,0.518
318500,0.050,0.548,0.402
319000,0.050,0.540,0.410
319500,0.050,0.611,0.339
320000,0.050,0.543,0.407
320500,0.050,0.475,0.475
321000,0.050,0.553,0.397
321500,0.050,0.488,0.462
322000,0.050,0.550,0.400
322500,0.050,0.553,0.397
323000,0.053,0.567,0.380
323500,0.050,0.541,0.409
324000,0.050,0.559,0.391
324500,0.050,0.483,0.467
325000,0.050,0.560,0.390
325500,0.050,0.606,0.344
326000,0.050,0.522,0.428
326500,0.050,0.513,0.437
327000,0.050,0.557,0.393
327500,0.050,0.546,0.404
328000,0.050,0.493,0.457
328500,0.050,0.438,0.512
329000,0.050,0.457,0.493
329500,0.050,0.563,0.387
330000,0.050,0.539,0.411
330500,0.050,0.522,0.428
331000,0.050,0.558,0.392
331500,0.050,0.562,0.388
332000,0.050,0.430,0.520
332500,0.050,0.489,0.461
333000,0.050,0.633,0.317
333500,0.050,0.529,0.421
334000,0.050,0.477,0.473
334500,0.050,0.420,0.530
335000,0.050,0.511,0.439
335500,0.050,0.598,0.352
336000,0.050,0.536,0.414
336500,0.050,0.537,0.413
337000,0.050,0.641,0.309
337500,0.050,0.552,0.398
338000,0.050,0.509,0.441
338500,0.050,0.567,0.383
339000,0.050,0.524,0.426
339500,0.050,0.443,0.507
340000,0.055,0.476,0.469
340500,0.057,0.421,0.522
341000,0.051,0.457,0.492
341500,0.050,0.506,0.444
342000,0.050,0.555,0.395
342500,0.050,0.533,0.417
343000,0.050,0.506,0.444
343500,0.050,0.487,0.463
344000,0.050,0.602,0.348
344500,0.050,0.507,0.443
345000,0.050,0.591,0.359
345500,0.050,0.526,0.424
346000,0.050,0.534,0.416
346500,0.050,0.607,0.343
347000,0.050,0.581,0.369
347500,0.050,0.474,0.476
348000,0.050,0.547,0.403
348500,0.050,0.540,0.410
349000,0.050,0.527,0.423
349500,0.052,0.387,0.561
350000,0.051,0.584,0.365
350500,0.050,0.649,0.301
351000,0.050,0.519,0.431
351500,0.050,0.520,0.430
352000,0.050,0.507,0.443
352500,0.050,0.491,0.459
353000,0.052,0.413,0.535
353500,0.051,0.516,0.433
354000,0.050,0.580,0.370
354500,0.050,0.544,0.406
355000,0.050,0.536,0.414
355500,0.058,0.506,0.436
356000,0.052,0.581,0.367
356500,0.051,0.605,0.344
357000,0.050,0.542,0.408
357500,0.050,0.555,0.395
358000,0.050,0.547,0.403
358500,0.050,0.617,0.333
359000,0.050,0.631,0.319
359500,0.050,0.562,0.388
360000,0.050,0.622,0.328
360500,0.050,0.572,0.378
361000,0.050,0.495,0.455
361500,0.051,0.570,0.379
362000,0.050,0.517,0.433
362500,0.050,0.526,0.424
363000,0.050,0.556,0.394
363500,0.050,0.529,0.421
364000,0.050,0.527,0.423
364500,0.050,0.579,0.371
365000,0.050,0.540,0.410
365500,0.050,0.598,0.352
366000,0.050,0.608,0.342
366500,0.050,0.555,0.395
367000,0.050,0.598,0.352
367500,0.050,0.517,0.433
368000,0.054,0.446,0.500
368500,0.050,0.508,0.442
369000,0.054,0.482,0.464
369500,0.054,0.510,0.436
370000,0.050,0.498,0.452
370500,0.050,0.446,0.504
371000,0.050,0.444,0.506
371500,0.051,0.447,0.502
372000,0.050,0.512,0.438
372500,0.050,0.515,0.435
373000,0.050,0.504,0.446
373500,0.050,0.542,0.408
374000,0.050,0.504,0.446
374500,0.051,0.488,0.461
375000,0.050,0.566,0.384
375500,0.050,0.479,0.471
376000,0.050,0.396,0.554
376500,0.050,0.452,0.498
377000,0.050,0.550,0.400
377500,0.050,0.584,0.366
378000,0.050,0.528,0.422
378500,0.050,0.616,0.334
379000,0.050,0.607,0.343
379500,0.054,0.537,0.409
380000,0.053,0.523,0.424
380500,0.050,0.569,0.381
381000,0.050,0.581,0.369
381500,0.050,0.548,0.402
382000,0.050,0.568,0.382
382500,0.050,0.512,0.438
383000,0.054,0.504,0.442
383500,0.050,0.484,0.466
384000,0.050,0.565,0.385
384500,0.050,0.648,0.302
385000,0.050,0.620,0.330
385500,0.050,0.498,0.452
386000,0.050,0.447,0.503
386500,0.050,0.515,0.435
387000,0.050,0.611,0.339
387500,0.050,0.624,0.326
388000,0.050,0.547,0.403
388500,0.050,0.500,0.450
389000,0.051,0.518,0.431
389500,0.050,0.539,0.411
390000,0.050,0.582,0.368
390500,0.050,0.504,0.446
391000,0.050,0.587,0.363
391500,0.050,0.603,0.347
392000,0.050,0.644,0.306
392500,0.050,0.514,0.436
393000,0.057,0.517,0.426
393500,0.051,0.543,0.406
394000,0.053,0.532,0.415
394500,0.050,0.535,0.415
395000,0.050,0.626,0.324
395500,0.050,0.612,0.338
396000,0.050,0.529,0.421
396500,0.050,0.585,0.365
397000,0.050,0.598,0.352
397500,0.050,0.580,0.370
398000,0.050,0.547,0.403
398500,0.050,0.487,0.463
399000,0.050,0.522,0.428
399500,0.050,0.605,0.345
400000,0.050,0.493,0.457
400500,0.050,0.553,0.397
401000,0.052,0.594,0.354
401500,0.050,0.512,0.438
402000,0.050,0.440,0.510
402500,0.050,0.513,0.437
403000,0.050,0.546,0.404
403500,0.050,0.538,0.412
404000,0.050,0.479,0.471
404500,0.050,0.522,0.428
405000,0.050,0.491,0.459
405500,0.050,0.529,0.421
406000,0.050,0.543,0.407
406500,0.050,0.523,0.427
407000,0.050,0.535,0.415
407500,0.050,0.493,0.457
408000,0.050,0.536,0.414
408500,0.050,0.554,0.396
409000,0.050,0.640,0.310
409500,0.050,0.558,0.392
410000,0.050,0.574,0.376
410500,0.050,0.423,0.527
411000,0.050,0.558,0.392
411500,0.050,0.534,0.416
412000,0.050,0.526,0.424
412500,0.050,0.541,0.409
413000,0.050,0.576,0.374
413500,0.050,0.595,0.355
414000,0.050,0.532,0.418
414500,0.050,0.476,0.474
415000,0.050,0.587,0.363
415500,0.050,0.604,0.346
416000,0.050,0.605,0.345
416500,0.050,0.567,0.383
417000,0.050,0.584,0.366
417500,0.050,0.574,0.376
418000,0.050,0.492,0.458
418500,0.050,0.459,0.491
419000,0.053,0.480,0.467
419500,0.050,0.473,0.477
420000,0.050,0.529,0.421
420500,0.050,0.535,0.415
421000,0.050,0.517,0.433
421500,0.050,0.462,0.488
422000,0.050,0.476,0.474
422500,0.050,0.505,0.445
423000,0.050,0.532,0.418
423500,0.050,0.522,0.428
424000,0.050,0.638,0.312
424500,0.050,0.605,0.345
425000,0.050,0.573,0.377
425500,0.050,0.535,0.415
426000,0.050,0.475,0.475
426500,0.050,0.474,0.476
427000,0.050,0.555,0.395
427500,0.050,0.474,0.476
428000,0.050,0.567,0.383
428500,0.050,0.628,0.322
429000,0.050,0.623,0.327
429500,0.050,0.602,0.348
430000,0.050,0.570,0.380
430500,0.050,0.576,0.374
431000,0.050,0.597,0.353
431500,0.050,0.464,0.486
432000,0.050,0.555,0.395
432500,0.050,0.579,0.371
433000,0.050,0.424,0.526
433500,0.050,0.463,0.487
434000,0.050,0.496,0.454
434500,0.050,0.492,0.458
435000,0.050,0.607,0.343
435500,0.050,0.594,0.356
436000,0.050,0.523,0.427
436500,0.050,0.502,0.448
437000,0.050,0.465,0.485
437500,0.052,0.449,0.499
438000,0.050,0.632,0.318
438500,0.050,0.606,0.344
439000,0.050,0.550,0.400
439500,0.050,0.478,0.472
440000,0.050,0.547,0.403
440500,0.050,0.555,0.395
441000,0.050,0.553,0.397
441500,0.050,0.579,0.371
442000,0.050,0.500,0.450
442500,0.050,0.535,0.415
443000,0.050,0.523,0.427
443500,0.050,0.528,0.422
444000,0.050,0.566,0.384
444500,0.050,0.561,0.389
445000,0.050,0.546,0.404
445500,0.050,0.569,0.381
446000,0.050,0.603,0.347
446500,0.050,0.605,0.345
447000,0.050,0.654,0.296
447500,0.050,0.552,0.398
448000,0.050,0.606,0.344
448500,0.050,0.597,0.353
449000,0.050,0.540,0.410
449500,0.050,0.627,0.323
450000,0.050,0.547,0.403
450500,0.050,0.565,0.385
451000,0.050,0.517,0.433
451500,0.050,0.586,0.364
452000,0.050,0.580,0.370
452500,0.050,0.524,0.426
453000,0.050,0.558,0.392
453500,0.050,0.589,0.361
454000,0.050,0.584,0.366
454500,0.050,0.582,0.368
455000,0.050,0.566,0.384
455500,0.050,0.546,0.404
456000,0.050,0.516,0.434
456500,0.050,0.550,0.400
457000,0.050,0.544,0.406
457500,0.050,0.539,0.411
458000,0.050,0.464,0.486
458500,0.050,0.523,0.427
459000,0.050,0.572,0.378
459500,0.050,0.544,0.406
460000,0.057,0.442,0.501
460500,0.057,0.429,0.514
461000,0.050,0.638,0.312
461500,0.050,0.625,0.325
462000,0.050,0.609,0.341
462500,0.050,0.588,0.362
463000,0.050,0.596,0.354
463500,0.050,0.554,0.396
464000,0.050,0.575,0.375
464500,0.050,0.525,0.425
465000,0.054,0.516,0.430
465500,0.058,0.464,0.478
466000,0.050,0.464,0.486
466500,0.051,0.472,0.477
467000,0.050,0.593,0.357
467500,0.050,0.561,0.389
468000,0.050,0.597,0.353
468500,0.050,0.579,0.371
469000,0.050,0.493,0.457
469500,0.050,0.473,0.477
470000,0.050,0.477,0.473
470500,0.051,0.518,0.431
471000,0.050,0.419,0.531
471500,0.050,0.501,0.449
472000,0.050,0.536,0.414
472500,0.050,0.511,0.439
473000,0.050,0.544,0.406
473500,0.050,0.511,0.439
474000,0.050,0.478,0.472
474500,0.050,0.452,0.498
475000,0.050,0.512,0.438
475500,0.050,0.444,0.506
476000,0.051,0.555,0.394
476500,0.050,0.461,0.489
477000,0.050,0.598,0.352
477500,0.050,0.570,0.380
478000,0.056,0.474,0.470
478500,0.050,0.499,0.451
479000,0.050,0.505,0.445
479500,0.050,0.564,0.386
480000,0.050,0.578,0.372
480500,0.050,0.622,0.328
481000,0.050,0.553,0.397
481500,0.050,0.464,0.486
482000,0.050,0.570,0.380
482500,0.050,0.597,0.353
483000,0.050,0.653,0.297
483500,0.055,0.468,0.477
484000,0.050,0.474,0.476
484500,0.050,0.475,0.475
485000,0.050,0.474,0.476
485500,0.057,0.435,0.508
486000,0.050,0.543,0.407
486500,0.050,0.458,0.492
487000,0.050,0.521,0.429
487500,0.050,0.580,0.370
488000,0.050,0.643,0.307
488500,0.051,0.576,0.373
489000,0.051,0.506,0.443
489500,0.050,0.552,0.398
490000,0.050,0.506,0.444
490500,0.050,0.564,0.386
491000,0.050,0.547,0.403
491500,0.050,0.490,0.460
492000,0.050,0.472,0.478
492500,0.050,0.461,0.489
493000,0.053,0.494,0.453
493500,0.050,0.588,0.362
494000,0.050,0.549,0.401
494500,0.050,0.559,0.391
495000,0.050,0.564,0.386
495500,0.050,0.553,0.397
496000,0.050,0.599,0.351
496500,0.050,0.562,0.388
497000,0.050,0.581,0.369
497500,0.056,0.464,0.480
498000,0.050,0.496,0.454
498500,0.050,0.537,0.413
499000,0.053,0.513,0.434
499500,0.050,0.595,0.355
500000,0.050,0.522,0.428
500500,0.050,0.544,0.406
501000,0.050,0.415,0.535
501500,0.057,0.449,0.494
502000,0.050,0.555,0.395
502500,0.050,0.583,0.367
503000,0.050,0.627,0.323
503500,0.050,0.638,0.312
504000,0.050,0.513,0.437
504500,0.050,0.555,0.395
505000,0.050,0.644,0.306
505500,0.051,0.477,0.472
506000,0.050,0.542,0.408
506500,0.050,0.528,0.422
507000,0.050,0.501,0.449
507500,0.050,0.531,0.419
508000,0.050,0.543,0.407
508500,0.050,0.494,0.456
509000,0.050,0.567,0.383
509500,0.050,0.546,0.404
510000,0.050,0.556,0.394
510500,0.050,0.539,0.411
511000,0.050,0.538,0.412
511500,0.050,0.500,0.450
512000,0.050,0.482,0.468
512500,0.050,0.470,0.480
513000,0.050,0.485,0.465
513500,0.050,0.504,0.446
514000,0.050,0.483,0.467
514500,0.050,0.446,0.504
515000,0.050,0.425,0.525
515500,0.050,0.463,0.487
516000,0.050,0.558,0.392
516500,0.050,0.563,0.387
517000,0.050,0.597,0.353
517500,0.050,0.602,0.348
518000,0.050,0.620,0.330
518500,0.050,0.599,0.351
519000,0.050,0.525,0.425
519500,0.050,0.536,0.414
520000,0.050,0.521,0.429
520500,0.050,0.490,0.460
521000,0.050,0.507,0.443
521500,0.050,0.615,0.335
522000,0.050,0.619,0.331
522500,0.050,0.645,0.305
523000,0.050,0.567,0.383
523500,0.050,0.569,0.381
524000,0.050,0.595,0.355
524500,0.050,0.475,0.475
525000,0.050,0.472,0.478
525500,0.058,0.435,0.507
526000,0.050,0.459,0.491
526500,0.050,0.452,0.498
527000,0.050,0.606,0.344
527500,0.050,0.555,0.395
528000,0.054,0.479,0.467
528500,0.053,0.474,0.473
529000,0.050,0.464,0.486
529500,0.050,0.483,0.467
530000,0.050,0.512,0.438
530500,0.050,0.523,0.427
531000,0.050,0.518,0.432
531500,0.050,0.566,0.384
532000,0.050,0.645,0.305
532500,0.050,0.655,0.295
533000,0.050,0.590,0.360
533500,0.050,0.551,0.399
534000,0.050,0.536,0.414
534500,0.050,0.476,0.474
535000,0.050,0.563,0.387
535500,0.050,0.540,0.410
536000,0.050,0.608,0.342
536500,0.050,0.518,0.432
537000,0.050,0.519,0.431
537500,0.054,0.417,0.529
538000,0.050,0.532,0.418
538500,0.050,0.543,0.407
539000,0.050,0.522,0.428
539500,0.050,0.522,0.428
540000,0.050,0.545,0.405
540500,0.050,0.546,0.404
541000,0.050,0.489,0.461
541500,0.050,0.477,0.473
542000,0.050,0.492,0.458
542500,0.050,0.463,0.487
543000,0.050,0.452,0.498
543500,0.050,0.499,0.451
544000,0.050,0.558,0.392
544500,0.050,0.528,0.422
545000,0.050,0.511,0.439
545500,0.050,0.449,0.501
546000,0.050,0.563,0.387
546500,0.050,0.558,0.392
547000,0.050,0.551,0.399
547500,0.050,0.479,0.471
548000,0.050,0.542,0.408
548500,0.050,0.558,0.392
549000,0.050,0.564,0.386
549500,0.050,0.560,0.390
550000,0.050,0.611,0.339
550500,0.050,0.518,0.432
551000,0.050,0.487,0.463
551500,0.050,0.453,0.497
552000,0.051,0.494,0.455
552500,0.050,0.535,0.415
553000,0.050,0.555,0.395
553500,0.050,0.481,0.469
554000,0.050,0.525,0.425
554500,0.050,0.485,0.465
555000,0.050,0.465,0.485
555500,0.050,0.475,0.475
556000,0.050,0.534,0.416
556500,0.050,0.554,0.396
557000,0.050,0.583,0.367
557500,0.050,0.545,0.405
558000,0.050,0.499,0.451
558500,0.050,0.595,0.355
559000,0.051,0.543,0.406
559500,0.050,0.500,0.450
560000,0.050,0.460,0.490
560500,0.050,0.543,0.407
561000,0.050,0.603,0.347
561500,0.050,0.494,0.456
562000,0.050,0.602,0.348
562500,0.050,0.454,0.496
563000,0.050,0.495,0.455
563500,0.050,0.568,0.382
564000,0.050,0.571,0.379
564500,0.050,0.569,0.381
565000,0.050,0.497,0.453
565500,0.050,0.547,0.403
566000,0.051,0.564,0.385
566500,0.050,0.569,0.381
567000,0.050,0.573,0.377
567500,0.050,0.514,0.436
568000,0.050,0.483,0.467
568500,0.050,0.498,0.452
569000,0.050,0.434,0.516
569500,0.050,0.533,0.417
570000,0.050,0.460,0.490
570500,0.050,0.445,0.505
571000,0.050,0.460,0.490
571500,0.050,0.576,0.374
572000,0.050,0.526,0.424
572500,0.050,0.548,0.402
573000,0.050,0.507,0.443
573500,0.050,0.489,0.461
574000,0.050,0.475,0.475
574500,0.050,0.542,0.408
575000,0.050,0.501,0.449
575500,0.050,0.490,0.460
576000,0.050,0.506,0.444
576500,0.050,0.557,0.393
577000,0.050,0.607,0.343
577500,0.050,0.589,0.361
578000,0.050,0.552,0.398
578500,0.050,0.607,0.343
579000,0.050,0.615,0.335
579500,0.050,0.519,0.431
580000,0.056,0.496,0.448
580500,0.050,0.521,0.429
581000,0.058,0.584,0.358
581500,0.052,0.515,0.433
582000,0.053,0.432,0.515
582500,0.051,0.557,0.392
583000,0.052,0.503,0.445
583500,0.054,0.507,0.439
584000,0.050,0.568,0.382
584500,0.050,0.636,0.314
585000,0.050,0.538,0.412
585500,0.050,0.546,0.404
586000,0.050,0.553,0.397
586500,0.050,0.580,0.370
587000,0.050,0.596,0.354
587500,0.050,0.607,0.343
588000,0.050,0.557,0.393
588500,0.050,0.521,0.429
589000,0.050,0.533,0.417
589500,0.050,0.572,0.378
590000,0.050,0.596,0.354
590500,0.050,0.500,0.450
591000,0.056,0.479,0.465
591500,0.050,0.450,0.500
592000,0.050,0.588,0.362
592500,0.050,0.595,0.355
593000,0.050,0.496,0.454
593500,0.050,0.496,0.454
594000,0.050,0.575,0.375
594500,0.050,0.456,0.494
595000,0.050,0.485,0.465
595500,0.050,0.495,0.455
596000,0.050,0.570,0.380
596500,0.050,0.608,0.342
597000,0.050,0.555,0.395
597500,0.050,0.533,0.417
598000,0.050,0.535,0.415
598500,0.050,0.423,0.527
599000,0.050,0.504,0.446
599500,0.050,0.479,0.471
600000,0.050,0.431,0.519
600500,0.050,0.523,0.427
601000,0.050,0.567,0.383
601500,0.050,0.499,0.451
602000,0.050,0.485,0.465
602500,0.050,0.515,0.435
603000,0.050,0.466,0.484
603500,0.050,0.416,0.534
604000,0.050,0.518,0.432
604500,0.050,0.518,0.432
605000,0.050,0.561,0.389
605500,0.050,0.554,0.396
606000,0.050,0.421,0.529
606500,0.050,0.538,0.412
607000,0.051,0.442,0.507
607500,0.050,0.460,0.490
608000,0.050,0.555,0.395
608500,0.050,0.509,0.441
609000,0.056,0.523,0.421
609500,0.050,0.589,0.361
610000,0.050,0.575,0.375
610500,0.050,0.467,0.483
611000,0.050,0.536,0.414
611500,0.050,0.499,0.451
612000,0.050,0.488,0.462
612500,0.050,0.508,0.442
613000,0.050,0.542,0.408
613500,0.050,0.576,0.374
614000,0.050,0.459,0.491
614500,0.053,0.514,0.433
615000,0.050,0.496,0.454
615500,0.050,0.665,0.285
616000,0.050,0.596,0.354
616500,0.050,0.538,0.412
617000,0.050,0.600,0.350
617500,0.050,0.542,0.408
618000,0.050,0.561,0.389
618500,0.050,0.572,0.378
619000,0.050,0.606,0.344
619500,0.050,0.560,0.390
620000,0.050,0.460,0.490
620500,0.054,0.483,0.463
621000,0.050,0.516,0.434
621500,0.050,0.560,0.390
622000,0.050,0.563,0.387
622500,0.050,0.559,0.391
623000,0.050,0.567,0.383
623500,0.050,0.468,0.482
624000,0.050,0.519,0.431
624500,0.050,0.553,0.397
625000,0.050,0.510,0.440
625500,0.050,0.580,0.370
626000,0.050,0.655,0.295
626500,0.050,0.594,0.356
627000,0.050,0.531,0.419
627500,0.050,0.551,0.399
628000,0.050,0.537,0.413
628500,0.050,0.520,0.430
629000,0.050,0.554,0.396
629500,0.050,0.540,0.410
630000,0.050,0.579,0.371
630500,0.050,0.500,0.450
631000,0.050,0.478,0.472
631500,0.051,0.519,0.430
632000,0.051,0.483,0.466
632500,0.050,0.516,0.434
633000,0.050,0.572,0.378
633500,0.050,0.531,0.419
634000,0.050,0.494,0.456
634500,0.050,0.587,0.363
635000,0.050,0.526,0.424
635500,0.050,0.514,0.436
636000,0.050,0.449,0.501
636500,0.050,0.425,0.525
637000,0.050,0.535,0.415
637500,0.050,0.542,0.408
638000,0.050,0.538,0.412
638500,0.050,0.668,0.282
639000,0.050,0.603,0.347
639500,0.050,0.507,0.443
640000,0.051,0.502,0.447
640500,0.050,0.491,0.459
641000,0.050,0.487,0.463
641500,0.050,0.537,0.413
642000,0.050,0.610,0.340
642500,0.050,0.617,0.333
643000,0.050,0.584,0.366
643500,0.050,0.539,0.411
644000,0.050,0.504,0.446
644500,0.050,0.548,0.402
645000,0.050,0.505,0.445
645500,0.050,0.495,0.455
646000,0.050,0.544,0.406
646500,0.050,0.606,0.344
647000,0.050,0.622,0.328
647500,0.050,0.544,0.406
648000,0.050,0.585,0.365
648500,0.050,0.625,0.325
649000,0.050,0.658,0.292
649500,0.050,0.532,0.418
650000,0.050,0.526,0.424
650500,0.050,0.444,0.506
651000,0.053,0.425,0.522
651500,0.050,0.483,0.467
652000,0.050,0.457,0.493
652500,0.060,0.417,0.523
653000,0.050,0.567,0.383
653500,0.050,0.487,0.463
654000,0.050,0.475,0.475
654500,0.056,0.477,0.467
655000,0.050,0.537,0.413
655500,0.050,0.534,0.416
656000,0.050,0.571,0.379
656500,0.050,0.556,0.394
657000,0.050,0.604,0.346
657500,0.050,0.604,0.346
658000,0.050,0.495,0.455
658500,0.050,0.632,0.318
659000,0.050,0.545,0.405
659500,0.055,0.447,0.498
660000,0.050,0.570,0.380
660500,0.050,0.649,0.301
661000,0.054,0.616,0.330
661500,0.059,0.494,0.447
662000,0.052,0.476,0.472
662500,0.058,0.487,0.455
663000,0.050,0.417,0.533
663500,0.050,0.519,0.431
664000,0.050,0.462,0.488
664500,0.050,0.531,0.419
665000,0.050,0.617,0.333
665500,0.050,0.643,0.307
666000,0.050,0.534,0.416
666500,0.050,0.572,0.378
667000,0.050,0.497,0.453
667500,0.050,0.467,0.483
668000,0.050,0.552,0.398
668500,0.050,0.538,0.412
669000,0.050,0.535,0.415
669500,0.050,0.677,0.273
670000,0.050,0.685,0.265
670500,0.050,0.551,0.399
671000,0.050,0.566,0.384
671500,0.050,0.531,0.419
672000,0.050,0.567,0.383
672500,0.050,0.589,0.361
673000,0.050,0.671,0.279
673500,0.050,0.587,0.363
674000,0.050,0.555,0.395
674500,0.052,0.496,0.452
675000,0.052,0.527,0.421
675500,0.050,0.573,0.377
676000,0.050,0.632,0.318
676500,0.050,0.557,0.393
677000,0.050,0.629,0.321
677500,0.050,0.508,0.442
678000,0.050,0.504,0.446
678500,0.050,0.536,0.414
679000,0.050,0.540,0.410
679500,0.050,0.560,0.390
680000,0.050,0.556,0.394
680500,0.050,0.437,0.513
681000,0.050,0.514,0.436
681500,0.051,0.446,0.503
682000,0.051,0.401,0.548
682500,0.050,0.537,0.413
683000,0.050,0.429,0.521
683500,0.050,0.609,0.341
684000,0.050,0.592,0.358
684500,0.050,0.495,0.455
685000,0.051,0.441,0.508
685500,0.050,0.557,0.393
686000,0.050,0.504,0.446
686500,0.050,0.530,0.420
687000,0.050,0.540,0.410
687500,0.050,0.579,0.371
688000,0.050,0.564,0.386
688500,0.050,0.597,0.353
689000,0.050,0.536,0.414
689500,0.050,0.540,0.410
690000,0.050,0.634,0.316
690500,0.050,0.592,0.358
691000,0.050,0.517,0.433
691500,0.050,0.524,0.426
692000,0.050,0.570,0.380
692500,0.051,0.466,0.483
693000,0.050,0.518,0.432
693500,0.050,0.586,0.364
694000,0.050,0.643,0.307
694500,0.050,0.654,0.296
695000,0.050,0.645,0.305
695500,0.050,0.591,0.359
696000,0.050,0.526,0.424
696500,0.050,0.625,0.325
697000,0.050,0.594,0.356
697500,0.050,0.443,0.507
698000,0.059,0.466,0.475
698500,0.050,0.515,0.435
699000,0.057,0.574,0.369
699500,0.053,0.473,0.474
700000,0.054,0.476,0.470
700500,0.050,0.557,0.393
701000,0.050,0.608,0.342
701500,0.050,0.557,0.393
702000,0.050,0.507,0.443
702500,0.050,0.474,0.476
703000,0.050,0.409,0.541
703500,0.053,0.452,0.495
704000,0.052,0.441,0.507
704500,0.050,0.528,0.422
705000,0.050,0.621,0.329
705500,0.050,0.589,0.361
706000,0.050,0.485,0.465
706500,0.050,0.563,0.387
707000,0.050,0.536,0.414
707500,0.050,0.528,0.422
708000,0.050,0.464,0.486
708500,0.050,0.544,0.406
709000,0.050,0.614,0.336
709500,0.050,0.563,0.387
710000,0.050,0.503,0.447
710500,0.050,0.556,0.394
711000,0.050,0.573,0.377
711500,0.050,0.534,0.416
712000,0.050,0.522,0.428
712500,0.057,0.410,0.533
713000,0.052,0.496,0.452
713500,0.050,0.502,0.448
714000,0.054,0.442,0.504
714500,0.050,0.522,0.428
715000,0.050,0.559,0.391
715500,0.050,0.520,0.430
716000,0.050,0.614,0.336
716500,0.054,0.453,0.493
717000,0.050,0.610,0.340
717500,0.050,0.549,0.401
718000,0.050,0.561,0.389
718500,0.050,0.643,0.307
719000,0.050,0.639,0.311
719500,0.050,0.502,0.448
720000,0.056,0.445,0.499
720500,0.050,0.577,0.373
721000,0.050,0.536,0.414
721500,0.050,0.589,0.361
722000,0.050,0.547,0.403
722500,0.050,0.549,0.401
723000,0.050,0.488,0.462
723500,0.050,0.497,0.453
724000,0.053,0.443,0.504
724500,0.051,0.436,0.513
725000,0.050,0.482,0.468
725500,0.050,0.578,0.372
726000,0.050,0.503,0.447
726500,0.050,0.590,0.360
727000,0.050,0.564,0.386
727500,0.050,0.530,0.420
728000,0.050,0.529,0.421
728500,0.053,0.394,0.553
729000,0.050,0.507,0.443
729500,0.050,0.476,0.474
730000,0.050,0.457,0.493
730500,0.050,0.460,0.490
731000,0.050,0.469,0.481
731500,0.072,0.301,0.627
732000,0.091,0.237,0.672
732500,0.063,0.293,0.644
733000,0.055,0.398,0.547
733500,0.050,0.511,0.439
734000,0.052,0.406,0.542
734500,0.060,0.542,0.398
735000,0.050,0.452,0.498
735500,0.052,0.428,0.520
736000,0.050,0.574,0.376
736500,0.050,0.603,0.347
737000,0.050,0.540,0.410
737500,0.050,0.516,0.434
738000,0.050,0.548,0.402
738500,0.050,0.605,0.345
739000,0.050,0.458,0.492
739500,0.050,0.555,0.395
740000,0.050,0.513,0.437
740500,0.050,0.497,0.453
741000,0.050,0.552,0.398
741500,0.050,0.568,0.382
742000,0.050,0.552,0.398
742500,0.050,0.579,0.371
743000,0.050,0.566,0.384
743500,0.050,0.563,0.387
744000,0.050,0.498,0.452
744500,0.050,0.562,0.388
745000,0.050,0.556,0.394
745500,0.050,0.505,0.445
746000,0.050,0.472,0.478
746500,0.050,0.477,0.473
747000,0.050,0.482,0.468
747500,0.050,0.516,0.434
748000,0.050,0.495,0.455
748500,0.050,0.588,0.362
749000,0.050,0.596,0.354
749500,0.050,0.506,0.444
750000,0.050,0.599,0.351
750500,0.050,0.609,0.341
751000,0.050,0.619,0.331
751500,0.050,0.602,0.348
752000,0.050,0.505,0.445
752500,0.050,0.515,0.435
753000,0.050,0.525,0.425
753500,0.050,0.451,0.499
754000,0.050,0.454,0.496
754500,0.050,0.596,0.354
755000,0.050,0.560,0.390
755500,0.050,0.549,0.401
756000,0.050,0.481,0.469
756500,0.050,0.496,0.454
757000,0.050,0.574,0.376
757500,0.050,0.513,0.437
758000,0.050,0.537,0.413
758500,0.050,0.502,0.448
759000,0.050,0.591,0.359
759500,0.050,0.557,0.393
760000,0.050,0.629,0.321
760500,0.050,0.600,0.350
761000,0.050,0.593,0.357
761500,0.050,0.575,0.375
762000,0.050,0.618,0.332
762500,0.050,0.599,0.351
763000,0.050,0.574,0.376
763500,0.050,0.595,0.355
764000,0.050,0.566,0.384
764500,0.050,0.566,0.384
765000,0.050,0.455,0.495
765500,0.060,0.363,0.577
766000,0.052,0.507,0.441
766500,0.050,0.498,0.452
767000,0.050,0.534,0.416
767500,0.050,0.477,0.473
768000,0.051,0.500,0.449
768500,0.053,0.513,0.434
769000,0.050,0.555,0.395
769500,0.050,0.530,0.420
770000,0.050,0.547,0.403
770500,0.050,0.533,0.417
771000,0.050,0.580,0.370
771500,0.050,0.531,0.419
772000,0.050,0.654,0.296
772500,0.050,0.555,0.395
773000,0.050,0.546,0.404
773500,0.050,0.604,0.346
774000,0.050,0.567,0.383
774500,0.050,0.614,0.336
775000,0.050,0.585,0.365
775500,0.050,0.539,0.411
776000,0.050,0.582,0.368
776500,0.050,0.471,0.479
777000,0.050,0.527,0.423
777500,0.050,0.538,0.412
778000,0.050,0.555,0.395
778500,0.050,0.573,0.377
779000,0.050,0.618,0.332
779500,0.050,0.494,0.456
780000,0.050,0.600,0.350
780500,0.050,0.486,0.464
781000,0.050,0.591,0.359
781500,0.050,0.601,0.349
782000,0.050,0.551,0.399
782500,0.050,0.584,0.366
783000,0.050,0.588,0.362
783500,0.050,0.611,0.339
784000,0.050,0.504,0.446
784500,0.050,0.568,0.382
785000,0.050,0.571,0.379
785500,0.052,0.506,0.442
786000,0.050,0.623,0.327
786500,0.050,0.571,0.379
787000,0.050,0.543,0.407
787500,0.050,0.584,0.366
788000,0.050,0.516,0.434
788500,0.050,0.525,0.425
789000,0.050,0.640,0.310
789500,0.050,0.567,0.383
790000,0.050,0.637,0.313
790500,0.050,0.671,0.279
791000,0.050,0.557,0.393
791500,0.050,0.532,0.418
792000,0.050,0.527,0.423
792500,0.052,0.451,0.497
793000,0.050,0.476,0.474
793500,0.050,0.506,0.444
794000,0.050,0.496,0.454
794500,0.050,0.527,0.423
795000,0.050,0.524,0.426
795500,0.050,0.586,0.364
796000,0.050,0.582,0.368
796500,0.053,0.406,0.541
797000,0.054,0.418,0.528
797500,0.050,0.471,0.479
798000,0.050,0.607,0.343
798500,0.050,0.608,0.342
799000,0.050,0.540,0.410
799500,0.050,0.452,0.498
800000,0.050,0.578,0.372
800500,0.050,0.583,0.367
801000,0.050,0.476,0.474
801500,0.050,0.557,0.393
802000,0.050,0.649,0.301
802500,0.050,0.603,0.347
803000,0.050,0.617,0.333
803500,0.050,0.578,0.372
804000,0.050,0.631,0.319
804500,0.050,0.598,0.352
805000,0.050,0.584,0.366
805500,0.050,0.553,0.397
806000,0.050,0.466,0.484
806500,0.051,0.552,0.397
807000,0.050,0.501,0.449
807500,0.050,0.583,0.367
808000,0.050,0.535,0.415
808500,0.050,0.508,0.442
809000,0.050,0.516,0.434
809500,0.050,0.534,0.416
810000,0.050,0.565,0.385
810500,0.050,0.484,0.466
811000,0.050,0.537,0.413
811500,0.050,0.580,0.370
812000,0.050,0.450,0.500
812500,0.050,0.572,0.378
813000,0.051,0.573,0.376
813500,0.050,0.535,0.415
814000,0.050,0.553,0.397
814500,0.050,0.604,0.346
815000,0.050,0.472,0.478
815500,0.050,0.463,0.487
816000,0.050,0.437,0.513
816500,0.050,0.470,0.480
817000,0.057,0.467,0.476
817500,0.050,0.414,0.536
818000,0.058,0.466,0.476
818500,0.051,0.477,0.472
819000,0.058,0.414,0.528
819500,0.050,0.505,0.445
820000,0.050,0.518,0.432
820500,0.057,0.495,0.448
821000,0.050,0.499,0.451
821500,0.050,0.582,0.368
822000,0.050,0.553,0.397
822500,0.050,0.507,0.443
823000,0.050,0.441,0.509
823500,0.050,0.494,0.456
824000,0.050,0.563,0.387
824500,0.050,0.565,0.385
825000,0.050,0.557,0.393
825500,0.050,0.631,0.319
826000,0.050,0.525,0.425
826500,0.050,0.524,0.426
827000,0.050,0.565,0.385
827500,0.050,0.504,0.446
828000,0.050,0.558,0.392
828500,0.050,0.542,0.408
829000,0.050,0.547,0.403
829500,0.050,0.510,0.440
830000,0.050,0.596,0.354
830500,0.050,0.461,0.489
831000,0.050,0.523,0.427
831500,0.050,0.628,0.322
832000,0.050,0.569,0.381
832500,0.051,0.529,0.420
833000,0.050,0.613,0.337
833500,0.050,0.544,0.406
834000,0.050,0.573,0.377
834500,0.050,0.553,0.397
835000,0.050,0.578,0.372
835500,0.050,0.491,0.459
836000,0.050,0.532,0.418
836500,0.050,0.569,0.381
837000,0.050,0.611,0.339
837500,0.050,0.492,0.458
838000,0.050,0.511,0.439
838500,0.050,0.480,0.470
839000,0.050,0.483,0.467
839500,0.064,0.355,0.581
840000,0.052,0.398,0.550
840500,0.050,0.544,0.406
841000,0.050,0.527,0.423
841500,0.050,0.506,0.444
842000,0.050,0.510,0.440
842500,0.050,0.564,0.386
843000,0.050,0.577,0.373
843500,0.050,0.553,0.397
844000,0.050,0.585,0.365
844500,0.050,0.547,0.403
845000,0.050,0.514,0.436
845500,0.050,0.568,0.382
846000,0.050,0.634,0.316
846500,0.050,0.589,0.361
847000,0.053,0.482,0.465
847500,0.050,0.510,0.440
848000,0.050,0.585,0.365
848500,0.050,0.538,0.412
849000,0.050,0.465,0.485
849500,0.050,0.519,0.431
850000,0.050,0.488,0.462
850500,0.051,0.470,0.479
851000,0.050,0.446,0.504
851500,0.050,0.528,0.422
852000,0.050,0.394,0.556
852500,0.051,0.568,0.381
853000,0.050,0.504,0.446
853500,0.050,0.472,0.478
854000,0.050,0.447,0.503
854500,0.050,0.489,0.461
855000,0.050,0.527,0.423
855500,0.050,0.526,0.424
856000,0.050,0.599,0.351
856500,0.050,0.516,0.434
857000,0.050,0.502,0.448
857500,0.050,0.540,0.410
858000,0.051,0.556,0.393
858500,0.050,0.535,0.415
859000,0.050,0.570,0.380
859500,0.050,0.601,0.349
860000,0.050,0.537,0.413
860500,0.050,0.595,0.355
861000,0.050,0.636,0.314
861500,0.050,0.581,0.369
862000,0.050,0.556,0.394
862500,0.050,0.486,0.464
863000,0.050,0.566,0.384
863500,0.050,0.553,0.397
864000,0.050,0.685,0.265
864500,0.050,0.600,0.350
865000,0.050,0.597,0.353
865500,0.050,0.652,0.298
866000,0.050,0.633,0.317
866500,0.050,0.568,0.382
867000,0.061,0.465,0.474
867500,0.056,0.442,0.502
868000,0.050,0.534,0.416
868500,0.050,0.504,0.446
869000,0.050,0.477,0.473
869500,0.050,0.508,0.442
870000,0.050,0.499,0.451
870500,0.050,0.524,0.426
871000,0.050,0.462,0.488
871500,0.050,0.584,0.366
872000,0.051,0.570,0.379
872500,0.050,0.594,0.356
873000,0.050,0.565,0.385
873500,0.050,0.540,0.410
874000,0.050,0.557,0.393
874500,0.053,0.582,0.365
875000,0.055,0.564,0.381
875500,0.050,0.567,0.383
876000,0.050,0.630,0.320
876500,0.050,0.562,0.388
877000,0.050,0.526,0.424
877500,0.050,0.568,0.382
878000,0.050,0.544,0.406
878500,0.050,0.567,0.383
879000,0.050,0.572,0.378
879500,0.050,0.623,0.327
880000,0.050,0.475,0.475
880500,0.050,0.526,0.424
881000,0.050,0.645,0.305
881500,0.050,0.552,0.398
882000,0.050,0.550,0.400
882500,0.050,0.519,0.431
883000,0.050,0.497,0.453
883500,0.050,0.589,0.361
884000,0.050,0.548,0.402
884500,0.050,0.549,0.401
885000,0.050,0.468,0.482
885500,0.050,0.508,0.442
886000,0.050,0.528,0.422
886500,0.050,0.536,0.414
887000,0.050,0.551,0.399
887500,0.050,0.560,0.390
888000,0.050,0.490,0.460
888500,0.050,0.528,0.422
889000,0.057,0.479,0.464
889500,0.051,0.648,0.301
890000,0.050,0.561,0.389
890500,0.050,0.480,0.470
891000,0.050,0.558,0.392
891500,0.050,0.578,0.372
892000,0.050,0.557,0.393
892500,0.050,0.524,0.426
893000,0.050,0.548,0.402
893500,0.050,0.617,0.333
894000,0.050,0.491,0.459
894500,0.057,0.429,0.514
895000,0.050,0.466,0.484
895500,0.050,0.535,0.415
896000,0.050,0.645,0.305
896500,0.050,0.607,0.343
897000,0.050,0.523,0.427
897500,0.050,0.469,0.481
898000,0.055,0.576,0.369
898500,0.050,0.568,0.382
899000,0.050,0.557,0.393
899500,0.050,0.555,0.395
900000,0.050,0.554,0.396
900500,0.050,0.524,0.426
901000,0.050,0.507,0.443
901500,0.050,0.479,0.471
902000,0.050,0.491,0.459
902500,0.050,0.619,0.331
903000,0.050,0.618,0.332
903500,0.050,0.592,0.358
904000,0.050,0.504,0.446
904500,0.050,0.616,0.334
905000,0.050,0.583,0.367
905500,0.050,0.501,0.449
906000,0.050,0.639,0.311
906500,0.050,0.650,0.300
907000,0.050,0.608,0.342
907500,0.050,0.593,0.357
908000,0.050,0.555,0.395
908500,0.050,0.505,0.445
909000,0.050,0.572,0.378
909500,0.050,0.528,0.422
910000,0.050,0.555,0.395
910500,0.050,0.568,0.382
911000,0.050,0.607,0.343
911500,0.050,0.521,0.429
912000,0.050,0.545,0.405
912500,0.050,0.574,0.376
913000,0.050,0.601,0.349
913500,0.050,0.508,0.442
914000,0.050,0.496,0.454
914500,0.050,0.518,0.432
915000,0.050,0.558,0.392
915500,0.050,0.604,0.346
916000,0.050,0.568,0.382
916500,0.050,0.551,0.399
917000,0.050,0.558,0.392
917500,0.050,0.497,0.453
918000,0.050,0.515,0.435
918500,0.050,0.507,0.443
919000,0.050,0.476,0.474
919500,0.052,0.565,0.383
920000,0.050,0.564,0.386
920500,0.050,0.549,0.401
921000,0.050,0.585,0.365
921500,0.050,0.575,0.375
922000,0.050,0.554,0.396
922500,0.050,0.434,0.516
923000,0.059,0.489,0.452
923500,0.052,0.535,0.413
924000,0.050,0.533,0.417
924500,0.050,0.513,0.437
925000,0.050,0.555,0.395
925500,0.050,0.507,0.443
926000,0.050,0.497,0.453
926500,0.050,0.472,0.478
927000,0.050,0.475,0.475
927500,0.050,0.620,0.330
928000,0.050,0.578,0.372
928500,0.050,0.530,0.420
929000,0.050,0.525,0.425
929500,0.050,0.622,0.328
930000,0.050,0.641,0.309
930500,0.050,0.599,0.351
931000,0.050,0.569,0.381
931500,0.050,0.558,0.392
932000,0.053,0.537,0.410
932500,0.051,0.550,0.399
933000,0.050,0.566,0.384
933500,0.050,0.584,0.366
934000,0.050,0.462,0.488
934500,0.050,0.513,0.437
935000,0.050,0.499,0.451
935500,0.050,0.477,0.473
936000,0.050,0.481,0.469
936500,0.050,0.491,0.459
937000,0.050,0.578,0.372
937500,0.050,0.531,0.419
938000,0.050,0.490,0.460
938500,0.050,0.520,0.430
939000,0.050,0.563,0.387
939500,0.050,0.485,0.465
940000,0.051,0.468,0.481
940500,0.055,0.408,0.537
941000,0.051,0.489,0.460
941500,0.050,0.639,0.311
942000,0.050,0.602,0.348
942500,0.050,0.709,0.241
943000,0.050,0.598,0.352
943500,0.050,0.562,0.388
944000,0.050,0.569,0.381
944500,0.050,0.594,0.356
945000,0.050,0.622,0.328
945500,0.050,0.558,0.392
946000,0.050,0.464,0.486
946500,0.051,0.538,0.411
947000,0.050,0.572,0.378
947500,0.050,0.547,0.403
948000,0.050,0.560,0.390
948500,0.050,0.622,0.328
949000,0.053,0.596,0.351
949500,0.050,0.589,0.361
950000,0.050,0.617,0.333
950500,0.050,0.494,0.456
951000,0.050,0.516,0.434
951500,0.050,0.568,0.382
952000,0.050,0.511,0.439
952500,0.050,0.544,0.406
953000,0.050,0.528,0.422
953500,0.050,0.480,0.470
954000,0.050,0.490,0.460
954500,0.052,0.588,0.360
955000,0.050,0.616,0.334
955500,0.050,0.461,0.489
956000,0.050,0.548,0.402
956500,0.060,0.490,0.450
957000,0.054,0.444,0.502
957500,0.053,0.520,0.427
958000,0.050,0.510,0.440
958500,0.050,0.443,0.507
959000,0.050,0.560,0.390
959500,0.050,0.584,0.366
960000,0.050,0.567,0.383
960500,0.050,0.563,0.387
961000,0.050,0.550,0.400
961500,0.050,0.529,0.421
962000,0.050,0.564,0.386
962500,0.050,0.551,0.399
963000,0.050,0.509,0.441
963500,0.050,0.457,0.493
964000,0.050,0.488,0.462
964500,0.050,0.545,0.405
965000,0.050,0.553,0.397
965500,0.050,0.624,0.326
966000,0.050,0.483,0.467
966500,0.050,0.498,0.452
967000,0.050,0.565,0.385
967500,0.053,0.500,0.447
968000,0.050,0.552,0.398
968500,0.050,0.567,0.383
969000,0.050,0.604,0.346
969500,0.050,0.548,0.402
970000,0.050,0.597,0.353
970500,0.050,0.529,0.421
971000,0.050,0.610,0.340
971500,0.050,0.496,0.454
972000,0.050,0.555,0.395
972500,0.050,0.567,0.383
973000,0.050,0.583,0.367
973500,0.050,0.589,0.361
974000,0.050,0.552,0.398
974500,0.050,0.578,0.372
975000,0.050,0.591,0.359
975500,0.050,0.568,0.382
976000,0.050,0.562,0.388
976500,0.051,0.504,0.445
977000,0.050,0.421,0.529
977500,0.050,0.497,0.453
978000,0.050,0.496,0.454
978500,0.050,0.547,0.403
979000,0.050,0.573,0.377
979500,0.053,0.452,0.495
980000,0.050,0.472,0.478
980500,0.050,0.565,0.385
981000,0.050,0.587,0.363
981500,0.050,0.576,0.374
982000,0.050,0.574,0.376
982500,0.050,0.465,0.485
983000,0.050,0.580,0.370
983500,0.050,0.525,0.425
984000,0.050,0.584,0.366
984500,0.050,0.503,0.447
985000,0.050,0.581,0.369
985500,0.050,0.471,0.479
986000,0.050,0.538,0.412
986500,0.050,0.592,0.358
987000,0.050,0.527,0.423
987500,0.050,0.441,0.509
988000,0.050,0.500,0.450
988500,0.050,0.573,0.377
989000,0.050,0.588,0.362
989500,0.050,0.533,0.417
990000,0.050,0.524,0.426
990500,0.050,0.495,0.455
991000,0.050,0.502,0.448
991500,0.050,0.521,0.429
992000,0.050,0.510,0.440
992500,0.050,0.489,0.461
993000,0.050,0.546,0.404
993500,0.050,0.466,0.484
994000,0.050,0.461,0.489
994500,0.050,0.427,0.523
995000,0.050,0.489,0.461
995500,0.050,0.509,0.441
996000,0.050,0.641,0.309
996500,0.050,0.567,0.383
997000,0.050,0.541,0.409
997500,0.050,0.471,0.479
998000,0.050,0.461,0.489
998500,0.050,0.413,0.537
999000,0.050,0.549,0.401
999500,0.050,0.560,0.390
1000000,0.050,0.554,0.396
