time,n_A+p,n_B,n_AB
500,0.010,0.936,0.054
1000,0.010,0.956,0.034
1500,0.010,0.841,0.149
2000,0.010,0.971,0.019
2500,0.010,0.988,0.002
3000,0.010,0.951,0.039
3500,0.010,0.984,0.006
4000,0.010,0.906,0.084
4500,0.010,0.937,0.053
5000,0.010,0.987,0.003
5500,0.010,0.888,0.102
6000,0.010,0.870,0.120
6500,0.010,0.967,0.023
7000,0.010,0.982,0.008
7500,0.010,0.990,0.000
8000,0.010,0.986,0.004
8500,0.010,0.923,0.067
9000,0.010,0.955,0.035
9500,0.010,0.984,0.006
10000,0.010,0.960,0.030
10500,0.010,0.966,0.024
11000,0.010,0.965,0.025
11500,0.010,0.923,0.067
12000,0.010,0.943,0.047
12500,0.010,0.875,0.115
13000,0.010,0.951,0.039
13500,0.010,0.954,0.036
14000,0.010,0.878,0.112
14500,0.010,0.924,0.066
15000,0.010,0.983,0.007
15500,0.010,0.947,0.043
16000,0.010,0.982,0.008
16500,0.010,0.859,0.131
17000,0.010,0.939,0.051
17500,0.010,0.931,0.059
18000,0.010,0.981,0.009
18500,0.010,0.966,0.024
19000,0.010,0.960,0.030
19500,0.010,0.990,0.000
20000,0.010,0.974,0.016
20500,0.010,0.988,0.002
21000,0.010,0.954,0.036
21500,0.010,0.946,0.044
22000,0.010,0.939,0.051
22500,0.010,0.957,0.033
23000,0.010,0.960,0.030
23500,0.010,0.965,0.025
24000,0.010,0.974,0.016
24500,0.010,0.960,0.030
25000,0.010,0.990,0.000
25500,0.010,0.939,0.051
26000,0.010,0.909,0.081
26500,0.010,0.842,0.148
27000,0.010,0.979,0.011
27500,0.010,0.974,0.016
28000,0.010,0.981,0.009
28500,0.010,0.891,0.099
29000,0.010,0.954,0.036
29500,0.010,0.977,0.013
30000,0.010,0.864,0.126
30500,0.010,0.959,0.031
31000,0.010,0.990,0.000
31500,0.010,0.922,0.068
32000,0.010,0.976,0.014
32500,0.010,0.972,0.018
33000,0.010,0.929,0.061
33500,0.010,0.956,0.034
34000,0.010,0.905,0.085
34500,0.010,0.986,0.004
35000,0.010,0.985,0.005
35500,0.010,0.983,0.007
36000,0.010,0.990,0.000
36500,0.010,0.933,0.057
37000,0.010,0.985,0.005
37500,0.010,0.931,0.059
38000,0.010,0.894,0.096
38500,0.010,0.980,0.010
39000,0.010,0.965,0.025
39500,0.010,0.944,0.046
40000,0.010,0.990,0.000
40500,0.010,0.953,0.037
41000,0.010,0.979,0.011
41500,0.010,0.966,0.024
42000,0.010,0.978,0.012
42500,0.010,0.986,0.004
43000,0.010,0.965,0.025
43500,0.010,0.967,0.023
44000,0.010,0.881,0.109
44500,0.010,0.920,0.070
45000,0.010,0.978,0.012
45500,0.010,0.928,0.062
46000,0.010,0.964,0.026
46500,0.010,0.990,0.000
47000,0.010,0.989,0.001
47500,0.010,0.941,0.049
48000,0.010,0.960,0.030
48500,0.010,0.980,0.010
49000,0.010,0.927,0.063
49500,0.010,0.989,0.001
50000,0.010,0.977,0.013
50500,0.010,0.978,0.012
51000,0.010,0.879,0.111
51500,0.010,0.977,0.013
52000,0.010,0.981,0.009
52500,0.010,0.988,0.002
53000,0.010,0.909,0.081
53500,0.010,0.920,0.070
54000,0.010,0.942,0.048
54500,0.010,0.990,0.000
55000,0.010,0.912,0.078
55500,0.010,0.962,0.028
56000,0.010,0.986,0.004
56500,0.010,0.976,0.014
57000,0.010,0.987,0.003
57500,0.010,0.964,0.026
58000,0.010,0.953,0.037
58500,0.010,0.925,0.065
59000,0.010,0.983,0.007
59500,0.010,0.990,0.000
60000,0.010,0.961,0.029
60500,0.010,0.906,0.084
61000,0.010,0.909,0.081
61500,0.010,0.915,0.075
62000,0.010,0.976,0.014
62500,0.010,0.965,0.025
63000,0.010,0.933,0.057
63500,0.010,0.942,0.048
64000,0.010,0.987,0.003
64500,0.010,0.955,0.035
65000,0.010,0.954,0.036
65500,0.010,0.990,0.000
66000,0.010,0.978,0.012
66500,0.010,0.990,0.000
67000,0.010,0.972,0.018
67500,0.010,0.983,0.007
68000,0.010,0.815,0.175
68500,0.010,0.974,0.016
69000,0.010,0.863,0.127
69500,0.010,0.923,0.067
70000,0.010,0.917,0.073
70500,0.010,0.947,0.043
71000,0.010,0.892,0.098
71500,0.010,0.911,0.079
72000,0.010,0.810,0.180
72500,0.010,0.922,0.068
73000,0.010,0.902,0.088
73500,0.010,0.944,0.046
74000,0.010,0.942,0.048
74500,0.010,0.816,0.174
75000,0.010,0.953,0.037
75500,0.010,0.941,0.049
76000,0.010,0.928,0.062
76500,0.010,0.968,0.022
77000,0.010,0.980,0.010
77500,0.010,0.918,0.072
78000,0.010,0.935,0.055
78500,0.010,0.988,0.002
79000,0.010,0.900,0.090
79500,0.010,0.943,0.047
80000,0.010,0.893,0.097
80500,0.010,0.990,0.000
81000,0.010,0.986,0.004
81500,0.010,0.942,0.048
82000,0.010,0.921,0.069
82500,0.010,0.966,0.024
83000,0.010,0.911,0.079
83500,0.010,0.928,0.062
84000,0.010,0.929,0.061
84500,0.010,0.969,0.021
85000,0.010,0.966,0.024
85500,0.010,0.923,0.067
86000,0.010,0.979,0.011
86500,0.010,0.866,0.124
87000,0.010,0.972,0.018
87500,0.010,0.935,0.055
88000,0.010,0.893,0.097
88500,0.010,0.926,0.064
89000,0.010,0.975,0.015
89500,0.010,0.965,0.025
90000,0.010,0.980,0.010
90500,0.010,0.955,0.035
91000,0.010,0.949,0.041
91500,0.010,0.953,0.037
92000,0.010,0.971,0.019
92500,0.010,0.982,0.008
93000,0.010,0.971,0.019
93500,0.010,0.956,0.034
94000,0.010,0.944,0.046
94500,0.010,0.938,0.052
95000,0.010,0.910,0.080
95500,0.010,0.921,0.069
96000,0.010,0.968,0.022
96500,0.010,0.935,0.055
97000,0.010,0.955,0.035
97500,0.010,0.925,0.065
98000,0.010,0.987,0.003
98500,0.010,0.989,0.001
99000,0.010,0.984,0.006
99500,0.010,0.929,0.061
100000,0.010,0.950,0.040
100500,0.010,0.974,0.016
101000,0.010,0.936,0.054
101500,0.010,0.948,0.042
102000,0.010,0.947,0.043
102500,0.010,0.921,0.069
103000,0.010,0.942,0.048
103500,0.010,0.945,0.045
104000,0.010,0.978,0.012
104500,0.010,0.975,0.015
105000,0.010,0.988,0.002
105500,0.010,0.983,0.007
106000,0.010,0.949,0.041
106500,0.010,0.922,0.068
107000,0.010,0.967,0.023
107500,0.010,0.965,0.025
108000,0.010,0.990,0.000
108500,0.010,0.988,0.002
109000,0.010,0.849,0.141
109500,0.010,0.967,0.023
110000,0.010,0.989,0.001
110500,0.010,0.983,0.007
111000,0.010,0.990,0.000
111500,0.010,0.979,0.011
112000,0.010,0.977,0.013
112500,0.010,0.977,0.013
113000,0.010,0.977,0.013
113500,0.010,0.926,0.064
114000,0.010,0.967,0.023
114500,0.010,0.961,0.029
115000,0.010,0.894,0.096
115500,0.010,0.965,0.025
116000,0.010,0.970,0.020
116500,0.010,0.949,0.041
117000,0.010,0.981,0.009
117500,0.010,0.919,0.071
118000,0.010,0.884,0.106
118500,0.010,0.942,0.048
119000,0.010,0.970,0.020
119500,0.010,0.889,0.101
120000,0.010,0.971,0.019
120500,0.010,0.942,0.048
121000,0.010,0.974,0.016
121500,0.010,0.870,0.120
122000,0.010,0.985,0.005
122500,0.010,0.972,0.018
123000,0.010,0.972,0.018
123500,0.010,0.967,0.023
124000,0.010,0.932,0.058
124500,0.010,0.988,0.002
125000,0.010,0.957,0.033
125500,0.010,0.988,0.002
126000,0.010,0.986,0.004
126500,0.010,0.945,0.045
127000,0.010,0.912,0.078
127500,0.010,0.990,0.000
128000,0.010,0.989,0.001
128500,0.010,0.960,0.030
129000,0.010,0.950,0.040
129500,0.010,0.971,0.019
130000,0.010,0.977,0.013
130500,0.010,0.955,0.035
131000,0.010,0.903,0.087
131500,0.010,0.968,0.022
132000,0.010,0.856,0.134
132500,0.010,0.945,0.045
133000,0.010,0.953,0.037
133500,0.010,0.937,0.053
134000,0.010,0.962,0.028
134500,0.010,0.986,0.004
135000,0.010,0.983,0.007
135500,0.010,0.890,0.100
136000,0.010,0.963,0.027
136500,0.010,0.986,0.004
137000,0.010,0.926,0.064
137500,0.010,0.958,0.032
138000,0.010,0.941,0.049
138500,0.010,0.826,0.164
139000,0.010,0.906,0.084
139500,0.010,0.988,0.002
140000,0.010,0.983,0.007
140500,0.010,0.945,0.045
141000,0.010,0.945,0.045
141500,0.010,0.960,0.030
142000,0.010,0.962,0.028
142500,0.010,0.921,0.069
143000,0.010,0.948,0.042
143500,0.010,0.942,0.048
144000,0.010,0.920,0.070
144500,0.010,0.987,0.003
145000,0.010,0.985,0.005
145500,0.010,0.988,0.002
146000,0.010,0.976,0.014
146500,0.010,0.904,0.086
147000,0.010,0.929,0.061
147500,0.010,0.977,0.013
148000,0.010,0.977,0.013
148500,0.010,0.980,0.010
149000,0.010,0.898,0.092
149500,0.010,0.979,0.011
150000,0.010,0.961,0.029
150500,0.010,0.917,0.073
151000,0.010,0.961,0.029
151500,0.010,0.980,0.010
152000,0.010,0.976,0.014
152500,0.010,0.981,0.009
153000,0.010,0.966,0.024
153500,0.010,0.990,0.000
154000,0.010,0.953,0.037
154500,0.010,0.926,0.064
155000,0.010,0.988,0.002
155500,0.010,0.941,0.049
156000,0.010,0.990,0.000
156500,0.010,0.985,0.005
157000,0.010,0.959,0.031
157500,0.010,0.967,0.023
158000,0.010,0.970,0.020
158500,0.010,0.987,0.003
159000,0.010,0.985,0.005
159500,0.010,0.947,0.043
160000,0.010,0.955,0.035
160500,0.010,0.977,0.013
161000,0.010,0.979,0.011
161500,0.010,0.891,0.099
162000,0.010,0.935,0.055
162500,0.010,0.962,0.028
163000,0.010,0.990,0.000
163500,0.010,0.942,0.048
164000,0.010,0.990,0.000
164500,0.010,0.972,0.018
165000,0.010,0.956,0.034
165500,0.010,0.938,0.052
166000,0.010,0.984,0.006
166500,0.010,0.968,0.022
167000,0.010,0.986,0.004
167500,0.010,0.965,0.025
168000,0.010,0.971,0.019
168500,0.010,0.922,0.068
169000,0.010,0.906,0.084
169500,0.010,0.905,0.085
170000,0.010,0.989,0.001
170500,0.010,0.989,0.001
171000,0.010,0.916,0.074
171500,0.010,0.968,0.022
172000,0.010,0.912,0.078
172500,0.010,0.898,0.092
173000,0.010,0.984,0.006
173500,0.010,0.944,0.046
174000,0.010,0.983,0.007
174500,0.010,0.958,0.032
175000,0.010,0.931,0.059
175500,0.010,0.990,0.000
176000,0.010,0.866,0.124
176500,0.010,0.948,0.042
177000,0.010,0.936,0.054
177500,0.010,0.964,0.026
178000,0.010,0.903,0.087
178500,0.010,0.973,0.017
179000,0.010,0.972,0.018
179500,0.010,0.970,0.020
180000,0.010,0.941,0.049
180500,0.010,0.968,0.022
181000,0.010,0.866,0.124
181500,0.010,0.926,0.064
182000,0.010,0.888,0.102
182500,0.010,0.962,0.028
183000,0.010,0.899,0.091
183500,0.010,0.908,0.082
184000,0.010,0.937,0.053
184500,0.010,0.970,0.020
185000,0.010,0.933,0.057
185500,0.010,0.912,0.078
186000,0.010,0.980,0.010
186500,0.010,0.887,0.103
187000,0.010,0.942,0.048
187500,0.010,0.971,0.019
188000,0.010,0.966,0.024
188500,0.010,0.990,0.000
189000,0.010,0.983,0.007
189500,0.010,0.949,0.041
190000,0.010,0.988,0.002
190500,0.010,0.990,0.000
191000,0.010,0.990,0.000
191500,0.010,0.989,0.001
192000,0.010,0.982,0.008
192500,0.010,0.867,0.123
193000,0.010,0.985,0.005
193500,0.010,0.974,0.016
194000,0.010,0.970,0.020
194500,0.010,0.904,0.086
195000,0.010,0.967,0.023
195500,0.010,0.977,0.013
196000,0.010,0.979,0.011
196500,0.010,0.903,0.087
197000,0.010,0.957,0.033
197500,0.010,0.980,0.010
198000,0.010,0.914,0.076
198500,0.010,0.894,0.096
199000,0.010,0.931,0.059
199500,0.010,0.883,0.107
200000,0.010,0.977,0.013
200500,0.010,0.935,0.055
201000,0.010,0.957,0.033
201500,0.010,0.930,0.060
202000,0.010,0.990,0.000
202500,0.010,0.987,0.003
203000,0.010,0.976,0.014
203500,0.010,0.976,0.014
204000,0.010,0.932,0.058
204500,0.010,0.962,0.028
205000,0.010,0.956,0.034
205500,0.010,0.985,0.005
206000,0.010,0.960,0.030
206500,0.010,0.963,0.027
207000,0.010,0.938,0.052
207500,0.010,0.988,0.002
208000,0.010,0.935,0.055
208500,0.010,0.952,0.038
209000,0.010,0.975,0.015
209500,0.010,0.960,0.030
210000,0.010,0.987,0.003
210500,0.010,0.983,0.007
211000,0.010,0.956,0.034
211500,0.010,0.894,0.096
212000,0.010,0.985,0.005
212500,0.010,0.894,0.096
213000,0.010,0.904,0.086
213500,0.010,0.967,0.023
214000,0.010,0.985,0.005
214500,0.010,0.988,0.002
215000,0.010,0.990,0.000
215500,0.010,0.970,0.020
216000,0.010,0.962,0.028
216500,0.010,0.952,0.038
217000,0.010,0.916,0.074
217500,0.010,0.937,0.053
218000,0.010,0.984,0.006
218500,0.010,0.947,0.043
219000,0.010,0.938,0.052
219500,0.010,0.941,0.049
220000,0.010,0.945,0.045
220500,0.010,0.987,0.003
221000,0.010,0.953,0.037
221500,0.010,0.939,0.051
222000,0.010,0.980,0.010
222500,0.010,0.968,0.022
223000,0.010,0.941,0.049
223500,0.010,0.979,0.011
224000,0.010,0.960,0.030
224500,0.010,0.948,0.042
225000,0.010,0.989,0.001
225500,0.010,0.931,0.059
226000,0.010,0.966,0.024
226500,0.010,0.960,0.030
227000,0.010,0.961,0.029
227500,0.010,0.988,0.002
228000,0.010,0.970,0.020
228500,0.010,0.956,0.034
229000,0.010,0.988,0.002
229500,0.010,0.942,0.048
230000,0.010,0.983,0.007
230500,0.010,0.989,0.001
231000,0.010,0.988,0.002
231500,0.010,0.979,0.011
232000,0.010,0.959,0.031
232500,0.010,0.908,0.082
233000,0.010,0.949,0.041
233500,0.010,0.910,0.080
234000,0.010,0.941,0.049
234500,0.010,0.944,0.046
235000,0.010,0.975,0.015
235500,0.010,0.965,0.025
236000,0.010,0.966,0.024
236500,0.010,0.915,0.075
237000,0.010,0.979,0.011
237500,0.010,0.924,0.066
238000,0.010,0.954,0.036
238500,0.010,0.930,0.060
239000,0.010,0.982,0.008
239500,0.010,0.946,0.044
240000,0.010,0.927,0.063
240500,0.010,0.943,0.047
241000,0.010,0.965,0.025
241500,0.010,0.988,0.002
242000,0.010,0.990,0.000
242500,0.010,0.914,0.076
243000,0.010,0.767,0.223
243500,0.010,0.965,0.025
244000,0.010,0.925,0.065
244500,0.010,0.990,0.000
245000,0.010,0.976,0.014
245500,0.010,0.986,0.004
246000,0.010,0.933,0.057
246500,0.010,0.983,0.007
247000,0.010,0.911,0.079
247500,0.010,0.990,0.000
248000,0.010,0.959,0.031
248500,0.010,0.951,0.039
249000,0.010,0.953,0.037
249500,0.010,0.980,0.010
250000,0.010,0.986,0.004
250500,0.010,0.990,0.000
251000,0.010,0.944,0.046
251500,0.010,0.988,0.002
252000,0.010,0.953,0.037
252500,0.010,0.921,0.069
253000,0.010,0.949,0.041
253500,0.010,0.972,0.018
254000,0.010,0.951,0.039
254500,0.010,0.970,0.020
255000,0.010,0.985,0.005
255500,0.010,0.934,0.056
256000,0.010,0.960,0.030
256500,0.010,0.952,0.038
257000,0.010,0.983,0.007
257500,0.010,0.969,0.021
258000,0.010,0.983,0.007
258500,0.010,0.926,0.064
259000,0.010,0.945,0.045
259500,0.010,0.843,0.147
260000,0.010,0.979,0.011
260500,0.010,0.978,0.012
261000,0.010,0.986,0.004
261500,0.010,0.989,0.001
262000,0.010,0.987,0.003
262500,0.010,0.935,0.055
263000,0.010,0.892,0.098
263500,0.010,0.955,0.035
264000,0.010,0.990,0.000
264500,0.010,0.979,0.011
265000,0.010,0.985,0.005
265500,0.010,0.971,0.019
266000,0.010,0.967,0.023
266500,0.010,0.952,0.038
267000,0.010,0.952,0.038
267500,0.010,0.975,0.015
268000,0.010,0.981,0.009
268500,0.010,0.944,0.046
269000,0.010,0.969,0.021
269500,0.010,0.972,0.018
270000,0.010,0.933,0.057
270500,0.010,0.989,0.001
271000,0.010,0.936,0.054
271500,0.010,0.900,0.090
272000,0.010,0.938,0.052
272500,0.010,0.874,0.116
273000,0.010,0.990,0.000
273500,0.010,0.842,0.148
274000,0.010,0.958,0.032
274500,0.010,0.974,0.016
275000,0.010,0.906,0.084
275500,0.010,0.901,0.089
276000,0.010,0.930,0.060
276500,0.010,0.953,0.037
277000,0.010,0.951,0.039
277500,0.010,0.937,0.053
278000,0.010,0.986,0.004
278500,0.010,0.955,0.035
279000,0.010,0.985,0.005
279500,0.010,0.972,0.018
280000,0.010,0.975,0.015
280500,0.010,0.959,0.031
281000,0.010,0.930,0.060
281500,0.010,0.937,0.053
282000,0.010,0.990,0.000
282500,0.010,0.902,0.088
283000,0.010,0.953,0.037
283500,0.010,0.953,0.037
284000,0.010,0.990,0.000
284500,0.010,0.972,0.018
285000,0.010,0.966,0.024
285500,0.010,0.847,0.143
286000,0.010,0.986,0.004
286500,0.010,0.932,0.058
287000,0.010,0.978,0.012
287500,0.010,0.984,0.006
288000,0.010,0.904,0.086
288500,0.010,0.949,0.041
289000,0.010,0.957,0.033
289500,0.010,0.917,0.073
290000,0.010,0.982,0.008
290500,0.010,0.965,0.025
291000,0.010,0.964,0.026
291500,0.010,0.970,0.020
292000,0.010,0.989,0.001
292500,0.010,0.899,0.091
293000,0.010,0.942,0.048
293500,0.010,0.961,0.029
294000,0.010,0.848,0.142
294500,0.010,0.979,0.011
295000,0.010,0.916,0.074
295500,0.010,0.960,0.030
296000,0.010,0.950,0.040
296500,0.010,0.973,0.017
297000,0.010,0.864,0.126
297500,0.010,0.973,0.017
298000,0.010,0.990,0.000
298500,0.010,0.984,0.006
299000,0.010,0.989,0.001
299500,0.010,0.954,0.036
300000,0.010,0.982,0.008
300500,0.010,0.922,0.068
301000,0.010,0.957,0.033
301500,0.010,0.941,0.049
302000,0.010,0.990,0.000
302500,0.010,0.977,0.013
303000,0.010,0.969,0.021
303500,0.010,0.990,0.000
304000,0.010,0.976,0.014
304500,0.010,0.923,0.067
305000,0.010,0.935,0.055
305500,0.010,0.973,0.017
306000,0.010,0.950,0.040
306500,0.010,0.959,0.031
307000,0.010,0.972,0.018
307500,0.010,0.907,0.083
308000,0.010,0.928,0.062
308500,0.010,0.981,0.009
309000,0.010,0.987,0.003
309500,0.010,0.895,0.095
310000,0.010,0.934,0.056
310500,0.010,0.934,0.056
311000,0.010,0.974,0.016
311500,0.010,0.982,0.008
312000,0.010,0.967,0.023
312500,0.010,0.964,0.026
313000,0.010,0.969,0.021
313500,0.010,0.873,0.117
314000,0.010,0.948,0.042
314500,0.010,0.900,0.090
315000,0.010,0.895,0.095
315500,0.010,0.944,0.046
316000,0.010,0.975,0.015
316500,0.010,0.979,0.011
317000,0.010,0.974,0.016
317500,0.010,0.923,0.067
318000,0.010,0.988,0.002
318500,0.010,0.897,0.093
319000,0.010,0.979,0.011
319500,0.010,0.970,0.020
320000,0.010,0.921,0.069
320500,0.010,0.974,0.016
321000,0.010,0.970,0.020
321500,0.010,0.918,0.072
322000,0.010,0.921,0.069
322500,0.010,0.967,0.023
323000,0.010,0.865,0.125
323500,0.010,0.966,0.024
324000,0.010,0.962,0.028
324500,0.010,0.945,0.045
325000,0.010,0.945,0.045
325500,0.010,0.771,0.219
326000,0.010,0.981,0.009
326500,0.010,0.986,0.004
327000,0.010,0.944,0.046
327500,0.010,0.979,0.011
328000,0.010,0.965,0.025
328500,0.010,0.959,0.031
329000,0.010,0.964,0.026
329500,0.010,0.915,0.075
330000,0.010,0.971,0.019
330500,0.010,0.961,0.029
331000,0.010,0.973,0.017
331500,0.010,0.986,0.004
332000,0.010,0.964,0.026
332500,0.010,0.876,0.114
333000,0.010,0.949,0.041
333500,0.010,0.989,0.001
334000,0.010,0.932,0.058
334500,0.010,0.899,0.091
335000,0.010,0.974,0.016
335500,0.010,0.953,0.037
336000,0.010,0.978,0.012
336500,0.010,0.980,0.010
337000,0.010,0.981,0.009
337500,0.010,0.905,0.085
338000,0.010,0.950,0.040
338500,0.010,0.989,0.001
339000,0.010,0.948,0.042
339500,0.010,0.990,0.000
340000,0.010,0.953,0.037
340500,0.010,0.956,0.034
341000,0.010,0.981,0.009
341500,0.010,0.988,0.002
342000,0.010,0.954,0.036
342500,0.010,0.897,0.093
343000,0.010,0.972,0.018
343500,0.010,0.842,0.148
344000,0.010,0.948,0.042
344500,0.010,0.883,0.107
345000,0.010,0.981,0.009
345500,0.010,0.963,0.027
346000,0.010,0.990,0.000
346500,0.010,0.979,0.011
347000,0.010,0.955,0.035
347500,0.010,0.976,0.014
348000,0.010,0.971,0.019
348500,0.010,0.967,0.023
349000,0.010,0.959,0.031
349500,0.010,0.989,0.001
350000,0.010,0.892,0.098
350500,0.010,0.961,0.029
351000,0.010,0.873,0.117
351500,0.010,0.978,0.012
352000,0.010,0.924,0.066
352500,0.010,0.961,0.029
353000,0.010,0.974,0.016
353500,0.010,0.959,0.031
354000,0.010,0.961,0.029
354500,0.010,0.972,0.018
355000,0.010,0.974,0.016
355500,0.010,0.971,0.019
356000,0.010,0.918,0.072
356500,0.010,0.974,0.016
357000,0.010,0.861,0.129
357500,0.010,0.945,0.045
358000,0.010,0.967,0.023
358500,0.010,0.960,0.030
359000,0.010,0.990,0.000
359500,0.010,0.936,0.054
360000,0.010,0.953,0.037
360500,0.010,0.972,0.018
361000,0.010,0.974,0.016
361500,0.010,0.966,0.024
362000,0.010,0.975,0.015
362500,0.010,0.901,0.089
363000,0.010,0.946,0.044
363500,0.010,0.938,0.052
364000,0.010,0.948,0.042
364500,0.010,0.930,0.060
365000,0.010,0.987,0.003
365500,0.010,0.970,0.020
366000,0.010,0.990,0.000
366500,0.010,0.990,0.000
367000,0.010,0.984,0.006
367500,0.010,0.972,0.018
368000,0.010,0.959,0.031
368500,0.010,0.988,0.002
369000,0.010,0.970,0.020
369500,0.010,0.959,0.031
370000,0.010,0.970,0.020
370500,0.010,0.878,0.112
371000,0.010,0.945,0.045
371500,0.010,0.942,0.048
372000,0.010,0.974,0.016
372500,0.010,0.990,0.000
373000,0.010,0.974,0.016
373500,0.010,0.912,0.078
374000,0.010,0.958,0.032
374500,0.010,0.916,0.074
375000,0.010,0.972,0.018
375500,0.010,0.941,0.049
376000,0.010,0.989,0.001
376500,0.010,0.928,0.062
377000,0.010,0.990,0.000
377500,0.010,0.944,0.046
378000,0.010,0.932,0.058
378500,0.010,0.990,0.000
379000,0.010,0.876,0.114
379500,0.010,0.955,0.035
380000,0.010,0.921,0.069
380500,0.010,0.937,0.053
381000,0.010,0.926,0.064
381500,0.010,0.901,0.089
382000,0.010,0.867,0.123
382500,0.010,0.935,0.055
383000,0.010,0.973,0.017
383500,0.010,0.987,0.003
384000,0.010,0.938,0.052
384500,0.010,0.979,0.011
385000,0.010,0.990,0.000
385500,0.010,0.990,0.000
386000,0.010,0.981,0.009
386500,0.010,0.851,0.139
387000,0.010,0.944,0.046
387500,0.010,0.988,0.002
388000,0.010,0.986,0.004
388500,0.010,0.911,0.079
389000,0.010,0.970,0.020
389500,0.010,0.984,0.006
390000,0.010,0.987,0.003
390500,0.010,0.946,0.044
391000,0.010,0.990,0.000
391500,0.010,0.942,0.048
392000,0.010,0.978,0.012
392500,0.010,0.961,0.029
393000,0.010,0.985,0.005
393500,0.010,0.984,0.006
394000,0.010,0.990,0.000
394500,0.010,0.984,0.006
395000,0.010,0.969,0.021
395500,0.010,0.987,0.003
396000,0.010,0.940,0.050
396500,0.010,0.963,0.027
397000,0.010,0.966,0.024
397500,0.010,0.966,0.024
398000,0.010,0.944,0.046
398500,0.010,0.979,0.011
399000,0.010,0.930,0.060
399500,0.010,0.990,0.000
400000,0.010,0.981,0.009
400500,0.010,0.983,0.007
401000,0.010,0.915,0.075
401500,0.010,0.951,0.039
402000,0.010,0.951,0.039
402500,0.010,0.984,0.006
403000,0.010,0.989,0.001
403500,0.010,0.853,0.137
404000,0.010,0.912,0.078
404500,0.010,0.963,0.027
405000,0.010,0.953,0.037
405500,0.010,0.919,0.071
406000,0.010,0.972,0.018
406500,0.010,0.912,0.078
407000,0.010,0.988,0.002
407500,0.010,0.950,0.040
408000,0.010,0.957,0.033
408500,0.010,0.969,0.021
409000,0.010,0.990,0.000
409500,0.010,0.990,0.000
410000,0.010,0.880,0.110
410500,0.010,0.950,0.040
411000,0.010,0.981,0.009
411500,0.010,0.965,0.025
412000,0.010,0.973,0.017
412500,0.010,0.936,0.054
413000,0.010,0.973,0.017
413500,0.010,0.939,0.051
414000,0.010,0.978,0.012
414500,0.010,0.975,0.015
415000,0.010,0.959,0.031
415500,0.010,0.947,0.043
416000,0.010,0.972,0.018
416500,0.010,0.936,0.054
417000,0.010,0.983,0.007
417500,0.010,0.958,0.032
418000,0.010,0.934,0.056
418500,0.010,0.979,0.011
419000,0.010,0.898,0.092
419500,0.010,0.973,0.017
420000,0.010,0.987,0.003
420500,0.010,0.942,0.048
421000,0.010,0.980,0.010
421500,0.010,0.880,0.110
422000,0.010,0.990,0.000
422500,0.010,0.963,0.027
423000,0.010,0.970,0.020
423500,0.010,0.918,0.072
424000,0.010,0.970,0.020
424500,0.010,0.963,0.027
425000,0.010,0.977,0.013
425500,0.010,0.987,0.003
426000,0.010,0.889,0.101
426500,0.010,0.957,0.033
427000,0.010,0.941,0.049
427500,0.010,0.970,0.020
428000,0.010,0.953,0.037
428500,0.010,0.961,0.029
429000,0.010,0.982,0.008
429500,0.010,0.930,0.060
430000,0.010,0.990,0.000
430500,0.010,0.984,0.006
431000,0.010,0.952,0.038
431500,0.010,0.936,0.054
432000,0.010,0.986,0.004
432500,0.010,0.936,0.054
433000,0.010,0.978,0.012
433500,0.010,0.986,0.004
434000,0.010,0.860,0.130
434500,0.010,0.953,0.037
435000,0.010,0.893,0.097
435500,0.010,0.968,0.022
436000,0.010,0.890,0.100
436500,0.010,0.943,0.047
437000,0.010,0.965,0.025
437500,0.010,0.990,0.000
438000,0.010,0.904,0.086
438500,0.010,0.939,0.051
439000,0.010,0.974,0.016
439500,0.010,0.990,0.000
440000,0.010,0.968,0.022
440500,0.010,0.975,0.015
441000,0.010,0.969,0.021
441500,0.010,0.944,0.046
442000,0.010,0.968,0.022
442500,0.010,0.934,0.056
443000,0.010,0.953,0.037
443500,0.010,0.978,0.012
444000,0.010,0.961,0.029
444500,0.010,0.920,0.070
445000,0.010,0.931,0.059
445500,0.010,0.964,0.026
446000,0.010,0.983,0.007
446500,0.010,0.977,0.013
447000,0.010,0.986,0.004
447500,0.010,0.947,0.043
448000,0.010,0.955,0.035
448500,0.010,0.970,0.020
449000,0.010,0.968,0.022
449500,0.010,0.988,0.002
450000,0.010,0.990,0.000
450500,0.010,0.986,0.004
451000,0.010,0.978,0.012
451500,0.010,0.950,0.040
452000,0.010,0.920,0.070
452500,0.010,0.960,0.030
453000,0.010,0.970,0.020
453500,0.010,0.919,0.071
454000,0.010,0.977,0.013
454500,0.010,0.969,0.021
455000,0.010,0.908,0.082
455500,0.010,0.990,0.000
456000,0.010,0.974,0.016
456500,0.010,0.984,0.006
457000,0.010,0.975,0.015
457500,0.010,0.966,0.024
458000,0.010,0.954,0.036
458500,0.010,0.983,0.007
459000,0.010,0.980,0.010
459500,0.010,0.990,0.000
460000,0.010,0.951,0.039
460500,0.010,0.959,0.031
461000,0.010,0.981,0.009
461500,0.010,0.973,0.017
462000,0.010,0.981,0.009
462500,0.010,0.941,0.049
463000,0.010,0.853,0.137
463500,0.010,0.893,0.097
464000,0.010,0.956,0.034
464500,0.010,0.953,0.037
465000,0.010,0.953,0.037
465500,0.010,0.976,0.014
466000,0.010,0.971,0.019
466500,0.010,0.930,0.060
467000,0.010,0.938,0.052
467500,0.010,0.960,0.030
468000,0.010,0.982,0.008
468500,0.010,0.920,0.070
469000,0.010,0.963,0.027
469500,0.010,0.896,0.094
470000,0.010,0.952,0.038
470500,0.010,0.920,0.070
471000,0.010,0.792,0.198
471500,0.010,0.951,0.039
472000,0.010,0.919,0.071
472500,0.010,0.986,0.004
473000,0.010,0.983,0.007
473500,0.010,0.886,0.104
474000,0.010,0.910,0.080
474500,0.010,0.922,0.068
475000,0.010,0.886,0.104
475500,0.010,0.982,0.008
476000,0.010,0.965,0.025
476500,0.010,0.935,0.055
477000,0.010,0.983,0.007
477500,0.010,0.986,0.004
478000,0.010,0.918,0.072
478500,0.010,0.940,0.050
479000,0.010,0.985,0.005
479500,0.010,0.975,0.015
480000,0.010,0.918,0.072
480500,0.010,0.977,0.013
481000,0.010,0.951,0.039
481500,0.010,0.976,0.014
482000,0.010,0.937,0.053
482500,0.010,0.975,0.015
483000,0.010,0.930,0.060
483500,0.010,0.895,0.095
484000,0.010,0.978,0.012
484500,0.010,0.920,0.070
485000,0.010,0.914,0.076
485500,0.010,0.984,0.006
486000,0.010,0.946,0.044
486500,0.010,0.936,0.054
487000,0.010,0.981,0.009
487500,0.010,0.969,0.021
488000,0.010,0.865,0.125
488500,0.010,0.934,0.056
489000,0.010,0.882,0.108
489500,0.010,0.929,0.061
490000,0.010,0.974,0.016
490500,0.010,0.934,0.056
491000,0.010,0.921,0.069
491500,0.010,0.975,0.015
492000,0.010,0.946,0.044
492500,0.010,0.924,0.066
493000,0.010,0.896,0.094
493500,0.010,0.965,0.025
494000,0.010,0.963,0.027
494500,0.010,0.966,0.024
495000,0.010,0.984,0.006
495500,0.010,0.982,0.008
496000,0.010,0.886,0.104
496500,0.010,0.990,0.000
497000,0.010,0.892,0.098
497500,0.010,0.990,0.000
498000,0.010,0.986,0.004
498500,0.010,0.816,0.174
499000,0.010,0.988,0.002
499500,0.010,0.966,0.024
500000,0.010,0.984,0.006
500500,0.010,0.958,0.032
501000,0.010,0.973,0.017
501500,0.010,0.902,0.088
502000,0.010,0.965,0.025
502500,0.010,0.949,0.041
503000,0.010,0.961,0.029
503500,0.010,0.960,0.030
504000,0.010,0.892,0.098
504500,0.010,0.979,0.011
505000,0.010,0.958,0.032
505500,0.010,0.933,0.057
506000,0.010,0.928,0.062
506500,0.010,0.913,0.077
507000,0.010,0.987,0.003
507500,0.010,0.929,0.061
508000,0.010,0.950,0.040
508500,0.010,0.956,0.034
509000,0.010,0.988,0.002
509500,0.010,0.966,0.024
510000,0.010,0.971,0.019
510500,0.010,0.983,0.007
511000,0.010,0.936,0.054
511500,0.010,0.955,0.035
512000,0.010,0.945,0.045
512500,0.010,0.982,0.008
513000,0.010,0.975,0.015
513500,0.010,0.966,0.024
514000,0.010,0.949,0.041
514500,0.010,0.866,0.124
515000,0.010,0.980,0.010
515500,0.010,0.945,0.045
516000,0.010,0.943,0.047
516500,0.010,0.987,0.003
517000,0.010,0.926,0.064
517500,0.010,0.970,0.020
518000,0.010,0.962,0.028
518500,0.010,0.922,0.068
519000,0.010,0.917,0.073
519500,0.010,0.970,0.020
520000,0.010,0.940,0.050
520500,0.010,0.894,0.096
521000,0.010,0.983,0.007
521500,0.010,0.844,0.146
522000,0.010,0.957,0.033
522500,0.010,0.900,0.090
523000,0.010,0.977,0.013
523500,0.010,0.920,0.070
524000,0.010,0.947,0.043
524500,0.010,0.940,0.050
525000,0.010,0.984,0.006
525500,0.010,0.972,0.018
526000,0.010,0.975,0.015
526500,0.010,0.978,0.012
527000,0.010,0.962,0.028
527500,0.010,0.960,0.030
528000,0.010,0.960,0.030
528500,0.010,0.986,0.004
529000,0.010,0.966,0.024
529500,0.010,0.963,0.027
530000,0.010,0.911,0.079
530500,0.010,0.902,0.088
531000,0.010,0.945,0.045
531500,0.010,0.865,0.125
532000,0.010,0.982,0.008
532500,0.010,0.938,0.052
533000,0.010,0.984,0.006
533500,0.010,0.950,0.040
534000,0.010,0.989,0.001
534500,0.010,0.969,0.021
535000,0.010,0.940,0.050
535500,0.010,0.977,0.013
536000,0.010,0.948,0.042
536500,0.010,0.955,0.035
537000,0.010,0.986,0.004
537500,0.010,0.951,0.039
538000,0.010,0.923,0.067
538500,0.010,0.973,0.017
539000,0.010,0.964,0.026
539500,0.010,0.958,0.032
540000,0.010,0.981,0.009
540500,0.010,0.968,0.022
541000,0.010,0.955,0.035
541500,0.010,0.895,0.095
542000,0.010,0.986,0.004
542500,0.010,0.949,0.041
543000,0.010,0.969,0.021
543500,0.010,0.988,0.002
544000,0.010,0.966,0.024
544500,0.010,0.986,0.004
545000,0.010,0.979,0.011
545500,0.010,0.982,0.008
546000,0.010,0.974,0.016
546500,0.010,0.962,0.028
547000,0.010,0.956,0.034
547500,0.010,0.943,0.047
548000,0.010,0.952,0.038
548500,0.010,0.960,0.030
549000,0.010,0.986,0.004
549500,0.010,0.938,0.052
550000,0.010,0.977,0.013
550500,0.010,0.990,0.000
551000,0.010,0.925,0.065
551500,0.010,0.947,0.043
552000,0.010,0.912,0.078
552500,0.010,0.968,0.022
553000,0.010,0.951,0.039
553500,0.010,0.956,0.034
554000,0.010,0.948,0.042
554500,0.010,0.963,0.027
555000,0.010,0.898,0.092
555500,0.010,0.988,0.002
556000,0.010,0.988,0.002
556500,0.010,0.941,0.049
557000,0.010,0.943,0.047
557500,0.010,0.868,0.122
558000,0.010,0.784,0.206
558500,0.010,0.988,0.002
559000,0.010,0.981,0.009
559500,0.010,0.986,0.004
560000,0.010,0.966,0.024
560500,0.010,0.953,0.037
561000,0.010,0.950,0.040
561500,0.010,0.989,0.001
562000,0.010,0.920,0.070
562500,0.010,0.989,0.001
563000,0.010,0.959,0.031
563500,0.010,0.985,0.005
564000,0.010,0.875,0.115
564500,0.010,0.953,0.037
565000,0.010,0.958,0.032
565500,0.010,0.947,0.043
566000,0.010,0.989,0.001
566500,0.010,0.970,0.020
567000,0.010,0.835,0.155
567500,0.010,0.928,0.062
568000,0.010,0.946,0.044
568500,0.010,0.990,0.000
569000,0.010,0.983,0.007
569500,0.010,0.811,0.179
570000,0.010,0.878,0.112
570500,0.010,0.902,0.088
571000,0.010,0.955,0.035
571500,0.010,0.902,0.088
572000,0.010,0.987,0.003
572500,0.010,0.961,0.029
573000,0.010,0.977,0.013
573500,0.010,0.971,0.019
574000,0.010,0.956,0.034
574500,0.010,0.912,0.078
575000,0.010,0.917,0.073
575500,0.010,0.939,0.051
576000,0.010,0.944,0.046
576500,0.010,0.990,0.000
577000,0.010,0.987,0.003
577500,0.010,0.957,0.033
578000,0.010,0.969,0.021
578500,0.010,0.959,0.031
579000,0.010,0.962,0.028
579500,0.010,0.913,0.077
580000,0.010,0.958,0.032
580500,0.010,0.947,0.043
581000,0.010,0.981,0.009
581500,0.010,0.912,0.078
582000,0.010,0.976,0.014
582500,0.010,0.912,0.078
583000,0.010,0.948,0.042
583500,0.010,0.921,0.069
584000,0.010,0.990,0.000
584500,0.010,0.973,0.017
585000,0.010,0.990,0.000
585500,0.010,0.960,0.030
586000,0.010,0.963,0.027
586500,0.010,0.951,0.039
587000,0.010,0.978,0.012
587500,0.010,0.903,0.087
588000,0.010,0.926,0.064
588500,0.010,0.987,0.003
589000,0.010,0.933,0.057
589500,0.010,0.895,0.095
590000,0.010,0.982,0.008
590500,0.010,0.959,0.031
591000,0.010,0.953,0.037
591500,0.010,0.972,0.018
592000,0.010,0.953,0.037
592500,0.010,0.967,0.023
593000,0.010,0.916,0.074
593500,0.010,0.940,0.050
594000,0.010,0.960,0.030
594500,0.010,0.974,0.016
595000,0.010,0.947,0.043
595500,0.010,0.980,0.010
596000,0.010,0.990,0.000
596500,0.010,0.951,0.039
597000,0.010,0.918,0.072
597500,0.010,0.901,0.089
598000,0.010,0.968,0.022
598500,0.010,0.989,0.001
599000,0.010,0.957,0.033
599500,0.010,0.935,0.055
600000,0.010,0.975,0.015
600500,0.010,0.983,0.007
601000,0.010,0.990,0.000
601500,0.010,0.950,0.040
602000,0.010,0.807,0.183
602500,0.010,0.950,0.040
603000,0.010,0.927,0.063
603500,0.010,0.960,0.030
604000,0.010,0.963,0.027
604500,0.010,0.933,0.057
605000,0.010,0.896,0.094
605500,0.010,0.989,0.001
606000,0.010,0.979,0.011
606500,0.010,0.990,0.000
607000,0.010,0.879,0.111
607500,0.010,0.960,0.030
608000,0.010,0.882,0.108
608500,0.010,0.982,0.008
609000,0.010,0.960,0.030
609500,0.010,0.973,0.017
610000,0.010,0.948,0.042
610500,0.010,0.954,0.036
611000,0.010,0.945,0.045
611500,0.010,0.965,0.025
612000,0.010,0.964,0.026
612500,0.010,0.947,0.043
613000,0.010,0.984,0.006
613500,0.010,0.990,0.000
614000,0.010,0.968,0.022
614500,0.010,0.974,0.016
615000,0.010,0.893,0.097
615500,0.010,0.962,0.028
616000,0.010,0.973,0.017
616500,0.010,0.925,0.065
617000,0.010,0.931,0.059
617500,0.010,0.968,0.022
618000,0.010,0.979,0.011
618500,0.010,0.925,0.065
619000,0.010,0.933,0.057
619500,0.010,0.894,0.096
620000,0.010,0.983,0.007
620500,0.010,0.985,0.005
621000,0.010,0.982,0.008
621500,0.010,0.987,0.003
622000,0.010,0.978,0.012
622500,0.010,0.976,0.014
623000,0.010,0.987,0.003
623500,0.010,0.990,0.000
624000,0.010,0.955,0.035
624500,0.010,0.823,0.167
625000,0.010,0.986,0.004
625500,0.010,0.933,0.057
626000,0.010,0.845,0.145
626500,0.010,0.987,0.003
627000,0.010,0.976,0.014
627500,0.010,0.922,0.068
628000,0.010,0.963,0.027
628500,0.010,0.979,0.011
629000,0.010,0.958,0.032
629500,0.010,0.969,0.021
630000,0.010,0.975,0.015
630500,0.010,0.985,0.005
631000,0.010,0.941,0.049
631500,0.010,0.964,0.026
632000,0.010,0.980,0.010
632500,0.010,0.933,0.057
633000,0.010,0.919,0.071
633500,0.010,0.955,0.035
634000,0.010,0.983,0.007
634500,0.010,0.978,0.012
635000,0.010,0.969,0.021
635500,0.010,0.983,0.007
636000,0.010,0.950,0.040
636500,0.010,0.928,0.062
637000,0.010,0.937,0.053
637500,0.010,0.988,0.002
638000,0.010,0.952,0.038
638500,0.010,0.830,0.160
639000,0.010,0.982,0.008
639500,0.010,0.990,0.000
640000,0.010,0.990,0.000
640500,0.010,0.939,0.051
641000,0.010,0.971,0.019
641500,0.010,0.976,0.014
642000,0.010,0.967,0.023
642500,0.010,0.925,0.065
643000,0.010,0.954,0.036
643500,0.010,0.987,0.003
644000,0.010,0.960,0.030
644500,0.010,0.974,0.016
645000,0.010,0.967,0.023
645500,0.010,0.990,0.000
646000,0.010,0.974,0.016
646500,0.010,0.948,0.042
647000,0.010,0.918,0.072
647500,0.010,0.961,0.029
648000,0.010,0.971,0.019
648500,0.010,0.974,0.016
649000,0.010,0.969,0.021
649500,0.010,0.974,0.016
650000,0.010,0.988,0.002
650500,0.010,0.985,0.005
651000,0.010,0.979,0.011
651500,0.010,0.966,0.024
652000,0.010,0.942,0.048
652500,0.010,0.942,0.048
653000,0.010,0.989,0.001
653500,0.010,0.899,0.091
654000,0.010,0.981,0.009
654500,0.010,0.918,0.072
655000,0.010,0.914,0.076
655500,0.010,0.868,0.122
656000,0.010,0.983,0.007
656500,0.010,0.948,0.042
657000,0.010,0.989,0.001
657500,0.010,0.977,0.013
658000,0.010,0.962,0.028
658500,0.010,0.896,0.094
659000,0.010,0.906,0.084
659500,0.010,0.905,0.085
660000,0.010,0.968,0.022
660500,0.010,0.947,0.043
661000,0.010,0.950,0.040
661500,0.010,0.989,0.001
662000,0.010,0.968,0.022
662500,0.010,0.930,0.060
663000,0.010,0.990,0.000
663500,0.010,0.930,0.060
664000,0.010,0.973,0.017
664500,0.010,0.885,0.105
665000,0.010,0.989,0.001
665500,0.010,0.987,0.003
666000,0.010,0.965,0.025
666500,0.010,0.962,0.028
667000,0.010,0.906,0.084
667500,0.010,0.967,0.023
668000,0.010,0.990,0.000
668500,0.010,0.984,0.006
669000,0.010,0.900,0.090
669500,0.010,0.926,0.064
670000,0.010,0.990,0.000
670500,0.010,0.990,0.000
671000,0.010,0.967,0.023
671500,0.010,0.987,0.003
672000,0.010,0.955,0.035
672500,0.010,0.961,0.029
673000,0.010,0.965,0.025
673500,0.010,0.957,0.033
674000,0.010,0.971,0.019
674500,0.010,0.964,0.026
675000,0.010,0.954,0.036
675500,0.010,0.969,0.021
676000,0.010,0.969,0.021
676500,0.010,0.981,0.009
677000,0.010,0.989,0.001
677500,0.010,0.979,0.011
678000,0.010,0.987,0.003
678500,0.010,0.971,0.019
679000,0.010,0.968,0.022
679500,0.010,0.988,0.002
680000,0.010,0.990,0.000
680500,0.010,0.937,0.053
681000,0.010,0.906,0.084
681500,0.010,0.969,0.021
682000,0.010,0.963,0.027
682500,0.010,0.948,0.042
683000,0.010,0.924,0.066
683500,0.010,0.937,0.053
684000,0.010,0.989,0.001
684500,0.010,0.962,0.028
685000,0.010,0.975,0.015
685500,0.010,0.990,0.000
686000,0.010,0.965,0.025
686500,0.010,0.943,0.047
687000,0.010,0.985,0.005
687500,0.010,0.978,0.012
688000,0.010,0.945,0.045
688500,0.010,0.942,0.048
689000,0.010,0.935,0.055
689500,0.010,0.952,0.038
690000,0.010,0.909,0.081
690500,0.010,0.978,0.012
691000,0.010,0.990,0.000
691500,0.010,0.980,0.010
692000,0.010,0.987,0.003
692500,0.010,0.942,0.048
693000,0.010,0.963,0.027
693500,0.010,0.909,0.081
694000,0.010,0.920,0.070
694500,0.010,0.990,0.000
695000,0.010,0.972,0.018
695500,0.010,0.981,0.009
696000,0.010,0.952,0.038
696500,0.010,0.934,0.056
697000,0.010,0.888,0.102
697500,0.010,0.974,0.016
698000,0.010,0.968,0.022
698500,0.010,0.829,0.161
699000,0.010,0.879,0.111
699500,0.010,0.920,0.070
700000,0.010,0.985,0.005
700500,0.010,0.955,0.035
701000,0.010,0.886,0.104
701500,0.010,0.931,0.059
702000,0.010,0.902,0.088
702500,0.010,0.983,0.007
703000,0.010,0.976,0.014
703500,0.010,0.938,0.052
704000,0.010,0.941,0.049
704500,0.010,0.882,0.108
705000,0.010,0.929,0.061
705500,0.010,0.953,0.037
706000,0.010,0.986,0.004
706500,0.010,0.921,0.069
707000,0.010,0.989,0.001
707500,0.010,0.988,0.002
708000,0.010,0.948,0.042
708500,0.010,0.960,0.030
709000,0.010,0.981,0.009
709500,0.010,0.899,0.091
710000,0.010,0.933,0.057
710500,0.010,0.932,0.058
711000,0.010,0.922,0.068
711500,0.010,0.974,0.016
712000,0.010,0.980,0.010
712500,0.010,0.880,0.110
713000,0.010,0.881,0.109
713500,0.010,0.934,0.056
714000,0.010,0.968,0.022
714500,0.010,0.989,0.001
715000,0.010,0.951,0.039
715500,0.010,0.977,0.013
716000,0.010,0.964,0.026
716500,0.010,0.899,0.091
717000,0.010,0.934,0.056
717500,0.010,0.974,0.016
718000,0.010,0.988,0.002
718500,0.010,0.990,0.000
719000,0.010,0.990,0.000
719500,0.010,0.967,0.023
720000,0.010,0.955,0.035
720500,0.010,0.951,0.039
721000,0.010,0.967,0.023
721500,0.010,0.915,0.075
722000,0.010,0.987,0.003
722500,0.010,0.977,0.013
723000,0.010,0.982,0.008
723500,0.010,0.956,0.034
724000,0.010,0.928,0.062
724500,0.010,0.970,0.020
725000,0.010,0.911,0.079
725500,0.010,0.982,0.008
726000,0.010,0.956,0.034
726500,0.010,0.888,0.102
727000,0.010,0.944,0.046
727500,0.010,0.949,0.041
728000,0.010,0.987,0.003
728500,0.010,0.982,0.008
729000,0.010,0.990,0.000
729500,0.010,0.939,0.051
730000,0.010,0.866,0.124
730500,0.010,0.963,0.027
731000,0.010,0.983,0.007
731500,0.010,0.989,0.001
732000,0.010,0.926,0.064
732500,0.010,0.967,0.023
733000,0.010,0.935,0.055
733500,0.010,0.939,0.051
734000,0.010,0.983,0.007
734500,0.010,0.974,0.016
735000,0.010,0.949,0.041
735500,0.010,0.957,0.033
736000,0.010,0.895,0.095
736500,0.010,0.989,0.001
737000,0.010,0.815,0.175
737500,0.010,0.959,0.031
738000,0.010,0.904,0.086
738500,0.010,0.980,0.010
739000,0.010,0.932,0.058
739500,0.010,0.954,0.036
740000,0.010,0.941,0.049
740500,0.010,0.909,0.081
741000,0.010,0.929,0.061
741500,0.010,0.960,0.030
742000,0.010,0.980,0.010
742500,0.010,0.908,0.082
743000,0.010,0.914,0.076
743500,0.010,0.960,0.030
744000,0.010,0.969,0.021
744500,0.010,0.988,0.002
745000,0.010,0.945,0.045
745500,0.010,0.988,0.002
746000,0.010,0.962,0.028
746500,0.010,0.985,0.005
747000,0.010,0.956,0.034
747500,0.010,0.990,0.000
748000,0.010,0.889,0.101
748500,0.010,0.975,0.015
749000,0.010,0.979,0.011
749500,0.010,0.931,0.059
750000,0.010,0.971,0.019
750500,0.010,0.838,0.152
751000,0.010,0.949,0.041
751500,0.010,0.966,0.024
752000,0.010,0.937,0.053
752500,0.010,0.990,0.000
753000,0.010,0.927,0.063
753500,0.010,0.987,0.003
754000,0.010,0.886,0.104
754500,0.010,0.955,0.035
755000,0.010,0.926,0.064
755500,0.010,0.985,0.005
756000,0.010,0.952,0.038
756500,0.010,0.966,0.024
757000,0.010,0.964,0.026
757500,0.010,0.984,0.006
758000,0.010,0.971,0.019
758500,0.010,0.901,0.089
759000,0.010,0.955,0.035
759500,0.010,0.947,0.043
760000,0.010,0.960,0.030
760500,0.010,0.989,0.001
761000,0.010,0.971,0.019
761500,0.010,0.842,0.148
762000,0.010,0.984,0.006
762500,0.010,0.961,0.029
763000,0.010,0.984,0.006
763500,0.010,0.966,0.024
764000,0.010,0.990,0.000
764500,0.010,0.892,0.098
765000,0.010,0.933,0.057
765500,0.010,0.953,0.037
766000,0.010,0.951,0.039
766500,0.010,0.966,0.024
767000,0.010,0.965,0.025
767500,0.010,0.958,0.032
768000,0.010,0.945,0.045
768500,0.010,0.945,0.045
769000,0.010,0.956,0.034
769500,0.010,0.972,0.018
770000,0.010,0.985,0.005
770500,0.010,0.963,0.027
771000,0.010,0.878,0.112
771500,0.010,0.980,0.010
772000,0.010,0.964,0.026
772500,0.010,0.984,0.006
773000,0.010,0.990,0.000
773500,0.010,0.967,0.023
774000,0.010,0.964,0.026
774500,0.010,0.981,0.009
775000,0.010,0.980,0.010
775500,0.010,0.924,0.066
776000,0.010,0.917,0.073
776500,0.010,0.985,0.005
777000,0.010,0.964,0.026
777500,0.010,0.842,0.148
778000,0.010,0.932,0.058
778500,0.010,0.975,0.015
779000,0.010,0.987,0.003
779500,0.010,0.935,0.055
780000,0.010,0.988,0.002
780500,0.010,0.989,0.001
781000,0.010,0.935,0.055
781500,0.010,0.925,0.065
782000,0.010,0.842,0.148
782500,0.010,0.984,0.006
783000,0.010,0.967,0.023
783500,0.010,0.989,0.001
784000,0.010,0.984,0.006
784500,0.010,0.914,0.076
785000,0.010,0.990,0.000
785500,0.010,0.965,0.025
786000,0.010,0.963,0.027
786500,0.010,0.916,0.074
787000,0.010,0.941,0.049
787500,0.010,0.965,0.025
788000,0.010,0.914,0.076
788500,0.010,0.914,0.076
789000,0.010,0.969,0.021
789500,0.010,0.938,0.052
790000,0.010,0.836,0.154
790500,0.010,0.957,0.033
791000,0.010,0.961,0.029
791500,0.010,0.951,0.039
792000,0.010,0.863,0.127
792500,0.010,0.938,0.052
793000,0.010,0.960,0.030
793500,0.010,0.964,0.026
794000,0.010,0.955,0.035
794500,0.010,0.944,0.046
795000,0.010,0.961,0.029
795500,0.010,0.874,0.116
796000,0.010,0.950,0.040
796500,0.010,0.987,0.003
797000,0.010,0.973,0.017
797500,0.010,0.914,0.076
798000,0.010,0.928,0.062
798500,0.010,0.967,0.023
799000,0.010,0.987,0.003
799500,0.010,0.974,0.016
800000,0.010,0.974,0.016
800500,0.010,0.956,0.034
801000,0.010,0.989,0.001
801500,0.010,0.952,0.038
802000,0.010,0.973,0.017
802500,0.010,0.983,0.007
803000,0.010,0.950,0.040
803500,0.010,0.905,0.085
804000,0.010,0.987,0.003
804500,0.010,0.951,0.039
805000,0.010,0.988,0.002
805500,0.010,0.973,0.017
806000,0.010,0.966,0.024
806500,0.010,0.920,0.070
807000,0.010,0.929,0.061
807500,0.010,0.750,0.240
808000,0.010,0.982,0.008
808500,0.010,0.965,0.025
809000,0.010,0.971,0.019
809500,0.010,0.980,0.010
810000,0.010,0.949,0.041
810500,0.010,0.876,0.114
811000,0.010,0.978,0.012
811500,0.010,0.936,0.054
812000,0.010,0.930,0.060
812500,0.010,0.952,0.038
813000,0.010,0.935,0.055
813500,0.010,0.939,0.051
814000,0.010,0.958,0.032
814500,0.010,0.982,0.008
815000,0.010,0.958,0.032
815500,0.010,0.940,0.050
816000,0.010,0.970,0.020
816500,0.010,0.870,0.120
817000,0.010,0.967,0.023
817500,0.010,0.930,0.060
818000,0.010,0.987,0.003
818500,0.010,0.745,0.245
819000,0.010,0.955,0.035
819500,0.010,0.927,0.063
820000,0.010,0.988,0.002
820500,0.010,0.974,0.016
821000,0.010,0.824,0.166
821500,0.010,0.965,0.025
822000,0.010,0.884,0.106
822500,0.010,0.964,0.026
823000,0.010,0.989,0.001
823500,0.010,0.962,0.028
824000,0.010,0.952,0.038
824500,0.010,0.978,0.012
825000,0.010,0.943,0.047
825500,0.010,0.886,0.104
826000,0.010,0.945,0.045
826500,0.010,0.907,0.083
827000,0.010,0.976,0.014
827500,0.010,0.984,0.006
828000,0.010,0.990,0.000
828500,0.010,0.975,0.015
829000,0.010,0.940,0.050
829500,0.010,0.932,0.058
830000,0.010,0.951,0.039
830500,0.010,0.972,0.018
831000,0.010,0.956,0.034
831500,0.010,0.886,0.104
832000,0.010,0.961,0.029
832500,0.010,0.938,0.052
833000,0.010,0.967,0.023
833500,0.010,0.938,0.052
834000,0.010,0.990,0.000
834500,0.010,0.948,0.042
835000,0.010,0.990,0.000
835500,0.010,0.944,0.046
836000,0.010,0.927,0.063
836500,0.010,0.955,0.035
837000,0.010,0.968,0.022
837500,0.010,0.913,0.077
838000,0.010,0.970,0.020
838500,0.010,0.926,0.064
839000,0.010,0.988,0.002
839500,0.010,0.983,0.007
840000,0.010,0.919,0.071
840500,0.010,0.923,0.067
841000,0.010,0.962,0.028
841500,0.010,0.944,0.046
842000,0.010,0.933,0.057
842500,0.010,0.888,0.102
843000,0.010,0.962,0.028
843500,0.010,0.948,0.042
844000,0.010,0.901,0.089
844500,0.010,0.974,0.016
845000,0.010,0.987,0.003
845500,0.010,0.950,0.040
846000,0.010,0.987,0.003
846500,0.010,0.987,0.003
847000,0.010,0.889,0.101
847500,0.010,0.954,0.036
848000,0.010,0.952,0.038
848500,0.010,0.963,0.027
849000,0.010,0.929,0.061
849500,0.010,0.915,0.075
850000,0.010,0.921,0.069
850500,0.010,0.931,0.059
851000,0.010,0.912,0.078
851500,0.010,0.950,0.040
852000,0.010,0.957,0.033
852500,0.010,0.920,0.070
853000,0.010,0.963,0.027
853500,0.010,0.953,0.037
854000,0.010,0.840,0.150
854500,0.010,0.852,0.138
855000,0.010,0.927,0.063
855500,0.010,0.895,0.095
856000,0.010,0.950,0.040
856500,0.010,0.949,0.041
857000,0.010,0.988,0.002
857500,0.010,0.958,0.032
858000,0.010,0.943,0.047
858500,0.010,0.987,0.003
859000,0.010,0.990,0.000
859500,0.010,0.950,0.040
860000,0.010,0.984,0.006
860500,0.010,0.900,0.090
861000,0.010,0.972,0.018
861500,0.010,0.983,0.007
862000,0.010,0.990,0.000
862500,0.010,0.913,0.077
863000,0.010,0.937,0.053
863500,0.010,0.901,0.089
864000,0.010,0.990,0.000
864500,0.010,0.987,0.003
865000,0.010,0.971,0.019
865500,0.010,0.953,0.037
866000,0.010,0.923,0.067
866500,0.010,0.970,0.020
867000,0.010,0.901,0.089
867500,0.010,0.954,0.036
868000,0.010,0.976,0.014
868500,0.010,0.986,0.004
869000,0.010,0.986,0.004
869500,0.010,0.956,0.034
870000,0.010,0.970,0.020
870500,0.010,0.967,0.023
871000,0.010,0.938,0.052
871500,0.010,0.904,0.086
872000,0.010,0.977,0.013
872500,0.010,0.980,0.010
873000,0.010,0.965,0.025
873500,0.010,0.957,0.033
874000,0.010,0.983,0.007
874500,0.010,0.990,0.000
875000,0.010,0.970,0.020
875500,0.010,0.990,0.000
876000,0.010,0.982,0.008
876500,0.010,0.931,0.059
877000,0.010,0.945,0.045
877500,0.010,0.896,0.094
878000,0.010,0.953,0.037
878500,0.010,0.883,0.107
879000,0.010,0.964,0.026
879500,0.010,0.962,0.028
880000,0.010,0.970,0.020
880500,0.010,0.962,0.028
881000,0.010,0.989,0.001
881500,0.010,0.931,0.059
882000,0.010,0.939,0.051
882500,0.010,0.953,0.037
883000,0.010,0.967,0.023
883500,0.010,0.964,0.026
884000,0.010,0.988,0.002
884500,0.010,0.984,0.006
885000,0.010,0.971,0.019
885500,0.010,0.958,0.032
886000,0.010,0.944,0.046
886500,0.010,0.982,0.008
887000,0.010,0.953,0.037
887500,0.010,0.988,0.002
888000,0.010,0.970,0.020
888500,0.010,0.953,0.037
889000,0.010,0.920,0.070
889500,0.010,0.978,0.012
890000,0.010,0.935,0.055
890500,0.010,0.868,0.122
891000,0.010,0.989,0.001
891500,0.010,0.972,0.018
892000,0.010,0.965,0.025
892500,0.010,0.971,0.019
893000,0.010,0.979,0.011
893500,0.010,0.949,0.041
894000,0.010,0.974,0.016
894500,0.010,0.932,0.058
895000,0.010,0.975,0.015
895500,0.010,0.978,0.012
896000,0.010,0.956,0.034
896500,0.010,0.968,0.022
897000,0.010,0.964,0.026
897500,0.010,0.981,0.009
898000,0.010,0.955,0.035
898500,0.010,0.986,0.004
899000,0.010,0.972,0.018
899500,0.010,0.915,0.075
900000,0.010,0.946,0.044
900500,0.010,0.985,0.005
901000,0.010,0.898,0.092
901500,0.010,0.970,0.020
902000,0.010,0.899,0.091
902500,0.010,0.986,0.004
903000,0.010,0.905,0.085
903500,0.010,0.953,0.037
904000,0.010,0.958,0.032
904500,0.010,0.963,0.027
905000,0.010,0.961,0.029
905500,0.010,0.951,0.039
906000,0.010,0.956,0.034
906500,0.010,0.986,0.004
907000,0.010,0.966,0.024
907500,0.010,0.990,0.000
908000,0.010,0.971,0.019
908500,0.010,0.990,0.000
909000,0.010,0.869,0.121
909500,0.010,0.966,0.024
910000,0.010,0.943,0.047
910500,0.010,0.915,0.075
911000,0.010,0.989,0.001
911500,0.010,0.947,0.043
912000,0.010,0.874,0.116
912500,0.010,0.967,0.023
913000,0.010,0.990,0.000
913500,0.010,0.928,0.062
914000,0.010,0.975,0.015
914500,0.010,0.956,0.034
915000,0.010,0.945,0.045
915500,0.010,0.820,0.170
916000,0.010,0.984,0.006
916500,0.010,0.833,0.157
917000,0.010,0.989,0.001
917500,0.010,0.980,0.010
918000,0.010,0.981,0.009
918500,0.010,0.980,0.010
919000,0.010,0.965,0.025
919500,0.010,0.951,0.039
920000,0.010,0.964,0.026
920500,0.010,0.902,0.088
921000,0.010,0.906,0.084
921500,0.010,0.988,0.002
922000,0.010,0.969,0.021
922500,0.010,0.983,0.007
923000,0.010,0.970,0.020
923500,0.010,0.989,0.001
924000,0.010,0.988,0.002
924500,0.010,0.963,0.027
925000,0.010,0.939,0.051
925500,0.010,0.925,0.065
926000,0.010,0.983,0.007
926500,0.010,0.957,0.033
927000,0.010,0.978,0.012
927500,0.010,0.969,0.021
928000,0.010,0.985,0.005
928500,0.010,0.879,0.111
929000,0.010,0.950,0.040
929500,0.010,0.973,0.017
930000,0.010,0.960,0.030
930500,0.010,0.906,0.084
931000,0.010,0.966,0.024
931500,0.010,0.981,0.009
932000,0.010,0.984,0.006
932500,0.010,0.903,0.087
933000,0.010,0.975,0.015
933500,0.010,0.957,0.033
934000,0.010,0.891,0.099
934500,0.010,0.911,0.079
935000,0.010,0.956,0.034
935500,0.010,0.984,0.006
936000,0.010,0.940,0.050
936500,0.010,0.986,0.004
937000,0.010,0.979,0.011
937500,0.010,0.990,0.000
938000,0.010,0.895,0.095
938500,0.010,0.946,0.044
939000,0.010,0.935,0.055
939500,0.010,0.983,0.007
940000,0.010,0.897,0.093
940500,0.010,0.960,0.030
941000,0.010,0.967,0.023
941500,0.010,0.920,0.070
942000,0.010,0.989,0.001
942500,0.010,0.732,0.258
943000,0.010,0.972,0.018
943500,0.010,0.987,0.003
944000,0.010,0.951,0.039
944500,0.010,0.918,0.072
945000,0.010,0.871,0.119
945500,0.010,0.917,0.073
946000,0.010,0.984,0.006
946500,0.010,0.968,0.022
947000,0.010,0.964,0.026
947500,0.010,0.974,0.016
948000,0.010,0.970,0.020
948500,0.010,0.921,0.069
949000,0.010,0.977,0.013
949500,0.010,0.950,0.040
950000,0.010,0.957,0.033
950500,0.010,0.940,0.050
951000,0.010,0.989,0.001
951500,0.010,0.988,0.002
952000,0.010,0.948,0.042
952500,0.010,0.968,0.022
953000,0.010,0.990,0.000
953500,0.010,0.990,0.000
954000,0.010,0.904,0.086
954500,0.010,0.843,0.147
955000,0.010,0.912,0.078
955500,0.010,0.980,0.010
956000,0.010,0.984,0.006
956500,0.010,0.972,0.018
957000,0.010,0.931,0.059
957500,0.010,0.987,0.003
958000,0.010,0.945,0.045
958500,0.010,0.950,0.040
959000,0.010,0.912,0.078
959500,0.010,0.973,0.017
960000,0.010,0.943,0.047
960500,0.010,0.963,0.027
961000,0.010,0.973,0.017
961500,0.010,0.970,0.020
962000,0.010,0.895,0.095
962500,0.010,0.990,0.000
963000,0.010,0.907,0.083
963500,0.010,0.918,0.072
964000,0.010,0.986,0.004
964500,0.010,0.987,0.003
965000,0.010,0.936,0.054
965500,0.010,0.972,0.018
966000,0.010,0.959,0.031
966500,0.010,0.898,0.092
967000,0.010,0.990,0.000
967500,0.010,0.946,0.044
968000,0.010,0.888,0.102
968500,0.010,0.962,0.028
969000,0.010,0.970,0.020
969500,0.010,0.933,0.057
970000,0.010,0.932,0.058
970500,0.010,0.903,0.087
971000,0.010,0.979,0.011
971500,0.010,0.898,0.092
972000,0.010,0.847,0.143
972500,0.010,0.976,0.014
973000,0.010,0.933,0.057
973500,0.010,0.963,0.027
974000,0.010,0.877,0.113
974500,0.010,0.822,0.168
975000,0.010,0.990,0.000
975500,0.010,0.943,0.047
976000,0.010,0.989,0.001
976500,0.010,0.978,0.012
977000,0.010,0.969,0.021
977500,0.010,0.937,0.053
978000,0.010,0.978,0.012
978500,0.010,0.977,0.013
979000,0.010,0.970,0.020
979500,0.010,0.966,0.024
980000,0.010,0.955,0.035
980500,0.010,0.969,0.021
981000,0.010,0.978,0.012
981500,0.010,0.967,0.023
982000,0.010,0.989,0.001
982500,0.010,0.922,0.068
983000,0.010,0.874,0.116
983500,0.010,0.958,0.032
984000,0.010,0.895,0.095
984500,0.010,0.962,0.028
985000,0.010,0.981,0.009
985500,0.010,0.989,0.001
986000,0.010,0.935,0.055
986500,0.010,0.972,0.018
987000,0.010,0.989,0.001
987500,0.010,0.990,0.000
988000,0.010,0.913,0.077
988500,0.010,0.960,0.030
989000,0.010,0.967,0.023
989500,0.010,0.920,0.070
990000,0.010,0.945,0.045
990500,0.010,0.978,0.012
991000,0.010,0.990,0.000
991500,0.010,0.952,0.038
992000,0.010,0.906,0.084
992500,0.010,0.943,0.047
993000,0.010,0.981,0.009
993500,0.010,0.990,0.000
994000,0.010,0.990,0.000
994500,0.010,0.986,0.004
995000,0.010,0.985,0.005
995500,0.010,0.988,0.002
996000,0.010,0.949,0.041
996500,0.010,0.976,0.014
997000,0.010,0.956,0.034
997500,0.010,0.911,0.079
998000,0.010,0.913,0.077
998500,0.010,0.982,0.008
999000,0.010,0.989,0.001
999500,0.010,0.943,0.047
1000000,0.010,0.976,0.014
