time,n_A+p,n_B,n_AB
500,0.030,0.902,0.068
1000,0.030,0.806,0.164
1500,0.032,0.656,0.312
2000,0.035,0.538,0.427
2500,0.031,0.440,0.529
3000,0.032,0.346,0.622
3500,0.046,0.302,0.652
4000,0.071,0.221,0.708
4500,0.102,0.170,0.728
5000,0.097,0.164,0.739
5500,0.121,0.182,0.697
6000,0.132,0.144,0.724
6500,0.111,0.148,0.741
7000,0.116,0.101,0.783
7500,0.131,0.104,0.765
8000,0.143,0.097,0.760
8500,0.146,0.110,0.744
9000,0.171,0.114,0.715
9500,0.179,0.115,0.706
10000,0.184,0.111,0.705
10500,0.190,0.082,0.728
11000,0.213,0.078,0.709
11500,0.198,0.069,0.733
12000,0.246,0.063,0.691
12500,0.258,0.058,0.684
13000,0.263,0.072,0.665
13500,0.200,0.073,0.727
14000,0.218,0.051,0.731
14500,0.222,0.050,0.728
15000,0.227,0.070,0.703
15500,0.229,0.079,0.692
16000,0.220,0.076,0.704
16500,0.213,0.089,0.698
17000,0.189,0.070,0.741
17500,0.189,0.048,0.763
18000,0.209,0.065,0.726
18500,0.215,0.088,0.697
19000,0.236,0.087,0.677
19500,0.209,0.095,0.696
20000,0.179,0.071,0.750
20500,0.186,0.091,0.723
21000,0.193,0.087,0.720
21500,0.223,0.059,0.718
22000,0.207,0.066,0.727
22500,0.183,0.076,0.741
23000,0.209,0.078,0.713
23500,0.189,0.084,0.727
24000,0.146,0.113,0.741
24500,0.165,0.096,0.739
25000,0.187,0.089,0.724
25500,0.193,0.095,0.712
26000,0.183,0.094,0.723
26500,0.187,0.089,0.724
27000,0.165,0.113,0.722
27500,0.173,0.089,0.738
28000,0.181,0.074,0.745
28500,0.171,0.097,0.732
29000,0.179,0.109,0.712
29500,0.184,0.085,0.731
30000,0.179,0.081,0.740
30500,0.191,0.096,0.713
31000,0.180,0.092,0.728
31500,0.168,0.098,0.734
32000,0.139,0.075,0.786
32500,0.139,0.103,0.758
33000,0.184,0.078,0.738
33500,0.164,0.094,0.742
34000,0.182,0.089,0.729
34500,0.172,0.091,0.737
35000,0.182,0.073,0.745
35500,0.187,0.078,0.735
36000,0.171,0.102,0.727
36500,0.183,0.105,0.712
37000,0.172,0.098,0.730
37500,0.184,0.091,0.725
38000,0.196,0.098,0.706
38500,0.197,0.097,0.706
39000,0.206,0.093,0.701
39500,0.208,0.069,0.723
40000,0.201,0.071,0.728
40500,0.179,0.088,0.733
41000,0.184,0.085,0.731
41500,0.191,0.076,0.733
42000,0.168,0.090,0.742
42500,0.209,0.072,0.719
43000,0.162,0.063,0.775
43500,0.192,0.075,0.733
44000,0.210,0.066,0.724
44500,0.190,0.074,0.736
45000,0.212,0.061,0.727
45500,0.202,0.069,0.729
46000,0.186,0.099,0.715
46500,0.163,0.092,0.745
47000,0.172,0.077,0.751
47500,0.158,0.094,0.748
48000,0.126,0.094,0.780
48500,0.135,0.107,0.758
49000,0.149,0.103,0.748
49500,0.176,0.104,0.720
50000,0.193,0.124,0.683
50500,0.182,0.107,0.711
51000,0.193,0.099,0.708
51500,0.211,0.074,0.715
52000,0.223,0.055,0.722
52500,0.197,0.054,0.749
53000,0.203,0.052,0.745
53500,0.251,0.048,0.701
54000,0.245,0.069,0.686
54500,0.211,0.085,0.704
55000,0.237,0.081,0.682
55500,0.216,0.071,0.713
56000,0.210,0.057,0.733
56500,0.195,0.069,0.736
57000,0.192,0.086,0.722
57500,0.167,0.064,0.769
58000,0.195,0.080,0.725
58500,0.205,0.088,0.707
59000,0.197,0.067,0.736
59500,0.180,0.065,0.755
60000,0.190,0.067,0.743
60500,0.198,0.081,0.721
61000,0.193,0.089,0.718
61500,0.190,0.084,0.726
62000,0.174,0.101,0.725
62500,0.175,0.119,0.706
63000,0.173,0.089,0.738
63500,0.185,0.066,0.749
64000,0.198,0.075,0.727
64500,0.187,0.064,0.749
65000,0.213,0.067,0.720
65500,0.223,0.061,0.716
66000,0.210,0.069,0.721
66500,0.226,0.057,0.717
67000,0.226,0.048,0.726
67500,0.192,0.066,0.742
68000,0.162,0.084,0.754
68500,0.197,0.067,0.736
69000,0.206,0.068,0.726
69500,0.215,0.053,0.732
70000,0.225,0.062,0.713
70500,0.222,0.051,0.727
71000,0.220,0.062,0.718
71500,0.231,0.058,0.711
72000,0.232,0.074,0.694
72500,0.203,0.081,0.716
73000,0.159,0.075,0.766
73500,0.169,0.094,0.737
74000,0.179,0.105,0.716
74500,0.154,0.088,0.758
75000,0.179,0.089,0.732
75500,0.181,0.092,0.727
76000,0.174,0.078,0.748
76500,0.179,0.083,0.738
77000,0.166,0.094,0.740
77500,0.162,0.080,0.758
78000,0.173,0.091,0.736
78500,0.190,0.082,0.728
79000,0.167,0.084,0.749
79500,0.206,0.077,0.717
80000,0.212,0.073,0.715
80500,0.205,0.089,0.706
81000,0.203,0.071,0.726
81500,0.180,0.081,0.739
82000,0.176,0.085,0.739
82500,0.204,0.085,0.711
83000,0.206,0.115,0.679
83500,0.201,0.086,0.713
84000,0.239,0.091,0.670
84500,0.218,0.057,0.725
85000,0.243,0.065,0.692
85500,0.255,0.054,0.691
86000,0.230,0.047,0.723
86500,0.225,0.039,0.736
87000,0.211,0.078,0.711
87500,0.207,0.068,0.725
88000,0.188,0.055,0.757
88500,0.205,0.086,0.709
89000,0.199,0.080,0.721
89500,0.190,0.070,0.740
90000,0.203,0.057,0.740
90500,0.210,0.059,0.731
91000,0.235,0.063,0.702
91500,0.207,0.068,0.725
92000,0.192,0.083,0.725
92500,0.155,0.113,0.732
93000,0.171,0.119,0.710
93500,0.159,0.122,0.719
94000,0.148,0.111,0.741
94500,0.207,0.093,0.700
95000,0.230,0.079,0.691
95500,0.197,0.060,0.743
96000,0.186,0.063,0.751
96500,0.191,0.069,0.740
97000,0.183,0.117,0.700
97500,0.182,0.092,0.726
98000,0.193,0.076,0.731
98500,0.207,0.081,0.712
99000,0.205,0.064,0.731
99500,0.216,0.051,0.733
100000,0.210,0.056,0.734
100500,0.173,0.081,0.746
101000,0.192,0.084,0.724
101500,0.189,0.067,0.744
102000,0.203,0.090,0.707
102500,0.194,0.098,0.708
103000,0.203,0.078,0.719
103500,0.211,0.071,0.718
104000,0.229,0.065,0.706
104500,0.221,0.064,0.715
105000,0.223,0.067,0.710
105500,0.218,0.083,0.699
106000,0.194,0.099,0.707
106500,0.172,0.088,0.740
107000,0.153,0.103,0.744
107500,0.152,0.089,0.759
108000,0.131,0.129,0.740
108500,0.124,0.125,0.751
109000,0.141,0.121,0.738
109500,0.130,0.136,0.734
110000,0.140,0.111,0.749
110500,0.155,0.105,0.740
111000,0.138,0.099,0.763
111500,0.155,0.101,0.744
112000,0.157,0.105,0.738
112500,0.166,0.117,0.717
113000,0.179,0.089,0.732
113500,0.170,0.082,0.748
114000,0.170,0.085,0.745
114500,0.194,0.091,0.715
115000,0.216,0.079,0.705
115500,0.198,0.075,0.727
116000,0.213,0.087,0.700
116500,0.197,0.079,0.724
117000,0.229,0.066,0.705
117500,0.208,0.053,0.739
118000,0.204,0.057,0.739
118500,0.192,0.071,0.737
119000,0.196,0.090,0.714
119500,0.162,0.122,0.716
120000,0.201,0.129,0.670
120500,0.191,0.124,0.685
121000,0.185,0.116,0.699
121500,0.157,0.123,0.720
122000,0.170,0.083,0.747
122500,0.164,0.072,0.764
123000,0.189,0.084,0.727
123500,0.194,0.074,0.732
124000,0.201,0.065,0.734
124500,0.179,0.079,0.742
125000,0.176,0.101,0.723
125500,0.156,0.088,0.756
126000,0.167,0.067,0.766
126500,0.186,0.062,0.752
127000,0.171,0.106,0.723
127500,0.164,0.111,0.725
128000,0.185,0.085,0.730
128500,0.202,0.084,0.714
129000,0.185,0.069,0.746
129500,0.179,0.086,0.735
130000,0.172,0.075,0.753
130500,0.242,0.056,0.702
131000,0.229,0.047,0.724
131500,0.221,0.064,0.715
132000,0.247,0.055,0.698
132500,0.239,0.061,0.700
133000,0.243,0.046,0.711
133500,0.272,0.040,0.688
134000,0.274,0.047,0.679
134500,0.218,0.052,0.730
135000,0.188,0.079,0.733
135500,0.218,0.077,0.705
136000,0.223,0.065,0.712
136500,0.210,0.093,0.697
137000,0.210,0.089,0.701
137500,0.214,0.083,0.703
138000,0.204,0.067,0.729
138500,0.180,0.070,0.750
139000,0.211,0.066,0.723
139500,0.209,0.077,0.714
140000,0.205,0.069,0.726
140500,0.206,0.084,0.710
141000,0.186,0.085,0.729
141500,0.172,0.093,0.735
142000,0.179,0.096,0.725
142500,0.185,0.071,0.744
143000,0.211,0.080,0.709
143500,0.198,0.103,0.699
144000,0.191,0.075,0.734
144500,0.197,0.094,0.709
145000,0.196,0.095,0.709
145500,0.185,0.088,0.727
146000,0.189,0.095,0.716
146500,0.178,0.079,0.743
147000,0.189,0.064,0.747
147500,0.199,0.051,0.750
148000,0.214,0.066,0.720
148500,0.219,0.078,0.703
149000,0.177,0.081,0.742
149500,0.199,0.072,0.729
150000,0.210,0.065,0.725
150500,0.226,0.048,0.726
151000,0.251,0.056,0.693
151500,0.249,0.049,0.702
152000,0.257,0.051,0.692
152500,0.239,0.062,0.699
153000,0.241,0.071,0.688
153500,0.212,0.075,0.713
154000,0.184,0.080,0.736
154500,0.187,0.081,0.732
155000,0.230,0.079,0.691
155500,0.237,0.064,0.699
156000,0.229,0.075,0.696
156500,0.201,0.053,0.746
157000,0.175,0.069,0.756
157500,0.169,0.052,0.779
158000,0.217,0.070,0.713
158500,0.192,0.082,0.726
159000,0.208,0.096,0.696
159500,0.192,0.089,0.719
160000,0.180,0.091,0.729
160500,0.176,0.098,0.726
161000,0.162,0.111,0.727
161500,0.188,0.092,0.720
162000,0.196,0.087,0.717
162500,0.190,0.078,0.732
163000,0.228,0.065,0.707
163500,0.225,0.057,0.718
164000,0.205,0.072,0.723
164500,0.196,0.072,0.732
165000,0.222,0.074,0.704
165500,0.234,0.054,0.712
166000,0.198,0.059,0.743
166500,0.161,0.071,0.768
167000,0.142,0.107,0.751
167500,0.151,0.103,0.746
168000,0.136,0.109,0.755
168500,0.148,0.115,0.737
169000,0.158,0.094,0.748
169500,0.131,0.099,0.770
170000,0.127,0.097,0.776
170500,0.144,0.074,0.782
171000,0.182,0.076,0.742
171500,0.181,0.070,0.749
172000,0.201,0.063,0.736
172500,0.197,0.055,0.748
173000,0.235,0.062,0.703
173500,0.250,0.051,0.699
174000,0.257,0.054,0.689
174500,0.242,0.060,0.698
175000,0.220,0.075,0.705
175500,0.215,0.058,0.727
176000,0.214,0.051,0.735
176500,0.181,0.060,0.759
177000,0.199,0.073,0.728
177500,0.183,0.079,0.738
178000,0.226,0.072,0.702
178500,0.244,0.082,0.674
179000,0.217,0.070,0.713
179500,0.212,0.077,0.711
180000,0.225,0.069,0.706
180500,0.231,0.063,0.706
181000,0.212,0.071,0.717
181500,0.219,0.062,0.719
182000,0.226,0.077,0.697
182500,0.214,0.070,0.716
183000,0.212,0.073,0.715
183500,0.202,0.075,0.723
184000,0.220,0.063,0.717
184500,0.216,0.061,0.723
185000,0.181,0.047,0.772
185500,0.196,0.052,0.752
186000,0.210,0.087,0.703
186500,0.188,0.068,0.744
187000,0.175,0.083,0.742
187500,0.152,0.098,0.750
188000,0.133,0.100,0.767
188500,0.177,0.124,0.699
189000,0.167,0.111,0.722
189500,0.174,0.118,0.708
190000,0.185,0.118,0.697
190500,0.230,0.088,0.682
191000,0.244,0.075,0.681
191500,0.226,0.063,0.711
192000,0.238,0.064,0.698
192500,0.214,0.101,0.685
193000,0.182,0.083,0.735
193500,0.179,0.107,0.714
194000,0.189,0.077,0.734
194500,0.187,0.092,0.721
195000,0.189,0.073,0.738
195500,0.216,0.076,0.708
196000,0.192,0.068,0.740
196500,0.177,0.085,0.738
197000,0.172,0.089,0.739
197500,0.164,0.079,0.757
198000,0.232,0.063,0.705
198500,0.184,0.061,0.755
199000,0.158,0.078,0.764
199500,0.190,0.089,0.721
200000,0.190,0.092,0.718
200500,0.202,0.077,0.721
201000,0.230,0.081,0.689
201500,0.213,0.094,0.693
202000,0.222,0.084,0.694
202500,0.200,0.084,0.716
203000,0.172,0.091,0.737
203500,0.177,0.086,0.737
204000,0.157,0.084,0.759
204500,0.151,0.088,0.761
205000,0.154,0.097,0.749
205500,0.171,0.119,0.710
206000,0.176,0.108,0.716
206500,0.201,0.097,0.702
207000,0.189,0.083,0.728
207500,0.188,0.089,0.723
208000,0.164,0.094,0.742
208500,0.157,0.082,0.761
209000,0.183,0.077,0.740
209500,0.179,0.053,0.768
210000,0.216,0.065,0.719
210500,0.199,0.091,0.710
211000,0.234,0.073,0.693
211500,0.196,0.081,0.723
212000,0.164,0.101,0.735
212500,0.165,0.083,0.752
213000,0.180,0.126,0.694
213500,0.183,0.089,0.728
214000,0.167,0.074,0.759
214500,0.187,0.074,0.739
215000,0.189,0.071,0.740
215500,0.207,0.054,0.739
216000,0.215,0.071,0.714
216500,0.205,0.087,0.708
217000,0.227,0.096,0.677
217500,0.165,0.075,0.760
218000,0.197,0.106,0.697
218500,0.155,0.102,0.743
219000,0.176,0.105,0.719
219500,0.156,0.098,0.746
220000,0.143,0.105,0.752
220500,0.141,0.127,0.732
221000,0.139,0.110,0.751
221500,0.119,0.129,0.752
222000,0.134,0.111,0.755
222500,0.153,0.117,0.730
223000,0.144,0.112,0.744
223500,0.145,0.118,0.737
224000,0.156,0.083,0.761
224500,0.160,0.085,0.755
225000,0.168,0.098,0.734
225500,0.145,0.119,0.736
226000,0.159,0.103,0.738
226500,0.130,0.076,0.794
227000,0.165,0.091,0.744
227500,0.172,0.096,0.732
228000,0.156,0.113,0.731
228500,0.158,0.087,0.755
229000,0.172,0.103,0.725
229500,0.144,0.129,0.727
230000,0.152,0.121,0.727
230500,0.189,0.103,0.708
231000,0.196,0.088,0.716
231500,0.174,0.089,0.737
232000,0.169,0.084,0.747
232500,0.167,0.089,0.744
233000,0.192,0.086,0.722
233500,0.188,0.079,0.733
234000,0.210,0.087,0.703
234500,0.180,0.109,0.711
235000,0.163,0.114,0.723
235500,0.166,0.103,0.731
236000,0.161,0.085,0.754
236500,0.149,0.078,0.773
237000,0.141,0.084,0.775
237500,0.178,0.093,0.729
238000,0.181,0.090,0.729
238500,0.175,0.086,0.739
239000,0.176,0.106,0.718
239500,0.178,0.111,0.711
240000,0.165,0.091,0.744
240500,0.153,0.092,0.755
241000,0.148,0.081,0.771
241500,0.151,0.089,0.760
242000,0.166,0.096,0.738
242500,0.186,0.094,0.720
243000,0.193,0.093,0.714
243500,0.190,0.077,0.733
244000,0.202,0.090,0.708
244500,0.223,0.078,0.699
245000,0.242,0.059,0.699
245500,0.223,0.078,0.699
246000,0.199,0.072,0.729
246500,0.174,0.086,0.740
247000,0.206,0.081,0.713
247500,0.222,0.068,0.710
248000,0.225,0.064,0.711
248500,0.233,0.060,0.707
249000,0.239,0.049,0.712
249500,0.244,0.056,0.700
250000,0.220,0.064,0.716
250500,0.263,0.045,0.692
251000,0.254,0.054,0.692
251500,0.237,0.061,0.702
252000,0.209,0.075,0.716
252500,0.212,0.094,0.694
253000,0.193,0.086,0.721
253500,0.188,0.086,0.726
254000,0.203,0.065,0.732
254500,0.204,0.068,0.728
255000,0.207,0.052,0.741
255500,0.213,0.059,0.728
256000,0.211,0.066,0.723
256500,0.186,0.079,0.735
257000,0.175,0.072,0.753
257500,0.184,0.072,0.744
258000,0.184,0.097,0.719
258500,0.181,0.106,0.713
259000,0.179,0.096,0.725
259500,0.198,0.081,0.721
260000,0.214,0.091,0.695
260500,0.206,0.085,0.709
261000,0.161,0.088,0.751
261500,0.130,0.096,0.774
262000,0.157,0.104,0.739
262500,0.187,0.079,0.734
263000,0.181,0.081,0.738
263500,0.166,0.076,0.758
264000,0.166,0.088,0.746
264500,0.156,0.088,0.756
265000,0.180,0.078,0.742
265500,0.185,0.123,0.692
266000,0.195,0.095,0.710
266500,0.175,0.083,0.742
267000,0.181,0.120,0.699
267500,0.183,0.135,0.682
268000,0.141,0.140,0.719
268500,0.162,0.109,0.729
269000,0.158,0.121,0.721
269500,0.162,0.122,0.716
270000,0.148,0.112,0.740
270500,0.159,0.100,0.741
271000,0.138,0.105,0.757
271500,0.162,0.115,0.723
272000,0.166,0.090,0.744
272500,0.189,0.084,0.727
273000,0.219,0.057,0.724
273500,0.230,0.071,0.699
274000,0.199,0.084,0.717
274500,0.187,0.069,0.744
275000,0.193,0.074,0.733
275500,0.192,0.073,0.735
276000,0.209,0.085,0.706
276500,0.165,0.096,0.739
277000,0.160,0.104,0.736
277500,0.141,0.113,0.746
278000,0.151,0.110,0.739
278500,0.186,0.086,0.728
279000,0.212,0.095,0.693
279500,0.183,0.091,0.726
280000,0.187,0.070,0.743
280500,0.173,0.088,0.739
281000,0.167,0.094,0.739
281500,0.197,0.072,0.731
282000,0.222,0.068,0.710
282500,0.222,0.067,0.711
283000,0.231,0.058,0.711
283500,0.205,0.066,0.729
284000,0.198,0.082,0.720
284500,0.242,0.062,0.696
285000,0.244,0.072,0.684
285500,0.207,0.063,0.730
286000,0.212,0.057,0.731
286500,0.198,0.065,0.737
287000,0.201,0.081,0.718
287500,0.206,0.079,0.715
288000,0.187,0.070,0.743
288500,0.184,0.073,0.743
289000,0.194,0.060,0.746
289500,0.176,0.055,0.769
290000,0.200,0.066,0.734
290500,0.207,0.055,0.738
291000,0.221,0.068,0.711
291500,0.189,0.057,0.754
292000,0.212,0.069,0.719
292500,0.234,0.055,0.711
293000,0.264,0.055,0.681
293500,0.240,0.059,0.701
294000,0.205,0.072,0.723
294500,0.207,0.073,0.720
295000,0.176,0.066,0.758
295500,0.231,0.076,0.693
296000,0.204,0.062,0.734
296500,0.196,0.060,0.744
297000,0.167,0.078,0.755
297500,0.160,0.070,0.770
298000,0.160,0.114,0.726
298500,0.144,0.119,0.737
299000,0.156,0.096,0.748
299500,0.173,0.130,0.697
300000,0.141,0.137,0.722
300500,0.176,0.107,0.717
301000,0.198,0.087,0.715
301500,0.175,0.083,0.742
302000,0.191,0.092,0.717
302500,0.166,0.083,0.751
303000,0.203,0.099,0.698
303500,0.217,0.076,0.707
304000,0.230,0.066,0.704
304500,0.201,0.086,0.713
305000,0.179,0.082,0.739
305500,0.163,0.092,0.745
306000,0.218,0.079,0.703
306500,0.201,0.089,0.710
307000,0.216,0.068,0.716
307500,0.203,0.058,0.739
308000,0.164,0.076,0.760
308500,0.180,0.066,0.754
309000,0.192,0.078,0.730
309500,0.204,0.094,0.702
310000,0.208,0.092,0.700
310500,0.202,0.083,0.715
311000,0.180,0.065,0.755
311500,0.215,0.094,0.691
312000,0.178,0.089,0.733
312500,0.131,0.115,0.754
313000,0.151,0.105,0.744
313500,0.155,0.091,0.754
314000,0.177,0.096,0.727
314500,0.172,0.088,0.740
315000,0.155,0.080,0.765
315500,0.170,0.079,0.751
316000,0.160,0.094,0.746
316500,0.146,0.119,0.735
317000,0.157,0.083,0.760
317500,0.169,0.099,0.732
318000,0.179,0.082,0.739
318500,0.163,0.077,0.760
319000,0.166,0.095,0.739
319500,0.156,0.097,0.747
320000,0.152,0.090,0.758
320500,0.196,0.086,0.718
321000,0.189,0.080,0.731
321500,0.206,0.072,0.722
322000,0.192,0.071,0.737
322500,0.164,0.076,0.760
323000,0.166,0.065,0.769
323500,0.160,0.074,0.766
324000,0.184,0.070,0.746
324500,0.234,0.084,0.682
325000,0.227,0.057,0.716
325500,0.243,0.048,0.709
326000,0.239,0.049,0.712
326500,0.197,0.057,0.746
327000,0.196,0.064,0.740
327500,0.177,0.064,0.759
328000,0.166,0.072,0.762
328500,0.173,0.084,0.743
329000,0.172,0.117,0.711
329500,0.203,0.113,0.684
330000,0.181,0.103,0.716
330500,0.155,0.102,0.743
331000,0.149,0.089,0.762
331500,0.189,0.093,0.718
332000,0.191,0.101,0.708
332500,0.161,0.096,0.743
333000,0.150,0.100,0.750
333500,0.120,0.118,0.762
334000,0.149,0.082,0.769
334500,0.185,0.086,0.729
335000,0.222,0.090,0.688
335500,0.247,0.061,0.692
336000,0.251,0.072,0.677
336500,0.230,0.073,0.697
337000,0.205,0.076,0.719
337500,0.216,0.077,0.707
338000,0.237,0.070,0.693
338500,0.242,0.080,0.678
339000,0.211,0.073,0.716
339500,0.210,0.072,0.718
340000,0.191,0.064,0.745
340500,0.170,0.075,0.755
341000,0.193,0.100,0.707
341500,0.204,0.064,0.732
342000,0.220,0.053,0.727
342500,0.222,0.069,0.709
343000,0.237,0.058,0.705
343500,0.213,0.062,0.725
344000,0.221,0.070,0.709
344500,0.226,0.076,0.698
345000,0.232,0.061,0.707
345500,0.204,0.075,0.721
346000,0.200,0.066,0.734
346500,0.179,0.068,0.753
347000,0.164,0.072,0.764
347500,0.180,0.088,0.732
348000,0.153,0.086,0.761
348500,0.152,0.051,0.797
349000,0.204,0.074,0.722
349500,0.223,0.071,0.706
350000,0.199,0.086,0.715
350500,0.191,0.073,0.736
351000,0.232,0.052,0.716
351500,0.243,0.052,0.705
352000,0.230,0.075,0.695
352500,0.185,0.083,0.732
353000,0.184,0.084,0.732
353500,0.204,0.071,0.725
354000,0.217,0.073,0.710
354500,0.227,0.072,0.701
355000,0.228,0.059,0.713
355500,0.199,0.070,0.731
356000,0.244,0.086,0.670
356500,0.221,0.066,0.713
357000,0.215,0.067,0.718
357500,0.217,0.083,0.700
358000,0.215,0.092,0.693
358500,0.201,0.106,0.693
359000,0.195,0.105,0.700
359500,0.197,0.072,0.731
360000,0.218,0.044,0.738
360500,0.212,0.051,0.737
361000,0.235,0.072,0.693
361500,0.222,0.079,0.699
362000,0.230,0.056,0.714
362500,0.191,0.064,0.745
363000,0.180,0.087,0.733
363500,0.217,0.077,0.706
364000,0.202,0.074,0.724
364500,0.216,0.058,0.726
365000,0.253,0.071,0.676
365500,0.251,0.046,0.703
366000,0.247,0.045,0.708
366500,0.278,0.053,0.669
367000,0.279,0.060,0.661
367500,0.294,0.058,0.648
368000,0.277,0.064,0.659
368500,0.286,0.038,0.676
369000,0.264,0.046,0.690
369500,0.272,0.057,0.671
370000,0.255,0.062,0.683
370500,0.219,0.078,0.703
371000,0.213,0.072,0.715
371500,0.192,0.079,0.729
372000,0.211,0.074,0.715
372500,0.196,0.064,0.740
373000,0.213,0.084,0.703
373500,0.184,0.075,0.741
374000,0.171,0.060,0.769
374500,0.194,0.055,0.751
375000,0.191,0.079,0.730
375500,0.165,0.102,0.733
376000,0.145,0.127,0.728
376500,0.144,0.114,0.742
377000,0.172,0.109,0.719
377500,0.152,0.110,0.738
378000,0.154,0.106,0.740
378500,0.182,0.112,0.706
379000,0.165,0.092,0.743
379500,0.170,0.110,0.720
380000,0.167,0.112,0.721
380500,0.217,0.082,0.701
381000,0.243,0.083,0.674
381500,0.221,0.081,0.698
382000,0.207,0.064,0.729
382500,0.205,0.088,0.707
383000,0.196,0.071,0.733
383500,0.219,0.067,0.714
384000,0.204,0.074,0.722
384500,0.238,0.063,0.699
385000,0.221,0.086,0.693
385500,0.240,0.080,0.680
386000,0.257,0.074,0.669
386500,0.241,0.057,0.702
387000,0.271,0.054,0.675
387500,0.234,0.054,0.712
388000,0.201,0.071,0.728
388500,0.174,0.094,0.732
389000,0.199,0.085,0.716
389500,0.183,0.099,0.718
390000,0.164,0.092,0.744
390500,0.183,0.071,0.746
391000,0.223,0.085,0.692
391500,0.239,0.074,0.687
392000,0.216,0.052,0.732
392500,0.203,0.049,0.748
393000,0.234,0.076,0.690
393500,0.212,0.081,0.707
394000,0.196,0.091,0.713
394500,0.194,0.064,0.742
395000,0.195,0.088,0.717
395500,0.182,0.091,0.727
396000,0.160,0.107,0.733
396500,0.131,0.132,0.737
397000,0.145,0.108,0.747
397500,0.155,0.107,0.738
398000,0.157,0.101,0.742
398500,0.154,0.120,0.726
399000,0.140,0.107,0.753
399500,0.130,0.127,0.743
400000,0.161,0.106,0.733
400500,0.161,0.110,0.729
401000,0.149,0.112,0.739
401500,0.156,0.125,0.719
402000,0.145,0.107,0.748
402500,0.167,0.085,0.748
403000,0.183,0.073,0.744
403500,0.209,0.078,0.713
404000,0.188,0.066,0.746
404500,0.179,0.074,0.747
405000,0.166,0.080,0.754
405500,0.195,0.066,0.739
406000,0.216,0.047,0.737
406500,0.207,0.060,0.733
407000,0.238,0.063,0.699
407500,0.231,0.061,0.708
408000,0.170,0.097,0.733
408500,0.163,0.090,0.747
409000,0.200,0.080,0.720
409500,0.214,0.102,0.684
410000,0.191,0.092,0.717
410500,0.197,0.088,0.715
411000,0.163,0.082,0.755
411500,0.174,0.100,0.726
412000,0.166,0.104,0.730
412500,0.149,0.111,0.740
413000,0.128,0.106,0.766
413500,0.179,0.078,0.743
414000,0.158,0.078,0.764
414500,0.177,0.077,0.746
415000,0.186,0.094,0.720
415500,0.173,0.109,0.718
416000,0.178,0.093,0.729
416500,0.162,0.081,0.757
417000,0.142,0.097,0.761
417500,0.151,0.108,0.741
418000,0.177,0.101,0.722
418500,0.175,0.090,0.735
419000,0.167,0.086,0.747
419500,0.133,0.126,0.741
420000,0.161,0.104,0.735
420500,0.150,0.111,0.739
421000,0.133,0.119,0.748
421500,0.180,0.148,0.672
422000,0.149,0.118,0.733
422500,0.123,0.110,0.767
423000,0.150,0.131,0.719
423500,0.118,0.125,0.757
424000,0.144,0.113,0.743
424500,0.178,0.110,0.712
425000,0.159,0.127,0.714
425500,0.152,0.119,0.729
426000,0.152,0.106,0.742
426500,0.153,0.103,0.744
427000,0.161,0.090,0.749
427500,0.143,0.084,0.773
428000,0.157,0.084,0.759
428500,0.143,0.096,0.761
429000,0.143,0.157,0.700
429500,0.151,0.124,0.725
430000,0.136,0.110,0.754
430500,0.152,0.097,0.751
431000,0.139,0.107,0.754
431500,0.158,0.121,0.721
432000,0.182,0.098,0.720
432500,0.184,0.097,0.719
433000,0.167,0.073,0.760
433500,0.187,0.076,0.737
434000,0.181,0.088,0.731
434500,0.180,0.086,0.734
435000,0.156,0.086,0.758
435500,0.177,0.083,0.740
436000,0.194,0.055,0.751
436500,0.191,0.076,0.733
437000,0.178,0.086,0.736
437500,0.176,0.087,0.737
438000,0.158,0.082,0.760
438500,0.210,0.063,0.727
439000,0.221,0.050,0.729
439500,0.211,0.053,0.736
440000,0.215,0.083,0.702
440500,0.206,0.083,0.711
441000,0.193,0.087,0.720
441500,0.180,0.067,0.753
442000,0.226,0.051,0.723
442500,0.210,0.076,0.714
443000,0.175,0.066,0.759
443500,0.180,0.065,0.755
444000,0.189,0.081,0.730
444500,0.185,0.073,0.742
445000,0.198,0.078,0.724
445500,0.183,0.103,0.714
446000,0.192,0.098,0.710
446500,0.197,0.081,0.722
447000,0.214,0.075,0.711
447500,0.232,0.064,0.704
448000,0.242,0.051,0.707
448500,0.234,0.039,0.727
449000,0.233,0.057,0.710
449500,0.238,0.068,0.694
450000,0.241,0.091,0.668
450500,0.213,0.071,0.716
451000,0.234,0.042,0.724
451500,0.213,0.053,0.734
452000,0.237,0.061,0.702
452500,0.251,0.048,0.701
453000,0.267,0.061,0.672
453500,0.251,0.048,0.701
454000,0.211,0.060,0.729
454500,0.224,0.060,0.716
455000,0.224,0.046,0.730
455500,0.192,0.078,0.730
456000,0.213,0.080,0.707
456500,0.188,0.076,0.736
457000,0.165,0.088,0.747
457500,0.169,0.079,0.752
458000,0.153,0.105,0.742
458500,0.157,0.095,0.748
459000,0.165,0.081,0.754
459500,0.170,0.095,0.735
460000,0.178,0.114,0.708
460500,0.175,0.115,0.710
461000,0.149,0.125,0.726
461500,0.145,0.114,0.741
462000,0.153,0.081,0.766
462500,0.158,0.083,0.759
463000,0.145,0.092,0.763
463500,0.158,0.092,0.750
464000,0.187,0.083,0.730
464500,0.186,0.109,0.705
465000,0.162,0.119,0.719
465500,0.171,0.114,0.715
466000,0.175,0.123,0.702
466500,0.186,0.102,0.712
467000,0.193,0.088,0.719
467500,0.184,0.087,0.729
468000,0.192,0.097,0.711
468500,0.184,0.078,0.738
469000,0.170,0.105,0.725
469500,0.166,0.101,0.733
470000,0.170,0.086,0.744
470500,0.173,0.066,0.761
471000,0.214,0.060,0.726
471500,0.203,0.083,0.714
472000,0.194,0.098,0.708
472500,0.189,0.081,0.730
473000,0.175,0.080,0.745
473500,0.197,0.076,0.727
474000,0.157,0.061,0.782
474500,0.163,0.086,0.751
475000,0.176,0.092,0.732
475500,0.157,0.098,0.745
476000,0.162,0.092,0.746
476500,0.161,0.083,0.756
477000,0.182,0.064,0.754
477500,0.174,0.079,0.747
478000,0.211,0.075,0.714
478500,0.237,0.083,0.680
479000,0.188,0.086,0.726
479500,0.193,0.065,0.742
480000,0.205,0.054,0.741
480500,0.211,0.053,0.736
481000,0.195,0.051,0.754
481500,0.216,0.083,0.701
482000,0.231,0.057,0.712
482500,0.228,0.069,0.703
483000,0.238,0.058,0.704
483500,0.186,0.087,0.727
484000,0.184,0.078,0.738
484500,0.193,0.085,0.722
485000,0.177,0.059,0.764
485500,0.241,0.067,0.692
486000,0.218,0.036,0.746
486500,0.225,0.042,0.733
487000,0.253,0.045,0.702
487500,0.248,0.049,0.703
488000,0.230,0.050,0.720
488500,0.223,0.048,0.729
489000,0.245,0.070,0.685
489500,0.264,0.051,0.685
490000,0.253,0.031,0.716
490500,0.258,0.063,0.679
491000,0.242,0.061,0.697
491500,0.240,0.062,0.698
492000,0.246,0.042,0.712
492500,0.234,0.040,0.726
493000,0.240,0.054,0.706
493500,0.260,0.058,0.682
494000,0.282,0.051,0.667
494500,0.219,0.047,0.734
495000,0.198,0.059,0.743
495500,0.198,0.069,0.733
496000,0.207,0.054,0.739
496500,0.220,0.070,0.710
497000,0.206,0.058,0.736
497500,0.172,0.115,0.713
498000,0.160,0.092,0.748
498500,0.146,0.108,0.746
499000,0.166,0.118,0.716
499500,0.164,0.117,0.719
500000,0.207,0.099,0.694
500500,0.200,0.080,0.720
501000,0.206,0.058,0.736
501500,0.189,0.078,0.733
502000,0.204,0.075,0.721
502500,0.171,0.085,0.744
503000,0.205,0.062,0.733
503500,0.212,0.084,0.704
504000,0.237,0.064,0.699
504500,0.208,0.080,0.712
505000,0.174,0.063,0.763
505500,0.223,0.079,0.698
506000,0.225,0.070,0.705
506500,0.199,0.066,0.735
507000,0.185,0.092,0.723
507500,0.199,0.102,0.699
508000,0.189,0.097,0.714
508500,0.209,0.080,0.711
509000,0.199,0.102,0.699
509500,0.183,0.108,0.709
510000,0.160,0.117,0.723
510500,0.145,0.106,0.749
511000,0.143,0.099,0.758
511500,0.159,0.097,0.744
512000,0.194,0.117,0.689
512500,0.178,0.126,0.696
513000,0.166,0.105,0.729
513500,0.176,0.117,0.707
514000,0.157,0.101,0.742
514500,0.167,0.090,0.743
515000,0.154,0.091,0.755
515500,0.191,0.104,0.705
516000,0.146,0.110,0.744
516500,0.164,0.102,0.734
517000,0.185,0.083,0.732
517500,0.155,0.101,0.744
518000,0.200,0.104,0.696
518500,0.188,0.078,0.734
519000,0.177,0.098,0.725
519500,0.165,0.104,0.731
520000,0.154,0.110,0.736
520500,0.151,0.077,0.772
521000,0.172,0.069,0.759
521500,0.177,0.108,0.715
522000,0.160,0.105,0.735
522500,0.201,0.108,0.691
523000,0.198,0.095,0.707
523500,0.214,0.088,0.698
524000,0.204,0.060,0.736
524500,0.240,0.061,0.699
525000,0.236,0.055,0.709
525500,0.230,0.063,0.707
526000,0.222,0.052,0.726
526500,0.222,0.064,0.714
527000,0.248,0.055,0.697
527500,0.256,0.043,0.701
528000,0.270,0.040,0.690
528500,0.271,0.037,0.692
529000,0.216,0.054,0.730
529500,0.166,0.072,0.762
530000,0.201,0.059,0.740
530500,0.197,0.086,0.717
531000,0.211,0.066,0.723
531500,0.194,0.084,0.722
532000,0.200,0.086,0.714
532500,0.183,0.093,0.724
533000,0.184,0.093,0.723
533500,0.154,0.086,0.760
534000,0.172,0.098,0.730
534500,0.159,0.095,0.746
535000,0.173,0.093,0.734
535500,0.160,0.082,0.758
536000,0.176,0.081,0.743
536500,0.174,0.074,0.752
537000,0.183,0.068,0.749
537500,0.204,0.078,0.718
538000,0.176,0.075,0.749
538500,0.202,0.068,0.730
539000,0.195,0.078,0.727
539500,0.223,0.064,0.713
540000,0.175,0.054,0.771
540500,0.212,0.043,0.745
541000,0.264,0.059,0.677
541500,0.250,0.078,0.672
542000,0.180,0.080,0.740
542500,0.183,0.068,0.749
543000,0.214,0.089,0.697
543500,0.209,0.080,0.711
544000,0.211,0.103,0.686
544500,0.220,0.101,0.679
545000,0.241,0.081,0.678
545500,0.186,0.098,0.716
546000,0.227,0.064,0.709
546500,0.251,0.056,0.693
547000,0.254,0.051,0.695
547500,0.233,0.055,0.712
548000,0.221,0.046,0.733
548500,0.239,0.033,0.728
549000,0.224,0.056,0.720
549500,0.209,0.068,0.723
550000,0.219,0.062,0.719
550500,0.201,0.072,0.727
551000,0.219,0.072,0.709
551500,0.194,0.075,0.731
552000,0.185,0.097,0.718
552500,0.177,0.109,0.714
553000,0.175,0.098,0.727
553500,0.202,0.079,0.719
554000,0.170,0.084,0.746
554500,0.161,0.094,0.745
555000,0.178,0.097,0.725
555500,0.203,0.081,0.716
556000,0.200,0.069,0.731
556500,0.220,0.070,0.710
557000,0.196,0.079,0.725
557500,0.183,0.085,0.732
558000,0.188,0.078,0.734
558500,0.205,0.063,0.732
559000,0.178,0.057,0.765
559500,0.179,0.044,0.777
560000,0.196,0.065,0.739
560500,0.199,0.056,0.745
561000,0.206,0.064,0.730
561500,0.203,0.060,0.737
562000,0.206,0.061,0.733
562500,0.192,0.069,0.739
563000,0.185,0.065,0.750
563500,0.178,0.078,0.744
564000,0.196,0.073,0.731
564500,0.212,0.069,0.719
565000,0.211,0.067,0.722
565500,0.189,0.076,0.735
566000,0.196,0.070,0.734
566500,0.195,0.074,0.731
567000,0.176,0.076,0.748
567500,0.167,0.083,0.750
568000,0.192,0.067,0.741
568500,0.190,0.079,0.731
569000,0.174,0.090,0.736
569500,0.159,0.100,0.741
570000,0.160,0.091,0.749
570500,0.191,0.060,0.749
571000,0.227,0.075,0.698
571500,0.233,0.058,0.709
572000,0.239,0.059,0.702
572500,0.229,0.059,0.712
573000,0.195,0.079,0.726
573500,0.175,0.087,0.738
574000,0.178,0.086,0.736
574500,0.220,0.084,0.696
575000,0.208,0.093,0.699
575500,0.201,0.078,0.721
576000,0.220,0.069,0.711
576500,0.229,0.050,0.721
577000,0.221,0.055,0.724
577500,0.235,0.062,0.703
578000,0.215,0.065,0.720
578500,0.234,0.063,0.703
579000,0.251,0.047,0.702
579500,0.232,0.074,0.694
580000,0.232,0.051,0.717
580500,0.223,0.055,0.722
581000,0.192,0.069,0.739
581500,0.206,0.082,0.712
582000,0.221,0.069,0.710
582500,0.227,0.063,0.710
583000,0.195,0.063,0.742
583500,0.182,0.082,0.736
584000,0.228,0.076,0.696
584500,0.212,0.074,0.714
585000,0.199,0.078,0.723
585500,0.169,0.081,0.750
586000,0.198,0.080,0.722
586500,0.177,0.076,0.747
587000,0.211,0.094,0.695
587500,0.207,0.072,0.721
588000,0.203,0.081,0.716
588500,0.202,0.068,0.730
589000,0.201,0.053,0.746
589500,0.214,0.062,0.724
590000,0.186,0.057,0.757
590500,0.224,0.074,0.702
591000,0.242,0.075,0.683
591500,0.265,0.066,0.669
592000,0.280,0.048,0.672
592500,0.274,0.062,0.664
593000,0.234,0.065,0.701
593500,0.264,0.058,0.678
594000,0.263,0.052,0.685
594500,0.242,0.068,0.690
595000,0.220,0.072,0.708
595500,0.214,0.080,0.706
596000,0.215,0.075,0.710
596500,0.181,0.087,0.732
597000,0.192,0.120,0.688
597500,0.174,0.099,0.727
598000,0.183,0.104,0.713
598500,0.226,0.087,0.687
599000,0.226,0.078,0.696
599500,0.235,0.081,0.684
600000,0.198,0.083,0.719
600500,0.182,0.097,0.721
601000,0.189,0.111,0.700
601500,0.156,0.107,0.737
602000,0.143,0.102,0.755
602500,0.141,0.103,0.756
603000,0.159,0.103,0.738
603500,0.187,0.129,0.684
604000,0.170,0.122,0.708
604500,0.155,0.122,0.723
605000,0.181,0.088,0.731
605500,0.159,0.078,0.763
606000,0.192,0.081,0.727
606500,0.184,0.094,0.722
607000,0.226,0.078,0.696
607500,0.216,0.072,0.712
608000,0.244,0.051,0.705
608500,0.215,0.063,0.722
609000,0.200,0.070,0.730
609500,0.178,0.089,0.733
610000,0.169,0.090,0.741
610500,0.184,0.079,0.737
611000,0.202,0.100,0.698
611500,0.228,0.082,0.690
612000,0.179,0.075,0.746
612500,0.198,0.070,0.732
613000,0.198,0.069,0.733
613500,0.162,0.098,0.740
614000,0.151,0.103,0.746
614500,0.132,0.109,0.759
615000,0.175,0.101,0.724
615500,0.185,0.100,0.715
616000,0.191,0.074,0.735
616500,0.184,0.091,0.725
617000,0.189,0.090,0.721
617500,0.215,0.080,0.705
618000,0.219,0.075,0.706
618500,0.210,0.061,0.729
619000,0.217,0.065,0.718
619500,0.252,0.067,0.681
620000,0.222,0.056,0.722
620500,0.245,0.043,0.712
621000,0.247,0.038,0.715
621500,0.273,0.030,0.697
622000,0.247,0.038,0.715
622500,0.263,0.041,0.696
623000,0.248,0.048,0.704
623500,0.246,0.045,0.709
624000,0.257,0.021,0.722
624500,0.283,0.038,0.679
625000,0.296,0.036,0.668
625500,0.262,0.042,0.696
626000,0.263,0.045,0.692
626500,0.272,0.047,0.681
627000,0.242,0.036,0.722
627500,0.264,0.044,0.692
628000,0.233,0.035,0.732
628500,0.276,0.038,0.686
629000,0.251,0.054,0.695
629500,0.268,0.043,0.689
630000,0.244,0.054,0.702
630500,0.252,0.064,0.684
631000,0.237,0.063,0.700
631500,0.238,0.078,0.684
632000,0.220,0.061,0.719
632500,0.194,0.074,0.732
633000,0.199,0.072,0.729
633500,0.170,0.071,0.759
634000,0.178,0.091,0.731
634500,0.191,0.077,0.732
635000,0.203,0.090,0.707
635500,0.211,0.077,0.712
636000,0.183,0.074,0.743
636500,0.193,0.082,0.725
637000,0.166,0.100,0.734
637500,0.136,0.101,0.763
638000,0.167,0.088,0.745
638500,0.179,0.072,0.749
639000,0.194,0.077,0.729
639500,0.212,0.072,0.716
640000,0.200,0.067,0.733
640500,0.205,0.050,0.745
641000,0.221,0.033,0.746
641500,0.212,0.040,0.748
642000,0.230,0.049,0.721
642500,0.221,0.051,0.728
643000,0.203,0.067,0.730
643500,0.203,0.089,0.708
644000,0.189,0.094,0.717
644500,0.167,0.070,0.763
645000,0.195,0.081,0.724
645500,0.189,0.075,0.736
646000,0.216,0.071,0.713
646500,0.221,0.061,0.718
647000,0.223,0.063,0.714
647500,0.217,0.074,0.709
648000,0.214,0.055,0.731
648500,0.235,0.074,0.691
649000,0.215,0.069,0.716
649500,0.206,0.071,0.723
650000,0.180,0.067,0.753
650500,0.167,0.083,0.750
651000,0.174,0.088,0.738
651500,0.172,0.091,0.737
652000,0.178,0.108,0.714
652500,0.169,0.098,0.733
653000,0.171,0.110,0.719
653500,0.172,0.122,0.706
654000,0.170,0.126,0.704
654500,0.162,0.125,0.713
655000,0.165,0.121,0.714
655500,0.179,0.100,0.721
656000,0.196,0.100,0.704
656500,0.142,0.087,0.771
657000,0.203,0.087,0.710
657500,0.186,0.076,0.738
658000,0.170,0.121,0.709
658500,0.154,0.111,0.735
659000,0.202,0.102,0.696
659500,0.171,0.097,0.732
660000,0.168,0.105,0.727
660500,0.154,0.112,0.734
661000,0.170,0.109,0.721
661500,0.157,0.105,0.738
662000,0.143,0.103,0.754
662500,0.148,0.094,0.758
663000,0.169,0.078,0.753
663500,0.174,0.077,0.749
664000,0.194,0.070,0.736
664500,0.224,0.071,0.705
665000,0.250,0.077,0.673
665500,0.237,0.062,0.701
666000,0.236,0.050,0.714
666500,0.230,0.062,0.708
667000,0.220,0.071,0.709
667500,0.226,0.075,0.699
668000,0.204,0.088,0.708
668500,0.209,0.090,0.701
669000,0.186,0.070,0.744
669500,0.198,0.078,0.724
670000,0.210,0.065,0.725
670500,0.252,0.063,0.685
671000,0.204,0.048,0.748
671500,0.198,0.087,0.715
672000,0.213,0.075,0.712
672500,0.226,0.088,0.686
673000,0.207,0.076,0.717
673500,0.171,0.047,0.782
674000,0.227,0.061,0.712
674500,0.221,0.063,0.716
675000,0.255,0.055,0.690
675500,0.216,0.064,0.720
676000,0.221,0.049,0.730
676500,0.246,0.053,0.701
677000,0.195,0.064,0.741
677500,0.217,0.081,0.702
678000,0.198,0.065,0.737
678500,0.198,0.056,0.746
679000,0.203,0.049,0.748
679500,0.195,0.068,0.737
680000,0.232,0.041,0.727
680500,0.253,0.046,0.701
681000,0.246,0.052,0.702
681500,0.220,0.050,0.730
682000,0.262,0.053,0.685
682500,0.224,0.057,0.719
683000,0.224,0.055,0.721
683500,0.240,0.056,0.704
684000,0.254,0.057,0.689
684500,0.245,0.050,0.705
685000,0.234,0.055,0.711
685500,0.241,0.049,0.710
686000,0.228,0.037,0.735
686500,0.247,0.040,0.713
687000,0.292,0.044,0.664
687500,0.256,0.050,0.694
688000,0.227,0.073,0.700
688500,0.210,0.066,0.724
689000,0.199,0.083,0.718
689500,0.198,0.094,0.708
690000,0.169,0.114,0.717
690500,0.147,0.117,0.736
691000,0.143,0.132,0.725
691500,0.140,0.112,0.748
692000,0.163,0.100,0.737
692500,0.163,0.117,0.720
693000,0.147,0.114,0.739
693500,0.138,0.103,0.759
694000,0.172,0.086,0.742
694500,0.208,0.061,0.731
695000,0.242,0.045,0.713
695500,0.236,0.050,0.714
696000,0.188,0.077,0.735
696500,0.180,0.109,0.711
697000,0.149,0.126,0.725
697500,0.167,0.091,0.742
698000,0.141,0.098,0.761
698500,0.154,0.088,0.758
699000,0.152,0.081,0.767
699500,0.182,0.083,0.735
700000,0.187,0.082,0.731
700500,0.201,0.064,0.735
701000,0.184,0.089,0.727
701500,0.170,0.073,0.757
702000,0.150,0.075,0.775
702500,0.170,0.075,0.755
703000,0.201,0.081,0.718
703500,0.216,0.085,0.699
704000,0.207,0.085,0.708
704500,0.188,0.057,0.755
705000,0.189,0.068,0.743
705500,0.191,0.074,0.735
706000,0.217,0.083,0.700
706500,0.196,0.088,0.716
707000,0.193,0.080,0.727
707500,0.184,0.092,0.724
708000,0.188,0.095,0.717
708500,0.182,0.077,0.741
709000,0.191,0.081,0.728
709500,0.203,0.064,0.733
710000,0.183,0.079,0.738
710500,0.174,0.077,0.749
711000,0.198,0.078,0.724
711500,0.190,0.081,0.729
712000,0.206,0.086,0.708
712500,0.217,0.068,0.715
713000,0.249,0.067,0.684
713500,0.230,0.090,0.680
714000,0.222,0.074,0.704
714500,0.203,0.085,0.712
715000,0.194,0.064,0.742
715500,0.176,0.081,0.743
716000,0.180,0.066,0.754
716500,0.208,0.097,0.695
717000,0.202,0.082,0.716
717500,0.207,0.082,0.711
718000,0.202,0.079,0.719
718500,0.174,0.111,0.715
719000,0.142,0.114,0.744
719500,0.186,0.084,0.730
720000,0.227,0.095,0.678
720500,0.169,0.108,0.723
721000,0.191,0.063,0.746
721500,0.179,0.061,0.760
722000,0.194,0.067,0.739
722500,0.180,0.071,0.749
723000,0.174,0.089,0.737
723500,0.174,0.102,0.724
724000,0.171,0.108,0.721
724500,0.195,0.085,0.720
725000,0.182,0.072,0.746
725500,0.214,0.071,0.715
726000,0.205,0.061,0.734
726500,0.196,0.075,0.729
727000,0.174,0.086,0.740
727500,0.147,0.086,0.767
728000,0.136,0.091,0.773
728500,0.148,0.110,0.742
729000,0.148,0.110,0.742
729500,0.148,0.135,0.717
730000,0.161,0.128,0.711
730500,0.170,0.084,0.746
731000,0.181,0.074,0.745
731500,0.223,0.064,0.713
732000,0.177,0.085,0.738
732500,0.198,0.096,0.706
733000,0.221,0.075,0.704
733500,0.238,0.051,0.711
734000,0.202,0.045,0.753
734500,0.248,0.064,0.688
735000,0.220,0.058,0.722
735500,0.244,0.074,0.682
736000,0.204,0.075,0.721
736500,0.182,0.078,0.740
737000,0.216,0.069,0.715
737500,0.226,0.072,0.702
738000,0.205,0.080,0.715
738500,0.191,0.081,0.728
739000,0.150,0.083,0.767
739500,0.158,0.121,0.721
740000,0.171,0.125,0.704
740500,0.179,0.098,0.723
741000,0.154,0.084,0.762
741500,0.183,0.075,0.742
742000,0.153,0.100,0.747
742500,0.129,0.119,0.752
743000,0.118,0.136,0.746
743500,0.129,0.135,0.736
744000,0.136,0.124,0.740
744500,0.103,0.161,0.736
745000,0.086,0.133,0.781
745500,0.100,0.139,0.761
746000,0.131,0.126,0.743
746500,0.130,0.113,0.757
747000,0.130,0.116,0.754
747500,0.147,0.126,0.727
748000,0.129,0.125,0.746
748500,0.143,0.110,0.747
749000,0.148,0.100,0.752
749500,0.180,0.098,0.722
750000,0.195,0.094,0.711
750500,0.202,0.104,0.694
751000,0.215,0.090,0.695
751500,0.183,0.078,0.739
752000,0.172,0.090,0.738
752500,0.179,0.086,0.735
753000,0.188,0.087,0.725
753500,0.194,0.074,0.732
754000,0.178,0.081,0.741
754500,0.184,0.083,0.733
755000,0.140,0.098,0.762
755500,0.161,0.089,0.750
756000,0.166,0.087,0.747
756500,0.192,0.074,0.734
757000,0.157,0.091,0.752
757500,0.183,0.113,0.704
758000,0.171,0.100,0.729
758500,0.151,0.105,0.744
759000,0.125,0.113,0.762
759500,0.134,0.122,0.744
760000,0.133,0.128,0.739
760500,0.146,0.091,0.763
761000,0.147,0.101,0.752
761500,0.161,0.092,0.747
762000,0.127,0.105,0.768
762500,0.162,0.108,0.730
763000,0.151,0.096,0.753
763500,0.224,0.083,0.693
764000,0.192,0.075,0.733
764500,0.209,0.080,0.711
765000,0.202,0.077,0.721
765500,0.181,0.090,0.729
766000,0.177,0.086,0.737
766500,0.208,0.092,0.700
767000,0.204,0.060,0.736
767500,0.213,0.062,0.725
768000,0.224,0.059,0.717
768500,0.190,0.073,0.737
769000,0.181,0.070,0.749
769500,0.190,0.066,0.744
770000,0.190,0.089,0.721
770500,0.178,0.063,0.759
771000,0.177,0.059,0.764
771500,0.163,0.062,0.775
772000,0.192,0.055,0.753
772500,0.184,0.082,0.734
773000,0.188,0.075,0.737
773500,0.200,0.078,0.722
774000,0.212,0.052,0.736
774500,0.216,0.047,0.737
775000,0.232,0.045,0.723
775500,0.248,0.046,0.706
776000,0.243,0.043,0.714
776500,0.259,0.042,0.699
777000,0.226,0.057,0.717
777500,0.274,0.052,0.674
778000,0.245,0.055,0.700
778500,0.225,0.058,0.717
779000,0.234,0.062,0.704
779500,0.195,0.056,0.749
780000,0.177,0.081,0.742
780500,0.174,0.110,0.716
781000,0.169,0.105,0.726
781500,0.129,0.100,0.771
782000,0.148,0.097,0.755
782500,0.164,0.085,0.751
783000,0.155,0.104,0.741
783500,0.164,0.089,0.747
784000,0.158,0.151,0.691
784500,0.202,0.131,0.667
785000,0.162,0.129,0.709
785500,0.175,0.115,0.710
786000,0.191,0.094,0.715
786500,0.184,0.085,0.731
787000,0.196,0.086,0.718
787500,0.190,0.095,0.715
788000,0.175,0.080,0.745
788500,0.154,0.096,0.750
789000,0.168,0.093,0.739
789500,0.197,0.105,0.698
790000,0.175,0.089,0.736
790500,0.199,0.079,0.722
791000,0.198,0.084,0.718
791500,0.213,0.072,0.715
792000,0.218,0.084,0.698
792500,0.170,0.063,0.767
793000,0.195,0.080,0.725
793500,0.199,0.063,0.738
794000,0.203,0.050,0.747
794500,0.174,0.062,0.764
795000,0.158,0.056,0.786
795500,0.181,0.064,0.755
796000,0.192,0.074,0.734
796500,0.204,0.097,0.699
797000,0.215,0.067,0.718
797500,0.195,0.062,0.743
798000,0.197,0.063,0.740
798500,0.191,0.091,0.718
799000,0.179,0.090,0.731
799500,0.166,0.092,0.742
800000,0.147,0.079,0.774
800500,0.161,0.082,0.757
801000,0.195,0.065,0.740
801500,0.186,0.075,0.739
802000,0.213,0.084,0.703
802500,0.209,0.087,0.704
803000,0.230,0.070,0.700
803500,0.218,0.049,0.733
804000,0.233,0.062,0.705
804500,0.247,0.073,0.680
805000,0.269,0.064,0.667
805500,0.260,0.041,0.699
806000,0.240,0.064,0.696
806500,0.246,0.048,0.706
807000,0.211,0.079,0.710
807500,0.183,0.081,0.736
808000,0.166,0.088,0.746
808500,0.187,0.095,0.718
809000,0.184,0.105,0.711
809500,0.160,0.097,0.743
810000,0.168,0.102,0.730
810500,0.175,0.070,0.755
811000,0.159,0.075,0.766
811500,0.161,0.094,0.745
812000,0.194,0.087,0.719
812500,0.193,0.072,0.735
813000,0.174,0.081,0.745
813500,0.191,0.074,0.735
814000,0.170,0.109,0.721
814500,0.166,0.107,0.727
815000,0.174,0.088,0.738
815500,0.161,0.104,0.735
816000,0.181,0.108,0.711
816500,0.173,0.092,0.735
817000,0.164,0.099,0.737
817500,0.173,0.121,0.706
818000,0.157,0.101,0.742
818500,0.183,0.101,0.716
819000,0.203,0.089,0.708
819500,0.193,0.081,0.726
820000,0.166,0.079,0.755
820500,0.187,0.103,0.710
821000,0.158,0.114,0.728
821500,0.171,0.098,0.731
822000,0.163,0.100,0.737
822500,0.184,0.110,0.706
823000,0.185,0.094,0.721
823500,0.167,0.087,0.746
824000,0.203,0.081,0.716
824500,0.200,0.091,0.709
825000,0.200,0.070,0.730
825500,0.194,0.086,0.720
826000,0.154,0.091,0.755
826500,0.152,0.103,0.745
827000,0.135,0.136,0.729
827500,0.124,0.117,0.759
828000,0.147,0.103,0.750
828500,0.156,0.092,0.752
829000,0.180,0.087,0.733
829500,0.163,0.097,0.740
830000,0.164,0.099,0.737
830500,0.159,0.100,0.741
831000,0.150,0.114,0.736
831500,0.129,0.116,0.755
832000,0.146,0.108,0.746
832500,0.161,0.118,0.721
833000,0.137,0.105,0.758
833500,0.145,0.127,0.728
834000,0.112,0.139,0.749
834500,0.131,0.139,0.730
835000,0.128,0.148,0.724
835500,0.124,0.152,0.724
836000,0.133,0.134,0.733
836500,0.151,0.081,0.768
837000,0.172,0.091,0.737
837500,0.175,0.102,0.723
838000,0.201,0.084,0.715
838500,0.214,0.075,0.711
839000,0.180,0.086,0.734
839500,0.179,0.102,0.719
840000,0.169,0.102,0.729
840500,0.164,0.095,0.741
841000,0.182,0.076,0.742
841500,0.183,0.075,0.742
842000,0.177,0.071,0.752
842500,0.177,0.092,0.731
843000,0.175,0.082,0.743
843500,0.166,0.097,0.737
844000,0.182,0.089,0.729
844500,0.179,0.079,0.742
845000,0.161,0.108,0.731
845500,0.152,0.093,0.755
846000,0.153,0.098,0.749
846500,0.162,0.085,0.753
847000,0.162,0.097,0.741
847500,0.191,0.076,0.733
848000,0.203,0.100,0.697
848500,0.182,0.089,0.729
849000,0.160,0.094,0.746
849500,0.170,0.077,0.753
850000,0.183,0.115,0.702
850500,0.162,0.114,0.724
851000,0.157,0.103,0.740
851500,0.183,0.099,0.718
852000,0.182,0.104,0.714
852500,0.166,0.082,0.752
853000,0.185,0.120,0.695
853500,0.171,0.102,0.727
854000,0.141,0.118,0.741
854500,0.161,0.105,0.734
855000,0.169,0.096,0.735
855500,0.177,0.109,0.714
856000,0.164,0.126,0.710
856500,0.179,0.103,0.718
857000,0.200,0.065,0.735
857500,0.221,0.075,0.704
858000,0.205,0.070,0.725
858500,0.221,0.075,0.704
859000,0.236,0.048,0.716
859500,0.220,0.070,0.710
860000,0.200,0.069,0.731
860500,0.194,0.093,0.713
861000,0.172,0.089,0.739
861500,0.166,0.080,0.754
862000,0.208,0.072,0.720
862500,0.177,0.076,0.747
863000,0.174,0.069,0.757
863500,0.205,0.090,0.705
864000,0.203,0.092,0.705
864500,0.185,0.079,0.736
865000,0.200,0.087,0.713
865500,0.202,0.089,0.709
866000,0.212,0.074,0.714
866500,0.196,0.080,0.724
867000,0.199,0.081,0.720
867500,0.208,0.087,0.705
868000,0.179,0.091,0.730
868500,0.171,0.110,0.719
869000,0.167,0.100,0.733
869500,0.171,0.086,0.743
870000,0.211,0.073,0.716
870500,0.193,0.088,0.719
871000,0.205,0.073,0.722
871500,0.219,0.078,0.703
872000,0.217,0.075,0.708
872500,0.220,0.073,0.707
873000,0.231,0.070,0.699
873500,0.212,0.059,0.729
874000,0.226,0.059,0.715
874500,0.217,0.055,0.728
875000,0.269,0.055,0.676
875500,0.227,0.065,0.708
876000,0.213,0.049,0.738
876500,0.223,0.048,0.729
877000,0.231,0.064,0.705
877500,0.226,0.054,0.720
878000,0.240,0.068,0.692
878500,0.254,0.074,0.672
879000,0.227,0.049,0.724
879500,0.219,0.042,0.739
880000,0.207,0.068,0.725
880500,0.179,0.085,0.736
881000,0.167,0.093,0.740
881500,0.142,0.120,0.738
882000,0.163,0.144,0.693
882500,0.159,0.112,0.729
883000,0.154,0.117,0.729
883500,0.144,0.123,0.733
884000,0.134,0.088,0.778
884500,0.151,0.131,0.718
885000,0.175,0.086,0.739
885500,0.209,0.068,0.723
886000,0.201,0.058,0.741
886500,0.210,0.063,0.727
887000,0.206,0.080,0.714
887500,0.180,0.090,0.730
888000,0.177,0.101,0.722
888500,0.192,0.101,0.707
889000,0.175,0.119,0.706
889500,0.169,0.126,0.705
890000,0.173,0.110,0.717
890500,0.176,0.115,0.709
891000,0.158,0.110,0.732
891500,0.173,0.082,0.745
892000,0.153,0.095,0.752
892500,0.165,0.074,0.761
893000,0.170,0.059,0.771
893500,0.185,0.072,0.743
894000,0.168,0.086,0.746
894500,0.179,0.099,0.722
895000,0.223,0.064,0.713
895500,0.224,0.075,0.701
896000,0.198,0.076,0.726
896500,0.186,0.071,0.743
897000,0.197,0.070,0.733
897500,0.225,0.068,0.707
898000,0.226,0.058,0.716
898500,0.236,0.059,0.705
899000,0.215,0.058,0.727
899500,0.241,0.061,0.698
900000,0.235,0.071,0.694
900500,0.221,0.077,0.702
901000,0.217,0.051,0.732
901500,0.202,0.050,0.748
902000,0.205,0.079,0.716
902500,0.212,0.056,0.732
903000,0.208,0.061,0.731
903500,0.208,0.071,0.721
904000,0.227,0.056,0.717
904500,0.240,0.057,0.703
905000,0.247,0.064,0.689
905500,0.217,0.066,0.717
906000,0.199,0.066,0.735
906500,0.225,0.061,0.714
907000,0.209,0.058,0.733
907500,0.182,0.074,0.744
908000,0.168,0.083,0.749
908500,0.157,0.113,0.730
909000,0.162,0.107,0.731
909500,0.174,0.098,0.728
910000,0.162,0.069,0.769
910500,0.150,0.087,0.763
911000,0.144,0.104,0.752
911500,0.144,0.085,0.771
912000,0.157,0.116,0.727
912500,0.151,0.119,0.730
913000,0.159,0.131,0.710
913500,0.176,0.124,0.700
914000,0.172,0.097,0.731
914500,0.165,0.090,0.745
915000,0.165,0.098,0.737
915500,0.176,0.094,0.730
916000,0.220,0.067,0.713
916500,0.240,0.055,0.705
917000,0.269,0.048,0.683
917500,0.256,0.043,0.701
918000,0.224,0.052,0.724
918500,0.209,0.092,0.699
919000,0.199,0.078,0.723
919500,0.182,0.090,0.728
920000,0.157,0.096,0.747
920500,0.163,0.094,0.743
921000,0.152,0.113,0.735
921500,0.173,0.101,0.726
922000,0.182,0.081,0.737
922500,0.179,0.099,0.722
923000,0.194,0.072,0.734
923500,0.186,0.078,0.736
924000,0.215,0.060,0.725
924500,0.213,0.068,0.719
925000,0.214,0.072,0.714
925500,0.196,0.062,0.742
926000,0.204,0.070,0.726
926500,0.231,0.060,0.709
927000,0.244,0.043,0.713
927500,0.244,0.042,0.714
928000,0.212,0.062,0.726
928500,0.181,0.086,0.733
929000,0.185,0.081,0.734
929500,0.175,0.099,0.726
930000,0.172,0.074,0.754
930500,0.173,0.071,0.756
931000,0.195,0.088,0.717
931500,0.171,0.093,0.736
932000,0.157,0.086,0.757
932500,0.171,0.088,0.741
933000,0.171,0.106,0.723
933500,0.166,0.098,0.736
934000,0.165,0.110,0.725
934500,0.170,0.090,0.740
935000,0.170,0.078,0.752
935500,0.207,0.077,0.716
936000,0.225,0.072,0.703
936500,0.216,0.054,0.730
937000,0.208,0.057,0.735
937500,0.221,0.079,0.700
938000,0.183,0.068,0.749
938500,0.200,0.083,0.717
939000,0.221,0.078,0.701
939500,0.229,0.073,0.698
940000,0.223,0.080,0.697
940500,0.206,0.075,0.719
941000,0.213,0.059,0.728
941500,0.214,0.063,0.723
942000,0.203,0.081,0.716
942500,0.177,0.081,0.742
943000,0.209,0.072,0.719
943500,0.200,0.065,0.735
944000,0.212,0.073,0.715
944500,0.176,0.082,0.742
945000,0.190,0.076,0.734
945500,0.169,0.087,0.744
946000,0.159,0.107,0.734
946500,0.148,0.081,0.771
947000,0.171,0.108,0.721
947500,0.173,0.079,0.748
948000,0.186,0.062,0.752
948500,0.159,0.103,0.738
949000,0.160,0.106,0.734
949500,0.169,0.084,0.747
950000,0.184,0.077,0.739
950500,0.168,0.099,0.733
951000,0.178,0.079,0.743
951500,0.191,0.067,0.742
952000,0.184,0.072,0.744
952500,0.176,0.067,0.757
953000,0.183,0.095,0.722
953500,0.175,0.083,0.742
954000,0.162,0.078,0.760
954500,0.174,0.082,0.744
955000,0.147,0.087,0.766
955500,0.187,0.091,0.722
956000,0.183,0.094,0.723
956500,0.199,0.096,0.705
957000,0.200,0.089,0.711
957500,0.203,0.076,0.721
958000,0.189,0.062,0.749
958500,0.192,0.077,0.731
959000,0.209,0.048,0.743
959500,0.235,0.062,0.703
960000,0.194,0.076,0.730
960500,0.202,0.068,0.730
961000,0.186,0.060,0.754
961500,0.207,0.069,0.724
962000,0.210,0.041,0.749
962500,0.227,0.067,0.706
963000,0.238,0.064,0.698
963500,0.219,0.058,0.723
964000,0.210,0.058,0.732
964500,0.245,0.063,0.692
965000,0.228,0.089,0.683
965500,0.226,0.072,0.702
966000,0.194,0.085,0.721
966500,0.201,0.055,0.744
967000,0.206,0.049,0.745
967500,0.217,0.057,0.726
968000,0.222,0.058,0.720
968500,0.229,0.065,0.706
969000,0.263,0.063,0.674
969500,0.254,0.072,0.674
970000,0.260,0.062,0.678
970500,0.208,0.081,0.711
971000,0.193,0.078,0.729
971500,0.214,0.069,0.717
972000,0.191,0.076,0.733
972500,0.176,0.075,0.749
973000,0.208,0.084,0.708
973500,0.226,0.072,0.702
974000,0.244,0.057,0.699
974500,0.244,0.062,0.694
975000,0.229,0.082,0.689
975500,0.198,0.082,0.720
976000,0.209,0.084,0.707
976500,0.187,0.089,0.724
977000,0.188,0.066,0.746
977500,0.193,0.051,0.756
978000,0.231,0.058,0.711
978500,0.204,0.064,0.732
979000,0.210,0.082,0.708
979500,0.196,0.065,0.739
980000,0.219,0.083,0.698
980500,0.210,0.088,0.702
981000,0.197,0.089,0.714
981500,0.211,0.078,0.711
982000,0.203,0.060,0.737
982500,0.185,0.079,0.736
983000,0.201,0.079,0.720
983500,0.187,0.058,0.755
984000,0.175,0.084,0.741
984500,0.159,0.080,0.761
985000,0.147,0.089,0.764
985500,0.152,0.094,0.754
986000,0.160,0.110,0.730
986500,0.163,0.086,0.751
987000,0.174,0.110,0.716
987500,0.188,0.103,0.709
988000,0.177,0.078,0.745
988500,0.207,0.090,0.703
989000,0.171,0.082,0.747
989500,0.191,0.109,0.700
990000,0.168,0.086,0.746
990500,0.161,0.099,0.740
991000,0.161,0.088,0.751
991500,0.167,0.104,0.729
992000,0.162,0.100,0.738
992500,0.165,0.087,0.748
993000,0.165,0.073,0.762
993500,0.152,0.092,0.756
994000,0.156,0.111,0.733
994500,0.166,0.123,0.711
995000,0.166,0.094,0.740
995500,0.181,0.069,0.750
996000,0.214,0.067,0.719
996500,0.227,0.075,0.698
997000,0.208,0.091,0.701
997500,0.169,0.078,0.753
998000,0.174,0.090,0.736
998500,0.180,0.086,0.734
999000,0.194,0.102,0.704
999500,0.187,0.089,0.724
1000000,0.213,0.066,0.721
