time,n_A+p,n_B,n_AB
0,0.009,0.991,0.000
500,0.009,0.985,0.006
1000,0.009,0.976,0.015
1500,0.009,0.991,0.000
2000,0.009,0.985,0.006
2500,0.009,0.966,0.024
3000,0.009,0.979,0.012
3500,0.009,0.960,0.031
4000,0.012,0.969,0.018
4500,0.009,0.957,0.034
5000,0.009,0.966,0.024
5500,0.009,0.954,0.037
6000,0.034,0.914,0.052
6500,0.028,0.917,0.055
7000,0.012,0.924,0.064
7500,0.009,0.930,0.061
8000,0.009,0.966,0.024
8500,0.009,0.966,0.024
9000,0.009,0.966,0.024
9500,0.009,0.960,0.031
10000,0.009,0.954,0.037
10500,0.012,0.963,0.024
11000,0.009,0.966,0.024
11500,0.015,0.948,0.037
12000,0.012,0.948,0.040
12500,0.028,0.896,0.076
13000,0.040,0.896,0.064
13500,0.024,0.920,0.055
14000,0.024,0.908,0.067
14500,0.021,0.936,0.043
15000,0.021,0.945,0.034
15500,0.012,0.963,0.024
16000,0.015,0.960,0.024
16500,0.012,0.954,0.034
17000,0.012,0.960,0.028
17500,0.009,0.957,0.034
18000,0.009,0.963,0.028
18500,0.009,0.957,0.034
19000,0.018,0.930,0.052
19500,0.009,0.942,0.049
20000,0.018,0.951,0.031
20500,0.015,0.966,0.018
21000,0.015,0.942,0.043
21500,0.024,0.933,0.043
22000,0.018,0.920,0.061
22500,0.018,0.930,0.052
23000,0.021,0.945,0.034
23500,0.015,0.920,0.064
24000,0.018,0.905,0.076
24500,0.015,0.914,0.070
25000,0.012,0.954,0.034
25500,0.018,0.939,0.043
26000,0.015,0.927,0.058
26500,0.021,0.939,0.040
27000,0.046,0.902,0.052
27500,0.043,0.896,0.061
28000,0.034,0.930,0.037
28500,0.021,0.927,0.052
29000,0.009,0.957,0.034
29500,0.028,0.927,0.046
30000,0.015,0.945,0.040
30500,0.009,0.957,0.034
31000,0.015,0.963,0.021
31500,0.018,0.927,0.055
32000,0.018,0.899,0.083
32500,0.024,0.914,0.061
33000,0.018,0.939,0.043
33500,0.012,0.954,0.034
34000,0.012,0.966,0.021
34500,0.009,0.963,0.028
35000,0.009,0.969,0.021
35500,0.009,0.957,0.034
36000,0.018,0.945,0.037
36500,0.015,0.966,0.018
37000,0.009,0.963,0.028
37500,0.009,0.966,0.024
38000,0.009,0.969,0.021
38500,0.009,0.963,0.028
39000,0.009,0.972,0.018
39500,0.009,0.960,0.031
40000,0.009,0.942,0.049
40500,0.012,0.957,0.031
41000,0.021,0.942,0.037
41500,0.021,0.957,0.021
42000,0.021,0.933,0.046
42500,0.021,0.927,0.052
43000,0.015,0.945,0.040
43500,0.021,0.939,0.040
44000,0.037,0.908,0.055
44500,0.046,0.887,0.067
45000,0.046,0.856,0.098
45500,0.028,0.893,0.080
46000,0.012,0.957,0.031
46500,0.009,0.963,0.028
47000,0.009,0.988,0.003
47500,0.009,0.991,0.000
48000,0.009,0.966,0.024
48500,0.012,0.960,0.028
49000,0.012,0.960,0.028
49500,0.009,0.972,0.018
50000,0.012,0.957,0.031
50500,0.009,0.976,0.015
51000,0.009,0.972,0.018
51500,0.009,0.969,0.021
52000,0.009,0.963,0.028
52500,0.009,0.954,0.037
53000,0.009,0.957,0.034
53500,0.021,0.951,0.028
54000,0.034,0.933,0.034
54500,0.024,0.924,0.052
55000,0.031,0.920,0.049
55500,0.024,0.945,0.031
56000,0.031,0.924,0.046
56500,0.034,0.896,0.070
57000,0.037,0.862,0.101
57500,0.021,0.896,0.083
58000,0.021,0.924,0.055
58500,0.015,0.957,0.028
59000,0.012,0.963,0.024
59500,0.012,0.966,0.021
60000,0.012,0.972,0.015
60500,0.012,0.976,0.012
61000,0.012,0.982,0.006
61500,0.009,0.985,0.006
62000,0.009,0.972,0.018
62500,0.012,0.920,0.067
63000,0.009,0.920,0.070
63500,0.012,0.945,0.043
64000,0.009,0.966,0.024
64500,0.012,0.966,0.021
65000,0.012,0.951,0.037
65500,0.009,0.960,0.031
66000,0.015,0.957,0.028
66500,0.009,0.976,0.015
67000,0.012,0.963,0.024
67500,0.024,0.951,0.024
68000,0.021,0.948,0.031
68500,0.015,0.948,0.037
69000,0.009,0.966,0.024
69500,0.009,0.966,0.024
70000,0.009,0.957,0.034
70500,0.009,0.960,0.031
71000,0.009,0.969,0.021
71500,0.009,0.976,0.015
72000,0.009,0.936,0.055
72500,0.009,0.969,0.021
73000,0.009,0.979,0.012
73500,0.009,0.972,0.018
74000,0.009,0.972,0.018
74500,0.009,0.976,0.015
75000,0.009,0.988,0.003
75500,0.009,0.976,0.015
76000,0.018,0.969,0.012
76500,0.009,0.972,0.018
77000,0.018,0.969,0.012
77500,0.018,0.936,0.046
78000,0.009,0.969,0.021
78500,0.015,0.942,0.043
79000,0.012,0.948,0.040
79500,0.012,0.948,0.040
80000,0.018,0.942,0.040
80500,0.028,0.942,0.031
81000,0.015,0.957,0.028
81500,0.015,0.966,0.018
82000,0.015,0.939,0.046
82500,0.012,0.963,0.024
83000,0.009,0.957,0.034
83500,0.009,0.985,0.006
84000,0.009,0.982,0.009
84500,0.009,0.982,0.009
85000,0.009,0.976,0.015
85500,0.012,0.963,0.024
86000,0.009,0.960,0.031
86500,0.012,0.957,0.031
87000,0.015,0.976,0.009
87500,0.009,0.963,0.028
88000,0.012,0.948,0.040
88500,0.009,0.942,0.049
89000,0.018,0.936,0.046
89500,0.037,0.914,0.049
90000,0.021,0.930,0.049
90500,0.012,0.911,0.076
91000,0.028,0.920,0.052
91500,0.018,0.917,0.064
92000,0.009,0.933,0.058
92500,0.009,0.951,0.040
93000,0.018,0.908,0.073
93500,0.021,0.878,0.101
94000,0.034,0.887,0.080
94500,0.021,0.914,0.064
95000,0.012,0.933,0.055
95500,0.021,0.930,0.049
96000,0.009,0.969,0.021
96500,0.015,0.982,0.003
97000,0.009,0.985,0.006
97500,0.009,0.972,0.018
98000,0.009,0.979,0.012
98500,0.009,0.969,0.021
99000,0.015,0.954,0.031
99500,0.009,0.985,0.006
100000,0.009,0.972,0.018
100500,0.009,0.976,0.015
101000,0.012,0.960,0.028
101500,0.009,0.982,0.009
102000,0.009,0.960,0.031
102500,0.009,0.966,0.024
103000,0.009,0.985,0.006
103500,0.009,0.976,0.015
104000,0.012,0.972,0.015
104500,0.009,0.969,0.021
105000,0.009,0.976,0.015
105500,0.018,0.954,0.028
106000,0.009,0.960,0.031
106500,0.009,0.960,0.031
107000,0.012,0.963,0.024
107500,0.015,0.927,0.058
108000,0.009,0.969,0.021
108500,0.012,0.963,0.024
109000,0.024,0.914,0.061
109500,0.037,0.890,0.073
110000,0.018,0.948,0.034
110500,0.009,0.972,0.018
111000,0.012,0.966,0.021
111500,0.015,0.936,0.049
112000,0.009,0.948,0.043
112500,0.012,0.954,0.034
113000,0.009,0.963,0.028
113500,0.009,0.963,0.028
114000,0.009,0.963,0.028
114500,0.009,0.969,0.021
115000,0.009,0.951,0.040
115500,0.012,0.960,0.028
116000,0.009,0.988,0.003
116500,0.012,0.969,0.018
117000,0.009,0.972,0.018
117500,0.009,0.979,0.012
118000,0.024,0.948,0.028
118500,0.034,0.933,0.034
119000,0.028,0.924,0.049
119500,0.021,0.899,0.080
120000,0.037,0.914,0.049
120500,0.024,0.930,0.046
121000,0.024,0.927,0.049
121500,0.034,0.939,0.028
122000,0.018,0.960,0.021
122500,0.012,0.957,0.031
123000,0.009,0.969,0.021
123500,0.015,0.960,0.024
124000,0.028,0.930,0.043
124500,0.015,0.930,0.055
125000,0.021,0.924,0.055
125500,0.024,0.902,0.073
126000,0.018,0.930,0.052
126500,0.018,0.939,0.043
127000,0.012,0.942,0.046
127500,0.028,0.917,0.055
128000,0.024,0.911,0.064
128500,0.021,0.936,0.043
129000,0.028,0.939,0.034
129500,0.024,0.930,0.046
130000,0.018,0.945,0.037
130500,0.018,0.957,0.024
131000,0.012,0.945,0.043
131500,0.024,0.945,0.031
132000,0.012,0.939,0.049
132500,0.015,0.963,0.021
133000,0.015,0.951,0.034
133500,0.018,0.939,0.043
134000,0.015,0.930,0.055
134500,0.009,0.945,0.046
135000,0.012,0.969,0.018
135500,0.012,0.988,0.000
136000,0.009,0.979,0.012
136500,0.009,0.982,0.009
137000,0.009,0.976,0.015
137500,0.009,0.976,0.015
138000,0.009,0.988,0.003
138500,0.012,0.985,0.003
139000,0.012,0.963,0.024
139500,0.012,0.957,0.031
140000,0.015,0.966,0.018
140500,0.021,0.960,0.018
141000,0.018,0.954,0.028
141500,0.012,0.957,0.031
142000,0.012,0.960,0.028
142500,0.009,0.963,0.028
143000,0.015,0.933,0.052
143500,0.031,0.899,0.070
144000,0.018,0.914,0.067
144500,0.028,0.899,0.073
145000,0.028,0.905,0.067
145500,0.043,0.878,0.080
146000,0.052,0.869,0.080
146500,0.028,0.884,0.089
147000,0.015,0.945,0.040
147500,0.012,0.976,0.012
148000,0.009,0.976,0.015
148500,0.009,0.979,0.012
149000,0.009,0.976,0.015
149500,0.018,0.954,0.028
150000,0.040,0.933,0.028
150500,0.018,0.924,0.058
151000,0.024,0.917,0.058
151500,0.024,0.905,0.070
152000,0.031,0.908,0.061
152500,0.018,0.920,0.061
153000,0.034,0.908,0.058
153500,0.015,0.942,0.043
154000,0.012,0.969,0.018
154500,0.018,0.972,0.009
155000,0.009,0.979,0.012
155500,0.012,0.924,0.064
156000,0.012,0.927,0.061
156500,0.018,0.936,0.046
157000,0.034,0.902,0.064
157500,0.031,0.924,0.046
158000,0.028,0.896,0.076
158500,0.024,0.896,0.080
159000,0.031,0.884,0.086
159500,0.037,0.890,0.073
160000,0.031,0.896,0.073
160500,0.018,0.951,0.031
161000,0.018,0.960,0.021
161500,0.009,0.960,0.031
162000,0.009,0.972,0.018
162500,0.009,0.982,0.009
163000,0.009,0.979,0.012
163500,0.009,0.976,0.015
164000,0.009,0.976,0.015
164500,0.009,0.972,0.018
165000,0.009,0.972,0.018
165500,0.009,0.951,0.040
166000,0.009,0.979,0.012
166500,0.012,0.979,0.009
167000,0.012,0.988,0.000
167500,0.009,0.969,0.021
168000,0.021,0.942,0.037
168500,0.012,0.954,0.034
169000,0.012,0.963,0.024
169500,0.021,0.948,0.031
170000,0.021,0.945,0.034
170500,0.018,0.972,0.009
171000,0.018,0.954,0.028
171500,0.012,0.945,0.043
172000,0.009,0.982,0.009
172500,0.009,0.957,0.034
173000,0.024,0.930,0.046
173500,0.043,0.896,0.061
174000,0.021,0.930,0.049
174500,0.021,0.951,0.028
175000,0.021,0.933,0.046
175500,0.024,0.908,0.067
176000,0.031,0.887,0.083
176500,0.015,0.917,0.067
177000,0.009,0.960,0.031
177500,0.009,0.972,0.018
178000,0.009,0.951,0.040
178500,0.018,0.942,0.040
179000,0.012,0.957,0.031
179500,0.015,0.930,0.055
180000,0.012,0.924,0.064
180500,0.018,0.954,0.028
181000,0.028,0.939,0.034
181500,0.009,0.957,0.034
182000,0.009,0.966,0.024
182500,0.009,0.960,0.031
183000,0.009,0.969,0.021
183500,0.015,0.942,0.043
184000,0.012,0.957,0.031
184500,0.015,0.966,0.018
185000,0.012,0.960,0.028
185500,0.009,0.969,0.021
186000,0.009,0.982,0.009
186500,0.009,0.979,0.012
187000,0.012,0.942,0.046
187500,0.028,0.951,0.021
188000,0.012,0.951,0.037
188500,0.012,0.960,0.028
189000,0.015,0.954,0.031
189500,0.012,0.954,0.034
190000,0.009,0.988,0.003
190500,0.012,0.982,0.006
191000,0.012,0.957,0.031
191500,0.009,0.976,0.015
192000,0.009,0.979,0.012
192500,0.009,0.985,0.006
193000,0.009,0.979,0.012
193500,0.009,0.966,0.024
194000,0.009,0.960,0.031
194500,0.009,0.963,0.028
195000,0.015,0.954,0.031
195500,0.009,0.939,0.052
196000,0.024,0.951,0.024
196500,0.018,0.881,0.101
197000,0.034,0.887,0.080
197500,0.015,0.920,0.064
198000,0.012,0.933,0.055
198500,0.009,0.957,0.034
199000,0.009,0.966,0.024
199500,0.009,0.954,0.037
200000,0.012,0.942,0.046
200500,0.028,0.936,0.037
201000,0.021,0.936,0.043
201500,0.031,0.924,0.046
202000,0.034,0.908,0.058
202500,0.018,0.924,0.058
203000,0.024,0.930,0.046
203500,0.012,0.963,0.024
204000,0.021,0.945,0.034
204500,0.018,0.933,0.049
205000,0.012,0.957,0.031
205500,0.015,0.945,0.040
206000,0.018,0.960,0.021
206500,0.012,0.945,0.043
207000,0.012,0.939,0.049
207500,0.043,0.936,0.021
208000,0.015,0.966,0.018
208500,0.015,0.936,0.049
209000,0.012,0.957,0.031
209500,0.012,0.954,0.034
210000,0.024,0.945,0.031
210500,0.024,0.908,0.067
211000,0.021,0.917,0.061
211500,0.018,0.936,0.046
212000,0.009,0.960,0.031
212500,0.009,0.969,0.021
213000,0.009,0.942,0.049
213500,0.015,0.954,0.031
214000,0.012,0.954,0.034
214500,0.009,0.969,0.021
215000,0.009,0.966,0.024
215500,0.009,0.988,0.003
216000,0.009,0.972,0.018
216500,0.009,0.982,0.009
217000,0.021,0.933,0.046
217500,0.012,0.924,0.064
218000,0.012,0.911,0.076
218500,0.018,0.924,0.058
219000,0.015,0.902,0.083
219500,0.031,0.875,0.095
220000,0.037,0.872,0.092
220500,0.015,0.914,0.070
221000,0.012,0.942,0.046
221500,0.015,0.933,0.052
222000,0.009,0.966,0.024
222500,0.012,0.951,0.037
223000,0.009,0.976,0.015
223500,0.009,0.976,0.015
224000,0.009,0.954,0.037
224500,0.009,0.927,0.064
225000,0.009,0.927,0.064
225500,0.009,0.954,0.037
226000,0.009,0.963,0.028
226500,0.009,0.976,0.015
227000,0.009,0.976,0.015
227500,0.009,0.969,0.021
228000,0.009,0.963,0.028
228500,0.021,0.933,0.046
229000,0.018,0.917,0.064
229500,0.009,0.976,0.015
230000,0.009,0.972,0.018
230500,0.012,0.963,0.024
231000,0.024,0.963,0.012
231500,0.012,0.972,0.015
232000,0.018,0.948,0.034
232500,0.040,0.930,0.031
233000,0.024,0.942,0.034
233500,0.028,0.911,0.061
234000,0.015,0.930,0.055
234500,0.015,0.924,0.061
235000,0.021,0.936,0.043
235500,0.009,0.963,0.028
236000,0.009,0.979,0.012
236500,0.009,0.966,0.024
237000,0.009,0.948,0.043
237500,0.012,0.957,0.031
238000,0.015,0.969,0.015
238500,0.009,0.969,0.021
239000,0.009,0.979,0.012
239500,0.009,0.988,0.003
240000,0.009,0.979,0.012
240500,0.009,0.966,0.024
241000,0.009,0.982,0.009
241500,0.009,0.969,0.021
242000,0.009,0.985,0.006
242500,0.009,0.966,0.024
243000,0.009,0.951,0.040
243500,0.012,0.917,0.070
244000,0.018,0.930,0.052
244500,0.015,0.951,0.034
245000,0.028,0.927,0.046
245500,0.058,0.899,0.043
246000,0.043,0.905,0.052
246500,0.061,0.881,0.058
247000,0.064,0.838,0.098
247500,0.034,0.881,0.086
248000,0.046,0.844,0.110
248500,0.018,0.890,0.092
249000,0.009,0.924,0.067
249500,0.012,0.948,0.040
250000,0.009,0.948,0.043
250500,0.009,0.951,0.040
251000,0.009,0.969,0.021
251500,0.024,0.966,0.009
252000,0.009,0.963,0.028
252500,0.012,0.960,0.028
253000,0.009,0.985,0.006
253500,0.009,0.979,0.012
254000,0.009,0.982,0.009
254500,0.021,0.960,0.018
255000,0.009,0.960,0.031
255500,0.009,0.963,0.028
256000,0.018,0.954,0.028
256500,0.031,0.902,0.067
257000,0.028,0.902,0.070
257500,0.009,0.890,0.101
258000,0.009,0.969,0.021
258500,0.024,0.951,0.024
259000,0.012,0.963,0.024
259500,0.028,0.924,0.049
260000,0.018,0.924,0.058
260500,0.009,0.963,0.028
261000,0.009,0.982,0.009
261500,0.009,0.982,0.009
262000,0.009,0.969,0.021
262500,0.009,0.969,0.021
263000,0.015,0.966,0.018
263500,0.015,0.957,0.028
264000,0.015,0.945,0.040
264500,0.012,0.972,0.015
265000,0.009,0.966,0.024
265500,0.012,0.969,0.018
266000,0.009,0.969,0.021
266500,0.009,0.966,0.024
267000,0.015,0.933,0.052
267500,0.009,0.957,0.034
268000,0.009,0.960,0.031
268500,0.009,0.969,0.021
269000,0.015,0.966,0.018
269500,0.009,0.951,0.040
270000,0.009,0.976,0.015
270500,0.009,0.982,0.009
271000,0.009,0.972,0.018
271500,0.009,0.979,0.012
272000,0.012,0.969,0.018
272500,0.012,0.957,0.031
273000,0.012,0.948,0.040
273500,0.024,0.920,0.055
274000,0.037,0.905,0.058
274500,0.040,0.905,0.055
275000,0.031,0.930,0.040
275500,0.012,0.966,0.021
276000,0.012,0.966,0.021
276500,0.009,0.976,0.015
277000,0.009,0.988,0.003
277500,0.009,0.976,0.015
278000,0.009,0.982,0.009
278500,0.009,0.972,0.018
279000,0.009,0.963,0.028
279500,0.015,0.960,0.024
280000,0.024,0.939,0.037
280500,0.037,0.902,0.061
281000,0.034,0.933,0.034
281500,0.015,0.957,0.028
282000,0.009,0.954,0.037
282500,0.009,0.976,0.015
283000,0.009,0.985,0.006
283500,0.009,0.985,0.006
284000,0.009,0.969,0.021
284500,0.015,0.960,0.024
285000,0.012,0.939,0.049
285500,0.012,0.948,0.040
286000,0.012,0.969,0.018
286500,0.009,0.982,0.009
287000,0.009,0.972,0.018
287500,0.018,0.979,0.003
288000,0.009,0.972,0.018
288500,0.028,0.927,0.046
289000,0.024,0.939,0.037
289500,0.015,0.914,0.070
290000,0.015,0.930,0.055
290500,0.015,0.963,0.021
291000,0.009,0.976,0.015
291500,0.009,0.985,0.006
292000,0.009,0.985,0.006
292500,0.009,0.985,0.006
293000,0.009,0.976,0.015
293500,0.012,0.945,0.043
294000,0.009,0.982,0.009
294500,0.012,0.957,0.031
295000,0.009,0.963,0.028
295500,0.009,0.976,0.015
296000,0.012,0.960,0.028
296500,0.015,0.954,0.031
297000,0.018,0.933,0.049
297500,0.015,0.960,0.024
298000,0.009,0.954,0.037
298500,0.009,0.969,0.021
299000,0.009,0.985,0.006
299500,0.012,0.976,0.012
300000,0.021,0.960,0.018
300500,0.009,0.972,0.018
301000,0.009,0.982,0.009
301500,0.009,0.976,0.015
302000,0.015,0.969,0.015
302500,0.012,0.976,0.012
303000,0.012,0.982,0.006
303500,0.015,0.976,0.009
304000,0.012,0.951,0.037
304500,0.024,0.933,0.043
305000,0.012,0.945,0.043
305500,0.009,0.957,0.034
306000,0.009,0.976,0.015
306500,0.009,0.966,0.024
307000,0.009,0.976,0.015
307500,0.009,0.976,0.015
308000,0.009,0.982,0.009
308500,0.009,0.976,0.015
309000,0.009,0.972,0.018
309500,0.009,0.976,0.015
310000,0.012,0.963,0.024
310500,0.009,0.982,0.009
311000,0.009,0.948,0.043
311500,0.018,0.930,0.052
312000,0.028,0.942,0.031
312500,0.012,0.927,0.061
313000,0.009,0.924,0.067
313500,0.021,0.939,0.040
314000,0.018,0.933,0.049
314500,0.012,0.933,0.055
315000,0.021,0.948,0.031
315500,0.018,0.963,0.018
316000,0.012,0.951,0.037
316500,0.028,0.942,0.031
317000,0.018,0.930,0.052
317500,0.040,0.905,0.055
318000,0.018,0.914,0.067
318500,0.015,0.920,0.064
319000,0.009,0.939,0.052
319500,0.009,0.957,0.034
320000,0.012,0.960,0.028
320500,0.012,0.948,0.040
321000,0.015,0.957,0.028
321500,0.015,0.979,0.006
322000,0.009,0.982,0.009
322500,0.021,0.957,0.021
323000,0.031,0.911,0.058
323500,0.040,0.899,0.061
324000,0.015,0.939,0.046
324500,0.015,0.930,0.055
325000,0.018,0.966,0.015
325500,0.015,0.972,0.012
326000,0.009,0.969,0.021
326500,0.012,0.957,0.031
327000,0.012,0.963,0.024
327500,0.009,0.948,0.043
328000,0.012,0.954,0.034
328500,0.009,0.966,0.024
329000,0.009,0.976,0.015
329500,0.009,0.976,0.015
330000,0.009,0.982,0.009
330500,0.009,0.976,0.015
331000,0.018,0.948,0.034
331500,0.031,0.957,0.012
332000,0.018,0.930,0.052
332500,0.031,0.920,0.049
333000,0.024,0.924,0.052
333500,0.046,0.920,0.034
334000,0.031,0.917,0.052
334500,0.028,0.902,0.070
335000,0.028,0.908,0.064
335500,0.024,0.924,0.052
336000,0.024,0.939,0.037
336500,0.018,0.933,0.049
337000,0.021,0.939,0.040
337500,0.024,0.920,0.055
338000,0.012,0.942,0.046
338500,0.024,0.914,0.061
339000,0.028,0.927,0.046
339500,0.021,0.933,0.046
340000,0.021,0.945,0.034
340500,0.018,0.927,0.055
341000,0.015,0.939,0.046
341500,0.034,0.924,0.043
342000,0.024,0.939,0.037
342500,0.015,0.960,0.024
343000,0.015,0.957,0.028
343500,0.012,0.951,0.037
344000,0.018,0.945,0.037
344500,0.012,0.951,0.037
345000,0.040,0.911,0.049
345500,0.015,0.914,0.070
346000,0.037,0.930,0.034
346500,0.028,0.893,0.080
347000,0.018,0.936,0.046
347500,0.018,0.963,0.018
348000,0.018,0.917,0.064
348500,0.018,0.951,0.031
349000,0.012,0.951,0.037
349500,0.018,0.948,0.034
350000,0.015,0.930,0.055
350500,0.021,0.914,0.064
351000,0.015,0.920,0.064
351500,0.012,0.942,0.046
352000,0.028,0.902,0.070
352500,0.021,0.902,0.076
353000,0.009,0.948,0.043
353500,0.009,0.966,0.024
354000,0.009,0.979,0.012
354500,0.009,0.966,0.024
355000,0.009,0.976,0.015
355500,0.009,0.972,0.018
356000,0.009,0.954,0.037
356500,0.009,0.979,0.012
357000,0.009,0.972,0.018
357500,0.021,0.963,0.015
358000,0.009,0.966,0.024
358500,0.009,0.966,0.024
359000,0.015,0.966,0.018
359500,0.009,0.972,0.018
360000,0.009,0.969,0.021
360500,0.009,0.972,0.018
361000,0.009,0.976,0.015
361500,0.009,0.982,0.009
362000,0.009,0.969,0.021
362500,0.009,0.976,0.015
363000,0.009,0.969,0.021
363500,0.009,0.960,0.031
364000,0.009,0.985,0.006
364500,0.009,0.991,0.000
365000,0.009,0.979,0.012
365500,0.015,0.966,0.018
366000,0.009,0.976,0.015
366500,0.009,0.960,0.031
367000,0.015,0.939,0.046
367500,0.009,0.963,0.028
368000,0.009,0.976,0.015
368500,0.009,0.979,0.012
369000,0.012,0.960,0.028
369500,0.009,0.969,0.021
370000,0.009,0.936,0.055
370500,0.009,0.969,0.021
371000,0.009,0.966,0.024
371500,0.009,0.948,0.043
372000,0.015,0.939,0.046
372500,0.012,0.933,0.055
373000,0.015,0.948,0.037
373500,0.012,0.979,0.009
374000,0.018,0.963,0.018
374500,0.024,0.920,0.055
375000,0.037,0.927,0.037
375500,0.015,0.939,0.046
376000,0.015,0.954,0.031
376500,0.015,0.969,0.015
377000,0.012,0.969,0.018
377500,0.009,0.963,0.028
378000,0.009,0.966,0.024
378500,0.009,0.979,0.012
379000,0.009,0.979,0.012
379500,0.009,0.979,0.012
380000,0.009,0.939,0.052
380500,0.015,0.957,0.028
381000,0.024,0.951,0.024
381500,0.018,0.942,0.040
382000,0.015,0.930,0.055
382500,0.018,0.933,0.049
383000,0.012,0.948,0.040
383500,0.018,0.951,0.031
384000,0.040,0.936,0.024
384500,0.021,0.917,0.061
385000,0.012,0.960,0.028
385500,0.012,0.969,0.018
386000,0.012,0.954,0.034
386500,0.018,0.936,0.046
387000,0.031,0.933,0.037
387500,0.021,0.914,0.064
388000,0.012,0.911,0.076
388500,0.012,0.936,0.052
389000,0.012,0.972,0.015
389500,0.009,0.951,0.040
390000,0.015,0.960,0.024
390500,0.009,0.979,0.012
391000,0.009,0.954,0.037
391500,0.012,0.957,0.031
392000,0.012,0.930,0.058
392500,0.012,0.957,0.031
393000,0.012,0.951,0.037
393500,0.024,0.914,0.061
394000,0.031,0.890,0.080
394500,0.018,0.939,0.043
395000,0.021,0.917,0.061
395500,0.015,0.945,0.040
396000,0.012,0.942,0.046
396500,0.015,0.951,0.034
397000,0.015,0.963,0.021
397500,0.012,0.969,0.018
398000,0.012,0.963,0.024
398500,0.009,0.976,0.015
399000,0.015,0.963,0.021
399500,0.009,0.948,0.043
400000,0.012,0.945,0.043
400500,0.009,0.957,0.034
401000,0.012,0.960,0.028
401500,0.009,0.963,0.028
402000,0.009,0.966,0.024
402500,0.009,0.963,0.028
403000,0.009,0.951,0.040
403500,0.012,0.930,0.058
404000,0.015,0.927,0.058
404500,0.015,0.936,0.049
405000,0.015,0.951,0.034
405500,0.012,0.966,0.021
406000,0.012,0.972,0.015
406500,0.009,0.969,0.021
407000,0.015,0.957,0.028
407500,0.012,0.969,0.018
408000,0.009,0.960,0.031
408500,0.009,0.966,0.024
409000,0.009,0.948,0.043
409500,0.009,0.963,0.028
410000,0.009,0.960,0.031
410500,0.009,0.969,0.021
411000,0.009,0.972,0.018
411500,0.009,0.976,0.015
412000,0.009,0.985,0.006
412500,0.009,0.963,0.028
413000,0.012,0.954,0.034
413500,0.009,0.945,0.046
414000,0.012,0.924,0.064
414500,0.018,0.920,0.061
415000,0.009,0.957,0.034
415500,0.009,0.966,0.024
416000,0.009,0.972,0.018
416500,0.009,0.982,0.009
417000,0.012,0.957,0.031
417500,0.012,0.972,0.015
418000,0.018,0.963,0.018
418500,0.009,0.985,0.006
419000,0.009,0.966,0.024
419500,0.015,0.954,0.031
420000,0.012,0.969,0.018
420500,0.009,0.976,0.015
421000,0.009,0.960,0.031
421500,0.009,0.969,0.021
422000,0.012,0.954,0.034
422500,0.009,0.976,0.015
423000,0.009,0.966,0.024
423500,0.012,0.951,0.037
424000,0.012,0.966,0.021
424500,0.015,0.972,0.012
425000,0.012,0.957,0.031
425500,0.009,0.939,0.052
426000,0.009,0.948,0.043
426500,0.009,0.957,0.034
427000,0.012,0.972,0.015
427500,0.024,0.939,0.037
428000,0.015,0.942,0.043
428500,0.012,0.951,0.037
429000,0.009,0.957,0.034
429500,0.009,0.966,0.024
430000,0.018,0.954,0.028
430500,0.015,0.951,0.034
431000,0.021,0.945,0.034
431500,0.009,0.954,0.037
432000,0.009,0.969,0.021
432500,0.012,0.957,0.031
433000,0.012,0.948,0.040
433500,0.009,0.936,0.055
434000,0.009,0.972,0.018
434500,0.009,0.963,0.028
435000,0.012,0.930,0.058
435500,0.012,0.966,0.021
436000,0.009,0.982,0.009
436500,0.009,0.988,0.003
437000,0.009,0.982,0.009
437500,0.009,0.979,0.012
438000,0.012,0.957,0.031
438500,0.012,0.960,0.028
439000,0.009,0.966,0.024
439500,0.012,0.966,0.021
440000,0.009,0.963,0.028
440500,0.015,0.960,0.024
441000,0.009,0.942,0.049
441500,0.009,0.963,0.028
442000,0.012,0.963,0.024
442500,0.018,0.957,0.024
443000,0.018,0.954,0.028
443500,0.024,0.927,0.049
444000,0.015,0.936,0.049
444500,0.009,0.948,0.043
445000,0.009,0.945,0.046
445500,0.009,0.985,0.006
446000,0.009,0.979,0.012
446500,0.009,0.976,0.015
447000,0.009,0.979,0.012
447500,0.009,0.969,0.021
448000,0.009,0.976,0.015
448500,0.009,0.976,0.015
449000,0.009,0.963,0.028
449500,0.009,0.972,0.018
450000,0.009,0.972,0.018
450500,0.009,0.979,0.012
451000,0.009,0.985,0.006
451500,0.009,0.972,0.018
452000,0.018,0.945,0.037
452500,0.021,0.917,0.061
453000,0.046,0.899,0.055
453500,0.034,0.881,0.086
454000,0.040,0.893,0.067
454500,0.021,0.896,0.083
455000,0.009,0.924,0.067
455500,0.009,0.954,0.037
456000,0.009,0.972,0.018
456500,0.012,0.954,0.034
457000,0.009,0.982,0.009
457500,0.009,0.945,0.046
458000,0.009,0.957,0.034
458500,0.021,0.951,0.028
459000,0.009,0.954,0.037
459500,0.012,0.963,0.024
460000,0.021,0.930,0.049
460500,0.031,0.908,0.061
461000,0.028,0.878,0.095
461500,0.061,0.865,0.073
462000,0.024,0.869,0.107
462500,0.021,0.899,0.080
463000,0.009,0.936,0.055
463500,0.012,0.951,0.037
464000,0.021,0.966,0.012
464500,0.012,0.960,0.028
465000,0.012,0.945,0.043
465500,0.015,0.960,0.024
466000,0.009,0.963,0.028
466500,0.009,0.976,0.015
467000,0.015,0.976,0.009
467500,0.009,0.982,0.009
468000,0.009,0.979,0.012
468500,0.009,0.951,0.040
469000,0.009,0.957,0.034
469500,0.028,0.957,0.015
470000,0.018,0.942,0.040
470500,0.012,0.963,0.024
471000,0.009,0.963,0.028
471500,0.012,0.951,0.037
472000,0.028,0.960,0.012
472500,0.015,0.954,0.031
473000,0.012,0.957,0.031
473500,0.015,0.945,0.040
474000,0.015,0.954,0.031
474500,0.015,0.951,0.034
475000,0.009,0.969,0.021
475500,0.009,0.972,0.018
476000,0.015,0.948,0.037
476500,0.009,0.945,0.046
477000,0.018,0.966,0.015
477500,0.012,0.976,0.012
478000,0.012,0.979,0.009
478500,0.009,0.969,0.021
479000,0.012,0.933,0.055
479500,0.012,0.945,0.043
480000,0.012,0.957,0.031
480500,0.018,0.969,0.012
481000,0.040,0.899,0.061
481500,0.024,0.951,0.024
482000,0.021,0.936,0.043
482500,0.009,0.963,0.028
483000,0.009,0.976,0.015
483500,0.009,0.979,0.012
484000,0.018,0.969,0.012
484500,0.009,0.985,0.006
485000,0.009,0.988,0.003
485500,0.009,0.972,0.018
486000,0.009,0.982,0.009
486500,0.009,0.982,0.009
487000,0.009,0.972,0.018
487500,0.012,0.972,0.015
488000,0.009,0.982,0.009
488500,0.009,0.976,0.015
489000,0.009,0.979,0.012
489500,0.009,0.972,0.018
490000,0.031,0.945,0.024
490500,0.031,0.920,0.049
491000,0.024,0.917,0.058
491500,0.018,0.963,0.018
492000,0.009,0.982,0.009
492500,0.009,0.985,0.006
493000,0.009,0.972,0.018
493500,0.024,0.933,0.043
494000,0.015,0.960,0.024
494500,0.009,0.972,0.018
495000,0.009,0.963,0.028
495500,0.024,0.951,0.024
496000,0.037,0.939,0.024
496500,0.031,0.924,0.046
497000,0.018,0.945,0.037
497500,0.018,0.936,0.046
498000,0.040,0.911,0.049
498500,0.018,0.963,0.018
499000,0.018,0.957,0.024
499500,0.015,0.936,0.049
500000,0.024,0.939,0.037
500500,0.012,0.942,0.046
501000,0.012,0.951,0.037
501500,0.009,0.966,0.024
502000,0.015,0.954,0.031
502500,0.018,0.963,0.018
503000,0.009,0.957,0.034
503500,0.009,0.960,0.031
504000,0.009,0.976,0.015
504500,0.009,0.963,0.028
505000,0.012,0.979,0.009
505500,0.009,0.972,0.018
506000,0.009,0.963,0.028
506500,0.009,0.960,0.031
507000,0.009,0.979,0.012
507500,0.009,0.979,0.012
508000,0.009,0.972,0.018
508500,0.012,0.951,0.037
509000,0.021,0.960,0.018
509500,0.012,0.972,0.015
510000,0.009,0.966,0.024
510500,0.009,0.976,0.015
511000,0.009,0.969,0.021
511500,0.009,0.991,0.000
512000,0.009,0.969,0.021
512500,0.012,0.969,0.018
513000,0.028,0.914,0.058
513500,0.018,0.908,0.073
514000,0.009,0.960,0.031
514500,0.012,0.951,0.037
515000,0.015,0.927,0.058
515500,0.009,0.966,0.024
516000,0.015,0.951,0.034
516500,0.015,0.963,0.021
517000,0.012,0.951,0.037
517500,0.012,0.976,0.012
518000,0.012,0.976,0.012
518500,0.009,0.982,0.009
519000,0.009,0.976,0.015
519500,0.009,0.972,0.018
520000,0.012,0.972,0.015
520500,0.009,0.979,0.012
521000,0.009,0.979,0.012
521500,0.012,0.966,0.021
522000,0.040,0.914,0.046
522500,0.031,0.902,0.067
523000,0.009,0.972,0.018
523500,0.009,0.988,0.003
524000,0.009,0.976,0.015
524500,0.009,0.972,0.018
525000,0.009,0.972,0.018
525500,0.018,0.966,0.015
526000,0.015,0.963,0.021
526500,0.009,0.982,0.009
527000,0.009,0.972,0.018
527500,0.012,0.966,0.021
528000,0.012,0.979,0.009
528500,0.015,0.933,0.052
529000,0.028,0.893,0.080
529500,0.012,0.930,0.058
530000,0.012,0.960,0.028
530500,0.009,0.963,0.028
531000,0.009,0.976,0.015
531500,0.009,0.979,0.012
532000,0.009,0.982,0.009
532500,0.009,0.982,0.009
533000,0.009,0.982,0.009
533500,0.009,0.969,0.021
534000,0.015,0.966,0.018
534500,0.012,0.963,0.024
535000,0.009,0.960,0.031
535500,0.012,0.954,0.034
536000,0.018,0.927,0.055
536500,0.012,0.942,0.046
537000,0.012,0.930,0.058
537500,0.018,0.920,0.061
538000,0.012,0.939,0.049
538500,0.009,0.969,0.021
539000,0.012,0.963,0.024
539500,0.009,0.969,0.021
540000,0.009,0.951,0.040
540500,0.009,0.979,0.012
541000,0.012,0.945,0.043
541500,0.024,0.899,0.076
542000,0.009,0.948,0.043
542500,0.012,0.954,0.034
543000,0.012,0.945,0.043
543500,0.012,0.936,0.052
544000,0.034,0.914,0.052
544500,0.018,0.942,0.040
545000,0.012,0.951,0.037
545500,0.015,0.972,0.012
546000,0.009,0.966,0.024
546500,0.009,0.963,0.028
547000,0.009,0.972,0.018
547500,0.009,0.979,0.012
548000,0.009,0.979,0.012
548500,0.009,0.969,0.021
549000,0.009,0.972,0.018
549500,0.009,0.988,0.003
550000,0.009,0.982,0.009
550500,0.009,0.979,0.012
551000,0.009,0.985,0.006
551500,0.012,0.969,0.018
552000,0.009,0.979,0.012
552500,0.009,0.972,0.018
553000,0.009,0.979,0.012
553500,0.009,0.963,0.028
554000,0.009,0.982,0.009
554500,0.009,0.960,0.031
555000,0.009,0.972,0.018
555500,0.015,0.951,0.034
556000,0.012,0.969,0.018
556500,0.009,0.948,0.043
557000,0.015,0.948,0.037
557500,0.009,0.957,0.034
558000,0.009,0.979,0.012
558500,0.009,0.960,0.031
559000,0.009,0.960,0.031
559500,0.009,0.976,0.015
560000,0.009,0.969,0.021
560500,0.015,0.963,0.021
561000,0.009,0.985,0.006
561500,0.009,0.976,0.015
562000,0.009,0.917,0.073
562500,0.015,0.954,0.031
563000,0.012,0.948,0.040
563500,0.012,0.969,0.018
564000,0.012,0.982,0.006
564500,0.009,0.963,0.028
565000,0.009,0.985,0.006
565500,0.009,0.969,0.021
566000,0.015,0.960,0.024
566500,0.009,0.979,0.012
567000,0.009,0.979,0.012
567500,0.009,0.976,0.015
568000,0.012,0.951,0.037
568500,0.009,0.957,0.034
569000,0.015,0.966,0.018
569500,0.009,0.969,0.021
570000,0.009,0.972,0.018
570500,0.009,0.954,0.037
571000,0.009,0.963,0.028
571500,0.009,0.979,0.012
572000,0.009,0.976,0.015
572500,0.009,0.988,0.003
573000,0.009,0.982,0.009
573500,0.009,0.963,0.028
574000,0.009,0.979,0.012
574500,0.009,0.976,0.015
575000,0.009,0.979,0.012
575500,0.009,0.991,0.000
576000,0.009,0.982,0.009
576500,0.012,0.966,0.021
577000,0.012,0.960,0.028
577500,0.009,0.988,0.003
578000,0.012,0.982,0.006
578500,0.009,0.976,0.015
579000,0.009,0.942,0.049
579500,0.009,0.976,0.015
580000,0.015,0.936,0.049
580500,0.012,0.933,0.055
581000,0.012,0.942,0.046
581500,0.028,0.927,0.046
582000,0.028,0.896,0.076
582500,0.040,0.896,0.064
583000,0.028,0.896,0.076
583500,0.024,0.917,0.058
584000,0.018,0.914,0.067
584500,0.021,0.930,0.049
585000,0.040,0.902,0.058
585500,0.040,0.927,0.034
586000,0.031,0.914,0.055
586500,0.018,0.936,0.046
587000,0.012,0.930,0.058
587500,0.021,0.939,0.040
588000,0.012,0.960,0.028
588500,0.009,0.985,0.006
589000,0.009,0.991,0.000
589500,0.015,0.982,0.003
590000,0.021,0.933,0.046
590500,0.021,0.905,0.073
591000,0.037,0.899,0.064
591500,0.015,0.905,0.080
592000,0.012,0.939,0.049
592500,0.012,0.963,0.024
593000,0.009,0.976,0.015
593500,0.009,0.985,0.006
594000,0.009,0.985,0.006
594500,0.009,0.988,0.003
595000,0.009,0.948,0.043
595500,0.018,0.945,0.037
596000,0.012,0.966,0.021
596500,0.009,0.976,0.015
597000,0.009,0.976,0.015
597500,0.009,0.988,0.003
598000,0.009,0.985,0.006
598500,0.015,0.966,0.018
599000,0.024,0.917,0.058
599500,0.015,0.951,0.034
600000,0.012,0.951,0.037
600500,0.009,0.969,0.021
601000,0.009,0.969,0.021
601500,0.009,0.963,0.028
602000,0.009,0.976,0.015
602500,0.009,0.985,0.006
603000,0.009,0.991,0.000
603500,0.009,0.991,0.000
604000,0.009,0.969,0.021
604500,0.012,0.985,0.003
605000,0.012,0.972,0.015
605500,0.009,0.979,0.012
606000,0.009,0.966,0.024
606500,0.009,0.930,0.061
607000,0.009,0.972,0.018
607500,0.009,0.988,0.003
608000,0.009,0.982,0.009
608500,0.009,0.982,0.009
609000,0.009,0.972,0.018
609500,0.015,0.979,0.006
610000,0.012,0.979,0.009
610500,0.012,0.979,0.009
611000,0.009,0.972,0.018
611500,0.009,0.976,0.015
612000,0.009,0.982,0.009
612500,0.009,0.963,0.028
613000,0.021,0.945,0.034
613500,0.012,0.945,0.043
614000,0.009,0.966,0.024
614500,0.009,0.963,0.028
615000,0.009,0.976,0.015
615500,0.018,0.942,0.040
616000,0.012,0.976,0.012
616500,0.012,0.972,0.015
617000,0.009,0.979,0.012
617500,0.009,0.988,0.003
618000,0.012,0.976,0.012
618500,0.012,0.982,0.006
619000,0.015,0.966,0.018
619500,0.009,0.972,0.018
620000,0.009,0.976,0.015
620500,0.009,0.954,0.037
621000,0.009,0.945,0.046
621500,0.009,0.948,0.043
622000,0.031,0.905,0.064
622500,0.018,0.914,0.067
623000,0.018,0.945,0.037
623500,0.018,0.951,0.031
624000,0.018,0.930,0.052
624500,0.018,0.939,0.043
625000,0.021,0.911,0.067
625500,0.012,0.927,0.061
626000,0.009,0.972,0.018
626500,0.012,0.982,0.006
627000,0.012,0.951,0.037
627500,0.009,0.969,0.021
628000,0.009,0.976,0.015
628500,0.009,0.976,0.015
629000,0.009,0.969,0.021
629500,0.009,0.982,0.009
630000,0.009,0.985,0.006
630500,0.009,0.972,0.018
631000,0.009,0.963,0.028
631500,0.015,0.930,0.055
632000,0.018,0.957,0.024
632500,0.012,0.969,0.018
633000,0.009,0.982,0.009
633500,0.009,0.985,0.006
634000,0.009,0.979,0.012
634500,0.024,0.945,0.031
635000,0.012,0.942,0.046
635500,0.015,0.957,0.028
636000,0.009,0.966,0.024
636500,0.009,0.960,0.031
637000,0.012,0.972,0.015
637500,0.009,0.972,0.018
638000,0.009,0.972,0.018
638500,0.009,0.979,0.012
639000,0.009,0.976,0.015
639500,0.009,0.951,0.040
640000,0.012,0.966,0.021
640500,0.015,0.966,0.018
641000,0.015,0.951,0.034
641500,0.009,0.960,0.031
642000,0.009,0.988,0.003
642500,0.015,0.979,0.006
643000,0.012,0.951,0.037
643500,0.012,0.957,0.031
644000,0.012,0.972,0.015
644500,0.018,0.942,0.040
645000,0.012,0.972,0.015
645500,0.015,0.963,0.021
646000,0.012,0.976,0.012
646500,0.012,0.957,0.031
647000,0.024,0.960,0.015
647500,0.012,0.930,0.058
648000,0.009,0.954,0.037
648500,0.028,0.936,0.037
649000,0.009,0.957,0.034
649500,0.012,0.963,0.024
650000,0.009,0.963,0.028
650500,0.034,0.945,0.021
651000,0.046,0.902,0.052
651500,0.024,0.893,0.083
652000,0.031,0.911,0.058
652500,0.015,0.960,0.024
653000,0.012,0.963,0.024
653500,0.012,0.972,0.015
654000,0.012,0.969,0.018
654500,0.012,0.951,0.037
655000,0.015,0.969,0.015
655500,0.012,0.976,0.012
656000,0.012,0.976,0.012
656500,0.009,0.976,0.015
657000,0.009,0.985,0.006
657500,0.009,0.979,0.012
658000,0.015,0.969,0.015
658500,0.009,0.966,0.024
659000,0.021,0.954,0.024
659500,0.012,0.969,0.018
660000,0.018,0.963,0.018
660500,0.015,0.960,0.024
661000,0.021,0.954,0.024
661500,0.009,0.957,0.034
662000,0.009,0.960,0.031
662500,0.009,0.982,0.009
663000,0.009,0.972,0.018
663500,0.009,0.985,0.006
664000,0.009,0.988,0.003
664500,0.009,0.982,0.009
665000,0.009,0.988,0.003
665500,0.015,0.966,0.018
666000,0.015,0.960,0.024
666500,0.018,0.966,0.015
667000,0.012,0.945,0.043
667500,0.015,0.930,0.055
668000,0.021,0.930,0.049
668500,0.021,0.920,0.058
669000,0.021,0.936,0.043
669500,0.015,0.954,0.031
670000,0.012,0.969,0.018
670500,0.009,0.948,0.043
671000,0.009,0.960,0.031
671500,0.009,0.945,0.046
672000,0.009,0.969,0.021
672500,0.015,0.960,0.024
673000,0.009,0.960,0.031
673500,0.009,0.960,0.031
674000,0.009,0.957,0.034
674500,0.009,0.972,0.018
675000,0.009,0.957,0.034
675500,0.009,0.957,0.034
676000,0.009,0.969,0.021
676500,0.012,0.972,0.015
677000,0.009,0.982,0.009
677500,0.009,0.954,0.037
678000,0.021,0.969,0.009
678500,0.015,0.936,0.049
679000,0.012,0.939,0.049
679500,0.012,0.960,0.028
680000,0.015,0.942,0.043
680500,0.012,0.976,0.012
681000,0.012,0.963,0.024
681500,0.021,0.957,0.021
682000,0.028,0.914,0.058
682500,0.021,0.942,0.037
683000,0.031,0.942,0.028
683500,0.031,0.902,0.067
684000,0.028,0.902,0.070
684500,0.015,0.930,0.055
685000,0.015,0.957,0.028
685500,0.018,0.939,0.043
686000,0.024,0.936,0.040
686500,0.009,0.936,0.055
687000,0.015,0.945,0.040
687500,0.018,0.930,0.052
688000,0.028,0.927,0.046
688500,0.037,0.914,0.049
689000,0.021,0.899,0.080
689500,0.021,0.933,0.046
690000,0.018,0.942,0.040
690500,0.021,0.927,0.052
691000,0.018,0.954,0.028
691500,0.018,0.963,0.018
692000,0.015,0.945,0.040
692500,0.024,0.914,0.061
693000,0.031,0.887,0.083
693500,0.028,0.914,0.058
694000,0.021,0.930,0.049
694500,0.009,0.945,0.046
695000,0.012,0.930,0.058
695500,0.009,0.976,0.015
696000,0.009,0.976,0.015
696500,0.009,0.988,0.003
697000,0.021,0.945,0.034
697500,0.031,0.920,0.049
698000,0.028,0.927,0.046
698500,0.012,0.960,0.028
699000,0.009,0.979,0.012
699500,0.009,0.920,0.070
700000,0.009,0.954,0.037
700500,0.009,0.954,0.037
701000,0.015,0.951,0.034
701500,0.009,0.976,0.015
702000,0.015,0.963,0.021
702500,0.009,0.972,0.018
703000,0.009,0.972,0.018
703500,0.012,0.960,0.028
704000,0.009,0.951,0.040
704500,0.009,0.969,0.021
705000,0.012,0.966,0.021
705500,0.009,0.939,0.052
706000,0.012,0.948,0.040
706500,0.012,0.951,0.037
707000,0.009,0.957,0.034
707500,0.018,0.966,0.015
708000,0.009,0.969,0.021
708500,0.009,0.982,0.009
709000,0.009,0.954,0.037
709500,0.009,0.960,0.031
710000,0.009,0.966,0.024
710500,0.009,0.979,0.012
711000,0.009,0.972,0.018
711500,0.009,0.963,0.028
712000,0.009,0.972,0.018
712500,0.012,0.954,0.034
713000,0.021,0.939,0.040
713500,0.009,0.945,0.046
714000,0.012,0.963,0.024
714500,0.012,0.960,0.028
715000,0.012,0.939,0.049
715500,0.021,0.954,0.024
716000,0.015,0.963,0.021
716500,0.009,0.979,0.012
717000,0.009,0.985,0.006
717500,0.009,0.985,0.006
718000,0.009,0.969,0.021
718500,0.009,0.982,0.009
719000,0.009,0.963,0.028
719500,0.009,0.972,0.018
720000,0.009,0.972,0.018
720500,0.009,0.966,0.024
721000,0.009,0.969,0.021
721500,0.009,0.982,0.009
722000,0.009,0.966,0.024
722500,0.012,0.966,0.021
723000,0.009,0.966,0.024
723500,0.012,0.951,0.037
724000,0.009,0.963,0.028
724500,0.028,0.927,0.046
725000,0.015,0.948,0.037
725500,0.009,0.966,0.024
726000,0.018,0.963,0.018
726500,0.015,0.942,0.043
727000,0.021,0.927,0.052
727500,0.009,0.951,0.040
728000,0.009,0.954,0.037
728500,0.009,0.972,0.018
729000,0.009,0.957,0.034
729500,0.009,0.982,0.009
730000,0.009,0.991,0.000
730500,0.009,0.988,0.003
731000,0.009,0.963,0.028
731500,0.012,0.979,0.009
732000,0.015,0.948,0.037
732500,0.012,0.969,0.018
733000,0.021,0.942,0.037
733500,0.015,0.942,0.043
734000,0.024,0.948,0.028
734500,0.018,0.933,0.049
735000,0.015,0.948,0.037
735500,0.012,0.960,0.028
736000,0.015,0.969,0.015
736500,0.024,0.951,0.024
737000,0.012,0.960,0.028
737500,0.012,0.979,0.009
738000,0.009,0.969,0.021
738500,0.012,0.954,0.034
739000,0.012,0.966,0.021
739500,0.009,0.979,0.012
740000,0.009,0.985,0.006
740500,0.009,0.972,0.018
741000,0.021,0.936,0.043
741500,0.021,0.948,0.031
742000,0.015,0.933,0.052
742500,0.021,0.914,0.064
743000,0.024,0.902,0.073
743500,0.015,0.930,0.055
744000,0.012,0.957,0.031
744500,0.015,0.957,0.028
745000,0.015,0.948,0.037
745500,0.015,0.963,0.021
746000,0.009,0.972,0.018
746500,0.009,0.966,0.024
747000,0.009,0.972,0.018
747500,0.012,0.945,0.043
748000,0.018,0.936,0.046
748500,0.012,0.920,0.067
749000,0.009,0.945,0.046
749500,0.009,0.960,0.031
750000,0.015,0.960,0.024
750500,0.009,0.969,0.021
751000,0.009,0.963,0.028
751500,0.009,0.976,0.015
752000,0.009,0.976,0.015
752500,0.009,0.966,0.024
753000,0.012,0.966,0.021
753500,0.009,0.976,0.015
754000,0.009,0.976,0.015
754500,0.009,0.960,0.031
755000,0.009,0.951,0.040
755500,0.009,0.960,0.031
756000,0.018,0.924,0.058
756500,0.024,0.942,0.034
757000,0.018,0.945,0.037
757500,0.012,0.951,0.037
758000,0.018,0.936,0.046
758500,0.012,0.969,0.018
759000,0.009,0.957,0.034
759500,0.009,0.948,0.043
760000,0.012,0.936,0.052
760500,0.012,0.930,0.058
761000,0.012,0.930,0.058
761500,0.012,0.924,0.064
762000,0.012,0.951,0.037
762500,0.009,0.963,0.028
763000,0.009,0.972,0.018
763500,0.009,0.982,0.009
764000,0.009,0.979,0.012
764500,0.009,0.979,0.012
765000,0.009,0.979,0.012
765500,0.015,0.976,0.009
766000,0.015,0.976,0.009
766500,0.012,0.976,0.012
767000,0.012,0.960,0.028
767500,0.015,0.957,0.028
768000,0.018,0.951,0.031
768500,0.015,0.957,0.028
769000,0.021,0.945,0.034
769500,0.012,0.942,0.046
770000,0.012,0.936,0.052
770500,0.024,0.945,0.031
771000,0.012,0.954,0.034
771500,0.031,0.927,0.043
772000,0.031,0.911,0.058
772500,0.021,0.927,0.052
773000,0.012,0.942,0.046
773500,0.018,0.920,0.061
774000,0.015,0.920,0.064
774500,0.028,0.899,0.073
775000,0.031,0.896,0.073
775500,0.037,0.869,0.095
776000,0.028,0.875,0.098
776500,0.015,0.927,0.058
777000,0.031,0.914,0.055
777500,0.043,0.908,0.049
778000,0.040,0.896,0.064
778500,0.064,0.878,0.058
779000,0.043,0.881,0.076
779500,0.031,0.890,0.080
780000,0.024,0.939,0.037
780500,0.021,0.939,0.040
781000,0.024,0.939,0.037
781500,0.012,0.960,0.028
782000,0.012,0.966,0.021
782500,0.012,0.957,0.031
783000,0.018,0.976,0.006
783500,0.012,0.976,0.012
784000,0.009,0.948,0.043
784500,0.012,0.951,0.037
785000,0.024,0.942,0.034
785500,0.021,0.936,0.043
786000,0.021,0.939,0.040
786500,0.009,0.957,0.034
787000,0.009,0.960,0.031
787500,0.009,0.948,0.043
788000,0.018,0.924,0.058
788500,0.031,0.911,0.058
789000,0.018,0.902,0.080
789500,0.018,0.924,0.058
790000,0.015,0.902,0.083
790500,0.018,0.939,0.043
791000,0.009,0.954,0.037
791500,0.021,0.939,0.040
792000,0.028,0.899,0.073
792500,0.037,0.872,0.092
793000,0.031,0.927,0.043
793500,0.024,0.914,0.061
794000,0.021,0.908,0.070
794500,0.015,0.936,0.049
795000,0.009,0.966,0.024
795500,0.009,0.982,0.009
796000,0.018,0.957,0.024
796500,0.021,0.917,0.061
797000,0.015,0.933,0.052
797500,0.015,0.924,0.061
798000,0.018,0.908,0.073
798500,0.015,0.939,0.046
799000,0.009,0.966,0.024
799500,0.012,0.951,0.037
800000,0.012,0.948,0.040
800500,0.012,0.969,0.018
801000,0.012,0.960,0.028
801500,0.009,0.976,0.015
802000,0.009,0.969,0.021
802500,0.009,0.963,0.028
803000,0.009,0.960,0.031
803500,0.018,0.957,0.024
804000,0.009,0.951,0.040
804500,0.012,0.942,0.046
805000,0.015,0.954,0.031
805500,0.015,0.936,0.049
806000,0.015,0.917,0.067
806500,0.012,0.939,0.049
807000,0.012,0.948,0.040
807500,0.021,0.954,0.024
808000,0.021,0.963,0.015
808500,0.018,0.945,0.037
809000,0.024,0.911,0.064
809500,0.021,0.896,0.083
810000,0.028,0.924,0.049
810500,0.012,0.942,0.046
811000,0.012,0.933,0.055
811500,0.024,0.911,0.064
812000,0.028,0.914,0.058
812500,0.021,0.954,0.024
813000,0.018,0.957,0.024
813500,0.021,0.957,0.021
814000,0.012,0.966,0.021
814500,0.015,0.972,0.012
815000,0.009,0.976,0.015
815500,0.009,0.982,0.009
816000,0.009,0.976,0.015
816500,0.015,0.942,0.043
817000,0.009,0.933,0.058
817500,0.009,0.954,0.037
818000,0.015,0.924,0.061
818500,0.009,0.951,0.040
819000,0.018,0.930,0.052
819500,0.009,0.969,0.021
820000,0.009,0.979,0.012
820500,0.009,0.960,0.031
821000,0.015,0.960,0.024
821500,0.009,0.963,0.028
822000,0.009,0.963,0.028
822500,0.024,0.960,0.015
823000,0.046,0.875,0.080
823500,0.021,0.869,0.110
824000,0.043,0.887,0.070
824500,0.055,0.862,0.083
825000,0.028,0.902,0.070
825500,0.015,0.948,0.037
826000,0.012,0.942,0.046
826500,0.018,0.945,0.037
827000,0.021,0.924,0.055
827500,0.012,0.942,0.046
828000,0.015,0.957,0.028
828500,0.012,0.969,0.018
829000,0.009,0.957,0.034
829500,0.009,0.963,0.028
830000,0.009,0.988,0.003
830500,0.012,0.957,0.031
831000,0.015,0.939,0.046
831500,0.009,0.957,0.034
832000,0.009,0.951,0.040
832500,0.009,0.963,0.028
833000,0.009,0.954,0.037
833500,0.018,0.933,0.049
834000,0.015,0.939,0.046
834500,0.009,0.933,0.058
835000,0.012,0.942,0.046
835500,0.009,0.972,0.018
836000,0.012,0.939,0.049
836500,0.018,0.936,0.046
837000,0.009,0.936,0.055
837500,0.015,0.963,0.021
838000,0.009,0.945,0.046
838500,0.015,0.945,0.040
839000,0.009,0.930,0.061
839500,0.009,0.979,0.012
840000,0.009,0.976,0.015
840500,0.015,0.966,0.018
841000,0.021,0.942,0.037
841500,0.018,0.942,0.040
842000,0.012,0.948,0.040
842500,0.009,0.966,0.024
843000,0.009,0.969,0.021
843500,0.009,0.969,0.021
844000,0.012,0.957,0.031
844500,0.009,0.945,0.046
845000,0.031,0.942,0.028
845500,0.021,0.914,0.064
846000,0.024,0.942,0.034
846500,0.015,0.951,0.034
847000,0.009,0.976,0.015
847500,0.015,0.966,0.018
848000,0.009,0.985,0.006
848500,0.009,0.982,0.009
849000,0.009,0.982,0.009
849500,0.009,0.979,0.012
850000,0.012,0.963,0.024
850500,0.009,0.966,0.024
851000,0.009,0.972,0.018
851500,0.009,0.963,0.028
852000,0.015,0.951,0.034
852500,0.012,0.945,0.043
853000,0.015,0.930,0.055
853500,0.012,0.963,0.024
854000,0.015,0.966,0.018
854500,0.009,0.960,0.031
855000,0.009,0.979,0.012
855500,0.015,0.960,0.024
856000,0.009,0.960,0.031
856500,0.012,0.954,0.034
857000,0.012,0.963,0.024
857500,0.018,0.954,0.028
858000,0.018,0.936,0.046
858500,0.012,0.969,0.018
859000,0.009,0.979,0.012
859500,0.009,0.985,0.006
860000,0.009,0.969,0.021
860500,0.021,0.963,0.015
861000,0.018,0.945,0.037
861500,0.009,0.954,0.037
862000,0.009,0.979,0.012
862500,0.009,0.982,0.009
863000,0.009,0.979,0.012
863500,0.009,0.982,0.009
864000,0.009,0.979,0.012
864500,0.015,0.939,0.046
865000,0.012,0.969,0.018
865500,0.009,0.966,0.024
866000,0.009,0.963,0.028
866500,0.009,0.948,0.043
867000,0.018,0.957,0.024
867500,0.018,0.948,0.034
868000,0.021,0.939,0.040
868500,0.009,0.936,0.055
869000,0.015,0.927,0.058
869500,0.037,0.902,0.061
870000,0.012,0.914,0.073
870500,0.031,0.911,0.058
871000,0.021,0.899,0.080
871500,0.012,0.920,0.067
872000,0.018,0.908,0.073
872500,0.012,0.927,0.061
873000,0.009,0.948,0.043
873500,0.024,0.948,0.028
874000,0.009,0.948,0.043
874500,0.009,0.969,0.021
875000,0.009,0.963,0.028
875500,0.009,0.948,0.043
876000,0.012,0.960,0.028
876500,0.009,0.969,0.021
877000,0.015,0.966,0.018
877500,0.009,0.969,0.021
878000,0.012,0.954,0.034
878500,0.012,0.982,0.006
879000,0.012,0.976,0.012
879500,0.009,0.942,0.049
880000,0.009,0.969,0.021
880500,0.009,0.976,0.015
881000,0.015,0.985,0.000
881500,0.009,0.979,0.012
882000,0.009,0.969,0.021
882500,0.018,0.936,0.046
883000,0.015,0.930,0.055
883500,0.018,0.930,0.052
884000,0.015,0.963,0.021
884500,0.009,0.963,0.028
885000,0.009,0.969,0.021
885500,0.012,0.939,0.049
886000,0.015,0.960,0.024
886500,0.028,0.954,0.018
887000,0.015,0.936,0.049
887500,0.012,0.927,0.061
888000,0.021,0.924,0.055
888500,0.009,0.963,0.028
889000,0.012,0.930,0.058
889500,0.021,0.908,0.070
890000,0.018,0.905,0.076
890500,0.012,0.939,0.049
891000,0.009,0.957,0.034
891500,0.009,0.951,0.040
892000,0.015,0.957,0.028
892500,0.012,0.969,0.018
893000,0.018,0.951,0.031
893500,0.015,0.957,0.028
894000,0.021,0.957,0.021
894500,0.012,0.963,0.024
895000,0.009,0.954,0.037
895500,0.028,0.905,0.067
896000,0.040,0.872,0.089
896500,0.021,0.893,0.086
897000,0.015,0.920,0.064
897500,0.015,0.945,0.040
898000,0.009,0.920,0.070
898500,0.018,0.954,0.028
899000,0.012,0.951,0.037
899500,0.009,0.982,0.009
900000,0.021,0.927,0.052
900500,0.012,0.945,0.043
901000,0.009,0.969,0.021
901500,0.009,0.969,0.021
902000,0.009,0.960,0.031
902500,0.015,0.963,0.021
903000,0.009,0.979,0.012
903500,0.018,0.966,0.015
904000,0.021,0.939,0.040
904500,0.021,0.930,0.049
905000,0.034,0.911,0.055
905500,0.024,0.908,0.067
906000,0.024,0.887,0.089
906500,0.018,0.930,0.052
907000,0.024,0.924,0.052
907500,0.037,0.914,0.049
908000,0.012,0.905,0.083
908500,0.012,0.914,0.073
909000,0.009,0.954,0.037
909500,0.012,0.966,0.021
910000,0.009,0.972,0.018
910500,0.009,0.979,0.012
911000,0.009,0.972,0.018
911500,0.024,0.936,0.040
912000,0.018,0.960,0.021
912500,0.015,0.936,0.049
913000,0.012,0.951,0.037
913500,0.009,0.972,0.018
914000,0.018,0.976,0.006
914500,0.009,0.988,0.003
915000,0.009,0.991,0.000
915500,0.009,0.982,0.009
916000,0.009,0.979,0.012
916500,0.009,0.966,0.024
917000,0.009,0.969,0.021
917500,0.009,0.963,0.028
918000,0.012,0.979,0.009
918500,0.009,0.969,0.021
919000,0.012,0.979,0.009
919500,0.012,0.966,0.021
920000,0.021,0.957,0.021
920500,0.015,0.954,0.031
921000,0.012,0.960,0.028
921500,0.012,0.939,0.049
922000,0.015,0.948,0.037
922500,0.009,0.976,0.015
923000,0.009,0.954,0.037
923500,0.009,0.936,0.055
924000,0.009,0.960,0.031
924500,0.009,0.960,0.031
925000,0.018,0.930,0.052
925500,0.024,0.911,0.064
926000,0.012,0.924,0.064
926500,0.012,0.954,0.034
927000,0.021,0.927,0.052
927500,0.024,0.939,0.037
928000,0.015,0.936,0.049
928500,0.009,0.963,0.028
929000,0.009,0.969,0.021
929500,0.009,0.985,0.006
930000,0.009,0.982,0.009
930500,0.009,0.954,0.037
931000,0.009,0.954,0.037
931500,0.009,0.957,0.034
932000,0.009,0.982,0.009
932500,0.009,0.982,0.009
933000,0.009,0.972,0.018
933500,0.012,0.972,0.015
934000,0.018,0.948,0.034
934500,0.021,0.939,0.040
935000,0.021,0.951,0.028
935500,0.012,0.948,0.040
936000,0.009,0.945,0.046
936500,0.009,0.972,0.018
937000,0.009,0.979,0.012
937500,0.018,0.976,0.006
938000,0.024,0.948,0.028
938500,0.018,0.930,0.052
939000,0.012,0.960,0.028
939500,0.012,0.954,0.034
940000,0.009,0.976,0.015
940500,0.009,0.979,0.012
941000,0.012,0.963,0.024
941500,0.012,0.917,0.070
942000,0.009,0.954,0.037
942500,0.015,0.960,0.024
943000,0.009,0.942,0.049
943500,0.018,0.951,0.031
944000,0.012,0.963,0.024
944500,0.009,0.957,0.034
945000,0.009,0.976,0.015
945500,0.009,0.976,0.015
946000,0.009,0.985,0.006
946500,0.009,0.976,0.015
947000,0.018,0.960,0.021
947500,0.009,0.985,0.006
948000,0.012,0.951,0.037
948500,0.018,0.930,0.052
949000,0.021,0.960,0.018
949500,0.009,0.936,0.055
950000,0.009,0.939,0.052
950500,0.012,0.920,0.067
951000,0.009,0.960,0.031
951500,0.012,0.939,0.049
952000,0.021,0.930,0.049
952500,0.015,0.945,0.040
953000,0.012,0.960,0.028
953500,0.009,0.988,0.003
954000,0.009,0.982,0.009
954500,0.009,0.972,0.018
955000,0.009,0.969,0.021
955500,0.015,0.939,0.046
956000,0.018,0.951,0.031
956500,0.031,0.908,0.061
957000,0.040,0.853,0.107
957500,0.043,0.902,0.055
958000,0.034,0.924,0.043
958500,0.015,0.924,0.061
959000,0.018,0.905,0.076
959500,0.024,0.911,0.064
960000,0.009,0.942,0.049
960500,0.009,0.939,0.052
961000,0.009,0.945,0.046
961500,0.037,0.865,0.098
962000,0.031,0.853,0.116
962500,0.028,0.905,0.067
963000,0.012,0.917,0.070
963500,0.009,0.951,0.040
964000,0.009,0.963,0.028
964500,0.009,0.942,0.049
965000,0.009,0.960,0.031
965500,0.009,0.979,0.012
966000,0.015,0.924,0.061
966500,0.012,0.902,0.086
967000,0.012,0.939,0.049
967500,0.009,0.945,0.046
968000,0.009,0.939,0.052
968500,0.018,0.963,0.018
969000,0.009,0.979,0.012
969500,0.012,0.960,0.028
970000,0.009,0.979,0.012
970500,0.009,0.982,0.009
971000,0.012,0.966,0.021
971500,0.021,0.963,0.015
972000,0.018,0.951,0.031
972500,0.021,0.948,0.031
973000,0.037,0.875,0.089
973500,0.015,0.945,0.040
974000,0.012,0.933,0.055
974500,0.031,0.911,0.058
975000,0.043,0.911,0.046
975500,0.021,0.927,0.052
976000,0.021,0.930,0.049
976500,0.024,0.954,0.021
977000,0.024,0.942,0.034
977500,0.024,0.948,0.028
978000,0.012,0.939,0.049
978500,0.009,0.954,0.037
979000,0.009,0.954,0.037
979500,0.009,0.957,0.034
980000,0.009,0.954,0.037
980500,0.012,0.954,0.034
981000,0.009,0.966,0.024
981500,0.009,0.979,0.012
982000,0.009,0.972,0.018
982500,0.009,0.976,0.015
983000,0.009,0.988,0.003
983500,0.015,0.969,0.015
984000,0.009,0.963,0.028
984500,0.018,0.954,0.028
985000,0.009,0.954,0.037
985500,0.018,0.942,0.040
986000,0.024,0.924,0.052
986500,0.009,0.948,0.043
987000,0.015,0.948,0.037
987500,0.009,0.948,0.043
988000,0.012,0.969,0.018
988500,0.012,0.979,0.009
989000,0.009,0.982,0.009
989500,0.009,0.982,0.009
990000,0.009,0.960,0.031
990500,0.009,0.945,0.046
991000,0.012,0.979,0.009
991500,0.009,0.985,0.006
992000,0.009,0.985,0.006
992500,0.009,0.985,0.006
993000,0.012,0.963,0.024
993500,0.024,0.936,0.040
994000,0.015,0.945,0.040
994500,0.024,0.933,0.043
995000,0.009,0.972,0.018
995500,0.009,0.979,0.012
996000,0.015,0.976,0.009
996500,0.009,0.963,0.028
997000,0.015,0.972,0.012
997500,0.015,0.957,0.028
998000,0.009,0.951,0.040
998500,0.009,0.954,0.037
999000,0.009,0.951,0.040
999500,0.015,0.939,0.046
1000000,0.012,0.960,0.028
