time,n_A+p,n_B,n_AB
500,0.050,0.741,0.209
1000,0.050,0.622,0.328
1500,0.050,0.526,0.424
2000,0.050,0.405,0.545
2500,0.050,0.364,0.586
3000,0.050,0.345,0.605
3500,0.050,0.465,0.485
4000,0.050,0.399,0.551
4500,0.050,0.429,0.521
5000,0.050,0.355,0.595
5500,0.050,0.430,0.520
6000,0.050,0.435,0.515
6500,0.050,0.463,0.487
7000,0.050,0.516,0.434
7500,0.050,0.508,0.442
8000,0.050,0.400,0.550
8500,0.050,0.497,0.453
9000,0.050,0.472,0.478
9500,0.050,0.476,0.474
10000,0.050,0.545,0.405
10500,0.050,0.518,0.432
11000,0.050,0.425,0.525
11500,0.050,0.467,0.483
12000,0.050,0.480,0.470
12500,0.052,0.347,0.601
13000,0.051,0.379,0.570
13500,0.050,0.352,0.598
14000,0.050,0.449,0.501
14500,0.063,0.315,0.622
15000,0.050,0.364,0.586
15500,0.050,0.442,0.508
16000,0.050,0.459,0.491
16500,0.050,0.439,0.511
17000,0.050,0.452,0.498
17500,0.050,0.347,0.603
18000,0.050,0.545,0.405
18500,0.050,0.435,0.515
19000,0.050,0.412,0.538
19500,0.050,0.371,0.579
20000,0.058,0.284,0.658
20500,0.050,0.417,0.533
21000,0.050,0.455,0.495
21500,0.050,0.419,0.531
22000,0.050,0.383,0.567
22500,0.050,0.389,0.561
23000,0.050,0.445,0.505
23500,0.050,0.411,0.539
24000,0.050,0.492,0.458
24500,0.050,0.536,0.414
25000,0.050,0.401,0.549
25500,0.050,0.334,0.616
26000,0.050,0.452,0.498
26500,0.050,0.465,0.485
27000,0.050,0.492,0.458
27500,0.050,0.487,0.463
28000,0.050,0.441,0.509
28500,0.050,0.437,0.513
29000,0.050,0.334,0.616
29500,0.050,0.518,0.432
30000,0.050,0.455,0.495
30500,0.050,0.496,0.454
31000,0.050,0.479,0.471
31500,0.050,0.485,0.465
32000,0.050,0.601,0.349
32500,0.050,0.449,0.501
33000,0.050,0.542,0.408
33500,0.050,0.403,0.547
34000,0.050,0.392,0.558
34500,0.050,0.539,0.411
35000,0.050,0.428,0.522
35500,0.050,0.504,0.446
36000,0.050,0.460,0.490
36500,0.050,0.515,0.435
37000,0.050,0.338,0.612
37500,0.050,0.395,0.555
38000,0.050,0.465,0.485
38500,0.050,0.500,0.450
39000,0.050,0.503,0.447
39500,0.050,0.496,0.454
40000,0.050,0.397,0.553
40500,0.050,0.415,0.535
41000,0.050,0.510,0.440
41500,0.050,0.522,0.428
42000,0.050,0.416,0.534
42500,0.050,0.420,0.530
43000,0.050,0.507,0.443
43500,0.050,0.380,0.570
44000,0.050,0.402,0.548
44500,0.050,0.452,0.498
45000,0.050,0.389,0.561
45500,0.050,0.395,0.555
46000,0.050,0.427,0.523
46500,0.050,0.388,0.562
47000,0.050,0.359,0.591
47500,0.050,0.366,0.584
48000,0.050,0.424,0.526
48500,0.050,0.500,0.450
49000,0.050,0.499,0.451
49500,0.050,0.448,0.502
50000,0.050,0.427,0.523
50500,0.050,0.569,0.381
51000,0.050,0.488,0.462
51500,0.050,0.535,0.415
52000,0.050,0.440,0.510
52500,0.050,0.360,0.590
53000,0.050,0.425,0.525
53500,0.050,0.477,0.473
54000,0.050,0.560,0.390
54500,0.050,0.425,0.525
55000,0.050,0.419,0.531
55500,0.050,0.381,0.569
56000,0.050,0.426,0.524
56500,0.050,0.466,0.484
57000,0.050,0.458,0.492
57500,0.050,0.494,0.456
58000,0.050,0.503,0.447
58500,0.050,0.447,0.503
59000,0.050,0.519,0.431
59500,0.051,0.441,0.508
60000,0.051,0.314,0.635
60500,0.050,0.350,0.600
61000,0.050,0.470,0.480
61500,0.050,0.460,0.490
62000,0.050,0.511,0.439
62500,0.050,0.558,0.392
63000,0.050,0.390,0.560
63500,0.050,0.429,0.521
64000,0.050,0.493,0.457
64500,0.050,0.491,0.459
65000,0.050,0.374,0.576
65500,0.050,0.375,0.575
66000,0.050,0.496,0.454
66500,0.050,0.442,0.508
67000,0.050,0.459,0.491
67500,0.050,0.440,0.510
68000,0.050,0.430,0.520
68500,0.050,0.442,0.508
69000,0.050,0.353,0.597
69500,0.054,0.433,0.513
70000,0.050,0.386,0.564
70500,0.050,0.453,0.497
71000,0.050,0.427,0.523
71500,0.050,0.406,0.544
72000,0.051,0.383,0.566
72500,0.050,0.433,0.517
73000,0.050,0.509,0.441
73500,0.050,0.471,0.479
74000,0.050,0.483,0.467
74500,0.050,0.471,0.479
75000,0.050,0.433,0.517
75500,0.050,0.438,0.512
76000,0.050,0.495,0.455
76500,0.050,0.400,0.550
77000,0.050,0.326,0.624
77500,0.050,0.379,0.571
78000,0.050,0.503,0.447
78500,0.050,0.421,0.529
79000,0.050,0.368,0.582
79500,0.050,0.564,0.386
80000,0.050,0.393,0.557
80500,0.054,0.428,0.518
81000,0.050,0.461,0.489
81500,0.050,0.482,0.468
82000,0.050,0.480,0.470
82500,0.050,0.387,0.563
83000,0.050,0.583,0.367
83500,0.050,0.498,0.452
84000,0.050,0.501,0.449
84500,0.050,0.438,0.512
85000,0.050,0.426,0.524
85500,0.050,0.441,0.509
86000,0.050,0.419,0.531
86500,0.050,0.413,0.537
87000,0.050,0.508,0.442
87500,0.050,0.442,0.508
88000,0.057,0.469,0.474
88500,0.050,0.343,0.607
89000,0.050,0.400,0.550
89500,0.050,0.361,0.589
90000,0.050,0.447,0.503
90500,0.050,0.633,0.317
91000,0.050,0.512,0.438
91500,0.050,0.575,0.375
92000,0.050,0.400,0.550
92500,0.050,0.397,0.553
93000,0.050,0.423,0.527
93500,0.050,0.537,0.413
94000,0.050,0.571,0.379
94500,0.055,0.372,0.573
95000,0.050,0.362,0.588
95500,0.050,0.438,0.512
96000,0.051,0.484,0.465
96500,0.050,0.408,0.542
97000,0.050,0.471,0.479
97500,0.050,0.426,0.524
98000,0.050,0.450,0.500
98500,0.050,0.526,0.424
99000,0.050,0.426,0.524
99500,0.050,0.409,0.541
100000,0.050,0.519,0.431
100500,0.050,0.521,0.429
101000,0.050,0.511,0.439
101500,0.050,0.413,0.537
102000,0.050,0.482,0.468
102500,0.050,0.416,0.534
103000,0.050,0.487,0.463
103500,0.050,0.475,0.475
104000,0.050,0.516,0.434
104500,0.050,0.476,0.474
105000,0.050,0.464,0.486
105500,0.050,0.386,0.564
106000,0.050,0.409,0.541
106500,0.050,0.336,0.614
107000,0.050,0.453,0.497
107500,0.050,0.475,0.475
108000,0.050,0.467,0.483
108500,0.050,0.505,0.445
109000,0.050,0.582,0.368
109500,0.050,0.479,0.471
110000,0.050,0.536,0.414
110500,0.050,0.492,0.458
111000,0.050,0.513,0.437
111500,0.050,0.397,0.553
112000,0.050,0.438,0.512
112500,0.050,0.291,0.659
113000,0.050,0.412,0.538
113500,0.050,0.449,0.501
114000,0.050,0.510,0.440
114500,0.050,0.501,0.449
115000,0.050,0.502,0.448
115500,0.050,0.431,0.519
116000,0.050,0.490,0.460
116500,0.050,0.398,0.552
117000,0.050,0.558,0.392
117500,0.050,0.409,0.541
118000,0.050,0.418,0.532
118500,0.050,0.455,0.495
119000,0.050,0.417,0.533
119500,0.050,0.528,0.422
120000,0.050,0.541,0.409
120500,0.050,0.533,0.417
121000,0.050,0.353,0.597
121500,0.050,0.420,0.530
122000,0.050,0.470,0.480
122500,0.050,0.461,0.489
123000,0.050,0.436,0.514
123500,0.050,0.504,0.446
124000,0.050,0.401,0.549
124500,0.050,0.480,0.470
125000,0.050,0.371,0.579
125500,0.050,0.468,0.482
126000,0.050,0.475,0.475
126500,0.050,0.545,0.405
127000,0.050,0.512,0.438
127500,0.050,0.459,0.491
128000,0.055,0.347,0.598
128500,0.052,0.291,0.657
129000,0.050,0.373,0.577
129500,0.050,0.346,0.604
130000,0.050,0.446,0.504
130500,0.050,0.478,0.472
131000,0.050,0.491,0.459
131500,0.050,0.459,0.491
132000,0.050,0.469,0.481
132500,0.050,0.389,0.561
133000,0.050,0.474,0.476
133500,0.050,0.619,0.331
134000,0.050,0.555,0.395
134500,0.050,0.520,0.430
135000,0.050,0.457,0.493
135500,0.050,0.417,0.533
136000,0.050,0.483,0.467
136500,0.050,0.396,0.554
137000,0.050,0.368,0.582
137500,0.050,0.501,0.449
138000,0.050,0.456,0.494
138500,0.050,0.522,0.428
139000,0.050,0.472,0.478
139500,0.050,0.414,0.536
140000,0.050,0.499,0.451
140500,0.050,0.404,0.546
141000,0.050,0.483,0.467
141500,0.050,0.470,0.480
142000,0.050,0.387,0.563
142500,0.050,0.381,0.569
143000,0.051,0.414,0.535
143500,0.050,0.334,0.616
144000,0.050,0.457,0.493
144500,0.050,0.519,0.431
145000,0.050,0.516,0.434
145500,0.050,0.396,0.554
146000,0.050,0.509,0.441
146500,0.050,0.608,0.342
147000,0.050,0.533,0.417
147500,0.050,0.475,0.475
148000,0.050,0.383,0.567
148500,0.050,0.485,0.465
149000,0.050,0.573,0.377
149500,0.050,0.510,0.440
150000,0.050,0.410,0.540
150500,0.050,0.306,0.644
151000,0.050,0.347,0.603
151500,0.050,0.348,0.602
152000,0.050,0.529,0.421
152500,0.050,0.414,0.536
153000,0.050,0.524,0.426
153500,0.050,0.525,0.425
154000,0.050,0.407,0.543
154500,0.050,0.400,0.550
155000,0.050,0.383,0.567
155500,0.058,0.366,0.576
156000,0.050,0.443,0.507
156500,0.050,0.477,0.473
157000,0.050,0.426,0.524
157500,0.050,0.540,0.410
158000,0.050,0.481,0.469
158500,0.050,0.444,0.506
159000,0.050,0.467,0.483
159500,0.050,0.386,0.564
160000,0.050,0.403,0.547
160500,0.050,0.413,0.537
161000,0.050,0.476,0.474
161500,0.050,0.476,0.474
162000,0.050,0.628,0.322
162500,0.050,0.473,0.477
163000,0.061,0.314,0.625
163500,0.050,0.390,0.560
164000,0.050,0.521,0.429
164500,0.050,0.420,0.530
165000,0.050,0.421,0.529
165500,0.050,0.408,0.542
166000,0.050,0.436,0.514
166500,0.050,0.452,0.498
167000,0.050,0.462,0.488
167500,0.050,0.385,0.565
168000,0.050,0.478,0.472
168500,0.050,0.429,0.521
169000,0.050,0.503,0.447
169500,0.050,0.413,0.537
170000,0.050,0.513,0.437
170500,0.050,0.468,0.482
171000,0.050,0.512,0.438
171500,0.050,0.411,0.539
172000,0.050,0.573,0.377
172500,0.050,0.458,0.492
173000,0.050,0.433,0.517
173500,0.050,0.497,0.453
174000,0.050,0.448,0.502
174500,0.050,0.472,0.478
175000,0.050,0.433,0.517
175500,0.050,0.449,0.501
176000,0.050,0.469,0.481
176500,0.050,0.328,0.622
177000,0.050,0.371,0.579
177500,0.050,0.517,0.433
178000,0.050,0.368,0.582
178500,0.050,0.539,0.411
179000,0.050,0.388,0.562
179500,0.050,0.471,0.479
180000,0.050,0.317,0.633
180500,0.050,0.402,0.548
181000,0.050,0.460,0.490
181500,0.050,0.407,0.543
182000,0.050,0.393,0.557
182500,0.050,0.337,0.613
183000,0.050,0.406,0.544
183500,0.050,0.453,0.497
184000,0.050,0.491,0.459
184500,0.050,0.426,0.524
185000,0.050,0.435,0.515
185500,0.052,0.402,0.546
186000,0.050,0.398,0.552
186500,0.050,0.491,0.459
187000,0.050,0.617,0.333
187500,0.050,0.499,0.451
188000,0.050,0.357,0.593
188500,0.050,0.441,0.509
189000,0.050,0.509,0.441
189500,0.050,0.506,0.444
190000,0.050,0.535,0.415
190500,0.050,0.580,0.370
191000,0.050,0.604,0.346
191500,0.050,0.517,0.433
192000,0.050,0.492,0.458
192500,0.050,0.482,0.468
193000,0.054,0.369,0.577
193500,0.050,0.436,0.514
194000,0.050,0.392,0.558
194500,0.051,0.335,0.614
195000,0.050,0.418,0.532
195500,0.050,0.430,0.520
196000,0.050,0.383,0.567
196500,0.050,0.438,0.512
197000,0.056,0.380,0.564
197500,0.050,0.425,0.525
198000,0.050,0.561,0.389
198500,0.050,0.449,0.501
199000,0.050,0.491,0.459
199500,0.050,0.549,0.401
200000,0.050,0.432,0.518
200500,0.050,0.358,0.592
201000,0.050,0.389,0.561
201500,0.052,0.532,0.416
202000,0.050,0.394,0.556
202500,0.050,0.467,0.483
203000,0.050,0.479,0.471
203500,0.050,0.330,0.620
204000,0.050,0.442,0.508
204500,0.050,0.428,0.522
205000,0.050,0.506,0.444
205500,0.050,0.473,0.477
206000,0.050,0.443,0.507
206500,0.050,0.573,0.377
207000,0.050,0.482,0.468
207500,0.050,0.438,0.512
208000,0.050,0.533,0.417
208500,0.050,0.586,0.364
209000,0.050,0.527,0.423
209500,0.056,0.454,0.490
210000,0.050,0.393,0.557
210500,0.050,0.291,0.659
211000,0.050,0.437,0.513
211500,0.050,0.490,0.460
212000,0.050,0.577,0.373
212500,0.050,0.448,0.502
213000,0.050,0.391,0.559
213500,0.050,0.412,0.538
214000,0.050,0.452,0.498
214500,0.050,0.410,0.540
215000,0.050,0.448,0.502
215500,0.050,0.432,0.518
216000,0.050,0.516,0.434
216500,0.050,0.552,0.398
217000,0.050,0.371,0.579
217500,0.050,0.450,0.500
218000,0.050,0.391,0.559
218500,0.050,0.499,0.451
219000,0.050,0.540,0.410
219500,0.050,0.448,0.502
220000,0.050,0.409,0.541
220500,0.050,0.381,0.569
221000,0.050,0.523,0.427
221500,0.050,0.507,0.443
222000,0.050,0.568,0.382
222500,0.050,0.583,0.367
223000,0.050,0.412,0.538
223500,0.050,0.488,0.462
224000,0.050,0.429,0.521
224500,0.050,0.481,0.469
225000,0.050,0.389,0.561
225500,0.050,0.399,0.551
226000,0.050,0.455,0.495
226500,0.050,0.430,0.520
227000,0.050,0.492,0.458
227500,0.050,0.517,0.433
228000,0.050,0.405,0.545
228500,0.050,0.442,0.508
229000,0.050,0.507,0.443
229500,0.050,0.544,0.406
230000,0.050,0.493,0.457
230500,0.050,0.420,0.530
231000,0.050,0.531,0.419
231500,0.050,0.477,0.473
232000,0.050,0.423,0.527
232500,0.050,0.491,0.459
233000,0.050,0.456,0.494
233500,0.050,0.473,0.477
234000,0.050,0.443,0.507
234500,0.050,0.569,0.381
235000,0.050,0.439,0.511
235500,0.050,0.576,0.374
236000,0.050,0.539,0.411
236500,0.050,0.357,0.593
237000,0.050,0.507,0.443
237500,0.050,0.378,0.572
238000,0.050,0.426,0.524
238500,0.050,0.488,0.462
239000,0.050,0.486,0.464
239500,0.060,0.291,0.649
240000,0.050,0.408,0.542
240500,0.050,0.449,0.501
241000,0.050,0.413,0.537
241500,0.050,0.362,0.588
242000,0.050,0.552,0.398
242500,0.050,0.442,0.508
243000,0.050,0.493,0.457
243500,0.050,0.368,0.582
244000,0.050,0.302,0.648
244500,0.050,0.455,0.495
245000,0.050,0.501,0.449
245500,0.050,0.375,0.575
246000,0.062,0.341,0.597
246500,0.050,0.514,0.436
247000,0.050,0.445,0.505
247500,0.050,0.420,0.530
248000,0.050,0.452,0.498
248500,0.050,0.386,0.564
249000,0.050,0.461,0.489
249500,0.050,0.316,0.634
250000,0.050,0.369,0.581
250500,0.055,0.285,0.660
251000,0.054,0.351,0.595
251500,0.050,0.354,0.596
252000,0.050,0.407,0.543
252500,0.050,0.383,0.567
253000,0.050,0.500,0.450
253500,0.050,0.431,0.519
254000,0.050,0.414,0.536
254500,0.050,0.365,0.585
255000,0.050,0.540,0.410
255500,0.050,0.500,0.450
256000,0.050,0.518,0.432
256500,0.050,0.557,0.393
257000,0.050,0.444,0.506
257500,0.050,0.446,0.504
258000,0.050,0.473,0.477
258500,0.050,0.415,0.535
259000,0.050,0.422,0.528
259500,0.050,0.400,0.550
260000,0.050,0.444,0.506
260500,0.050,0.479,0.471
261000,0.051,0.369,0.580
261500,0.050,0.409,0.541
262000,0.050,0.472,0.478
262500,0.050,0.498,0.452
263000,0.050,0.530,0.420
263500,0.050,0.441,0.509
264000,0.050,0.531,0.419
264500,0.050,0.507,0.443
265000,0.050,0.483,0.467
265500,0.050,0.422,0.528
266000,0.050,0.425,0.525
266500,0.050,0.392,0.558
267000,0.050,0.512,0.438
267500,0.050,0.409,0.541
268000,0.050,0.429,0.521
268500,0.050,0.406,0.544
269000,0.050,0.428,0.522
269500,0.051,0.370,0.579
270000,0.050,0.495,0.455
270500,0.050,0.351,0.599
271000,0.050,0.377,0.573
271500,0.050,0.481,0.469
272000,0.050,0.378,0.572
272500,0.050,0.387,0.563
273000,0.050,0.507,0.443
273500,0.050,0.490,0.460
274000,0.050,0.422,0.528
274500,0.050,0.544,0.406
275000,0.050,0.667,0.283
275500,0.050,0.541,0.409
276000,0.050,0.453,0.497
276500,0.050,0.535,0.415
277000,0.050,0.352,0.598
277500,0.050,0.501,0.449
278000,0.050,0.378,0.572
278500,0.050,0.415,0.535
279000,0.050,0.519,0.431
279500,0.050,0.493,0.457
280000,0.050,0.474,0.476
280500,0.050,0.470,0.480
281000,0.050,0.435,0.515
281500,0.050,0.452,0.498
282000,0.050,0.528,0.422
282500,0.050,0.481,0.469
283000,0.050,0.457,0.493
283500,0.050,0.494,0.456
284000,0.050,0.439,0.511
284500,0.050,0.464,0.486
285000,0.050,0.495,0.455
285500,0.050,0.516,0.434
286000,0.050,0.505,0.445
286500,0.050,0.482,0.468
287000,0.050,0.476,0.474
287500,0.050,0.518,0.432
288000,0.050,0.555,0.395
288500,0.050,0.423,0.527
289000,0.050,0.490,0.460
289500,0.050,0.411,0.539
290000,0.050,0.419,0.531
290500,0.050,0.492,0.458
291000,0.050,0.480,0.470
291500,0.050,0.516,0.434
292000,0.050,0.512,0.438
292500,0.050,0.455,0.495
293000,0.050,0.456,0.494
293500,0.054,0.394,0.552
294000,0.050,0.459,0.491
294500,0.050,0.538,0.412
295000,0.050,0.473,0.477
295500,0.050,0.521,0.429
296000,0.050,0.414,0.536
296500,0.050,0.378,0.572
297000,0.050,0.365,0.585
297500,0.050,0.347,0.603
298000,0.050,0.491,0.459
298500,0.050,0.544,0.406
299000,0.050,0.405,0.545
299500,0.055,0.303,0.642
300000,0.050,0.512,0.438
300500,0.050,0.402,0.548
301000,0.050,0.477,0.473
301500,0.050,0.481,0.469
302000,0.050,0.307,0.643
302500,0.050,0.394,0.556
303000,0.060,0.414,0.526
303500,0.050,0.489,0.461
304000,0.050,0.486,0.464
304500,0.050,0.508,0.442
305000,0.050,0.446,0.504
305500,0.050,0.432,0.518
306000,0.050,0.454,0.496
306500,0.064,0.347,0.589
307000,0.053,0.324,0.623
307500,0.050,0.455,0.495
308000,0.050,0.366,0.584
308500,0.050,0.458,0.492
309000,0.050,0.410,0.540
309500,0.050,0.455,0.495
310000,0.050,0.449,0.501
310500,0.050,0.465,0.485
311000,0.050,0.366,0.584
311500,0.050,0.341,0.609
312000,0.050,0.415,0.535
312500,0.050,0.415,0.535
313000,0.050,0.515,0.435
313500,0.050,0.452,0.498
314000,0.050,0.421,0.529
314500,0.050,0.507,0.443
315000,0.050,0.582,0.368
315500,0.050,0.480,0.470
316000,0.050,0.558,0.392
316500,0.050,0.570,0.380
317000,0.050,0.457,0.493
317500,0.050,0.413,0.537
318000,0.050,0.486,0.464
318500,0.050,0.396,0.554
319000,0.050,0.408,0.542
319500,0.050,0.350,0.600
320000,0.050,0.397,0.553
320500,0.054,0.348,0.598
321000,0.050,0.507,0.443
321500,0.050,0.461,0.489
322000,0.050,0.472,0.478
322500,0.050,0.513,0.437
323000,0.050,0.393,0.557
323500,0.050,0.348,0.602
324000,0.050,0.272,0.678
324500,0.050,0.399,0.551
325000,0.050,0.376,0.574
325500,0.050,0.413,0.537
326000,0.050,0.499,0.451
326500,0.050,0.564,0.386
327000,0.050,0.510,0.440
327500,0.050,0.423,0.527
328000,0.050,0.347,0.603
328500,0.050,0.416,0.534
329000,0.050,0.460,0.490
329500,0.050,0.393,0.557
330000,0.050,0.463,0.487
330500,0.050,0.430,0.520
331000,0.050,0.533,0.417
331500,0.050,0.557,0.393
332000,0.050,0.498,0.452
332500,0.050,0.510,0.440
333000,0.050,0.342,0.608
333500,0.050,0.407,0.543
334000,0.050,0.505,0.445
334500,0.050,0.402,0.548
335000,0.050,0.393,0.557
335500,0.050,0.428,0.522
336000,0.050,0.433,0.517
336500,0.050,0.428,0.522
337000,0.050,0.462,0.488
337500,0.050,0.507,0.443
338000,0.050,0.409,0.541
338500,0.050,0.307,0.643
339000,0.050,0.526,0.424
339500,0.050,0.526,0.424
340000,0.050,0.455,0.495
340500,0.050,0.437,0.513
341000,0.050,0.431,0.519
341500,0.050,0.354,0.596
342000,0.050,0.500,0.450
342500,0.050,0.398,0.552
343000,0.050,0.450,0.500
343500,0.050,0.371,0.579
344000,0.050,0.407,0.543
344500,0.050,0.477,0.473
345000,0.050,0.546,0.404
345500,0.050,0.440,0.510
346000,0.050,0.450,0.500
346500,0.050,0.392,0.558
347000,0.050,0.427,0.523
347500,0.050,0.460,0.490
348000,0.050,0.539,0.411
348500,0.050,0.447,0.503
349000,0.050,0.361,0.589
349500,0.050,0.419,0.531
350000,0.050,0.398,0.552
350500,0.050,0.489,0.461
351000,0.050,0.351,0.599
351500,0.050,0.471,0.479
352000,0.050,0.366,0.584
352500,0.050,0.511,0.439
353000,0.050,0.578,0.372
353500,0.050,0.362,0.588
354000,0.051,0.412,0.537
354500,0.050,0.529,0.421
355000,0.050,0.494,0.456
355500,0.050,0.326,0.624
356000,0.050,0.480,0.470
356500,0.050,0.338,0.612
357000,0.050,0.440,0.510
357500,0.050,0.518,0.432
358000,0.050,0.331,0.619
358500,0.050,0.461,0.489
359000,0.050,0.481,0.469
359500,0.050,0.378,0.572
360000,0.050,0.429,0.521
360500,0.050,0.414,0.536
361000,0.050,0.452,0.498
361500,0.050,0.410,0.540
362000,0.050,0.349,0.601
362500,0.050,0.503,0.447
363000,0.050,0.440,0.510
363500,0.050,0.548,0.402
364000,0.050,0.437,0.513
364500,0.050,0.399,0.551
365000,0.050,0.356,0.594
365500,0.064,0.360,0.576
366000,0.050,0.583,0.367
366500,0.050,0.459,0.491
367000,0.050,0.539,0.411
367500,0.050,0.445,0.505
368000,0.050,0.547,0.403
368500,0.050,0.497,0.453
369000,0.050,0.383,0.567
369500,0.052,0.537,0.411
370000,0.050,0.464,0.486
370500,0.050,0.368,0.582
371000,0.050,0.412,0.538
371500,0.050,0.444,0.506
372000,0.050,0.525,0.425
372500,0.050,0.507,0.443
373000,0.050,0.456,0.494
373500,0.050,0.461,0.489
374000,0.050,0.381,0.569
374500,0.050,0.435,0.515
375000,0.053,0.329,0.618
375500,0.050,0.437,0.513
376000,0.050,0.537,0.413
376500,0.050,0.520,0.430
377000,0.050,0.492,0.458
377500,0.050,0.472,0.478
378000,0.050,0.395,0.555
378500,0.050,0.422,0.528
379000,0.050,0.409,0.541
379500,0.050,0.468,0.482
380000,0.050,0.452,0.498
380500,0.050,0.459,0.491
381000,0.050,0.552,0.398
381500,0.050,0.360,0.590
382000,0.053,0.361,0.586
382500,0.050,0.404,0.546
383000,0.050,0.520,0.430
383500,0.050,0.393,0.557
384000,0.050,0.479,0.471
384500,0.050,0.559,0.391
385000,0.050,0.423,0.527
385500,0.050,0.348,0.602
386000,0.050,0.476,0.474
386500,0.050,0.322,0.628
387000,0.050,0.394,0.556
387500,0.050,0.466,0.484
388000,0.050,0.454,0.496
388500,0.050,0.457,0.493
389000,0.050,0.346,0.604
389500,0.050,0.424,0.526
390000,0.050,0.433,0.517
390500,0.050,0.489,0.461
391000,0.050,0.432,0.518
391500,0.050,0.415,0.535
392000,0.051,0.438,0.511
392500,0.050,0.401,0.549
393000,0.050,0.435,0.515
393500,0.050,0.578,0.372
394000,0.050,0.451,0.499
394500,0.050,0.417,0.533
395000,0.050,0.426,0.524
395500,0.050,0.410,0.540
396000,0.058,0.326,0.616
396500,0.050,0.343,0.607
397000,0.050,0.371,0.579
397500,0.051,0.355,0.594
398000,0.050,0.432,0.518
398500,0.050,0.527,0.423
399000,0.050,0.438,0.512
399500,0.050,0.503,0.447
400000,0.050,0.537,0.413
400500,0.050,0.499,0.451
401000,0.050,0.364,0.586
401500,0.050,0.404,0.546
402000,0.050,0.416,0.534
402500,0.050,0.409,0.541
403000,0.050,0.447,0.503
403500,0.050,0.497,0.453
404000,0.050,0.478,0.472
404500,0.050,0.433,0.517
405000,0.050,0.515,0.435
405500,0.050,0.466,0.484
406000,0.050,0.475,0.475
406500,0.050,0.446,0.504
407000,0.050,0.439,0.511
407500,0.050,0.400,0.550
408000,0.050,0.420,0.530
408500,0.050,0.524,0.426
409000,0.050,0.425,0.525
409500,0.050,0.552,0.398
410000,0.050,0.535,0.415
410500,0.050,0.422,0.528
411000,0.050,0.392,0.558
411500,0.050,0.349,0.601
412000,0.050,0.425,0.525
412500,0.050,0.355,0.595
413000,0.050,0.452,0.498
413500,0.050,0.531,0.419
414000,0.050,0.511,0.439
414500,0.050,0.450,0.500
415000,0.050,0.482,0.468
415500,0.050,0.385,0.565
416000,0.050,0.423,0.527
416500,0.050,0.411,0.539
417000,0.050,0.418,0.532
417500,0.050,0.463,0.487
418000,0.050,0.356,0.594
418500,0.050,0.419,0.531
419000,0.050,0.473,0.477
419500,0.050,0.439,0.511
420000,0.050,0.490,0.460
420500,0.050,0.449,0.501
421000,0.050,0.459,0.491
421500,0.050,0.425,0.525
422000,0.050,0.419,0.531
422500,0.050,0.309,0.641
423000,0.050,0.483,0.467
423500,0.050,0.463,0.487
424000,0.050,0.476,0.474
424500,0.050,0.459,0.491
425000,0.050,0.430,0.520
425500,0.050,0.514,0.436
426000,0.050,0.385,0.565
426500,0.050,0.411,0.539
427000,0.050,0.377,0.573
427500,0.050,0.355,0.595
428000,0.050,0.409,0.541
428500,0.050,0.406,0.544
429000,0.050,0.405,0.545
429500,0.050,0.442,0.508
430000,0.050,0.337,0.613
430500,0.050,0.372,0.578
431000,0.050,0.444,0.506
431500,0.050,0.437,0.513
432000,0.050,0.349,0.601
432500,0.050,0.413,0.537
433000,0.050,0.442,0.508
433500,0.050,0.435,0.515
434000,0.050,0.427,0.523
434500,0.050,0.443,0.507
435000,0.050,0.477,0.473
435500,0.050,0.519,0.431
436000,0.050,0.416,0.534
436500,0.050,0.385,0.565
437000,0.050,0.545,0.405
437500,0.050,0.522,0.428
438000,0.050,0.515,0.435
438500,0.050,0.591,0.359
439000,0.050,0.548,0.402
439500,0.050,0.458,0.492
440000,0.050,0.422,0.528
440500,0.050,0.513,0.437
441000,0.050,0.545,0.405
441500,0.050,0.481,0.469
442000,0.050,0.470,0.480
442500,0.050,0.447,0.503
443000,0.050,0.449,0.501
443500,0.050,0.437,0.513
444000,0.050,0.433,0.517
444500,0.050,0.573,0.377
445000,0.050,0.524,0.426
445500,0.050,0.556,0.394
446000,0.050,0.421,0.529
446500,0.050,0.352,0.598
447000,0.050,0.387,0.563
447500,0.050,0.421,0.529
448000,0.059,0.397,0.544
448500,0.050,0.408,0.542
449000,0.050,0.458,0.492
449500,0.050,0.491,0.459
450000,0.050,0.445,0.505
450500,0.050,0.344,0.606
451000,0.050,0.556,0.394
451500,0.050,0.444,0.506
452000,0.050,0.401,0.549
452500,0.050,0.559,0.391
453000,0.050,0.572,0.378
453500,0.050,0.589,0.361
454000,0.050,0.515,0.435
454500,0.050,0.538,0.412
455000,0.050,0.454,0.496
455500,0.050,0.475,0.475
456000,0.050,0.535,0.415
456500,0.050,0.510,0.440
457000,0.050,0.606,0.344
457500,0.050,0.475,0.475
458000,0.050,0.419,0.531
458500,0.050,0.343,0.607
459000,0.050,0.494,0.456
459500,0.050,0.429,0.521
460000,0.050,0.560,0.390
460500,0.050,0.509,0.441
461000,0.050,0.469,0.481
461500,0.050,0.439,0.511
462000,0.050,0.532,0.418
462500,0.050,0.414,0.536
463000,0.050,0.515,0.435
463500,0.050,0.437,0.513
464000,0.050,0.369,0.581
464500,0.050,0.452,0.498
465000,0.050,0.361,0.589
465500,0.050,0.463,0.487
466000,0.050,0.602,0.348
466500,0.050,0.449,0.501
467000,0.050,0.314,0.636
467500,0.050,0.558,0.392
468000,0.050,0.567,0.383
468500,0.050,0.590,0.360
469000,0.050,0.495,0.455
469500,0.064,0.290,0.646
470000,0.051,0.464,0.485
470500,0.050,0.460,0.490
471000,0.050,0.471,0.479
471500,0.050,0.333,0.617
472000,0.050,0.487,0.463
472500,0.050,0.403,0.547
473000,0.050,0.391,0.559
473500,0.050,0.507,0.443
474000,0.050,0.463,0.487
474500,0.050,0.519,0.431
475000,0.050,0.492,0.458
475500,0.050,0.387,0.563
476000,0.050,0.371,0.579
476500,0.050,0.384,0.566
477000,0.059,0.326,0.615
477500,0.050,0.457,0.493
478000,0.050,0.424,0.526
478500,0.050,0.330,0.620
479000,0.050,0.386,0.564
479500,0.050,0.437,0.513
480000,0.050,0.493,0.457
480500,0.050,0.492,0.458
481000,0.050,0.389,0.561
481500,0.050,0.586,0.364
482000,0.050,0.474,0.476
482500,0.050,0.453,0.497
483000,0.050,0.430,0.520
483500,0.050,0.327,0.623
484000,0.050,0.456,0.494
484500,0.050,0.469,0.481
485000,0.050,0.486,0.464
485500,0.050,0.475,0.475
486000,0.050,0.420,0.530
486500,0.050,0.374,0.576
487000,0.050,0.488,0.462
487500,0.050,0.590,0.360
488000,0.050,0.434,0.516
488500,0.050,0.420,0.530
489000,0.050,0.450,0.500
489500,0.050,0.352,0.598
490000,0.050,0.310,0.640
490500,0.050,0.435,0.515
491000,0.050,0.457,0.493
491500,0.050,0.502,0.448
492000,0.050,0.473,0.477
492500,0.050,0.414,0.536
493000,0.050,0.447,0.503
493500,0.050,0.537,0.413
494000,0.050,0.512,0.438
494500,0.050,0.491,0.459
495000,0.050,0.377,0.573
495500,0.050,0.513,0.437
496000,0.050,0.355,0.595
496500,0.050,0.456,0.494
497000,0.050,0.458,0.492
497500,0.050,0.561,0.389
498000,0.050,0.489,0.461
498500,0.050,0.460,0.490
499000,0.050,0.465,0.485
499500,0.050,0.453,0.497
500000,0.050,0.445,0.505
500500,0.050,0.486,0.464
501000,0.050,0.510,0.440
501500,0.050,0.456,0.494
502000,0.050,0.459,0.491
502500,0.050,0.334,0.616
503000,0.050,0.406,0.544
503500,0.050,0.422,0.528
504000,0.050,0.479,0.471
504500,0.053,0.403,0.544
505000,0.050,0.467,0.483
505500,0.053,0.349,0.598
506000,0.050,0.421,0.529
506500,0.050,0.385,0.565
507000,0.050,0.361,0.589
507500,0.050,0.408,0.542
508000,0.050,0.504,0.446
508500,0.050,0.379,0.571
509000,0.051,0.359,0.590
509500,0.050,0.490,0.460
510000,0.050,0.594,0.356
510500,0.050,0.482,0.468
511000,0.050,0.451,0.499
511500,0.050,0.435,0.515
512000,0.050,0.645,0.305
512500,0.050,0.490,0.460
513000,0.050,0.424,0.526
513500,0.050,0.488,0.462
514000,0.050,0.456,0.494
514500,0.050,0.518,0.432
515000,0.050,0.460,0.490
515500,0.050,0.501,0.449
516000,0.050,0.492,0.458
516500,0.050,0.409,0.541
517000,0.050,0.472,0.478
517500,0.050,0.399,0.551
518000,0.050,0.479,0.471
518500,0.050,0.387,0.563
519000,0.050,0.427,0.523
519500,0.050,0.480,0.470
520000,0.050,0.409,0.541
520500,0.050,0.366,0.584
521000,0.050,0.472,0.478
521500,0.050,0.388,0.562
522000,0.050,0.479,0.471
522500,0.050,0.389,0.561
523000,0.050,0.431,0.519
523500,0.050,0.364,0.586
524000,0.050,0.427,0.523
524500,0.050,0.491,0.459
525000,0.050,0.497,0.453
525500,0.050,0.403,0.547
526000,0.051,0.369,0.580
526500,0.050,0.334,0.616
527000,0.050,0.439,0.511
527500,0.050,0.420,0.530
528000,0.050,0.427,0.523
528500,0.050,0.521,0.429
529000,0.050,0.380,0.570
529500,0.050,0.497,0.453
530000,0.050,0.396,0.554
530500,0.050,0.434,0.516
531000,0.050,0.446,0.504
531500,0.050,0.472,0.478
532000,0.050,0.468,0.482
532500,0.050,0.498,0.452
533000,0.050,0.437,0.513
533500,0.050,0.388,0.562
534000,0.050,0.429,0.521
534500,0.050,0.423,0.527
535000,0.050,0.446,0.504
535500,0.050,0.472,0.478
536000,0.050,0.389,0.561
536500,0.050,0.439,0.511
537000,0.050,0.478,0.472
537500,0.050,0.419,0.531
538000,0.050,0.515,0.435
538500,0.050,0.475,0.475
539000,0.050,0.443,0.507
539500,0.050,0.360,0.590
540000,0.050,0.376,0.574
540500,0.050,0.425,0.525
541000,0.050,0.408,0.542
541500,0.050,0.430,0.520
542000,0.050,0.398,0.552
542500,0.050,0.386,0.564
543000,0.050,0.509,0.441
543500,0.050,0.557,0.393
544000,0.050,0.524,0.426
544500,0.050,0.552,0.398
545000,0.051,0.402,0.547
545500,0.050,0.407,0.543
546000,0.050,0.412,0.538
546500,0.050,0.473,0.477
547000,0.050,0.475,0.475
547500,0.050,0.410,0.540
548000,0.050,0.382,0.568
548500,0.050,0.416,0.534
549000,0.050,0.431,0.519
549500,0.050,0.521,0.429
550000,0.050,0.447,0.503
550500,0.050,0.422,0.528
551000,0.050,0.390,0.560
551500,0.053,0.319,0.628
552000,0.050,0.450,0.500
552500,0.050,0.313,0.637
553000,0.061,0.279,0.660
553500,0.053,0.445,0.502
554000,0.050,0.450,0.500
554500,0.051,0.448,0.501
555000,0.050,0.370,0.580
555500,0.050,0.583,0.367
556000,0.050,0.521,0.429
556500,0.050,0.416,0.534
557000,0.050,0.380,0.570
557500,0.050,0.376,0.574
558000,0.050,0.473,0.477
558500,0.050,0.527,0.423
559000,0.050,0.476,0.474
559500,0.050,0.515,0.435
560000,0.050,0.346,0.604
560500,0.050,0.361,0.589
561000,0.050,0.481,0.469
561500,0.050,0.453,0.497
562000,0.050,0.570,0.380
562500,0.050,0.407,0.543
563000,0.050,0.574,0.376
563500,0.050,0.506,0.444
564000,0.050,0.380,0.570
564500,0.050,0.362,0.588
565000,0.050,0.468,0.482
565500,0.050,0.499,0.451
566000,0.050,0.408,0.542
566500,0.050,0.455,0.495
567000,0.050,0.486,0.464
567500,0.050,0.503,0.447
568000,0.050,0.468,0.482
568500,0.050,0.430,0.520
569000,0.050,0.388,0.562
569500,0.050,0.493,0.457
570000,0.050,0.375,0.575
570500,0.050,0.546,0.404
571000,0.050,0.427,0.523
571500,0.050,0.601,0.349
572000,0.050,0.551,0.399
572500,0.050,0.531,0.419
573000,0.050,0.442,0.508
573500,0.050,0.512,0.438
574000,0.050,0.419,0.531
574500,0.062,0.355,0.583
575000,0.050,0.408,0.542
575500,0.050,0.390,0.560
576000,0.052,0.498,0.450
576500,0.050,0.526,0.424
577000,0.050,0.471,0.479
577500,0.050,0.398,0.552
578000,0.050,0.458,0.492
578500,0.050,0.401,0.549
579000,0.050,0.536,0.414
579500,0.050,0.463,0.487
580000,0.050,0.488,0.462
580500,0.050,0.430,0.520
581000,0.050,0.520,0.430
581500,0.050,0.472,0.478
582000,0.050,0.437,0.513
582500,0.050,0.466,0.484
583000,0.050,0.453,0.497
583500,0.050,0.517,0.433
584000,0.050,0.459,0.491
584500,0.050,0.400,0.550
585000,0.050,0.421,0.529
585500,0.050,0.369,0.581
586000,0.050,0.391,0.559
586500,0.050,0.392,0.558
587000,0.050,0.427,0.523
587500,0.050,0.435,0.515
588000,0.050,0.498,0.452
588500,0.050,0.456,0.494
589000,0.050,0.306,0.644
589500,0.050,0.504,0.446
590000,0.050,0.428,0.522
590500,0.050,0.527,0.423
591000,0.050,0.453,0.497
591500,0.050,0.487,0.463
592000,0.050,0.505,0.445
592500,0.050,0.403,0.547
593000,0.050,0.412,0.538
593500,0.050,0.496,0.454
594000,0.050,0.534,0.416
594500,0.050,0.430,0.520
595000,0.050,0.376,0.574
595500,0.050,0.378,0.572
596000,0.056,0.389,0.555
596500,0.050,0.496,0.454
597000,0.050,0.463,0.487
597500,0.050,0.390,0.560
598000,0.050,0.416,0.534
598500,0.050,0.478,0.472
599000,0.050,0.471,0.479
599500,0.056,0.424,0.520
600000,0.050,0.477,0.473
600500,0.050,0.408,0.542
601000,0.050,0.445,0.505
601500,0.050,0.355,0.595
602000,0.050,0.507,0.443
602500,0.050,0.518,0.432
603000,0.050,0.422,0.528
603500,0.050,0.420,0.530
604000,0.050,0.354,0.596
604500,0.050,0.370,0.580
605000,0.050,0.466,0.484
605500,0.050,0.533,0.417
606000,0.050,0.539,0.411
606500,0.050,0.426,0.524
607000,0.050,0.390,0.560
607500,0.050,0.377,0.573
608000,0.050,0.494,0.456
608500,0.050,0.473,0.477
609000,0.050,0.453,0.497
609500,0.050,0.441,0.509
610000,0.050,0.336,0.614
610500,0.050,0.469,0.481
611000,0.050,0.566,0.384
611500,0.050,0.513,0.437
612000,0.050,0.462,0.488
612500,0.050,0.352,0.598
613000,0.050,0.541,0.409
613500,0.050,0.462,0.488
614000,0.050,0.404,0.546
614500,0.050,0.391,0.559
615000,0.050,0.414,0.536
615500,0.050,0.398,0.552
616000,0.050,0.461,0.489
616500,0.050,0.422,0.528
617000,0.050,0.455,0.495
617500,0.050,0.482,0.468
618000,0.050,0.429,0.521
618500,0.050,0.534,0.416
619000,0.050,0.416,0.534
619500,0.050,0.411,0.539
620000,0.050,0.336,0.614
620500,0.050,0.484,0.466
621000,0.050,0.518,0.432
621500,0.050,0.555,0.395
622000,0.050,0.424,0.526
622500,0.050,0.523,0.427
623000,0.050,0.439,0.511
623500,0.050,0.367,0.583
624000,0.050,0.503,0.447
624500,0.050,0.481,0.469
625000,0.050,0.417,0.533
625500,0.050,0.368,0.582
626000,0.050,0.551,0.399
626500,0.050,0.604,0.346
627000,0.050,0.457,0.493
627500,0.050,0.505,0.445
628000,0.050,0.417,0.533
628500,0.050,0.465,0.485
629000,0.050,0.455,0.495
629500,0.050,0.350,0.600
630000,0.050,0.449,0.501
630500,0.050,0.467,0.483
631000,0.050,0.473,0.477
631500,0.050,0.380,0.570
632000,0.050,0.306,0.644
632500,0.050,0.414,0.536
633000,0.050,0.401,0.549
633500,0.050,0.461,0.489
634000,0.050,0.432,0.518
634500,0.050,0.410,0.540
635000,0.050,0.515,0.435
635500,0.050,0.568,0.382
636000,0.050,0.549,0.401
636500,0.050,0.340,0.610
637000,0.050,0.296,0.654
637500,0.050,0.426,0.524
638000,0.050,0.523,0.427
638500,0.050,0.501,0.449
639000,0.050,0.373,0.577
639500,0.050,0.435,0.515
640000,0.050,0.446,0.504
640500,0.050,0.317,0.633
641000,0.050,0.388,0.562
641500,0.053,0.329,0.618
642000,0.050,0.410,0.540
642500,0.050,0.576,0.374
643000,0.050,0.474,0.476
643500,0.050,0.470,0.480
644000,0.050,0.500,0.450
644500,0.050,0.406,0.544
645000,0.050,0.374,0.576
645500,0.050,0.361,0.589
646000,0.050,0.402,0.548
646500,0.050,0.432,0.518
647000,0.050,0.444,0.506
647500,0.050,0.388,0.562
648000,0.050,0.449,0.501
648500,0.050,0.407,0.543
649000,0.050,0.390,0.560
649500,0.050,0.446,0.504
650000,0.050,0.397,0.553
650500,0.050,0.399,0.551
651000,0.050,0.520,0.430
651500,0.050,0.462,0.488
652000,0.050,0.449,0.501
652500,0.050,0.556,0.394
653000,0.050,0.448,0.502
653500,0.050,0.258,0.692
654000,0.050,0.457,0.493
654500,0.050,0.452,0.498
655000,0.050,0.489,0.461
655500,0.050,0.441,0.509
656000,0.050,0.578,0.372
656500,0.050,0.538,0.412
657000,0.050,0.511,0.439
657500,0.050,0.419,0.531
658000,0.050,0.488,0.462
658500,0.050,0.426,0.524
659000,0.050,0.378,0.572
659500,0.050,0.446,0.504
660000,0.050,0.379,0.571
660500,0.050,0.401,0.549
661000,0.050,0.527,0.423
661500,0.050,0.443,0.507
662000,0.050,0.595,0.355
662500,0.050,0.516,0.434
663000,0.050,0.380,0.570
663500,0.050,0.415,0.535
664000,0.050,0.400,0.550
664500,0.050,0.504,0.446
665000,0.050,0.401,0.549
665500,0.050,0.512,0.438
666000,0.050,0.449,0.501
666500,0.050,0.460,0.490
667000,0.050,0.466,0.484
667500,0.050,0.432,0.518
668000,0.050,0.487,0.463
668500,0.050,0.449,0.501
669000,0.050,0.488,0.462
669500,0.050,0.490,0.460
670000,0.050,0.342,0.608
670500,0.050,0.508,0.442
671000,0.050,0.424,0.526
671500,0.050,0.368,0.582
672000,0.050,0.524,0.426
672500,0.050,0.489,0.461
673000,0.050,0.471,0.479
673500,0.050,0.428,0.522
674000,0.050,0.425,0.525
674500,0.050,0.380,0.570
675000,0.050,0.462,0.488
675500,0.050,0.473,0.477
676000,0.050,0.645,0.305
676500,0.050,0.432,0.518
677000,0.050,0.371,0.579
677500,0.050,0.564,0.386
678000,0.050,0.493,0.457
678500,0.050,0.491,0.459
679000,0.050,0.533,0.417
679500,0.050,0.495,0.455
680000,0.050,0.444,0.506
680500,0.050,0.494,0.456
681000,0.050,0.571,0.379
681500,0.050,0.525,0.425
682000,0.050,0.466,0.484
682500,0.050,0.383,0.567
683000,0.050,0.417,0.533
683500,0.050,0.416,0.534
684000,0.050,0.390,0.560
684500,0.050,0.434,0.516
685000,0.050,0.503,0.447
685500,0.050,0.519,0.431
686000,0.050,0.501,0.449
686500,0.050,0.537,0.413
687000,0.050,0.451,0.499
687500,0.050,0.405,0.545
688000,0.050,0.456,0.494
688500,0.050,0.492,0.458
689000,0.050,0.349,0.601
689500,0.050,0.422,0.528
690000,0.050,0.459,0.491
690500,0.050,0.456,0.494
691000,0.050,0.422,0.528
691500,0.050,0.388,0.562
692000,0.050,0.349,0.601
692500,0.050,0.551,0.399
693000,0.050,0.444,0.506
693500,0.050,0.450,0.500
694000,0.050,0.416,0.534
694500,0.050,0.477,0.473
695000,0.050,0.368,0.582
695500,0.050,0.575,0.375
696000,0.050,0.531,0.419
696500,0.050,0.439,0.511
697000,0.050,0.388,0.562
697500,0.050,0.383,0.567
698000,0.050,0.467,0.483
698500,0.050,0.435,0.515
699000,0.050,0.428,0.522
699500,0.050,0.414,0.536
700000,0.050,0.369,0.581
700500,0.050,0.384,0.566
701000,0.050,0.387,0.563
701500,0.050,0.448,0.502
702000,0.050,0.453,0.497
702500,0.050,0.382,0.568
703000,0.050,0.389,0.561
703500,0.050,0.406,0.544
704000,0.050,0.425,0.525
704500,0.050,0.329,0.621
705000,0.050,0.456,0.494
705500,0.050,0.548,0.402
706000,0.050,0.473,0.477
706500,0.050,0.402,0.548
707000,0.053,0.256,0.691
707500,0.050,0.472,0.478
708000,0.050,0.387,0.563
708500,0.050,0.539,0.411
709000,0.050,0.453,0.497
709500,0.050,0.460,0.490
710000,0.050,0.495,0.455
710500,0.050,0.469,0.481
711000,0.050,0.435,0.515
711500,0.050,0.427,0.523
712000,0.050,0.476,0.474
712500,0.050,0.399,0.551
713000,0.050,0.406,0.544
713500,0.050,0.368,0.582
714000,0.050,0.536,0.414
714500,0.050,0.351,0.599
715000,0.050,0.365,0.585
715500,0.050,0.469,0.481
716000,0.050,0.398,0.552
716500,0.050,0.403,0.547
717000,0.050,0.366,0.584
717500,0.050,0.414,0.536
718000,0.050,0.514,0.436
718500,0.050,0.424,0.526
719000,0.050,0.580,0.370
719500,0.050,0.465,0.485
720000,0.050,0.498,0.452
720500,0.050,0.462,0.488
721000,0.050,0.513,0.437
721500,0.050,0.463,0.487
722000,0.050,0.347,0.603
722500,0.050,0.434,0.516
723000,0.050,0.450,0.500
723500,0.050,0.442,0.508
724000,0.050,0.446,0.504
724500,0.050,0.484,0.466
725000,0.050,0.436,0.514
725500,0.050,0.439,0.511
726000,0.051,0.343,0.606
726500,0.050,0.356,0.594
727000,0.050,0.387,0.563
727500,0.050,0.378,0.572
728000,0.050,0.432,0.518
728500,0.050,0.383,0.567
729000,0.050,0.436,0.514
729500,0.050,0.386,0.564
730000,0.054,0.374,0.572
730500,0.050,0.561,0.389
731000,0.050,0.476,0.474
731500,0.050,0.485,0.465
732000,0.050,0.364,0.586
732500,0.050,0.322,0.628
733000,0.050,0.459,0.491
733500,0.050,0.412,0.538
734000,0.050,0.438,0.512
734500,0.050,0.428,0.522
735000,0.050,0.415,0.535
735500,0.050,0.494,0.456
736000,0.050,0.406,0.544
736500,0.050,0.549,0.401
737000,0.050,0.457,0.493
737500,0.050,0.526,0.424
738000,0.050,0.446,0.504
738500,0.050,0.464,0.486
739000,0.050,0.492,0.458
739500,0.050,0.536,0.414
740000,0.050,0.408,0.542
740500,0.050,0.478,0.472
741000,0.050,0.527,0.423
741500,0.050,0.509,0.441
742000,0.050,0.478,0.472
742500,0.050,0.570,0.380
743000,0.050,0.495,0.455
743500,0.050,0.474,0.476
744000,0.050,0.371,0.579
744500,0.050,0.439,0.511
745000,0.050,0.477,0.473
745500,0.050,0.467,0.483
746000,0.050,0.565,0.385
746500,0.050,0.440,0.510
747000,0.050,0.418,0.532
747500,0.050,0.346,0.604
748000,0.051,0.379,0.570
748500,0.050,0.407,0.543
749000,0.050,0.456,0.494
749500,0.052,0.375,0.573
750000,0.050,0.368,0.582
750500,0.050,0.475,0.475
751000,0.050,0.573,0.377
751500,0.050,0.502,0.448
752000,0.050,0.443,0.507
752500,0.050,0.461,0.489
753000,0.050,0.398,0.552
753500,0.050,0.468,0.482
754000,0.050,0.463,0.487
754500,0.050,0.389,0.561
755000,0.050,0.554,0.396
755500,0.050,0.510,0.440
756000,0.050,0.380,0.570
756500,0.052,0.395,0.553
757000,0.050,0.560,0.390
757500,0.050,0.355,0.595
758000,0.050,0.421,0.529
758500,0.050,0.516,0.434
759000,0.050,0.349,0.601
759500,0.052,0.279,0.669
760000,0.050,0.395,0.555
760500,0.050,0.478,0.472
761000,0.050,0.461,0.489
761500,0.050,0.511,0.439
762000,0.050,0.396,0.554
762500,0.050,0.357,0.593
763000,0.050,0.432,0.518
763500,0.050,0.429,0.521
764000,0.050,0.404,0.546
764500,0.050,0.440,0.510
765000,0.064,0.329,0.607
765500,0.050,0.429,0.521
766000,0.050,0.508,0.442
766500,0.050,0.435,0.515
767000,0.050,0.482,0.468
767500,0.050,0.429,0.521
768000,0.050,0.384,0.566
768500,0.050,0.435,0.515
769000,0.050,0.464,0.486
769500,0.050,0.406,0.544
770000,0.050,0.266,0.684
770500,0.050,0.340,0.610
771000,0.050,0.288,0.662
771500,0.050,0.398,0.552
772000,0.050,0.420,0.530
772500,0.050,0.363,0.587
773000,0.050,0.351,0.599
773500,0.050,0.383,0.567
774000,0.050,0.388,0.562
774500,0.063,0.331,0.606
775000,0.050,0.395,0.555
775500,0.051,0.360,0.589
776000,0.050,0.384,0.566
776500,0.050,0.428,0.522
777000,0.050,0.435,0.515
777500,0.050,0.520,0.430
778000,0.050,0.521,0.429
778500,0.050,0.481,0.469
779000,0.050,0.479,0.471
779500,0.050,0.496,0.454
780000,0.050,0.437,0.513
780500,0.050,0.506,0.444
781000,0.050,0.494,0.456
781500,0.050,0.525,0.425
782000,0.050,0.442,0.508
782500,0.050,0.466,0.484
783000,0.050,0.393,0.557
783500,0.050,0.480,0.470
784000,0.050,0.381,0.569
784500,0.050,0.446,0.504
785000,0.050,0.416,0.534
785500,0.050,0.490,0.460
786000,0.050,0.382,0.568
786500,0.050,0.496,0.454
787000,0.050,0.512,0.438
787500,0.050,0.506,0.444
788000,0.050,0.522,0.428
788500,0.050,0.435,0.515
789000,0.057,0.329,0.614
789500,0.051,0.391,0.558
790000,0.050,0.403,0.547
790500,0.050,0.489,0.461
791000,0.050,0.481,0.469
791500,0.050,0.421,0.529
792000,0.050,0.518,0.432
792500,0.050,0.503,0.447
793000,0.050,0.497,0.453
793500,0.050,0.434,0.516
794000,0.050,0.323,0.627
794500,0.050,0.444,0.506
795000,0.050,0.477,0.473
795500,0.050,0.482,0.468
796000,0.050,0.371,0.579
796500,0.050,0.322,0.628
797000,0.050,0.362,0.588
797500,0.050,0.521,0.429
798000,0.050,0.402,0.548
798500,0.050,0.362,0.588
799000,0.050,0.375,0.575
799500,0.050,0.466,0.484
800000,0.050,0.596,0.354
800500,0.050,0.575,0.375
801000,0.050,0.513,0.437
801500,0.050,0.485,0.465
802000,0.050,0.440,0.510
802500,0.050,0.324,0.626
803000,0.055,0.345,0.600
803500,0.050,0.405,0.545
804000,0.050,0.415,0.535
804500,0.050,0.402,0.548
805000,0.050,0.544,0.406
805500,0.050,0.464,0.486
806000,0.050,0.436,0.514
806500,0.050,0.502,0.448
807000,0.050,0.457,0.493
807500,0.050,0.410,0.540
808000,0.050,0.344,0.606
808500,0.050,0.349,0.601
809000,0.050,0.410,0.540
809500,0.050,0.326,0.624
810000,0.050,0.375,0.575
810500,0.050,0.570,0.380
811000,0.059,0.387,0.554
811500,0.050,0.517,0.433
812000,0.050,0.510,0.440
812500,0.050,0.544,0.406
813000,0.050,0.423,0.527
813500,0.050,0.503,0.447
814000,0.050,0.463,0.487
814500,0.050,0.415,0.535
815000,0.050,0.442,0.508
815500,0.050,0.371,0.579
816000,0.050,0.488,0.462
816500,0.050,0.469,0.481
817000,0.050,0.472,0.478
817500,0.052,0.306,0.642
818000,0.050,0.481,0.469
818500,0.050,0.404,0.546
819000,0.050,0.460,0.490
819500,0.050,0.402,0.548
820000,0.052,0.440,0.508
820500,0.050,0.468,0.482
821000,0.050,0.421,0.529
821500,0.050,0.337,0.613
822000,0.050,0.485,0.465
822500,0.050,0.447,0.503
823000,0.050,0.469,0.481
823500,0.050,0.405,0.545
824000,0.050,0.303,0.647
824500,0.050,0.395,0.555
825000,0.050,0.467,0.483
825500,0.050,0.362,0.588
826000,0.050,0.439,0.511
826500,0.050,0.458,0.492
827000,0.050,0.446,0.504
827500,0.050,0.479,0.471
828000,0.050,0.461,0.489
828500,0.050,0.310,0.640
829000,0.050,0.355,0.595
829500,0.050,0.578,0.372
830000,0.050,0.343,0.607
830500,0.050,0.342,0.608
831000,0.050,0.443,0.507
831500,0.050,0.503,0.447
832000,0.050,0.494,0.456
832500,0.050,0.405,0.545
833000,0.050,0.364,0.586
833500,0.050,0.446,0.504
834000,0.050,0.379,0.571
834500,0.050,0.407,0.543
835000,0.050,0.424,0.526
835500,0.050,0.431,0.519
836000,0.050,0.443,0.507
836500,0.050,0.474,0.476
837000,0.050,0.460,0.490
837500,0.050,0.532,0.418
838000,0.050,0.443,0.507
838500,0.050,0.399,0.551
839000,0.050,0.402,0.548
839500,0.050,0.439,0.511
840000,0.051,0.467,0.482
840500,0.050,0.364,0.586
841000,0.050,0.496,0.454
841500,0.050,0.331,0.619
842000,0.050,0.429,0.521
842500,0.050,0.409,0.541
843000,0.050,0.406,0.544
843500,0.050,0.486,0.464
844000,0.050,0.519,0.431
844500,0.050,0.472,0.478
845000,0.050,0.384,0.566
845500,0.050,0.479,0.471
846000,0.050,0.449,0.501
846500,0.050,0.417,0.533
847000,0.050,0.430,0.520
847500,0.050,0.395,0.555
848000,0.050,0.515,0.435
848500,0.050,0.417,0.533
849000,0.050,0.347,0.603
849500,0.050,0.354,0.596
850000,0.050,0.429,0.521
850500,0.050,0.406,0.544
851000,0.050,0.375,0.575
851500,0.050,0.391,0.559
852000,0.050,0.474,0.476
852500,0.050,0.496,0.454
853000,0.050,0.455,0.495
853500,0.050,0.392,0.558
854000,0.050,0.470,0.480
854500,0.050,0.533,0.417
855000,0.050,0.537,0.413
855500,0.050,0.525,0.425
856000,0.050,0.452,0.498
856500,0.050,0.385,0.565
857000,0.050,0.424,0.526
857500,0.050,0.443,0.507
858000,0.050,0.351,0.599
858500,0.050,0.474,0.476
859000,0.050,0.423,0.527
859500,0.050,0.482,0.468
860000,0.050,0.396,0.554
860500,0.050,0.385,0.565
861000,0.050,0.438,0.512
861500,0.050,0.386,0.564
862000,0.050,0.454,0.496
862500,0.051,0.413,0.536
863000,0.050,0.402,0.548
863500,0.050,0.432,0.518
864000,0.050,0.434,0.516
864500,0.050,0.446,0.504
865000,0.050,0.450,0.500
865500,0.050,0.398,0.552
866000,0.050,0.403,0.547
866500,0.050,0.508,0.442
867000,0.050,0.539,0.411
867500,0.050,0.514,0.436
868000,0.050,0.360,0.590
868500,0.050,0.544,0.406
869000,0.050,0.332,0.618
869500,0.050,0.319,0.631
870000,0.050,0.486,0.464
870500,0.050,0.536,0.414
871000,0.050,0.486,0.464
871500,0.050,0.419,0.531
872000,0.050,0.433,0.517
872500,0.050,0.354,0.596
873000,0.050,0.491,0.459
873500,0.050,0.413,0.537
874000,0.050,0.505,0.445
874500,0.050,0.512,0.438
875000,0.050,0.436,0.514
875500,0.050,0.442,0.508
876000,0.050,0.478,0.472
876500,0.050,0.455,0.495
877000,0.050,0.469,0.481
877500,0.050,0.408,0.542
878000,0.050,0.464,0.486
878500,0.050,0.413,0.537
879000,0.050,0.346,0.604
879500,0.050,0.484,0.466
880000,0.050,0.517,0.433
880500,0.050,0.335,0.615
881000,0.050,0.358,0.592
881500,0.064,0.402,0.534
882000,0.076,0.228,0.696
882500,0.050,0.512,0.438
883000,0.056,0.332,0.612
883500,0.050,0.451,0.499
884000,0.050,0.552,0.398
884500,0.050,0.479,0.471
885000,0.050,0.533,0.417
885500,0.050,0.442,0.508
886000,0.050,0.464,0.486
886500,0.050,0.444,0.506
887000,0.050,0.350,0.600
887500,0.050,0.396,0.554
888000,0.050,0.466,0.484
888500,0.052,0.400,0.548
889000,0.050,0.541,0.409
889500,0.050,0.429,0.521
890000,0.050,0.455,0.495
890500,0.050,0.433,0.517
891000,0.050,0.537,0.413
891500,0.050,0.521,0.429
892000,0.050,0.432,0.518
892500,0.050,0.354,0.596
893000,0.050,0.435,0.515
893500,0.050,0.499,0.451
894000,0.050,0.532,0.418
894500,0.050,0.406,0.544
895000,0.050,0.473,0.477
895500,0.050,0.387,0.563
896000,0.050,0.467,0.483
896500,0.050,0.512,0.438
897000,0.050,0.463,0.487
897500,0.050,0.436,0.514
898000,0.050,0.525,0.425
898500,0.050,0.432,0.518
899000,0.050,0.410,0.540
899500,0.053,0.315,0.632
900000,0.050,0.408,0.542
900500,0.050,0.434,0.516
901000,0.050,0.303,0.647
901500,0.050,0.411,0.539
902000,0.050,0.372,0.578
902500,0.050,0.434,0.516
903000,0.050,0.406,0.544
903500,0.050,0.439,0.511
904000,0.050,0.373,0.577
904500,0.050,0.442,0.508
905000,0.050,0.507,0.443
905500,0.050,0.528,0.422
906000,0.050,0.436,0.514
906500,0.050,0.523,0.427
907000,0.050,0.506,0.444
907500,0.050,0.540,0.410
908000,0.050,0.440,0.510
908500,0.050,0.468,0.482
909000,0.050,0.422,0.528
909500,0.050,0.441,0.509
910000,0.056,0.441,0.503
910500,0.050,0.535,0.415
911000,0.050,0.327,0.623
911500,0.050,0.486,0.464
912000,0.050,0.448,0.502
912500,0.055,0.348,0.597
913000,0.050,0.456,0.494
913500,0.050,0.392,0.558
914000,0.050,0.364,0.586
914500,0.050,0.537,0.413
915000,0.050,0.414,0.536
915500,0.050,0.517,0.433
916000,0.050,0.419,0.531
916500,0.050,0.452,0.498
917000,0.050,0.298,0.652
917500,0.051,0.397,0.552
918000,0.050,0.427,0.523
918500,0.051,0.408,0.541
919000,0.050,0.524,0.426
919500,0.050,0.386,0.564
920000,0.050,0.468,0.482
920500,0.050,0.397,0.553
921000,0.050,0.483,0.467
921500,0.050,0.453,0.497
922000,0.050,0.418,0.532
922500,0.050,0.404,0.546
923000,0.050,0.411,0.539
923500,0.050,0.540,0.410
924000,0.050,0.470,0.480
924500,0.050,0.392,0.558
925000,0.050,0.505,0.445
925500,0.050,0.494,0.456
926000,0.050,0.497,0.453
926500,0.050,0.503,0.447
927000,0.050,0.381,0.569
927500,0.050,0.375,0.575
928000,0.050,0.516,0.434
928500,0.050,0.524,0.426
929000,0.050,0.501,0.449
929500,0.050,0.413,0.537
930000,0.050,0.419,0.531
930500,0.050,0.413,0.537
931000,0.050,0.353,0.597
931500,0.050,0.341,0.609
932000,0.050,0.427,0.523
932500,0.050,0.388,0.562
933000,0.050,0.448,0.502
933500,0.050,0.387,0.563
934000,0.050,0.433,0.517
934500,0.050,0.488,0.462
935000,0.050,0.501,0.449
935500,0.050,0.387,0.563
936000,0.050,0.458,0.492
936500,0.050,0.403,0.547
937000,0.050,0.482,0.468
937500,0.050,0.418,0.532
938000,0.050,0.496,0.454
938500,0.050,0.456,0.494
939000,0.050,0.440,0.510
939500,0.050,0.437,0.513
940000,0.052,0.309,0.639
940500,0.053,0.341,0.606
941000,0.050,0.529,0.421
941500,0.050,0.455,0.495
942000,0.050,0.409,0.541
942500,0.050,0.464,0.486
943000,0.050,0.438,0.512
943500,0.050,0.556,0.394
944000,0.050,0.452,0.498
944500,0.050,0.420,0.530
945000,0.050,0.413,0.537
945500,0.050,0.320,0.630
946000,0.050,0.483,0.467
946500,0.050,0.459,0.491
947000,0.050,0.510,0.440
947500,0.050,0.486,0.464
948000,0.051,0.359,0.590
948500,0.050,0.411,0.539
949000,0.050,0.459,0.491
949500,0.050,0.451,0.499
950000,0.050,0.400,0.550
950500,0.050,0.487,0.463
951000,0.050,0.385,0.565
951500,0.050,0.422,0.528
952000,0.050,0.390,0.560
952500,0.050,0.373,0.577
953000,0.050,0.373,0.577
953500,0.050,0.353,0.597
954000,0.050,0.382,0.568
954500,0.050,0.483,0.467
955000,0.050,0.458,0.492
955500,0.050,0.530,0.420
956000,0.050,0.435,0.515
956500,0.050,0.480,0.470
957000,0.050,0.615,0.335
957500,0.050,0.526,0.424
958000,0.050,0.424,0.526
958500,0.050,0.397,0.553
959000,0.050,0.429,0.521
959500,0.050,0.352,0.598
960000,0.050,0.459,0.491
960500,0.050,0.604,0.346
961000,0.050,0.619,0.331
961500,0.050,0.476,0.474
962000,0.050,0.425,0.525
962500,0.058,0.386,0.556
963000,0.050,0.441,0.509
963500,0.050,0.512,0.438
964000,0.050,0.529,0.421
964500,0.050,0.463,0.487
965000,0.050,0.422,0.528
965500,0.050,0.475,0.475
966000,0.050,0.480,0.470
966500,0.050,0.481,0.469
967000,0.050,0.494,0.456
967500,0.050,0.409,0.541
968000,0.050,0.452,0.498
968500,0.050,0.399,0.551
969000,0.050,0.460,0.490
969500,0.061,0.281,0.658
970000,0.056,0.281,0.663
970500,0.050,0.354,0.596
971000,0.050,0.390,0.560
971500,0.050,0.319,0.631
972000,0.050,0.411,0.539
972500,0.050,0.447,0.503
973000,0.050,0.425,0.525
973500,0.050,0.392,0.558
974000,0.050,0.470,0.480
974500,0.050,0.449,0.501
975000,0.050,0.498,0.452
975500,0.050,0.458,0.492
976000,0.050,0.511,0.439
976500,0.050,0.469,0.481
977000,0.050,0.445,0.505
977500,0.050,0.560,0.390
978000,0.050,0.462,0.488
978500,0.050,0.416,0.534
979000,0.050,0.436,0.514
979500,0.050,0.505,0.445
980000,0.050,0.490,0.460
980500,0.050,0.443,0.507
981000,0.050,0.456,0.494
981500,0.050,0.463,0.487
982000,0.050,0.470,0.480
982500,0.050,0.439,0.511
983000,0.050,0.493,0.457
983500,0.050,0.375,0.575
984000,0.050,0.498,0.452
984500,0.050,0.450,0.500
985000,0.050,0.389,0.561
985500,0.050,0.384,0.566
986000,0.050,0.441,0.509
986500,0.050,0.502,0.448
987000,0.050,0.574,0.376
987500,0.050,0.428,0.522
988000,0.050,0.490,0.460
988500,0.050,0.402,0.548
989000,0.050,0.407,0.543
989500,0.050,0.554,0.396
990000,0.050,0.534,0.416
990500,0.050,0.459,0.491
991000,0.050,0.462,0.488
991500,0.050,0.452,0.498
992000,0.050,0.511,0.439
992500,0.050,0.453,0.497
993000,0.050,0.497,0.453
993500,0.050,0.552,0.398
994000,0.050,0.406,0.544
994500,0.050,0.512,0.438
995000,0.050,0.428,0.522
995500,0.050,0.530,0.420
996000,0.050,0.495,0.455
996500,0.050,0.468,0.482
997000,0.050,0.554,0.396
997500,0.050,0.518,0.432
998000,0.050,0.347,0.603
998500,0.050,0.438,0.512
999000,0.050,0.404,0.546
999500,0.050,0.428,0.522
1000000,0.050,0.466,0.484
