time,n_A+p,n_B,n_AB
500,0.107,0.042,0.851
1000,0.387,0.000,0.613
1500,0.315,0.000,0.685
2000,0.337,0.000,0.663
2500,0.429,0.000,0.571
3000,0.363,0.000,0.637
3500,0.340,0.000,0.660
4000,0.324,0.000,0.676
4500,0.450,0.000,0.550
5000,0.406,0.000,0.594
5500,0.396,0.000,0.604
6000,0.507,0.000,0.493
6500,0.415,0.000,0.585
7000,0.428,0.000,0.572
7500,0.401,0.000,0.599
8000,0.348,0.000,0.652
8500,0.406,0.000,0.594
9000,0.415,0.000,0.585
9500,0.488,0.000,0.512
10000,0.364,0.000,0.636
10500,0.338,0.000,0.662
11000,0.349,0.000,0.651
11500,0.492,0.000,0.508
12000,0.468,0.000,0.532
12500,0.533,0.000,0.467
13000,0.448,0.000,0.552
13500,0.457,0.000,0.543
14000,0.338,0.000,0.662
14500,0.300,0.000,0.700
15000,0.346,0.000,0.654
15500,0.477,0.000,0.523
16000,0.443,0.000,0.557
16500,0.405,0.000,0.595
17000,0.426,0.000,0.574
17500,0.387,0.000,0.613
18000,0.426,0.000,0.574
18500,0.364,0.000,0.636
19000,0.354,0.000,0.646
19500,0.321,0.000,0.679
20000,0.340,0.000,0.660
20500,0.350,0.000,0.650
21000,0.368,0.000,0.632
21500,0.356,0.000,0.644
22000,0.406,0.000,0.594
22500,0.338,0.000,0.662
23000,0.336,0.000,0.664
23500,0.424,0.000,0.576
24000,0.326,0.000,0.674
24500,0.416,0.000,0.584
25000,0.435,0.000,0.565
25500,0.362,0.000,0.638
26000,0.427,0.000,0.573
26500,0.348,0.000,0.652
27000,0.377,0.000,0.623
27500,0.370,0.000,0.630
28000,0.335,0.000,0.665
28500,0.352,0.000,0.648
29000,0.399,0.000,0.601
29500,0.369,0.000,0.631
30000,0.363,0.000,0.637
30500,0.432,0.000,0.568
31000,0.352,0.000,0.648
31500,0.331,0.000,0.669
32000,0.404,0.000,0.596
32500,0.540,0.000,0.460
33000,0.395,0.000,0.605
33500,0.422,0.000,0.578
34000,0.404,0.000,0.596
34500,0.405,0.000,0.595
35000,0.358,0.000,0.642
35500,0.365,0.000,0.635
36000,0.379,0.000,0.621
36500,0.382,0.000,0.618
37000,0.446,0.000,0.554
37500,0.398,0.000,0.602
38000,0.436,0.000,0.564
38500,0.394,0.000,0.606
39000,0.411,0.000,0.589
39500,0.398,0.000,0.602
40000,0.419,0.000,0.581
40500,0.420,0.000,0.580
41000,0.449,0.000,0.551
41500,0.414,0.000,0.586
42000,0.385,0.000,0.615
42500,0.404,0.000,0.596
43000,0.465,0.000,0.535
43500,0.421,0.000,0.579
44000,0.516,0.000,0.484
44500,0.452,0.000,0.548
45000,0.411,0.000,0.589
45500,0.454,0.000,0.546
46000,0.432,0.000,0.568
46500,0.406,0.000,0.594
47000,0.355,0.000,0.645
47500,0.427,0.000,0.573
48000,0.516,0.000,0.484
48500,0.527,0.000,0.473
49000,0.309,0.000,0.691
49500,0.320,0.000,0.680
50000,0.358,0.000,0.642
50500,0.491,0.000,0.509
51000,0.441,0.000,0.559
51500,0.411,0.000,0.589
52000,0.352,0.000,0.648
52500,0.360,0.000,0.640
53000,0.440,0.000,0.560
53500,0.261,0.000,0.739
54000,0.504,0.000,0.496
54500,0.317,0.000,0.683
55000,0.338,0.000,0.662
55500,0.378,0.000,0.622
56000,0.421,0.000,0.579
56500,0.350,0.000,0.650
57000,0.272,0.011,0.717
57500,0.349,0.000,0.651
58000,0.322,0.000,0.678
58500,0.408,0.000,0.592
59000,0.425,0.000,0.575
59500,0.449,0.000,0.551
60000,0.525,0.000,0.475
60500,0.385,0.000,0.615
61000,0.396,0.000,0.604
61500,0.511,0.000,0.489
62000,0.435,0.000,0.565
62500,0.370,0.000,0.630
63000,0.498,0.000,0.502
63500,0.242,0.000,0.758
64000,0.386,0.000,0.614
64500,0.362,0.000,0.638
65000,0.326,0.000,0.674
65500,0.392,0.000,0.608
66000,0.433,0.000,0.567
66500,0.449,0.000,0.551
67000,0.438,0.000,0.562
67500,0.408,0.000,0.592
68000,0.425,0.000,0.575
68500,0.497,0.000,0.503
69000,0.352,0.000,0.648
69500,0.404,0.000,0.596
70000,0.389,0.000,0.611
70500,0.418,0.000,0.582
71000,0.420,0.000,0.580
71500,0.430,0.000,0.570
72000,0.447,0.000,0.553
72500,0.382,0.000,0.618
73000,0.460,0.000,0.540
73500,0.461,0.000,0.539
74000,0.415,0.000,0.585
74500,0.419,0.000,0.581
75000,0.445,0.000,0.555
75500,0.535,0.000,0.465
76000,0.499,0.000,0.501
76500,0.444,0.000,0.556
77000,0.448,0.000,0.552
77500,0.394,0.000,0.606
78000,0.436,0.000,0.564
78500,0.378,0.000,0.622
79000,0.430,0.000,0.570
79500,0.352,0.000,0.648
80000,0.430,0.000,0.570
80500,0.404,0.000,0.596
81000,0.434,0.000,0.566
81500,0.572,0.000,0.428
82000,0.426,0.000,0.574
82500,0.422,0.000,0.578
83000,0.472,0.000,0.528
83500,0.477,0.000,0.523
84000,0.365,0.000,0.635
84500,0.321,0.000,0.679
85000,0.371,0.000,0.629
85500,0.399,0.000,0.601
86000,0.435,0.000,0.565
86500,0.390,0.000,0.610
87000,0.370,0.000,0.630
87500,0.452,0.000,0.548
88000,0.410,0.000,0.590
88500,0.462,0.000,0.538
89000,0.379,0.000,0.621
89500,0.363,0.000,0.637
90000,0.359,0.000,0.641
90500,0.387,0.000,0.613
91000,0.315,0.000,0.685
91500,0.326,0.000,0.674
92000,0.414,0.000,0.586
92500,0.375,0.000,0.625
93000,0.416,0.000,0.584
93500,0.329,0.000,0.671
94000,0.374,0.000,0.626
94500,0.337,0.000,0.663
95000,0.366,0.000,0.634
95500,0.315,0.000,0.685
96000,0.338,0.000,0.662
96500,0.277,0.000,0.723
97000,0.343,0.000,0.657
97500,0.398,0.000,0.602
98000,0.433,0.000,0.567
98500,0.369,0.000,0.631
99000,0.340,0.000,0.660
99500,0.360,0.000,0.640
100000,0.413,0.000,0.587
100500,0.366,0.000,0.634
101000,0.441,0.000,0.559
101500,0.363,0.000,0.637
102000,0.375,0.000,0.625
102500,0.261,0.000,0.739
103000,0.394,0.000,0.606
103500,0.436,0.000,0.564
104000,0.304,0.000,0.696
104500,0.354,0.000,0.646
105000,0.375,0.000,0.625
105500,0.416,0.000,0.584
106000,0.418,0.000,0.582
106500,0.266,0.000,0.734
107000,0.449,0.000,0.551
107500,0.374,0.000,0.626
108000,0.428,0.000,0.572
108500,0.415,0.000,0.585
109000,0.412,0.000,0.588
109500,0.467,0.000,0.533
110000,0.284,0.000,0.716
110500,0.416,0.000,0.584
111000,0.384,0.000,0.616
111500,0.365,0.000,0.635
112000,0.385,0.000,0.615
112500,0.366,0.000,0.634
113000,0.496,0.000,0.504
113500,0.342,0.000,0.658
114000,0.375,0.000,0.625
114500,0.355,0.000,0.645
115000,0.358,0.000,0.642
115500,0.421,0.000,0.579
116000,0.501,0.000,0.499
116500,0.351,0.000,0.649
117000,0.357,0.000,0.643
117500,0.306,0.000,0.694
118000,0.355,0.000,0.645
118500,0.402,0.000,0.598
119000,0.477,0.000,0.523
119500,0.367,0.000,0.633
120000,0.432,0.000,0.568
120500,0.389,0.000,0.611
121000,0.405,0.000,0.595
121500,0.326,0.000,0.674
122000,0.338,0.000,0.662
122500,0.354,0.000,0.646
123000,0.433,0.000,0.567
123500,0.342,0.000,0.658
124000,0.413,0.000,0.587
124500,0.397,0.000,0.603
125000,0.423,0.000,0.577
125500,0.353,0.000,0.647
126000,0.362,0.000,0.638
126500,0.477,0.000,0.523
127000,0.371,0.000,0.629
127500,0.322,0.000,0.678
128000,0.244,0.000,0.756
128500,0.438,0.000,0.562
129000,0.443,0.000,0.557
129500,0.338,0.000,0.662
130000,0.500,0.000,0.500
130500,0.424,0.000,0.576
131000,0.457,0.000,0.543
131500,0.381,0.000,0.619
132000,0.274,0.000,0.726
132500,0.517,0.000,0.483
133000,0.469,0.000,0.531
133500,0.427,0.000,0.573
134000,0.343,0.000,0.657
134500,0.406,0.000,0.594
135000,0.431,0.000,0.569
135500,0.500,0.000,0.500
136000,0.383,0.000,0.617
136500,0.322,0.000,0.678
137000,0.438,0.000,0.562
137500,0.445,0.000,0.555
138000,0.263,0.000,0.737
138500,0.445,0.000,0.555
139000,0.328,0.000,0.672
139500,0.285,0.000,0.715
140000,0.393,0.000,0.607
140500,0.396,0.000,0.604
141000,0.287,0.000,0.713
141500,0.538,0.000,0.462
142000,0.399,0.000,0.601
142500,0.318,0.000,0.682
143000,0.353,0.000,0.647
143500,0.436,0.000,0.564
144000,0.440,0.000,0.560
144500,0.539,0.000,0.461
145000,0.389,0.000,0.611
145500,0.366,0.000,0.634
146000,0.436,0.000,0.564
146500,0.437,0.000,0.563
147000,0.488,0.000,0.512
147500,0.434,0.000,0.566
148000,0.429,0.000,0.571
148500,0.449,0.000,0.551
149000,0.449,0.000,0.551
149500,0.416,0.000,0.584
150000,0.491,0.000,0.509
150500,0.485,0.000,0.515
151000,0.516,0.000,0.484
151500,0.424,0.000,0.576
152000,0.395,0.000,0.605
152500,0.399,0.000,0.601
153000,0.487,0.000,0.513
153500,0.365,0.000,0.635
154000,0.299,0.000,0.701
154500,0.432,0.000,0.568
155000,0.390,0.000,0.610
155500,0.362,0.000,0.638
156000,0.374,0.000,0.626
156500,0.358,0.000,0.642
157000,0.337,0.000,0.663
157500,0.386,0.000,0.614
158000,0.527,0.000,0.473
158500,0.402,0.000,0.598
159000,0.504,0.000,0.496
159500,0.527,0.000,0.473
160000,0.447,0.000,0.553
160500,0.447,0.000,0.553
161000,0.421,0.000,0.579
161500,0.453,0.000,0.547
162000,0.468,0.000,0.532
162500,0.356,0.000,0.644
163000,0.320,0.000,0.680
163500,0.308,0.000,0.692
164000,0.407,0.000,0.593
164500,0.296,0.000,0.704
165000,0.412,0.000,0.588
165500,0.465,0.000,0.535
166000,0.335,0.000,0.665
166500,0.451,0.000,0.549
167000,0.448,0.000,0.552
167500,0.424,0.000,0.576
168000,0.431,0.000,0.569
168500,0.353,0.000,0.647
169000,0.356,0.000,0.644
169500,0.485,0.000,0.515
170000,0.270,0.000,0.730
170500,0.425,0.000,0.575
171000,0.408,0.000,0.592
171500,0.383,0.000,0.617
172000,0.455,0.000,0.545
172500,0.569,0.000,0.431
173000,0.384,0.000,0.616
173500,0.417,0.000,0.583
174000,0.321,0.000,0.679
174500,0.557,0.000,0.443
175000,0.403,0.000,0.597
175500,0.437,0.000,0.563
176000,0.277,0.000,0.723
176500,0.370,0.000,0.630
177000,0.404,0.000,0.596
177500,0.396,0.000,0.604
178000,0.399,0.000,0.601
178500,0.338,0.000,0.662
179000,0.358,0.000,0.642
179500,0.355,0.000,0.645
180000,0.376,0.000,0.624
180500,0.436,0.000,0.564
181000,0.456,0.000,0.544
181500,0.445,0.000,0.555
182000,0.418,0.000,0.582
182500,0.258,0.003,0.739
183000,0.557,0.000,0.443
183500,0.389,0.000,0.611
184000,0.463,0.000,0.537
184500,0.476,0.000,0.524
185000,0.497,0.000,0.503
185500,0.363,0.000,0.637
186000,0.474,0.000,0.526
186500,0.352,0.000,0.648
187000,0.287,0.000,0.713
187500,0.372,0.000,0.628
188000,0.369,0.000,0.631
188500,0.300,0.000,0.700
189000,0.329,0.000,0.671
189500,0.407,0.000,0.593
190000,0.277,0.010,0.713
190500,0.337,0.000,0.663
191000,0.386,0.000,0.614
191500,0.463,0.000,0.537
192000,0.450,0.000,0.550
192500,0.432,0.000,0.568
193000,0.396,0.012,0.592
193500,0.381,0.000,0.619
194000,0.456,0.000,0.544
194500,0.399,0.000,0.601
195000,0.391,0.000,0.609
195500,0.381,0.000,0.619
196000,0.398,0.000,0.602
196500,0.350,0.000,0.650
197000,0.392,0.000,0.608
197500,0.400,0.000,0.600
198000,0.452,0.000,0.548
198500,0.334,0.000,0.666
199000,0.396,0.000,0.604
199500,0.406,0.000,0.594
200000,0.402,0.000,0.598
200500,0.478,0.000,0.522
201000,0.460,0.000,0.540
201500,0.342,0.000,0.658
202000,0.291,0.000,0.709
202500,0.316,0.000,0.684
203000,0.394,0.000,0.606
203500,0.431,0.000,0.569
204000,0.581,0.000,0.419
204500,0.466,0.000,0.534
205000,0.415,0.000,0.585
205500,0.402,0.000,0.598
206000,0.421,0.000,0.579
206500,0.352,0.000,0.648
207000,0.466,0.000,0.534
207500,0.373,0.000,0.627
208000,0.442,0.000,0.558
208500,0.475,0.000,0.525
209000,0.405,0.000,0.595
209500,0.345,0.000,0.655
210000,0.405,0.000,0.595
210500,0.394,0.000,0.606
211000,0.364,0.000,0.636
211500,0.435,0.000,0.565
212000,0.476,0.000,0.524
212500,0.452,0.000,0.548
213000,0.439,0.000,0.561
213500,0.366,0.000,0.634
214000,0.472,0.000,0.528
214500,0.295,0.000,0.705
215000,0.406,0.000,0.594
215500,0.367,0.000,0.633
216000,0.434,0.000,0.566
216500,0.431,0.000,0.569
217000,0.401,0.000,0.599
217500,0.364,0.000,0.636
218000,0.358,0.000,0.642
218500,0.353,0.000,0.647
219000,0.479,0.000,0.521
219500,0.369,0.000,0.631
220000,0.360,0.000,0.640
220500,0.414,0.000,0.586
221000,0.292,0.000,0.708
221500,0.379,0.000,0.621
222000,0.402,0.000,0.598
222500,0.451,0.000,0.549
223000,0.404,0.000,0.596
223500,0.518,0.000,0.482
224000,0.438,0.000,0.562
224500,0.380,0.000,0.620
225000,0.360,0.000,0.640
225500,0.287,0.000,0.713
226000,0.274,0.000,0.726
226500,0.406,0.000,0.594
227000,0.344,0.000,0.656
227500,0.359,0.000,0.641
228000,0.344,0.000,0.656
228500,0.345,0.000,0.655
229000,0.372,0.000,0.628
229500,0.508,0.000,0.492
230000,0.360,0.000,0.640
230500,0.338,0.000,0.662
231000,0.344,0.000,0.656
231500,0.313,0.017,0.670
232000,0.422,0.000,0.578
232500,0.361,0.000,0.639
233000,0.410,0.000,0.590
233500,0.407,0.000,0.593
234000,0.353,0.000,0.647
234500,0.461,0.000,0.539
235000,0.487,0.000,0.513
235500,0.507,0.000,0.493
236000,0.350,0.000,0.650
236500,0.377,0.000,0.623
237000,0.418,0.000,0.582
237500,0.385,0.000,0.615
238000,0.467,0.000,0.533
238500,0.466,0.000,0.534
239000,0.347,0.000,0.653
239500,0.311,0.000,0.689
240000,0.328,0.000,0.672
240500,0.399,0.000,0.601
241000,0.358,0.000,0.642
241500,0.396,0.000,0.604
242000,0.380,0.000,0.620
242500,0.583,0.000,0.417
243000,0.377,0.000,0.623
243500,0.404,0.000,0.596
244000,0.377,0.000,0.623
244500,0.410,0.000,0.590
245000,0.495,0.000,0.505
245500,0.372,0.000,0.628
246000,0.435,0.000,0.565
246500,0.373,0.000,0.627
247000,0.349,0.000,0.651
247500,0.436,0.000,0.564
248000,0.372,0.000,0.628
248500,0.407,0.000,0.593
249000,0.374,0.000,0.626
249500,0.373,0.000,0.627
250000,0.365,0.000,0.635
250500,0.405,0.000,0.595
251000,0.495,0.000,0.505
251500,0.429,0.000,0.571
252000,0.421,0.000,0.579
252500,0.354,0.000,0.646
253000,0.420,0.000,0.580
253500,0.317,0.000,0.683
254000,0.482,0.000,0.518
254500,0.385,0.000,0.615
255000,0.361,0.000,0.639
255500,0.427,0.000,0.573
256000,0.413,0.000,0.587
256500,0.381,0.000,0.619
257000,0.398,0.000,0.602
257500,0.480,0.000,0.520
258000,0.368,0.000,0.632
258500,0.375,0.000,0.625
259000,0.312,0.000,0.688
259500,0.345,0.000,0.655
260000,0.372,0.000,0.628
260500,0.327,0.000,0.673
261000,0.466,0.000,0.534
261500,0.485,0.000,0.515
262000,0.365,0.000,0.635
262500,0.378,0.000,0.622
263000,0.442,0.000,0.558
263500,0.427,0.000,0.573
264000,0.396,0.000,0.604
264500,0.334,0.000,0.666
265000,0.393,0.000,0.607
265500,0.437,0.000,0.563
266000,0.473,0.000,0.527
266500,0.450,0.000,0.550
267000,0.418,0.000,0.582
267500,0.518,0.000,0.482
268000,0.422,0.000,0.578
268500,0.503,0.000,0.497
269000,0.523,0.000,0.477
269500,0.448,0.000,0.552
270000,0.383,0.000,0.617
270500,0.390,0.000,0.610
271000,0.415,0.000,0.585
271500,0.436,0.000,0.564
272000,0.490,0.000,0.510
272500,0.428,0.000,0.572
273000,0.437,0.000,0.563
273500,0.294,0.000,0.706
274000,0.287,0.000,0.713
274500,0.510,0.000,0.490
275000,0.328,0.000,0.672
275500,0.530,0.000,0.470
276000,0.467,0.000,0.533
276500,0.347,0.000,0.653
277000,0.457,0.000,0.543
277500,0.257,0.000,0.743
278000,0.336,0.000,0.664
278500,0.429,0.000,0.571
279000,0.435,0.000,0.565
279500,0.336,0.000,0.664
280000,0.360,0.000,0.640
280500,0.554,0.000,0.446
281000,0.424,0.000,0.576
281500,0.355,0.000,0.645
282000,0.401,0.000,0.599
282500,0.306,0.000,0.694
283000,0.477,0.000,0.523
283500,0.381,0.000,0.619
284000,0.384,0.000,0.616
284500,0.296,0.000,0.704
285000,0.351,0.000,0.649
285500,0.412,0.000,0.588
286000,0.403,0.000,0.597
286500,0.422,0.000,0.578
287000,0.453,0.000,0.547
287500,0.396,0.000,0.604
288000,0.357,0.000,0.643
288500,0.473,0.000,0.527
289000,0.391,0.000,0.609
289500,0.410,0.000,0.590
290000,0.430,0.000,0.570
290500,0.351,0.000,0.649
291000,0.305,0.000,0.695
291500,0.360,0.000,0.640
292000,0.446,0.000,0.554
292500,0.425,0.000,0.575
293000,0.559,0.000,0.441
293500,0.433,0.000,0.567
294000,0.384,0.000,0.616
294500,0.366,0.000,0.634
295000,0.371,0.000,0.629
295500,0.357,0.000,0.643
296000,0.507,0.000,0.493
296500,0.360,0.000,0.640
297000,0.416,0.000,0.584
297500,0.438,0.000,0.562
298000,0.456,0.000,0.544
298500,0.486,0.000,0.514
299000,0.466,0.000,0.534
299500,0.410,0.000,0.590
300000,0.475,0.000,0.525
300500,0.437,0.000,0.563
301000,0.391,0.000,0.609
301500,0.543,0.000,0.457
302000,0.353,0.000,0.647
302500,0.480,0.000,0.520
303000,0.354,0.000,0.646
303500,0.401,0.000,0.599
304000,0.415,0.000,0.585
304500,0.336,0.000,0.664
305000,0.426,0.000,0.574
305500,0.452,0.000,0.548
306000,0.342,0.000,0.658
306500,0.275,0.000,0.725
307000,0.291,0.000,0.709
307500,0.464,0.000,0.536
308000,0.495,0.000,0.505
308500,0.358,0.000,0.642
309000,0.390,0.000,0.610
309500,0.388,0.000,0.612
310000,0.451,0.000,0.549
310500,0.402,0.000,0.598
311000,0.328,0.000,0.672
311500,0.367,0.000,0.633
312000,0.436,0.000,0.564
312500,0.467,0.000,0.533
313000,0.509,0.000,0.491
313500,0.521,0.000,0.479
314000,0.357,0.000,0.643
314500,0.355,0.000,0.645
315000,0.339,0.000,0.661
315500,0.360,0.000,0.640
316000,0.328,0.000,0.672
316500,0.388,0.000,0.612
317000,0.333,0.000,0.667
317500,0.442,0.000,0.558
318000,0.423,0.000,0.577
318500,0.411,0.000,0.589
319000,0.419,0.000,0.581
319500,0.346,0.000,0.654
320000,0.416,0.000,0.584
320500,0.402,0.000,0.598
321000,0.313,0.000,0.687
321500,0.268,0.000,0.732
322000,0.345,0.000,0.655
322500,0.349,0.000,0.651
323000,0.298,0.000,0.702
323500,0.375,0.000,0.625
324000,0.433,0.000,0.567
324500,0.330,0.000,0.670
325000,0.324,0.000,0.676
325500,0.463,0.000,0.537
326000,0.278,0.000,0.722
326500,0.415,0.000,0.585
327000,0.357,0.000,0.643
327500,0.386,0.000,0.614
328000,0.504,0.000,0.496
328500,0.360,0.000,0.640
329000,0.379,0.000,0.621
329500,0.367,0.000,0.633
330000,0.405,0.000,0.595
330500,0.462,0.000,0.538
331000,0.464,0.000,0.536
331500,0.400,0.000,0.600
332000,0.392,0.000,0.608
332500,0.392,0.000,0.608
333000,0.356,0.000,0.644
333500,0.328,0.000,0.672
334000,0.422,0.000,0.578
334500,0.320,0.000,0.680
335000,0.362,0.000,0.638
335500,0.321,0.000,0.679
336000,0.423,0.000,0.577
336500,0.296,0.000,0.704
337000,0.437,0.000,0.563
337500,0.364,0.000,0.636
338000,0.411,0.000,0.589
338500,0.438,0.000,0.562
339000,0.377,0.000,0.623
339500,0.350,0.000,0.650
340000,0.330,0.000,0.670
340500,0.341,0.000,0.659
341000,0.350,0.000,0.650
341500,0.411,0.000,0.589
342000,0.363,0.000,0.637
342500,0.334,0.000,0.666
343000,0.295,0.000,0.705
343500,0.295,0.000,0.705
344000,0.400,0.000,0.600
344500,0.337,0.000,0.663
345000,0.384,0.000,0.616
345500,0.407,0.000,0.593
346000,0.381,0.000,0.619
346500,0.356,0.000,0.644
347000,0.366,0.000,0.634
347500,0.308,0.000,0.692
348000,0.518,0.000,0.482
348500,0.477,0.000,0.523
349000,0.276,0.000,0.724
349500,0.418,0.000,0.582
350000,0.499,0.000,0.501
350500,0.471,0.000,0.529
351000,0.426,0.000,0.574
351500,0.348,0.000,0.652
352000,0.424,0.000,0.576
352500,0.308,0.000,0.692
353000,0.325,0.000,0.675
353500,0.282,0.000,0.718
354000,0.404,0.000,0.596
354500,0.444,0.000,0.556
355000,0.382,0.000,0.618
355500,0.401,0.000,0.599
356000,0.344,0.000,0.656
356500,0.390,0.000,0.610
357000,0.412,0.000,0.588
357500,0.238,0.000,0.762
358000,0.430,0.000,0.570
358500,0.435,0.000,0.565
359000,0.431,0.000,0.569
359500,0.409,0.000,0.591
360000,0.398,0.000,0.602
360500,0.384,0.000,0.616
361000,0.434,0.000,0.566
361500,0.341,0.000,0.659
362000,0.319,0.000,0.681
362500,0.392,0.000,0.608
363000,0.487,0.000,0.513
363500,0.348,0.000,0.652
364000,0.409,0.000,0.591
364500,0.417,0.000,0.583
365000,0.338,0.000,0.662
365500,0.438,0.000,0.562
366000,0.325,0.000,0.675
366500,0.405,0.000,0.595
367000,0.417,0.000,0.583
367500,0.354,0.000,0.646
368000,0.379,0.000,0.621
368500,0.480,0.000,0.520
369000,0.420,0.000,0.580
369500,0.334,0.000,0.666
370000,0.391,0.000,0.609
370500,0.334,0.000,0.666
371000,0.457,0.000,0.543
371500,0.425,0.000,0.575
372000,0.483,0.000,0.517
372500,0.485,0.000,0.515
373000,0.538,0.000,0.462
373500,0.383,0.000,0.617
374000,0.462,0.000,0.538
374500,0.475,0.000,0.525
375000,0.369,0.000,0.631
375500,0.382,0.000,0.618
376000,0.411,0.000,0.589
376500,0.422,0.000,0.578
377000,0.416,0.000,0.584
377500,0.446,0.000,0.554
378000,0.442,0.000,0.558
378500,0.373,0.000,0.627
379000,0.406,0.000,0.594
379500,0.366,0.000,0.634
380000,0.407,0.000,0.593
380500,0.380,0.000,0.620
381000,0.481,0.000,0.519
381500,0.436,0.000,0.564
382000,0.383,0.000,0.617
382500,0.401,0.000,0.599
383000,0.465,0.000,0.535
383500,0.466,0.000,0.534
384000,0.363,0.000,0.637
384500,0.416,0.000,0.584
385000,0.417,0.000,0.583
385500,0.315,0.000,0.685
386000,0.429,0.000,0.571
386500,0.289,0.000,0.711
387000,0.353,0.000,0.647
387500,0.389,0.000,0.611
388000,0.410,0.000,0.590
388500,0.377,0.000,0.623
389000,0.367,0.000,0.633
389500,0.335,0.000,0.665
390000,0.396,0.000,0.604
390500,0.409,0.000,0.591
391000,0.427,0.000,0.573
391500,0.389,0.000,0.611
392000,0.304,0.000,0.696
392500,0.311,0.000,0.689
393000,0.367,0.000,0.633
393500,0.516,0.000,0.484
394000,0.296,0.000,0.704
394500,0.263,0.000,0.737
395000,0.495,0.000,0.505
395500,0.414,0.000,0.586
396000,0.314,0.000,0.686
396500,0.434,0.000,0.566
397000,0.361,0.000,0.639
397500,0.436,0.000,0.564
398000,0.431,0.000,0.569
398500,0.408,0.000,0.592
399000,0.442,0.000,0.558
399500,0.401,0.000,0.599
400000,0.372,0.000,0.628
400500,0.494,0.000,0.506
401000,0.382,0.000,0.618
401500,0.382,0.000,0.618
402000,0.325,0.000,0.675
402500,0.383,0.000,0.617
403000,0.488,0.000,0.512
403500,0.336,0.000,0.664
404000,0.344,0.000,0.656
404500,0.306,0.000,0.694
405000,0.356,0.000,0.644
405500,0.317,0.000,0.683
406000,0.435,0.000,0.565
406500,0.353,0.000,0.647
407000,0.384,0.000,0.616
407500,0.350,0.000,0.650
408000,0.363,0.000,0.637
408500,0.345,0.000,0.655
409000,0.475,0.000,0.525
409500,0.358,0.000,0.642
410000,0.286,0.000,0.714
410500,0.359,0.000,0.641
411000,0.401,0.000,0.599
411500,0.503,0.000,0.497
412000,0.383,0.000,0.617
412500,0.351,0.000,0.649
413000,0.289,0.000,0.711
413500,0.442,0.000,0.558
414000,0.333,0.000,0.667
414500,0.356,0.000,0.644
415000,0.317,0.000,0.683
415500,0.436,0.000,0.564
416000,0.434,0.000,0.566
416500,0.358,0.000,0.642
417000,0.409,0.000,0.591
417500,0.328,0.000,0.672
418000,0.403,0.000,0.597
418500,0.316,0.000,0.684
419000,0.369,0.000,0.631
419500,0.466,0.000,0.534
420000,0.397,0.000,0.603
420500,0.342,0.000,0.658
421000,0.495,0.000,0.505
421500,0.480,0.000,0.520
422000,0.496,0.000,0.504
422500,0.400,0.000,0.600
423000,0.460,0.000,0.540
423500,0.413,0.000,0.587
424000,0.284,0.000,0.716
424500,0.361,0.000,0.639
425000,0.377,0.000,0.623
425500,0.330,0.000,0.670
426000,0.318,0.000,0.682
426500,0.349,0.000,0.651
427000,0.301,0.000,0.699
427500,0.478,0.000,0.522
428000,0.427,0.000,0.573
428500,0.431,0.000,0.569
429000,0.479,0.000,0.521
429500,0.454,0.000,0.546
430000,0.333,0.000,0.667
430500,0.378,0.000,0.622
431000,0.409,0.000,0.591
431500,0.434,0.000,0.566
432000,0.376,0.000,0.624
432500,0.454,0.000,0.546
433000,0.368,0.000,0.632
433500,0.305,0.000,0.695
434000,0.282,0.000,0.718
434500,0.356,0.000,0.644
435000,0.399,0.000,0.601
435500,0.296,0.000,0.704
436000,0.420,0.000,0.580
436500,0.379,0.000,0.621
437000,0.462,0.000,0.538
437500,0.374,0.000,0.626
438000,0.425,0.000,0.575
438500,0.403,0.000,0.597
439000,0.415,0.000,0.585
439500,0.363,0.000,0.637
440000,0.509,0.000,0.491
440500,0.329,0.000,0.671
441000,0.426,0.000,0.574
441500,0.369,0.000,0.631
442000,0.451,0.000,0.549
442500,0.340,0.000,0.660
443000,0.382,0.000,0.618
443500,0.429,0.000,0.571
444000,0.364,0.000,0.636
444500,0.318,0.000,0.682
445000,0.355,0.000,0.645
445500,0.285,0.000,0.715
446000,0.329,0.000,0.671
446500,0.355,0.000,0.645
447000,0.444,0.000,0.556
447500,0.382,0.000,0.618
448000,0.368,0.000,0.632
448500,0.403,0.000,0.597
449000,0.427,0.000,0.573
449500,0.300,0.000,0.700
450000,0.396,0.000,0.604
450500,0.441,0.000,0.559
451000,0.330,0.000,0.670
451500,0.327,0.000,0.673
452000,0.365,0.000,0.635
452500,0.382,0.000,0.618
453000,0.406,0.000,0.594
453500,0.397,0.000,0.603
454000,0.339,0.000,0.661
454500,0.326,0.000,0.674
455000,0.416,0.000,0.584
455500,0.381,0.000,0.619
456000,0.469,0.000,0.531
456500,0.320,0.000,0.680
457000,0.473,0.000,0.527
457500,0.518,0.000,0.482
458000,0.338,0.000,0.662
458500,0.398,0.000,0.602
459000,0.379,0.000,0.621
459500,0.323,0.000,0.677
460000,0.347,0.000,0.653
460500,0.299,0.000,0.701
461000,0.407,0.000,0.593
461500,0.479,0.000,0.521
462000,0.409,0.000,0.591
462500,0.416,0.000,0.584
463000,0.414,0.000,0.586
463500,0.412,0.000,0.588
464000,0.589,0.000,0.411
464500,0.417,0.000,0.583
465000,0.512,0.000,0.488
465500,0.465,0.000,0.535
466000,0.497,0.000,0.503
466500,0.509,0.000,0.491
467000,0.381,0.000,0.619
467500,0.398,0.000,0.602
468000,0.402,0.000,0.598
468500,0.320,0.000,0.680
469000,0.474,0.000,0.526
469500,0.294,0.005,0.701
470000,0.481,0.000,0.519
470500,0.541,0.000,0.459
471000,0.336,0.000,0.664
471500,0.532,0.000,0.468
472000,0.535,0.000,0.465
472500,0.485,0.000,0.515
473000,0.337,0.000,0.663
473500,0.348,0.000,0.652
474000,0.436,0.000,0.564
474500,0.273,0.000,0.727
475000,0.383,0.000,0.617
475500,0.334,0.000,0.666
476000,0.388,0.000,0.612
476500,0.400,0.000,0.600
477000,0.510,0.000,0.490
477500,0.490,0.000,0.510
478000,0.387,0.000,0.613
478500,0.342,0.000,0.658
479000,0.492,0.000,0.508
479500,0.339,0.000,0.661
480000,0.349,0.000,0.651
480500,0.398,0.000,0.602
481000,0.398,0.000,0.602
481500,0.428,0.000,0.572
482000,0.463,0.000,0.537
482500,0.370,0.000,0.630
483000,0.400,0.000,0.600
483500,0.340,0.000,0.660
484000,0.343,0.000,0.657
484500,0.354,0.000,0.646
485000,0.352,0.000,0.648
485500,0.340,0.000,0.660
486000,0.357,0.000,0.643
486500,0.377,0.000,0.623
487000,0.440,0.000,0.560
487500,0.311,0.000,0.689
488000,0.400,0.000,0.600
488500,0.332,0.000,0.668
489000,0.321,0.000,0.679
489500,0.371,0.000,0.629
490000,0.378,0.000,0.622
490500,0.331,0.000,0.669
491000,0.399,0.000,0.601
491500,0.341,0.000,0.659
492000,0.265,0.000,0.735
492500,0.500,0.000,0.500
493000,0.333,0.000,0.667
493500,0.386,0.000,0.614
494000,0.359,0.000,0.641
494500,0.312,0.000,0.688
495000,0.326,0.000,0.674
495500,0.468,0.000,0.532
496000,0.438,0.000,0.562
496500,0.496,0.000,0.504
497000,0.457,0.000,0.543
497500,0.408,0.000,0.592
498000,0.474,0.000,0.526
498500,0.346,0.000,0.654
499000,0.363,0.000,0.637
499500,0.506,0.000,0.494
500000,0.324,0.000,0.676
500500,0.423,0.000,0.577
501000,0.387,0.000,0.613
501500,0.331,0.000,0.669
502000,0.393,0.000,0.607
502500,0.483,0.000,0.517
503000,0.330,0.000,0.670
503500,0.412,0.000,0.588
504000,0.474,0.000,0.526
504500,0.467,0.000,0.533
505000,0.422,0.000,0.578
505500,0.454,0.000,0.546
506000,0.473,0.000,0.527
506500,0.508,0.000,0.492
507000,0.409,0.000,0.591
507500,0.377,0.000,0.623
508000,0.361,0.000,0.639
508500,0.336,0.000,0.664
509000,0.452,0.000,0.548
509500,0.399,0.000,0.601
510000,0.393,0.000,0.607
510500,0.366,0.000,0.634
511000,0.319,0.000,0.681
511500,0.393,0.000,0.607
512000,0.296,0.000,0.704
512500,0.353,0.000,0.647
513000,0.460,0.000,0.540
513500,0.408,0.000,0.592
514000,0.361,0.000,0.639
514500,0.498,0.000,0.502
515000,0.350,0.000,0.650
515500,0.324,0.000,0.676
516000,0.454,0.000,0.546
516500,0.375,0.000,0.625
517000,0.260,0.000,0.740
517500,0.445,0.000,0.555
518000,0.382,0.000,0.618
518500,0.334,0.000,0.666
519000,0.349,0.000,0.651
519500,0.382,0.000,0.618
520000,0.385,0.000,0.615
520500,0.318,0.000,0.682
521000,0.380,0.000,0.620
521500,0.362,0.000,0.638
522000,0.406,0.000,0.594
522500,0.389,0.000,0.611
523000,0.364,0.000,0.636
523500,0.376,0.000,0.624
524000,0.439,0.000,0.561
524500,0.453,0.000,0.547
525000,0.338,0.000,0.662
525500,0.287,0.000,0.713
526000,0.503,0.000,0.497
526500,0.343,0.000,0.657
527000,0.374,0.000,0.626
527500,0.367,0.000,0.633
528000,0.432,0.000,0.568
528500,0.503,0.000,0.497
529000,0.518,0.000,0.482
529500,0.408,0.000,0.592
530000,0.399,0.000,0.601
530500,0.396,0.000,0.604
531000,0.382,0.000,0.618
531500,0.413,0.000,0.587
532000,0.486,0.000,0.514
532500,0.408,0.000,0.592
533000,0.447,0.000,0.553
533500,0.387,0.000,0.613
534000,0.346,0.000,0.654
534500,0.369,0.000,0.631
535000,0.437,0.000,0.563
535500,0.399,0.000,0.601
536000,0.444,0.000,0.556
536500,0.452,0.000,0.548
537000,0.417,0.000,0.583
537500,0.460,0.000,0.540
538000,0.330,0.000,0.670
538500,0.399,0.000,0.601
539000,0.367,0.000,0.633
539500,0.360,0.000,0.640
540000,0.410,0.000,0.590
540500,0.337,0.000,0.663
541000,0.424,0.000,0.576
541500,0.457,0.000,0.543
542000,0.341,0.000,0.659
542500,0.372,0.000,0.628
543000,0.482,0.000,0.518
543500,0.463,0.000,0.537
544000,0.406,0.000,0.594
544500,0.379,0.000,0.621
545000,0.366,0.000,0.634
545500,0.367,0.000,0.633
546000,0.398,0.000,0.602
546500,0.408,0.000,0.592
547000,0.596,0.000,0.404
547500,0.324,0.000,0.676
548000,0.483,0.000,0.517
548500,0.542,0.000,0.458
549000,0.354,0.000,0.646
549500,0.439,0.000,0.561
550000,0.386,0.000,0.614
550500,0.407,0.000,0.593
551000,0.342,0.000,0.658
551500,0.332,0.000,0.668
552000,0.420,0.000,0.580
552500,0.393,0.000,0.607
553000,0.343,0.000,0.657
553500,0.428,0.000,0.572
554000,0.400,0.000,0.600
554500,0.407,0.000,0.593
555000,0.362,0.000,0.638
555500,0.326,0.000,0.674
556000,0.312,0.000,0.688
556500,0.389,0.000,0.611
557000,0.476,0.000,0.524
557500,0.344,0.000,0.656
558000,0.367,0.000,0.633
558500,0.449,0.000,0.551
559000,0.501,0.000,0.499
559500,0.291,0.000,0.709
560000,0.376,0.000,0.624
560500,0.433,0.000,0.567
561000,0.466,0.000,0.534
561500,0.347,0.000,0.653
562000,0.359,0.000,0.641
562500,0.424,0.000,0.576
563000,0.434,0.000,0.566
563500,0.375,0.000,0.625
564000,0.411,0.000,0.589
564500,0.322,0.000,0.678
565000,0.327,0.000,0.673
565500,0.362,0.000,0.638
566000,0.322,0.000,0.678
566500,0.401,0.000,0.599
567000,0.447,0.000,0.553
567500,0.487,0.000,0.513
568000,0.437,0.000,0.563
568500,0.393,0.000,0.607
569000,0.420,0.000,0.580
569500,0.418,0.000,0.582
570000,0.479,0.000,0.521
570500,0.432,0.000,0.568
571000,0.373,0.000,0.627
571500,0.362,0.000,0.638
572000,0.327,0.000,0.673
572500,0.431,0.000,0.569
573000,0.409,0.000,0.591
573500,0.382,0.000,0.618
574000,0.435,0.000,0.565
574500,0.446,0.000,0.554
575000,0.426,0.000,0.574
575500,0.329,0.000,0.671
576000,0.349,0.000,0.651
576500,0.474,0.000,0.526
577000,0.352,0.000,0.648
577500,0.349,0.000,0.651
578000,0.411,0.000,0.589
578500,0.334,0.000,0.666
579000,0.392,0.000,0.608
579500,0.389,0.000,0.611
580000,0.465,0.000,0.535
580500,0.439,0.000,0.561
581000,0.361,0.000,0.639
581500,0.377,0.000,0.623
582000,0.456,0.000,0.544
582500,0.444,0.000,0.556
583000,0.372,0.000,0.628
583500,0.376,0.000,0.624
584000,0.598,0.000,0.402
584500,0.446,0.000,0.554
585000,0.323,0.000,0.677
585500,0.433,0.000,0.567
586000,0.407,0.000,0.593
586500,0.406,0.000,0.594
587000,0.470,0.000,0.530
587500,0.312,0.000,0.688
588000,0.311,0.000,0.689
588500,0.397,0.000,0.603
589000,0.411,0.000,0.589
589500,0.359,0.000,0.641
590000,0.470,0.000,0.530
590500,0.402,0.000,0.598
591000,0.448,0.000,0.552
591500,0.424,0.000,0.576
592000,0.265,0.000,0.735
592500,0.396,0.000,0.604
593000,0.313,0.000,0.687
593500,0.359,0.000,0.641
594000,0.416,0.000,0.584
594500,0.295,0.000,0.705
595000,0.366,0.000,0.634
595500,0.352,0.000,0.648
596000,0.300,0.000,0.700
596500,0.276,0.000,0.724
597000,0.320,0.000,0.680
597500,0.328,0.000,0.672
598000,0.349,0.000,0.651
598500,0.316,0.000,0.684
599000,0.398,0.000,0.602
599500,0.329,0.000,0.671
600000,0.379,0.000,0.621
600500,0.429,0.000,0.571
601000,0.343,0.000,0.657
601500,0.413,0.000,0.587
602000,0.345,0.000,0.655
602500,0.350,0.000,0.650
603000,0.422,0.000,0.578
603500,0.348,0.000,0.652
604000,0.407,0.000,0.593
604500,0.477,0.000,0.523
605000,0.353,0.000,0.647
605500,0.329,0.000,0.671
606000,0.362,0.000,0.638
606500,0.444,0.000,0.556
607000,0.472,0.000,0.528
607500,0.483,0.000,0.517
608000,0.379,0.000,0.621
608500,0.492,0.000,0.508
609000,0.400,0.000,0.600
609500,0.429,0.000,0.571
610000,0.345,0.000,0.655
610500,0.397,0.000,0.603
611000,0.403,0.000,0.597
611500,0.483,0.000,0.517
612000,0.448,0.000,0.552
612500,0.568,0.000,0.432
613000,0.344,0.000,0.656
613500,0.297,0.000,0.703
614000,0.360,0.000,0.640
614500,0.463,0.000,0.537
615000,0.349,0.000,0.651
615500,0.508,0.000,0.492
616000,0.353,0.000,0.647
616500,0.386,0.009,0.605
617000,0.392,0.000,0.608
617500,0.272,0.000,0.728
618000,0.326,0.000,0.674
618500,0.362,0.000,0.638
619000,0.385,0.000,0.615
619500,0.327,0.000,0.673
620000,0.360,0.000,0.640
620500,0.422,0.000,0.578
621000,0.430,0.000,0.570
621500,0.346,0.000,0.654
622000,0.408,0.000,0.592
622500,0.364,0.000,0.636
623000,0.447,0.000,0.553
623500,0.406,0.000,0.594
624000,0.308,0.000,0.692
624500,0.359,0.000,0.641
625000,0.319,0.000,0.681
625500,0.343,0.000,0.657
626000,0.448,0.000,0.552
626500,0.442,0.000,0.558
627000,0.418,0.000,0.582
627500,0.383,0.000,0.617
628000,0.322,0.001,0.677
628500,0.339,0.000,0.661
629000,0.457,0.000,0.543
629500,0.398,0.000,0.602
630000,0.357,0.000,0.643
630500,0.398,0.000,0.602
631000,0.389,0.000,0.611
631500,0.409,0.000,0.591
632000,0.629,0.000,0.371
632500,0.482,0.000,0.518
633000,0.326,0.000,0.674
633500,0.362,0.000,0.638
634000,0.407,0.000,0.593
634500,0.431,0.000,0.569
635000,0.479,0.000,0.521
635500,0.359,0.000,0.641
636000,0.345,0.000,0.655
636500,0.453,0.000,0.547
637000,0.358,0.000,0.642
637500,0.389,0.000,0.611
638000,0.389,0.000,0.611
638500,0.358,0.000,0.642
639000,0.457,0.000,0.543
639500,0.404,0.000,0.596
640000,0.370,0.000,0.630
640500,0.462,0.000,0.538
641000,0.416,0.000,0.584
641500,0.353,0.000,0.647
642000,0.400,0.000,0.600
642500,0.296,0.000,0.704
643000,0.382,0.000,0.618
643500,0.394,0.000,0.606
644000,0.414,0.000,0.586
644500,0.539,0.000,0.461
645000,0.439,0.000,0.561
645500,0.489,0.000,0.511
646000,0.437,0.000,0.563
646500,0.336,0.000,0.664
647000,0.301,0.000,0.699
647500,0.450,0.000,0.550
648000,0.363,0.000,0.637
648500,0.387,0.000,0.613
649000,0.370,0.000,0.630
649500,0.371,0.000,0.629
650000,0.302,0.000,0.698
650500,0.368,0.000,0.632
651000,0.361,0.000,0.639
651500,0.327,0.000,0.673
652000,0.333,0.000,0.667
652500,0.318,0.000,0.682
653000,0.384,0.000,0.616
653500,0.433,0.000,0.567
654000,0.475,0.000,0.525
654500,0.348,0.000,0.652
655000,0.375,0.000,0.625
655500,0.397,0.000,0.603
656000,0.389,0.000,0.611
656500,0.385,0.008,0.607
657000,0.451,0.000,0.549
657500,0.322,0.000,0.678
658000,0.432,0.000,0.568
658500,0.440,0.000,0.560
659000,0.399,0.000,0.601
659500,0.358,0.000,0.642
660000,0.402,0.000,0.598
660500,0.385,0.000,0.615
661000,0.361,0.000,0.639
661500,0.419,0.000,0.581
662000,0.352,0.000,0.648
662500,0.325,0.000,0.675
663000,0.401,0.000,0.599
663500,0.318,0.000,0.682
664000,0.370,0.000,0.630
664500,0.302,0.000,0.698
665000,0.357,0.000,0.643
665500,0.407,0.000,0.593
666000,0.421,0.000,0.579
666500,0.386,0.000,0.614
667000,0.379,0.000,0.621
667500,0.487,0.000,0.513
668000,0.410,0.000,0.590
668500,0.426,0.000,0.574
669000,0.413,0.000,0.587
669500,0.415,0.000,0.585
670000,0.419,0.000,0.581
670500,0.350,0.000,0.650
671000,0.331,0.000,0.669
671500,0.450,0.000,0.550
672000,0.356,0.000,0.644
672500,0.290,0.000,0.710
673000,0.276,0.000,0.724
673500,0.343,0.000,0.657
674000,0.397,0.000,0.603
674500,0.407,0.000,0.593
675000,0.414,0.000,0.586
675500,0.373,0.000,0.627
676000,0.280,0.000,0.720
676500,0.308,0.000,0.692
677000,0.391,0.000,0.609
677500,0.359,0.000,0.641
678000,0.458,0.000,0.542
678500,0.521,0.000,0.479
679000,0.513,0.000,0.487
679500,0.379,0.000,0.621
680000,0.291,0.000,0.709
680500,0.392,0.000,0.608
681000,0.372,0.000,0.628
681500,0.375,0.000,0.625
682000,0.400,0.000,0.600
682500,0.326,0.000,0.674
683000,0.401,0.000,0.599
683500,0.304,0.000,0.696
684000,0.375,0.000,0.625
684500,0.413,0.000,0.587
685000,0.359,0.000,0.641
685500,0.404,0.000,0.596
686000,0.389,0.000,0.611
686500,0.442,0.000,0.558
687000,0.434,0.000,0.566
687500,0.418,0.000,0.582
688000,0.372,0.000,0.628
688500,0.352,0.000,0.648
689000,0.347,0.000,0.653
689500,0.409,0.000,0.591
690000,0.498,0.000,0.502
690500,0.414,0.000,0.586
691000,0.484,0.000,0.516
691500,0.399,0.000,0.601
692000,0.349,0.000,0.651
692500,0.285,0.000,0.715
693000,0.370,0.000,0.630
693500,0.311,0.000,0.689
694000,0.312,0.000,0.688
694500,0.476,0.000,0.524
695000,0.535,0.000,0.465
695500,0.445,0.000,0.555
696000,0.537,0.000,0.463
696500,0.323,0.000,0.677
697000,0.461,0.000,0.539
697500,0.412,0.000,0.588
698000,0.390,0.000,0.610
698500,0.368,0.000,0.632
699000,0.362,0.000,0.638
699500,0.423,0.000,0.577
700000,0.399,0.000,0.601
700500,0.428,0.000,0.572
701000,0.393,0.000,0.607
701500,0.383,0.000,0.617
702000,0.479,0.000,0.521
702500,0.325,0.000,0.675
703000,0.544,0.000,0.456
703500,0.504,0.000,0.496
704000,0.437,0.000,0.563
704500,0.457,0.000,0.543
705000,0.365,0.000,0.635
705500,0.457,0.000,0.543
706000,0.406,0.000,0.594
706500,0.356,0.000,0.644
707000,0.372,0.000,0.628
707500,0.459,0.000,0.541
708000,0.434,0.000,0.566
708500,0.493,0.000,0.507
709000,0.329,0.000,0.671
709500,0.410,0.000,0.590
710000,0.366,0.000,0.634
710500,0.489,0.000,0.511
711000,0.255,0.000,0.745
711500,0.439,0.000,0.561
712000,0.335,0.000,0.665
712500,0.396,0.000,0.604
713000,0.419,0.000,0.581
713500,0.313,0.000,0.687
714000,0.415,0.000,0.585
714500,0.422,0.000,0.578
715000,0.438,0.000,0.562
715500,0.407,0.000,0.593
716000,0.469,0.000,0.531
716500,0.453,0.000,0.547
717000,0.366,0.000,0.634
717500,0.407,0.000,0.593
718000,0.426,0.000,0.574
718500,0.421,0.000,0.579
719000,0.391,0.000,0.609
719500,0.412,0.000,0.588
720000,0.339,0.000,0.661
720500,0.324,0.000,0.676
721000,0.372,0.000,0.628
721500,0.344,0.000,0.656
722000,0.371,0.000,0.629
722500,0.359,0.000,0.641
723000,0.322,0.000,0.678
723500,0.553,0.000,0.447
724000,0.533,0.000,0.467
724500,0.470,0.000,0.530
725000,0.369,0.000,0.631
725500,0.391,0.000,0.609
726000,0.381,0.000,0.619
726500,0.371,0.000,0.629
727000,0.329,0.000,0.671
727500,0.421,0.000,0.579
728000,0.385,0.000,0.615
728500,0.329,0.000,0.671
729000,0.413,0.000,0.587
729500,0.358,0.000,0.642
730000,0.417,0.000,0.583
730500,0.468,0.000,0.532
731000,0.433,0.000,0.567
731500,0.413,0.000,0.587
732000,0.381,0.000,0.619
732500,0.406,0.000,0.594
733000,0.402,0.000,0.598
733500,0.397,0.000,0.603
734000,0.400,0.000,0.600
734500,0.315,0.000,0.685
735000,0.404,0.000,0.596
735500,0.390,0.000,0.610
736000,0.476,0.000,0.524
736500,0.371,0.000,0.629
737000,0.431,0.000,0.569
737500,0.414,0.000,0.586
738000,0.401,0.000,0.599
738500,0.372,0.000,0.628
739000,0.397,0.000,0.603
739500,0.393,0.000,0.607
740000,0.323,0.000,0.677
740500,0.315,0.000,0.685
741000,0.321,0.002,0.677
741500,0.365,0.000,0.635
742000,0.346,0.000,0.654
742500,0.456,0.000,0.544
743000,0.347,0.000,0.653
743500,0.422,0.000,0.578
744000,0.507,0.000,0.493
744500,0.369,0.000,0.631
745000,0.458,0.000,0.542
745500,0.386,0.000,0.614
746000,0.383,0.000,0.617
746500,0.352,0.000,0.648
747000,0.418,0.000,0.582
747500,0.403,0.000,0.597
748000,0.351,0.000,0.649
748500,0.460,0.000,0.540
749000,0.364,0.000,0.636
749500,0.357,0.000,0.643
750000,0.362,0.000,0.638
750500,0.458,0.000,0.542
751000,0.414,0.000,0.586
751500,0.461,0.000,0.539
752000,0.450,0.000,0.550
752500,0.420,0.000,0.580
753000,0.291,0.000,0.709
753500,0.347,0.000,0.653
754000,0.454,0.000,0.546
754500,0.459,0.000,0.541
755000,0.296,0.010,0.694
755500,0.260,0.000,0.740
756000,0.408,0.000,0.592
756500,0.422,0.000,0.578
757000,0.567,0.000,0.433
757500,0.440,0.000,0.560
758000,0.350,0.000,0.650
758500,0.344,0.007,0.649
759000,0.340,0.000,0.660
759500,0.335,0.000,0.665
760000,0.378,0.000,0.622
760500,0.484,0.000,0.516
761000,0.424,0.000,0.576
761500,0.522,0.000,0.478
762000,0.465,0.000,0.535
762500,0.454,0.000,0.546
763000,0.411,0.000,0.589
763500,0.423,0.000,0.577
764000,0.370,0.000,0.630
764500,0.360,0.000,0.640
765000,0.334,0.000,0.666
765500,0.281,0.000,0.719
766000,0.382,0.008,0.610
766500,0.392,0.000,0.608
767000,0.389,0.000,0.611
767500,0.498,0.000,0.502
768000,0.480,0.000,0.520
768500,0.341,0.000,0.659
769000,0.330,0.000,0.670
769500,0.475,0.000,0.525
770000,0.365,0.000,0.635
770500,0.448,0.000,0.552
771000,0.498,0.000,0.502
771500,0.396,0.000,0.604
772000,0.307,0.000,0.693
772500,0.427,0.000,0.573
773000,0.388,0.000,0.612
773500,0.480,0.000,0.520
774000,0.498,0.000,0.502
774500,0.507,0.000,0.493
775000,0.404,0.000,0.596
775500,0.403,0.000,0.597
776000,0.349,0.000,0.651
776500,0.461,0.000,0.539
777000,0.371,0.000,0.629
777500,0.357,0.000,0.643
778000,0.443,0.000,0.557
778500,0.368,0.000,0.632
779000,0.493,0.000,0.507
779500,0.442,0.000,0.558
780000,0.365,0.000,0.635
780500,0.382,0.000,0.618
781000,0.468,0.000,0.532
781500,0.332,0.000,0.668
782000,0.362,0.000,0.638
782500,0.326,0.000,0.674
783000,0.421,0.000,0.579
783500,0.350,0.000,0.650
784000,0.505,0.000,0.495
784500,0.468,0.000,0.532
785000,0.402,0.000,0.598
785500,0.389,0.000,0.611
786000,0.371,0.000,0.629
786500,0.334,0.000,0.666
787000,0.401,0.000,0.599
787500,0.349,0.000,0.651
788000,0.450,0.000,0.550
788500,0.400,0.000,0.600
789000,0.346,0.000,0.654
789500,0.501,0.000,0.499
790000,0.307,0.000,0.693
790500,0.308,0.000,0.692
791000,0.358,0.000,0.642
791500,0.415,0.000,0.585
792000,0.441,0.000,0.559
792500,0.394,0.000,0.606
793000,0.450,0.000,0.550
793500,0.361,0.000,0.639
794000,0.491,0.000,0.509
794500,0.432,0.000,0.568
795000,0.394,0.000,0.606
795500,0.358,0.000,0.642
796000,0.309,0.000,0.691
796500,0.378,0.000,0.622
797000,0.308,0.000,0.692
797500,0.491,0.000,0.509
798000,0.282,0.000,0.718
798500,0.344,0.000,0.656
799000,0.416,0.000,0.584
799500,0.366,0.000,0.634
800000,0.316,0.000,0.684
800500,0.384,0.000,0.616
801000,0.311,0.000,0.689
801500,0.395,0.000,0.605
802000,0.365,0.000,0.635
802500,0.429,0.000,0.571
803000,0.371,0.000,0.629
803500,0.418,0.000,0.582
804000,0.359,0.000,0.641
804500,0.358,0.000,0.642
805000,0.316,0.000,0.684
805500,0.375,0.000,0.625
806000,0.295,0.000,0.705
806500,0.349,0.000,0.651
807000,0.273,0.000,0.727
807500,0.387,0.000,0.613
808000,0.471,0.000,0.529
808500,0.459,0.000,0.541
809000,0.575,0.000,0.425
809500,0.501,0.000,0.499
810000,0.341,0.000,0.659
810500,0.402,0.000,0.598
811000,0.439,0.000,0.561
811500,0.351,0.000,0.649
812000,0.437,0.000,0.563
812500,0.485,0.000,0.515
813000,0.498,0.000,0.502
813500,0.380,0.000,0.620
814000,0.474,0.000,0.526
814500,0.318,0.000,0.682
815000,0.315,0.000,0.685
815500,0.274,0.000,0.726
816000,0.358,0.000,0.642
816500,0.339,0.000,0.661
817000,0.409,0.000,0.591
817500,0.385,0.000,0.615
818000,0.292,0.000,0.708
818500,0.371,0.000,0.629
819000,0.346,0.000,0.654
819500,0.406,0.000,0.594
820000,0.469,0.000,0.531
820500,0.351,0.000,0.649
821000,0.468,0.000,0.532
821500,0.486,0.000,0.514
822000,0.411,0.000,0.589
822500,0.230,0.000,0.770
823000,0.408,0.000,0.592
823500,0.371,0.000,0.629
824000,0.432,0.000,0.568
824500,0.471,0.000,0.529
825000,0.431,0.000,0.569
825500,0.395,0.000,0.605
826000,0.346,0.000,0.654
826500,0.315,0.000,0.685
827000,0.426,0.000,0.574
827500,0.383,0.000,0.617
828000,0.422,0.000,0.578
828500,0.315,0.000,0.685
829000,0.432,0.000,0.568
829500,0.424,0.000,0.576
830000,0.332,0.000,0.668
830500,0.460,0.000,0.540
831000,0.489,0.000,0.511
831500,0.346,0.000,0.654
832000,0.404,0.000,0.596
832500,0.282,0.000,0.718
833000,0.363,0.000,0.637
833500,0.347,0.000,0.653
834000,0.364,0.000,0.636
834500,0.327,0.000,0.673
835000,0.413,0.000,0.587
835500,0.335,0.000,0.665
836000,0.277,0.000,0.723
836500,0.423,0.000,0.577
837000,0.378,0.000,0.622
837500,0.495,0.000,0.505
838000,0.358,0.000,0.642
838500,0.382,0.000,0.618
839000,0.344,0.000,0.656
839500,0.425,0.000,0.575
840000,0.417,0.000,0.583
840500,0.454,0.000,0.546
841000,0.345,0.000,0.655
841500,0.350,0.000,0.650
842000,0.369,0.000,0.631
842500,0.327,0.000,0.673
843000,0.371,0.000,0.629
843500,0.372,0.000,0.628
844000,0.520,0.000,0.480
844500,0.504,0.000,0.496
845000,0.389,0.000,0.611
845500,0.401,0.000,0.599
846000,0.451,0.000,0.549
846500,0.451,0.000,0.549
847000,0.363,0.000,0.637
847500,0.394,0.000,0.606
848000,0.321,0.000,0.679
848500,0.301,0.000,0.699
849000,0.366,0.000,0.634
849500,0.496,0.000,0.504
850000,0.437,0.000,0.563
850500,0.423,0.000,0.577
851000,0.297,0.000,0.703
851500,0.423,0.000,0.577
852000,0.427,0.000,0.573
852500,0.552,0.000,0.448
853000,0.436,0.000,0.564
853500,0.394,0.000,0.606
854000,0.376,0.000,0.624
854500,0.460,0.000,0.540
855000,0.412,0.000,0.588
855500,0.490,0.000,0.510
856000,0.359,0.000,0.641
856500,0.494,0.000,0.506
857000,0.409,0.000,0.591
857500,0.314,0.000,0.686
858000,0.348,0.000,0.652
858500,0.408,0.000,0.592
859000,0.364,0.000,0.636
859500,0.381,0.000,0.619
860000,0.377,0.000,0.623
860500,0.479,0.000,0.521
861000,0.502,0.000,0.498
861500,0.479,0.000,0.521
862000,0.386,0.000,0.614
862500,0.513,0.000,0.487
863000,0.397,0.000,0.603
863500,0.415,0.000,0.585
864000,0.358,0.000,0.642
864500,0.368,0.000,0.632
865000,0.310,0.000,0.690
865500,0.386,0.000,0.614
866000,0.445,0.000,0.555
866500,0.322,0.000,0.678
867000,0.303,0.000,0.697
867500,0.348,0.000,0.652
868000,0.444,0.000,0.556
868500,0.453,0.000,0.547
869000,0.406,0.000,0.594
869500,0.424,0.000,0.576
870000,0.462,0.000,0.538
870500,0.396,0.000,0.604
871000,0.363,0.000,0.637
871500,0.407,0.000,0.593
872000,0.410,0.000,0.590
872500,0.421,0.000,0.579
873000,0.318,0.000,0.682
873500,0.443,0.000,0.557
874000,0.304,0.000,0.696
874500,0.263,0.000,0.737
875000,0.382,0.000,0.618
875500,0.394,0.000,0.606
876000,0.460,0.000,0.540
876500,0.388,0.000,0.612
877000,0.414,0.000,0.586
877500,0.559,0.000,0.441
878000,0.414,0.000,0.586
878500,0.313,0.000,0.687
879000,0.359,0.000,0.641
879500,0.537,0.000,0.463
880000,0.361,0.000,0.639
880500,0.565,0.000,0.435
881000,0.506,0.000,0.494
881500,0.454,0.000,0.546
882000,0.507,0.000,0.493
882500,0.301,0.000,0.699
883000,0.447,0.000,0.553
883500,0.421,0.000,0.579
884000,0.508,0.000,0.492
884500,0.430,0.000,0.570
885000,0.325,0.000,0.675
885500,0.419,0.000,0.581
886000,0.341,0.000,0.659
886500,0.384,0.000,0.616
887000,0.369,0.000,0.631
887500,0.455,0.000,0.545
888000,0.461,0.000,0.539
888500,0.429,0.000,0.571
889000,0.471,0.000,0.529
889500,0.356,0.000,0.644
890000,0.366,0.000,0.634
890500,0.482,0.000,0.518
891000,0.393,0.000,0.607
891500,0.442,0.000,0.558
892000,0.366,0.000,0.634
892500,0.453,0.000,0.547
893000,0.460,0.000,0.540
893500,0.294,0.000,0.706
894000,0.393,0.000,0.607
894500,0.435,0.000,0.565
895000,0.300,0.000,0.700
895500,0.399,0.000,0.601
896000,0.371,0.000,0.629
896500,0.379,0.000,0.621
897000,0.477,0.000,0.523
897500,0.346,0.000,0.654
898000,0.327,0.000,0.673
898500,0.386,0.000,0.614
899000,0.441,0.000,0.559
899500,0.388,0.000,0.612
900000,0.476,0.000,0.524
900500,0.420,0.000,0.580
901000,0.490,0.000,0.510
901500,0.494,0.000,0.506
902000,0.329,0.000,0.671
902500,0.507,0.000,0.493
903000,0.373,0.000,0.627
903500,0.334,0.000,0.666
904000,0.363,0.000,0.637
904500,0.393,0.000,0.607
905000,0.444,0.000,0.556
905500,0.540,0.000,0.460
906000,0.412,0.000,0.588
906500,0.435,0.000,0.565
907000,0.373,0.000,0.627
907500,0.479,0.000,0.521
908000,0.468,0.000,0.532
908500,0.373,0.000,0.627
909000,0.539,0.000,0.461
909500,0.302,0.000,0.698
910000,0.250,0.000,0.750
910500,0.408,0.000,0.592
911000,0.373,0.000,0.627
911500,0.464,0.000,0.536
912000,0.442,0.000,0.558
912500,0.517,0.000,0.483
913000,0.349,0.000,0.651
913500,0.329,0.000,0.671
914000,0.336,0.000,0.664
914500,0.428,0.000,0.572
915000,0.504,0.000,0.496
915500,0.490,0.000,0.510
916000,0.288,0.000,0.712
916500,0.271,0.000,0.729
917000,0.374,0.000,0.626
917500,0.380,0.000,0.620
918000,0.427,0.000,0.573
918500,0.365,0.000,0.635
919000,0.458,0.000,0.542
919500,0.346,0.000,0.654
920000,0.299,0.003,0.698
920500,0.471,0.000,0.529
921000,0.405,0.000,0.595
921500,0.396,0.000,0.604
922000,0.397,0.000,0.603
922500,0.405,0.000,0.595
923000,0.265,0.000,0.735
923500,0.387,0.000,0.613
924000,0.387,0.000,0.613
924500,0.272,0.000,0.728
925000,0.363,0.000,0.637
925500,0.373,0.000,0.627
926000,0.285,0.000,0.715
926500,0.426,0.000,0.574
927000,0.476,0.000,0.524
927500,0.383,0.000,0.617
928000,0.440,0.000,0.560
928500,0.327,0.000,0.673
929000,0.431,0.000,0.569
929500,0.410,0.000,0.590
930000,0.483,0.000,0.517
930500,0.508,0.000,0.492
931000,0.396,0.000,0.604
931500,0.337,0.000,0.663
932000,0.346,0.000,0.654
932500,0.363,0.000,0.637
933000,0.431,0.000,0.569
933500,0.428,0.000,0.572
934000,0.363,0.000,0.637
934500,0.375,0.000,0.625
935000,0.357,0.000,0.643
935500,0.352,0.000,0.648
936000,0.403,0.000,0.597
936500,0.427,0.000,0.573
937000,0.381,0.000,0.619
937500,0.336,0.000,0.664
938000,0.417,0.000,0.583
938500,0.489,0.000,0.511
939000,0.465,0.000,0.535
939500,0.301,0.000,0.699
940000,0.272,0.005,0.723
940500,0.350,0.000,0.650
941000,0.469,0.000,0.531
941500,0.373,0.000,0.627
942000,0.419,0.000,0.581
942500,0.365,0.000,0.635
943000,0.385,0.000,0.615
943500,0.300,0.000,0.700
944000,0.325,0.000,0.675
944500,0.402,0.000,0.598
945000,0.361,0.000,0.639
945500,0.355,0.000,0.645
946000,0.402,0.000,0.598
946500,0.333,0.000,0.667
947000,0.406,0.000,0.594
947500,0.345,0.000,0.655
948000,0.371,0.000,0.629
948500,0.440,0.000,0.560
949000,0.547,0.000,0.453
949500,0.463,0.000,0.537
950000,0.358,0.000,0.642
950500,0.259,0.000,0.741
951000,0.429,0.000,0.571
951500,0.285,0.000,0.715
952000,0.325,0.000,0.675
952500,0.411,0.000,0.589
953000,0.371,0.000,0.629
953500,0.441,0.000,0.559
954000,0.399,0.000,0.601
954500,0.483,0.000,0.517
955000,0.403,0.000,0.597
955500,0.446,0.000,0.554
956000,0.386,0.000,0.614
956500,0.487,0.000,0.513
957000,0.407,0.000,0.593
957500,0.388,0.000,0.612
958000,0.320,0.000,0.680
958500,0.370,0.000,0.630
959000,0.390,0.000,0.610
959500,0.501,0.000,0.499
960000,0.454,0.000,0.546
960500,0.387,0.000,0.613
961000,0.445,0.000,0.555
961500,0.385,0.000,0.615
962000,0.455,0.000,0.545
962500,0.418,0.000,0.582
963000,0.413,0.000,0.587
963500,0.381,0.000,0.619
964000,0.465,0.000,0.535
964500,0.438,0.000,0.562
965000,0.332,0.000,0.668
965500,0.342,0.000,0.658
966000,0.431,0.000,0.569
966500,0.309,0.000,0.691
967000,0.330,0.000,0.670
967500,0.436,0.000,0.564
968000,0.498,0.000,0.502
968500,0.385,0.000,0.615
969000,0.462,0.000,0.538
969500,0.410,0.000,0.590
970000,0.497,0.000,0.503
970500,0.456,0.000,0.544
971000,0.356,0.000,0.644
971500,0.387,0.000,0.613
972000,0.490,0.000,0.510
972500,0.411,0.000,0.589
973000,0.446,0.000,0.554
973500,0.517,0.000,0.483
974000,0.380,0.000,0.620
974500,0.445,0.000,0.555
975000,0.330,0.000,0.670
975500,0.447,0.000,0.553
976000,0.450,0.000,0.550
976500,0.456,0.000,0.544
977000,0.312,0.000,0.688
977500,0.463,0.000,0.537
978000,0.318,0.000,0.682
978500,0.372,0.000,0.628
979000,0.274,0.000,0.726
979500,0.451,0.000,0.549
980000,0.384,0.000,0.616
980500,0.473,0.000,0.527
981000,0.332,0.000,0.668
981500,0.515,0.000,0.485
982000,0.319,0.000,0.681
982500,0.343,0.000,0.657
983000,0.433,0.000,0.567
983500,0.374,0.000,0.626
984000,0.356,0.000,0.644
984500,0.450,0.000,0.550
985000,0.471,0.000,0.529
985500,0.456,0.000,0.544
986000,0.558,0.000,0.442
986500,0.454,0.000,0.546
987000,0.417,0.000,0.583
987500,0.368,0.000,0.632
988000,0.334,0.000,0.666
988500,0.393,0.000,0.607
989000,0.408,0.000,0.592
989500,0.419,0.000,0.581
990000,0.537,0.000,0.463
990500,0.423,0.000,0.577
991000,0.419,0.000,0.581
991500,0.477,0.000,0.523
992000,0.447,0.000,0.553
992500,0.256,0.000,0.744
993000,0.353,0.000,0.647
993500,0.371,0.000,0.629
994000,0.318,0.000,0.682
994500,0.468,0.000,0.532
995000,0.551,0.000,0.449
995500,0.449,0.000,0.551
996000,0.362,0.000,0.638
996500,0.363,0.000,0.637
997000,0.325,0.000,0.675
997500,0.432,0.000,0.568
998000,0.376,0.000,0.624
998500,0.447,0.000,0.553
999000,0.413,0.000,0.587
999500,0.408,0.000,0.592
1000000,0.445,0.000,0.555
