time,n_A+p,n_B,n_AB
0,0.450,0.550,0.000
500,0.239,0.324,0.437
1000,0.165,0.376,0.459
1500,0.156,0.306,0.538
2000,0.177,0.321,0.502
2500,0.180,0.333,0.486
3000,0.217,0.287,0.495
3500,0.245,0.254,0.502
4000,0.245,0.278,0.477
4500,0.229,0.315,0.456
5000,0.208,0.306,0.486
5500,0.217,0.321,0.462
6000,0.196,0.202,0.602
6500,0.248,0.193,0.560
7000,0.251,0.242,0.508
7500,0.232,0.235,0.532
8000,0.229,0.239,0.532
8500,0.254,0.257,0.489
9000,0.272,0.281,0.446
9500,0.147,0.300,0.554
10000,0.119,0.318,0.563
10500,0.135,0.376,0.489
11000,0.153,0.364,0.483
11500,0.260,0.303,0.437
12000,0.278,0.251,0.471
12500,0.232,0.235,0.532
13000,0.223,0.196,0.581
13500,0.272,0.177,0.550
14000,0.223,0.269,0.508
14500,0.217,0.223,0.560
15000,0.214,0.214,0.572
15500,0.303,0.159,0.538
16000,0.284,0.214,0.502
16500,0.272,0.208,0.520
17000,0.214,0.294,0.492
17500,0.193,0.324,0.483
18000,0.220,0.217,0.563
18500,0.223,0.254,0.523
19000,0.220,0.281,0.498
19500,0.235,0.254,0.511
20000,0.248,0.183,0.569
20500,0.266,0.159,0.575
21000,0.336,0.202,0.462
21500,0.291,0.190,0.520
22000,0.300,0.162,0.538
22500,0.281,0.180,0.538
23000,0.339,0.205,0.456
23500,0.315,0.199,0.486
24000,0.260,0.223,0.517
24500,0.229,0.269,0.502
25000,0.214,0.294,0.492
25500,0.217,0.278,0.505
26000,0.156,0.297,0.547
26500,0.217,0.226,0.557
27000,0.202,0.232,0.566
27500,0.248,0.263,0.489
28000,0.223,0.223,0.554
28500,0.260,0.187,0.554
29000,0.239,0.208,0.554
29500,0.235,0.187,0.578
30000,0.257,0.190,0.554
30500,0.220,0.159,0.621
31000,0.235,0.180,0.584
31500,0.257,0.165,0.578
32000,0.275,0.180,0.544
32500,0.257,0.202,0.541
33000,0.287,0.232,0.480
33500,0.284,0.174,0.541
34000,0.254,0.171,0.575
34500,0.315,0.190,0.495
35000,0.239,0.303,0.459
35500,0.245,0.226,0.529
36000,0.294,0.147,0.560
36500,0.287,0.156,0.557
37000,0.300,0.193,0.508
37500,0.248,0.150,0.602
38000,0.242,0.165,0.593
38500,0.199,0.211,0.590
39000,0.257,0.177,0.566
39500,0.306,0.153,0.541
40000,0.358,0.138,0.505
40500,0.235,0.232,0.532
41000,0.208,0.248,0.544
41500,0.235,0.183,0.581
42000,0.245,0.254,0.502
42500,0.251,0.260,0.489
43000,0.254,0.251,0.495
43500,0.232,0.229,0.538
44000,0.284,0.199,0.517
44500,0.303,0.183,0.514
45000,0.297,0.232,0.471
45500,0.312,0.226,0.462
46000,0.245,0.187,0.569
46500,0.266,0.165,0.569
47000,0.278,0.174,0.547
47500,0.263,0.232,0.505
48000,0.177,0.272,0.550
48500,0.171,0.281,0.547
49000,0.150,0.355,0.495
49500,0.131,0.339,0.529
50000,0.138,0.312,0.550
50500,0.220,0.291,0.489
51000,0.199,0.315,0.486
51500,0.177,0.297,0.526
52000,0.171,0.294,0.535
52500,0.190,0.297,0.514
53000,0.171,0.297,0.532
53500,0.223,0.309,0.468
54000,0.208,0.287,0.505
54500,0.196,0.263,0.541
55000,0.156,0.346,0.498
55500,0.180,0.349,0.471
56000,0.205,0.297,0.498
56500,0.208,0.272,0.520
57000,0.217,0.245,0.538
57500,0.260,0.193,0.547
58000,0.297,0.202,0.502
58500,0.211,0.242,0.547
59000,0.156,0.297,0.547
59500,0.168,0.281,0.550
60000,0.187,0.254,0.560
60500,0.193,0.235,0.572
61000,0.226,0.229,0.544
61500,0.223,0.294,0.483
62000,0.205,0.291,0.505
62500,0.202,0.278,0.520
63000,0.174,0.242,0.584
63500,0.202,0.275,0.523
64000,0.171,0.312,0.517
64500,0.208,0.339,0.453
65000,0.193,0.324,0.483
65500,0.174,0.318,0.508
66000,0.183,0.263,0.554
66500,0.174,0.266,0.560
67000,0.147,0.266,0.587
67500,0.190,0.278,0.532
68000,0.193,0.272,0.535
68500,0.193,0.260,0.547
69000,0.226,0.193,0.581
69500,0.245,0.190,0.566
70000,0.226,0.196,0.578
70500,0.300,0.205,0.495
71000,0.260,0.239,0.502
71500,0.272,0.193,0.535
72000,0.281,0.199,0.520
72500,0.275,0.260,0.465
73000,0.229,0.272,0.498
73500,0.202,0.248,0.550
74000,0.239,0.217,0.544
74500,0.229,0.306,0.465
75000,0.245,0.245,0.511
75500,0.260,0.269,0.471
76000,0.272,0.245,0.483
76500,0.251,0.180,0.569
77000,0.232,0.242,0.526
77500,0.260,0.223,0.517
78000,0.251,0.199,0.550
78500,0.257,0.174,0.569
79000,0.269,0.211,0.520
79500,0.278,0.211,0.511
80000,0.281,0.196,0.523
80500,0.269,0.272,0.459
81000,0.266,0.229,0.505
81500,0.287,0.229,0.483
82000,0.235,0.226,0.538
82500,0.239,0.226,0.535
83000,0.242,0.211,0.547
83500,0.232,0.229,0.538
84000,0.217,0.220,0.563
84500,0.183,0.260,0.557
85000,0.138,0.318,0.544
85500,0.171,0.333,0.495
86000,0.217,0.266,0.517
86500,0.202,0.266,0.532
87000,0.223,0.251,0.526
87500,0.266,0.229,0.505
88000,0.294,0.217,0.489
88500,0.315,0.153,0.532
89000,0.330,0.180,0.489
89500,0.287,0.263,0.450
90000,0.321,0.180,0.498
90500,0.272,0.199,0.529
91000,0.300,0.159,0.541
91500,0.303,0.187,0.511
92000,0.330,0.150,0.520
92500,0.300,0.180,0.520
93000,0.349,0.162,0.489
93500,0.315,0.144,0.541
94000,0.300,0.131,0.569
94500,0.281,0.208,0.511
95000,0.174,0.245,0.581
95500,0.245,0.180,0.575
96000,0.232,0.208,0.560
96500,0.177,0.269,0.554
97000,0.165,0.303,0.532
97500,0.202,0.229,0.569
98000,0.147,0.318,0.535
98500,0.125,0.339,0.535
99000,0.156,0.291,0.554
99500,0.251,0.254,0.495
100000,0.217,0.309,0.474
100500,0.229,0.257,0.514
101000,0.217,0.251,0.532
101500,0.235,0.260,0.505
102000,0.266,0.199,0.535
102500,0.297,0.190,0.514
103000,0.303,0.205,0.492
103500,0.281,0.193,0.526
104000,0.266,0.196,0.538
104500,0.287,0.245,0.468
105000,0.263,0.239,0.498
105500,0.242,0.245,0.514
106000,0.272,0.232,0.495
106500,0.199,0.266,0.535
107000,0.223,0.315,0.462
107500,0.226,0.275,0.498
108000,0.229,0.278,0.492
108500,0.183,0.278,0.538
109000,0.232,0.239,0.529
109500,0.254,0.257,0.489
110000,0.242,0.254,0.505
110500,0.284,0.202,0.514
111000,0.281,0.199,0.520
111500,0.278,0.214,0.508
112000,0.300,0.165,0.535
112500,0.239,0.242,0.520
113000,0.245,0.294,0.462
113500,0.214,0.266,0.520
114000,0.214,0.266,0.520
114500,0.229,0.330,0.440
115000,0.202,0.291,0.508
115500,0.193,0.269,0.538
116000,0.251,0.196,0.554
116500,0.287,0.199,0.514
117000,0.171,0.229,0.599
117500,0.193,0.275,0.532
118000,0.193,0.211,0.596
118500,0.177,0.278,0.544
119000,0.193,0.303,0.505
119500,0.180,0.352,0.468
120000,0.187,0.303,0.511
120500,0.211,0.306,0.483
121000,0.199,0.355,0.446
121500,0.199,0.309,0.492
122000,0.242,0.339,0.419
122500,0.168,0.306,0.526
123000,0.153,0.324,0.523
123500,0.135,0.367,0.498
124000,0.101,0.349,0.550
124500,0.147,0.346,0.508
125000,0.113,0.318,0.569
125500,0.156,0.315,0.529
126000,0.199,0.260,0.541
126500,0.260,0.177,0.563
127000,0.235,0.232,0.532
127500,0.272,0.214,0.514
128000,0.235,0.205,0.560
128500,0.245,0.239,0.517
129000,0.214,0.275,0.511
129500,0.223,0.229,0.547
130000,0.242,0.229,0.529
130500,0.297,0.202,0.502
131000,0.260,0.190,0.550
131500,0.297,0.171,0.532
132000,0.272,0.242,0.486
132500,0.287,0.177,0.535
133000,0.300,0.239,0.462
133500,0.284,0.180,0.535
134000,0.281,0.214,0.505
134500,0.242,0.202,0.557
135000,0.306,0.193,0.502
135500,0.300,0.174,0.526
136000,0.306,0.199,0.495
136500,0.330,0.159,0.511
137000,0.318,0.217,0.465
137500,0.239,0.284,0.477
138000,0.287,0.220,0.492
138500,0.297,0.180,0.523
139000,0.202,0.266,0.532
139500,0.113,0.336,0.550
140000,0.202,0.300,0.498
140500,0.232,0.263,0.505
141000,0.287,0.214,0.498
141500,0.339,0.171,0.489
142000,0.346,0.128,0.526
142500,0.346,0.156,0.498
143000,0.355,0.168,0.477
143500,0.367,0.116,0.517
144000,0.336,0.165,0.498
144500,0.303,0.183,0.514
145000,0.245,0.229,0.526
145500,0.245,0.183,0.572
146000,0.251,0.235,0.514
146500,0.297,0.187,0.517
147000,0.321,0.202,0.477
147500,0.275,0.196,0.529
148000,0.272,0.199,0.529
148500,0.251,0.153,0.596
149000,0.254,0.180,0.566
149500,0.269,0.168,0.563
150000,0.303,0.199,0.498
150500,0.275,0.171,0.554
151000,0.300,0.144,0.557
151500,0.306,0.171,0.523
152000,0.245,0.217,0.538
152500,0.211,0.248,0.541
153000,0.211,0.275,0.514
153500,0.199,0.226,0.575
154000,0.254,0.232,0.514
154500,0.312,0.199,0.489
155000,0.315,0.131,0.554
155500,0.346,0.131,0.523
156000,0.312,0.162,0.526
156500,0.324,0.153,0.523
157000,0.379,0.141,0.480
157500,0.275,0.107,0.618
158000,0.245,0.202,0.554
158500,0.275,0.199,0.526
159000,0.269,0.144,0.587
159500,0.333,0.131,0.535
160000,0.269,0.187,0.544
160500,0.318,0.113,0.569
161000,0.318,0.165,0.517
161500,0.272,0.177,0.550
162000,0.291,0.150,0.560
162500,0.281,0.187,0.532
163000,0.248,0.205,0.547
163500,0.327,0.217,0.456
164000,0.287,0.190,0.523
164500,0.257,0.208,0.535
165000,0.312,0.199,0.489
165500,0.297,0.128,0.575
166000,0.336,0.147,0.517
166500,0.306,0.159,0.535
167000,0.260,0.232,0.508
167500,0.294,0.183,0.523
168000,0.287,0.171,0.541
168500,0.269,0.187,0.544
169000,0.269,0.177,0.554
169500,0.275,0.190,0.535
170000,0.245,0.269,0.486
170500,0.263,0.251,0.486
171000,0.281,0.205,0.514
171500,0.260,0.171,0.569
172000,0.315,0.138,0.547
172500,0.312,0.153,0.535
173000,0.309,0.147,0.544
173500,0.281,0.202,0.517
174000,0.239,0.199,0.563
174500,0.214,0.217,0.569
175000,0.281,0.177,0.541
175500,0.229,0.257,0.514
176000,0.159,0.303,0.538
176500,0.168,0.379,0.453
177000,0.125,0.339,0.535
177500,0.168,0.303,0.529
178000,0.144,0.315,0.541
178500,0.119,0.379,0.502
179000,0.110,0.367,0.523
179500,0.104,0.327,0.569
180000,0.147,0.346,0.508
180500,0.196,0.287,0.517
181000,0.196,0.309,0.495
181500,0.144,0.339,0.517
182000,0.208,0.278,0.514
182500,0.217,0.303,0.480
183000,0.196,0.257,0.547
183500,0.147,0.260,0.593
184000,0.187,0.223,0.590
184500,0.306,0.242,0.453
185000,0.291,0.229,0.480
185500,0.251,0.260,0.489
186000,0.312,0.190,0.498
186500,0.287,0.217,0.495
187000,0.266,0.183,0.550
187500,0.300,0.156,0.544
188000,0.284,0.199,0.517
188500,0.294,0.196,0.511
189000,0.284,0.226,0.489
189500,0.223,0.312,0.465
190000,0.177,0.263,0.560
190500,0.168,0.291,0.541
191000,0.159,0.309,0.532
191500,0.174,0.242,0.584
192000,0.168,0.385,0.446
192500,0.208,0.346,0.446
193000,0.162,0.324,0.514
193500,0.235,0.245,0.520
194000,0.226,0.223,0.550
194500,0.229,0.349,0.422
195000,0.226,0.309,0.465
195500,0.291,0.232,0.477
196000,0.196,0.242,0.563
196500,0.180,0.312,0.508
197000,0.150,0.324,0.526
197500,0.150,0.284,0.566
198000,0.226,0.306,0.468
198500,0.245,0.278,0.477
199000,0.162,0.263,0.575
199500,0.220,0.242,0.538
200000,0.254,0.263,0.483
200500,0.254,0.281,0.465
201000,0.294,0.248,0.459
201500,0.312,0.217,0.471
202000,0.257,0.217,0.526
202500,0.315,0.190,0.495
203000,0.263,0.205,0.532
203500,0.266,0.220,0.514
204000,0.303,0.211,0.486
204500,0.272,0.162,0.566
205000,0.281,0.150,0.569
205500,0.327,0.150,0.523
206000,0.355,0.122,0.523
206500,0.291,0.128,0.581
207000,0.318,0.144,0.538
207500,0.321,0.211,0.468
208000,0.223,0.174,0.602
208500,0.202,0.211,0.587
209000,0.266,0.248,0.486
209500,0.294,0.199,0.508
210000,0.294,0.196,0.511
210500,0.330,0.199,0.471
211000,0.248,0.217,0.535
211500,0.223,0.193,0.584
212000,0.242,0.211,0.547
212500,0.239,0.266,0.495
213000,0.177,0.327,0.495
213500,0.220,0.318,0.462
214000,0.254,0.272,0.474
214500,0.251,0.260,0.489
215000,0.269,0.232,0.498
215500,0.284,0.229,0.486
216000,0.232,0.245,0.523
216500,0.235,0.272,0.492
217000,0.254,0.214,0.532
217500,0.242,0.223,0.535
218000,0.208,0.202,0.590
218500,0.333,0.159,0.508
219000,0.321,0.180,0.498
219500,0.287,0.171,0.541
220000,0.291,0.211,0.498
220500,0.251,0.254,0.495
221000,0.223,0.318,0.459
221500,0.220,0.284,0.495
222000,0.223,0.257,0.520
222500,0.208,0.266,0.526
223000,0.196,0.321,0.483
223500,0.199,0.361,0.440
224000,0.199,0.284,0.517
224500,0.180,0.251,0.569
225000,0.275,0.226,0.498
225500,0.245,0.235,0.520
226000,0.220,0.257,0.523
226500,0.260,0.193,0.547
227000,0.269,0.180,0.550
227500,0.297,0.171,0.532
228000,0.297,0.187,0.517
228500,0.254,0.193,0.554
229000,0.266,0.254,0.480
229500,0.229,0.235,0.535
230000,0.211,0.263,0.526
230500,0.272,0.229,0.498
231000,0.190,0.229,0.581
231500,0.223,0.217,0.560
232000,0.223,0.251,0.526
232500,0.263,0.223,0.514
233000,0.214,0.235,0.550
233500,0.229,0.254,0.517
234000,0.287,0.217,0.495
234500,0.229,0.223,0.547
235000,0.226,0.208,0.566
235500,0.272,0.177,0.550
236000,0.263,0.214,0.523
236500,0.287,0.190,0.523
237000,0.339,0.144,0.517
237500,0.346,0.174,0.480
238000,0.339,0.119,0.541
238500,0.333,0.122,0.544
239000,0.358,0.144,0.498
239500,0.324,0.159,0.517
240000,0.352,0.174,0.474
240500,0.275,0.190,0.535
241000,0.294,0.165,0.541
241500,0.379,0.177,0.443
242000,0.355,0.171,0.474
242500,0.330,0.165,0.505
243000,0.297,0.177,0.526
243500,0.327,0.208,0.465
244000,0.294,0.217,0.489
244500,0.281,0.251,0.468
245000,0.251,0.239,0.511
245500,0.287,0.199,0.514
246000,0.294,0.190,0.517
246500,0.272,0.183,0.544
247000,0.254,0.239,0.508
247500,0.278,0.229,0.492
248000,0.254,0.248,0.498
248500,0.232,0.263,0.505
249000,0.239,0.229,0.532
249500,0.190,0.287,0.523
250000,0.235,0.199,0.566
250500,0.254,0.193,0.554
251000,0.266,0.235,0.498
251500,0.180,0.245,0.575
252000,0.245,0.177,0.578
252500,0.165,0.278,0.557
253000,0.226,0.275,0.498
253500,0.199,0.339,0.462
254000,0.208,0.269,0.523
254500,0.226,0.303,0.471
255000,0.141,0.312,0.547
255500,0.196,0.284,0.520
256000,0.180,0.266,0.554
256500,0.180,0.294,0.526
257000,0.254,0.284,0.462
257500,0.202,0.278,0.520
258000,0.208,0.315,0.477
258500,0.254,0.235,0.511
259000,0.183,0.297,0.520
259500,0.196,0.312,0.492
260000,0.232,0.248,0.520
260500,0.291,0.239,0.471
261000,0.260,0.196,0.544
261500,0.284,0.144,0.572
262000,0.339,0.165,0.495
262500,0.376,0.183,0.440
263000,0.367,0.147,0.486
263500,0.346,0.135,0.520
264000,0.208,0.254,0.538
264500,0.217,0.266,0.517
265000,0.263,0.199,0.538
265500,0.287,0.232,0.480
266000,0.272,0.266,0.462
266500,0.309,0.205,0.486
267000,0.251,0.205,0.544
267500,0.208,0.220,0.572
268000,0.324,0.223,0.453
268500,0.251,0.318,0.431
269000,0.183,0.330,0.486
269500,0.183,0.355,0.462
270000,0.180,0.306,0.514
270500,0.205,0.284,0.511
271000,0.245,0.269,0.486
271500,0.251,0.272,0.477
272000,0.278,0.223,0.498
272500,0.223,0.223,0.554
273000,0.208,0.245,0.547
273500,0.205,0.254,0.541
274000,0.266,0.229,0.505
274500,0.306,0.205,0.489
275000,0.232,0.251,0.517
275500,0.263,0.232,0.505
276000,0.269,0.226,0.505
276500,0.245,0.263,0.492
277000,0.211,0.254,0.535
277500,0.226,0.257,0.517
278000,0.229,0.284,0.486
278500,0.242,0.269,0.489
279000,0.177,0.266,0.557
279500,0.193,0.272,0.535
280000,0.162,0.297,0.541
280500,0.229,0.251,0.520
281000,0.269,0.281,0.450
281500,0.257,0.211,0.532
282000,0.281,0.223,0.495
282500,0.370,0.147,0.483
283000,0.294,0.150,0.557
283500,0.208,0.254,0.538
284000,0.223,0.266,0.511
284500,0.147,0.269,0.584
285000,0.211,0.278,0.511
285500,0.208,0.281,0.511
286000,0.205,0.242,0.554
286500,0.245,0.318,0.437
287000,0.226,0.300,0.474
287500,0.220,0.346,0.434
288000,0.168,0.303,0.529
288500,0.223,0.272,0.505
289000,0.251,0.257,0.492
289500,0.223,0.251,0.526
290000,0.202,0.226,0.572
290500,0.165,0.220,0.615
291000,0.214,0.239,0.547
291500,0.162,0.297,0.541
292000,0.153,0.306,0.541
292500,0.232,0.235,0.532
293000,0.199,0.291,0.511
293500,0.266,0.196,0.538
294000,0.297,0.190,0.514
294500,0.248,0.245,0.508
295000,0.199,0.300,0.502
295500,0.177,0.312,0.511
296000,0.245,0.217,0.538
296500,0.199,0.263,0.538
297000,0.156,0.330,0.514
297500,0.131,0.388,0.480
298000,0.138,0.346,0.517
298500,0.128,0.343,0.529
299000,0.086,0.401,0.514
299500,0.144,0.336,0.520
300000,0.183,0.352,0.465
300500,0.183,0.330,0.486
301000,0.260,0.254,0.486
301500,0.294,0.202,0.505
302000,0.269,0.223,0.508
302500,0.254,0.202,0.544
303000,0.239,0.217,0.544
303500,0.245,0.208,0.547
304000,0.226,0.226,0.547
304500,0.223,0.245,0.532
305000,0.208,0.266,0.526
305500,0.217,0.266,0.517
306000,0.174,0.333,0.492
306500,0.180,0.336,0.483
307000,0.183,0.300,0.517
307500,0.153,0.318,0.529
308000,0.223,0.239,0.538
308500,0.254,0.251,0.495
309000,0.327,0.147,0.526
309500,0.297,0.205,0.498
310000,0.220,0.284,0.495
310500,0.226,0.220,0.554
311000,0.190,0.208,0.602
311500,0.248,0.205,0.547
312000,0.232,0.205,0.563
312500,0.263,0.177,0.560
313000,0.287,0.177,0.535
313500,0.321,0.168,0.511
314000,0.251,0.165,0.584
314500,0.330,0.159,0.511
315000,0.346,0.187,0.468
315500,0.330,0.196,0.474
316000,0.303,0.211,0.486
316500,0.321,0.187,0.492
317000,0.352,0.131,0.517
317500,0.287,0.202,0.511
318000,0.254,0.239,0.508
318500,0.214,0.248,0.538
319000,0.211,0.220,0.569
319500,0.232,0.150,0.618
320000,0.254,0.177,0.569
320500,0.266,0.193,0.541
321000,0.162,0.248,0.590
321500,0.223,0.232,0.544
322000,0.217,0.226,0.557
322500,0.196,0.199,0.606
323000,0.165,0.297,0.538
323500,0.150,0.284,0.566
324000,0.174,0.324,0.502
324500,0.217,0.235,0.547
325000,0.269,0.217,0.514
325500,0.211,0.239,0.550
326000,0.269,0.183,0.547
326500,0.232,0.190,0.578
327000,0.281,0.193,0.526
327500,0.208,0.291,0.502
328000,0.205,0.306,0.489
328500,0.202,0.324,0.474
329000,0.177,0.281,0.541
329500,0.177,0.312,0.511
330000,0.254,0.284,0.462
330500,0.226,0.260,0.514
331000,0.245,0.202,0.554
331500,0.291,0.205,0.505
332000,0.205,0.254,0.541
332500,0.177,0.281,0.541
333000,0.187,0.254,0.560
333500,0.177,0.312,0.511
334000,0.180,0.257,0.563
334500,0.199,0.248,0.554
335000,0.263,0.260,0.477
335500,0.242,0.263,0.495
336000,0.245,0.272,0.483
336500,0.232,0.223,0.544
337000,0.242,0.199,0.560
337500,0.257,0.232,0.511
338000,0.291,0.190,0.520
338500,0.281,0.190,0.529
339000,0.251,0.174,0.575
339500,0.312,0.177,0.511
340000,0.373,0.150,0.477
340500,0.321,0.128,0.550
341000,0.239,0.214,0.547
341500,0.272,0.226,0.502
342000,0.245,0.235,0.520
342500,0.229,0.239,0.532
343000,0.223,0.211,0.566
343500,0.284,0.174,0.541
344000,0.235,0.171,0.593
344500,0.294,0.199,0.508
345000,0.245,0.202,0.554
345500,0.235,0.217,0.547
346000,0.248,0.220,0.532
346500,0.251,0.235,0.514
347000,0.254,0.223,0.523
347500,0.245,0.226,0.529
348000,0.208,0.321,0.471
348500,0.187,0.291,0.523
349000,0.162,0.287,0.550
349500,0.245,0.263,0.492
350000,0.257,0.235,0.508
350500,0.254,0.196,0.550
351000,0.226,0.251,0.523
351500,0.199,0.235,0.566
352000,0.211,0.272,0.517
352500,0.254,0.211,0.535
353000,0.284,0.187,0.529
353500,0.297,0.168,0.535
354000,0.303,0.171,0.526
354500,0.223,0.214,0.563
355000,0.291,0.177,0.532
355500,0.226,0.245,0.529
356000,0.272,0.190,0.538
356500,0.260,0.180,0.560
357000,0.287,0.254,0.459
357500,0.190,0.266,0.544
358000,0.165,0.223,0.612
358500,0.217,0.297,0.486
359000,0.211,0.229,0.560
359500,0.232,0.193,0.575
360000,0.272,0.180,0.547
360500,0.315,0.208,0.477
361000,0.269,0.239,0.492
361500,0.263,0.223,0.514
362000,0.324,0.159,0.517
362500,0.339,0.153,0.508
363000,0.364,0.125,0.511
363500,0.327,0.138,0.535
364000,0.339,0.153,0.508
364500,0.330,0.183,0.486
365000,0.333,0.162,0.505
365500,0.272,0.190,0.538
366000,0.287,0.165,0.547
366500,0.321,0.190,0.489
367000,0.287,0.196,0.517
367500,0.309,0.183,0.508
368000,0.272,0.183,0.544
368500,0.242,0.196,0.563
369000,0.226,0.177,0.596
369500,0.272,0.254,0.474
370000,0.211,0.254,0.535
370500,0.214,0.266,0.520
371000,0.229,0.187,0.584
371500,0.318,0.174,0.508
372000,0.385,0.168,0.446
372500,0.361,0.174,0.465
373000,0.321,0.171,0.508
373500,0.324,0.202,0.474
374000,0.263,0.220,0.517
374500,0.217,0.229,0.554
375000,0.202,0.235,0.563
375500,0.196,0.202,0.602
376000,0.211,0.260,0.529
376500,0.199,0.306,0.495
377000,0.177,0.284,0.538
377500,0.180,0.229,0.590
378000,0.214,0.235,0.550
378500,0.214,0.266,0.520
379000,0.245,0.245,0.511
379500,0.239,0.245,0.517
380000,0.202,0.193,0.606
380500,0.242,0.214,0.544
381000,0.229,0.272,0.498
381500,0.217,0.281,0.502
382000,0.199,0.284,0.517
382500,0.177,0.226,0.596
383000,0.257,0.254,0.489
383500,0.226,0.242,0.532
384000,0.232,0.251,0.517
384500,0.199,0.239,0.563
385000,0.190,0.220,0.590
385500,0.187,0.223,0.590
386000,0.202,0.263,0.535
386500,0.211,0.266,0.523
387000,0.196,0.287,0.517
387500,0.138,0.355,0.508
388000,0.187,0.312,0.502
388500,0.153,0.339,0.508
389000,0.165,0.318,0.517
389500,0.199,0.309,0.492
390000,0.193,0.272,0.535
390500,0.260,0.217,0.523
391000,0.269,0.174,0.557
391500,0.281,0.193,0.526
392000,0.257,0.180,0.563
392500,0.248,0.208,0.544
393000,0.272,0.202,0.526
393500,0.284,0.141,0.575
394000,0.269,0.196,0.535
394500,0.281,0.150,0.569
395000,0.284,0.196,0.520
395500,0.242,0.208,0.550
396000,0.199,0.214,0.587
396500,0.245,0.193,0.563
397000,0.217,0.245,0.538
397500,0.211,0.223,0.566
398000,0.211,0.275,0.514
398500,0.229,0.269,0.502
399000,0.251,0.220,0.529
399500,0.239,0.284,0.477
400000,0.242,0.239,0.520
400500,0.196,0.257,0.547
401000,0.269,0.232,0.498
401500,0.287,0.196,0.517
402000,0.330,0.223,0.446
402500,0.275,0.196,0.529
403000,0.284,0.196,0.520
403500,0.312,0.214,0.474
404000,0.245,0.260,0.495
404500,0.272,0.223,0.505
405000,0.242,0.242,0.517
405500,0.263,0.205,0.532
406000,0.260,0.211,0.529
406500,0.260,0.199,0.541
407000,0.257,0.257,0.486
407500,0.205,0.294,0.502
408000,0.245,0.217,0.538
408500,0.223,0.257,0.520
409000,0.275,0.180,0.544
409500,0.346,0.165,0.489
410000,0.303,0.168,0.529
410500,0.303,0.193,0.505
411000,0.232,0.254,0.514
411500,0.220,0.275,0.505
412000,0.193,0.318,0.489
412500,0.190,0.312,0.498
413000,0.190,0.300,0.511
413500,0.113,0.376,0.511
414000,0.196,0.269,0.535
414500,0.248,0.199,0.554
415000,0.260,0.272,0.468
415500,0.214,0.257,0.529
416000,0.232,0.214,0.554
416500,0.248,0.159,0.593
417000,0.284,0.196,0.520
417500,0.190,0.297,0.514
418000,0.226,0.245,0.529
418500,0.208,0.278,0.514
419000,0.183,0.303,0.514
419500,0.168,0.278,0.554
420000,0.174,0.287,0.538
420500,0.147,0.275,0.578
421000,0.174,0.309,0.517
421500,0.177,0.315,0.508
422000,0.205,0.309,0.486
422500,0.214,0.303,0.483
423000,0.196,0.272,0.532
423500,0.156,0.352,0.492
424000,0.156,0.339,0.505
424500,0.180,0.336,0.483
425000,0.187,0.251,0.563
425500,0.211,0.278,0.511
426000,0.248,0.214,0.538
426500,0.202,0.263,0.535
427000,0.180,0.232,0.587
427500,0.235,0.202,0.563
428000,0.312,0.153,0.535
428500,0.318,0.141,0.541
429000,0.318,0.153,0.529
429500,0.315,0.193,0.492
430000,0.242,0.242,0.517
430500,0.177,0.223,0.599
431000,0.242,0.229,0.529
431500,0.235,0.260,0.505
432000,0.223,0.272,0.505
432500,0.223,0.269,0.508
433000,0.208,0.275,0.517
433500,0.190,0.303,0.508
434000,0.245,0.284,0.471
434500,0.162,0.306,0.532
435000,0.141,0.346,0.514
435500,0.110,0.346,0.544
436000,0.107,0.431,0.462
436500,0.089,0.443,0.468
437000,0.150,0.364,0.486
437500,0.217,0.336,0.446
438000,0.217,0.275,0.508
438500,0.214,0.275,0.511
439000,0.217,0.284,0.498
439500,0.223,0.257,0.520
440000,0.171,0.309,0.520
440500,0.174,0.318,0.508
441000,0.168,0.333,0.498
441500,0.208,0.269,0.523
442000,0.272,0.242,0.486
442500,0.297,0.266,0.437
443000,0.220,0.239,0.541
443500,0.245,0.180,0.575
444000,0.278,0.269,0.453
444500,0.239,0.281,0.480
445000,0.217,0.278,0.505
445500,0.214,0.245,0.541
446000,0.254,0.220,0.526
446500,0.214,0.278,0.508
447000,0.232,0.232,0.535
447500,0.165,0.312,0.523
448000,0.208,0.284,0.508
448500,0.153,0.294,0.554
449000,0.156,0.287,0.557
449500,0.174,0.324,0.502
450000,0.119,0.339,0.541
450500,0.135,0.373,0.492
451000,0.165,0.321,0.514
451500,0.223,0.245,0.532
452000,0.202,0.309,0.489
452500,0.245,0.275,0.480
453000,0.217,0.232,0.550
453500,0.245,0.235,0.520
454000,0.245,0.254,0.502
454500,0.174,0.254,0.572
455000,0.171,0.278,0.550
455500,0.168,0.294,0.538
456000,0.196,0.260,0.544
456500,0.187,0.297,0.517
457000,0.214,0.294,0.492
457500,0.214,0.254,0.532
458000,0.187,0.281,0.532
458500,0.171,0.223,0.606
459000,0.187,0.312,0.502
459500,0.193,0.297,0.511
460000,0.202,0.306,0.492
460500,0.229,0.235,0.535
461000,0.257,0.232,0.511
461500,0.248,0.245,0.508
462000,0.269,0.242,0.489
462500,0.297,0.208,0.495
463000,0.232,0.229,0.538
463500,0.254,0.248,0.498
464000,0.254,0.171,0.575
464500,0.260,0.214,0.526
465000,0.327,0.245,0.428
465500,0.355,0.205,0.440
466000,0.330,0.183,0.486
466500,0.263,0.199,0.538
467000,0.260,0.211,0.529
467500,0.254,0.266,0.480
468000,0.248,0.214,0.538
468500,0.242,0.229,0.529
469000,0.208,0.242,0.550
469500,0.211,0.263,0.526
470000,0.239,0.269,0.492
470500,0.214,0.263,0.523
471000,0.242,0.205,0.554
471500,0.248,0.245,0.508
472000,0.232,0.251,0.517
472500,0.220,0.242,0.538
473000,0.269,0.205,0.526
473500,0.284,0.193,0.523
474000,0.232,0.199,0.569
474500,0.294,0.187,0.520
475000,0.248,0.232,0.520
475500,0.287,0.242,0.471
476000,0.287,0.223,0.489
476500,0.275,0.199,0.526
477000,0.202,0.242,0.557
477500,0.199,0.263,0.538
478000,0.196,0.312,0.492
478500,0.171,0.287,0.541
479000,0.205,0.278,0.517
479500,0.260,0.260,0.480
480000,0.242,0.193,0.566
480500,0.232,0.257,0.511
481000,0.168,0.235,0.596
481500,0.242,0.214,0.544
482000,0.300,0.190,0.511
482500,0.269,0.177,0.554
483000,0.275,0.199,0.526
483500,0.263,0.254,0.483
484000,0.232,0.263,0.505
484500,0.205,0.309,0.486
485000,0.202,0.275,0.523
485500,0.205,0.272,0.523
486000,0.214,0.287,0.498
486500,0.211,0.266,0.523
487000,0.187,0.294,0.520
487500,0.223,0.239,0.538
488000,0.180,0.272,0.547
488500,0.260,0.205,0.535
489000,0.272,0.168,0.560
489500,0.257,0.190,0.554
490000,0.294,0.196,0.511
490500,0.260,0.187,0.554
491000,0.223,0.174,0.602
491500,0.275,0.165,0.560
492000,0.269,0.214,0.517
492500,0.373,0.116,0.511
493000,0.355,0.138,0.508
493500,0.398,0.095,0.508
494000,0.416,0.080,0.505
494500,0.355,0.177,0.468
495000,0.327,0.135,0.538
495500,0.321,0.183,0.495
496000,0.235,0.196,0.569
496500,0.239,0.239,0.523
497000,0.187,0.269,0.544
497500,0.278,0.196,0.526
498000,0.269,0.245,0.486
498500,0.297,0.263,0.440
499000,0.294,0.220,0.486
499500,0.297,0.196,0.508
500000,0.242,0.208,0.550
500500,0.223,0.214,0.563
501000,0.220,0.208,0.572
501500,0.214,0.223,0.563
502000,0.235,0.220,0.544
502500,0.260,0.141,0.599
503000,0.300,0.171,0.529
503500,0.297,0.193,0.511
504000,0.269,0.226,0.505
504500,0.239,0.239,0.523
505000,0.242,0.245,0.514
505500,0.214,0.193,0.593
506000,0.220,0.217,0.563
506500,0.226,0.214,0.560
507000,0.312,0.211,0.477
507500,0.263,0.208,0.529
508000,0.303,0.187,0.511
508500,0.312,0.162,0.526
509000,0.260,0.183,0.557
509500,0.174,0.260,0.566
510000,0.193,0.254,0.554
510500,0.211,0.312,0.477
511000,0.177,0.315,0.508
511500,0.174,0.346,0.480
512000,0.156,0.339,0.505
512500,0.193,0.281,0.526
513000,0.239,0.251,0.511
513500,0.242,0.217,0.541
514000,0.333,0.144,0.523
514500,0.321,0.171,0.508
515000,0.229,0.239,0.532
515500,0.202,0.202,0.596
516000,0.318,0.153,0.529
516500,0.315,0.174,0.511
517000,0.306,0.193,0.502
517500,0.284,0.162,0.554
518000,0.254,0.177,0.569
518500,0.266,0.183,0.550
519000,0.333,0.131,0.535
519500,0.281,0.205,0.514
520000,0.303,0.190,0.508
520500,0.226,0.239,0.535
521000,0.196,0.235,0.569
521500,0.248,0.257,0.495
522000,0.196,0.257,0.547
522500,0.232,0.202,0.566
523000,0.205,0.208,0.587
523500,0.202,0.248,0.550
524000,0.196,0.205,0.599
524500,0.242,0.196,0.563
525000,0.239,0.245,0.517
525500,0.202,0.251,0.547
526000,0.291,0.183,0.526
526500,0.287,0.217,0.495
527000,0.208,0.251,0.541
527500,0.180,0.303,0.517
528000,0.193,0.333,0.474
528500,0.168,0.309,0.523
529000,0.153,0.291,0.557
529500,0.177,0.321,0.502
530000,0.190,0.260,0.550
530500,0.202,0.272,0.526
531000,0.248,0.251,0.502
531500,0.269,0.263,0.468
532000,0.226,0.217,0.557
532500,0.193,0.223,0.584
533000,0.165,0.364,0.471
533500,0.159,0.343,0.498
534000,0.202,0.297,0.502
534500,0.187,0.251,0.563
535000,0.260,0.211,0.529
535500,0.205,0.232,0.563
536000,0.232,0.205,0.563
536500,0.168,0.278,0.554
537000,0.211,0.266,0.523
537500,0.202,0.226,0.572
538000,0.226,0.232,0.541
538500,0.242,0.254,0.505
539000,0.162,0.239,0.599
539500,0.208,0.272,0.520
540000,0.260,0.168,0.572
540500,0.269,0.214,0.517
541000,0.223,0.263,0.514
541500,0.232,0.263,0.505
542000,0.251,0.223,0.526
542500,0.257,0.242,0.502
543000,0.239,0.260,0.502
543500,0.223,0.254,0.523
544000,0.232,0.297,0.471
544500,0.251,0.251,0.498
545000,0.284,0.193,0.523
545500,0.245,0.183,0.572
546000,0.245,0.245,0.511
546500,0.281,0.223,0.495
547000,0.245,0.260,0.495
547500,0.217,0.291,0.492
548000,0.202,0.294,0.505
548500,0.242,0.251,0.508
549000,0.211,0.229,0.560
549500,0.245,0.269,0.486
550000,0.254,0.263,0.483
550500,0.254,0.266,0.480
551000,0.196,0.242,0.563
551500,0.168,0.248,0.584
552000,0.183,0.229,0.587
552500,0.187,0.174,0.639
553000,0.232,0.239,0.529
553500,0.257,0.229,0.514
554000,0.214,0.242,0.544
554500,0.229,0.254,0.517
555000,0.269,0.229,0.502
555500,0.232,0.239,0.529
556000,0.202,0.275,0.523
556500,0.183,0.266,0.550
557000,0.202,0.306,0.492
557500,0.101,0.456,0.443
558000,0.122,0.370,0.508
558500,0.125,0.379,0.495
559000,0.174,0.318,0.508
559500,0.211,0.278,0.511
560000,0.211,0.300,0.489
560500,0.183,0.229,0.587
561000,0.242,0.239,0.520
561500,0.272,0.229,0.498
562000,0.321,0.174,0.505
562500,0.315,0.162,0.523
563000,0.263,0.266,0.471
563500,0.269,0.235,0.495
564000,0.171,0.226,0.602
564500,0.190,0.235,0.575
565000,0.187,0.254,0.560
565500,0.180,0.272,0.547
566000,0.199,0.297,0.505
566500,0.159,0.336,0.505
567000,0.220,0.251,0.529
567500,0.232,0.251,0.517
568000,0.171,0.269,0.560
568500,0.193,0.266,0.541
569000,0.208,0.254,0.538
569500,0.174,0.339,0.486
570000,0.162,0.281,0.557
570500,0.128,0.373,0.498
571000,0.165,0.367,0.468
571500,0.162,0.398,0.440
572000,0.098,0.422,0.480
572500,0.147,0.394,0.459
573000,0.135,0.404,0.462
573500,0.174,0.297,0.529
574000,0.193,0.367,0.440
574500,0.159,0.330,0.511
575000,0.131,0.312,0.557
575500,0.144,0.315,0.541
576000,0.141,0.349,0.511
576500,0.156,0.321,0.523
577000,0.187,0.266,0.547
577500,0.251,0.223,0.526
578000,0.226,0.245,0.529
578500,0.171,0.211,0.618
579000,0.245,0.205,0.550
579500,0.263,0.205,0.532
580000,0.254,0.180,0.566
580500,0.248,0.183,0.569
581000,0.303,0.217,0.480
581500,0.242,0.187,0.572
582000,0.248,0.199,0.554
582500,0.312,0.193,0.495
583000,0.232,0.251,0.517
583500,0.254,0.226,0.520
584000,0.229,0.235,0.535
584500,0.208,0.242,0.550
585000,0.211,0.272,0.517
585500,0.193,0.266,0.541
586000,0.180,0.272,0.547
586500,0.193,0.242,0.566
587000,0.202,0.257,0.541
587500,0.257,0.226,0.517
588000,0.269,0.214,0.517
588500,0.211,0.232,0.557
589000,0.260,0.235,0.505
589500,0.278,0.183,0.538
590000,0.223,0.254,0.523
590500,0.208,0.242,0.550
591000,0.242,0.266,0.492
591500,0.205,0.281,0.514
592000,0.187,0.245,0.569
592500,0.214,0.260,0.526
593000,0.183,0.309,0.508
593500,0.245,0.281,0.474
594000,0.263,0.193,0.544
594500,0.303,0.205,0.492
595000,0.346,0.180,0.474
595500,0.278,0.205,0.517
596000,0.232,0.229,0.538
596500,0.217,0.183,0.599
597000,0.248,0.162,0.590
597500,0.217,0.229,0.554
598000,0.251,0.257,0.492
598500,0.248,0.223,0.529
599000,0.245,0.254,0.502
599500,0.235,0.239,0.526
600000,0.217,0.275,0.508
600500,0.248,0.193,0.560
601000,0.226,0.183,0.590
601500,0.245,0.223,0.532
602000,0.291,0.177,0.532
602500,0.324,0.141,0.535
603000,0.339,0.110,0.550
603500,0.281,0.144,0.575
604000,0.278,0.177,0.544
604500,0.281,0.174,0.544
605000,0.300,0.156,0.544
605500,0.318,0.177,0.505
606000,0.309,0.171,0.520
606500,0.333,0.141,0.526
607000,0.306,0.150,0.544
607500,0.312,0.159,0.529
608000,0.245,0.239,0.517
608500,0.128,0.281,0.590
609000,0.144,0.376,0.480
609500,0.089,0.391,0.520
610000,0.144,0.355,0.502
610500,0.147,0.343,0.511
611000,0.183,0.272,0.544
611500,0.235,0.287,0.477
612000,0.196,0.324,0.480
612500,0.187,0.281,0.532
613000,0.220,0.272,0.508
613500,0.202,0.272,0.526
614000,0.214,0.239,0.547
614500,0.232,0.229,0.538
615000,0.239,0.208,0.554
615500,0.254,0.205,0.541
616000,0.275,0.220,0.505
616500,0.193,0.251,0.557
617000,0.226,0.242,0.532
617500,0.205,0.269,0.526
618000,0.278,0.190,0.532
618500,0.208,0.199,0.593
619000,0.168,0.257,0.575
619500,0.239,0.232,0.529
620000,0.223,0.226,0.550
620500,0.251,0.254,0.495
621000,0.199,0.269,0.532
621500,0.266,0.193,0.541
622000,0.214,0.217,0.569
622500,0.266,0.174,0.560
623000,0.312,0.211,0.477
623500,0.315,0.226,0.459
624000,0.266,0.220,0.514
624500,0.211,0.278,0.511
625000,0.223,0.211,0.566
625500,0.242,0.239,0.520
626000,0.202,0.318,0.480
626500,0.183,0.343,0.474
627000,0.125,0.333,0.541
627500,0.147,0.324,0.529
628000,0.187,0.291,0.523
628500,0.217,0.318,0.465
629000,0.294,0.260,0.446
629500,0.220,0.217,0.563
630000,0.205,0.193,0.602
630500,0.263,0.199,0.538
631000,0.287,0.211,0.502
631500,0.272,0.205,0.523
632000,0.278,0.211,0.511
632500,0.214,0.232,0.554
633000,0.217,0.272,0.511
633500,0.183,0.321,0.495
634000,0.217,0.269,0.514
634500,0.190,0.300,0.511
635000,0.187,0.263,0.550
635500,0.220,0.291,0.489
636000,0.196,0.281,0.523
636500,0.205,0.257,0.538
637000,0.199,0.266,0.535
637500,0.251,0.260,0.489
638000,0.208,0.281,0.511
638500,0.226,0.266,0.508
639000,0.226,0.257,0.517
639500,0.196,0.254,0.550
640000,0.174,0.269,0.557
640500,0.242,0.202,0.557
641000,0.239,0.239,0.523
641500,0.235,0.220,0.544
642000,0.235,0.248,0.517
642500,0.284,0.235,0.480
643000,0.229,0.223,0.547
643500,0.202,0.220,0.578
644000,0.266,0.229,0.505
644500,0.205,0.248,0.547
645000,0.214,0.284,0.502
645500,0.168,0.330,0.502
646000,0.165,0.294,0.541
646500,0.235,0.245,0.520
647000,0.211,0.242,0.547
647500,0.217,0.272,0.511
648000,0.217,0.257,0.526
648500,0.232,0.278,0.489
649000,0.248,0.199,0.554
649500,0.303,0.187,0.511
650000,0.269,0.208,0.523
650500,0.242,0.251,0.508
651000,0.269,0.245,0.486
651500,0.220,0.199,0.581
652000,0.217,0.235,0.547
652500,0.211,0.196,0.593
653000,0.303,0.168,0.529
653500,0.318,0.174,0.508
654000,0.352,0.128,0.520
654500,0.343,0.098,0.560
655000,0.346,0.110,0.544
655500,0.364,0.150,0.486
656000,0.306,0.199,0.495
656500,0.312,0.211,0.477
657000,0.294,0.190,0.517
657500,0.257,0.220,0.523
658000,0.235,0.232,0.532
658500,0.245,0.226,0.529
659000,0.217,0.245,0.538
659500,0.275,0.180,0.544
660000,0.321,0.156,0.523
660500,0.330,0.144,0.526
661000,0.281,0.122,0.596
661500,0.294,0.174,0.532
662000,0.232,0.232,0.535
662500,0.294,0.174,0.532
663000,0.303,0.196,0.502
663500,0.287,0.211,0.502
664000,0.263,0.217,0.520
664500,0.235,0.232,0.532
665000,0.306,0.245,0.450
665500,0.196,0.269,0.535
666000,0.168,0.257,0.575
666500,0.168,0.251,0.581
667000,0.196,0.239,0.566
667500,0.196,0.269,0.535
668000,0.260,0.263,0.477
668500,0.284,0.254,0.462
669000,0.287,0.220,0.492
669500,0.254,0.242,0.505
670000,0.220,0.220,0.560
670500,0.324,0.180,0.495
671000,0.321,0.122,0.557
671500,0.303,0.171,0.526
672000,0.309,0.122,0.569
672500,0.327,0.156,0.517
673000,0.339,0.128,0.532
673500,0.272,0.214,0.514
674000,0.245,0.205,0.550
674500,0.263,0.208,0.529
675000,0.257,0.174,0.569
675500,0.272,0.226,0.502
676000,0.220,0.205,0.575
676500,0.272,0.193,0.535
677000,0.266,0.196,0.538
677500,0.269,0.220,0.511
678000,0.248,0.226,0.526
678500,0.239,0.226,0.535
679000,0.211,0.232,0.557
679500,0.245,0.217,0.538
680000,0.223,0.245,0.532
680500,0.217,0.294,0.489
681000,0.190,0.254,0.557
681500,0.196,0.272,0.532
682000,0.211,0.257,0.532
682500,0.187,0.257,0.557
683000,0.202,0.190,0.609
683500,0.339,0.183,0.477
684000,0.367,0.180,0.453
684500,0.312,0.223,0.465
685000,0.312,0.187,0.502
685500,0.287,0.168,0.544
686000,0.226,0.199,0.575
686500,0.269,0.257,0.474
687000,0.202,0.272,0.526
687500,0.190,0.281,0.529
688000,0.242,0.254,0.505
688500,0.294,0.239,0.468
689000,0.339,0.177,0.483
689500,0.327,0.248,0.425
690000,0.254,0.217,0.529
690500,0.330,0.199,0.471
691000,0.297,0.180,0.523
691500,0.321,0.177,0.502
692000,0.367,0.162,0.471
692500,0.303,0.187,0.511
693000,0.346,0.190,0.465
693500,0.306,0.208,0.486
694000,0.284,0.220,0.495
694500,0.281,0.168,0.550
695000,0.260,0.199,0.541
695500,0.278,0.193,0.529
696000,0.269,0.229,0.502
696500,0.239,0.245,0.517
697000,0.174,0.284,0.541
697500,0.235,0.239,0.526
698000,0.257,0.242,0.502
698500,0.251,0.226,0.523
699000,0.300,0.135,0.566
699500,0.349,0.128,0.523
700000,0.330,0.171,0.498
700500,0.330,0.193,0.477
701000,0.321,0.211,0.468
701500,0.287,0.199,0.514
702000,0.349,0.150,0.502
702500,0.321,0.128,0.550
703000,0.287,0.193,0.520
703500,0.281,0.183,0.535
704000,0.269,0.177,0.554
704500,0.229,0.220,0.550
705000,0.242,0.211,0.547
705500,0.281,0.205,0.514
706000,0.211,0.245,0.544
706500,0.223,0.297,0.480
707000,0.208,0.318,0.474
707500,0.193,0.318,0.489
708000,0.220,0.300,0.480
708500,0.269,0.208,0.523
709000,0.245,0.226,0.529
709500,0.232,0.226,0.541
710000,0.260,0.202,0.538
710500,0.263,0.226,0.511
711000,0.297,0.202,0.502
711500,0.287,0.165,0.547
712000,0.269,0.205,0.526
712500,0.275,0.226,0.498
713000,0.260,0.226,0.514
713500,0.297,0.226,0.477
714000,0.214,0.242,0.544
714500,0.202,0.294,0.505
715000,0.235,0.315,0.450
715500,0.162,0.306,0.532
716000,0.229,0.254,0.517
716500,0.306,0.214,0.480
717000,0.257,0.205,0.538
717500,0.205,0.275,0.520
718000,0.165,0.235,0.599
718500,0.187,0.315,0.498
719000,0.211,0.239,0.550
719500,0.242,0.245,0.514
720000,0.202,0.260,0.538
720500,0.196,0.336,0.468
721000,0.104,0.437,0.459
721500,0.150,0.394,0.456
722000,0.144,0.321,0.535
722500,0.128,0.385,0.486
723000,0.180,0.343,0.477
723500,0.128,0.327,0.544
724000,0.165,0.257,0.578
724500,0.269,0.257,0.474
725000,0.303,0.205,0.492
725500,0.220,0.217,0.563
726000,0.187,0.260,0.554
726500,0.144,0.300,0.557
727000,0.193,0.284,0.523
727500,0.174,0.287,0.538
728000,0.226,0.272,0.502
728500,0.251,0.217,0.532
729000,0.245,0.291,0.465
729500,0.232,0.223,0.544
730000,0.202,0.223,0.575
730500,0.272,0.254,0.474
731000,0.306,0.229,0.465
731500,0.312,0.153,0.535
732000,0.306,0.135,0.560
732500,0.269,0.171,0.560
733000,0.251,0.214,0.535
733500,0.257,0.257,0.486
734000,0.254,0.211,0.535
734500,0.278,0.159,0.563
735000,0.284,0.174,0.541
735500,0.217,0.217,0.566
736000,0.232,0.229,0.538
736500,0.275,0.150,0.575
737000,0.364,0.177,0.459
737500,0.413,0.128,0.459
738000,0.312,0.141,0.547
738500,0.272,0.174,0.554
739000,0.284,0.180,0.535
739500,0.248,0.177,0.575
740000,0.269,0.214,0.517
740500,0.220,0.248,0.532
741000,0.183,0.300,0.517
741500,0.144,0.297,0.560
742000,0.208,0.294,0.498
742500,0.180,0.254,0.566
743000,0.232,0.239,0.529
743500,0.223,0.214,0.563
744000,0.202,0.263,0.535
744500,0.220,0.257,0.523
745000,0.294,0.214,0.492
745500,0.226,0.235,0.538
746000,0.183,0.278,0.538
746500,0.162,0.306,0.532
747000,0.190,0.248,0.563
747500,0.196,0.251,0.554
748000,0.260,0.205,0.535
748500,0.312,0.187,0.502
749000,0.321,0.147,0.532
749500,0.312,0.156,0.532
750000,0.306,0.183,0.511
750500,0.327,0.131,0.541
751000,0.327,0.171,0.502
751500,0.333,0.162,0.505
752000,0.245,0.226,0.529
752500,0.235,0.220,0.544
753000,0.211,0.266,0.523
753500,0.214,0.235,0.550
754000,0.199,0.254,0.547
754500,0.183,0.291,0.526
755000,0.177,0.275,0.547
755500,0.177,0.352,0.471
756000,0.153,0.333,0.514
756500,0.177,0.315,0.508
757000,0.199,0.235,0.566
757500,0.214,0.183,0.602
758000,0.242,0.220,0.538
758500,0.278,0.257,0.465
759000,0.165,0.260,0.575
759500,0.177,0.251,0.572
760000,0.196,0.254,0.550
760500,0.214,0.272,0.514
761000,0.193,0.278,0.529
761500,0.174,0.291,0.535
762000,0.162,0.352,0.486
762500,0.174,0.321,0.505
763000,0.199,0.303,0.498
763500,0.171,0.263,0.566
764000,0.168,0.367,0.465
764500,0.202,0.272,0.526
765000,0.217,0.266,0.517
765500,0.223,0.266,0.511
766000,0.272,0.196,0.532
766500,0.220,0.272,0.508
767000,0.193,0.257,0.550
767500,0.177,0.370,0.453
768000,0.183,0.248,0.569
768500,0.226,0.312,0.462
769000,0.196,0.318,0.486
769500,0.220,0.239,0.541
770000,0.266,0.223,0.511
770500,0.321,0.183,0.495
771000,0.355,0.135,0.511
771500,0.315,0.174,0.511
772000,0.248,0.190,0.563
772500,0.205,0.306,0.489
773000,0.199,0.263,0.538
773500,0.138,0.349,0.514
774000,0.168,0.284,0.547
774500,0.208,0.294,0.498
775000,0.254,0.217,0.529
775500,0.309,0.180,0.511
776000,0.336,0.153,0.511
776500,0.349,0.180,0.471
777000,0.355,0.174,0.471
777500,0.266,0.177,0.557
778000,0.306,0.180,0.514
778500,0.275,0.187,0.538
779000,0.278,0.187,0.535
779500,0.242,0.220,0.538
780000,0.269,0.187,0.544
780500,0.242,0.248,0.511
781000,0.183,0.263,0.554
781500,0.211,0.294,0.495
782000,0.214,0.284,0.502
782500,0.180,0.254,0.566
783000,0.232,0.294,0.474
783500,0.220,0.223,0.557
784000,0.223,0.223,0.554
784500,0.263,0.183,0.554
785000,0.269,0.174,0.557
785500,0.239,0.217,0.544
786000,0.183,0.303,0.514
786500,0.229,0.211,0.560
787000,0.297,0.177,0.526
787500,0.266,0.174,0.560
788000,0.275,0.232,0.492
788500,0.284,0.229,0.486
789000,0.254,0.245,0.502
789500,0.199,0.266,0.535
790000,0.202,0.245,0.554
790500,0.226,0.211,0.563
791000,0.269,0.162,0.569
791500,0.263,0.141,0.596
792000,0.254,0.190,0.557
792500,0.294,0.159,0.547
793000,0.291,0.171,0.538
793500,0.260,0.196,0.544
794000,0.349,0.190,0.462
794500,0.336,0.162,0.502
795000,0.294,0.199,0.508
795500,0.315,0.174,0.511
796000,0.254,0.190,0.557
796500,0.260,0.229,0.511
797000,0.242,0.266,0.492
797500,0.229,0.284,0.486
798000,0.211,0.229,0.560
798500,0.260,0.251,0.489
799000,0.229,0.278,0.492
799500,0.235,0.205,0.560
800000,0.312,0.193,0.495
800500,0.333,0.202,0.465
801000,0.367,0.113,0.520
801500,0.318,0.147,0.535
802000,0.257,0.217,0.526
802500,0.278,0.177,0.544
803000,0.343,0.177,0.480
803500,0.269,0.211,0.520
804000,0.297,0.156,0.547
804500,0.226,0.165,0.609
805000,0.330,0.135,0.535
805500,0.291,0.171,0.538
806000,0.254,0.180,0.566
806500,0.275,0.180,0.544
807000,0.284,0.190,0.526
807500,0.245,0.232,0.523
808000,0.245,0.226,0.529
808500,0.232,0.248,0.520
809000,0.251,0.196,0.554
809500,0.287,0.141,0.572
810000,0.312,0.187,0.502
810500,0.297,0.199,0.505
811000,0.226,0.208,0.566
811500,0.254,0.239,0.508
812000,0.171,0.248,0.581
812500,0.159,0.281,0.560
813000,0.272,0.232,0.495
813500,0.235,0.217,0.547
814000,0.275,0.260,0.465
814500,0.202,0.263,0.535
815000,0.202,0.272,0.526
815500,0.235,0.245,0.520
816000,0.193,0.245,0.563
816500,0.190,0.251,0.560
817000,0.254,0.229,0.517
817500,0.235,0.226,0.538
818000,0.208,0.242,0.550
818500,0.245,0.260,0.495
819000,0.226,0.254,0.520
819500,0.260,0.278,0.462
820000,0.223,0.205,0.572
820500,0.309,0.177,0.514
821000,0.254,0.165,0.581
821500,0.300,0.171,0.529
822000,0.239,0.202,0.560
822500,0.257,0.168,0.575
823000,0.269,0.208,0.523
823500,0.361,0.199,0.440
824000,0.284,0.199,0.517
824500,0.205,0.260,0.535
825000,0.239,0.229,0.532
825500,0.257,0.278,0.465
826000,0.183,0.388,0.428
826500,0.177,0.370,0.453
827000,0.202,0.321,0.477
827500,0.193,0.284,0.523
828000,0.229,0.248,0.523
828500,0.177,0.291,0.532
829000,0.168,0.294,0.538
829500,0.153,0.370,0.477
830000,0.183,0.327,0.489
830500,0.156,0.391,0.453
831000,0.153,0.361,0.486
831500,0.153,0.291,0.557
832000,0.174,0.300,0.526
832500,0.226,0.291,0.483
833000,0.235,0.263,0.502
833500,0.232,0.217,0.550
834000,0.202,0.263,0.535
834500,0.217,0.269,0.514
835000,0.174,0.254,0.572
835500,0.156,0.235,0.609
836000,0.214,0.229,0.557
836500,0.281,0.205,0.514
837000,0.266,0.183,0.550
837500,0.294,0.159,0.547
838000,0.239,0.156,0.606
838500,0.242,0.205,0.554
839000,0.223,0.229,0.547
839500,0.242,0.190,0.569
840000,0.251,0.190,0.560
840500,0.180,0.254,0.566
841000,0.156,0.303,0.541
841500,0.183,0.327,0.489
842000,0.156,0.324,0.520
842500,0.205,0.324,0.471
843000,0.229,0.220,0.550
843500,0.242,0.208,0.550
844000,0.312,0.171,0.517
844500,0.294,0.177,0.529
845000,0.275,0.162,0.563
845500,0.257,0.242,0.502
846000,0.223,0.297,0.480
846500,0.174,0.294,0.532
847000,0.190,0.315,0.495
847500,0.162,0.275,0.563
848000,0.159,0.333,0.508
848500,0.168,0.333,0.498
849000,0.156,0.294,0.550
849500,0.138,0.333,0.529
850000,0.159,0.306,0.535
850500,0.187,0.284,0.529
851000,0.205,0.303,0.492
851500,0.214,0.232,0.554
852000,0.214,0.272,0.514
852500,0.196,0.287,0.517
853000,0.162,0.275,0.563
853500,0.183,0.284,0.532
854000,0.180,0.287,0.532
854500,0.174,0.291,0.535
855000,0.141,0.385,0.474
855500,0.168,0.367,0.465
856000,0.162,0.297,0.541
856500,0.168,0.352,0.480
857000,0.159,0.294,0.547
857500,0.297,0.226,0.477
858000,0.223,0.254,0.523
858500,0.232,0.223,0.544
859000,0.229,0.272,0.498
859500,0.239,0.251,0.511
860000,0.229,0.187,0.584
860500,0.220,0.257,0.523
861000,0.245,0.251,0.505
861500,0.242,0.263,0.495
862000,0.239,0.217,0.544
862500,0.245,0.260,0.495
863000,0.214,0.361,0.425
863500,0.159,0.272,0.569
864000,0.153,0.382,0.465
864500,0.205,0.294,0.502
865000,0.211,0.272,0.517
865500,0.278,0.248,0.474
866000,0.300,0.208,0.492
866500,0.248,0.275,0.477
867000,0.235,0.269,0.495
867500,0.214,0.235,0.550
868000,0.177,0.254,0.569
868500,0.193,0.272,0.535
869000,0.208,0.266,0.526
869500,0.144,0.263,0.593
870000,0.220,0.266,0.514
870500,0.187,0.248,0.566
871000,0.235,0.217,0.547
871500,0.205,0.232,0.563
872000,0.257,0.165,0.578
872500,0.208,0.232,0.560
873000,0.232,0.245,0.523
873500,0.260,0.226,0.514
874000,0.226,0.281,0.492
874500,0.214,0.251,0.535
875000,0.281,0.239,0.480
875500,0.272,0.187,0.541
876000,0.306,0.174,0.520
876500,0.315,0.205,0.480
877000,0.303,0.193,0.505
877500,0.254,0.180,0.566
878000,0.223,0.220,0.557
878500,0.242,0.232,0.526
879000,0.251,0.193,0.557
879500,0.208,0.284,0.508
880000,0.202,0.266,0.532
880500,0.235,0.239,0.526
881000,0.205,0.208,0.587
881500,0.245,0.168,0.587
882000,0.214,0.239,0.547
882500,0.193,0.287,0.520
883000,0.226,0.309,0.465
883500,0.217,0.245,0.538
884000,0.245,0.229,0.526
884500,0.266,0.205,0.529
885000,0.199,0.260,0.541
885500,0.254,0.217,0.529
886000,0.208,0.251,0.541
886500,0.214,0.312,0.474
887000,0.202,0.245,0.554
887500,0.205,0.306,0.489
888000,0.177,0.294,0.529
888500,0.220,0.242,0.538
889000,0.208,0.303,0.489
889500,0.223,0.242,0.535
890000,0.242,0.235,0.523
890500,0.266,0.223,0.511
891000,0.260,0.199,0.541
891500,0.294,0.171,0.535
892000,0.220,0.300,0.480
892500,0.202,0.263,0.535
893000,0.303,0.171,0.526
893500,0.300,0.187,0.514
894000,0.309,0.229,0.462
894500,0.278,0.223,0.498
895000,0.275,0.229,0.495
895500,0.232,0.260,0.508
896000,0.257,0.229,0.514
896500,0.239,0.232,0.529
897000,0.202,0.217,0.581
897500,0.193,0.232,0.575
898000,0.235,0.245,0.520
898500,0.251,0.239,0.511
899000,0.281,0.245,0.474
899500,0.248,0.220,0.532
900000,0.260,0.202,0.538
900500,0.254,0.211,0.535
901000,0.232,0.193,0.575
901500,0.248,0.211,0.541
902000,0.291,0.205,0.505
902500,0.297,0.214,0.489
903000,0.336,0.156,0.508
903500,0.278,0.245,0.477
904000,0.235,0.220,0.544
904500,0.235,0.263,0.502
905000,0.223,0.223,0.554
905500,0.202,0.294,0.505
906000,0.165,0.312,0.523
906500,0.177,0.318,0.505
907000,0.220,0.297,0.483
907500,0.217,0.174,0.609
908000,0.300,0.135,0.566
908500,0.312,0.128,0.560
909000,0.339,0.138,0.523
909500,0.339,0.147,0.514
910000,0.281,0.168,0.550
910500,0.336,0.138,0.526
911000,0.370,0.138,0.492
911500,0.343,0.113,0.544
912000,0.373,0.150,0.477
912500,0.324,0.168,0.508
913000,0.358,0.153,0.489
913500,0.309,0.159,0.532
914000,0.382,0.141,0.477
914500,0.401,0.159,0.440
915000,0.315,0.171,0.514
915500,0.260,0.180,0.560
916000,0.278,0.162,0.560
916500,0.239,0.248,0.514
917000,0.141,0.343,0.517
917500,0.080,0.404,0.517
918000,0.128,0.388,0.483
918500,0.131,0.376,0.492
919000,0.107,0.364,0.529
919500,0.159,0.333,0.508
920000,0.171,0.306,0.523
920500,0.217,0.242,0.541
921000,0.232,0.235,0.532
921500,0.245,0.284,0.471
922000,0.187,0.235,0.578
922500,0.190,0.278,0.532
923000,0.199,0.278,0.523
923500,0.174,0.269,0.557
924000,0.202,0.284,0.514
924500,0.187,0.330,0.483
925000,0.180,0.330,0.489
925500,0.205,0.312,0.483
926000,0.260,0.284,0.456
926500,0.257,0.211,0.532
927000,0.260,0.223,0.517
927500,0.229,0.242,0.529
928000,0.272,0.254,0.474
928500,0.281,0.193,0.526
929000,0.239,0.217,0.544
929500,0.239,0.205,0.557
930000,0.205,0.263,0.532
930500,0.275,0.245,0.480
931000,0.254,0.242,0.505
931500,0.269,0.257,0.474
932000,0.287,0.239,0.474
932500,0.251,0.177,0.572
933000,0.309,0.183,0.508
933500,0.242,0.180,0.578
934000,0.242,0.205,0.554
934500,0.242,0.245,0.514
935000,0.254,0.190,0.557
935500,0.205,0.208,0.587
936000,0.226,0.245,0.529
936500,0.208,0.232,0.560
937000,0.229,0.232,0.538
937500,0.220,0.235,0.544
938000,0.251,0.239,0.511
938500,0.242,0.196,0.563
939000,0.287,0.196,0.517
939500,0.324,0.202,0.474
940000,0.275,0.168,0.557
940500,0.339,0.183,0.477
941000,0.382,0.165,0.453
941500,0.346,0.183,0.471
942000,0.315,0.190,0.495
942500,0.287,0.199,0.514
943000,0.321,0.205,0.474
943500,0.294,0.232,0.474
944000,0.205,0.254,0.541
944500,0.131,0.287,0.581
945000,0.141,0.303,0.557
945500,0.196,0.291,0.514
946000,0.217,0.312,0.471
946500,0.272,0.245,0.483
947000,0.257,0.223,0.520
947500,0.266,0.193,0.541
948000,0.269,0.217,0.514
948500,0.269,0.232,0.498
949000,0.278,0.196,0.526
949500,0.278,0.232,0.489
950000,0.208,0.275,0.517
950500,0.193,0.266,0.541
951000,0.165,0.324,0.511
951500,0.220,0.235,0.544
952000,0.300,0.229,0.471
952500,0.346,0.183,0.471
953000,0.193,0.208,0.599
953500,0.251,0.229,0.520
954000,0.220,0.278,0.502
954500,0.171,0.260,0.569
955000,0.153,0.248,0.599
955500,0.229,0.211,0.560
956000,0.165,0.287,0.547
956500,0.239,0.263,0.498
957000,0.196,0.248,0.557
957500,0.199,0.202,0.599
958000,0.251,0.187,0.563
958500,0.232,0.260,0.508
959000,0.141,0.364,0.495
959500,0.147,0.327,0.526
960000,0.131,0.318,0.550
960500,0.171,0.330,0.498
961000,0.232,0.294,0.474
961500,0.248,0.220,0.532
962000,0.281,0.242,0.477
962500,0.343,0.131,0.526
963000,0.333,0.141,0.526
963500,0.263,0.156,0.581
964000,0.269,0.202,0.529
964500,0.269,0.232,0.498
965000,0.257,0.251,0.492
965500,0.248,0.272,0.480
966000,0.263,0.251,0.486
966500,0.190,0.324,0.486
967000,0.180,0.300,0.520
967500,0.174,0.312,0.514
968000,0.211,0.275,0.514
968500,0.128,0.275,0.596
969000,0.180,0.336,0.483
969500,0.174,0.294,0.532
970000,0.159,0.339,0.502
970500,0.144,0.287,0.569
971000,0.202,0.196,0.602
971500,0.251,0.226,0.523
972000,0.254,0.263,0.483
972500,0.269,0.162,0.569
973000,0.339,0.125,0.535
973500,0.327,0.131,0.541
974000,0.251,0.187,0.563
974500,0.235,0.248,0.517
975000,0.248,0.263,0.489
975500,0.263,0.269,0.468
976000,0.248,0.239,0.514
976500,0.251,0.211,0.538
977000,0.245,0.214,0.541
977500,0.242,0.211,0.547
978000,0.245,0.202,0.554
978500,0.260,0.220,0.520
979000,0.291,0.232,0.477
979500,0.312,0.162,0.526
980000,0.339,0.193,0.468
980500,0.339,0.183,0.477
981000,0.294,0.187,0.520
981500,0.287,0.183,0.529
982000,0.278,0.193,0.529
982500,0.266,0.220,0.514
983000,0.214,0.294,0.492
983500,0.248,0.269,0.483
984000,0.266,0.257,0.477
984500,0.220,0.278,0.502
985000,0.220,0.235,0.544
985500,0.275,0.226,0.498
986000,0.260,0.199,0.541
986500,0.303,0.177,0.520
987000,0.284,0.193,0.523
987500,0.217,0.232,0.550
988000,0.183,0.254,0.563
988500,0.214,0.254,0.532
989000,0.199,0.306,0.495
989500,0.174,0.297,0.529
990000,0.144,0.324,0.532
990500,0.141,0.336,0.523
991000,0.199,0.379,0.422
991500,0.153,0.315,0.532
992000,0.226,0.278,0.495
992500,0.260,0.226,0.514
993000,0.187,0.287,0.526
993500,0.211,0.284,0.505
994000,0.208,0.254,0.538
994500,0.260,0.211,0.529
995000,0.275,0.229,0.495
995500,0.248,0.239,0.514
996000,0.235,0.254,0.511
996500,0.214,0.306,0.480
997000,0.180,0.242,0.578
997500,0.165,0.278,0.557
998000,0.183,0.287,0.529
998500,0.125,0.333,0.541
999000,0.180,0.324,0.495
999500,0.168,0.336,0.495
1000000,0.202,0.229,0.569
