time,n_A+p,n_B,n_AB
500,0.010,0.977,0.013
1000,0.010,0.932,0.058
1500,0.010,0.775,0.215
2000,0.010,0.645,0.345
2500,0.010,0.478,0.512
3000,0.010,0.318,0.672
3500,0.011,0.223,0.766
4000,0.025,0.152,0.822
4500,0.040,0.175,0.785
5000,0.015,0.150,0.834
5500,0.030,0.130,0.840
6000,0.042,0.099,0.859
6500,0.051,0.108,0.841
7000,0.052,0.130,0.819
7500,0.049,0.114,0.837
8000,0.044,0.113,0.843
8500,0.039,0.084,0.877
9000,0.080,0.083,0.838
9500,0.044,0.122,0.834
10000,0.032,0.110,0.858
10500,0.032,0.143,0.825
11000,0.040,0.130,0.830
11500,0.054,0.093,0.852
12000,0.044,0.117,0.839
12500,0.040,0.101,0.859
13000,0.063,0.093,0.844
13500,0.048,0.088,0.864
14000,0.059,0.111,0.830
14500,0.084,0.061,0.855
15000,0.095,0.058,0.848
15500,0.086,0.072,0.842
16000,0.104,0.056,0.841
16500,0.080,0.063,0.857
17000,0.059,0.079,0.863
17500,0.098,0.068,0.835
18000,0.082,0.051,0.867
18500,0.116,0.031,0.853
19000,0.083,0.040,0.877
19500,0.078,0.091,0.831
20000,0.081,0.065,0.854
20500,0.112,0.061,0.827
21000,0.082,0.083,0.836
21500,0.060,0.073,0.866
22000,0.073,0.086,0.842
22500,0.074,0.054,0.871
23000,0.086,0.064,0.849
23500,0.098,0.052,0.850
24000,0.130,0.026,0.844
24500,0.155,0.038,0.806
25000,0.141,0.030,0.829
25500,0.150,0.029,0.821
26000,0.162,0.015,0.823
26500,0.174,0.021,0.806
27000,0.170,0.010,0.821
27500,0.178,0.015,0.806
28000,0.202,0.004,0.795
28500,0.223,0.005,0.772
29000,0.234,0.004,0.762
29500,0.204,0.011,0.785
30000,0.175,0.003,0.822
30500,0.204,0.009,0.786
31000,0.168,0.016,0.817
31500,0.153,0.016,0.831
32000,0.133,0.033,0.834
32500,0.170,0.025,0.805
33000,0.142,0.027,0.831
33500,0.153,0.026,0.821
34000,0.134,0.038,0.828
34500,0.117,0.035,0.848
35000,0.115,0.050,0.835
35500,0.102,0.053,0.845
36000,0.086,0.060,0.854
36500,0.103,0.039,0.858
37000,0.099,0.025,0.876
37500,0.124,0.028,0.848
38000,0.118,0.036,0.845
38500,0.141,0.049,0.810
39000,0.116,0.052,0.832
39500,0.092,0.066,0.843
40000,0.150,0.026,0.823
40500,0.143,0.017,0.840
41000,0.183,0.021,0.795
41500,0.204,0.004,0.791
42000,0.178,0.012,0.809
42500,0.184,0.015,0.800
43000,0.169,0.015,0.816
43500,0.121,0.009,0.870
44000,0.161,0.015,0.824
44500,0.161,0.024,0.815
45000,0.188,0.015,0.797
45500,0.166,0.016,0.818
46000,0.142,0.014,0.844
46500,0.135,0.052,0.812
47000,0.151,0.035,0.814
47500,0.172,0.033,0.795
48000,0.208,0.011,0.781
48500,0.178,0.006,0.816
49000,0.199,0.032,0.769
49500,0.179,0.019,0.801
50000,0.177,0.021,0.801
50500,0.175,0.021,0.803
51000,0.184,0.010,0.805
51500,0.185,0.015,0.800
52000,0.146,0.013,0.842
52500,0.177,0.018,0.804
53000,0.159,0.026,0.815
53500,0.158,0.021,0.822
54000,0.144,0.035,0.822
54500,0.191,0.024,0.785
55000,0.154,0.013,0.832
55500,0.190,0.004,0.806
56000,0.142,0.009,0.849
56500,0.148,0.035,0.818
57000,0.150,0.018,0.832
57500,0.135,0.030,0.835
58000,0.131,0.035,0.834
58500,0.107,0.037,0.855
59000,0.102,0.044,0.853
59500,0.117,0.035,0.848
60000,0.127,0.045,0.828
60500,0.136,0.028,0.837
61000,0.101,0.038,0.861
61500,0.121,0.043,0.836
62000,0.133,0.025,0.842
62500,0.152,0.033,0.815
63000,0.123,0.036,0.841
63500,0.091,0.051,0.858
64000,0.088,0.048,0.864
64500,0.082,0.035,0.884
65000,0.092,0.044,0.864
65500,0.110,0.042,0.848
66000,0.103,0.050,0.848
66500,0.090,0.022,0.887
67000,0.103,0.057,0.841
67500,0.102,0.062,0.835
68000,0.107,0.065,0.828
68500,0.121,0.036,0.843
69000,0.118,0.056,0.826
69500,0.143,0.036,0.821
70000,0.152,0.018,0.830
70500,0.154,0.007,0.839
71000,0.168,0.021,0.811
71500,0.166,0.018,0.817
72000,0.163,0.018,0.820
72500,0.181,0.017,0.802
73000,0.166,0.024,0.811
73500,0.160,0.025,0.816
74000,0.176,0.018,0.805
74500,0.189,0.016,0.795
75000,0.175,0.012,0.813
75500,0.239,0.009,0.752
76000,0.226,0.003,0.772
76500,0.215,0.007,0.778
77000,0.193,0.018,0.789
77500,0.173,0.018,0.808
78000,0.160,0.017,0.823
78500,0.176,0.024,0.801
79000,0.177,0.011,0.811
79500,0.182,0.016,0.802
80000,0.199,0.013,0.789
80500,0.266,0.004,0.731
81000,0.154,0.009,0.837
81500,0.170,0.015,0.816
82000,0.187,0.006,0.806
82500,0.178,0.007,0.814
83000,0.147,0.029,0.824
83500,0.147,0.018,0.835
84000,0.175,0.012,0.813
84500,0.158,0.013,0.829
85000,0.186,0.011,0.803
85500,0.191,0.015,0.795
86000,0.189,0.021,0.790
86500,0.179,0.013,0.808
87000,0.194,0.012,0.794
87500,0.176,0.023,0.801
88000,0.138,0.033,0.829
88500,0.112,0.031,0.857
89000,0.137,0.022,0.841
89500,0.102,0.062,0.835
90000,0.080,0.050,0.871
90500,0.089,0.060,0.851
91000,0.100,0.040,0.861
91500,0.117,0.068,0.815
92000,0.129,0.049,0.822
92500,0.118,0.028,0.855
93000,0.168,0.011,0.821
93500,0.152,0.021,0.827
94000,0.160,0.034,0.806
94500,0.214,0.013,0.773
95000,0.221,0.005,0.774
95500,0.228,0.006,0.766
96000,0.239,0.011,0.749
96500,0.208,0.006,0.785
97000,0.150,0.014,0.836
97500,0.188,0.015,0.798
98000,0.164,0.014,0.823
98500,0.159,0.021,0.820
99000,0.182,0.021,0.796
99500,0.174,0.018,0.808
100000,0.153,0.028,0.819
100500,0.153,0.024,0.824
101000,0.161,0.020,0.820
101500,0.188,0.012,0.800
102000,0.176,0.007,0.817
102500,0.183,0.013,0.804
103000,0.194,0.017,0.790
103500,0.200,0.004,0.796
104000,0.210,0.026,0.764
104500,0.193,0.017,0.791
105000,0.157,0.027,0.816
105500,0.150,0.017,0.833
106000,0.158,0.019,0.823
106500,0.152,0.034,0.815
107000,0.150,0.026,0.824
107500,0.138,0.040,0.823
108000,0.117,0.025,0.858
108500,0.117,0.036,0.847
109000,0.130,0.026,0.845
109500,0.171,0.015,0.814
110000,0.164,0.014,0.823
110500,0.182,0.020,0.797
111000,0.178,0.037,0.784
111500,0.170,0.016,0.815
112000,0.174,0.011,0.815
112500,0.145,0.017,0.838
113000,0.142,0.021,0.837
113500,0.108,0.038,0.854
114000,0.106,0.029,0.866
114500,0.104,0.043,0.854
115000,0.115,0.041,0.845
115500,0.111,0.049,0.840
116000,0.125,0.050,0.826
116500,0.126,0.042,0.833
117000,0.165,0.035,0.800
117500,0.137,0.021,0.842
118000,0.133,0.041,0.826
118500,0.118,0.036,0.845
119000,0.166,0.030,0.804
119500,0.140,0.029,0.831
120000,0.163,0.025,0.812
120500,0.115,0.022,0.863
121000,0.115,0.032,0.853
121500,0.097,0.050,0.854
122000,0.136,0.061,0.803
122500,0.118,0.050,0.832
123000,0.118,0.034,0.848
123500,0.129,0.022,0.849
124000,0.134,0.040,0.826
124500,0.137,0.033,0.831
125000,0.128,0.055,0.818
125500,0.137,0.042,0.821
126000,0.102,0.017,0.882
126500,0.112,0.052,0.836
127000,0.103,0.035,0.861
127500,0.097,0.051,0.853
128000,0.110,0.039,0.851
128500,0.108,0.029,0.863
129000,0.101,0.045,0.854
129500,0.126,0.050,0.825
130000,0.120,0.031,0.848
130500,0.138,0.036,0.826
131000,0.122,0.036,0.842
131500,0.117,0.043,0.839
132000,0.151,0.032,0.818
132500,0.164,0.006,0.831
133000,0.162,0.028,0.810
133500,0.139,0.017,0.844
134000,0.130,0.026,0.844
134500,0.104,0.032,0.865
135000,0.123,0.046,0.831
135500,0.129,0.038,0.833
136000,0.117,0.037,0.845
136500,0.116,0.027,0.857
137000,0.143,0.022,0.834
137500,0.134,0.042,0.824
138000,0.171,0.024,0.805
138500,0.164,0.019,0.818
139000,0.135,0.048,0.818
139500,0.101,0.054,0.845
140000,0.111,0.041,0.849
140500,0.168,0.024,0.808
141000,0.131,0.021,0.848
141500,0.157,0.020,0.823
142000,0.176,0.031,0.792
142500,0.128,0.021,0.852
143000,0.117,0.045,0.838
143500,0.146,0.052,0.801
144000,0.128,0.048,0.825
144500,0.131,0.034,0.836
145000,0.139,0.038,0.823
145500,0.131,0.027,0.842
146000,0.161,0.005,0.834
146500,0.186,0.012,0.802
147000,0.216,0.009,0.776
147500,0.181,0.014,0.804
148000,0.183,0.015,0.801
148500,0.211,0.012,0.776
149000,0.207,0.005,0.788
149500,0.196,0.011,0.794
150000,0.191,0.015,0.794
150500,0.192,0.010,0.798
151000,0.200,0.005,0.795
151500,0.189,0.005,0.806
152000,0.209,0.011,0.780
152500,0.188,0.015,0.797
153000,0.186,0.025,0.788
153500,0.184,0.009,0.808
154000,0.211,0.004,0.784
154500,0.198,0.009,0.793
155000,0.143,0.014,0.843
155500,0.156,0.026,0.818
156000,0.103,0.042,0.854
156500,0.122,0.036,0.842
157000,0.138,0.029,0.833
157500,0.163,0.019,0.818
158000,0.142,0.056,0.802
158500,0.142,0.029,0.829
159000,0.182,0.010,0.807
159500,0.160,0.009,0.832
160000,0.237,0.011,0.753
160500,0.215,0.002,0.783
161000,0.229,0.009,0.763
161500,0.218,0.019,0.763
162000,0.230,0.015,0.756
162500,0.208,0.015,0.777
163000,0.193,0.022,0.785
163500,0.177,0.019,0.803
164000,0.159,0.014,0.828
164500,0.115,0.035,0.850
165000,0.116,0.064,0.820
165500,0.129,0.028,0.843
166000,0.114,0.047,0.839
166500,0.096,0.042,0.862
167000,0.090,0.040,0.870
167500,0.100,0.058,0.843
168000,0.086,0.059,0.855
168500,0.060,0.079,0.861
169000,0.070,0.113,0.817
169500,0.051,0.078,0.871
170000,0.074,0.068,0.858
170500,0.078,0.090,0.832
171000,0.070,0.086,0.844
171500,0.060,0.077,0.863
172000,0.077,0.058,0.866
172500,0.073,0.064,0.863
173000,0.090,0.062,0.847
173500,0.104,0.053,0.843
174000,0.087,0.035,0.877
174500,0.076,0.086,0.838
175000,0.093,0.045,0.862
175500,0.099,0.048,0.854
176000,0.098,0.051,0.852
176500,0.083,0.053,0.864
177000,0.068,0.057,0.875
177500,0.077,0.051,0.872
178000,0.129,0.065,0.807
178500,0.106,0.049,0.845
179000,0.129,0.048,0.823
179500,0.112,0.019,0.869
180000,0.116,0.043,0.841
180500,0.170,0.024,0.806
181000,0.173,0.015,0.812
181500,0.174,0.019,0.806
182000,0.203,0.005,0.792
182500,0.215,0.004,0.780
183000,0.234,0.001,0.765
183500,0.207,0.014,0.779
184000,0.163,0.005,0.833
184500,0.174,0.012,0.814
185000,0.222,0.003,0.775
185500,0.184,0.011,0.805
186000,0.177,0.013,0.810
186500,0.162,0.029,0.810
187000,0.181,0.027,0.792
187500,0.155,0.025,0.821
188000,0.187,0.046,0.767
188500,0.146,0.025,0.829
189000,0.154,0.021,0.826
189500,0.166,0.021,0.813
190000,0.150,0.011,0.839
190500,0.177,0.020,0.802
191000,0.192,0.022,0.786
191500,0.213,0.005,0.782
192000,0.199,0.018,0.783
192500,0.196,0.026,0.778
193000,0.130,0.021,0.849
193500,0.148,0.022,0.830
194000,0.142,0.022,0.836
194500,0.177,0.013,0.809
195000,0.187,0.021,0.792
195500,0.188,0.009,0.803
196000,0.215,0.004,0.781
196500,0.170,0.014,0.816
197000,0.134,0.034,0.832
197500,0.121,0.043,0.836
198000,0.106,0.038,0.855
198500,0.088,0.049,0.863
199000,0.092,0.065,0.843
199500,0.139,0.036,0.825
200000,0.127,0.041,0.833
200500,0.136,0.024,0.841
201000,0.128,0.035,0.838
201500,0.103,0.026,0.870
202000,0.113,0.025,0.862
202500,0.136,0.051,0.814
203000,0.100,0.061,0.839
203500,0.126,0.058,0.817
204000,0.117,0.031,0.852
204500,0.126,0.024,0.851
205000,0.150,0.017,0.833
205500,0.176,0.018,0.806
206000,0.171,0.007,0.823
206500,0.172,0.013,0.816
207000,0.176,0.017,0.806
207500,0.214,0.009,0.777
208000,0.195,0.007,0.798
208500,0.172,0.006,0.822
209000,0.155,0.025,0.820
209500,0.110,0.026,0.864
210000,0.141,0.015,0.844
210500,0.144,0.023,0.833
211000,0.124,0.040,0.836
211500,0.164,0.030,0.806
212000,0.117,0.043,0.840
212500,0.136,0.043,0.822
213000,0.113,0.035,0.852
213500,0.174,0.027,0.799
214000,0.191,0.014,0.795
214500,0.209,0.015,0.776
215000,0.160,0.020,0.821
215500,0.166,0.013,0.822
216000,0.180,0.023,0.797
216500,0.182,0.018,0.799
217000,0.135,0.010,0.855
217500,0.172,0.017,0.811
218000,0.188,0.017,0.795
218500,0.182,0.011,0.808
219000,0.198,0.015,0.787
219500,0.167,0.011,0.823
220000,0.147,0.016,0.837
220500,0.149,0.031,0.820
221000,0.125,0.021,0.854
221500,0.160,0.021,0.819
222000,0.141,0.031,0.828
222500,0.162,0.021,0.817
223000,0.153,0.030,0.817
223500,0.156,0.029,0.816
224000,0.108,0.036,0.856
224500,0.137,0.029,0.834
225000,0.132,0.043,0.825
225500,0.117,0.048,0.836
226000,0.137,0.052,0.811
226500,0.118,0.038,0.843
227000,0.147,0.023,0.830
227500,0.206,0.018,0.776
228000,0.157,0.003,0.840
228500,0.168,0.021,0.811
229000,0.117,0.034,0.849
229500,0.132,0.025,0.843
230000,0.119,0.031,0.850
230500,0.104,0.043,0.852
231000,0.084,0.057,0.859
231500,0.075,0.062,0.862
232000,0.157,0.036,0.807
232500,0.160,0.032,0.808
233000,0.140,0.026,0.835
233500,0.175,0.005,0.820
234000,0.169,0.013,0.818
234500,0.162,0.015,0.824
235000,0.184,0.014,0.801
235500,0.163,0.009,0.828
236000,0.201,0.018,0.781
236500,0.182,0.013,0.804
237000,0.159,0.027,0.815
237500,0.141,0.021,0.838
238000,0.107,0.035,0.859
238500,0.108,0.045,0.847
239000,0.127,0.038,0.835
239500,0.127,0.047,0.826
240000,0.100,0.040,0.860
240500,0.108,0.051,0.841
241000,0.138,0.026,0.836
241500,0.138,0.018,0.844
242000,0.213,0.022,0.764
242500,0.195,0.013,0.792
243000,0.186,0.009,0.804
243500,0.183,0.004,0.813
244000,0.151,0.013,0.836
244500,0.168,0.009,0.824
245000,0.131,0.021,0.848
245500,0.138,0.021,0.841
246000,0.166,0.021,0.814
246500,0.161,0.019,0.820
247000,0.178,0.021,0.801
247500,0.145,0.032,0.824
248000,0.123,0.045,0.832
248500,0.111,0.036,0.853
249000,0.096,0.041,0.863
249500,0.112,0.048,0.841
250000,0.117,0.041,0.843
250500,0.122,0.034,0.844
251000,0.115,0.028,0.857
251500,0.146,0.026,0.828
252000,0.166,0.018,0.817
252500,0.163,0.025,0.811
253000,0.171,0.021,0.808
253500,0.208,0.021,0.771
254000,0.177,0.006,0.816
254500,0.184,0.005,0.810
255000,0.158,0.024,0.819
255500,0.175,0.026,0.798
256000,0.172,0.013,0.815
256500,0.186,0.020,0.793
257000,0.156,0.035,0.809
257500,0.139,0.030,0.831
258000,0.149,0.041,0.809
258500,0.166,0.019,0.815
259000,0.179,0.034,0.787
259500,0.164,0.024,0.812
260000,0.143,0.020,0.837
260500,0.173,0.017,0.810
261000,0.148,0.022,0.829
261500,0.144,0.019,0.836
262000,0.174,0.029,0.796
262500,0.142,0.019,0.839
263000,0.144,0.022,0.833
263500,0.198,0.019,0.783
264000,0.198,0.022,0.780
264500,0.204,0.022,0.773
265000,0.168,0.010,0.822
265500,0.172,0.013,0.815
266000,0.129,0.029,0.842
266500,0.137,0.025,0.838
267000,0.121,0.013,0.866
267500,0.143,0.026,0.831
268000,0.149,0.025,0.826
268500,0.146,0.040,0.814
269000,0.161,0.033,0.807
269500,0.224,0.009,0.767
270000,0.228,0.007,0.765
270500,0.211,0.013,0.776
271000,0.199,0.011,0.791
271500,0.209,0.008,0.782
272000,0.204,0.009,0.787
272500,0.192,0.009,0.799
273000,0.155,0.016,0.829
273500,0.141,0.014,0.845
274000,0.130,0.025,0.845
274500,0.182,0.015,0.803
275000,0.197,0.004,0.798
275500,0.181,0.009,0.810
276000,0.161,0.011,0.829
276500,0.157,0.007,0.836
277000,0.162,0.015,0.823
277500,0.180,0.024,0.796
278000,0.183,0.015,0.802
278500,0.199,0.011,0.790
279000,0.172,0.005,0.822
279500,0.189,0.007,0.804
280000,0.160,0.015,0.825
280500,0.180,0.013,0.808
281000,0.152,0.021,0.827
281500,0.144,0.024,0.832
282000,0.106,0.035,0.859
282500,0.087,0.080,0.833
283000,0.100,0.042,0.858
283500,0.123,0.032,0.846
284000,0.180,0.011,0.809
284500,0.172,0.018,0.810
285000,0.148,0.015,0.837
285500,0.164,0.029,0.808
286000,0.173,0.018,0.808
286500,0.203,0.011,0.786
287000,0.179,0.015,0.805
287500,0.146,0.023,0.831
288000,0.167,0.050,0.783
288500,0.141,0.030,0.829
289000,0.152,0.032,0.817
289500,0.157,0.011,0.832
290000,0.214,0.013,0.774
290500,0.203,0.013,0.784
291000,0.192,0.015,0.793
291500,0.148,0.018,0.834
292000,0.154,0.029,0.817
292500,0.147,0.025,0.827
293000,0.142,0.037,0.821
293500,0.129,0.040,0.831
294000,0.138,0.040,0.823
294500,0.147,0.029,0.825
295000,0.182,0.009,0.809
295500,0.138,0.010,0.852
296000,0.123,0.018,0.859
296500,0.149,0.022,0.828
297000,0.121,0.016,0.863
297500,0.115,0.032,0.853
298000,0.112,0.033,0.855
298500,0.119,0.040,0.842
299000,0.146,0.043,0.811
299500,0.159,0.041,0.800
300000,0.145,0.029,0.827
300500,0.131,0.049,0.820
301000,0.131,0.039,0.830
301500,0.135,0.045,0.820
302000,0.101,0.038,0.861
302500,0.088,0.047,0.864
303000,0.080,0.056,0.864
303500,0.108,0.043,0.849
304000,0.152,0.031,0.817
304500,0.137,0.034,0.830
305000,0.130,0.012,0.859
305500,0.128,0.015,0.858
306000,0.111,0.035,0.854
306500,0.100,0.051,0.849
307000,0.079,0.057,0.864
307500,0.110,0.046,0.844
308000,0.083,0.051,0.866
308500,0.092,0.049,0.859
309000,0.144,0.019,0.837
309500,0.158,0.021,0.821
310000,0.141,0.045,0.814
310500,0.113,0.040,0.848
311000,0.161,0.033,0.807
311500,0.113,0.059,0.829
312000,0.101,0.073,0.826
312500,0.138,0.051,0.812
313000,0.155,0.035,0.809
313500,0.158,0.026,0.817
314000,0.107,0.048,0.845
314500,0.137,0.029,0.835
315000,0.160,0.026,0.814
315500,0.149,0.029,0.822
316000,0.141,0.035,0.824
316500,0.144,0.036,0.820
317000,0.165,0.025,0.810
317500,0.142,0.019,0.838
318000,0.161,0.027,0.812
318500,0.159,0.019,0.823
319000,0.162,0.017,0.822
319500,0.164,0.017,0.819
320000,0.192,0.012,0.796
320500,0.116,0.026,0.858
321000,0.135,0.031,0.834
321500,0.143,0.031,0.826
322000,0.141,0.027,0.832
322500,0.164,0.025,0.812
323000,0.148,0.023,0.829
323500,0.146,0.035,0.819
324000,0.179,0.021,0.800
324500,0.179,0.018,0.802
325000,0.166,0.017,0.817
325500,0.171,0.012,0.817
326000,0.171,0.018,0.811
326500,0.130,0.018,0.852
327000,0.135,0.024,0.841
327500,0.124,0.025,0.851
328000,0.139,0.037,0.824
328500,0.131,0.027,0.842
329000,0.142,0.029,0.828
329500,0.133,0.018,0.850
330000,0.121,0.040,0.840
330500,0.126,0.035,0.839
331000,0.153,0.032,0.815
331500,0.152,0.025,0.823
332000,0.105,0.022,0.872
332500,0.121,0.022,0.856
333000,0.133,0.033,0.834
333500,0.108,0.033,0.860
334000,0.111,0.042,0.848
334500,0.117,0.038,0.845
335000,0.149,0.029,0.822
335500,0.141,0.033,0.826
336000,0.117,0.033,0.850
336500,0.114,0.054,0.832
337000,0.141,0.033,0.826
337500,0.147,0.029,0.824
338000,0.122,0.037,0.841
338500,0.091,0.025,0.884
339000,0.111,0.032,0.857
339500,0.119,0.021,0.860
340000,0.130,0.026,0.844
340500,0.161,0.016,0.824
341000,0.155,0.042,0.802
341500,0.168,0.019,0.813
342000,0.172,0.031,0.796
342500,0.169,0.025,0.805
343000,0.185,0.020,0.794
343500,0.188,0.010,0.802
344000,0.139,0.021,0.840
344500,0.152,0.018,0.830
345000,0.165,0.015,0.820
345500,0.146,0.018,0.837
346000,0.205,0.013,0.781
346500,0.219,0.017,0.765
347000,0.216,0.013,0.772
347500,0.181,0.007,0.811
348000,0.193,0.026,0.781
348500,0.172,0.018,0.810
349000,0.173,0.018,0.808
349500,0.176,0.015,0.808
350000,0.193,0.011,0.796
350500,0.174,0.021,0.805
351000,0.160,0.013,0.828
351500,0.183,0.019,0.797
352000,0.136,0.036,0.829
352500,0.186,0.021,0.793
353000,0.181,0.022,0.796
353500,0.184,0.006,0.809
354000,0.171,0.021,0.808
354500,0.148,0.025,0.827
355000,0.157,0.021,0.822
355500,0.140,0.028,0.833
356000,0.150,0.019,0.831
356500,0.150,0.028,0.823
357000,0.130,0.021,0.850
357500,0.141,0.022,0.837
358000,0.171,0.038,0.791
358500,0.132,0.036,0.833
359000,0.142,0.031,0.827
359500,0.158,0.021,0.821
360000,0.114,0.024,0.863
360500,0.131,0.035,0.835
361000,0.150,0.022,0.828
361500,0.152,0.026,0.821
362000,0.147,0.027,0.826
362500,0.120,0.044,0.835
363000,0.110,0.053,0.837
363500,0.134,0.035,0.831
364000,0.104,0.035,0.861
364500,0.094,0.062,0.844
365000,0.133,0.054,0.812
365500,0.103,0.054,0.842
366000,0.079,0.077,0.844
366500,0.106,0.058,0.836
367000,0.112,0.038,0.850
367500,0.150,0.048,0.801
368000,0.120,0.040,0.840
368500,0.096,0.031,0.873
369000,0.086,0.051,0.862
369500,0.108,0.031,0.861
370000,0.102,0.038,0.860
370500,0.098,0.048,0.854
371000,0.124,0.057,0.819
371500,0.148,0.032,0.820
372000,0.174,0.024,0.803
372500,0.172,0.034,0.794
373000,0.180,0.017,0.804
373500,0.150,0.025,0.824
374000,0.142,0.026,0.832
374500,0.134,0.021,0.845
375000,0.131,0.030,0.839
375500,0.127,0.022,0.851
376000,0.113,0.054,0.833
376500,0.104,0.045,0.850
377000,0.135,0.034,0.832
377500,0.174,0.029,0.796
378000,0.141,0.035,0.825
378500,0.141,0.052,0.807
379000,0.085,0.049,0.866
379500,0.112,0.051,0.838
380000,0.117,0.021,0.863
380500,0.147,0.017,0.836
381000,0.180,0.011,0.809
381500,0.175,0.007,0.817
382000,0.184,0.012,0.803
382500,0.241,0.009,0.749
383000,0.238,0.001,0.761
383500,0.233,0.015,0.752
384000,0.175,0.011,0.814
384500,0.170,0.019,0.811
385000,0.116,0.025,0.859
385500,0.131,0.035,0.835
386000,0.164,0.021,0.816
386500,0.172,0.017,0.811
387000,0.101,0.037,0.862
387500,0.112,0.026,0.862
388000,0.115,0.040,0.846
388500,0.104,0.017,0.879
389000,0.146,0.024,0.830
389500,0.159,0.026,0.815
390000,0.135,0.038,0.827
390500,0.121,0.036,0.843
391000,0.153,0.033,0.815
391500,0.153,0.043,0.804
392000,0.121,0.021,0.858
392500,0.148,0.018,0.835
393000,0.159,0.022,0.820
393500,0.160,0.028,0.812
394000,0.118,0.029,0.853
394500,0.162,0.028,0.810
395000,0.161,0.015,0.824
395500,0.176,0.013,0.810
396000,0.146,0.015,0.839
396500,0.167,0.018,0.816
397000,0.177,0.024,0.799
397500,0.121,0.035,0.843
398000,0.114,0.046,0.840
398500,0.104,0.031,0.864
399000,0.110,0.046,0.844
399500,0.085,0.034,0.881
400000,0.141,0.042,0.817
400500,0.127,0.036,0.837
401000,0.156,0.030,0.814
401500,0.138,0.032,0.831
402000,0.146,0.020,0.834
402500,0.153,0.030,0.817
403000,0.186,0.019,0.795
403500,0.194,0.016,0.790
404000,0.204,0.009,0.787
404500,0.231,0.004,0.766
405000,0.212,0.004,0.784
405500,0.197,0.017,0.786
406000,0.166,0.038,0.796
406500,0.135,0.027,0.838
407000,0.133,0.045,0.822
407500,0.163,0.027,0.810
408000,0.132,0.062,0.806
408500,0.107,0.056,0.838
409000,0.108,0.070,0.821
409500,0.096,0.055,0.849
410000,0.117,0.036,0.847
410500,0.141,0.034,0.826
411000,0.143,0.018,0.839
411500,0.170,0.028,0.802
412000,0.103,0.036,0.860
412500,0.149,0.026,0.825
413000,0.148,0.014,0.838
413500,0.181,0.021,0.797
414000,0.168,0.019,0.813
414500,0.164,0.009,0.828
415000,0.185,0.013,0.801
415500,0.115,0.029,0.857
416000,0.166,0.028,0.806
416500,0.122,0.010,0.868
417000,0.127,0.045,0.828
417500,0.113,0.033,0.854
418000,0.129,0.036,0.835
418500,0.119,0.041,0.840
419000,0.109,0.043,0.849
419500,0.124,0.021,0.855
420000,0.127,0.026,0.847
420500,0.130,0.024,0.847
421000,0.146,0.023,0.831
421500,0.169,0.018,0.814
422000,0.201,0.004,0.796
422500,0.207,0.007,0.785
423000,0.194,0.020,0.786
423500,0.193,0.011,0.796
424000,0.172,0.017,0.812
424500,0.188,0.012,0.800
425000,0.194,0.005,0.801
425500,0.196,0.008,0.796
426000,0.195,0.004,0.800
426500,0.197,0.010,0.793
427000,0.170,0.020,0.810
427500,0.183,0.019,0.797
428000,0.133,0.039,0.828
428500,0.165,0.018,0.818
429000,0.191,0.008,0.801
429500,0.203,0.014,0.783
430000,0.149,0.018,0.833
430500,0.189,0.015,0.796
431000,0.168,0.020,0.812
431500,0.183,0.015,0.801
432000,0.191,0.013,0.796
432500,0.141,0.029,0.830
433000,0.204,0.026,0.770
433500,0.167,0.032,0.801
434000,0.151,0.025,0.824
434500,0.138,0.037,0.825
435000,0.157,0.021,0.823
435500,0.152,0.026,0.822
436000,0.175,0.011,0.814
436500,0.224,0.007,0.769
437000,0.217,0.012,0.771
437500,0.188,0.018,0.794
438000,0.162,0.007,0.831
438500,0.187,0.015,0.797
439000,0.194,0.019,0.787
439500,0.192,0.011,0.797
440000,0.165,0.035,0.801
440500,0.169,0.009,0.822
441000,0.180,0.015,0.805
441500,0.225,0.007,0.768
442000,0.250,0.010,0.740
442500,0.228,0.009,0.763
443000,0.214,0.017,0.769
443500,0.172,0.025,0.802
444000,0.162,0.011,0.827
444500,0.182,0.006,0.811
445000,0.172,0.010,0.818
445500,0.190,0.017,0.794
446000,0.165,0.022,0.813
446500,0.112,0.033,0.856
447000,0.121,0.053,0.826
447500,0.105,0.042,0.852
448000,0.104,0.051,0.844
448500,0.089,0.057,0.854
449000,0.119,0.071,0.809
449500,0.087,0.044,0.868
450000,0.083,0.076,0.841
450500,0.080,0.065,0.855
451000,0.066,0.079,0.855
451500,0.086,0.051,0.862
452000,0.116,0.051,0.833
452500,0.102,0.054,0.843
453000,0.090,0.049,0.861
453500,0.099,0.032,0.869
454000,0.103,0.050,0.846
454500,0.151,0.036,0.813
455000,0.175,0.028,0.797
455500,0.111,0.019,0.870
456000,0.146,0.035,0.820
456500,0.159,0.022,0.819
457000,0.144,0.018,0.838
457500,0.098,0.041,0.861
458000,0.091,0.057,0.852
458500,0.102,0.056,0.842
459000,0.088,0.053,0.858
459500,0.086,0.058,0.857
460000,0.077,0.079,0.844
460500,0.051,0.071,0.877
461000,0.048,0.092,0.860
461500,0.056,0.089,0.856
462000,0.081,0.081,0.839
462500,0.059,0.107,0.834
463000,0.061,0.069,0.870
463500,0.071,0.099,0.830
464000,0.068,0.068,0.865
464500,0.050,0.067,0.883
465000,0.092,0.088,0.820
465500,0.082,0.075,0.843
466000,0.129,0.050,0.821
466500,0.118,0.035,0.848
467000,0.093,0.032,0.876
467500,0.140,0.042,0.819
468000,0.154,0.032,0.814
468500,0.168,0.012,0.821
469000,0.143,0.025,0.832
469500,0.129,0.028,0.843
470000,0.135,0.035,0.831
470500,0.122,0.040,0.838
471000,0.126,0.025,0.850
471500,0.122,0.034,0.843
472000,0.169,0.017,0.815
472500,0.120,0.027,0.852
473000,0.136,0.035,0.829
473500,0.101,0.056,0.844
474000,0.116,0.064,0.821
474500,0.131,0.038,0.831
475000,0.145,0.038,0.816
475500,0.151,0.020,0.829
476000,0.115,0.051,0.835
476500,0.113,0.044,0.843
477000,0.163,0.036,0.800
477500,0.142,0.021,0.837
478000,0.135,0.024,0.842
478500,0.130,0.025,0.846
479000,0.150,0.016,0.834
479500,0.167,0.035,0.798
480000,0.151,0.043,0.805
480500,0.141,0.025,0.834
481000,0.124,0.024,0.851
481500,0.107,0.041,0.853
482000,0.148,0.027,0.825
482500,0.113,0.053,0.834
483000,0.132,0.036,0.832
483500,0.118,0.043,0.839
484000,0.122,0.044,0.833
484500,0.089,0.068,0.843
485000,0.122,0.050,0.827
485500,0.110,0.049,0.841
486000,0.116,0.042,0.843
486500,0.141,0.042,0.817
487000,0.113,0.035,0.853
487500,0.122,0.032,0.846
488000,0.114,0.060,0.826
488500,0.092,0.070,0.838
489000,0.126,0.025,0.849
489500,0.169,0.032,0.800
490000,0.165,0.015,0.821
490500,0.161,0.017,0.823
491000,0.118,0.040,0.841
491500,0.127,0.015,0.858
492000,0.145,0.029,0.826
492500,0.112,0.036,0.852
493000,0.089,0.023,0.887
493500,0.147,0.022,0.831
494000,0.123,0.033,0.844
494500,0.087,0.063,0.850
495000,0.084,0.079,0.838
495500,0.104,0.058,0.838
496000,0.081,0.062,0.857
496500,0.092,0.061,0.846
497000,0.094,0.052,0.854
497500,0.069,0.086,0.845
498000,0.068,0.093,0.838
498500,0.050,0.080,0.871
499000,0.058,0.102,0.840
499500,0.060,0.071,0.868
500000,0.054,0.097,0.849
500500,0.067,0.092,0.841
501000,0.086,0.077,0.837
501500,0.097,0.052,0.851
502000,0.123,0.036,0.841
502500,0.129,0.019,0.852
503000,0.128,0.026,0.846
503500,0.153,0.037,0.809
504000,0.167,0.021,0.812
504500,0.177,0.029,0.793
505000,0.189,0.019,0.792
505500,0.170,0.026,0.803
506000,0.142,0.035,0.823
506500,0.126,0.033,0.842
507000,0.150,0.043,0.807
507500,0.159,0.030,0.811
508000,0.121,0.032,0.847
508500,0.106,0.037,0.857
509000,0.087,0.045,0.867
509500,0.099,0.059,0.842
510000,0.118,0.034,0.849
510500,0.129,0.037,0.834
511000,0.121,0.035,0.844
511500,0.111,0.022,0.867
512000,0.159,0.029,0.812
512500,0.179,0.020,0.800
513000,0.142,0.039,0.819
513500,0.148,0.032,0.820
514000,0.144,0.019,0.837
514500,0.167,0.011,0.822
515000,0.134,0.019,0.847
515500,0.160,0.049,0.791
516000,0.159,0.024,0.818
516500,0.142,0.045,0.813
517000,0.150,0.039,0.811
517500,0.158,0.019,0.823
518000,0.119,0.027,0.854
518500,0.151,0.037,0.811
519000,0.136,0.018,0.847
519500,0.142,0.031,0.827
520000,0.144,0.024,0.832
520500,0.162,0.021,0.817
521000,0.194,0.009,0.797
521500,0.163,0.029,0.808
522000,0.157,0.023,0.821
522500,0.162,0.016,0.823
523000,0.193,0.021,0.786
523500,0.194,0.015,0.791
524000,0.215,0.003,0.781
524500,0.197,0.006,0.797
525000,0.183,0.003,0.815
525500,0.225,0.008,0.767
526000,0.192,0.010,0.798
526500,0.170,0.016,0.814
527000,0.180,0.013,0.806
527500,0.168,0.028,0.804
528000,0.188,0.012,0.800
528500,0.195,0.014,0.791
529000,0.203,0.012,0.785
529500,0.173,0.015,0.811
530000,0.191,0.006,0.803
530500,0.159,0.031,0.810
531000,0.194,0.033,0.774
531500,0.148,0.041,0.811
532000,0.090,0.042,0.868
532500,0.091,0.059,0.850
533000,0.062,0.102,0.836
533500,0.072,0.095,0.833
534000,0.057,0.097,0.847
534500,0.057,0.082,0.862
535000,0.087,0.059,0.854
535500,0.088,0.051,0.861
536000,0.120,0.040,0.841
536500,0.111,0.049,0.840
537000,0.119,0.051,0.830
537500,0.102,0.048,0.851
538000,0.106,0.047,0.846
538500,0.103,0.059,0.838
539000,0.124,0.049,0.828
539500,0.147,0.060,0.792
540000,0.143,0.025,0.831
540500,0.106,0.059,0.835
541000,0.092,0.055,0.852
541500,0.123,0.062,0.815
542000,0.135,0.035,0.830
542500,0.155,0.021,0.824
543000,0.148,0.022,0.830
543500,0.123,0.043,0.833
544000,0.167,0.037,0.796
544500,0.160,0.028,0.812
545000,0.141,0.034,0.825
545500,0.160,0.041,0.799
546000,0.144,0.030,0.826
546500,0.132,0.018,0.850
547000,0.128,0.043,0.829
547500,0.149,0.023,0.828
548000,0.133,0.022,0.845
548500,0.150,0.026,0.824
549000,0.142,0.026,0.832
549500,0.122,0.048,0.830
550000,0.103,0.061,0.836
550500,0.102,0.038,0.860
551000,0.099,0.060,0.841
551500,0.134,0.047,0.819
552000,0.169,0.029,0.802
552500,0.157,0.032,0.812
553000,0.167,0.019,0.815
553500,0.203,0.010,0.787
554000,0.175,0.013,0.812
554500,0.151,0.018,0.831
555000,0.157,0.011,0.832
555500,0.197,0.023,0.780
556000,0.162,0.033,0.806
556500,0.140,0.029,0.832
557000,0.164,0.008,0.828
557500,0.197,0.009,0.794
558000,0.159,0.029,0.812
558500,0.156,0.028,0.816
559000,0.117,0.031,0.852
559500,0.123,0.021,0.856
560000,0.177,0.014,0.809
560500,0.148,0.018,0.834
561000,0.145,0.018,0.837
561500,0.170,0.026,0.804
562000,0.217,0.007,0.776
562500,0.178,0.009,0.814
563000,0.221,0.004,0.775
563500,0.176,0.029,0.794
564000,0.164,0.036,0.800
564500,0.153,0.022,0.824
565000,0.140,0.013,0.847
565500,0.172,0.023,0.804
566000,0.162,0.025,0.813
566500,0.132,0.040,0.829
567000,0.116,0.051,0.834
567500,0.116,0.046,0.838
568000,0.111,0.035,0.854
568500,0.142,0.028,0.830
569000,0.147,0.016,0.837
569500,0.169,0.021,0.810
570000,0.184,0.018,0.798
570500,0.184,0.025,0.790
571000,0.150,0.021,0.829
571500,0.147,0.036,0.817
572000,0.157,0.029,0.815
572500,0.123,0.025,0.852
573000,0.127,0.030,0.843
573500,0.173,0.013,0.813
574000,0.166,0.007,0.828
574500,0.151,0.022,0.827
575000,0.147,0.032,0.821
575500,0.158,0.025,0.818
576000,0.159,0.011,0.831
576500,0.179,0.039,0.781
577000,0.147,0.031,0.822
577500,0.173,0.025,0.802
578000,0.159,0.015,0.826
578500,0.136,0.026,0.838
579000,0.108,0.047,0.845
579500,0.083,0.065,0.853
580000,0.065,0.077,0.858
580500,0.074,0.072,0.854
581000,0.091,0.056,0.852
581500,0.098,0.043,0.860
582000,0.147,0.022,0.831
582500,0.119,0.036,0.845
583000,0.133,0.053,0.814
583500,0.148,0.036,0.816
584000,0.140,0.021,0.840
584500,0.176,0.015,0.808
585000,0.208,0.018,0.773
585500,0.150,0.019,0.831
586000,0.127,0.021,0.853
586500,0.169,0.021,0.810
587000,0.170,0.033,0.797
587500,0.204,0.015,0.781
588000,0.162,0.024,0.815
588500,0.159,0.018,0.824
589000,0.143,0.027,0.830
589500,0.155,0.021,0.824
590000,0.151,0.017,0.832
590500,0.189,0.021,0.790
591000,0.189,0.009,0.802
591500,0.171,0.008,0.821
592000,0.152,0.024,0.824
592500,0.141,0.018,0.841
593000,0.129,0.025,0.847
593500,0.132,0.026,0.842
594000,0.141,0.035,0.825
594500,0.100,0.054,0.846
595000,0.082,0.051,0.867
595500,0.086,0.086,0.828
596000,0.089,0.052,0.859
596500,0.131,0.039,0.830
597000,0.126,0.033,0.842
597500,0.145,0.030,0.825
598000,0.164,0.019,0.818
598500,0.183,0.006,0.810
599000,0.188,0.013,0.800
599500,0.188,0.014,0.798
600000,0.163,0.023,0.815
600500,0.204,0.004,0.792
601000,0.208,0.005,0.787
601500,0.161,0.005,0.835
602000,0.158,0.018,0.824
602500,0.141,0.020,0.839
603000,0.163,0.029,0.808
603500,0.108,0.035,0.856
604000,0.143,0.036,0.821
604500,0.113,0.026,0.861
605000,0.115,0.035,0.850
605500,0.117,0.028,0.855
606000,0.117,0.045,0.838
606500,0.089,0.049,0.863
607000,0.103,0.057,0.841
607500,0.089,0.043,0.868
608000,0.094,0.041,0.865
608500,0.129,0.025,0.846
609000,0.088,0.047,0.864
609500,0.122,0.038,0.839
610000,0.092,0.053,0.855
610500,0.093,0.063,0.843
611000,0.082,0.069,0.849
611500,0.079,0.087,0.834
612000,0.076,0.080,0.844
612500,0.085,0.072,0.843
613000,0.066,0.083,0.851
613500,0.053,0.091,0.856
614000,0.075,0.078,0.847
614500,0.068,0.113,0.819
615000,0.061,0.114,0.825
615500,0.061,0.095,0.844
616000,0.060,0.115,0.825
616500,0.064,0.081,0.855
617000,0.067,0.102,0.831
617500,0.077,0.100,0.824
618000,0.048,0.097,0.855
618500,0.043,0.080,0.877
619000,0.054,0.105,0.840
619500,0.062,0.095,0.843
620000,0.070,0.091,0.838
620500,0.058,0.087,0.856
621000,0.095,0.047,0.858
621500,0.105,0.062,0.833
622000,0.095,0.041,0.865
622500,0.113,0.081,0.806
623000,0.115,0.070,0.816
623500,0.097,0.051,0.853
624000,0.074,0.051,0.874
624500,0.067,0.055,0.878
625000,0.087,0.061,0.852
625500,0.085,0.081,0.835
626000,0.065,0.084,0.852
626500,0.053,0.080,0.867
627000,0.064,0.094,0.843
627500,0.059,0.092,0.850
628000,0.060,0.079,0.861
628500,0.073,0.086,0.841
629000,0.080,0.076,0.844
629500,0.083,0.074,0.843
630000,0.091,0.040,0.869
630500,0.168,0.030,0.802
631000,0.197,0.015,0.788
631500,0.175,0.010,0.815
632000,0.139,0.026,0.835
632500,0.116,0.051,0.834
633000,0.086,0.048,0.866
633500,0.117,0.034,0.850
634000,0.117,0.059,0.825
634500,0.058,0.074,0.869
635000,0.077,0.090,0.833
635500,0.068,0.088,0.844
636000,0.059,0.074,0.867
636500,0.051,0.102,0.846
637000,0.076,0.089,0.834
637500,0.055,0.108,0.836
638000,0.059,0.087,0.855
638500,0.057,0.082,0.861
639000,0.094,0.068,0.838
639500,0.096,0.053,0.851
640000,0.084,0.054,0.862
640500,0.118,0.033,0.849
641000,0.120,0.022,0.858
641500,0.132,0.025,0.844
642000,0.106,0.057,0.837
642500,0.085,0.062,0.853
643000,0.111,0.049,0.840
643500,0.121,0.032,0.848
644000,0.117,0.034,0.849
644500,0.102,0.057,0.841
645000,0.095,0.066,0.839
645500,0.131,0.036,0.833
646000,0.112,0.026,0.862
646500,0.205,0.018,0.776
647000,0.217,0.008,0.774
647500,0.235,0.005,0.760
648000,0.236,0.009,0.754
648500,0.181,0.026,0.793
649000,0.144,0.039,0.817
649500,0.146,0.030,0.824
650000,0.149,0.019,0.832
650500,0.139,0.035,0.827
651000,0.111,0.036,0.853
651500,0.160,0.028,0.813
652000,0.191,0.013,0.796
652500,0.204,0.023,0.773
653000,0.154,0.029,0.817
653500,0.158,0.018,0.825
654000,0.192,0.007,0.801
654500,0.175,0.016,0.808
655000,0.139,0.022,0.839
655500,0.175,0.024,0.800
656000,0.197,0.015,0.788
656500,0.212,0.007,0.780
657000,0.167,0.025,0.809
657500,0.154,0.029,0.817
658000,0.129,0.035,0.836
658500,0.141,0.027,0.832
659000,0.167,0.031,0.802
659500,0.110,0.026,0.864
660000,0.126,0.037,0.838
660500,0.107,0.050,0.843
661000,0.085,0.050,0.865
661500,0.119,0.046,0.835
662000,0.107,0.040,0.853
662500,0.096,0.061,0.843
663000,0.130,0.042,0.828
663500,0.143,0.024,0.833
664000,0.130,0.025,0.845
664500,0.114,0.043,0.843
665000,0.129,0.033,0.839
665500,0.147,0.032,0.821
666000,0.114,0.042,0.844
666500,0.096,0.048,0.857
667000,0.074,0.053,0.872
667500,0.084,0.075,0.841
668000,0.117,0.053,0.830
668500,0.129,0.043,0.828
669000,0.135,0.051,0.814
669500,0.128,0.042,0.831
670000,0.138,0.022,0.840
670500,0.135,0.026,0.839
671000,0.157,0.013,0.831
671500,0.151,0.018,0.830
672000,0.182,0.022,0.795
672500,0.157,0.028,0.815
673000,0.183,0.015,0.801
673500,0.186,0.015,0.798
674000,0.182,0.011,0.806
674500,0.222,0.004,0.774
675000,0.181,0.015,0.803
675500,0.180,0.011,0.809
676000,0.123,0.019,0.857
676500,0.119,0.030,0.850
677000,0.104,0.035,0.860
677500,0.122,0.046,0.831
678000,0.121,0.042,0.838
678500,0.141,0.039,0.820
679000,0.124,0.039,0.837
679500,0.159,0.024,0.818
680000,0.124,0.042,0.834
680500,0.159,0.017,0.825
681000,0.167,0.013,0.820
681500,0.166,0.023,0.811
682000,0.161,0.021,0.818
682500,0.215,0.014,0.770
683000,0.183,0.004,0.813
683500,0.126,0.009,0.866
684000,0.148,0.011,0.840
684500,0.173,0.012,0.815
685000,0.170,0.011,0.820
685500,0.145,0.032,0.823
686000,0.170,0.022,0.808
686500,0.155,0.021,0.824
687000,0.153,0.018,0.829
687500,0.164,0.010,0.826
688000,0.193,0.002,0.806
688500,0.184,0.011,0.805
689000,0.201,0.012,0.787
689500,0.222,0.006,0.772
690000,0.207,0.009,0.784
690500,0.190,0.013,0.798
691000,0.179,0.022,0.799
691500,0.178,0.024,0.797
692000,0.195,0.011,0.794
692500,0.178,0.013,0.809
693000,0.146,0.022,0.832
693500,0.141,0.042,0.817
694000,0.106,0.032,0.862
694500,0.103,0.050,0.847
695000,0.087,0.059,0.854
695500,0.056,0.061,0.883
696000,0.037,0.115,0.848
696500,0.052,0.102,0.846
697000,0.050,0.118,0.831
697500,0.032,0.171,0.797
698000,0.043,0.136,0.821
698500,0.026,0.115,0.859
699000,0.063,0.088,0.849
699500,0.084,0.062,0.855
700000,0.075,0.083,0.842
700500,0.097,0.055,0.848
701000,0.067,0.093,0.840
701500,0.063,0.104,0.833
702000,0.069,0.079,0.853
702500,0.105,0.058,0.837
703000,0.127,0.048,0.826
703500,0.138,0.030,0.832
704000,0.152,0.028,0.821
704500,0.143,0.017,0.840
705000,0.113,0.046,0.841
705500,0.118,0.036,0.846
706000,0.140,0.022,0.839
706500,0.180,0.015,0.804
707000,0.175,0.024,0.801
707500,0.132,0.016,0.853
708000,0.135,0.025,0.841
708500,0.166,0.022,0.812
709000,0.141,0.043,0.816
709500,0.136,0.028,0.837
710000,0.130,0.035,0.835
710500,0.111,0.031,0.858
711000,0.148,0.035,0.817
711500,0.151,0.019,0.829
712000,0.181,0.011,0.807
712500,0.171,0.021,0.808
713000,0.184,0.011,0.804
713500,0.178,0.014,0.807
714000,0.186,0.021,0.794
714500,0.195,0.011,0.794
715000,0.201,0.011,0.789
715500,0.222,0.009,0.769
716000,0.169,0.022,0.809
716500,0.175,0.025,0.800
717000,0.182,0.021,0.796
717500,0.185,0.015,0.799
718000,0.196,0.004,0.800
718500,0.212,0.007,0.780
719000,0.189,0.009,0.803
719500,0.199,0.009,0.792
720000,0.194,0.007,0.799
720500,0.225,0.013,0.762
721000,0.215,0.015,0.770
721500,0.134,0.027,0.840
722000,0.114,0.036,0.850
722500,0.126,0.038,0.836
723000,0.121,0.042,0.837
723500,0.100,0.046,0.854
724000,0.091,0.060,0.849
724500,0.077,0.056,0.868
725000,0.076,0.059,0.864
725500,0.088,0.066,0.845
726000,0.072,0.092,0.836
726500,0.075,0.079,0.846
727000,0.086,0.071,0.843
727500,0.115,0.034,0.852
728000,0.101,0.029,0.870
728500,0.092,0.049,0.858
729000,0.107,0.047,0.846
729500,0.111,0.052,0.837
730000,0.114,0.042,0.844
730500,0.108,0.057,0.835
731000,0.102,0.043,0.854
731500,0.111,0.039,0.850
732000,0.142,0.026,0.832
732500,0.170,0.015,0.815
733000,0.171,0.025,0.805
733500,0.158,0.022,0.820
734000,0.118,0.042,0.840
734500,0.113,0.048,0.840
735000,0.161,0.025,0.814
735500,0.137,0.033,0.831
736000,0.151,0.020,0.829
736500,0.190,0.018,0.792
737000,0.161,0.038,0.801
737500,0.136,0.040,0.825
738000,0.166,0.021,0.813
738500,0.146,0.034,0.820
739000,0.149,0.018,0.834
739500,0.200,0.009,0.791
740000,0.158,0.030,0.812
740500,0.165,0.026,0.808
741000,0.173,0.011,0.816
741500,0.171,0.011,0.818
742000,0.192,0.011,0.797
742500,0.189,0.011,0.800
743000,0.177,0.009,0.814
743500,0.161,0.017,0.823
744000,0.176,0.023,0.801
744500,0.170,0.007,0.823
745000,0.143,0.021,0.836
745500,0.141,0.026,0.833
746000,0.163,0.025,0.811
746500,0.140,0.022,0.838
747000,0.175,0.019,0.805
747500,0.164,0.012,0.824
748000,0.177,0.019,0.803
748500,0.173,0.017,0.810
749000,0.169,0.025,0.806
749500,0.150,0.025,0.825
750000,0.154,0.012,0.834
750500,0.168,0.015,0.818
751000,0.153,0.023,0.824
751500,0.198,0.011,0.791
752000,0.166,0.018,0.816
752500,0.199,0.013,0.788
753000,0.183,0.011,0.806
753500,0.226,0.005,0.769
754000,0.209,0.007,0.783
754500,0.257,0.004,0.740
755000,0.209,0.007,0.784
755500,0.173,0.009,0.818
756000,0.200,0.013,0.787
756500,0.204,0.014,0.781
757000,0.170,0.009,0.821
757500,0.163,0.011,0.826
758000,0.170,0.020,0.810
758500,0.152,0.019,0.828
759000,0.157,0.015,0.828
759500,0.153,0.023,0.824
760000,0.116,0.047,0.837
760500,0.148,0.043,0.808
761000,0.150,0.021,0.829
761500,0.163,0.013,0.824
762000,0.185,0.034,0.781
762500,0.116,0.034,0.850
763000,0.136,0.053,0.811
763500,0.089,0.069,0.843
764000,0.083,0.079,0.838
764500,0.063,0.088,0.849
765000,0.074,0.068,0.858
765500,0.075,0.066,0.860
766000,0.104,0.048,0.848
766500,0.132,0.058,0.810
767000,0.097,0.064,0.839
767500,0.109,0.057,0.834
768000,0.153,0.035,0.811
768500,0.152,0.029,0.819
769000,0.155,0.015,0.830
769500,0.180,0.013,0.806
770000,0.176,0.011,0.813
770500,0.167,0.021,0.812
771000,0.168,0.018,0.815
771500,0.161,0.022,0.817
772000,0.154,0.013,0.833
772500,0.177,0.033,0.789
773000,0.183,0.030,0.786
773500,0.153,0.011,0.836
774000,0.124,0.029,0.846
774500,0.148,0.026,0.826
775000,0.143,0.013,0.845
775500,0.169,0.014,0.817
776000,0.171,0.027,0.802
776500,0.158,0.013,0.829
777000,0.181,0.004,0.815
777500,0.196,0.004,0.801
778000,0.179,0.012,0.808
778500,0.171,0.016,0.814
779000,0.170,0.020,0.810
779500,0.179,0.007,0.814
780000,0.180,0.007,0.812
780500,0.158,0.020,0.823
781000,0.148,0.036,0.816
781500,0.117,0.053,0.830
782000,0.085,0.053,0.862
782500,0.100,0.059,0.841
783000,0.093,0.064,0.843
783500,0.085,0.070,0.845
784000,0.082,0.061,0.857
784500,0.079,0.062,0.859
785000,0.127,0.041,0.832
785500,0.121,0.049,0.830
786000,0.118,0.068,0.815
786500,0.168,0.029,0.803
787000,0.145,0.023,0.832
787500,0.113,0.030,0.857
788000,0.101,0.046,0.853
788500,0.161,0.017,0.822
789000,0.153,0.022,0.825
789500,0.133,0.029,0.839
790000,0.123,0.030,0.847
790500,0.121,0.043,0.837
791000,0.087,0.039,0.873
791500,0.142,0.038,0.819
792000,0.135,0.028,0.837
792500,0.127,0.024,0.849
793000,0.146,0.041,0.813
793500,0.112,0.053,0.835
794000,0.097,0.040,0.864
794500,0.103,0.046,0.851
795000,0.126,0.029,0.846
795500,0.128,0.022,0.851
796000,0.121,0.015,0.863
796500,0.152,0.024,0.824
797000,0.189,0.015,0.797
797500,0.169,0.028,0.803
798000,0.204,0.015,0.780
798500,0.142,0.025,0.832
799000,0.152,0.024,0.824
799500,0.172,0.022,0.806
800000,0.144,0.013,0.843
800500,0.139,0.035,0.826
801000,0.119,0.036,0.845
801500,0.153,0.025,0.822
802000,0.158,0.010,0.832
802500,0.192,0.013,0.795
803000,0.176,0.030,0.794
803500,0.170,0.011,0.820
804000,0.126,0.028,0.846
804500,0.096,0.049,0.856
805000,0.096,0.056,0.848
805500,0.137,0.036,0.827
806000,0.132,0.029,0.840
806500,0.159,0.028,0.814
807000,0.126,0.025,0.850
807500,0.148,0.025,0.828
808000,0.167,0.032,0.801
808500,0.135,0.043,0.822
809000,0.151,0.025,0.823
809500,0.137,0.021,0.842
810000,0.123,0.033,0.844
810500,0.120,0.030,0.849
811000,0.147,0.017,0.836
811500,0.150,0.022,0.827
812000,0.106,0.063,0.831
812500,0.094,0.036,0.870
813000,0.135,0.029,0.836
813500,0.133,0.032,0.835
814000,0.171,0.030,0.799
814500,0.162,0.015,0.823
815000,0.164,0.023,0.814
815500,0.164,0.032,0.804
816000,0.138,0.022,0.840
816500,0.124,0.034,0.841
817000,0.129,0.018,0.853
817500,0.153,0.009,0.838
818000,0.172,0.033,0.794
818500,0.155,0.028,0.817
819000,0.167,0.021,0.812
819500,0.140,0.040,0.821
820000,0.101,0.053,0.846
820500,0.095,0.043,0.862
821000,0.104,0.073,0.822
821500,0.062,0.054,0.883
822000,0.077,0.046,0.876
822500,0.135,0.028,0.837
823000,0.136,0.028,0.837
823500,0.113,0.050,0.838
824000,0.086,0.036,0.878
824500,0.102,0.034,0.865
825000,0.117,0.040,0.843
825500,0.147,0.024,0.829
826000,0.116,0.025,0.859
826500,0.124,0.026,0.850
827000,0.114,0.051,0.835
827500,0.102,0.043,0.856
828000,0.141,0.043,0.816
828500,0.130,0.022,0.848
829000,0.152,0.018,0.830
829500,0.131,0.042,0.828
830000,0.127,0.052,0.821
830500,0.093,0.041,0.865
831000,0.118,0.041,0.841
831500,0.101,0.033,0.866
832000,0.118,0.040,0.842
832500,0.108,0.035,0.857
833000,0.141,0.047,0.811
833500,0.150,0.025,0.826
834000,0.168,0.024,0.808
834500,0.198,0.018,0.784
835000,0.190,0.013,0.798
835500,0.155,0.013,0.832
836000,0.206,0.018,0.776
836500,0.175,0.017,0.807
837000,0.158,0.016,0.827
837500,0.145,0.023,0.832
838000,0.169,0.019,0.812
838500,0.180,0.013,0.807
839000,0.180,0.005,0.815
839500,0.203,0.009,0.788
840000,0.162,0.011,0.828
840500,0.158,0.017,0.826
841000,0.168,0.021,0.811
841500,0.157,0.008,0.835
842000,0.154,0.015,0.830
842500,0.133,0.034,0.834
843000,0.154,0.015,0.831
843500,0.166,0.024,0.811
844000,0.139,0.013,0.848
844500,0.117,0.049,0.834
845000,0.110,0.041,0.849
845500,0.117,0.029,0.854
846000,0.119,0.053,0.827
846500,0.068,0.079,0.853
847000,0.071,0.071,0.858
847500,0.084,0.051,0.865
848000,0.087,0.061,0.852
848500,0.110,0.070,0.820
849000,0.148,0.037,0.815
849500,0.162,0.018,0.821
850000,0.127,0.021,0.852
850500,0.121,0.026,0.853
851000,0.114,0.046,0.840
851500,0.146,0.025,0.829
852000,0.148,0.009,0.843
852500,0.193,0.012,0.795
853000,0.167,0.011,0.823
853500,0.185,0.014,0.801
854000,0.189,0.011,0.799
854500,0.176,0.015,0.809
855000,0.200,0.007,0.793
855500,0.199,0.004,0.797
856000,0.165,0.013,0.823
856500,0.224,0.015,0.762
857000,0.214,0.021,0.765
857500,0.158,0.026,0.816
858000,0.146,0.035,0.819
858500,0.116,0.038,0.846
859000,0.144,0.031,0.825
859500,0.122,0.046,0.832
860000,0.108,0.035,0.856
860500,0.099,0.055,0.846
861000,0.084,0.062,0.854
861500,0.092,0.064,0.844
862000,0.127,0.048,0.825
862500,0.124,0.033,0.842
863000,0.126,0.043,0.832
863500,0.109,0.045,0.846
864000,0.123,0.047,0.830
864500,0.135,0.025,0.840
865000,0.150,0.014,0.836
865500,0.122,0.016,0.861
866000,0.143,0.033,0.824
866500,0.135,0.042,0.824
867000,0.113,0.033,0.855
867500,0.112,0.029,0.859
868000,0.135,0.035,0.830
868500,0.138,0.037,0.825
869000,0.139,0.033,0.829
869500,0.140,0.037,0.823
870000,0.195,0.015,0.790
870500,0.189,0.013,0.799
871000,0.189,0.006,0.805
871500,0.208,0.011,0.781
872000,0.207,0.018,0.776
872500,0.214,0.007,0.779
873000,0.192,0.006,0.802
873500,0.241,0.009,0.750
874000,0.210,0.016,0.774
874500,0.194,0.008,0.798
875000,0.189,0.024,0.787
875500,0.137,0.038,0.825
876000,0.136,0.037,0.827
876500,0.128,0.041,0.832
877000,0.141,0.026,0.832
877500,0.151,0.026,0.823
878000,0.101,0.056,0.843
878500,0.133,0.030,0.837
879000,0.164,0.029,0.806
879500,0.169,0.024,0.808
880000,0.197,0.014,0.789
880500,0.174,0.017,0.809
881000,0.178,0.013,0.809
881500,0.198,0.005,0.797
882000,0.194,0.020,0.786
882500,0.121,0.031,0.848
883000,0.157,0.022,0.821
883500,0.157,0.022,0.821
884000,0.142,0.013,0.845
884500,0.145,0.021,0.835
885000,0.151,0.022,0.827
885500,0.165,0.020,0.816
886000,0.169,0.010,0.822
886500,0.183,0.021,0.795
887000,0.178,0.014,0.807
887500,0.183,0.006,0.810
888000,0.199,0.012,0.789
888500,0.191,0.011,0.798
889000,0.187,0.007,0.806
889500,0.173,0.017,0.809
890000,0.154,0.015,0.831
890500,0.134,0.035,0.831
891000,0.134,0.032,0.834
891500,0.166,0.021,0.813
892000,0.180,0.017,0.803
892500,0.224,0.009,0.768
893000,0.205,0.007,0.788
893500,0.191,0.008,0.801
894000,0.147,0.034,0.819
894500,0.143,0.038,0.818
895000,0.167,0.031,0.802
895500,0.104,0.037,0.859
896000,0.141,0.034,0.826
896500,0.131,0.024,0.845
897000,0.151,0.017,0.833
897500,0.115,0.033,0.853
898000,0.133,0.036,0.831
898500,0.180,0.025,0.794
899000,0.186,0.023,0.791
899500,0.175,0.012,0.813
900000,0.134,0.015,0.852
900500,0.139,0.032,0.830
901000,0.149,0.033,0.818
901500,0.163,0.014,0.823
902000,0.183,0.017,0.799
902500,0.166,0.012,0.823
903000,0.189,0.011,0.799
903500,0.202,0.014,0.784
904000,0.154,0.018,0.827
904500,0.165,0.011,0.824
905000,0.147,0.022,0.831
905500,0.113,0.042,0.845
906000,0.102,0.025,0.874
906500,0.108,0.046,0.846
907000,0.117,0.059,0.824
907500,0.154,0.030,0.816
908000,0.176,0.019,0.804
908500,0.154,0.017,0.829
909000,0.193,0.011,0.796
909500,0.160,0.025,0.815
910000,0.135,0.024,0.841
910500,0.144,0.026,0.830
911000,0.179,0.018,0.803
911500,0.172,0.009,0.820
912000,0.192,0.011,0.797
912500,0.185,0.010,0.804
913000,0.158,0.009,0.833
913500,0.152,0.025,0.823
914000,0.141,0.028,0.831
914500,0.139,0.028,0.834
915000,0.161,0.032,0.807
915500,0.163,0.019,0.818
916000,0.135,0.026,0.839
916500,0.117,0.032,0.851
917000,0.132,0.029,0.839
917500,0.119,0.042,0.839
918000,0.118,0.048,0.833
918500,0.100,0.075,0.825
919000,0.091,0.081,0.829
919500,0.066,0.053,0.881
920000,0.106,0.041,0.853
920500,0.111,0.045,0.844
921000,0.136,0.040,0.825
921500,0.116,0.039,0.845
922000,0.146,0.033,0.821
922500,0.129,0.013,0.858
923000,0.177,0.018,0.804
923500,0.152,0.016,0.832
924000,0.141,0.036,0.823
924500,0.138,0.024,0.839
925000,0.151,0.031,0.818
925500,0.120,0.032,0.848
926000,0.134,0.034,0.833
926500,0.158,0.035,0.807
927000,0.127,0.037,0.836
927500,0.106,0.059,0.835
928000,0.129,0.034,0.837
928500,0.122,0.030,0.848
929000,0.136,0.038,0.826
929500,0.166,0.014,0.821
930000,0.240,0.009,0.751
930500,0.258,0.009,0.734
931000,0.201,0.009,0.791
931500,0.185,0.019,0.795
932000,0.176,0.019,0.805
932500,0.185,0.018,0.796
933000,0.158,0.019,0.823
933500,0.154,0.015,0.830
934000,0.195,0.009,0.796
934500,0.162,0.018,0.821
935000,0.194,0.027,0.779
935500,0.183,0.016,0.801
936000,0.193,0.020,0.787
936500,0.169,0.013,0.819
937000,0.162,0.025,0.813
937500,0.181,0.016,0.803
938000,0.181,0.018,0.800
938500,0.164,0.013,0.824
939000,0.110,0.032,0.858
939500,0.100,0.046,0.854
940000,0.117,0.029,0.854
940500,0.128,0.045,0.827
941000,0.165,0.029,0.806
941500,0.184,0.009,0.807
942000,0.128,0.034,0.838
942500,0.133,0.046,0.821
943000,0.117,0.058,0.825
943500,0.093,0.033,0.873
944000,0.108,0.044,0.847
944500,0.101,0.046,0.853
945000,0.120,0.059,0.821
945500,0.112,0.049,0.839
946000,0.159,0.037,0.804
946500,0.147,0.020,0.833
947000,0.196,0.008,0.796
947500,0.178,0.009,0.813
948000,0.171,0.030,0.799
948500,0.154,0.021,0.826
949000,0.179,0.015,0.806
949500,0.180,0.011,0.809
950000,0.177,0.018,0.805
950500,0.135,0.022,0.843
951000,0.160,0.018,0.823
951500,0.188,0.029,0.783
952000,0.176,0.016,0.808
952500,0.188,0.009,0.803
953000,0.127,0.035,0.838
953500,0.112,0.029,0.860
954000,0.142,0.034,0.824
954500,0.133,0.013,0.854
955000,0.126,0.015,0.860
955500,0.110,0.029,0.861
956000,0.134,0.022,0.844
956500,0.120,0.036,0.844
957000,0.129,0.034,0.837
957500,0.126,0.017,0.858
958000,0.124,0.037,0.838
958500,0.113,0.052,0.835
959000,0.111,0.052,0.837
959500,0.110,0.068,0.823
960000,0.112,0.057,0.832
960500,0.111,0.061,0.828
961000,0.141,0.025,0.834
961500,0.138,0.024,0.839
962000,0.131,0.017,0.852
962500,0.167,0.015,0.819
963000,0.168,0.013,0.819
963500,0.160,0.014,0.826
964000,0.199,0.013,0.789
964500,0.183,0.022,0.794
965000,0.168,0.011,0.822
965500,0.153,0.015,0.832
966000,0.202,0.013,0.785
966500,0.204,0.010,0.786
967000,0.212,0.006,0.781
967500,0.209,0.015,0.776
968000,0.149,0.019,0.831
968500,0.170,0.021,0.809
969000,0.138,0.032,0.830
969500,0.115,0.045,0.840
970000,0.123,0.040,0.837
970500,0.156,0.025,0.819
971000,0.122,0.027,0.850
971500,0.148,0.022,0.830
972000,0.140,0.019,0.841
972500,0.147,0.032,0.821
973000,0.169,0.038,0.793
973500,0.170,0.025,0.805
974000,0.157,0.009,0.835
974500,0.104,0.044,0.852
975000,0.137,0.025,0.839
975500,0.175,0.026,0.798
976000,0.148,0.018,0.834
976500,0.119,0.038,0.843
977000,0.091,0.060,0.849
977500,0.118,0.049,0.834
978000,0.086,0.065,0.849
978500,0.062,0.088,0.849
979000,0.056,0.104,0.841
979500,0.065,0.090,0.845
980000,0.099,0.045,0.856
980500,0.137,0.044,0.819
981000,0.125,0.029,0.847
981500,0.100,0.044,0.856
982000,0.134,0.041,0.826
982500,0.152,0.025,0.824
983000,0.168,0.021,0.811
983500,0.146,0.027,0.827
984000,0.145,0.019,0.836
984500,0.144,0.013,0.843
985000,0.119,0.036,0.845
985500,0.105,0.037,0.857
986000,0.126,0.036,0.838
986500,0.169,0.015,0.817
987000,0.174,0.015,0.811
987500,0.137,0.025,0.838
988000,0.112,0.041,0.847
988500,0.121,0.019,0.859
989000,0.144,0.036,0.820
989500,0.134,0.040,0.827
990000,0.117,0.034,0.849
990500,0.154,0.026,0.820
991000,0.131,0.030,0.839
991500,0.139,0.031,0.830
992000,0.158,0.021,0.821
992500,0.184,0.025,0.791
993000,0.128,0.041,0.832
993500,0.142,0.040,0.818
994000,0.153,0.035,0.811
994500,0.168,0.023,0.809
995000,0.148,0.031,0.821
995500,0.122,0.028,0.851
996000,0.095,0.082,0.824
996500,0.074,0.081,0.845
997000,0.076,0.059,0.865
997500,0.071,0.082,0.847
998000,0.083,0.063,0.854
998500,0.098,0.062,0.840
999000,0.090,0.030,0.880
999500,0.143,0.031,0.826
1000000,0.208,0.024,0.768
