time,n_A+p,n_B,n_AB
500,0.030,0.525,0.445
1000,0.030,0.660,0.310
1500,0.030,0.670,0.300
2000,0.030,0.687,0.283
2500,0.030,0.587,0.383
3000,0.030,0.504,0.466
3500,0.030,0.666,0.304
4000,0.030,0.572,0.398
4500,0.030,0.604,0.366
5000,0.030,0.695,0.275
5500,0.030,0.767,0.203
6000,0.030,0.585,0.385
6500,0.030,0.545,0.425
7000,0.030,0.733,0.237
7500,0.030,0.534,0.436
8000,0.030,0.527,0.443
8500,0.030,0.521,0.449
9000,0.030,0.660,0.310
9500,0.030,0.655,0.315
10000,0.030,0.638,0.332
10500,0.030,0.612,0.358
11000,0.030,0.604,0.366
11500,0.030,0.571,0.399
12000,0.030,0.671,0.299
12500,0.030,0.644,0.326
13000,0.030,0.586,0.384
13500,0.030,0.624,0.346
14000,0.030,0.652,0.318
14500,0.030,0.558,0.412
15000,0.030,0.742,0.228
15500,0.030,0.509,0.461
16000,0.030,0.466,0.504
16500,0.030,0.651,0.319
17000,0.030,0.507,0.463
17500,0.030,0.489,0.481
18000,0.030,0.532,0.438
18500,0.030,0.613,0.357
19000,0.030,0.641,0.329
19500,0.030,0.521,0.449
20000,0.030,0.574,0.396
20500,0.030,0.645,0.325
21000,0.030,0.589,0.381
21500,0.030,0.496,0.474
22000,0.030,0.527,0.443
22500,0.030,0.559,0.411
23000,0.030,0.577,0.393
23500,0.030,0.610,0.360
24000,0.030,0.695,0.275
24500,0.030,0.695,0.275
25000,0.030,0.585,0.385
25500,0.030,0.518,0.452
26000,0.030,0.543,0.427
26500,0.030,0.590,0.380
27000,0.030,0.426,0.544
27500,0.030,0.505,0.465
28000,0.030,0.554,0.416
28500,0.030,0.564,0.406
29000,0.030,0.649,0.321
29500,0.030,0.643,0.327
30000,0.030,0.693,0.277
30500,0.030,0.667,0.303
31000,0.030,0.618,0.352
31500,0.030,0.626,0.344
32000,0.030,0.802,0.168
32500,0.030,0.449,0.521
33000,0.030,0.716,0.254
33500,0.030,0.635,0.335
34000,0.030,0.593,0.377
34500,0.030,0.530,0.440
35000,0.030,0.594,0.376
35500,0.030,0.535,0.435
36000,0.030,0.559,0.411
36500,0.030,0.694,0.276
37000,0.030,0.585,0.385
37500,0.030,0.711,0.259
38000,0.030,0.647,0.323
38500,0.030,0.741,0.229
39000,0.030,0.540,0.430
39500,0.030,0.571,0.399
40000,0.030,0.473,0.497
40500,0.030,0.589,0.381
41000,0.030,0.516,0.454
41500,0.030,0.545,0.425
42000,0.030,0.633,0.337
42500,0.030,0.436,0.534
43000,0.030,0.443,0.527
43500,0.030,0.489,0.481
44000,0.030,0.584,0.386
44500,0.030,0.673,0.297
45000,0.030,0.495,0.475
45500,0.030,0.534,0.436
46000,0.030,0.701,0.269
46500,0.030,0.586,0.384
47000,0.030,0.661,0.309
47500,0.030,0.474,0.496
48000,0.030,0.342,0.628
48500,0.030,0.588,0.382
49000,0.030,0.561,0.409
49500,0.030,0.626,0.344
50000,0.030,0.609,0.361
50500,0.030,0.679,0.291
51000,0.030,0.480,0.490
51500,0.030,0.378,0.592
52000,0.030,0.646,0.324
52500,0.030,0.615,0.355
53000,0.030,0.502,0.468
53500,0.030,0.586,0.384
54000,0.030,0.596,0.374
54500,0.030,0.570,0.400
55000,0.030,0.559,0.411
55500,0.030,0.701,0.269
56000,0.030,0.642,0.328
56500,0.030,0.611,0.359
57000,0.030,0.504,0.466
57500,0.030,0.544,0.426
58000,0.030,0.401,0.569
58500,0.030,0.519,0.451
59000,0.030,0.615,0.355
59500,0.030,0.411,0.559
60000,0.030,0.448,0.522
60500,0.030,0.514,0.456
61000,0.030,0.605,0.365
61500,0.030,0.502,0.468
62000,0.030,0.568,0.402
62500,0.030,0.715,0.255
63000,0.030,0.602,0.368
63500,0.030,0.545,0.425
64000,0.030,0.642,0.328
64500,0.030,0.566,0.404
65000,0.030,0.550,0.420
65500,0.030,0.750,0.220
66000,0.030,0.564,0.406
66500,0.030,0.562,0.408
67000,0.030,0.592,0.378
67500,0.030,0.402,0.568
68000,0.030,0.771,0.199
68500,0.030,0.577,0.393
69000,0.030,0.581,0.389
69500,0.030,0.575,0.395
70000,0.030,0.537,0.433
70500,0.030,0.748,0.222
71000,0.030,0.651,0.319
71500,0.030,0.562,0.408
72000,0.030,0.464,0.506
72500,0.030,0.572,0.398
73000,0.030,0.533,0.437
73500,0.030,0.545,0.425
74000,0.030,0.485,0.485
74500,0.030,0.611,0.359
75000,0.030,0.649,0.321
75500,0.030,0.567,0.403
76000,0.030,0.621,0.349
76500,0.030,0.505,0.465
77000,0.030,0.497,0.473
77500,0.030,0.578,0.392
78000,0.030,0.738,0.232
78500,0.030,0.511,0.459
79000,0.030,0.521,0.449
79500,0.030,0.617,0.353
80000,0.030,0.654,0.316
80500,0.030,0.770,0.200
81000,0.030,0.721,0.249
81500,0.030,0.675,0.295
82000,0.030,0.407,0.563
82500,0.030,0.425,0.545
83000,0.030,0.591,0.379
83500,0.030,0.647,0.323
84000,0.030,0.595,0.375
84500,0.030,0.422,0.548
85000,0.030,0.622,0.348
85500,0.030,0.603,0.367
86000,0.030,0.595,0.375
86500,0.030,0.713,0.257
87000,0.030,0.574,0.396
87500,0.030,0.660,0.310
88000,0.030,0.569,0.401
88500,0.030,0.702,0.268
89000,0.030,0.507,0.463
89500,0.030,0.516,0.454
90000,0.030,0.548,0.422
90500,0.030,0.596,0.374
91000,0.030,0.491,0.479
91500,0.030,0.533,0.437
92000,0.030,0.762,0.208
92500,0.030,0.693,0.277
93000,0.030,0.574,0.396
93500,0.030,0.693,0.277
94000,0.030,0.597,0.373
94500,0.030,0.637,0.333
95000,0.030,0.566,0.404
95500,0.030,0.651,0.319
96000,0.030,0.698,0.272
96500,0.030,0.766,0.204
97000,0.030,0.508,0.462
97500,0.030,0.797,0.173
98000,0.030,0.530,0.440
98500,0.030,0.548,0.422
99000,0.030,0.580,0.390
99500,0.030,0.637,0.333
100000,0.030,0.655,0.315
100500,0.030,0.641,0.329
101000,0.030,0.682,0.288
101500,0.030,0.617,0.353
102000,0.030,0.707,0.263
102500,0.030,0.723,0.247
103000,0.030,0.671,0.299
103500,0.030,0.617,0.353
104000,0.030,0.590,0.380
104500,0.030,0.752,0.218
105000,0.030,0.687,0.283
105500,0.030,0.624,0.346
106000,0.030,0.452,0.518
106500,0.030,0.572,0.398
107000,0.030,0.715,0.255
107500,0.030,0.679,0.291
108000,0.030,0.525,0.445
108500,0.030,0.532,0.438
109000,0.030,0.572,0.398
109500,0.030,0.559,0.411
110000,0.030,0.553,0.417
110500,0.030,0.461,0.509
111000,0.030,0.484,0.486
111500,0.030,0.532,0.438
112000,0.030,0.591,0.379
112500,0.030,0.403,0.567
113000,0.030,0.458,0.512
113500,0.030,0.429,0.541
114000,0.030,0.469,0.501
114500,0.030,0.584,0.386
115000,0.030,0.515,0.455
115500,0.030,0.641,0.329
116000,0.030,0.512,0.458
116500,0.030,0.571,0.399
117000,0.030,0.674,0.296
117500,0.030,0.599,0.371
118000,0.030,0.642,0.328
118500,0.030,0.444,0.526
119000,0.030,0.382,0.588
119500,0.030,0.500,0.470
120000,0.030,0.775,0.195
120500,0.030,0.639,0.331
121000,0.030,0.642,0.328
121500,0.030,0.510,0.460
122000,0.030,0.474,0.496
122500,0.030,0.395,0.575
123000,0.030,0.678,0.292
123500,0.030,0.776,0.194
124000,0.030,0.759,0.211
124500,0.030,0.666,0.304
125000,0.030,0.697,0.273
125500,0.030,0.699,0.271
126000,0.030,0.702,0.268
126500,0.030,0.497,0.473
127000,0.030,0.560,0.410
127500,0.030,0.610,0.360
128000,0.030,0.489,0.481
128500,0.030,0.529,0.441
129000,0.030,0.638,0.332
129500,0.030,0.637,0.333
130000,0.030,0.543,0.427
130500,0.030,0.490,0.480
131000,0.030,0.530,0.440
131500,0.030,0.638,0.332
132000,0.030,0.658,0.312
132500,0.030,0.545,0.425
133000,0.030,0.519,0.451
133500,0.030,0.440,0.530
134000,0.030,0.550,0.420
134500,0.030,0.590,0.380
135000,0.030,0.477,0.493
135500,0.030,0.564,0.406
136000,0.030,0.552,0.418
136500,0.030,0.542,0.428
137000,0.030,0.647,0.323
137500,0.030,0.820,0.150
138000,0.030,0.697,0.273
138500,0.030,0.479,0.491
139000,0.030,0.797,0.173
139500,0.030,0.648,0.322
140000,0.030,0.754,0.216
140500,0.030,0.530,0.440
141000,0.030,0.524,0.446
141500,0.030,0.623,0.347
142000,0.030,0.675,0.295
142500,0.030,0.683,0.287
143000,0.030,0.582,0.388
143500,0.030,0.739,0.231
144000,0.030,0.348,0.622
144500,0.030,0.582,0.388
145000,0.030,0.653,0.317
145500,0.030,0.631,0.339
146000,0.030,0.799,0.171
146500,0.030,0.628,0.342
147000,0.030,0.685,0.285
147500,0.030,0.550,0.420
148000,0.030,0.466,0.504
148500,0.030,0.669,0.301
149000,0.030,0.478,0.492
149500,0.030,0.617,0.353
150000,0.030,0.677,0.293
150500,0.030,0.602,0.368
151000,0.030,0.639,0.331
151500,0.030,0.632,0.338
152000,0.030,0.615,0.355
152500,0.030,0.496,0.474
153000,0.030,0.454,0.516
153500,0.030,0.530,0.440
154000,0.030,0.661,0.309
154500,0.030,0.535,0.435
155000,0.030,0.646,0.324
155500,0.030,0.580,0.390
156000,0.030,0.570,0.400
156500,0.030,0.709,0.261
157000,0.030,0.709,0.261
157500,0.030,0.655,0.315
158000,0.030,0.648,0.322
158500,0.030,0.639,0.331
159000,0.030,0.502,0.468
159500,0.030,0.547,0.423
160000,0.030,0.547,0.423
160500,0.030,0.613,0.357
161000,0.030,0.698,0.272
161500,0.030,0.728,0.242
162000,0.030,0.567,0.403
162500,0.030,0.422,0.548
163000,0.030,0.719,0.251
163500,0.030,0.583,0.387
164000,0.030,0.441,0.529
164500,0.030,0.643,0.327
165000,0.030,0.666,0.304
165500,0.030,0.587,0.383
166000,0.030,0.738,0.232
166500,0.030,0.655,0.315
167000,0.030,0.538,0.432
167500,0.030,0.537,0.433
168000,0.030,0.679,0.291
168500,0.030,0.546,0.424
169000,0.030,0.469,0.501
169500,0.030,0.604,0.366
170000,0.030,0.610,0.360
170500,0.030,0.778,0.192
171000,0.030,0.562,0.408
171500,0.030,0.530,0.440
172000,0.030,0.599,0.371
172500,0.030,0.576,0.394
173000,0.030,0.519,0.451
173500,0.030,0.698,0.272
174000,0.030,0.696,0.274
174500,0.030,0.589,0.381
175000,0.030,0.561,0.409
175500,0.030,0.628,0.342
176000,0.030,0.484,0.486
176500,0.030,0.508,0.462
177000,0.030,0.563,0.407
177500,0.030,0.482,0.488
178000,0.030,0.620,0.350
178500,0.030,0.709,0.261
179000,0.030,0.576,0.394
179500,0.030,0.691,0.279
180000,0.030,0.567,0.403
180500,0.030,0.462,0.508
181000,0.030,0.513,0.457
181500,0.030,0.577,0.393
182000,0.030,0.633,0.337
182500,0.030,0.476,0.494
183000,0.030,0.671,0.299
183500,0.030,0.618,0.352
184000,0.030,0.651,0.319
184500,0.030,0.676,0.294
185000,0.030,0.602,0.368
185500,0.030,0.666,0.304
186000,0.030,0.639,0.331
186500,0.030,0.634,0.336
187000,0.030,0.484,0.486
187500,0.030,0.509,0.461
188000,0.030,0.598,0.372
188500,0.030,0.677,0.293
189000,0.030,0.463,0.507
189500,0.030,0.699,0.271
190000,0.030,0.608,0.362
190500,0.030,0.651,0.319
191000,0.030,0.412,0.558
191500,0.030,0.487,0.483
192000,0.030,0.756,0.214
192500,0.030,0.495,0.475
193000,0.030,0.502,0.468
193500,0.030,0.643,0.327
194000,0.030,0.432,0.538
194500,0.030,0.491,0.479
195000,0.030,0.536,0.434
195500,0.030,0.634,0.336
196000,0.030,0.463,0.507
196500,0.030,0.628,0.342
197000,0.030,0.646,0.324
197500,0.030,0.667,0.303
198000,0.030,0.588,0.382
198500,0.030,0.451,0.519
199000,0.030,0.616,0.354
199500,0.030,0.602,0.368
200000,0.030,0.632,0.338
200500,0.030,0.626,0.344
201000,0.030,0.463,0.507
201500,0.030,0.681,0.289
202000,0.030,0.619,0.351
202500,0.030,0.559,0.411
203000,0.030,0.511,0.459
203500,0.030,0.559,0.411
204000,0.030,0.754,0.216
204500,0.030,0.736,0.234
205000,0.030,0.622,0.348
205500,0.030,0.565,0.405
206000,0.030,0.528,0.442
206500,0.030,0.760,0.210
207000,0.030,0.622,0.348
207500,0.030,0.605,0.365
208000,0.030,0.528,0.442
208500,0.030,0.649,0.321
209000,0.030,0.679,0.291
209500,0.030,0.696,0.274
210000,0.030,0.696,0.274
210500,0.030,0.730,0.240
211000,0.030,0.466,0.504
211500,0.030,0.688,0.282
212000,0.030,0.637,0.333
212500,0.030,0.615,0.355
213000,0.030,0.486,0.484
213500,0.030,0.401,0.569
214000,0.030,0.505,0.465
214500,0.030,0.512,0.458
215000,0.030,0.559,0.411
215500,0.030,0.584,0.386
216000,0.030,0.520,0.450
216500,0.030,0.671,0.299
217000,0.030,0.667,0.303
217500,0.030,0.563,0.407
218000,0.030,0.658,0.312
218500,0.030,0.587,0.383
219000,0.030,0.506,0.464
219500,0.030,0.625,0.345
220000,0.030,0.695,0.275
220500,0.030,0.551,0.419
221000,0.030,0.570,0.400
221500,0.030,0.575,0.395
222000,0.030,0.366,0.604
222500,0.030,0.513,0.457
223000,0.030,0.554,0.416
223500,0.030,0.670,0.300
224000,0.030,0.649,0.321
224500,0.030,0.495,0.475
225000,0.030,0.492,0.478
225500,0.030,0.551,0.419
226000,0.030,0.606,0.364
226500,0.030,0.678,0.292
227000,0.030,0.739,0.231
227500,0.030,0.437,0.533
228000,0.030,0.485,0.485
228500,0.030,0.776,0.194
229000,0.030,0.671,0.299
229500,0.030,0.569,0.401
230000,0.030,0.570,0.400
230500,0.030,0.624,0.346
231000,0.030,0.627,0.343
231500,0.030,0.488,0.482
232000,0.030,0.623,0.347
232500,0.030,0.589,0.381
233000,0.030,0.574,0.396
233500,0.030,0.737,0.233
234000,0.030,0.638,0.332
234500,0.030,0.585,0.385
235000,0.030,0.744,0.226
235500,0.030,0.694,0.276
236000,0.030,0.765,0.205
236500,0.030,0.557,0.413
237000,0.030,0.471,0.499
237500,0.030,0.632,0.338
238000,0.030,0.647,0.323
238500,0.030,0.429,0.541
239000,0.030,0.453,0.517
239500,0.030,0.569,0.401
240000,0.030,0.653,0.317
240500,0.030,0.582,0.388
241000,0.030,0.633,0.337
241500,0.030,0.509,0.461
242000,0.030,0.535,0.435
242500,0.030,0.571,0.399
243000,0.030,0.617,0.353
243500,0.030,0.528,0.442
244000,0.030,0.643,0.327
244500,0.030,0.514,0.456
245000,0.030,0.609,0.361
245500,0.030,0.556,0.414
246000,0.030,0.506,0.464
246500,0.030,0.539,0.431
247000,0.030,0.516,0.454
247500,0.030,0.532,0.438
248000,0.030,0.566,0.404
248500,0.030,0.528,0.442
249000,0.030,0.537,0.433
249500,0.030,0.456,0.514
250000,0.030,0.556,0.414
250500,0.030,0.702,0.268
251000,0.030,0.450,0.520
251500,0.030,0.617,0.353
252000,0.030,0.498,0.472
252500,0.030,0.732,0.238
253000,0.030,0.541,0.429
253500,0.030,0.706,0.264
254000,0.030,0.635,0.335
254500,0.030,0.551,0.419
255000,0.030,0.598,0.372
255500,0.030,0.546,0.424
256000,0.030,0.743,0.227
256500,0.030,0.520,0.450
257000,0.030,0.637,0.333
257500,0.030,0.445,0.525
258000,0.030,0.600,0.370
258500,0.030,0.611,0.359
259000,0.030,0.559,0.411
259500,0.030,0.670,0.300
260000,0.030,0.481,0.489
260500,0.030,0.468,0.502
261000,0.030,0.528,0.442
261500,0.030,0.790,0.180
262000,0.030,0.663,0.307
262500,0.030,0.534,0.436
263000,0.030,0.687,0.283
263500,0.030,0.444,0.526
264000,0.030,0.645,0.325
264500,0.030,0.488,0.482
265000,0.030,0.549,0.421
265500,0.030,0.497,0.473
266000,0.030,0.674,0.296
266500,0.030,0.549,0.421
267000,0.030,0.301,0.669
267500,0.030,0.495,0.475
268000,0.030,0.590,0.380
268500,0.030,0.517,0.453
269000,0.030,0.503,0.467
269500,0.030,0.584,0.386
270000,0.030,0.488,0.482
270500,0.030,0.493,0.477
271000,0.030,0.462,0.508
271500,0.030,0.518,0.452
272000,0.030,0.519,0.451
272500,0.030,0.462,0.508
273000,0.030,0.546,0.424
273500,0.030,0.633,0.337
274000,0.030,0.540,0.430
274500,0.030,0.669,0.301
275000,0.030,0.566,0.404
275500,0.030,0.603,0.367
276000,0.030,0.538,0.432
276500,0.030,0.612,0.358
277000,0.030,0.604,0.366
277500,0.030,0.573,0.397
278000,0.030,0.606,0.364
278500,0.030,0.550,0.420
279000,0.030,0.538,0.432
279500,0.030,0.618,0.352
280000,0.030,0.556,0.414
280500,0.030,0.694,0.276
281000,0.030,0.469,0.501
281500,0.030,0.685,0.285
282000,0.030,0.694,0.276
282500,0.030,0.747,0.223
283000,0.030,0.534,0.436
283500,0.030,0.642,0.328
284000,0.030,0.498,0.472
284500,0.030,0.522,0.448
285000,0.030,0.511,0.459
285500,0.030,0.558,0.412
286000,0.030,0.641,0.329
286500,0.030,0.640,0.330
287000,0.030,0.543,0.427
287500,0.030,0.606,0.364
288000,0.030,0.557,0.413
288500,0.030,0.676,0.294
289000,0.030,0.482,0.488
289500,0.030,0.659,0.311
290000,0.030,0.524,0.446
290500,0.030,0.615,0.355
291000,0.030,0.657,0.313
291500,0.030,0.558,0.412
292000,0.030,0.648,0.322
292500,0.030,0.593,0.377
293000,0.030,0.577,0.393
293500,0.030,0.591,0.379
294000,0.030,0.679,0.291
294500,0.030,0.548,0.422
295000,0.030,0.565,0.405
295500,0.030,0.720,0.250
296000,0.030,0.607,0.363
296500,0.030,0.635,0.335
297000,0.030,0.534,0.436
297500,0.030,0.550,0.420
298000,0.030,0.472,0.498
298500,0.030,0.696,0.274
299000,0.030,0.608,0.362
299500,0.030,0.760,0.210
300000,0.030,0.521,0.449
300500,0.030,0.578,0.392
301000,0.030,0.588,0.382
301500,0.030,0.550,0.420
302000,0.030,0.727,0.243
302500,0.030,0.643,0.327
303000,0.030,0.610,0.360
303500,0.030,0.585,0.385
304000,0.030,0.617,0.353
304500,0.030,0.582,0.388
305000,0.030,0.386,0.584
305500,0.030,0.724,0.246
306000,0.030,0.733,0.237
306500,0.030,0.767,0.203
307000,0.030,0.554,0.416
307500,0.030,0.651,0.319
308000,0.030,0.682,0.288
308500,0.030,0.560,0.410
309000,0.030,0.441,0.529
309500,0.030,0.604,0.366
310000,0.030,0.704,0.266
310500,0.030,0.576,0.394
311000,0.030,0.397,0.573
311500,0.030,0.638,0.332
312000,0.030,0.513,0.457
312500,0.030,0.630,0.340
313000,0.030,0.708,0.262
313500,0.030,0.629,0.341
314000,0.030,0.594,0.376
314500,0.030,0.831,0.139
315000,0.030,0.551,0.419
315500,0.030,0.371,0.599
316000,0.030,0.529,0.441
316500,0.030,0.559,0.411
317000,0.030,0.480,0.490
317500,0.030,0.746,0.224
318000,0.030,0.603,0.367
318500,0.030,0.573,0.397
319000,0.030,0.627,0.343
319500,0.030,0.447,0.523
320000,0.030,0.492,0.478
320500,0.030,0.578,0.392
321000,0.030,0.646,0.324
321500,0.030,0.617,0.353
322000,0.030,0.607,0.363
322500,0.030,0.510,0.460
323000,0.030,0.536,0.434
323500,0.030,0.576,0.394
324000,0.030,0.690,0.280
324500,0.030,0.649,0.321
325000,0.030,0.567,0.403
325500,0.030,0.677,0.293
326000,0.030,0.666,0.304
326500,0.030,0.713,0.257
327000,0.030,0.649,0.321
327500,0.030,0.556,0.414
328000,0.030,0.569,0.401
328500,0.030,0.551,0.419
329000,0.030,0.517,0.453
329500,0.030,0.470,0.500
330000,0.030,0.513,0.457
330500,0.030,0.632,0.338
331000,0.030,0.635,0.335
331500,0.030,0.693,0.277
332000,0.030,0.726,0.244
332500,0.030,0.606,0.364
333000,0.030,0.612,0.358
333500,0.030,0.501,0.469
334000,0.030,0.388,0.582
334500,0.030,0.487,0.483
335000,0.030,0.505,0.465
335500,0.030,0.516,0.454
336000,0.030,0.594,0.376
336500,0.030,0.513,0.457
337000,0.030,0.590,0.380
337500,0.030,0.825,0.145
338000,0.030,0.412,0.558
338500,0.030,0.506,0.464
339000,0.030,0.593,0.377
339500,0.030,0.619,0.351
340000,0.030,0.417,0.553
340500,0.030,0.559,0.411
341000,0.030,0.745,0.225
341500,0.030,0.696,0.274
342000,0.030,0.669,0.301
342500,0.030,0.590,0.380
343000,0.030,0.409,0.561
343500,0.030,0.599,0.371
344000,0.030,0.651,0.319
344500,0.030,0.614,0.356
345000,0.030,0.499,0.471
345500,0.030,0.472,0.498
346000,0.030,0.650,0.320
346500,0.030,0.402,0.568
347000,0.030,0.466,0.504
347500,0.030,0.470,0.500
348000,0.030,0.668,0.302
348500,0.030,0.505,0.465
349000,0.030,0.464,0.506
349500,0.030,0.577,0.393
350000,0.030,0.683,0.287
350500,0.030,0.562,0.408
351000,0.030,0.579,0.391
351500,0.030,0.612,0.358
352000,0.030,0.635,0.335
352500,0.030,0.476,0.494
353000,0.030,0.469,0.501
353500,0.030,0.476,0.494
354000,0.030,0.524,0.446
354500,0.030,0.606,0.364
355000,0.030,0.711,0.259
355500,0.030,0.678,0.292
356000,0.030,0.480,0.490
356500,0.030,0.590,0.380
357000,0.030,0.738,0.232
357500,0.030,0.647,0.323
358000,0.030,0.489,0.481
358500,0.030,0.573,0.397
359000,0.030,0.603,0.367
359500,0.030,0.554,0.416
360000,0.030,0.570,0.400
360500,0.030,0.589,0.381
361000,0.030,0.575,0.395
361500,0.030,0.625,0.345
362000,0.030,0.667,0.303
362500,0.030,0.587,0.383
363000,0.030,0.474,0.496
363500,0.030,0.445,0.525
364000,0.030,0.593,0.377
364500,0.030,0.640,0.330
365000,0.030,0.526,0.444
365500,0.030,0.561,0.409
366000,0.030,0.494,0.476
366500,0.030,0.445,0.525
367000,0.030,0.526,0.444
367500,0.030,0.605,0.365
368000,0.030,0.538,0.432
368500,0.030,0.755,0.215
369000,0.030,0.720,0.250
369500,0.030,0.647,0.323
370000,0.030,0.574,0.396
370500,0.030,0.500,0.470
371000,0.030,0.488,0.482
371500,0.030,0.504,0.466
372000,0.030,0.715,0.255
372500,0.030,0.620,0.350
373000,0.030,0.797,0.173
373500,0.030,0.678,0.292
374000,0.030,0.629,0.341
374500,0.030,0.730,0.240
375000,0.030,0.693,0.277
375500,0.030,0.580,0.390
376000,0.030,0.547,0.423
376500,0.030,0.660,0.310
377000,0.030,0.548,0.422
377500,0.030,0.582,0.388
378000,0.030,0.423,0.547
378500,0.030,0.590,0.380
379000,0.030,0.465,0.505
379500,0.030,0.581,0.389
380000,0.030,0.670,0.300
380500,0.030,0.540,0.430
381000,0.030,0.585,0.385
381500,0.030,0.546,0.424
382000,0.030,0.626,0.344
382500,0.030,0.616,0.354
383000,0.030,0.606,0.364
383500,0.030,0.638,0.332
384000,0.030,0.764,0.206
384500,0.030,0.482,0.488
385000,0.030,0.575,0.395
385500,0.030,0.591,0.379
386000,0.030,0.737,0.233
386500,0.030,0.656,0.314
387000,0.030,0.495,0.475
387500,0.030,0.625,0.345
388000,0.030,0.504,0.466
388500,0.030,0.662,0.308
389000,0.030,0.560,0.410
389500,0.030,0.641,0.329
390000,0.030,0.605,0.365
390500,0.030,0.604,0.366
391000,0.030,0.639,0.331
391500,0.030,0.505,0.465
392000,0.030,0.620,0.350
392500,0.030,0.534,0.436
393000,0.030,0.741,0.229
393500,0.030,0.594,0.376
394000,0.030,0.714,0.256
394500,0.030,0.620,0.350
395000,0.030,0.591,0.379
395500,0.030,0.546,0.424
396000,0.030,0.594,0.376
396500,0.030,0.585,0.385
397000,0.030,0.588,0.382
397500,0.030,0.594,0.376
398000,0.030,0.568,0.402
398500,0.030,0.372,0.598
399000,0.030,0.472,0.498
399500,0.030,0.620,0.350
400000,0.030,0.499,0.471
400500,0.030,0.404,0.566
401000,0.030,0.595,0.375
401500,0.030,0.557,0.413
402000,0.030,0.613,0.357
402500,0.030,0.516,0.454
403000,0.030,0.672,0.298
403500,0.030,0.667,0.303
404000,0.030,0.699,0.271
404500,0.030,0.676,0.294
405000,0.030,0.489,0.481
405500,0.030,0.578,0.392
406000,0.030,0.593,0.377
406500,0.030,0.379,0.591
407000,0.030,0.549,0.421
407500,0.030,0.490,0.480
408000,0.030,0.511,0.459
408500,0.030,0.634,0.336
409000,0.030,0.428,0.542
409500,0.030,0.664,0.306
410000,0.030,0.540,0.430
410500,0.030,0.510,0.460
411000,0.030,0.530,0.440
411500,0.030,0.543,0.427
412000,0.030,0.537,0.433
412500,0.030,0.409,0.561
413000,0.030,0.783,0.187
413500,0.030,0.623,0.347
414000,0.030,0.654,0.316
414500,0.030,0.617,0.353
415000,0.030,0.834,0.136
415500,0.030,0.628,0.342
416000,0.030,0.578,0.392
416500,0.030,0.590,0.380
417000,0.030,0.478,0.492
417500,0.030,0.714,0.256
418000,0.030,0.587,0.383
418500,0.030,0.628,0.342
419000,0.030,0.787,0.183
419500,0.030,0.519,0.451
420000,0.030,0.790,0.180
420500,0.030,0.764,0.206
421000,0.030,0.714,0.256
421500,0.030,0.498,0.472
422000,0.030,0.661,0.309
422500,0.030,0.775,0.195
423000,0.030,0.607,0.363
423500,0.030,0.684,0.286
424000,0.030,0.753,0.217
424500,0.030,0.418,0.552
425000,0.030,0.555,0.415
425500,0.030,0.571,0.399
426000,0.030,0.657,0.313
426500,0.030,0.545,0.425
427000,0.030,0.644,0.326
427500,0.030,0.672,0.298
428000,0.030,0.660,0.310
428500,0.030,0.622,0.348
429000,0.030,0.550,0.420
429500,0.030,0.529,0.441
430000,0.030,0.728,0.242
430500,0.030,0.686,0.284
431000,0.030,0.527,0.443
431500,0.030,0.665,0.305
432000,0.030,0.693,0.277
432500,0.030,0.581,0.389
433000,0.030,0.605,0.365
433500,0.030,0.627,0.343
434000,0.030,0.376,0.594
434500,0.030,0.595,0.375
435000,0.030,0.550,0.420
435500,0.030,0.729,0.241
436000,0.030,0.572,0.398
436500,0.030,0.587,0.383
437000,0.030,0.738,0.232
437500,0.030,0.495,0.475
438000,0.030,0.487,0.483
438500,0.030,0.577,0.393
439000,0.030,0.818,0.152
439500,0.030,0.839,0.131
440000,0.030,0.602,0.368
440500,0.030,0.559,0.411
441000,0.030,0.483,0.487
441500,0.030,0.562,0.408
442000,0.030,0.576,0.394
442500,0.030,0.359,0.611
443000,0.030,0.582,0.388
443500,0.030,0.647,0.323
444000,0.030,0.611,0.359
444500,0.030,0.568,0.402
445000,0.030,0.532,0.438
445500,0.030,0.780,0.190
446000,0.030,0.666,0.304
446500,0.030,0.335,0.635
447000,0.030,0.588,0.382
447500,0.030,0.425,0.545
448000,0.030,0.700,0.270
448500,0.030,0.758,0.212
449000,0.030,0.761,0.209
449500,0.030,0.441,0.529
450000,0.030,0.595,0.375
450500,0.030,0.589,0.381
451000,0.030,0.637,0.333
451500,0.030,0.715,0.255
452000,0.030,0.727,0.243
452500,0.030,0.320,0.650
453000,0.030,0.489,0.481
453500,0.030,0.621,0.349
454000,0.030,0.730,0.240
454500,0.030,0.547,0.423
455000,0.030,0.640,0.330
455500,0.030,0.636,0.334
456000,0.030,0.442,0.528
456500,0.030,0.835,0.135
457000,0.030,0.724,0.246
457500,0.030,0.364,0.606
458000,0.030,0.691,0.279
458500,0.030,0.695,0.275
459000,0.030,0.666,0.304
459500,0.030,0.844,0.126
460000,0.030,0.703,0.267
460500,0.030,0.528,0.442
461000,0.030,0.622,0.348
461500,0.030,0.573,0.397
462000,0.030,0.508,0.462
462500,0.030,0.565,0.405
463000,0.030,0.649,0.321
463500,0.030,0.482,0.488
464000,0.030,0.556,0.414
464500,0.030,0.400,0.570
465000,0.030,0.657,0.313
465500,0.030,0.553,0.417
466000,0.030,0.716,0.254
466500,0.030,0.821,0.149
467000,0.030,0.593,0.377
467500,0.030,0.492,0.478
468000,0.030,0.540,0.430
468500,0.030,0.443,0.527
469000,0.030,0.642,0.328
469500,0.030,0.680,0.290
470000,0.030,0.639,0.331
470500,0.030,0.468,0.502
471000,0.030,0.485,0.485
471500,0.030,0.558,0.412
472000,0.030,0.649,0.321
472500,0.030,0.668,0.302
473000,0.030,0.553,0.417
473500,0.030,0.566,0.404
474000,0.030,0.595,0.375
474500,0.030,0.499,0.471
475000,0.030,0.584,0.386
475500,0.030,0.661,0.309
476000,0.030,0.584,0.386
476500,0.030,0.604,0.366
477000,0.030,0.665,0.305
477500,0.030,0.589,0.381
478000,0.030,0.580,0.390
478500,0.030,0.644,0.326
479000,0.030,0.588,0.382
479500,0.030,0.370,0.600
480000,0.030,0.635,0.335
480500,0.030,0.552,0.418
481000,0.030,0.510,0.460
481500,0.030,0.647,0.323
482000,0.030,0.567,0.403
482500,0.030,0.544,0.426
483000,0.030,0.607,0.363
483500,0.030,0.562,0.408
484000,0.030,0.635,0.335
484500,0.030,0.530,0.440
485000,0.030,0.627,0.343
485500,0.030,0.527,0.443
486000,0.030,0.802,0.168
486500,0.030,0.601,0.369
487000,0.030,0.827,0.143
487500,0.030,0.788,0.182
488000,0.030,0.784,0.186
488500,0.030,0.713,0.257
489000,0.030,0.492,0.478
489500,0.030,0.511,0.459
490000,0.030,0.535,0.435
490500,0.030,0.536,0.434
491000,0.030,0.604,0.366
491500,0.030,0.538,0.432
492000,0.030,0.530,0.440
492500,0.030,0.478,0.492
493000,0.030,0.473,0.497
493500,0.030,0.617,0.353
494000,0.030,0.537,0.433
494500,0.030,0.510,0.460
495000,0.030,0.530,0.440
495500,0.030,0.528,0.442
496000,0.030,0.647,0.323
496500,0.030,0.652,0.318
497000,0.030,0.640,0.330
497500,0.030,0.611,0.359
498000,0.030,0.548,0.422
498500,0.030,0.545,0.425
499000,0.030,0.584,0.386
499500,0.030,0.670,0.300
500000,0.030,0.718,0.252
500500,0.030,0.455,0.515
501000,0.030,0.440,0.530
501500,0.030,0.464,0.506
502000,0.030,0.450,0.520
502500,0.030,0.576,0.394
503000,0.030,0.618,0.352
503500,0.030,0.591,0.379
504000,0.030,0.422,0.548
504500,0.030,0.547,0.423
505000,0.030,0.463,0.507
505500,0.030,0.549,0.421
506000,0.030,0.559,0.411
506500,0.030,0.730,0.240
507000,0.030,0.625,0.345
507500,0.030,0.619,0.351
508000,0.030,0.534,0.436
508500,0.030,0.505,0.465
509000,0.030,0.472,0.498
509500,0.030,0.624,0.346
510000,0.030,0.622,0.348
510500,0.030,0.706,0.264
511000,0.030,0.674,0.296
511500,0.030,0.674,0.296
512000,0.030,0.443,0.527
512500,0.030,0.653,0.317
513000,0.030,0.581,0.389
513500,0.030,0.644,0.326
514000,0.030,0.625,0.345
514500,0.030,0.485,0.485
515000,0.030,0.589,0.381
515500,0.030,0.592,0.378
516000,0.030,0.809,0.161
516500,0.030,0.634,0.336
517000,0.030,0.534,0.436
517500,0.030,0.567,0.403
518000,0.030,0.414,0.556
518500,0.030,0.330,0.640
519000,0.030,0.651,0.319
519500,0.030,0.557,0.413
520000,0.030,0.646,0.324
520500,0.030,0.561,0.409
521000,0.030,0.569,0.401
521500,0.030,0.598,0.372
522000,0.030,0.786,0.184
522500,0.030,0.606,0.364
523000,0.030,0.462,0.508
523500,0.030,0.630,0.340
524000,0.030,0.597,0.373
524500,0.030,0.586,0.384
525000,0.030,0.658,0.312
525500,0.030,0.555,0.415
526000,0.030,0.506,0.464
526500,0.030,0.504,0.466
527000,0.030,0.746,0.224
527500,0.030,0.528,0.442
528000,0.030,0.503,0.467
528500,0.030,0.434,0.536
529000,0.030,0.756,0.214
529500,0.030,0.472,0.498
530000,0.030,0.673,0.297
530500,0.030,0.573,0.397
531000,0.030,0.545,0.425
531500,0.030,0.486,0.484
532000,0.030,0.504,0.466
532500,0.030,0.522,0.448
533000,0.030,0.764,0.206
533500,0.030,0.538,0.432
534000,0.030,0.540,0.430
534500,0.030,0.545,0.425
535000,0.030,0.587,0.383
535500,0.030,0.500,0.470
536000,0.030,0.527,0.443
536500,0.030,0.674,0.296
537000,0.030,0.450,0.520
537500,0.030,0.385,0.585
538000,0.030,0.614,0.356
538500,0.030,0.494,0.476
539000,0.030,0.701,0.269
539500,0.030,0.555,0.415
540000,0.030,0.499,0.471
540500,0.030,0.580,0.390
541000,0.030,0.656,0.314
541500,0.030,0.638,0.332
542000,0.030,0.602,0.368
542500,0.030,0.494,0.476
543000,0.030,0.553,0.417
543500,0.030,0.522,0.448
544000,0.030,0.769,0.201
544500,0.030,0.616,0.354
545000,0.030,0.533,0.437
545500,0.030,0.501,0.469
546000,0.030,0.453,0.517
546500,0.030,0.621,0.349
547000,0.030,0.558,0.412
547500,0.030,0.394,0.576
548000,0.030,0.394,0.576
548500,0.030,0.493,0.477
549000,0.030,0.566,0.404
549500,0.030,0.666,0.304
550000,0.030,0.533,0.437
550500,0.030,0.577,0.393
551000,0.030,0.511,0.459
551500,0.030,0.645,0.325
552000,0.030,0.632,0.338
552500,0.030,0.600,0.370
553000,0.030,0.544,0.426
553500,0.030,0.461,0.509
554000,0.030,0.469,0.501
554500,0.030,0.636,0.334
555000,0.030,0.552,0.418
555500,0.030,0.543,0.427
556000,0.030,0.518,0.452
556500,0.030,0.603,0.367
557000,0.030,0.582,0.388
557500,0.030,0.675,0.295
558000,0.030,0.549,0.421
558500,0.030,0.679,0.291
559000,0.030,0.642,0.328
559500,0.030,0.721,0.249
560000,0.030,0.643,0.327
560500,0.030,0.731,0.239
561000,0.030,0.599,0.371
561500,0.030,0.539,0.431
562000,0.030,0.479,0.491
562500,0.030,0.649,0.321
563000,0.030,0.406,0.564
563500,0.030,0.600,0.370
564000,0.030,0.491,0.479
564500,0.030,0.418,0.552
565000,0.030,0.564,0.406
565500,0.030,0.629,0.341
566000,0.030,0.432,0.538
566500,0.030,0.603,0.367
567000,0.030,0.605,0.365
567500,0.030,0.697,0.273
568000,0.030,0.575,0.395
568500,0.030,0.508,0.462
569000,0.030,0.641,0.329
569500,0.030,0.578,0.392
570000,0.030,0.554,0.416
570500,0.030,0.599,0.371
571000,0.030,0.582,0.388
571500,0.030,0.511,0.459
572000,0.030,0.640,0.330
572500,0.030,0.655,0.315
573000,0.030,0.566,0.404
573500,0.030,0.466,0.504
574000,0.030,0.607,0.363
574500,0.030,0.641,0.329
575000,0.030,0.490,0.480
575500,0.030,0.498,0.472
576000,0.030,0.590,0.380
576500,0.030,0.477,0.493
577000,0.030,0.578,0.392
577500,0.030,0.543,0.427
578000,0.030,0.737,0.233
578500,0.030,0.645,0.325
579000,0.030,0.619,0.351
579500,0.030,0.421,0.549
580000,0.030,0.525,0.445
580500,0.030,0.633,0.337
581000,0.030,0.517,0.453
581500,0.030,0.569,0.401
582000,0.030,0.528,0.442
582500,0.030,0.638,0.332
583000,0.030,0.569,0.401
583500,0.030,0.595,0.375
584000,0.030,0.542,0.428
584500,0.030,0.569,0.401
585000,0.030,0.666,0.304
585500,0.030,0.438,0.532
586000,0.030,0.518,0.452
586500,0.030,0.509,0.461
587000,0.030,0.554,0.416
587500,0.030,0.534,0.436
588000,0.030,0.739,0.231
588500,0.030,0.716,0.254
589000,0.030,0.639,0.331
589500,0.030,0.539,0.431
590000,0.030,0.659,0.311
590500,0.030,0.490,0.480
591000,0.030,0.638,0.332
591500,0.030,0.647,0.323
592000,0.030,0.532,0.438
592500,0.030,0.466,0.504
593000,0.030,0.389,0.581
593500,0.030,0.631,0.339
594000,0.030,0.464,0.506
594500,0.030,0.615,0.355
595000,0.030,0.473,0.497
595500,0.030,0.535,0.435
596000,0.030,0.533,0.437
596500,0.030,0.571,0.399
597000,0.030,0.602,0.368
597500,0.030,0.585,0.385
598000,0.030,0.619,0.351
598500,0.030,0.497,0.473
599000,0.030,0.659,0.311
599500,0.030,0.608,0.362
600000,0.030,0.712,0.258
600500,0.030,0.732,0.238
601000,0.030,0.525,0.445
601500,0.030,0.571,0.399
602000,0.030,0.679,0.291
602500,0.030,0.767,0.203
603000,0.030,0.602,0.368
603500,0.030,0.513,0.457
604000,0.030,0.395,0.575
604500,0.030,0.585,0.385
605000,0.030,0.698,0.272
605500,0.030,0.572,0.398
606000,0.030,0.461,0.509
606500,0.030,0.592,0.378
607000,0.030,0.614,0.356
607500,0.030,0.671,0.299
608000,0.030,0.661,0.309
608500,0.030,0.576,0.394
609000,0.030,0.523,0.447
609500,0.030,0.478,0.492
610000,0.030,0.541,0.429
610500,0.030,0.621,0.349
611000,0.030,0.508,0.462
611500,0.030,0.682,0.288
612000,0.030,0.835,0.135
612500,0.030,0.544,0.426
613000,0.030,0.574,0.396
613500,0.030,0.559,0.411
614000,0.030,0.544,0.426
614500,0.030,0.593,0.377
615000,0.030,0.541,0.429
615500,0.030,0.615,0.355
616000,0.030,0.574,0.396
616500,0.030,0.480,0.490
617000,0.030,0.659,0.311
617500,0.030,0.501,0.469
618000,0.030,0.586,0.384
618500,0.030,0.467,0.503
619000,0.030,0.527,0.443
619500,0.030,0.713,0.257
620000,0.030,0.624,0.346
620500,0.030,0.596,0.374
621000,0.030,0.567,0.403
621500,0.030,0.585,0.385
622000,0.030,0.523,0.447
622500,0.030,0.355,0.615
623000,0.030,0.582,0.388
623500,0.030,0.595,0.375
624000,0.030,0.503,0.467
624500,0.030,0.598,0.372
625000,0.030,0.635,0.335
625500,0.030,0.514,0.456
626000,0.030,0.492,0.478
626500,0.030,0.561,0.409
627000,0.030,0.526,0.444
627500,0.030,0.705,0.265
628000,0.030,0.631,0.339
628500,0.030,0.602,0.368
629000,0.030,0.712,0.258
629500,0.030,0.565,0.405
630000,0.030,0.749,0.221
630500,0.030,0.697,0.273
631000,0.030,0.593,0.377
631500,0.030,0.571,0.399
632000,0.030,0.524,0.446
632500,0.030,0.531,0.439
633000,0.030,0.594,0.376
633500,0.030,0.802,0.168
634000,0.030,0.593,0.377
634500,0.030,0.568,0.402
635000,0.030,0.451,0.519
635500,0.030,0.559,0.411
636000,0.030,0.572,0.398
636500,0.030,0.602,0.368
637000,0.030,0.475,0.495
637500,0.030,0.607,0.363
638000,0.030,0.501,0.469
638500,0.030,0.733,0.237
639000,0.030,0.609,0.361
639500,0.030,0.502,0.468
640000,0.030,0.698,0.272
640500,0.030,0.580,0.390
641000,0.030,0.516,0.454
641500,0.030,0.551,0.419
642000,0.030,0.728,0.242
642500,0.030,0.809,0.161
643000,0.030,0.694,0.276
643500,0.030,0.486,0.484
644000,0.030,0.585,0.385
644500,0.030,0.547,0.423
645000,0.030,0.489,0.481
645500,0.030,0.510,0.460
646000,0.030,0.624,0.346
646500,0.030,0.491,0.479
647000,0.030,0.532,0.438
647500,0.030,0.568,0.402
648000,0.030,0.601,0.369
648500,0.030,0.671,0.299
649000,0.030,0.434,0.536
649500,0.030,0.616,0.354
650000,0.030,0.638,0.332
650500,0.030,0.656,0.314
651000,0.030,0.447,0.523
651500,0.030,0.493,0.477
652000,0.030,0.441,0.529
652500,0.030,0.645,0.325
653000,0.030,0.510,0.460
653500,0.030,0.653,0.317
654000,0.030,0.612,0.358
654500,0.030,0.501,0.469
655000,0.030,0.582,0.388
655500,0.030,0.556,0.414
656000,0.030,0.629,0.341
656500,0.030,0.691,0.279
657000,0.030,0.578,0.392
657500,0.030,0.575,0.395
658000,0.030,0.419,0.551
658500,0.030,0.562,0.408
659000,0.030,0.544,0.426
659500,0.030,0.785,0.185
660000,0.030,0.557,0.413
660500,0.030,0.552,0.418
661000,0.030,0.554,0.416
661500,0.030,0.520,0.450
662000,0.030,0.610,0.360
662500,0.030,0.698,0.272
663000,0.030,0.414,0.556
663500,0.030,0.577,0.393
664000,0.030,0.662,0.308
664500,0.030,0.654,0.316
665000,0.030,0.502,0.468
665500,0.030,0.696,0.274
666000,0.030,0.473,0.497
666500,0.030,0.613,0.357
667000,0.030,0.503,0.467
667500,0.030,0.512,0.458
668000,0.030,0.596,0.374
668500,0.030,0.678,0.292
669000,0.030,0.645,0.325
669500,0.030,0.638,0.332
670000,0.030,0.565,0.405
670500,0.030,0.581,0.389
671000,0.030,0.510,0.460
671500,0.030,0.701,0.269
672000,0.030,0.570,0.400
672500,0.030,0.411,0.559
673000,0.030,0.646,0.324
673500,0.030,0.573,0.397
674000,0.030,0.545,0.425
674500,0.030,0.546,0.424
675000,0.030,0.646,0.324
675500,0.030,0.609,0.361
676000,0.030,0.652,0.318
676500,0.030,0.486,0.484
677000,0.030,0.439,0.531
677500,0.030,0.698,0.272
678000,0.030,0.557,0.413
678500,0.030,0.611,0.359
679000,0.030,0.647,0.323
679500,0.030,0.492,0.478
680000,0.030,0.635,0.335
680500,0.030,0.486,0.484
681000,0.030,0.480,0.490
681500,0.030,0.602,0.368
682000,0.030,0.567,0.403
682500,0.030,0.652,0.318
683000,0.030,0.525,0.445
683500,0.030,0.516,0.454
684000,0.030,0.625,0.345
684500,0.030,0.486,0.484
685000,0.030,0.753,0.217
685500,0.030,0.465,0.505
686000,0.030,0.472,0.498
686500,0.030,0.613,0.357
687000,0.030,0.556,0.414
687500,0.030,0.529,0.441
688000,0.030,0.615,0.355
688500,0.030,0.668,0.302
689000,0.030,0.632,0.338
689500,0.030,0.574,0.396
690000,0.030,0.605,0.365
690500,0.030,0.713,0.257
691000,0.030,0.889,0.081
691500,0.030,0.560,0.410
692000,0.030,0.541,0.429
692500,0.030,0.571,0.399
693000,0.030,0.622,0.348
693500,0.030,0.511,0.459
694000,0.030,0.548,0.422
694500,0.030,0.782,0.188
695000,0.030,0.494,0.476
695500,0.030,0.594,0.376
696000,0.030,0.597,0.373
696500,0.030,0.720,0.250
697000,0.030,0.537,0.433
697500,0.030,0.560,0.410
698000,0.030,0.537,0.433
698500,0.030,0.635,0.335
699000,0.030,0.603,0.367
699500,0.030,0.557,0.413
700000,0.030,0.639,0.331
700500,0.030,0.513,0.457
701000,0.030,0.493,0.477
701500,0.030,0.626,0.344
702000,0.030,0.851,0.119
702500,0.030,0.780,0.190
703000,0.030,0.756,0.214
703500,0.030,0.753,0.217
704000,0.030,0.729,0.241
704500,0.030,0.737,0.233
705000,0.030,0.588,0.382
705500,0.030,0.506,0.464
706000,0.030,0.711,0.259
706500,0.030,0.466,0.504
707000,0.030,0.708,0.262
707500,0.030,0.675,0.295
708000,0.030,0.769,0.201
708500,0.030,0.588,0.382
709000,0.030,0.719,0.251
709500,0.030,0.653,0.317
710000,0.030,0.745,0.225
710500,0.030,0.602,0.368
711000,0.030,0.542,0.428
711500,0.030,0.523,0.447
712000,0.030,0.621,0.349
712500,0.030,0.676,0.294
713000,0.030,0.714,0.256
713500,0.030,0.488,0.482
714000,0.030,0.634,0.336
714500,0.030,0.687,0.283
715000,0.030,0.563,0.407
715500,0.030,0.531,0.439
716000,0.030,0.681,0.289
716500,0.030,0.628,0.342
717000,0.030,0.456,0.514
717500,0.030,0.483,0.487
718000,0.030,0.526,0.444
718500,0.030,0.648,0.322
719000,0.030,0.703,0.267
719500,0.030,0.591,0.379
720000,0.030,0.621,0.349
720500,0.030,0.672,0.298
721000,0.030,0.657,0.313
721500,0.030,0.494,0.476
722000,0.030,0.578,0.392
722500,0.030,0.541,0.429
723000,0.030,0.558,0.412
723500,0.030,0.706,0.264
724000,0.030,0.536,0.434
724500,0.030,0.683,0.287
725000,0.030,0.571,0.399
725500,0.030,0.388,0.582
726000,0.030,0.553,0.417
726500,0.030,0.842,0.128
727000,0.030,0.457,0.513
727500,0.030,0.504,0.466
728000,0.030,0.691,0.279
728500,0.030,0.458,0.512
729000,0.030,0.539,0.431
729500,0.030,0.330,0.640
730000,0.030,0.645,0.325
730500,0.030,0.542,0.428
731000,0.030,0.584,0.386
731500,0.030,0.568,0.402
732000,0.030,0.578,0.392
732500,0.030,0.671,0.299
733000,0.030,0.612,0.358
733500,0.030,0.681,0.289
734000,0.030,0.608,0.362
734500,0.030,0.674,0.296
735000,0.030,0.561,0.409
735500,0.030,0.574,0.396
736000,0.030,0.598,0.372
736500,0.030,0.618,0.352
737000,0.030,0.518,0.452
737500,0.030,0.484,0.486
738000,0.030,0.573,0.397
738500,0.030,0.705,0.265
739000,0.030,0.674,0.296
739500,0.030,0.650,0.320
740000,0.030,0.627,0.343
740500,0.030,0.608,0.362
741000,0.030,0.736,0.234
741500,0.030,0.650,0.320
742000,0.030,0.530,0.440
742500,0.030,0.552,0.418
743000,0.030,0.705,0.265
743500,0.030,0.542,0.428
744000,0.030,0.567,0.403
744500,0.030,0.789,0.181
745000,0.030,0.603,0.367
745500,0.030,0.590,0.380
746000,0.030,0.656,0.314
746500,0.030,0.687,0.283
747000,0.030,0.596,0.374
747500,0.030,0.666,0.304
748000,0.030,0.768,0.202
748500,0.030,0.499,0.471
749000,0.030,0.512,0.458
749500,0.030,0.556,0.414
750000,0.030,0.468,0.502
750500,0.030,0.479,0.491
751000,0.030,0.633,0.337
751500,0.030,0.777,0.193
752000,0.030,0.553,0.417
752500,0.030,0.499,0.471
753000,0.030,0.406,0.564
753500,0.030,0.586,0.384
754000,0.030,0.448,0.522
754500,0.030,0.539,0.431
755000,0.030,0.474,0.496
755500,0.030,0.508,0.462
756000,0.030,0.507,0.463
756500,0.030,0.515,0.455
757000,0.030,0.531,0.439
757500,0.030,0.552,0.418
758000,0.030,0.324,0.646
758500,0.030,0.527,0.443
759000,0.030,0.710,0.260
759500,0.030,0.509,0.461
760000,0.030,0.636,0.334
760500,0.030,0.466,0.504
761000,0.030,0.563,0.407
761500,0.030,0.518,0.452
762000,0.030,0.574,0.396
762500,0.030,0.510,0.460
763000,0.030,0.501,0.469
763500,0.030,0.522,0.448
764000,0.030,0.612,0.358
764500,0.030,0.675,0.295
765000,0.030,0.866,0.104
765500,0.030,0.734,0.236
766000,0.030,0.518,0.452
766500,0.030,0.705,0.265
767000,0.030,0.639,0.331
767500,0.030,0.651,0.319
768000,0.030,0.662,0.308
768500,0.030,0.636,0.334
769000,0.030,0.682,0.288
769500,0.030,0.613,0.357
770000,0.030,0.442,0.528
770500,0.030,0.502,0.468
771000,0.030,0.615,0.355
771500,0.030,0.489,0.481
772000,0.030,0.660,0.310
772500,0.030,0.612,0.358
773000,0.030,0.564,0.406
773500,0.030,0.465,0.505
774000,0.030,0.576,0.394
774500,0.030,0.553,0.417
775000,0.030,0.646,0.324
775500,0.030,0.528,0.442
776000,0.030,0.568,0.402
776500,0.030,0.814,0.156
777000,0.030,0.824,0.146
777500,0.030,0.450,0.520
778000,0.030,0.569,0.401
778500,0.030,0.506,0.464
779000,0.030,0.552,0.418
779500,0.030,0.652,0.318
780000,0.030,0.741,0.229
780500,0.030,0.521,0.449
781000,0.030,0.678,0.292
781500,0.030,0.455,0.515
782000,0.030,0.370,0.600
782500,0.030,0.599,0.371
783000,0.030,0.424,0.546
783500,0.030,0.582,0.388
784000,0.030,0.395,0.575
784500,0.030,0.501,0.469
785000,0.030,0.514,0.456
785500,0.030,0.482,0.488
786000,0.030,0.490,0.480
786500,0.030,0.571,0.399
787000,0.030,0.701,0.269
787500,0.030,0.542,0.428
788000,0.030,0.558,0.412
788500,0.030,0.643,0.327
789000,0.030,0.592,0.378
789500,0.030,0.455,0.515
790000,0.030,0.662,0.308
790500,0.030,0.538,0.432
791000,0.030,0.512,0.458
791500,0.030,0.655,0.315
792000,0.030,0.551,0.419
792500,0.030,0.598,0.372
793000,0.030,0.680,0.290
793500,0.030,0.486,0.484
794000,0.030,0.542,0.428
794500,0.030,0.487,0.483
795000,0.030,0.809,0.161
795500,0.030,0.490,0.480
796000,0.030,0.522,0.448
796500,0.030,0.433,0.537
797000,0.030,0.530,0.440
797500,0.030,0.604,0.366
798000,0.030,0.557,0.413
798500,0.030,0.674,0.296
799000,0.030,0.588,0.382
799500,0.030,0.526,0.444
800000,0.030,0.618,0.352
800500,0.030,0.614,0.356
801000,0.030,0.660,0.310
801500,0.030,0.499,0.471
802000,0.030,0.633,0.337
802500,0.030,0.575,0.395
803000,0.030,0.506,0.464
803500,0.030,0.454,0.516
804000,0.030,0.671,0.299
804500,0.030,0.641,0.329
805000,0.030,0.775,0.195
805500,0.030,0.614,0.356
806000,0.030,0.640,0.330
806500,0.030,0.648,0.322
807000,0.030,0.522,0.448
807500,0.030,0.435,0.535
808000,0.030,0.547,0.423
808500,0.030,0.361,0.609
809000,0.030,0.669,0.301
809500,0.030,0.666,0.304
810000,0.030,0.694,0.276
810500,0.030,0.553,0.417
811000,0.030,0.700,0.270
811500,0.030,0.595,0.375
812000,0.030,0.593,0.377
812500,0.030,0.561,0.409
813000,0.030,0.452,0.518
813500,0.030,0.601,0.369
814000,0.030,0.583,0.387
814500,0.030,0.516,0.454
815000,0.030,0.679,0.291
815500,0.030,0.592,0.378
816000,0.030,0.628,0.342
816500,0.030,0.787,0.183
817000,0.030,0.779,0.191
817500,0.030,0.696,0.274
818000,0.030,0.384,0.586
818500,0.030,0.470,0.500
819000,0.030,0.503,0.467
819500,0.030,0.653,0.317
820000,0.030,0.632,0.338
820500,0.030,0.554,0.416
821000,0.030,0.516,0.454
821500,0.030,0.547,0.423
822000,0.030,0.459,0.511
822500,0.030,0.585,0.385
823000,0.030,0.626,0.344
823500,0.030,0.584,0.386
824000,0.030,0.731,0.239
824500,0.030,0.633,0.337
825000,0.030,0.589,0.381
825500,0.030,0.556,0.414
826000,0.030,0.427,0.543
826500,0.030,0.604,0.366
827000,0.030,0.582,0.388
827500,0.030,0.590,0.380
828000,0.030,0.640,0.330
828500,0.030,0.609,0.361
829000,0.030,0.607,0.363
829500,0.030,0.689,0.281
830000,0.030,0.647,0.323
830500,0.030,0.505,0.465
831000,0.030,0.795,0.175
831500,0.030,0.569,0.401
832000,0.030,0.641,0.329
832500,0.030,0.637,0.333
833000,0.030,0.767,0.203
833500,0.030,0.683,0.287
834000,0.030,0.613,0.357
834500,0.030,0.675,0.295
835000,0.030,0.544,0.426
835500,0.030,0.611,0.359
836000,0.030,0.609,0.361
836500,0.030,0.483,0.487
837000,0.030,0.636,0.334
837500,0.030,0.685,0.285
838000,0.030,0.629,0.341
838500,0.030,0.440,0.530
839000,0.030,0.492,0.478
839500,0.030,0.584,0.386
840000,0.030,0.613,0.357
840500,0.030,0.498,0.472
841000,0.030,0.738,0.232
841500,0.030,0.609,0.361
842000,0.030,0.463,0.507
842500,0.030,0.618,0.352
843000,0.030,0.586,0.384
843500,0.030,0.622,0.348
844000,0.030,0.455,0.515
844500,0.030,0.584,0.386
845000,0.030,0.559,0.411
845500,0.030,0.814,0.156
846000,0.030,0.614,0.356
846500,0.030,0.554,0.416
847000,0.030,0.503,0.467
847500,0.030,0.584,0.386
848000,0.030,0.597,0.373
848500,0.030,0.415,0.555
849000,0.030,0.553,0.417
849500,0.030,0.648,0.322
850000,0.030,0.682,0.288
850500,0.030,0.511,0.459
851000,0.030,0.588,0.382
851500,0.030,0.586,0.384
852000,0.030,0.455,0.515
852500,0.030,0.584,0.386
853000,0.030,0.551,0.419
853500,0.030,0.420,0.550
854000,0.030,0.600,0.370
854500,0.030,0.545,0.425
855000,0.030,0.541,0.429
855500,0.030,0.608,0.362
856000,0.030,0.512,0.458
856500,0.030,0.603,0.367
857000,0.030,0.686,0.284
857500,0.030,0.411,0.559
858000,0.030,0.737,0.233
858500,0.030,0.468,0.502
859000,0.030,0.494,0.476
859500,0.030,0.577,0.393
860000,0.030,0.470,0.500
860500,0.030,0.465,0.505
861000,0.030,0.589,0.381
861500,0.030,0.615,0.355
862000,0.030,0.500,0.470
862500,0.030,0.657,0.313
863000,0.030,0.583,0.387
863500,0.030,0.682,0.288
864000,0.030,0.509,0.461
864500,0.030,0.593,0.377
865000,0.030,0.492,0.478
865500,0.030,0.630,0.340
866000,0.030,0.496,0.474
866500,0.030,0.736,0.234
867000,0.030,0.727,0.243
867500,0.030,0.691,0.279
868000,0.030,0.481,0.489
868500,0.030,0.756,0.214
869000,0.030,0.577,0.393
869500,0.030,0.627,0.343
870000,0.030,0.618,0.352
870500,0.030,0.605,0.365
871000,0.030,0.570,0.400
871500,0.030,0.744,0.226
872000,0.030,0.631,0.339
872500,0.030,0.670,0.300
873000,0.030,0.617,0.353
873500,0.030,0.498,0.472
874000,0.030,0.480,0.490
874500,0.030,0.549,0.421
875000,0.030,0.629,0.341
875500,0.030,0.524,0.446
876000,0.030,0.718,0.252
876500,0.030,0.718,0.252
877000,0.030,0.588,0.382
877500,0.030,0.572,0.398
878000,0.030,0.622,0.348
878500,0.030,0.633,0.337
879000,0.030,0.563,0.407
879500,0.030,0.561,0.409
880000,0.030,0.637,0.333
880500,0.030,0.548,0.422
881000,0.030,0.567,0.403
881500,0.030,0.461,0.509
882000,0.030,0.706,0.264
882500,0.030,0.708,0.262
883000,0.030,0.460,0.510
883500,0.030,0.598,0.372
884000,0.030,0.534,0.436
884500,0.030,0.595,0.375
885000,0.030,0.574,0.396
885500,0.030,0.631,0.339
886000,0.030,0.467,0.503
886500,0.030,0.643,0.327
887000,0.030,0.502,0.468
887500,0.030,0.413,0.557
888000,0.030,0.597,0.373
888500,0.030,0.538,0.432
889000,0.030,0.656,0.314
889500,0.030,0.581,0.389
890000,0.030,0.620,0.350
890500,0.030,0.570,0.400
891000,0.030,0.608,0.362
891500,0.030,0.586,0.384
892000,0.030,0.589,0.381
892500,0.030,0.555,0.415
893000,0.030,0.440,0.530
893500,0.030,0.438,0.532
894000,0.030,0.545,0.425
894500,0.030,0.662,0.308
895000,0.030,0.576,0.394
895500,0.030,0.615,0.355
896000,0.030,0.587,0.383
896500,0.030,0.718,0.252
897000,0.030,0.634,0.336
897500,0.030,0.666,0.304
898000,0.030,0.486,0.484
898500,0.030,0.518,0.452
899000,0.030,0.630,0.340
899500,0.030,0.883,0.087
900000,0.030,0.631,0.339
900500,0.030,0.543,0.427
901000,0.030,0.567,0.403
901500,0.030,0.474,0.496
902000,0.030,0.596,0.374
902500,0.030,0.693,0.277
903000,0.030,0.618,0.352
903500,0.030,0.525,0.445
904000,0.030,0.677,0.293
904500,0.030,0.601,0.369
905000,0.030,0.551,0.419
905500,0.030,0.589,0.381
906000,0.030,0.533,0.437
906500,0.030,0.394,0.576
907000,0.030,0.491,0.479
907500,0.030,0.494,0.476
908000,0.030,0.512,0.458
908500,0.030,0.493,0.477
909000,0.030,0.523,0.447
909500,0.030,0.658,0.312
910000,0.030,0.456,0.514
910500,0.030,0.626,0.344
911000,0.030,0.527,0.443
911500,0.030,0.506,0.464
912000,0.030,0.630,0.340
912500,0.030,0.570,0.400
913000,0.030,0.581,0.389
913500,0.030,0.631,0.339
914000,0.030,0.567,0.403
914500,0.030,0.761,0.209
915000,0.030,0.605,0.365
915500,0.030,0.661,0.309
916000,0.030,0.604,0.366
916500,0.030,0.726,0.244
917000,0.030,0.748,0.222
917500,0.030,0.626,0.344
918000,0.030,0.491,0.479
918500,0.030,0.521,0.449
919000,0.030,0.591,0.379
919500,0.030,0.472,0.498
920000,0.030,0.703,0.267
920500,0.030,0.539,0.431
921000,0.030,0.721,0.249
921500,0.030,0.632,0.338
922000,0.030,0.587,0.383
922500,0.030,0.603,0.367
923000,0.030,0.480,0.490
923500,0.030,0.520,0.450
924000,0.030,0.502,0.468
924500,0.030,0.501,0.469
925000,0.030,0.630,0.340
925500,0.030,0.411,0.559
926000,0.030,0.626,0.344
926500,0.030,0.581,0.389
927000,0.030,0.453,0.517
927500,0.030,0.529,0.441
928000,0.030,0.511,0.459
928500,0.030,0.606,0.364
929000,0.030,0.686,0.284
929500,0.030,0.604,0.366
930000,0.030,0.626,0.344
930500,0.030,0.487,0.483
931000,0.030,0.493,0.477
931500,0.030,0.650,0.320
932000,0.030,0.509,0.461
932500,0.030,0.681,0.289
933000,0.030,0.746,0.224
933500,0.030,0.572,0.398
934000,0.030,0.580,0.390
934500,0.030,0.481,0.489
935000,0.030,0.511,0.459
935500,0.030,0.432,0.538
936000,0.030,0.582,0.388
936500,0.030,0.540,0.430
937000,0.030,0.548,0.422
937500,0.030,0.498,0.472
938000,0.030,0.522,0.448
938500,0.030,0.615,0.355
939000,0.030,0.734,0.236
939500,0.030,0.564,0.406
940000,0.030,0.500,0.470
940500,0.030,0.449,0.521
941000,0.030,0.637,0.333
941500,0.030,0.662,0.308
942000,0.030,0.471,0.499
942500,0.030,0.551,0.419
943000,0.030,0.674,0.296
943500,0.030,0.391,0.579
944000,0.030,0.718,0.252
944500,0.030,0.780,0.190
945000,0.030,0.768,0.202
945500,0.030,0.710,0.260
946000,0.030,0.715,0.255
946500,0.030,0.499,0.471
947000,0.030,0.552,0.418
947500,0.030,0.527,0.443
948000,0.030,0.652,0.318
948500,0.030,0.583,0.387
949000,0.030,0.655,0.315
949500,0.030,0.672,0.298
950000,0.030,0.636,0.334
950500,0.030,0.634,0.336
951000,0.030,0.567,0.403
951500,0.030,0.504,0.466
952000,0.030,0.355,0.615
952500,0.030,0.621,0.349
953000,0.030,0.549,0.421
953500,0.030,0.507,0.463
954000,0.030,0.565,0.405
954500,0.030,0.559,0.411
955000,0.030,0.430,0.540
955500,0.030,0.491,0.479
956000,0.030,0.449,0.521
956500,0.030,0.640,0.330
957000,0.030,0.642,0.328
957500,0.030,0.624,0.346
958000,0.030,0.465,0.505
958500,0.030,0.590,0.380
959000,0.030,0.695,0.275
959500,0.030,0.639,0.331
960000,0.030,0.671,0.299
960500,0.030,0.646,0.324
961000,0.030,0.708,0.262
961500,0.030,0.507,0.463
962000,0.030,0.591,0.379
962500,0.030,0.565,0.405
963000,0.030,0.631,0.339
963500,0.030,0.707,0.263
964000,0.030,0.580,0.390
964500,0.030,0.555,0.415
965000,0.030,0.474,0.496
965500,0.030,0.556,0.414
966000,0.030,0.513,0.457
966500,0.030,0.595,0.375
967000,0.030,0.568,0.402
967500,0.030,0.510,0.460
968000,0.030,0.476,0.494
968500,0.030,0.550,0.420
969000,0.030,0.538,0.432
969500,0.030,0.722,0.248
970000,0.030,0.507,0.463
970500,0.030,0.693,0.277
971000,0.030,0.704,0.266
971500,0.030,0.478,0.492
972000,0.030,0.424,0.546
972500,0.030,0.447,0.523
973000,0.030,0.582,0.388
973500,0.030,0.609,0.361
974000,0.030,0.531,0.439
974500,0.030,0.665,0.305
975000,0.030,0.596,0.374
975500,0.030,0.479,0.491
976000,0.030,0.763,0.207
976500,0.030,0.443,0.527
977000,0.030,0.645,0.325
977500,0.030,0.617,0.353
978000,0.030,0.682,0.288
978500,0.030,0.609,0.361
979000,0.030,0.571,0.399
979500,0.030,0.434,0.536
980000,0.030,0.525,0.445
980500,0.030,0.621,0.349
981000,0.030,0.523,0.447
981500,0.030,0.519,0.451
982000,0.030,0.607,0.363
982500,0.030,0.572,0.398
983000,0.030,0.660,0.310
983500,0.030,0.634,0.336
984000,0.030,0.698,0.272
984500,0.030,0.552,0.418
985000,0.030,0.431,0.539
985500,0.030,0.567,0.403
986000,0.030,0.773,0.197
986500,0.030,0.717,0.253
987000,0.030,0.724,0.246
987500,0.030,0.660,0.310
988000,0.030,0.534,0.436
988500,0.030,0.524,0.446
989000,0.030,0.478,0.492
989500,0.030,0.532,0.438
990000,0.030,0.716,0.254
990500,0.030,0.714,0.256
991000,0.030,0.557,0.413
991500,0.030,0.581,0.389
992000,0.030,0.463,0.507
992500,0.030,0.527,0.443
993000,0.030,0.520,0.450
993500,0.030,0.626,0.344
994000,0.030,0.559,0.411
994500,0.030,0.515,0.455
995000,0.030,0.439,0.531
995500,0.030,0.663,0.307
996000,0.030,0.703,0.267
996500,0.030,0.553,0.417
997000,0.030,0.395,0.575
997500,0.030,0.638,0.332
998000,0.030,0.728,0.242
998500,0.030,0.432,0.538
999000,0.030,0.589,0.381
999500,0.030,0.552,0.418
1000000,0.030,0.667,0.303
