time,n_A+p,n_B,n_AB
500,0.010,0.965,0.025
1000,0.010,0.959,0.031
1500,0.010,0.961,0.029
2000,0.010,0.955,0.035
2500,0.010,0.971,0.019
3000,0.010,0.954,0.036
3500,0.010,0.935,0.054
4000,0.010,0.953,0.037
4500,0.010,0.951,0.039
5000,0.010,0.946,0.044
5500,0.010,0.929,0.060
6000,0.010,0.947,0.043
6500,0.010,0.909,0.081
7000,0.010,0.918,0.072
7500,0.010,0.919,0.071
8000,0.010,0.951,0.039
8500,0.010,0.954,0.036
9000,0.010,0.952,0.038
9500,0.010,0.954,0.036
10000,0.010,0.909,0.081
10500,0.010,0.951,0.039
11000,0.010,0.923,0.067
11500,0.010,0.932,0.057
12000,0.010,0.950,0.040
12500,0.010,0.958,0.032
13000,0.010,0.959,0.031
13500,0.010,0.954,0.036
14000,0.010,0.962,0.028
14500,0.010,0.962,0.028
15000,0.010,0.954,0.036
15500,0.010,0.963,0.027
16000,0.010,0.909,0.081
16500,0.010,0.902,0.088
17000,0.010,0.930,0.059
17500,0.010,0.929,0.061
18000,0.010,0.922,0.068
18500,0.010,0.869,0.121
19000,0.010,0.882,0.108
19500,0.010,0.933,0.056
20000,0.010,0.960,0.030
20500,0.010,0.941,0.049
21000,0.010,0.934,0.055
21500,0.010,0.956,0.034
22000,0.010,0.925,0.065
22500,0.010,0.924,0.066
23000,0.010,0.924,0.066
23500,0.010,0.912,0.078
24000,0.010,0.882,0.108
24500,0.010,0.911,0.079
25000,0.010,0.934,0.056
25500,0.010,0.926,0.064
26000,0.010,0.960,0.030
26500,0.010,0.956,0.034
27000,0.010,0.967,0.023
27500,0.010,0.969,0.021
28000,0.010,0.893,0.097
28500,0.010,0.920,0.070
29000,0.010,0.939,0.051
29500,0.010,0.912,0.078
30000,0.010,0.909,0.081
30500,0.010,0.936,0.053
31000,0.010,0.927,0.063
31500,0.010,0.898,0.092
32000,0.010,0.943,0.047
32500,0.010,0.927,0.063
33000,0.010,0.910,0.080
33500,0.010,0.894,0.096
34000,0.010,0.904,0.086
34500,0.010,0.907,0.083
35000,0.010,0.910,0.080
35500,0.010,0.886,0.104
36000,0.010,0.899,0.091
36500,0.010,0.925,0.065
37000,0.010,0.954,0.036
37500,0.010,0.980,0.010
38000,0.010,0.952,0.038
38500,0.010,0.938,0.052
39000,0.010,0.938,0.052
39500,0.010,0.903,0.087
40000,0.010,0.920,0.070
40500,0.010,0.940,0.050
41000,0.010,0.946,0.044
41500,0.010,0.948,0.042
42000,0.010,0.916,0.074
42500,0.010,0.894,0.096
43000,0.010,0.905,0.085
43500,0.010,0.876,0.114
44000,0.010,0.868,0.122
44500,0.010,0.881,0.109
45000,0.010,0.930,0.060
45500,0.010,0.921,0.069
46000,0.010,0.916,0.074
46500,0.010,0.911,0.079
47000,0.010,0.864,0.126
47500,0.010,0.866,0.124
48000,0.010,0.908,0.082
48500,0.010,0.886,0.104
49000,0.010,0.928,0.061
49500,0.010,0.902,0.088
50000,0.010,0.908,0.082
50500,0.010,0.913,0.077
51000,0.010,0.941,0.049
51500,0.010,0.936,0.053
52000,0.010,0.901,0.089
52500,0.010,0.924,0.066
53000,0.010,0.940,0.050
53500,0.010,0.929,0.060
54000,0.010,0.903,0.087
54500,0.010,0.876,0.114
55000,0.010,0.909,0.081
55500,0.010,0.903,0.087
56000,0.010,0.906,0.084
56500,0.010,0.913,0.077
57000,0.010,0.918,0.072
57500,0.010,0.951,0.039
58000,0.010,0.971,0.019
58500,0.010,0.920,0.070
59000,0.010,0.896,0.094
59500,0.010,0.829,0.161
60000,0.010,0.891,0.099
60500,0.010,0.881,0.109
61000,0.010,0.866,0.124
61500,0.010,0.913,0.077
62000,0.010,0.875,0.115
62500,0.010,0.863,0.127
63000,0.010,0.904,0.086
63500,0.010,0.883,0.107
64000,0.010,0.885,0.105
64500,0.010,0.891,0.099
65000,0.010,0.931,0.059
65500,0.010,0.940,0.050
66000,0.010,0.947,0.043
66500,0.010,0.923,0.067
67000,0.010,0.942,0.048
67500,0.010,0.945,0.045
68000,0.010,0.924,0.066
68500,0.010,0.934,0.056
69000,0.010,0.963,0.027
69500,0.010,0.921,0.069
70000,0.010,0.910,0.080
70500,0.010,0.908,0.082
71000,0.010,0.907,0.083
71500,0.010,0.908,0.082
72000,0.010,0.898,0.092
72500,0.010,0.939,0.051
73000,0.010,0.902,0.088
73500,0.010,0.938,0.052
74000,0.010,0.925,0.065
74500,0.010,0.949,0.041
75000,0.010,0.964,0.026
75500,0.010,0.950,0.040
76000,0.010,0.976,0.014
76500,0.010,0.959,0.031
77000,0.010,0.927,0.062
77500,0.010,0.922,0.068
78000,0.010,0.926,0.064
78500,0.010,0.935,0.054
79000,0.010,0.923,0.067
79500,0.010,0.923,0.067
80000,0.010,0.909,0.081
80500,0.010,0.959,0.031
81000,0.010,0.957,0.033
81500,0.010,0.955,0.035
82000,0.010,0.927,0.062
82500,0.010,0.934,0.055
83000,0.010,0.930,0.060
83500,0.010,0.948,0.042
84000,0.010,0.943,0.047
84500,0.010,0.938,0.052
85000,0.010,0.930,0.059
85500,0.010,0.943,0.047
86000,0.010,0.950,0.040
86500,0.010,0.923,0.067
87000,0.010,0.946,0.044
87500,0.010,0.941,0.049
88000,0.010,0.954,0.036
88500,0.010,0.966,0.024
89000,0.010,0.946,0.044
89500,0.010,0.935,0.054
90000,0.010,0.911,0.079
90500,0.010,0.916,0.074
91000,0.010,0.890,0.100
91500,0.010,0.900,0.090
92000,0.010,0.901,0.089
92500,0.010,0.909,0.081
93000,0.010,0.918,0.072
93500,0.010,0.906,0.084
94000,0.010,0.936,0.054
94500,0.010,0.931,0.058
95000,0.010,0.950,0.040
95500,0.010,0.929,0.060
96000,0.010,0.961,0.029
96500,0.010,0.924,0.066
97000,0.010,0.918,0.072
97500,0.010,0.912,0.078
98000,0.010,0.851,0.139
98500,0.010,0.878,0.112
99000,0.010,0.857,0.133
99500,0.010,0.904,0.086
100000,0.010,0.940,0.050
100500,0.010,0.910,0.080
101000,0.010,0.945,0.045
101500,0.010,0.947,0.043
102000,0.010,0.935,0.054
102500,0.010,0.913,0.077
103000,0.010,0.934,0.056
103500,0.010,0.928,0.062
104000,0.010,0.929,0.061
104500,0.010,0.915,0.075
105000,0.010,0.873,0.117
105500,0.010,0.876,0.114
106000,0.010,0.890,0.100
106500,0.010,0.878,0.112
107000,0.010,0.897,0.093
107500,0.010,0.844,0.146
108000,0.010,0.886,0.104
108500,0.010,0.895,0.095
109000,0.010,0.894,0.096
109500,0.010,0.916,0.074
110000,0.010,0.908,0.082
110500,0.010,0.914,0.076
111000,0.010,0.922,0.068
111500,0.010,0.919,0.071
112000,0.010,0.955,0.035
112500,0.010,0.972,0.018
113000,0.010,0.953,0.037
113500,0.010,0.937,0.053
114000,0.010,0.930,0.059
114500,0.010,0.911,0.079
115000,0.010,0.912,0.078
115500,0.010,0.940,0.050
116000,0.010,0.939,0.051
116500,0.010,0.965,0.025
117000,0.010,0.947,0.043
117500,0.010,0.946,0.044
118000,0.010,0.901,0.089
118500,0.010,0.900,0.090
119000,0.010,0.893,0.097
119500,0.010,0.909,0.081
120000,0.010,0.938,0.052
120500,0.010,0.860,0.130
121000,0.010,0.905,0.085
121500,0.010,0.957,0.033
122000,0.010,0.952,0.038
122500,0.010,0.958,0.032
123000,0.010,0.955,0.035
123500,0.010,0.943,0.047
124000,0.010,0.933,0.056
124500,0.010,0.960,0.030
125000,0.010,0.923,0.067
125500,0.010,0.923,0.067
126000,0.010,0.934,0.056
126500,0.010,0.896,0.094
127000,0.010,0.902,0.088
127500,0.010,0.909,0.081
128000,0.010,0.910,0.080
128500,0.010,0.884,0.106
129000,0.010,0.877,0.113
129500,0.010,0.917,0.073
130000,0.010,0.932,0.057
130500,0.010,0.886,0.104
131000,0.010,0.892,0.098
131500,0.010,0.851,0.139
132000,0.010,0.857,0.133
132500,0.010,0.884,0.106
133000,0.010,0.916,0.074
133500,0.010,0.891,0.099
134000,0.010,0.905,0.085
134500,0.010,0.905,0.085
135000,0.010,0.904,0.086
135500,0.010,0.903,0.087
136000,0.010,0.939,0.051
136500,0.010,0.957,0.033
137000,0.010,0.953,0.037
137500,0.010,0.953,0.037
138000,0.010,0.962,0.028
138500,0.010,0.963,0.027
139000,0.010,0.958,0.032
139500,0.010,0.952,0.038
140000,0.010,0.944,0.046
140500,0.010,0.927,0.063
141000,0.010,0.903,0.087
141500,0.010,0.901,0.089
142000,0.010,0.890,0.100
142500,0.010,0.869,0.121
143000,0.010,0.892,0.098
143500,0.010,0.940,0.050
144000,0.010,0.934,0.055
144500,0.010,0.928,0.061
145000,0.010,0.906,0.084
145500,0.010,0.894,0.096
146000,0.010,0.920,0.070
146500,0.010,0.918,0.072
147000,0.010,0.900,0.090
147500,0.010,0.914,0.076
148000,0.010,0.935,0.054
148500,0.010,0.977,0.013
149000,0.010,0.954,0.036
149500,0.010,0.940,0.050
150000,0.010,0.949,0.041
150500,0.010,0.907,0.083
151000,0.010,0.920,0.070
151500,0.010,0.918,0.072
152000,0.010,0.894,0.096
152500,0.010,0.908,0.082
153000,0.010,0.951,0.039
153500,0.010,0.918,0.072
154000,0.010,0.939,0.051
154500,0.010,0.931,0.059
155000,0.010,0.906,0.084
155500,0.010,0.928,0.062
156000,0.010,0.963,0.027
156500,0.010,0.962,0.028
157000,0.010,0.966,0.024
157500,0.010,0.960,0.030
158000,0.010,0.896,0.094
158500,0.010,0.940,0.050
159000,0.010,0.906,0.084
159500,0.010,0.898,0.092
160000,0.010,0.871,0.119
160500,0.010,0.886,0.104
161000,0.010,0.936,0.054
161500,0.010,0.927,0.063
162000,0.010,0.877,0.113
162500,0.010,0.898,0.092
163000,0.010,0.919,0.071
163500,0.010,0.909,0.081
164000,0.010,0.935,0.055
164500,0.010,0.927,0.062
165000,0.010,0.947,0.043
165500,0.010,0.949,0.041
166000,0.010,0.951,0.039
166500,0.010,0.957,0.033
167000,0.010,0.886,0.104
167500,0.010,0.921,0.069
168000,0.010,0.921,0.069
168500,0.010,0.886,0.104
169000,0.010,0.884,0.106
169500,0.010,0.907,0.083
170000,0.010,0.868,0.122
170500,0.010,0.922,0.068
171000,0.010,0.922,0.068
171500,0.010,0.924,0.066
172000,0.010,0.931,0.058
172500,0.010,0.938,0.052
173000,0.010,0.945,0.045
173500,0.010,0.973,0.017
174000,0.010,0.965,0.025
174500,0.010,0.951,0.039
175000,0.010,0.931,0.059
175500,0.010,0.875,0.115
176000,0.010,0.947,0.043
176500,0.010,0.890,0.100
177000,0.010,0.891,0.099
177500,0.010,0.888,0.102
178000,0.010,0.924,0.066
178500,0.010,0.904,0.086
179000,0.010,0.866,0.124
179500,0.010,0.874,0.116
180000,0.010,0.926,0.064
180500,0.010,0.936,0.053
181000,0.010,0.944,0.046
181500,0.010,0.905,0.085
182000,0.010,0.948,0.042
182500,0.010,0.902,0.088
183000,0.010,0.899,0.091
183500,0.010,0.890,0.100
184000,0.010,0.902,0.088
184500,0.010,0.926,0.064
185000,0.010,0.944,0.046
185500,0.010,0.949,0.041
186000,0.010,0.973,0.017
186500,0.010,0.959,0.031
187000,0.010,0.922,0.068
187500,0.010,0.908,0.082
188000,0.010,0.926,0.064
188500,0.010,0.922,0.068
189000,0.010,0.943,0.047
189500,0.010,0.961,0.029
190000,0.010,0.961,0.029
190500,0.010,0.888,0.102
191000,0.010,0.920,0.070
191500,0.010,0.904,0.086
192000,0.010,0.933,0.056
192500,0.010,0.934,0.055
193000,0.010,0.955,0.035
193500,0.010,0.946,0.044
194000,0.010,0.928,0.062
194500,0.010,0.926,0.064
195000,0.010,0.917,0.073
195500,0.010,0.908,0.082
196000,0.010,0.938,0.052
196500,0.010,0.956,0.034
197000,0.010,0.941,0.049
197500,0.010,0.949,0.041
198000,0.010,0.972,0.018
198500,0.010,0.967,0.023
199000,0.010,0.961,0.029
199500,0.010,0.950,0.040
200000,0.010,0.914,0.076
200500,0.010,0.916,0.074
201000,0.010,0.943,0.047
201500,0.010,0.891,0.099
202000,0.010,0.953,0.037
202500,0.010,0.954,0.036
203000,0.010,0.947,0.043
203500,0.010,0.943,0.047
204000,0.010,0.971,0.019
204500,0.010,0.934,0.056
205000,0.010,0.920,0.070
205500,0.010,0.930,0.060
206000,0.010,0.915,0.075
206500,0.010,0.908,0.082
207000,0.010,0.900,0.090
207500,0.010,0.927,0.062
208000,0.010,0.921,0.069
208500,0.010,0.886,0.104
209000,0.010,0.924,0.066
209500,0.010,0.944,0.046
210000,0.010,0.931,0.059
210500,0.010,0.944,0.046
211000,0.010,0.899,0.091
211500,0.010,0.905,0.085
212000,0.010,0.892,0.098
212500,0.010,0.907,0.083
213000,0.010,0.909,0.081
213500,0.010,0.917,0.073
214000,0.010,0.939,0.051
214500,0.010,0.947,0.043
215000,0.010,0.901,0.089
215500,0.010,0.929,0.061
216000,0.010,0.895,0.095
216500,0.010,0.934,0.056
217000,0.010,0.931,0.059
217500,0.010,0.956,0.034
218000,0.010,0.956,0.034
218500,0.010,0.968,0.022
219000,0.010,0.955,0.035
219500,0.010,0.935,0.054
220000,0.010,0.935,0.055
220500,0.010,0.939,0.051
221000,0.010,0.886,0.104
221500,0.010,0.855,0.135
222000,0.010,0.841,0.149
222500,0.010,0.875,0.115
223000,0.010,0.933,0.057
223500,0.010,0.960,0.030
224000,0.010,0.951,0.039
224500,0.010,0.942,0.048
225000,0.010,0.946,0.044
225500,0.010,0.948,0.042
226000,0.010,0.891,0.099
226500,0.010,0.885,0.105
227000,0.010,0.853,0.137
227500,0.010,0.875,0.115
228000,0.010,0.915,0.075
228500,0.010,0.917,0.073
229000,0.010,0.947,0.043
229500,0.010,0.936,0.053
230000,0.010,0.969,0.021
230500,0.010,0.950,0.040
231000,0.010,0.888,0.102
231500,0.010,0.890,0.100
232000,0.010,0.938,0.052
232500,0.010,0.921,0.069
233000,0.010,0.945,0.045
233500,0.010,0.946,0.044
234000,0.010,0.953,0.037
234500,0.010,0.944,0.046
235000,0.010,0.954,0.036
235500,0.010,0.921,0.069
236000,0.010,0.914,0.076
236500,0.010,0.880,0.110
237000,0.010,0.895,0.095
237500,0.010,0.891,0.099
238000,0.010,0.896,0.094
238500,0.010,0.889,0.101
239000,0.010,0.888,0.102
239500,0.010,0.925,0.065
240000,0.010,0.915,0.075
240500,0.010,0.936,0.053
241000,0.010,0.956,0.034
241500,0.010,0.969,0.021
242000,0.010,0.983,0.007
242500,0.010,0.980,0.010
243000,0.010,0.957,0.033
243500,0.010,0.964,0.026
244000,0.010,0.930,0.059
244500,0.010,0.943,0.047
245000,0.010,0.950,0.040
245500,0.010,0.934,0.055
246000,0.010,0.962,0.028
246500,0.010,0.899,0.091
247000,0.010,0.935,0.054
247500,0.010,0.938,0.052
248000,0.010,0.947,0.043
248500,0.010,0.934,0.055
249000,0.010,0.895,0.095
249500,0.010,0.948,0.042
250000,0.010,0.954,0.036
250500,0.010,0.932,0.057
251000,0.010,0.925,0.065
251500,0.010,0.939,0.051
252000,0.010,0.960,0.030
252500,0.010,0.918,0.072
253000,0.010,0.898,0.092
253500,0.010,0.940,0.050
254000,0.010,0.903,0.087
254500,0.010,0.909,0.081
255000,0.010,0.930,0.059
255500,0.010,0.918,0.072
256000,0.010,0.933,0.057
256500,0.010,0.911,0.079
257000,0.010,0.906,0.084
257500,0.010,0.900,0.090
258000,0.010,0.900,0.090
258500,0.010,0.906,0.084
259000,0.010,0.892,0.098
259500,0.010,0.914,0.076
260000,0.010,0.924,0.066
260500,0.010,0.952,0.038
261000,0.010,0.887,0.103
261500,0.010,0.948,0.042
262000,0.010,0.904,0.086
262500,0.010,0.905,0.085
263000,0.010,0.919,0.071
263500,0.010,0.907,0.083
264000,0.010,0.890,0.100
264500,0.010,0.922,0.068
265000,0.010,0.954,0.036
265500,0.010,0.947,0.043
266000,0.010,0.968,0.022
266500,0.010,0.978,0.012
267000,0.010,0.921,0.069
267500,0.010,0.899,0.091
268000,0.010,0.902,0.088
268500,0.010,0.901,0.089
269000,0.010,0.926,0.064
269500,0.010,0.921,0.069
270000,0.010,0.948,0.042
270500,0.010,0.928,0.062
271000,0.010,0.961,0.029
271500,0.010,0.955,0.035
272000,0.010,0.946,0.044
272500,0.010,0.949,0.041
273000,0.010,0.952,0.038
273500,0.010,0.934,0.055
274000,0.010,0.965,0.025
274500,0.010,0.922,0.068
275000,0.010,0.918,0.072
275500,0.010,0.874,0.116
276000,0.010,0.892,0.098
276500,0.010,0.912,0.078
277000,0.010,0.931,0.058
277500,0.010,0.953,0.037
278000,0.010,0.925,0.065
278500,0.010,0.900,0.090
279000,0.010,0.894,0.096
279500,0.010,0.891,0.099
280000,0.010,0.828,0.162
280500,0.010,0.904,0.086
281000,0.010,0.924,0.066
281500,0.010,0.914,0.076
282000,0.010,0.911,0.079
282500,0.010,0.900,0.090
283000,0.010,0.934,0.055
283500,0.010,0.953,0.037
284000,0.010,0.954,0.036
284500,0.010,0.938,0.052
285000,0.010,0.926,0.064
285500,0.010,0.926,0.064
286000,0.010,0.919,0.071
286500,0.010,0.909,0.081
287000,0.010,0.920,0.070
287500,0.010,0.952,0.038
288000,0.010,0.919,0.071
288500,0.010,0.911,0.079
289000,0.010,0.885,0.105
289500,0.010,0.907,0.083
290000,0.010,0.910,0.080
290500,0.010,0.870,0.120
291000,0.010,0.874,0.116
291500,0.010,0.858,0.132
292000,0.010,0.919,0.071
292500,0.010,0.938,0.052
293000,0.010,0.938,0.052
293500,0.010,0.948,0.042
294000,0.010,0.956,0.034
294500,0.010,0.982,0.008
295000,0.010,0.951,0.039
295500,0.010,0.924,0.066
296000,0.010,0.928,0.061
296500,0.010,0.960,0.030
297000,0.010,0.920,0.070
297500,0.010,0.955,0.035
298000,0.010,0.917,0.073
298500,0.010,0.930,0.059
299000,0.010,0.934,0.055
299500,0.010,0.896,0.094
300000,0.010,0.929,0.060
300500,0.010,0.960,0.030
301000,0.010,0.959,0.031
301500,0.010,0.923,0.067
302000,0.010,0.933,0.056
302500,0.010,0.914,0.076
303000,0.010,0.893,0.097
303500,0.010,0.923,0.067
304000,0.010,0.921,0.069
304500,0.010,0.936,0.053
305000,0.010,0.937,0.053
305500,0.010,0.946,0.044
306000,0.010,0.962,0.028
306500,0.010,0.969,0.021
307000,0.010,0.953,0.037
307500,0.010,0.957,0.033
308000,0.010,0.928,0.062
308500,0.010,0.926,0.064
309000,0.010,0.921,0.069
309500,0.010,0.880,0.110
310000,0.010,0.918,0.072
310500,0.010,0.882,0.108
311000,0.010,0.916,0.074
311500,0.010,0.919,0.071
312000,0.010,0.957,0.033
312500,0.010,0.938,0.052
313000,0.010,0.942,0.048
313500,0.010,0.951,0.039
314000,0.010,0.924,0.066
314500,0.010,0.932,0.058
315000,0.010,0.945,0.045
315500,0.010,0.950,0.040
316000,0.010,0.966,0.024
316500,0.010,0.962,0.028
317000,0.010,0.943,0.047
317500,0.010,0.958,0.032
318000,0.010,0.938,0.052
318500,0.010,0.946,0.044
319000,0.010,0.949,0.041
319500,0.010,0.915,0.075
320000,0.010,0.947,0.043
320500,0.010,0.945,0.045
321000,0.010,0.905,0.085
321500,0.010,0.928,0.061
322000,0.010,0.924,0.066
322500,0.010,0.930,0.059
323000,0.010,0.949,0.041
323500,0.010,0.909,0.081
324000,0.010,0.884,0.106
324500,0.010,0.887,0.103
325000,0.010,0.924,0.066
325500,0.010,0.940,0.050
326000,0.010,0.949,0.041
326500,0.010,0.933,0.057
327000,0.010,0.884,0.106
327500,0.010,0.898,0.092
328000,0.010,0.915,0.075
328500,0.010,0.888,0.102
329000,0.010,0.949,0.041
329500,0.010,0.956,0.034
330000,0.010,0.962,0.028
330500,0.010,0.950,0.040
331000,0.010,0.959,0.031
331500,0.010,0.948,0.042
332000,0.010,0.923,0.067
332500,0.010,0.888,0.102
333000,0.010,0.872,0.118
333500,0.010,0.912,0.078
334000,0.010,0.915,0.075
334500,0.010,0.919,0.071
335000,0.010,0.912,0.078
335500,0.010,0.958,0.032
336000,0.010,0.873,0.117
336500,0.010,0.896,0.094
337000,0.010,0.940,0.050
337500,0.010,0.902,0.088
338000,0.010,0.938,0.052
338500,0.010,0.963,0.027
339000,0.010,0.965,0.025
339500,0.010,0.955,0.035
340000,0.010,0.958,0.032
340500,0.010,0.954,0.036
341000,0.010,0.927,0.063
341500,0.010,0.927,0.062
342000,0.010,0.937,0.053
342500,0.010,0.952,0.038
343000,0.010,0.940,0.050
343500,0.010,0.909,0.081
344000,0.010,0.901,0.089
344500,0.010,0.894,0.096
345000,0.010,0.860,0.130
345500,0.010,0.866,0.124
346000,0.010,0.910,0.080
346500,0.010,0.958,0.032
347000,0.010,0.945,0.045
347500,0.010,0.946,0.044
348000,0.010,0.873,0.117
348500,0.010,0.917,0.073
349000,0.010,0.951,0.039
349500,0.010,0.913,0.077
350000,0.010,0.895,0.095
350500,0.010,0.937,0.053
351000,0.010,0.938,0.052
351500,0.010,0.954,0.036
352000,0.010,0.976,0.014
352500,0.010,0.932,0.058
353000,0.010,0.906,0.084
353500,0.010,0.919,0.071
354000,0.010,0.917,0.073
354500,0.010,0.929,0.060
355000,0.010,0.886,0.104
355500,0.010,0.908,0.082
356000,0.010,0.927,0.063
356500,0.010,0.920,0.070
357000,0.010,0.909,0.081
357500,0.010,0.941,0.049
358000,0.010,0.948,0.042
358500,0.010,0.936,0.053
359000,0.010,0.920,0.070
359500,0.010,0.922,0.068
360000,0.010,0.952,0.038
360500,0.010,0.889,0.101
361000,0.010,0.929,0.060
361500,0.010,0.951,0.039
362000,0.010,0.955,0.035
362500,0.010,0.925,0.065
363000,0.010,0.927,0.063
363500,0.010,0.949,0.041
364000,0.010,0.967,0.023
364500,0.010,0.963,0.027
365000,0.010,0.955,0.035
365500,0.010,0.910,0.080
366000,0.010,0.916,0.074
366500,0.010,0.925,0.065
367000,0.010,0.908,0.082
367500,0.010,0.931,0.059
368000,0.010,0.946,0.044
368500,0.010,0.937,0.053
369000,0.010,0.906,0.084
369500,0.010,0.904,0.086
370000,0.010,0.915,0.075
370500,0.010,0.918,0.072
371000,0.010,0.942,0.048
371500,0.010,0.922,0.068
372000,0.010,0.946,0.044
372500,0.010,0.936,0.053
373000,0.010,0.943,0.047
373500,0.010,0.897,0.093
374000,0.010,0.939,0.051
374500,0.010,0.921,0.069
375000,0.010,0.949,0.041
375500,0.010,0.935,0.055
376000,0.010,0.932,0.058
376500,0.010,0.920,0.070
377000,0.010,0.918,0.072
377500,0.010,0.899,0.091
378000,0.010,0.888,0.102
378500,0.010,0.924,0.066
379000,0.010,0.932,0.057
379500,0.010,0.946,0.044
380000,0.010,0.941,0.049
380500,0.010,0.888,0.102
381000,0.010,0.878,0.112
381500,0.010,0.881,0.109
382000,0.010,0.887,0.103
382500,0.010,0.842,0.148
383000,0.010,0.895,0.095
383500,0.010,0.883,0.107
384000,0.010,0.924,0.066
384500,0.010,0.949,0.041
385000,0.010,0.932,0.057
385500,0.010,0.915,0.075
386000,0.010,0.946,0.044
386500,0.010,0.954,0.036
387000,0.010,0.947,0.043
387500,0.010,0.946,0.044
388000,0.010,0.968,0.022
388500,0.010,0.952,0.038
389000,0.010,0.967,0.023
389500,0.010,0.954,0.036
390000,0.010,0.971,0.019
390500,0.010,0.953,0.037
391000,0.010,0.961,0.029
391500,0.010,0.952,0.038
392000,0.010,0.918,0.072
392500,0.010,0.893,0.097
393000,0.010,0.915,0.075
393500,0.010,0.889,0.101
394000,0.010,0.876,0.114
394500,0.010,0.929,0.061
395000,0.010,0.950,0.040
395500,0.010,0.955,0.035
396000,0.010,0.963,0.027
396500,0.010,0.883,0.107
397000,0.010,0.908,0.082
397500,0.010,0.916,0.074
398000,0.010,0.918,0.072
398500,0.010,0.920,0.070
399000,0.010,0.939,0.051
399500,0.010,0.954,0.036
400000,0.010,0.932,0.057
400500,0.010,0.884,0.106
401000,0.010,0.923,0.067
401500,0.010,0.934,0.056
402000,0.010,0.942,0.048
402500,0.010,0.932,0.058
403000,0.010,0.942,0.048
403500,0.010,0.935,0.054
404000,0.010,0.888,0.102
404500,0.010,0.922,0.068
405000,0.010,0.931,0.058
405500,0.010,0.913,0.077
406000,0.010,0.870,0.120
406500,0.010,0.907,0.083
407000,0.010,0.954,0.036
407500,0.010,0.893,0.097
408000,0.010,0.911,0.079
408500,0.010,0.942,0.048
409000,0.010,0.961,0.029
409500,0.010,0.973,0.017
410000,0.010,0.958,0.032
410500,0.010,0.937,0.053
411000,0.010,0.944,0.046
411500,0.010,0.942,0.048
412000,0.010,0.923,0.067
412500,0.010,0.901,0.089
413000,0.010,0.934,0.056
413500,0.010,0.954,0.036
414000,0.010,0.947,0.043
414500,0.010,0.941,0.049
415000,0.010,0.926,0.064
415500,0.010,0.946,0.044
416000,0.010,0.950,0.040
416500,0.010,0.915,0.075
417000,0.010,0.910,0.080
417500,0.010,0.846,0.144
418000,0.010,0.857,0.133
418500,0.010,0.874,0.116
419000,0.010,0.921,0.069
419500,0.010,0.952,0.038
420000,0.010,0.938,0.052
420500,0.010,0.932,0.058
421000,0.010,0.935,0.054
421500,0.010,0.949,0.041
422000,0.010,0.934,0.055
422500,0.010,0.893,0.097
423000,0.010,0.863,0.127
423500,0.010,0.900,0.090
424000,0.010,0.907,0.083
424500,0.010,0.920,0.070
425000,0.010,0.931,0.058
425500,0.010,0.963,0.027
426000,0.010,0.971,0.019
426500,0.010,0.960,0.030
427000,0.010,0.922,0.068
427500,0.010,0.948,0.042
428000,0.010,0.945,0.045
428500,0.010,0.945,0.045
429000,0.010,0.957,0.033
429500,0.010,0.949,0.041
430000,0.010,0.929,0.061
430500,0.010,0.917,0.073
431000,0.010,0.921,0.069
431500,0.010,0.875,0.115
432000,0.010,0.903,0.087
432500,0.010,0.918,0.072
433000,0.010,0.902,0.088
433500,0.010,0.857,0.133
434000,0.010,0.920,0.070
434500,0.010,0.955,0.035
435000,0.010,0.966,0.024
435500,0.010,0.947,0.043
436000,0.010,0.951,0.039
436500,0.010,0.951,0.039
437000,0.010,0.941,0.049
437500,0.010,0.950,0.040
438000,0.010,0.954,0.036
438500,0.010,0.944,0.046
439000,0.010,0.928,0.062
439500,0.010,0.935,0.055
440000,0.010,0.907,0.083
440500,0.010,0.906,0.084
441000,0.010,0.887,0.103
441500,0.010,0.899,0.091
442000,0.010,0.949,0.041
442500,0.010,0.967,0.023
443000,0.010,0.931,0.058
443500,0.010,0.968,0.022
444000,0.010,0.975,0.015
444500,0.010,0.965,0.025
445000,0.010,0.941,0.049
445500,0.010,0.950,0.040
446000,0.010,0.916,0.074
446500,0.010,0.945,0.045
447000,0.010,0.919,0.071
447500,0.010,0.903,0.087
448000,0.010,0.899,0.091
448500,0.010,0.854,0.136
449000,0.010,0.890,0.100
449500,0.010,0.889,0.101
450000,0.010,0.922,0.068
450500,0.010,0.919,0.071
451000,0.010,0.910,0.080
451500,0.010,0.936,0.054
452000,0.010,0.936,0.053
452500,0.010,0.944,0.046
453000,0.010,0.954,0.036
453500,0.010,0.962,0.028
454000,0.010,0.966,0.024
454500,0.010,0.946,0.044
455000,0.010,0.946,0.044
455500,0.010,0.921,0.069
456000,0.010,0.932,0.057
456500,0.010,0.917,0.073
457000,0.010,0.919,0.071
457500,0.010,0.924,0.066
458000,0.010,0.886,0.104
458500,0.010,0.908,0.082
459000,0.010,0.915,0.075
459500,0.010,0.929,0.061
460000,0.010,0.930,0.060
460500,0.010,0.951,0.039
461000,0.010,0.959,0.031
461500,0.010,0.933,0.056
462000,0.010,0.907,0.083
462500,0.010,0.916,0.074
463000,0.010,0.928,0.061
463500,0.010,0.918,0.072
464000,0.010,0.909,0.081
464500,0.010,0.894,0.096
465000,0.010,0.914,0.076
465500,0.010,0.937,0.053
466000,0.010,0.939,0.051
466500,0.010,0.951,0.039
467000,0.010,0.930,0.060
467500,0.010,0.925,0.065
468000,0.010,0.898,0.092
468500,0.010,0.921,0.069
469000,0.010,0.879,0.111
469500,0.010,0.916,0.074
470000,0.010,0.935,0.055
470500,0.010,0.914,0.076
471000,0.010,0.898,0.092
471500,0.010,0.947,0.043
472000,0.010,0.916,0.074
472500,0.010,0.926,0.064
473000,0.010,0.936,0.054
473500,0.010,0.902,0.088
474000,0.010,0.926,0.064
474500,0.010,0.924,0.066
475000,0.010,0.967,0.023
475500,0.010,0.949,0.041
476000,0.010,0.920,0.070
476500,0.010,0.929,0.060
477000,0.010,0.927,0.063
477500,0.010,0.947,0.043
478000,0.010,0.944,0.046
478500,0.010,0.934,0.055
479000,0.010,0.941,0.049
479500,0.010,0.930,0.059
480000,0.010,0.936,0.054
480500,0.010,0.943,0.047
481000,0.010,0.968,0.022
481500,0.010,0.903,0.087
482000,0.010,0.917,0.073
482500,0.010,0.902,0.088
483000,0.010,0.913,0.077
483500,0.010,0.875,0.115
484000,0.010,0.885,0.105
484500,0.010,0.917,0.073
485000,0.010,0.905,0.085
485500,0.010,0.954,0.036
486000,0.010,0.906,0.084
486500,0.010,0.909,0.081
487000,0.010,0.936,0.054
487500,0.010,0.904,0.086
488000,0.010,0.894,0.096
488500,0.010,0.952,0.038
489000,0.010,0.956,0.034
489500,0.010,0.938,0.052
490000,0.010,0.952,0.038
490500,0.010,0.960,0.030
491000,0.010,0.960,0.030
491500,0.010,0.952,0.038
492000,0.010,0.938,0.052
492500,0.010,0.910,0.080
493000,0.010,0.892,0.098
493500,0.010,0.916,0.074
494000,0.010,0.907,0.083
494500,0.010,0.926,0.064
495000,0.010,0.933,0.057
495500,0.010,0.925,0.065
496000,0.010,0.913,0.077
496500,0.010,0.917,0.073
497000,0.010,0.918,0.072
497500,0.010,0.932,0.058
498000,0.010,0.907,0.083
498500,0.010,0.929,0.061
499000,0.010,0.910,0.080
499500,0.010,0.871,0.119
500000,0.010,0.882,0.108
500500,0.010,0.886,0.104
501000,0.010,0.938,0.052
501500,0.010,0.896,0.094
502000,0.010,0.915,0.075
502500,0.010,0.900,0.090
503000,0.010,0.917,0.073
503500,0.010,0.922,0.068
504000,0.010,0.930,0.059
504500,0.010,0.923,0.067
505000,0.010,0.928,0.061
505500,0.010,0.938,0.052
506000,0.010,0.970,0.020
506500,0.010,0.951,0.039
507000,0.010,0.962,0.028
507500,0.010,0.961,0.029
508000,0.010,0.930,0.059
508500,0.010,0.914,0.076
509000,0.010,0.952,0.038
509500,0.010,0.917,0.073
510000,0.010,0.913,0.077
510500,0.010,0.875,0.115
511000,0.010,0.912,0.078
511500,0.010,0.923,0.067
512000,0.010,0.888,0.102
512500,0.010,0.903,0.087
513000,0.010,0.948,0.042
513500,0.010,0.932,0.057
514000,0.010,0.928,0.061
514500,0.010,0.945,0.045
515000,0.010,0.946,0.044
515500,0.010,0.916,0.074
516000,0.010,0.923,0.067
516500,0.010,0.909,0.081
517000,0.010,0.892,0.098
517500,0.010,0.921,0.069
518000,0.010,0.911,0.079
518500,0.010,0.896,0.094
519000,0.010,0.926,0.064
519500,0.010,0.914,0.076
520000,0.010,0.929,0.060
520500,0.010,0.928,0.062
521000,0.010,0.898,0.092
521500,0.010,0.904,0.086
522000,0.010,0.928,0.062
522500,0.010,0.951,0.039
523000,0.010,0.948,0.042
523500,0.010,0.970,0.020
524000,0.010,0.937,0.053
524500,0.010,0.938,0.052
525000,0.010,0.924,0.066
525500,0.010,0.947,0.043
526000,0.010,0.918,0.072
526500,0.010,0.907,0.083
527000,0.010,0.931,0.058
527500,0.010,0.942,0.048
528000,0.010,0.941,0.049
528500,0.010,0.942,0.048
529000,0.010,0.944,0.046
529500,0.010,0.922,0.068
530000,0.010,0.945,0.045
530500,0.010,0.915,0.075
531000,0.010,0.959,0.031
531500,0.010,0.929,0.060
532000,0.010,0.950,0.040
532500,0.010,0.952,0.038
533000,0.010,0.921,0.069
533500,0.010,0.900,0.090
534000,0.010,0.883,0.107
534500,0.010,0.903,0.087
535000,0.010,0.910,0.080
535500,0.010,0.938,0.052
536000,0.010,0.912,0.078
536500,0.010,0.918,0.072
537000,0.010,0.928,0.062
537500,0.010,0.907,0.083
538000,0.010,0.932,0.058
538500,0.010,0.954,0.036
539000,0.010,0.933,0.056
539500,0.010,0.943,0.047
540000,0.010,0.943,0.047
540500,0.010,0.924,0.066
541000,0.010,0.917,0.073
541500,0.010,0.926,0.064
542000,0.010,0.958,0.032
542500,0.010,0.964,0.026
543000,0.010,0.931,0.059
543500,0.010,0.931,0.058
544000,0.010,0.913,0.077
544500,0.010,0.901,0.089
545000,0.010,0.951,0.039
545500,0.010,0.932,0.057
546000,0.010,0.952,0.038
546500,0.010,0.927,0.063
547000,0.010,0.903,0.087
547500,0.010,0.906,0.084
548000,0.010,0.949,0.041
548500,0.010,0.911,0.079
549000,0.010,0.880,0.110
549500,0.010,0.929,0.061
550000,0.010,0.900,0.090
550500,0.010,0.892,0.098
551000,0.010,0.889,0.101
551500,0.010,0.935,0.054
552000,0.010,0.904,0.086
552500,0.010,0.936,0.053
553000,0.010,0.922,0.068
553500,0.010,0.904,0.086
554000,0.010,0.895,0.095
554500,0.010,0.926,0.064
555000,0.010,0.932,0.058
555500,0.010,0.964,0.026
556000,0.010,0.953,0.037
556500,0.010,0.953,0.037
557000,0.010,0.949,0.041
557500,0.010,0.973,0.017
558000,0.010,0.957,0.033
558500,0.010,0.932,0.057
559000,0.010,0.937,0.053
559500,0.010,0.915,0.075
560000,0.010,0.923,0.067
560500,0.010,0.941,0.049
561000,0.010,0.960,0.030
561500,0.010,0.912,0.078
562000,0.010,0.906,0.084
562500,0.010,0.928,0.061
563000,0.010,0.919,0.071
563500,0.010,0.940,0.050
564000,0.010,0.933,0.057
564500,0.010,0.945,0.045
565000,0.010,0.951,0.039
565500,0.010,0.964,0.026
566000,0.010,0.945,0.045
566500,0.010,0.954,0.036
567000,0.010,0.948,0.042
567500,0.010,0.935,0.055
568000,0.010,0.907,0.083
568500,0.010,0.930,0.060
569000,0.010,0.939,0.051
569500,0.010,0.952,0.038
570000,0.010,0.928,0.061
570500,0.010,0.917,0.073
571000,0.010,0.935,0.055
571500,0.010,0.921,0.069
572000,0.010,0.908,0.082
572500,0.010,0.943,0.047
573000,0.010,0.940,0.050
573500,0.010,0.900,0.090
574000,0.010,0.955,0.035
574500,0.010,0.962,0.028
575000,0.010,0.953,0.037
575500,0.010,0.939,0.051
576000,0.010,0.959,0.031
576500,0.010,0.926,0.064
577000,0.010,0.943,0.047
577500,0.010,0.933,0.056
578000,0.010,0.933,0.056
578500,0.010,0.928,0.062
579000,0.010,0.955,0.035
579500,0.010,0.915,0.075
580000,0.010,0.930,0.059
580500,0.010,0.950,0.040
581000,0.010,0.944,0.046
581500,0.010,0.919,0.071
582000,0.010,0.948,0.042
582500,0.010,0.968,0.022
583000,0.010,0.959,0.031
583500,0.010,0.963,0.027
584000,0.010,0.921,0.069
584500,0.010,0.936,0.053
585000,0.010,0.903,0.087
585500,0.010,0.916,0.074
586000,0.010,0.874,0.116
586500,0.010,0.914,0.076
587000,0.010,0.903,0.087
587500,0.010,0.872,0.118
588000,0.010,0.907,0.083
588500,0.010,0.941,0.049
589000,0.010,0.893,0.097
589500,0.010,0.918,0.072
590000,0.010,0.936,0.053
590500,0.010,0.916,0.074
591000,0.010,0.920,0.070
591500,0.010,0.933,0.057
592000,0.010,0.922,0.068
592500,0.010,0.929,0.061
593000,0.010,0.943,0.047
593500,0.010,0.966,0.024
594000,0.010,0.962,0.028
594500,0.010,0.938,0.052
595000,0.010,0.966,0.024
595500,0.010,0.955,0.035
596000,0.010,0.970,0.020
596500,0.010,0.945,0.045
597000,0.010,0.937,0.053
597500,0.010,0.913,0.077
598000,0.010,0.907,0.083
598500,0.010,0.918,0.072
599000,0.010,0.885,0.105
599500,0.010,0.930,0.060
600000,0.010,0.953,0.037
600500,0.010,0.917,0.073
601000,0.010,0.881,0.109
601500,0.010,0.917,0.073
602000,0.010,0.891,0.099
602500,0.010,0.905,0.085
603000,0.010,0.956,0.034
603500,0.010,0.929,0.060
604000,0.010,0.962,0.028
604500,0.010,0.963,0.027
605000,0.010,0.979,0.011
605500,0.010,0.969,0.021
606000,0.010,0.916,0.074
606500,0.010,0.883,0.107
607000,0.010,0.897,0.093
607500,0.010,0.913,0.077
608000,0.010,0.909,0.081
608500,0.010,0.874,0.116
609000,0.010,0.836,0.154
609500,0.010,0.869,0.121
610000,0.010,0.830,0.160
610500,0.010,0.836,0.154
611000,0.010,0.892,0.098
611500,0.010,0.931,0.058
612000,0.010,0.910,0.080
612500,0.010,0.876,0.114
613000,0.010,0.851,0.139
613500,0.010,0.873,0.117
614000,0.010,0.882,0.108
614500,0.010,0.883,0.107
615000,0.010,0.891,0.099
615500,0.010,0.882,0.108
616000,0.010,0.947,0.043
616500,0.010,0.963,0.027
617000,0.010,0.928,0.062
617500,0.010,0.948,0.042
618000,0.010,0.942,0.048
618500,0.010,0.933,0.056
619000,0.010,0.951,0.039
619500,0.010,0.934,0.056
620000,0.010,0.900,0.090
620500,0.010,0.952,0.038
621000,0.010,0.970,0.020
621500,0.010,0.953,0.037
622000,0.010,0.984,0.006
622500,0.010,0.928,0.062
623000,0.010,0.926,0.064
623500,0.010,0.964,0.026
624000,0.010,0.953,0.037
624500,0.010,0.937,0.053
625000,0.010,0.927,0.062
625500,0.010,0.944,0.046
626000,0.010,0.940,0.050
626500,0.010,0.935,0.055
627000,0.010,0.932,0.057
627500,0.010,0.914,0.076
628000,0.010,0.904,0.086
628500,0.010,0.958,0.032
629000,0.010,0.959,0.031
629500,0.010,0.971,0.019
630000,0.010,0.953,0.037
630500,0.010,0.946,0.044
631000,0.010,0.967,0.023
631500,0.010,0.943,0.047
632000,0.010,0.928,0.062
632500,0.010,0.928,0.061
633000,0.010,0.927,0.063
633500,0.010,0.946,0.044
634000,0.010,0.925,0.065
634500,0.010,0.916,0.074
635000,0.010,0.959,0.031
635500,0.010,0.929,0.060
636000,0.010,0.944,0.046
636500,0.010,0.964,0.026
637000,0.010,0.935,0.055
637500,0.010,0.898,0.092
638000,0.010,0.910,0.080
638500,0.010,0.902,0.088
639000,0.010,0.920,0.070
639500,0.010,0.911,0.079
640000,0.010,0.923,0.067
640500,0.010,0.893,0.097
641000,0.010,0.907,0.083
641500,0.010,0.928,0.061
642000,0.010,0.908,0.082
642500,0.010,0.870,0.120
643000,0.010,0.884,0.106
643500,0.010,0.831,0.159
644000,0.010,0.866,0.124
644500,0.010,0.936,0.053
645000,0.010,0.933,0.057
645500,0.010,0.898,0.092
646000,0.010,0.919,0.071
646500,0.010,0.904,0.086
647000,0.010,0.921,0.069
647500,0.010,0.927,0.063
648000,0.010,0.916,0.074
648500,0.010,0.940,0.050
649000,0.010,0.941,0.049
649500,0.010,0.948,0.042
650000,0.010,0.953,0.037
650500,0.010,0.958,0.032
651000,0.010,0.957,0.033
651500,0.010,0.947,0.043
652000,0.010,0.915,0.075
652500,0.010,0.937,0.053
653000,0.010,0.959,0.031
653500,0.010,0.960,0.030
654000,0.010,0.971,0.019
654500,0.010,0.958,0.032
655000,0.010,0.964,0.026
655500,0.010,0.919,0.071
656000,0.010,0.932,0.058
656500,0.010,0.914,0.076
657000,0.010,0.952,0.038
657500,0.010,0.942,0.048
658000,0.010,0.971,0.019
658500,0.010,0.970,0.020
659000,0.010,0.971,0.019
659500,0.010,0.949,0.041
660000,0.010,0.963,0.027
660500,0.010,0.957,0.033
661000,0.010,0.939,0.051
661500,0.010,0.950,0.040
662000,0.010,0.938,0.052
662500,0.010,0.945,0.045
663000,0.010,0.942,0.048
663500,0.010,0.903,0.087
664000,0.010,0.935,0.055
664500,0.010,0.931,0.058
665000,0.010,0.908,0.082
665500,0.010,0.935,0.055
666000,0.010,0.946,0.044
666500,0.010,0.971,0.019
667000,0.010,0.954,0.036
667500,0.010,0.946,0.044
668000,0.010,0.921,0.069
668500,0.010,0.920,0.070
669000,0.010,0.905,0.085
669500,0.010,0.889,0.101
670000,0.010,0.913,0.077
670500,0.010,0.902,0.088
671000,0.010,0.921,0.069
671500,0.010,0.895,0.095
672000,0.010,0.919,0.071
672500,0.010,0.954,0.036
673000,0.010,0.933,0.057
673500,0.010,0.928,0.062
674000,0.010,0.940,0.050
674500,0.010,0.906,0.084
675000,0.010,0.934,0.056
675500,0.010,0.962,0.028
676000,0.010,0.949,0.041
676500,0.010,0.950,0.040
677000,0.010,0.953,0.037
677500,0.010,0.963,0.027
678000,0.010,0.920,0.070
678500,0.010,0.912,0.078
679000,0.010,0.973,0.017
679500,0.010,0.966,0.024
680000,0.010,0.953,0.037
680500,0.010,0.943,0.047
681000,0.010,0.920,0.070
681500,0.010,0.900,0.090
682000,0.010,0.951,0.039
682500,0.010,0.953,0.037
683000,0.010,0.952,0.038
683500,0.010,0.939,0.051
684000,0.010,0.918,0.072
684500,0.010,0.912,0.078
685000,0.010,0.910,0.080
685500,0.010,0.933,0.057
686000,0.010,0.920,0.070
686500,0.010,0.956,0.034
687000,0.010,0.931,0.059
687500,0.010,0.941,0.049
688000,0.010,0.928,0.062
688500,0.010,0.938,0.052
689000,0.010,0.902,0.088
689500,0.010,0.938,0.052
690000,0.010,0.914,0.076
690500,0.010,0.924,0.066
691000,0.010,0.919,0.071
691500,0.010,0.905,0.085
692000,0.010,0.912,0.078
692500,0.010,0.961,0.029
693000,0.010,0.955,0.035
693500,0.010,0.957,0.033
694000,0.010,0.933,0.056
694500,0.010,0.920,0.070
695000,0.010,0.912,0.078
695500,0.010,0.910,0.080
696000,0.010,0.910,0.080
696500,0.010,0.941,0.049
697000,0.010,0.926,0.064
697500,0.010,0.894,0.096
698000,0.010,0.911,0.079
698500,0.010,0.907,0.083
699000,0.010,0.866,0.124
699500,0.010,0.886,0.104
700000,0.010,0.877,0.113
700500,0.010,0.938,0.052
701000,0.010,0.913,0.077
701500,0.010,0.940,0.050
702000,0.010,0.914,0.076
702500,0.010,0.924,0.066
703000,0.010,0.945,0.045
703500,0.010,0.938,0.052
704000,0.010,0.943,0.047
704500,0.010,0.946,0.044
705000,0.010,0.953,0.037
705500,0.010,0.940,0.050
706000,0.010,0.962,0.028
706500,0.010,0.943,0.047
707000,0.010,0.952,0.038
707500,0.010,0.899,0.091
708000,0.010,0.938,0.052
708500,0.010,0.945,0.045
709000,0.010,0.933,0.057
709500,0.010,0.960,0.030
710000,0.010,0.978,0.012
710500,0.010,0.966,0.024
711000,0.010,0.941,0.049
711500,0.010,0.924,0.066
712000,0.010,0.944,0.046
712500,0.010,0.965,0.025
713000,0.010,0.965,0.025
713500,0.010,0.958,0.032
714000,0.010,0.939,0.051
714500,0.010,0.899,0.091
715000,0.010,0.861,0.129
715500,0.010,0.910,0.080
716000,0.010,0.902,0.088
716500,0.010,0.914,0.076
717000,0.010,0.894,0.096
717500,0.010,0.916,0.074
718000,0.010,0.897,0.093
718500,0.010,0.881,0.109
719000,0.010,0.883,0.107
719500,0.010,0.901,0.089
720000,0.010,0.941,0.049
720500,0.010,0.934,0.055
721000,0.010,0.900,0.090
721500,0.010,0.913,0.077
722000,0.010,0.902,0.088
722500,0.010,0.903,0.087
723000,0.010,0.881,0.109
723500,0.010,0.924,0.066
724000,0.010,0.930,0.060
724500,0.010,0.929,0.061
725000,0.010,0.903,0.087
725500,0.010,0.891,0.099
726000,0.010,0.918,0.072
726500,0.010,0.933,0.057
727000,0.010,0.915,0.075
727500,0.010,0.931,0.058
728000,0.010,0.929,0.060
728500,0.010,0.938,0.052
729000,0.010,0.953,0.037
729500,0.010,0.938,0.052
730000,0.010,0.931,0.059
730500,0.010,0.925,0.065
731000,0.010,0.913,0.077
731500,0.010,0.895,0.095
732000,0.010,0.872,0.118
732500,0.010,0.921,0.069
733000,0.010,0.928,0.061
733500,0.010,0.909,0.081
734000,0.010,0.922,0.068
734500,0.010,0.932,0.058
735000,0.010,0.960,0.030
735500,0.010,0.953,0.037
736000,0.010,0.955,0.035
736500,0.010,0.922,0.068
737000,0.010,0.850,0.140
737500,0.010,0.872,0.118
738000,0.010,0.854,0.136
738500,0.010,0.882,0.108
739000,0.010,0.887,0.103
739500,0.010,0.944,0.046
740000,0.010,0.928,0.062
740500,0.010,0.935,0.054
741000,0.010,0.956,0.034
741500,0.010,0.928,0.061
742000,0.010,0.935,0.055
742500,0.010,0.868,0.122
743000,0.010,0.894,0.096
743500,0.010,0.839,0.151
744000,0.010,0.884,0.106
744500,0.010,0.905,0.085
745000,0.010,0.922,0.068
745500,0.010,0.952,0.038
746000,0.010,0.911,0.079
746500,0.010,0.922,0.068
747000,0.010,0.961,0.029
747500,0.010,0.951,0.039
748000,0.010,0.932,0.057
748500,0.010,0.923,0.067
749000,0.010,0.935,0.055
749500,0.010,0.935,0.055
750000,0.010,0.945,0.045
750500,0.010,0.915,0.075
751000,0.010,0.931,0.059
751500,0.010,0.915,0.075
752000,0.010,0.911,0.079
752500,0.010,0.874,0.116
753000,0.010,0.843,0.147
753500,0.010,0.847,0.143
754000,0.010,0.865,0.125
754500,0.010,0.906,0.084
755000,0.010,0.875,0.115
755500,0.010,0.894,0.096
756000,0.010,0.961,0.029
756500,0.010,0.921,0.069
757000,0.010,0.920,0.070
757500,0.010,0.913,0.077
758000,0.010,0.879,0.111
758500,0.010,0.924,0.066
759000,0.010,0.908,0.082
759500,0.010,0.893,0.097
760000,0.010,0.886,0.104
760500,0.010,0.915,0.075
761000,0.010,0.925,0.065
761500,0.010,0.920,0.070
762000,0.010,0.932,0.057
762500,0.010,0.934,0.056
763000,0.010,0.905,0.085
763500,0.010,0.920,0.070
764000,0.010,0.930,0.060
764500,0.010,0.902,0.088
765000,0.010,0.951,0.039
765500,0.010,0.925,0.065
766000,0.010,0.911,0.079
766500,0.010,0.939,0.051
767000,0.010,0.933,0.056
767500,0.010,0.951,0.039
768000,0.010,0.967,0.023
768500,0.010,0.970,0.020
769000,0.010,0.966,0.024
769500,0.010,0.978,0.012
770000,0.010,0.965,0.025
770500,0.010,0.981,0.009
771000,0.010,0.926,0.064
771500,0.010,0.929,0.060
772000,0.010,0.954,0.036
772500,0.010,0.927,0.063
773000,0.010,0.957,0.033
773500,0.010,0.938,0.052
774000,0.010,0.939,0.051
774500,0.010,0.926,0.064
775000,0.010,0.929,0.061
775500,0.010,0.935,0.054
776000,0.010,0.929,0.060
776500,0.010,0.954,0.036
777000,0.010,0.950,0.040
777500,0.010,0.933,0.056
778000,0.010,0.905,0.085
778500,0.010,0.899,0.091
779000,0.010,0.909,0.081
779500,0.010,0.890,0.100
780000,0.010,0.926,0.064
780500,0.010,0.930,0.059
781000,0.010,0.938,0.052
781500,0.010,0.933,0.056
782000,0.010,0.931,0.059
782500,0.010,0.922,0.068
783000,0.010,0.913,0.077
783500,0.010,0.937,0.053
784000,0.010,0.952,0.038
784500,0.010,0.950,0.040
785000,0.010,0.925,0.065
785500,0.010,0.951,0.039
786000,0.010,0.961,0.029
786500,0.010,0.971,0.019
787000,0.010,0.947,0.043
787500,0.010,0.949,0.041
788000,0.010,0.941,0.049
788500,0.010,0.937,0.053
789000,0.010,0.941,0.049
789500,0.010,0.946,0.044
790000,0.010,0.918,0.072
790500,0.010,0.899,0.091
791000,0.010,0.837,0.153
791500,0.010,0.889,0.101
792000,0.010,0.877,0.113
792500,0.010,0.893,0.097
793000,0.010,0.882,0.108
793500,0.010,0.889,0.101
794000,0.010,0.837,0.153
794500,0.010,0.848,0.142
795000,0.010,0.846,0.144
795500,0.010,0.901,0.089
796000,0.010,0.871,0.119
796500,0.010,0.877,0.113
797000,0.010,0.848,0.142
797500,0.010,0.905,0.085
798000,0.010,0.938,0.052
798500,0.010,0.931,0.058
799000,0.010,0.941,0.049
799500,0.010,0.927,0.063
800000,0.010,0.949,0.041
800500,0.010,0.924,0.066
801000,0.010,0.920,0.070
801500,0.010,0.919,0.071
802000,0.010,0.929,0.060
802500,0.010,0.939,0.051
803000,0.010,0.963,0.027
803500,0.010,0.937,0.053
804000,0.010,0.924,0.066
804500,0.010,0.957,0.033
805000,0.010,0.919,0.071
805500,0.010,0.896,0.094
806000,0.010,0.892,0.098
806500,0.010,0.880,0.110
807000,0.010,0.898,0.092
807500,0.010,0.885,0.105
808000,0.010,0.894,0.096
808500,0.010,0.859,0.131
809000,0.010,0.909,0.081
809500,0.010,0.905,0.085
810000,0.010,0.896,0.094
810500,0.010,0.935,0.055
811000,0.010,0.927,0.062
811500,0.010,0.940,0.050
812000,0.010,0.923,0.067
812500,0.010,0.968,0.022
813000,0.010,0.948,0.042
813500,0.010,0.923,0.067
814000,0.010,0.953,0.037
814500,0.010,0.964,0.026
815000,0.010,0.946,0.044
815500,0.010,0.963,0.027
816000,0.010,0.944,0.046
816500,0.010,0.917,0.073
817000,0.010,0.911,0.079
817500,0.010,0.932,0.057
818000,0.010,0.882,0.108
818500,0.010,0.906,0.084
819000,0.010,0.934,0.056
819500,0.010,0.935,0.055
820000,0.010,0.944,0.046
820500,0.010,0.920,0.070
821000,0.010,0.928,0.061
821500,0.010,0.938,0.052
822000,0.010,0.941,0.049
822500,0.010,0.926,0.064
823000,0.010,0.947,0.043
823500,0.010,0.957,0.033
824000,0.010,0.961,0.029
824500,0.010,0.922,0.068
825000,0.010,0.931,0.059
825500,0.010,0.930,0.060
826000,0.010,0.959,0.031
826500,0.010,0.956,0.034
827000,0.010,0.943,0.047
827500,0.010,0.940,0.050
828000,0.010,0.922,0.068
828500,0.010,0.944,0.046
829000,0.010,0.934,0.056
829500,0.010,0.918,0.072
830000,0.010,0.949,0.041
830500,0.010,0.958,0.032
831000,0.010,0.954,0.036
831500,0.010,0.913,0.077
832000,0.010,0.954,0.036
832500,0.010,0.965,0.025
833000,0.010,0.966,0.024
833500,0.010,0.975,0.015
834000,0.010,0.984,0.006
834500,0.010,0.945,0.045
835000,0.010,0.908,0.082
835500,0.010,0.890,0.100
836000,0.010,0.913,0.077
836500,0.010,0.907,0.083
837000,0.010,0.932,0.057
837500,0.010,0.972,0.018
838000,0.010,0.952,0.038
838500,0.010,0.972,0.018
839000,0.010,0.962,0.028
839500,0.010,0.920,0.070
840000,0.010,0.920,0.070
840500,0.010,0.917,0.073
841000,0.010,0.887,0.103
841500,0.010,0.927,0.063
842000,0.010,0.915,0.075
842500,0.010,0.907,0.083
843000,0.010,0.935,0.054
843500,0.010,0.948,0.042
844000,0.010,0.925,0.065
844500,0.010,0.924,0.066
845000,0.010,0.935,0.055
845500,0.010,0.947,0.043
846000,0.010,0.944,0.046
846500,0.010,0.928,0.062
847000,0.010,0.940,0.050
847500,0.010,0.941,0.049
848000,0.010,0.962,0.028
848500,0.010,0.956,0.034
849000,0.010,0.906,0.084
849500,0.010,0.843,0.147
850000,0.010,0.902,0.088
850500,0.010,0.919,0.071
851000,0.010,0.857,0.133
851500,0.010,0.870,0.120
852000,0.010,0.929,0.061
852500,0.010,0.952,0.038
853000,0.010,0.957,0.033
853500,0.010,0.931,0.059
854000,0.010,0.919,0.071
854500,0.010,0.940,0.050
855000,0.010,0.932,0.057
855500,0.010,0.927,0.062
856000,0.010,0.921,0.069
856500,0.010,0.930,0.059
857000,0.010,0.872,0.118
857500,0.010,0.879,0.111
858000,0.010,0.846,0.144
858500,0.010,0.875,0.115
859000,0.010,0.833,0.157
859500,0.010,0.897,0.093
860000,0.010,0.912,0.078
860500,0.010,0.922,0.068
861000,0.010,0.947,0.043
861500,0.010,0.943,0.047
862000,0.010,0.914,0.076
862500,0.010,0.896,0.094
863000,0.010,0.921,0.069
863500,0.010,0.920,0.070
864000,0.010,0.934,0.056
864500,0.010,0.962,0.028
865000,0.010,0.956,0.034
865500,0.010,0.958,0.032
866000,0.010,0.958,0.032
866500,0.010,0.940,0.050
867000,0.010,0.917,0.073
867500,0.010,0.924,0.066
868000,0.010,0.920,0.070
868500,0.010,0.901,0.089
869000,0.010,0.915,0.075
869500,0.010,0.931,0.059
870000,0.010,0.924,0.066
870500,0.010,0.931,0.058
871000,0.010,0.923,0.067
871500,0.010,0.916,0.074
872000,0.010,0.890,0.100
872500,0.010,0.927,0.062
873000,0.010,0.901,0.089
873500,0.010,0.870,0.120
874000,0.010,0.864,0.126
874500,0.010,0.848,0.142
875000,0.010,0.870,0.120
875500,0.010,0.904,0.086
876000,0.010,0.926,0.064
876500,0.010,0.968,0.022
877000,0.010,0.921,0.069
877500,0.010,0.915,0.075
878000,0.010,0.915,0.075
878500,0.010,0.940,0.050
879000,0.010,0.922,0.068
879500,0.010,0.876,0.114
880000,0.010,0.914,0.076
880500,0.010,0.949,0.041
881000,0.010,0.888,0.102
881500,0.010,0.884,0.106
882000,0.010,0.898,0.092
882500,0.010,0.914,0.076
883000,0.010,0.935,0.055
883500,0.010,0.903,0.087
884000,0.010,0.918,0.072
884500,0.010,0.955,0.035
885000,0.010,0.951,0.039
885500,0.010,0.920,0.070
886000,0.010,0.948,0.042
886500,0.010,0.939,0.051
887000,0.010,0.938,0.052
887500,0.010,0.951,0.039
888000,0.010,0.933,0.056
888500,0.010,0.942,0.048
889000,0.010,0.915,0.075
889500,0.010,0.909,0.081
890000,0.010,0.907,0.083
890500,0.010,0.903,0.087
891000,0.010,0.886,0.104
891500,0.010,0.922,0.068
892000,0.010,0.935,0.055
892500,0.010,0.937,0.053
893000,0.010,0.919,0.071
893500,0.010,0.929,0.061
894000,0.010,0.934,0.055
894500,0.010,0.918,0.072
895000,0.010,0.939,0.051
895500,0.010,0.924,0.066
896000,0.010,0.888,0.102
896500,0.010,0.927,0.063
897000,0.010,0.951,0.039
897500,0.010,0.947,0.043
898000,0.010,0.932,0.058
898500,0.010,0.933,0.056
899000,0.010,0.934,0.055
899500,0.010,0.934,0.055
900000,0.010,0.900,0.090
900500,0.010,0.905,0.085
901000,0.010,0.917,0.073
901500,0.010,0.944,0.046
902000,0.010,0.962,0.028
902500,0.010,0.969,0.021
903000,0.010,0.947,0.043
903500,0.010,0.923,0.067
904000,0.010,0.927,0.063
904500,0.010,0.925,0.065
905000,0.010,0.907,0.083
905500,0.010,0.890,0.100
906000,0.010,0.914,0.076
906500,0.010,0.926,0.064
907000,0.010,0.929,0.060
907500,0.010,0.923,0.067
908000,0.010,0.860,0.130
908500,0.010,0.905,0.085
909000,0.010,0.922,0.068
909500,0.010,0.930,0.060
910000,0.010,0.947,0.043
910500,0.010,0.972,0.018
911000,0.010,0.972,0.018
911500,0.010,0.960,0.030
912000,0.010,0.941,0.049
912500,0.010,0.911,0.079
913000,0.010,0.918,0.072
913500,0.010,0.904,0.086
914000,0.010,0.904,0.086
914500,0.010,0.916,0.074
915000,0.010,0.923,0.067
915500,0.010,0.944,0.046
916000,0.010,0.962,0.028
916500,0.010,0.967,0.023
917000,0.010,0.926,0.064
917500,0.010,0.905,0.085
918000,0.010,0.929,0.061
918500,0.010,0.930,0.060
919000,0.010,0.890,0.100
919500,0.010,0.900,0.090
920000,0.010,0.873,0.117
920500,0.010,0.895,0.095
921000,0.010,0.932,0.057
921500,0.010,0.928,0.061
922000,0.010,0.943,0.047
922500,0.010,0.915,0.075
923000,0.010,0.903,0.087
923500,0.010,0.892,0.098
924000,0.010,0.912,0.078
924500,0.010,0.893,0.097
925000,0.010,0.875,0.115
925500,0.010,0.900,0.090
926000,0.010,0.884,0.106
926500,0.010,0.926,0.064
927000,0.010,0.932,0.057
927500,0.010,0.915,0.075
928000,0.010,0.909,0.081
928500,0.010,0.926,0.064
929000,0.010,0.927,0.063
929500,0.010,0.919,0.071
930000,0.010,0.915,0.075
930500,0.010,0.948,0.042
931000,0.010,0.929,0.060
931500,0.010,0.948,0.042
932000,0.010,0.917,0.073
932500,0.010,0.948,0.042
933000,0.010,0.945,0.045
933500,0.010,0.958,0.032
934000,0.010,0.899,0.091
934500,0.010,0.909,0.081
935000,0.010,0.919,0.071
935500,0.010,0.932,0.057
936000,0.010,0.945,0.045
936500,0.010,0.943,0.047
937000,0.010,0.931,0.058
937500,0.010,0.921,0.069
938000,0.010,0.898,0.092
938500,0.010,0.889,0.101
939000,0.010,0.848,0.142
939500,0.010,0.879,0.111
940000,0.010,0.909,0.081
940500,0.010,0.942,0.048
941000,0.010,0.897,0.093
941500,0.010,0.902,0.088
942000,0.010,0.917,0.073
942500,0.010,0.949,0.041
943000,0.010,0.964,0.026
943500,0.010,0.980,0.010
944000,0.010,0.974,0.016
944500,0.010,0.943,0.047
945000,0.010,0.900,0.090
945500,0.010,0.908,0.082
946000,0.010,0.929,0.061
946500,0.010,0.888,0.102
947000,0.010,0.900,0.090
947500,0.010,0.936,0.054
948000,0.010,0.934,0.056
948500,0.010,0.956,0.034
949000,0.010,0.962,0.028
949500,0.010,0.955,0.035
950000,0.010,0.964,0.026
950500,0.010,0.977,0.013
951000,0.010,0.977,0.013
951500,0.010,0.964,0.026
952000,0.010,0.931,0.059
952500,0.010,0.949,0.041
953000,0.010,0.921,0.069
953500,0.010,0.950,0.040
954000,0.010,0.946,0.044
954500,0.010,0.932,0.058
955000,0.010,0.914,0.076
955500,0.010,0.897,0.093
956000,0.010,0.885,0.105
956500,0.010,0.874,0.116
957000,0.010,0.916,0.074
957500,0.010,0.922,0.068
958000,0.010,0.944,0.046
958500,0.010,0.973,0.017
959000,0.010,0.977,0.013
959500,0.010,0.983,0.007
960000,0.010,0.980,0.010
960500,0.010,0.946,0.044
961000,0.010,0.936,0.053
961500,0.010,0.956,0.034
962000,0.010,0.941,0.049
962500,0.010,0.923,0.067
963000,0.010,0.910,0.080
963500,0.010,0.925,0.065
964000,0.010,0.879,0.111
964500,0.010,0.898,0.092
965000,0.010,0.883,0.107
965500,0.010,0.907,0.083
966000,0.010,0.921,0.069
966500,0.010,0.921,0.069
967000,0.010,0.907,0.083
967500,0.010,0.916,0.074
968000,0.010,0.943,0.047
968500,0.010,0.909,0.081
969000,0.010,0.921,0.069
969500,0.010,0.942,0.048
970000,0.010,0.917,0.073
970500,0.010,0.919,0.071
971000,0.010,0.931,0.059
971500,0.010,0.905,0.085
972000,0.010,0.947,0.043
972500,0.010,0.934,0.056
973000,0.010,0.916,0.074
973500,0.010,0.897,0.093
974000,0.010,0.878,0.112
974500,0.010,0.894,0.096
975000,0.010,0.944,0.046
975500,0.010,0.902,0.088
976000,0.010,0.891,0.099
976500,0.010,0.936,0.053
977000,0.010,0.904,0.086
977500,0.010,0.933,0.056
978000,0.010,0.934,0.055
978500,0.010,0.927,0.063
979000,0.010,0.952,0.038
979500,0.010,0.955,0.035
980000,0.010,0.941,0.049
980500,0.010,0.913,0.077
981000,0.010,0.933,0.056
981500,0.010,0.956,0.034
982000,0.010,0.961,0.029
982500,0.010,0.942,0.048
983000,0.010,0.944,0.046
983500,0.010,0.919,0.071
984000,0.010,0.904,0.086
984500,0.010,0.893,0.097
985000,0.010,0.916,0.074
985500,0.010,0.897,0.093
986000,0.010,0.862,0.128
986500,0.010,0.873,0.117
987000,0.010,0.876,0.114
987500,0.010,0.914,0.076
988000,0.010,0.923,0.067
988500,0.010,0.948,0.042
989000,0.010,0.972,0.018
989500,0.010,0.968,0.022
990000,0.010,0.936,0.053
990500,0.010,0.946,0.044
991000,0.010,0.924,0.066
991500,0.010,0.906,0.084
992000,0.010,0.885,0.105
992500,0.010,0.903,0.087
993000,0.010,0.919,0.071
993500,0.010,0.892,0.098
994000,0.010,0.871,0.119
994500,0.010,0.889,0.101
995000,0.010,0.935,0.054
995500,0.010,0.936,0.054
996000,0.010,0.962,0.028
996500,0.010,0.942,0.048
997000,0.010,0.932,0.058
997500,0.010,0.923,0.067
998000,0.010,0.920,0.070
998500,0.010,0.903,0.087
999000,0.010,0.925,0.065
999500,0.010,0.958,0.032
1000000,0.010,0.972,0.018
