time,n_A+p,n_B,n_AB
0,0.008,0.992,0.000
500,0.008,0.983,0.008
1000,0.008,0.988,0.004
1500,0.008,0.988,0.004
2000,0.008,0.975,0.017
2500,0.008,0.971,0.021
3000,0.008,0.979,0.012
3500,0.008,0.992,0.000
4000,0.025,0.942,0.033
4500,0.021,0.967,0.012
5000,0.008,0.955,0.037
5500,0.008,0.988,0.004
6000,0.012,0.971,0.017
6500,0.008,0.979,0.012
7000,0.008,0.983,0.008
7500,0.017,0.967,0.017
8000,0.008,0.988,0.004
8500,0.008,0.983,0.008
9000,0.008,0.975,0.017
9500,0.008,0.983,0.008
10000,0.008,0.979,0.012
10500,0.008,0.979,0.012
11000,0.008,0.992,0.000
11500,0.017,0.975,0.008
12000,0.008,0.971,0.021
12500,0.008,0.983,0.008
13000,0.008,0.971,0.021
13500,0.008,0.971,0.021
14000,0.008,0.983,0.008
14500,0.008,0.983,0.008
15000,0.008,0.975,0.017
15500,0.008,0.983,0.008
16000,0.008,0.992,0.000
16500,0.008,0.979,0.012
17000,0.008,0.975,0.017
17500,0.012,0.963,0.025
18000,0.017,0.946,0.037
18500,0.012,0.971,0.017
19000,0.008,0.975,0.017
19500,0.008,0.992,0.000
20000,0.008,0.979,0.012
20500,0.008,0.979,0.012
21000,0.017,0.946,0.037
21500,0.008,0.979,0.012
22000,0.008,0.975,0.017
22500,0.012,0.975,0.012
23000,0.008,0.992,0.000
23500,0.017,0.971,0.012
24000,0.008,0.975,0.017
24500,0.008,0.971,0.021
25000,0.017,0.955,0.029
25500,0.008,0.971,0.021
26000,0.008,0.975,0.017
26500,0.008,0.983,0.008
27000,0.008,0.979,0.012
27500,0.008,0.988,0.004
28000,0.008,0.983,0.008
28500,0.008,0.988,0.004
29000,0.008,0.988,0.004
29500,0.008,0.983,0.008
30000,0.012,0.967,0.021
30500,0.012,0.971,0.017
31000,0.017,0.967,0.017
31500,0.008,0.967,0.025
32000,0.008,0.979,0.012
32500,0.008,0.967,0.025
33000,0.008,0.975,0.017
33500,0.008,0.971,0.021
34000,0.008,0.992,0.000
34500,0.008,0.983,0.008
35000,0.008,0.975,0.017
35500,0.008,0.967,0.025
36000,0.008,0.959,0.033
36500,0.008,0.963,0.029
37000,0.012,0.971,0.017
37500,0.012,0.971,0.017
38000,0.012,0.975,0.012
38500,0.008,0.979,0.012
39000,0.033,0.938,0.029
39500,0.008,0.983,0.008
40000,0.008,0.983,0.008
40500,0.021,0.963,0.017
41000,0.008,0.992,0.000
41500,0.008,0.983,0.008
42000,0.008,0.992,0.000
42500,0.008,0.992,0.000
43000,0.008,0.983,0.008
43500,0.008,0.992,0.000
44000,0.017,0.946,0.037
44500,0.012,0.959,0.029
45000,0.008,0.979,0.012
45500,0.008,0.988,0.004
46000,0.021,0.959,0.021
46500,0.012,0.988,0.000
47000,0.008,0.983,0.008
47500,0.008,0.992,0.000
48000,0.008,0.975,0.017
48500,0.017,0.971,0.012
49000,0.012,0.959,0.029
49500,0.008,0.988,0.004
50000,0.012,0.971,0.017
50500,0.008,0.992,0.000
51000,0.008,0.992,0.000
51500,0.008,0.988,0.004
52000,0.008,0.979,0.012
52500,0.008,0.992,0.000
53000,0.008,0.979,0.012
53500,0.008,0.992,0.000
54000,0.008,0.988,0.004
54500,0.008,0.992,0.000
55000,0.008,0.983,0.008
55500,0.008,0.983,0.008
56000,0.008,0.983,0.008
56500,0.008,0.988,0.004
57000,0.008,0.983,0.008
57500,0.008,0.992,0.000
58000,0.008,0.992,0.000
58500,0.008,0.988,0.004
59000,0.008,0.975,0.017
59500,0.008,0.971,0.021
60000,0.008,0.983,0.008
60500,0.008,0.992,0.000
61000,0.008,0.963,0.029
61500,0.008,0.983,0.008
62000,0.017,0.967,0.017
62500,0.008,0.983,0.008
63000,0.008,0.975,0.017
63500,0.025,0.971,0.004
64000,0.012,0.975,0.012
64500,0.017,0.971,0.012
65000,0.008,0.967,0.025
65500,0.008,0.967,0.025
66000,0.008,0.967,0.025
66500,0.008,0.979,0.012
67000,0.008,0.988,0.004
67500,0.008,0.988,0.004
68000,0.008,0.988,0.004
68500,0.008,0.983,0.008
69000,0.008,0.992,0.000
69500,0.008,0.979,0.012
70000,0.008,0.983,0.008
70500,0.012,0.963,0.025
71000,0.008,0.971,0.021
71500,0.012,0.959,0.029
72000,0.017,0.942,0.041
72500,0.021,0.942,0.037
73000,0.008,0.983,0.008
73500,0.008,0.988,0.004
74000,0.008,0.979,0.012
74500,0.008,0.983,0.008
75000,0.017,0.975,0.008
75500,0.012,0.988,0.000
76000,0.017,0.959,0.025
76500,0.008,0.983,0.008
77000,0.008,0.992,0.000
77500,0.008,0.992,0.000
78000,0.008,0.975,0.017
78500,0.012,0.983,0.004
79000,0.017,0.959,0.025
79500,0.008,0.975,0.017
80000,0.008,0.975,0.017
80500,0.008,0.992,0.000
81000,0.008,0.983,0.008
81500,0.008,0.992,0.000
82000,0.008,0.992,0.000
82500,0.008,0.979,0.012
83000,0.008,0.979,0.012
83500,0.008,0.992,0.000
84000,0.008,0.992,0.000
84500,0.008,0.992,0.000
85000,0.008,0.992,0.000
85500,0.008,0.967,0.025
86000,0.008,0.992,0.000
86500,0.008,0.979,0.012
87000,0.012,0.955,0.033
87500,0.017,0.963,0.021
88000,0.008,0.983,0.008
88500,0.025,0.955,0.021
89000,0.017,0.975,0.008
89500,0.008,0.983,0.008
90000,0.008,0.992,0.000
90500,0.008,0.988,0.004
91000,0.008,0.992,0.000
91500,0.008,0.988,0.004
92000,0.008,0.992,0.000
92500,0.008,0.983,0.008
93000,0.008,0.988,0.004
93500,0.008,0.971,0.021
94000,0.021,0.950,0.029
94500,0.008,0.975,0.017
95000,0.008,0.983,0.008
95500,0.008,0.983,0.008
96000,0.008,0.963,0.029
96500,0.017,0.959,0.025
97000,0.012,0.975,0.012
97500,0.008,0.992,0.000
98000,0.008,0.983,0.008
98500,0.008,0.979,0.012
99000,0.008,0.988,0.004
99500,0.008,0.967,0.025
100000,0.008,0.967,0.025
100500,0.008,0.975,0.017
101000,0.008,0.979,0.012
101500,0.008,0.988,0.004
102000,0.008,0.988,0.004
102500,0.012,0.955,0.033
103000,0.012,0.967,0.021
103500,0.008,0.979,0.012
104000,0.008,0.983,0.008
104500,0.008,0.971,0.021
105000,0.025,0.967,0.008
105500,0.012,0.975,0.012
106000,0.012,0.983,0.004
106500,0.008,0.992,0.000
107000,0.008,0.988,0.004
107500,0.012,0.979,0.008
108000,0.008,0.971,0.021
108500,0.012,0.979,0.008
109000,0.008,0.992,0.000
109500,0.008,0.988,0.004
110000,0.008,0.975,0.017
110500,0.012,0.979,0.008
111000,0.008,0.955,0.037
111500,0.008,0.975,0.017
112000,0.021,0.959,0.021
112500,0.008,0.992,0.000
113000,0.008,0.992,0.000
113500,0.008,0.983,0.008
114000,0.008,0.971,0.021
114500,0.008,0.979,0.012
115000,0.008,0.988,0.004
115500,0.017,0.967,0.017
116000,0.008,0.983,0.008
116500,0.008,0.971,0.021
117000,0.008,0.959,0.033
117500,0.008,0.971,0.021
118000,0.017,0.921,0.062
118500,0.033,0.946,0.021
119000,0.025,0.946,0.029
119500,0.008,0.979,0.012
120000,0.008,0.979,0.012
120500,0.008,0.992,0.000
121000,0.021,0.959,0.021
121500,0.008,0.988,0.004
122000,0.008,0.988,0.004
122500,0.008,0.992,0.000
123000,0.008,0.992,0.000
123500,0.008,0.992,0.000
124000,0.008,0.992,0.000
124500,0.008,0.963,0.029
125000,0.021,0.963,0.017
125500,0.008,0.992,0.000
126000,0.008,0.975,0.017
126500,0.008,0.971,0.021
127000,0.008,0.983,0.008
127500,0.008,0.979,0.012
128000,0.008,0.988,0.004
128500,0.021,0.934,0.045
129000,0.008,0.975,0.017
129500,0.008,0.979,0.012
130000,0.008,0.992,0.000
130500,0.008,0.988,0.004
131000,0.008,0.975,0.017
131500,0.021,0.975,0.004
132000,0.008,0.988,0.004
132500,0.008,0.983,0.008
133000,0.008,0.975,0.017
133500,0.008,0.983,0.008
134000,0.012,0.975,0.012
134500,0.008,0.967,0.025
135000,0.008,0.988,0.004
135500,0.012,0.975,0.012
136000,0.008,0.983,0.008
136500,0.008,0.979,0.012
137000,0.008,0.983,0.008
137500,0.008,0.983,0.008
138000,0.008,0.979,0.012
138500,0.008,0.963,0.029
139000,0.021,0.963,0.017
139500,0.008,0.983,0.008
140000,0.008,0.967,0.025
140500,0.008,0.983,0.008
141000,0.025,0.946,0.029
141500,0.008,0.988,0.004
142000,0.008,0.992,0.000
142500,0.008,0.988,0.004
143000,0.008,0.983,0.008
143500,0.008,0.979,0.012
144000,0.008,0.975,0.017
144500,0.008,0.992,0.000
145000,0.008,0.971,0.021
145500,0.008,0.975,0.017
146000,0.017,0.975,0.008
146500,0.008,0.967,0.025
147000,0.008,0.988,0.004
147500,0.008,0.988,0.004
148000,0.008,0.983,0.008
148500,0.008,0.988,0.004
149000,0.008,0.979,0.012
149500,0.008,0.979,0.012
150000,0.008,0.971,0.021
150500,0.008,0.955,0.037
151000,0.008,0.979,0.012
151500,0.029,0.959,0.012
152000,0.017,0.979,0.004
152500,0.012,0.959,0.029
153000,0.012,0.963,0.025
153500,0.012,0.988,0.000
154000,0.008,0.988,0.004
154500,0.008,0.988,0.004
155000,0.012,0.979,0.008
155500,0.008,0.992,0.000
156000,0.008,0.975,0.017
156500,0.008,0.988,0.004
157000,0.008,0.975,0.017
157500,0.008,0.979,0.012
158000,0.008,0.988,0.004
158500,0.008,0.992,0.000
159000,0.008,0.971,0.021
159500,0.012,0.971,0.017
160000,0.008,0.988,0.004
160500,0.008,0.988,0.004
161000,0.008,0.979,0.012
161500,0.012,0.983,0.004
162000,0.008,0.988,0.004
162500,0.008,0.983,0.008
163000,0.008,0.979,0.012
163500,0.008,0.979,0.012
164000,0.008,0.975,0.017
164500,0.008,0.979,0.012
165000,0.008,0.979,0.012
165500,0.008,0.983,0.008
166000,0.017,0.983,0.000
166500,0.017,0.950,0.033
167000,0.012,0.983,0.004
167500,0.008,0.992,0.000
168000,0.008,0.988,0.004
168500,0.008,0.971,0.021
169000,0.012,0.975,0.012
169500,0.008,0.975,0.017
170000,0.008,0.975,0.017
170500,0.008,0.992,0.000
171000,0.008,0.975,0.017
171500,0.008,0.988,0.004
172000,0.008,0.963,0.029
172500,0.008,0.979,0.012
173000,0.008,0.975,0.017
173500,0.029,0.967,0.004
174000,0.012,0.975,0.012
174500,0.008,0.988,0.004
175000,0.012,0.975,0.012
175500,0.008,0.988,0.004
176000,0.008,0.963,0.029
176500,0.025,0.955,0.021
177000,0.008,0.983,0.008
177500,0.008,0.992,0.000
178000,0.008,0.983,0.008
178500,0.017,0.979,0.004
179000,0.012,0.971,0.017
179500,0.008,0.983,0.008
180000,0.008,0.975,0.017
180500,0.008,0.971,0.021
181000,0.008,0.983,0.008
181500,0.012,0.942,0.045
182000,0.008,0.983,0.008
182500,0.008,0.983,0.008
183000,0.008,0.979,0.012
183500,0.008,0.967,0.025
184000,0.008,0.988,0.004
184500,0.008,0.971,0.021
185000,0.012,0.963,0.025
185500,0.008,0.979,0.012
186000,0.021,0.897,0.083
186500,0.029,0.913,0.058
187000,0.008,0.988,0.004
187500,0.008,0.979,0.012
188000,0.008,0.983,0.008
188500,0.008,0.983,0.008
189000,0.008,0.975,0.017
189500,0.008,0.983,0.008
190000,0.008,0.955,0.037
190500,0.025,0.955,0.021
191000,0.008,0.971,0.021
191500,0.008,0.988,0.004
192000,0.008,0.971,0.021
192500,0.008,0.992,0.000
193000,0.021,0.963,0.017
193500,0.012,0.975,0.012
194000,0.012,0.959,0.029
194500,0.008,0.983,0.008
195000,0.012,0.971,0.017
195500,0.008,0.983,0.008
196000,0.008,0.975,0.017
196500,0.012,0.959,0.029
197000,0.008,0.988,0.004
197500,0.008,0.983,0.008
198000,0.008,0.971,0.021
198500,0.008,0.992,0.000
199000,0.012,0.971,0.017
199500,0.008,0.963,0.029
200000,0.008,0.992,0.000
200500,0.008,0.967,0.025
201000,0.008,0.946,0.045
201500,0.008,0.983,0.008
202000,0.008,0.963,0.029
202500,0.017,0.955,0.029
203000,0.012,0.967,0.021
203500,0.012,0.975,0.012
204000,0.008,0.979,0.012
204500,0.008,0.988,0.004
205000,0.008,0.992,0.000
205500,0.008,0.988,0.004
206000,0.008,0.979,0.012
206500,0.008,0.979,0.012
207000,0.008,0.992,0.000
207500,0.008,0.992,0.000
208000,0.008,0.988,0.004
208500,0.017,0.975,0.008
209000,0.012,0.975,0.012
209500,0.008,0.967,0.025
210000,0.008,0.975,0.017
210500,0.008,0.979,0.012
211000,0.008,0.963,0.029
211500,0.021,0.934,0.045
212000,0.012,0.983,0.004
212500,0.012,0.979,0.008
213000,0.017,0.955,0.029
213500,0.008,0.979,0.012
214000,0.025,0.950,0.025
214500,0.008,0.983,0.008
215000,0.008,0.979,0.012
215500,0.008,0.971,0.021
216000,0.008,0.971,0.021
216500,0.021,0.938,0.041
217000,0.008,0.983,0.008
217500,0.050,0.897,0.054
218000,0.029,0.934,0.037
218500,0.012,0.979,0.008
219000,0.008,0.988,0.004
219500,0.008,0.983,0.008
220000,0.008,0.988,0.004
220500,0.008,0.992,0.000
221000,0.008,0.988,0.004
221500,0.008,0.983,0.008
222000,0.008,0.983,0.008
222500,0.017,0.967,0.017
223000,0.008,0.983,0.008
223500,0.008,0.983,0.008
224000,0.012,0.979,0.008
224500,0.008,0.979,0.012
225000,0.008,0.975,0.017
225500,0.008,0.983,0.008
226000,0.008,0.992,0.000
226500,0.008,0.988,0.004
227000,0.008,0.975,0.017
227500,0.008,0.975,0.017
228000,0.008,0.975,0.017
228500,0.008,0.988,0.004
229000,0.008,0.975,0.017
229500,0.008,0.992,0.000
230000,0.008,0.988,0.004
230500,0.029,0.963,0.008
231000,0.012,0.975,0.012
231500,0.008,0.971,0.021
232000,0.008,0.963,0.029
232500,0.008,0.992,0.000
233000,0.008,0.983,0.008
233500,0.008,0.983,0.008
234000,0.008,0.983,0.008
234500,0.008,0.988,0.004
235000,0.021,0.967,0.012
235500,0.012,0.971,0.017
236000,0.008,0.975,0.017
236500,0.008,0.959,0.033
237000,0.008,0.971,0.021
237500,0.008,0.979,0.012
238000,0.012,0.950,0.037
238500,0.008,0.975,0.017
239000,0.008,0.992,0.000
239500,0.008,0.979,0.012
240000,0.008,0.988,0.004
240500,0.008,0.992,0.000
241000,0.008,0.979,0.012
241500,0.008,0.983,0.008
242000,0.008,0.967,0.025
242500,0.017,0.967,0.017
243000,0.008,0.971,0.021
243500,0.008,0.992,0.000
244000,0.008,0.992,0.000
244500,0.008,0.988,0.004
245000,0.008,0.992,0.000
245500,0.008,0.988,0.004
246000,0.008,0.983,0.008
246500,0.008,0.955,0.037
247000,0.021,0.971,0.008
247500,0.008,0.975,0.017
248000,0.008,0.963,0.029
248500,0.008,0.988,0.004
249000,0.008,0.983,0.008
249500,0.008,0.992,0.000
250000,0.008,0.983,0.008
250500,0.017,0.983,0.000
251000,0.008,0.983,0.008
251500,0.008,0.992,0.000
252000,0.008,0.988,0.004
252500,0.008,0.988,0.004
253000,0.008,0.975,0.017
253500,0.021,0.971,0.008
254000,0.008,0.959,0.033
254500,0.008,0.988,0.004
255000,0.025,0.938,0.037
255500,0.008,0.988,0.004
256000,0.008,0.975,0.017
256500,0.008,0.979,0.012
257000,0.008,0.988,0.004
257500,0.008,0.979,0.012
258000,0.008,0.992,0.000
258500,0.012,0.979,0.008
259000,0.008,0.971,0.021
259500,0.012,0.983,0.004
260000,0.008,0.992,0.000
260500,0.008,0.992,0.000
261000,0.012,0.971,0.017
261500,0.017,0.975,0.008
262000,0.012,0.967,0.021
262500,0.008,0.967,0.025
263000,0.008,0.983,0.008
263500,0.008,0.983,0.008
264000,0.008,0.992,0.000
264500,0.008,0.975,0.017
265000,0.008,0.971,0.021
265500,0.017,0.979,0.004
266000,0.008,0.979,0.012
266500,0.017,0.963,0.021
267000,0.008,0.983,0.008
267500,0.008,0.988,0.004
268000,0.008,0.971,0.021
268500,0.008,0.975,0.017
269000,0.008,0.988,0.004
269500,0.008,0.988,0.004
270000,0.008,0.983,0.008
270500,0.017,0.971,0.012
271000,0.008,0.963,0.029
271500,0.008,0.992,0.000
272000,0.012,0.959,0.029
272500,0.021,0.955,0.025
273000,0.012,0.967,0.021
273500,0.008,0.983,0.008
274000,0.008,0.971,0.021
274500,0.008,0.983,0.008
275000,0.008,0.992,0.000
275500,0.008,0.988,0.004
276000,0.008,0.967,0.025
276500,0.008,0.979,0.012
277000,0.008,0.975,0.017
277500,0.008,0.983,0.008
278000,0.021,0.963,0.017
278500,0.008,0.988,0.004
279000,0.008,0.967,0.025
279500,0.008,0.975,0.017
280000,0.008,0.983,0.008
280500,0.008,0.988,0.004
281000,0.008,0.983,0.008
281500,0.008,0.963,0.029
282000,0.008,0.979,0.012
282500,0.008,0.938,0.054
283000,0.050,0.930,0.021
283500,0.021,0.959,0.021
284000,0.021,0.975,0.004
284500,0.008,0.967,0.025
285000,0.008,0.992,0.000
285500,0.012,0.979,0.008
286000,0.021,0.955,0.025
286500,0.025,0.963,0.012
287000,0.025,0.950,0.025
287500,0.008,0.963,0.029
288000,0.008,0.959,0.033
288500,0.029,0.959,0.012
289000,0.008,0.988,0.004
289500,0.008,0.988,0.004
290000,0.008,0.992,0.000
290500,0.008,0.983,0.008
291000,0.008,0.983,0.008
291500,0.008,0.955,0.037
292000,0.021,0.930,0.050
292500,0.008,0.979,0.012
293000,0.008,0.975,0.017
293500,0.012,0.975,0.012
294000,0.017,0.963,0.021
294500,0.021,0.967,0.012
295000,0.012,0.963,0.025
295500,0.008,0.988,0.004
296000,0.008,0.959,0.033
296500,0.012,0.963,0.025
297000,0.008,0.955,0.037
297500,0.008,0.988,0.004
298000,0.008,0.963,0.029
298500,0.008,0.983,0.008
299000,0.008,0.983,0.008
299500,0.008,0.988,0.004
300000,0.008,0.955,0.037
300500,0.008,0.988,0.004
301000,0.008,0.983,0.008
301500,0.017,0.975,0.008
302000,0.008,0.992,0.000
302500,0.008,0.975,0.017
303000,0.008,0.979,0.012
303500,0.008,0.992,0.000
304000,0.008,0.979,0.012
304500,0.008,0.967,0.025
305000,0.008,0.967,0.025
305500,0.008,0.963,0.029
306000,0.008,0.979,0.012
306500,0.008,0.971,0.021
307000,0.017,0.967,0.017
307500,0.012,0.955,0.033
308000,0.008,0.988,0.004
308500,0.008,0.975,0.017
309000,0.017,0.950,0.033
309500,0.008,0.967,0.025
310000,0.008,0.983,0.008
310500,0.008,0.988,0.004
311000,0.025,0.963,0.012
311500,0.008,0.992,0.000
312000,0.008,0.979,0.012
312500,0.008,0.979,0.012
313000,0.008,0.975,0.017
313500,0.008,0.988,0.004
314000,0.017,0.967,0.017
314500,0.012,0.967,0.021
315000,0.008,0.983,0.008
315500,0.008,0.983,0.008
316000,0.008,0.988,0.004
316500,0.008,0.988,0.004
317000,0.008,0.988,0.004
317500,0.008,0.988,0.004
318000,0.008,0.971,0.021
318500,0.008,0.988,0.004
319000,0.012,0.967,0.021
319500,0.008,0.983,0.008
320000,0.012,0.983,0.004
320500,0.008,0.992,0.000
321000,0.008,0.983,0.008
321500,0.008,0.988,0.004
322000,0.008,0.983,0.008
322500,0.008,0.983,0.008
323000,0.008,0.967,0.025
323500,0.021,0.963,0.017
324000,0.012,0.983,0.004
324500,0.008,0.975,0.017
325000,0.008,0.983,0.008
325500,0.008,0.988,0.004
326000,0.012,0.963,0.025
326500,0.008,0.979,0.012
327000,0.012,0.959,0.029
327500,0.008,0.988,0.004
328000,0.008,0.979,0.012
328500,0.008,0.992,0.000
329000,0.008,0.992,0.000
329500,0.008,0.979,0.012
330000,0.008,0.971,0.021
330500,0.008,0.979,0.012
331000,0.008,0.992,0.000
331500,0.008,0.971,0.021
332000,0.008,0.971,0.021
332500,0.008,0.975,0.017
333000,0.012,0.963,0.025
333500,0.008,0.983,0.008
334000,0.008,0.992,0.000
334500,0.008,0.988,0.004
335000,0.008,0.975,0.017
335500,0.008,0.967,0.025
336000,0.008,0.983,0.008
336500,0.008,0.963,0.029
337000,0.012,0.963,0.025
337500,0.008,0.988,0.004
338000,0.008,0.992,0.000
338500,0.008,0.971,0.021
339000,0.008,0.983,0.008
339500,0.008,0.988,0.004
340000,0.008,0.983,0.008
340500,0.008,0.971,0.021
341000,0.008,0.975,0.017
341500,0.008,0.975,0.017
342000,0.008,0.988,0.004
342500,0.017,0.950,0.033
343000,0.008,0.988,0.004
343500,0.008,0.979,0.012
344000,0.008,0.992,0.000
344500,0.008,0.979,0.012
345000,0.021,0.950,0.029
345500,0.017,0.959,0.025
346000,0.012,0.979,0.008
346500,0.008,0.967,0.025
347000,0.008,0.983,0.008
347500,0.008,0.992,0.000
348000,0.012,0.950,0.037
348500,0.012,0.950,0.037
349000,0.012,0.979,0.008
349500,0.008,0.979,0.012
350000,0.008,0.983,0.008
350500,0.008,0.988,0.004
351000,0.008,0.992,0.000
351500,0.008,0.979,0.012
352000,0.012,0.975,0.012
352500,0.008,0.983,0.008
353000,0.008,0.988,0.004
353500,0.008,0.979,0.012
354000,0.008,0.983,0.008
354500,0.008,0.992,0.000
355000,0.008,0.975,0.017
355500,0.012,0.967,0.021
356000,0.017,0.963,0.021
356500,0.008,0.992,0.000
357000,0.008,0.992,0.000
357500,0.008,0.959,0.033
358000,0.008,0.983,0.008
358500,0.008,0.975,0.017
359000,0.017,0.955,0.029
359500,0.025,0.955,0.021
360000,0.012,0.946,0.041
360500,0.008,0.983,0.008
361000,0.008,0.971,0.021
361500,0.008,0.975,0.017
362000,0.012,0.983,0.004
362500,0.008,0.983,0.008
363000,0.008,0.992,0.000
363500,0.008,0.967,0.025
364000,0.008,0.963,0.029
364500,0.008,0.988,0.004
365000,0.008,0.992,0.000
365500,0.008,0.988,0.004
366000,0.008,0.983,0.008
366500,0.008,0.979,0.012
367000,0.012,0.971,0.017
367500,0.008,0.988,0.004
368000,0.008,0.988,0.004
368500,0.008,0.992,0.000
369000,0.008,0.979,0.012
369500,0.017,0.950,0.033
370000,0.012,0.950,0.037
370500,0.008,0.963,0.029
371000,0.021,0.955,0.025
371500,0.008,0.975,0.017
372000,0.008,0.983,0.008
372500,0.008,0.988,0.004
373000,0.008,0.975,0.017
373500,0.008,0.979,0.012
374000,0.008,0.983,0.008
374500,0.008,0.988,0.004
375000,0.008,0.975,0.017
375500,0.008,0.983,0.008
376000,0.008,0.971,0.021
376500,0.008,0.983,0.008
377000,0.008,0.979,0.012
377500,0.008,0.988,0.004
378000,0.008,0.963,0.029
378500,0.017,0.955,0.029
379000,0.008,0.975,0.017
379500,0.008,0.992,0.000
380000,0.008,0.992,0.000
380500,0.008,0.971,0.021
381000,0.008,0.975,0.017
381500,0.008,0.992,0.000
382000,0.008,0.988,0.004
382500,0.008,0.983,0.008
383000,0.008,0.992,0.000
383500,0.008,0.992,0.000
384000,0.008,0.983,0.008
384500,0.008,0.967,0.025
385000,0.008,0.992,0.000
385500,0.008,0.992,0.000
386000,0.008,0.959,0.033
386500,0.008,0.975,0.017
387000,0.021,0.979,0.000
387500,0.012,0.963,0.025
388000,0.008,0.950,0.041
388500,0.008,0.975,0.017
389000,0.012,0.971,0.017
389500,0.008,0.988,0.004
390000,0.008,0.971,0.021
390500,0.008,0.967,0.025
391000,0.008,0.979,0.012
391500,0.008,0.979,0.012
392000,0.008,0.975,0.017
392500,0.008,0.967,0.025
393000,0.021,0.950,0.029
393500,0.008,0.959,0.033
394000,0.012,0.967,0.021
394500,0.008,0.979,0.012
395000,0.008,0.967,0.025
395500,0.008,0.971,0.021
396000,0.008,0.992,0.000
396500,0.008,0.979,0.012
397000,0.008,0.979,0.012
397500,0.008,0.988,0.004
398000,0.008,0.983,0.008
398500,0.008,0.971,0.021
399000,0.017,0.934,0.050
399500,0.008,0.967,0.025
400000,0.012,0.946,0.041
400500,0.008,0.983,0.008
401000,0.008,0.971,0.021
401500,0.008,0.983,0.008
402000,0.017,0.975,0.008
402500,0.012,0.959,0.029
403000,0.008,0.979,0.012
403500,0.008,0.983,0.008
404000,0.008,0.979,0.012
404500,0.008,0.971,0.021
405000,0.008,0.983,0.008
405500,0.008,0.988,0.004
406000,0.008,0.963,0.029
406500,0.008,0.992,0.000
407000,0.008,0.975,0.017
407500,0.012,0.963,0.025
408000,0.008,0.979,0.012
408500,0.008,0.975,0.017
409000,0.008,0.992,0.000
409500,0.008,0.967,0.025
410000,0.012,0.967,0.021
410500,0.008,0.983,0.008
411000,0.021,0.971,0.008
411500,0.008,0.988,0.004
412000,0.008,0.992,0.000
412500,0.008,0.988,0.004
413000,0.008,0.983,0.008
413500,0.008,0.979,0.012
414000,0.008,0.975,0.017
414500,0.017,0.967,0.017
415000,0.008,0.992,0.000
415500,0.008,0.971,0.021
416000,0.008,0.979,0.012
416500,0.012,0.897,0.091
417000,0.008,0.959,0.033
417500,0.008,0.983,0.008
418000,0.008,0.967,0.025
418500,0.008,0.988,0.004
419000,0.008,0.975,0.017
419500,0.008,0.988,0.004
420000,0.017,0.975,0.008
420500,0.008,0.983,0.008
421000,0.008,0.983,0.008
421500,0.008,0.971,0.021
422000,0.008,0.975,0.017
422500,0.008,0.988,0.004
423000,0.008,0.983,0.008
423500,0.008,0.988,0.004
424000,0.008,0.988,0.004
424500,0.008,0.988,0.004
425000,0.017,0.979,0.004
425500,0.008,0.983,0.008
426000,0.017,0.975,0.008
426500,0.012,0.983,0.004
427000,0.008,0.988,0.004
427500,0.017,0.983,0.000
428000,0.008,0.988,0.004
428500,0.008,0.992,0.000
429000,0.008,0.971,0.021
429500,0.017,0.975,0.008
430000,0.008,0.992,0.000
430500,0.008,0.988,0.004
431000,0.008,0.988,0.004
431500,0.008,0.971,0.021
432000,0.008,0.963,0.029
432500,0.008,0.983,0.008
433000,0.008,0.975,0.017
433500,0.008,0.971,0.021
434000,0.008,0.955,0.037
434500,0.008,0.988,0.004
435000,0.008,0.963,0.029
435500,0.008,0.992,0.000
436000,0.008,0.988,0.004
436500,0.021,0.955,0.025
437000,0.012,0.988,0.000
437500,0.008,0.979,0.012
438000,0.008,0.967,0.025
438500,0.008,0.988,0.004
439000,0.008,0.975,0.017
439500,0.012,0.967,0.021
440000,0.008,0.967,0.025
440500,0.008,0.979,0.012
441000,0.008,0.992,0.000
441500,0.008,0.967,0.025
442000,0.008,0.975,0.017
442500,0.008,0.971,0.021
443000,0.008,0.971,0.021
443500,0.008,0.975,0.017
444000,0.008,0.971,0.021
444500,0.008,0.992,0.000
445000,0.008,0.992,0.000
445500,0.008,0.963,0.029
446000,0.021,0.942,0.037
446500,0.012,0.975,0.012
447000,0.008,0.967,0.025
447500,0.008,0.988,0.004
448000,0.008,0.988,0.004
448500,0.008,0.992,0.000
449000,0.008,0.983,0.008
449500,0.008,0.983,0.008
450000,0.012,0.975,0.012
450500,0.008,0.979,0.012
451000,0.008,0.975,0.017
451500,0.008,0.979,0.012
452000,0.008,0.988,0.004
452500,0.008,0.983,0.008
453000,0.021,0.930,0.050
453500,0.017,0.926,0.058
454000,0.008,0.971,0.021
454500,0.012,0.979,0.008
455000,0.008,0.979,0.012
455500,0.008,0.983,0.008
456000,0.008,0.979,0.012
456500,0.008,0.979,0.012
457000,0.017,0.963,0.021
457500,0.008,0.975,0.017
458000,0.008,0.988,0.004
458500,0.008,0.992,0.000
459000,0.017,0.926,0.058
459500,0.008,0.971,0.021
460000,0.012,0.975,0.012
460500,0.008,0.971,0.021
461000,0.029,0.950,0.021
461500,0.008,0.975,0.017
462000,0.017,0.967,0.017
462500,0.012,0.975,0.012
463000,0.008,0.988,0.004
463500,0.008,0.983,0.008
464000,0.017,0.975,0.008
464500,0.008,0.992,0.000
465000,0.008,0.988,0.004
465500,0.012,0.971,0.017
466000,0.008,0.988,0.004
466500,0.008,0.988,0.004
467000,0.017,0.955,0.029
467500,0.008,0.975,0.017
468000,0.008,0.963,0.029
468500,0.008,0.983,0.008
469000,0.008,0.975,0.017
469500,0.008,0.983,0.008
470000,0.008,0.979,0.012
470500,0.008,0.992,0.000
471000,0.008,0.963,0.029
471500,0.008,0.975,0.017
472000,0.017,0.959,0.025
472500,0.008,0.992,0.000
473000,0.008,0.975,0.017
473500,0.008,0.975,0.017
474000,0.008,0.979,0.012
474500,0.008,0.983,0.008
475000,0.008,0.963,0.029
475500,0.025,0.926,0.050
476000,0.021,0.955,0.025
476500,0.012,0.967,0.021
477000,0.008,0.983,0.008
477500,0.008,0.992,0.000
478000,0.012,0.959,0.029
478500,0.012,0.983,0.004
479000,0.008,0.988,0.004
479500,0.008,0.963,0.029
480000,0.008,0.971,0.021
480500,0.008,0.975,0.017
481000,0.008,0.983,0.008
481500,0.008,0.950,0.041
482000,0.021,0.955,0.025
482500,0.021,0.971,0.008
483000,0.012,0.950,0.037
483500,0.008,0.988,0.004
484000,0.008,0.983,0.008
484500,0.008,0.992,0.000
485000,0.008,0.979,0.012
485500,0.012,0.975,0.012
486000,0.008,0.979,0.012
486500,0.017,0.955,0.029
487000,0.029,0.934,0.037
487500,0.017,0.950,0.033
488000,0.012,0.979,0.008
488500,0.008,0.983,0.008
489000,0.021,0.955,0.025
489500,0.008,0.971,0.021
490000,0.017,0.975,0.008
490500,0.008,0.979,0.012
491000,0.008,0.967,0.025
491500,0.012,0.950,0.037
492000,0.008,0.983,0.008
492500,0.012,0.975,0.012
493000,0.017,0.979,0.004
493500,0.012,0.950,0.037
494000,0.021,0.971,0.008
494500,0.008,0.992,0.000
495000,0.008,0.992,0.000
495500,0.012,0.971,0.017
496000,0.021,0.938,0.041
496500,0.025,0.946,0.029
497000,0.012,0.975,0.012
497500,0.012,0.975,0.012
498000,0.008,0.971,0.021
498500,0.008,0.971,0.021
499000,0.012,0.988,0.000
499500,0.017,0.959,0.025
500000,0.008,0.971,0.021
500500,0.008,0.992,0.000
501000,0.008,0.975,0.017
501500,0.008,0.979,0.012
502000,0.008,0.983,0.008
502500,0.008,0.967,0.025
503000,0.008,0.988,0.004
503500,0.008,0.988,0.004
504000,0.008,0.975,0.017
504500,0.008,0.992,0.000
505000,0.008,0.971,0.021
505500,0.008,0.988,0.004
506000,0.008,0.967,0.025
506500,0.008,0.975,0.017
507000,0.008,0.983,0.008
507500,0.008,0.975,0.017
508000,0.008,0.983,0.008
508500,0.008,0.983,0.008
509000,0.008,0.983,0.008
509500,0.008,0.967,0.025
510000,0.017,0.967,0.017
510500,0.012,0.950,0.037
511000,0.008,0.979,0.012
511500,0.008,0.988,0.004
512000,0.008,0.992,0.000
512500,0.008,0.979,0.012
513000,0.017,0.955,0.029
513500,0.008,0.971,0.021
514000,0.008,0.979,0.012
514500,0.008,0.988,0.004
515000,0.008,0.975,0.017
515500,0.008,0.988,0.004
516000,0.008,0.971,0.021
516500,0.012,0.983,0.004
517000,0.017,0.979,0.004
517500,0.008,0.983,0.008
518000,0.008,0.988,0.004
518500,0.008,0.992,0.000
519000,0.008,0.979,0.012
519500,0.008,0.963,0.029
520000,0.008,0.963,0.029
520500,0.012,0.979,0.008
521000,0.008,0.975,0.017
521500,0.017,0.983,0.000
522000,0.008,0.988,0.004
522500,0.008,0.967,0.025
523000,0.017,0.967,0.017
523500,0.012,0.963,0.025
524000,0.017,0.950,0.033
524500,0.017,0.971,0.012
525000,0.012,0.967,0.021
525500,0.008,0.992,0.000
526000,0.008,0.988,0.004
526500,0.008,0.992,0.000
527000,0.012,0.963,0.025
527500,0.008,0.983,0.008
528000,0.008,0.992,0.000
528500,0.008,0.988,0.004
529000,0.008,0.988,0.004
529500,0.008,0.963,0.029
530000,0.012,0.950,0.037
530500,0.008,0.979,0.012
531000,0.008,0.967,0.025
531500,0.008,0.967,0.025
532000,0.008,0.979,0.012
532500,0.008,0.992,0.000
533000,0.008,0.983,0.008
533500,0.012,0.979,0.008
534000,0.008,0.983,0.008
534500,0.033,0.934,0.033
535000,0.012,0.917,0.070
535500,0.012,0.971,0.017
536000,0.008,0.992,0.000
536500,0.008,0.992,0.000
537000,0.008,0.983,0.008
537500,0.033,0.917,0.050
538000,0.012,0.930,0.058
538500,0.017,0.975,0.008
539000,0.008,0.946,0.045
539500,0.008,0.988,0.004
540000,0.008,0.992,0.000
540500,0.008,0.971,0.021
541000,0.008,0.975,0.017
541500,0.017,0.959,0.025
542000,0.012,0.971,0.017
542500,0.008,0.975,0.017
543000,0.017,0.959,0.025
543500,0.025,0.921,0.054
544000,0.008,0.983,0.008
544500,0.008,0.992,0.000
545000,0.008,0.975,0.017
545500,0.008,0.992,0.000
546000,0.008,0.975,0.017
546500,0.008,0.971,0.021
547000,0.008,0.988,0.004
547500,0.029,0.934,0.037
548000,0.021,0.955,0.025
548500,0.017,0.942,0.041
549000,0.008,0.971,0.021
549500,0.012,0.988,0.000
550000,0.008,0.988,0.004
550500,0.008,0.979,0.012
551000,0.008,0.983,0.008
551500,0.012,0.955,0.033
552000,0.008,0.992,0.000
552500,0.008,0.983,0.008
553000,0.008,0.988,0.004
553500,0.008,0.975,0.017
554000,0.008,0.963,0.029
554500,0.012,0.983,0.004
555000,0.008,0.971,0.021
555500,0.008,0.992,0.000
556000,0.008,0.979,0.012
556500,0.008,0.988,0.004
557000,0.008,0.988,0.004
557500,0.008,0.983,0.008
558000,0.008,0.971,0.021
558500,0.008,0.979,0.012
559000,0.008,0.983,0.008
559500,0.008,0.992,0.000
560000,0.008,0.983,0.008
560500,0.008,0.992,0.000
561000,0.008,0.979,0.012
561500,0.008,0.992,0.000
562000,0.017,0.950,0.033
562500,0.017,0.955,0.029
563000,0.012,0.955,0.033
563500,0.008,0.971,0.021
564000,0.008,0.983,0.008
564500,0.008,0.979,0.012
565000,0.008,0.992,0.000
565500,0.008,0.992,0.000
566000,0.008,0.983,0.008
566500,0.008,0.967,0.025
567000,0.008,0.992,0.000
567500,0.008,0.979,0.012
568000,0.012,0.959,0.029
568500,0.008,0.992,0.000
569000,0.008,0.988,0.004
569500,0.008,0.979,0.012
570000,0.008,0.992,0.000
570500,0.008,0.975,0.017
571000,0.008,0.979,0.012
571500,0.008,0.967,0.025
572000,0.008,0.971,0.021
572500,0.008,0.963,0.029
573000,0.008,0.950,0.041
573500,0.008,0.942,0.050
574000,0.008,0.979,0.012
574500,0.008,0.955,0.037
575000,0.025,0.950,0.025
575500,0.008,0.979,0.012
576000,0.008,0.983,0.008
576500,0.012,0.983,0.004
577000,0.017,0.971,0.012
577500,0.008,0.988,0.004
578000,0.008,0.975,0.017
578500,0.017,0.979,0.004
579000,0.008,0.975,0.017
579500,0.021,0.967,0.012
580000,0.021,0.934,0.045
580500,0.021,0.963,0.017
581000,0.012,0.967,0.021
581500,0.008,0.967,0.025
582000,0.008,0.979,0.012
582500,0.008,0.992,0.000
583000,0.008,0.992,0.000
583500,0.008,0.988,0.004
584000,0.008,0.992,0.000
584500,0.008,0.963,0.029
585000,0.012,0.979,0.008
585500,0.021,0.955,0.025
586000,0.008,0.967,0.025
586500,0.012,0.979,0.008
587000,0.012,0.967,0.021
587500,0.008,0.988,0.004
588000,0.008,0.983,0.008
588500,0.008,0.988,0.004
589000,0.008,0.971,0.021
589500,0.008,0.975,0.017
590000,0.008,0.955,0.037
590500,0.008,0.975,0.017
591000,0.008,0.959,0.033
591500,0.008,0.988,0.004
592000,0.008,0.975,0.017
592500,0.012,0.983,0.004
593000,0.008,0.971,0.021
593500,0.008,0.983,0.008
594000,0.008,0.983,0.008
594500,0.012,0.983,0.004
595000,0.008,0.983,0.008
595500,0.012,0.942,0.045
596000,0.008,0.988,0.004
596500,0.008,0.983,0.008
597000,0.008,0.988,0.004
597500,0.008,0.983,0.008
598000,0.008,0.983,0.008
598500,0.008,0.983,0.008
599000,0.008,0.967,0.025
599500,0.008,0.983,0.008
600000,0.008,0.988,0.004
600500,0.012,0.963,0.025
601000,0.021,0.967,0.012
601500,0.008,0.979,0.012
602000,0.008,0.988,0.004
602500,0.017,0.946,0.037
603000,0.008,0.983,0.008
603500,0.008,0.983,0.008
604000,0.008,0.992,0.000
604500,0.008,0.992,0.000
605000,0.008,0.967,0.025
605500,0.008,0.983,0.008
606000,0.008,0.988,0.004
606500,0.008,0.971,0.021
607000,0.008,0.983,0.008
607500,0.008,0.967,0.025
608000,0.008,0.963,0.029
608500,0.008,0.992,0.000
609000,0.008,0.988,0.004
609500,0.008,0.992,0.000
610000,0.008,0.967,0.025
610500,0.008,0.988,0.004
611000,0.008,0.983,0.008
611500,0.008,0.979,0.012
612000,0.008,0.988,0.004
612500,0.008,0.992,0.000
613000,0.008,0.983,0.008
613500,0.008,0.971,0.021
614000,0.008,0.975,0.017
614500,0.008,0.988,0.004
615000,0.008,0.992,0.000
615500,0.008,0.988,0.004
616000,0.008,0.983,0.008
616500,0.008,0.979,0.012
617000,0.008,0.988,0.004
617500,0.017,0.983,0.000
618000,0.025,0.959,0.017
618500,0.008,0.975,0.017
619000,0.008,0.988,0.004
619500,0.017,0.967,0.017
620000,0.008,0.988,0.004
620500,0.008,0.992,0.000
621000,0.008,0.988,0.004
621500,0.008,0.979,0.012
622000,0.008,0.983,0.008
622500,0.008,0.983,0.008
623000,0.008,0.975,0.017
623500,0.008,0.992,0.000
624000,0.012,0.967,0.021
624500,0.008,0.992,0.000
625000,0.008,0.950,0.041
625500,0.008,0.988,0.004
626000,0.008,0.979,0.012
626500,0.008,0.959,0.033
627000,0.008,0.992,0.000
627500,0.008,0.983,0.008
628000,0.008,0.963,0.029
628500,0.008,0.971,0.021
629000,0.025,0.913,0.062
629500,0.012,0.950,0.037
630000,0.017,0.955,0.029
630500,0.008,0.955,0.037
631000,0.008,0.983,0.008
631500,0.021,0.930,0.050
632000,0.008,0.971,0.021
632500,0.012,0.959,0.029
633000,0.017,0.926,0.058
633500,0.008,0.955,0.037
634000,0.012,0.983,0.004
634500,0.008,0.983,0.008
635000,0.008,0.988,0.004
635500,0.008,0.979,0.012
636000,0.008,0.983,0.008
636500,0.017,0.975,0.008
637000,0.008,0.992,0.000
637500,0.021,0.963,0.017
638000,0.008,0.992,0.000
638500,0.021,0.971,0.008
639000,0.008,0.975,0.017
639500,0.008,0.975,0.017
640000,0.008,0.988,0.004
640500,0.008,0.983,0.008
641000,0.008,0.988,0.004
641500,0.008,0.975,0.017
642000,0.008,0.975,0.017
642500,0.008,0.979,0.012
643000,0.008,0.979,0.012
643500,0.008,0.971,0.021
644000,0.008,0.992,0.000
644500,0.008,0.979,0.012
645000,0.008,0.983,0.008
645500,0.008,0.979,0.012
646000,0.012,0.983,0.004
646500,0.008,0.992,0.000
647000,0.008,0.979,0.012
647500,0.008,0.963,0.029
648000,0.008,0.979,0.012
648500,0.008,0.988,0.004
649000,0.008,0.992,0.000
649500,0.008,0.992,0.000
650000,0.008,0.971,0.021
650500,0.008,0.979,0.012
651000,0.012,0.955,0.033
651500,0.017,0.979,0.004
652000,0.008,0.983,0.008
652500,0.008,0.967,0.025
653000,0.012,0.979,0.008
653500,0.017,0.971,0.012
654000,0.012,0.971,0.017
654500,0.008,0.975,0.017
655000,0.021,0.959,0.021
655500,0.025,0.946,0.029
656000,0.012,0.975,0.012
656500,0.008,0.963,0.029
657000,0.008,0.992,0.000
657500,0.008,0.992,0.000
658000,0.008,0.983,0.008
658500,0.008,0.992,0.000
659000,0.017,0.967,0.017
659500,0.012,0.967,0.021
660000,0.008,0.975,0.017
660500,0.017,0.938,0.045
661000,0.008,0.971,0.021
661500,0.008,0.992,0.000
662000,0.008,0.967,0.025
662500,0.029,0.950,0.021
663000,0.012,0.971,0.017
663500,0.008,0.971,0.021
664000,0.021,0.975,0.004
664500,0.008,0.983,0.008
665000,0.008,0.979,0.012
665500,0.012,0.971,0.017
666000,0.012,0.975,0.012
666500,0.008,0.975,0.017
667000,0.008,0.988,0.004
667500,0.008,0.971,0.021
668000,0.008,0.975,0.017
668500,0.008,0.992,0.000
669000,0.017,0.959,0.025
669500,0.008,0.967,0.025
670000,0.008,0.992,0.000
670500,0.008,0.992,0.000
671000,0.008,0.983,0.008
671500,0.008,0.992,0.000
672000,0.008,0.992,0.000
672500,0.008,0.988,0.004
673000,0.008,0.975,0.017
673500,0.008,0.992,0.000
674000,0.008,0.975,0.017
674500,0.008,0.979,0.012
675000,0.012,0.950,0.037
675500,0.012,0.930,0.058
676000,0.021,0.926,0.054
676500,0.012,0.950,0.037
677000,0.021,0.942,0.037
677500,0.008,0.988,0.004
678000,0.008,0.979,0.012
678500,0.008,0.988,0.004
679000,0.008,0.988,0.004
679500,0.008,0.959,0.033
680000,0.008,0.971,0.021
680500,0.008,0.988,0.004
681000,0.008,0.983,0.008
681500,0.008,0.988,0.004
682000,0.008,0.992,0.000
682500,0.008,0.971,0.021
683000,0.008,0.967,0.025
683500,0.017,0.955,0.029
684000,0.021,0.955,0.025
684500,0.012,0.967,0.021
685000,0.008,0.992,0.000
685500,0.008,0.983,0.008
686000,0.008,0.979,0.012
686500,0.008,0.979,0.012
687000,0.008,0.975,0.017
687500,0.008,0.983,0.008
688000,0.017,0.983,0.000
688500,0.008,0.967,0.025
689000,0.008,0.963,0.029
689500,0.017,0.955,0.029
690000,0.008,0.992,0.000
690500,0.021,0.975,0.004
691000,0.012,0.963,0.025
691500,0.008,0.971,0.021
692000,0.008,0.975,0.017
692500,0.017,0.955,0.029
693000,0.025,0.950,0.025
693500,0.041,0.950,0.008
694000,0.017,0.930,0.054
694500,0.017,0.955,0.029
695000,0.008,0.959,0.033
695500,0.008,0.992,0.000
696000,0.012,0.979,0.008
696500,0.021,0.963,0.017
697000,0.008,0.975,0.017
697500,0.008,0.959,0.033
698000,0.012,0.979,0.008
698500,0.008,0.975,0.017
699000,0.008,0.988,0.004
699500,0.017,0.959,0.025
700000,0.008,0.963,0.029
700500,0.008,0.967,0.025
701000,0.017,0.963,0.021
701500,0.017,0.975,0.008
702000,0.008,0.955,0.037
702500,0.012,0.983,0.004
703000,0.012,0.942,0.045
703500,0.008,0.975,0.017
704000,0.008,0.979,0.012
704500,0.008,0.979,0.012
705000,0.008,0.983,0.008
705500,0.008,0.983,0.008
706000,0.008,0.983,0.008
706500,0.017,0.955,0.029
707000,0.017,0.967,0.017
707500,0.008,0.988,0.004
708000,0.008,0.988,0.004
708500,0.008,0.975,0.017
709000,0.008,0.971,0.021
709500,0.012,0.971,0.017
710000,0.008,0.967,0.025
710500,0.008,0.975,0.017
711000,0.017,0.975,0.008
711500,0.008,0.967,0.025
712000,0.008,0.983,0.008
712500,0.025,0.946,0.029
713000,0.008,0.983,0.008
713500,0.008,0.979,0.012
714000,0.008,0.971,0.021
714500,0.008,0.979,0.012
715000,0.008,0.992,0.000
715500,0.008,0.983,0.008
716000,0.008,0.975,0.017
716500,0.008,0.988,0.004
717000,0.008,0.983,0.008
717500,0.008,0.992,0.000
718000,0.008,0.983,0.008
718500,0.008,0.959,0.033
719000,0.008,0.983,0.008
719500,0.008,0.983,0.008
720000,0.017,0.967,0.017
720500,0.008,0.971,0.021
721000,0.008,0.967,0.025
721500,0.008,0.975,0.017
722000,0.008,0.988,0.004
722500,0.008,0.979,0.012
723000,0.029,0.955,0.017
723500,0.021,0.967,0.012
724000,0.008,0.983,0.008
724500,0.008,0.979,0.012
725000,0.008,0.971,0.021
725500,0.008,0.967,0.025
726000,0.008,0.983,0.008
726500,0.008,0.988,0.004
727000,0.008,0.975,0.017
727500,0.017,0.967,0.017
728000,0.012,0.955,0.033
728500,0.008,0.983,0.008
729000,0.008,0.983,0.008
729500,0.008,0.975,0.017
730000,0.008,0.992,0.000
730500,0.008,0.955,0.037
731000,0.008,0.967,0.025
731500,0.008,0.971,0.021
732000,0.021,0.959,0.021
732500,0.008,0.971,0.021
733000,0.008,0.988,0.004
733500,0.008,0.992,0.000
734000,0.012,0.983,0.004
734500,0.008,0.983,0.008
735000,0.008,0.992,0.000
735500,0.008,0.950,0.041
736000,0.012,0.955,0.033
736500,0.008,0.950,0.041
737000,0.017,0.950,0.033
737500,0.017,0.975,0.008
738000,0.008,0.971,0.021
738500,0.008,0.979,0.012
739000,0.008,0.971,0.021
739500,0.008,0.950,0.041
740000,0.008,0.992,0.000
740500,0.008,0.988,0.004
741000,0.021,0.950,0.029
741500,0.012,0.967,0.021
742000,0.008,0.979,0.012
742500,0.008,0.950,0.041
743000,0.008,0.983,0.008
743500,0.012,0.979,0.008
744000,0.008,0.979,0.012
744500,0.012,0.967,0.021
745000,0.008,0.983,0.008
745500,0.008,0.979,0.012
746000,0.008,0.967,0.025
746500,0.008,0.992,0.000
747000,0.008,0.959,0.033
747500,0.008,0.971,0.021
748000,0.012,0.971,0.017
748500,0.008,0.983,0.008
749000,0.008,0.983,0.008
749500,0.008,0.988,0.004
750000,0.008,0.992,0.000
750500,0.008,0.979,0.012
751000,0.017,0.983,0.000
751500,0.008,0.967,0.025
752000,0.008,0.992,0.000
752500,0.008,0.992,0.000
753000,0.008,0.992,0.000
753500,0.008,0.992,0.000
754000,0.008,0.988,0.004
754500,0.008,0.983,0.008
755000,0.021,0.955,0.025
755500,0.008,0.983,0.008
756000,0.008,0.979,0.012
756500,0.008,0.975,0.017
757000,0.008,0.992,0.000
757500,0.008,0.967,0.025
758000,0.008,0.992,0.000
758500,0.008,0.983,0.008
759000,0.008,0.975,0.017
759500,0.008,0.975,0.017
760000,0.021,0.942,0.037
760500,0.012,0.946,0.041
761000,0.008,0.992,0.000
761500,0.008,0.992,0.000
762000,0.008,0.971,0.021
762500,0.008,0.992,0.000
763000,0.008,0.992,0.000
763500,0.008,0.992,0.000
764000,0.008,0.992,0.000
764500,0.008,0.983,0.008
765000,0.008,0.983,0.008
765500,0.008,0.983,0.008
766000,0.008,0.988,0.004
766500,0.008,0.983,0.008
767000,0.012,0.967,0.021
767500,0.008,0.988,0.004
768000,0.008,0.975,0.017
768500,0.008,0.971,0.021
769000,0.008,0.979,0.012
769500,0.008,0.983,0.008
770000,0.008,0.988,0.004
770500,0.008,0.983,0.008
771000,0.008,0.988,0.004
771500,0.008,0.988,0.004
772000,0.008,0.979,0.012
772500,0.008,0.983,0.008
773000,0.008,0.979,0.012
773500,0.008,0.988,0.004
774000,0.008,0.967,0.025
774500,0.008,0.975,0.017
775000,0.008,0.959,0.033
775500,0.008,0.963,0.029
776000,0.008,0.975,0.017
776500,0.008,0.992,0.000
777000,0.008,0.992,0.000
777500,0.008,0.975,0.017
778000,0.008,0.975,0.017
778500,0.008,0.979,0.012
779000,0.008,0.971,0.021
779500,0.012,0.942,0.045
780000,0.012,0.946,0.041
780500,0.008,0.946,0.045
781000,0.008,0.975,0.017
781500,0.012,0.975,0.012
782000,0.012,0.963,0.025
782500,0.008,0.963,0.029
783000,0.008,0.963,0.029
783500,0.008,0.979,0.012
784000,0.008,0.983,0.008
784500,0.012,0.950,0.037
785000,0.008,0.992,0.000
785500,0.008,0.983,0.008
786000,0.008,0.979,0.012
786500,0.008,0.975,0.017
787000,0.008,0.992,0.000
787500,0.008,0.988,0.004
788000,0.008,0.971,0.021
788500,0.008,0.988,0.004
789000,0.008,0.979,0.012
789500,0.008,0.983,0.008
790000,0.008,0.975,0.017
790500,0.017,0.971,0.012
791000,0.012,0.979,0.008
791500,0.008,0.963,0.029
792000,0.008,0.983,0.008
792500,0.017,0.967,0.017
793000,0.008,0.979,0.012
793500,0.008,0.979,0.012
794000,0.008,0.975,0.017
794500,0.021,0.967,0.012
795000,0.008,0.988,0.004
795500,0.008,0.983,0.008
796000,0.012,0.971,0.017
796500,0.008,0.988,0.004
797000,0.008,0.988,0.004
797500,0.008,0.988,0.004
798000,0.008,0.979,0.012
798500,0.008,0.975,0.017
799000,0.008,0.988,0.004
799500,0.008,0.942,0.050
800000,0.008,0.979,0.012
800500,0.008,0.979,0.012
801000,0.008,0.959,0.033
801500,0.008,0.988,0.004
802000,0.008,0.988,0.004
802500,0.021,0.959,0.021
803000,0.012,0.983,0.004
803500,0.008,0.983,0.008
804000,0.008,0.975,0.017
804500,0.008,0.967,0.025
805000,0.008,0.979,0.012
805500,0.017,0.971,0.012
806000,0.008,0.983,0.008
806500,0.008,0.988,0.004
807000,0.008,0.983,0.008
807500,0.008,0.992,0.000
808000,0.008,0.988,0.004
808500,0.008,0.967,0.025
809000,0.008,0.979,0.012
809500,0.008,0.983,0.008
810000,0.008,0.992,0.000
810500,0.008,0.979,0.012
811000,0.017,0.971,0.012
811500,0.025,0.959,0.017
812000,0.025,0.946,0.029
812500,0.021,0.946,0.033
813000,0.008,0.967,0.025
813500,0.021,0.967,0.012
814000,0.008,0.983,0.008
814500,0.008,0.975,0.017
815000,0.008,0.983,0.008
815500,0.008,0.971,0.021
816000,0.008,0.992,0.000
816500,0.008,0.983,0.008
817000,0.008,0.988,0.004
817500,0.008,0.983,0.008
818000,0.008,0.979,0.012
818500,0.017,0.979,0.004
819000,0.008,0.975,0.017
819500,0.008,0.950,0.041
820000,0.008,0.988,0.004
820500,0.008,0.992,0.000
821000,0.008,0.979,0.012
821500,0.008,0.992,0.000
822000,0.008,0.975,0.017
822500,0.008,0.983,0.008
823000,0.008,0.988,0.004
823500,0.012,0.967,0.021
824000,0.012,0.946,0.041
824500,0.008,0.963,0.029
825000,0.008,0.983,0.008
825500,0.008,0.967,0.025
826000,0.017,0.942,0.041
826500,0.008,0.967,0.025
827000,0.008,0.988,0.004
827500,0.008,0.975,0.017
828000,0.008,0.983,0.008
828500,0.008,0.988,0.004
829000,0.008,0.992,0.000
829500,0.008,0.988,0.004
830000,0.008,0.988,0.004
830500,0.017,0.979,0.004
831000,0.021,0.955,0.025
831500,0.008,0.975,0.017
832000,0.008,0.983,0.008
832500,0.008,0.983,0.008
833000,0.008,0.983,0.008
833500,0.008,0.983,0.008
834000,0.008,0.975,0.017
834500,0.008,0.983,0.008
835000,0.008,0.975,0.017
835500,0.008,0.975,0.017
836000,0.008,0.988,0.004
836500,0.008,0.979,0.012
837000,0.008,0.992,0.000
837500,0.008,0.988,0.004
838000,0.008,0.983,0.008
838500,0.008,0.988,0.004
839000,0.008,0.992,0.000
839500,0.025,0.967,0.008
840000,0.008,0.988,0.004
840500,0.008,0.992,0.000
841000,0.008,0.992,0.000
841500,0.012,0.983,0.004
842000,0.008,0.975,0.017
842500,0.008,0.955,0.037
843000,0.008,0.983,0.008
843500,0.008,0.992,0.000
844000,0.008,0.975,0.017
844500,0.008,0.975,0.017
845000,0.008,0.992,0.000
845500,0.008,0.983,0.008
846000,0.008,0.988,0.004
846500,0.008,0.975,0.017
847000,0.008,0.979,0.012
847500,0.008,0.988,0.004
848000,0.008,0.992,0.000
848500,0.017,0.967,0.017
849000,0.008,0.988,0.004
849500,0.008,0.979,0.012
850000,0.008,0.979,0.012
850500,0.008,0.967,0.025
851000,0.008,0.988,0.004
851500,0.008,0.979,0.012
852000,0.008,0.979,0.012
852500,0.008,0.975,0.017
853000,0.008,0.963,0.029
853500,0.008,0.983,0.008
854000,0.008,0.979,0.012
854500,0.008,0.979,0.012
855000,0.008,0.975,0.017
855500,0.012,0.971,0.017
856000,0.008,0.975,0.017
856500,0.025,0.955,0.021
857000,0.012,0.971,0.017
857500,0.008,0.992,0.000
858000,0.008,0.967,0.025
858500,0.012,0.975,0.012
859000,0.008,0.971,0.021
859500,0.008,0.942,0.050
860000,0.012,0.967,0.021
860500,0.012,0.959,0.029
861000,0.008,0.988,0.004
861500,0.017,0.955,0.029
862000,0.008,0.983,0.008
862500,0.008,0.988,0.004
863000,0.025,0.971,0.004
863500,0.012,0.975,0.012
864000,0.008,0.992,0.000
864500,0.008,0.979,0.012
865000,0.008,0.992,0.000
865500,0.008,0.975,0.017
866000,0.008,0.988,0.004
866500,0.008,0.988,0.004
867000,0.008,0.971,0.021
867500,0.008,0.988,0.004
868000,0.017,0.963,0.021
868500,0.012,0.979,0.008
869000,0.008,0.992,0.000
869500,0.012,0.979,0.008
870000,0.008,0.988,0.004
870500,0.008,0.992,0.000
871000,0.008,0.992,0.000
871500,0.008,0.983,0.008
872000,0.008,0.983,0.008
872500,0.008,0.971,0.021
873000,0.012,0.963,0.025
873500,0.012,0.946,0.041
874000,0.008,0.988,0.004
874500,0.017,0.963,0.021
875000,0.008,0.983,0.008
875500,0.008,0.983,0.008
876000,0.008,0.983,0.008
876500,0.008,0.983,0.008
877000,0.012,0.967,0.021
877500,0.012,0.979,0.008
878000,0.008,0.983,0.008
878500,0.008,0.988,0.004
879000,0.008,0.979,0.012
879500,0.008,0.971,0.021
880000,0.008,0.983,0.008
880500,0.008,0.983,0.008
881000,0.008,0.988,0.004
881500,0.008,0.955,0.037
882000,0.008,0.988,0.004
882500,0.008,0.992,0.000
883000,0.017,0.938,0.045
883500,0.012,0.938,0.050
884000,0.021,0.963,0.017
884500,0.029,0.955,0.017
885000,0.012,0.971,0.017
885500,0.008,0.963,0.029
886000,0.008,0.983,0.008
886500,0.008,0.983,0.008
887000,0.008,0.979,0.012
887500,0.008,0.988,0.004
888000,0.008,0.975,0.017
888500,0.012,0.983,0.004
889000,0.008,0.979,0.012
889500,0.008,0.988,0.004
890000,0.008,0.992,0.000
890500,0.008,0.975,0.017
891000,0.008,0.971,0.021
891500,0.008,0.979,0.012
892000,0.008,0.992,0.000
892500,0.008,0.979,0.012
893000,0.012,0.955,0.033
893500,0.012,0.942,0.045
894000,0.025,0.963,0.012
894500,0.008,0.963,0.029
895000,0.008,0.983,0.008
895500,0.008,0.971,0.021
896000,0.008,0.959,0.033
896500,0.008,0.983,0.008
897000,0.008,0.983,0.008
897500,0.008,0.992,0.000
898000,0.008,0.983,0.008
898500,0.008,0.992,0.000
899000,0.008,0.975,0.017
899500,0.008,0.983,0.008
900000,0.008,0.983,0.008
900500,0.008,0.983,0.008
901000,0.008,0.979,0.012
901500,0.017,0.971,0.012
902000,0.012,0.988,0.000
902500,0.008,0.971,0.021
903000,0.017,0.967,0.017
903500,0.012,0.963,0.025
904000,0.008,0.971,0.021
904500,0.008,0.975,0.017
905000,0.008,0.979,0.012
905500,0.008,0.975,0.017
906000,0.008,0.992,0.000
906500,0.008,0.983,0.008
907000,0.008,0.967,0.025
907500,0.008,0.979,0.012
908000,0.012,0.979,0.008
908500,0.008,0.975,0.017
909000,0.008,0.988,0.004
909500,0.008,0.983,0.008
910000,0.008,0.979,0.012
910500,0.008,0.979,0.012
911000,0.008,0.975,0.017
911500,0.008,0.971,0.021
912000,0.008,0.983,0.008
912500,0.012,0.975,0.012
913000,0.012,0.950,0.037
913500,0.008,0.950,0.041
914000,0.008,0.975,0.017
914500,0.008,0.992,0.000
915000,0.008,0.992,0.000
915500,0.008,0.983,0.008
916000,0.041,0.921,0.037
916500,0.021,0.950,0.029
917000,0.008,0.983,0.008
917500,0.008,0.975,0.017
918000,0.017,0.963,0.021
918500,0.008,0.992,0.000
919000,0.008,0.992,0.000
919500,0.008,0.988,0.004
920000,0.008,0.983,0.008
920500,0.008,0.983,0.008
921000,0.008,0.979,0.012
921500,0.008,0.983,0.008
922000,0.025,0.959,0.017
922500,0.008,0.988,0.004
923000,0.017,0.967,0.017
923500,0.008,0.967,0.025
924000,0.008,0.975,0.017
924500,0.012,0.979,0.008
925000,0.008,0.988,0.004
925500,0.008,0.979,0.012
926000,0.008,0.983,0.008
926500,0.008,0.979,0.012
927000,0.012,0.959,0.029
927500,0.008,0.967,0.025
928000,0.012,0.971,0.017
928500,0.008,0.979,0.012
929000,0.008,0.988,0.004
929500,0.008,0.979,0.012
930000,0.008,0.983,0.008
930500,0.008,0.992,0.000
931000,0.008,0.963,0.029
931500,0.012,0.959,0.029
932000,0.008,0.992,0.000
932500,0.008,0.988,0.004
933000,0.008,0.979,0.012
933500,0.012,0.963,0.025
934000,0.012,0.963,0.025
934500,0.012,0.975,0.012
935000,0.008,0.971,0.021
935500,0.008,0.975,0.017
936000,0.008,0.979,0.012
936500,0.008,0.963,0.029
937000,0.008,0.971,0.021
937500,0.012,0.979,0.008
938000,0.012,0.975,0.012
938500,0.008,0.975,0.017
939000,0.008,0.983,0.008
939500,0.008,0.988,0.004
940000,0.021,0.967,0.012
940500,0.017,0.934,0.050
941000,0.008,0.967,0.025
941500,0.008,0.988,0.004
942000,0.008,0.971,0.021
942500,0.008,0.988,0.004
943000,0.008,0.979,0.012
943500,0.008,0.983,0.008
944000,0.008,0.983,0.008
944500,0.008,0.971,0.021
945000,0.008,0.988,0.004
945500,0.008,0.988,0.004
946000,0.008,0.988,0.004
946500,0.021,0.963,0.017
947000,0.008,0.979,0.012
947500,0.008,0.979,0.012
948000,0.008,0.992,0.000
948500,0.008,0.983,0.008
949000,0.008,0.992,0.000
949500,0.008,0.983,0.008
950000,0.008,0.983,0.008
950500,0.008,0.988,0.004
951000,0.008,0.992,0.000
951500,0.008,0.988,0.004
952000,0.008,0.988,0.004
952500,0.008,0.988,0.004
953000,0.008,0.983,0.008
953500,0.008,0.983,0.008
954000,0.017,0.971,0.012
954500,0.008,0.983,0.008
955000,0.008,0.975,0.017
955500,0.008,0.979,0.012
956000,0.008,0.983,0.008
956500,0.008,0.975,0.017
957000,0.008,0.975,0.017
957500,0.008,0.992,0.000
958000,0.008,0.975,0.017
958500,0.008,0.979,0.012
959000,0.008,0.988,0.004
959500,0.008,0.979,0.012
960000,0.008,0.988,0.004
960500,0.008,0.992,0.000
961000,0.021,0.959,0.021
961500,0.008,0.967,0.025
962000,0.008,0.988,0.004
962500,0.021,0.975,0.004
963000,0.008,0.983,0.008
963500,0.008,0.971,0.021
964000,0.008,0.988,0.004
964500,0.008,0.988,0.004
965000,0.012,0.975,0.012
965500,0.008,0.983,0.008
966000,0.008,0.988,0.004
966500,0.008,0.988,0.004
967000,0.008,0.979,0.012
967500,0.008,0.992,0.000
968000,0.008,0.992,0.000
968500,0.008,0.988,0.004
969000,0.008,0.983,0.008
969500,0.008,0.979,0.012
970000,0.008,0.992,0.000
970500,0.008,0.988,0.004
971000,0.008,0.959,0.033
971500,0.008,0.983,0.008
972000,0.008,0.971,0.021
972500,0.012,0.955,0.033
973000,0.008,0.963,0.029
973500,0.012,0.963,0.025
974000,0.008,0.979,0.012
974500,0.008,0.983,0.008
975000,0.008,0.992,0.000
975500,0.008,0.983,0.008
976000,0.012,0.959,0.029
976500,0.008,0.963,0.029
977000,0.033,0.926,0.041
977500,0.012,0.967,0.021
978000,0.017,0.967,0.017
978500,0.008,0.971,0.021
979000,0.008,0.988,0.004
979500,0.012,0.959,0.029
980000,0.008,0.988,0.004
980500,0.008,0.988,0.004
981000,0.008,0.983,0.008
981500,0.008,0.975,0.017
982000,0.008,0.979,0.012
982500,0.017,0.975,0.008
983000,0.012,0.983,0.004
983500,0.008,0.988,0.004
984000,0.008,0.971,0.021
984500,0.008,0.988,0.004
985000,0.008,0.988,0.004
985500,0.008,0.983,0.008
986000,0.008,0.979,0.012
986500,0.021,0.967,0.012
987000,0.008,0.988,0.004
987500,0.008,0.983,0.008
988000,0.008,0.992,0.000
988500,0.008,0.992,0.000
989000,0.008,0.988,0.004
989500,0.008,0.988,0.004
990000,0.008,0.988,0.004
990500,0.008,0.975,0.017
991000,0.017,0.959,0.025
991500,0.008,0.971,0.021
992000,0.008,0.992,0.000
992500,0.021,0.979,0.000
993000,0.008,0.963,0.029
993500,0.012,0.946,0.041
994000,0.008,0.992,0.000
994500,0.008,0.967,0.025
995000,0.017,0.942,0.041
995500,0.021,0.950,0.029
996000,0.012,0.967,0.021
996500,0.008,0.983,0.008
997000,0.008,0.979,0.012
997500,0.012,0.975,0.012
998000,0.008,0.992,0.000
998500,0.008,0.979,0.012
999000,0.037,0.930,0.033
999500,0.008,0.975,0.017
1000000,0.008,0.971,0.021
