time,n_A+p,n_B,n_AB
500,0.030,0.191,0.779
1000,0.174,0.000,0.826
1500,0.363,0.000,0.637
2000,0.199,0.000,0.801
2500,0.271,0.000,0.729
3000,0.283,0.000,0.717
3500,0.353,0.000,0.647
4000,0.395,0.000,0.605
4500,0.361,0.000,0.639
5000,0.276,0.000,0.724
5500,0.356,0.000,0.644
6000,0.288,0.000,0.712
6500,0.283,0.000,0.717
7000,0.369,0.000,0.631
7500,0.262,0.000,0.738
8000,0.366,0.000,0.634
8500,0.230,0.000,0.770
9000,0.277,0.000,0.723
9500,0.304,0.000,0.696
10000,0.407,0.000,0.593
10500,0.368,0.000,0.632
11000,0.421,0.000,0.579
11500,0.408,0.000,0.592
12000,0.354,0.000,0.646
12500,0.370,0.000,0.630
13000,0.268,0.000,0.732
13500,0.177,0.000,0.823
14000,0.285,0.000,0.715
14500,0.322,0.000,0.678
15000,0.300,0.000,0.700
15500,0.234,0.000,0.766
16000,0.328,0.000,0.672
16500,0.289,0.000,0.711
17000,0.473,0.000,0.527
17500,0.244,0.000,0.756
18000,0.260,0.000,0.740
18500,0.249,0.000,0.751
19000,0.299,0.000,0.701
19500,0.329,0.000,0.671
20000,0.347,0.000,0.653
20500,0.705,0.000,0.295
21000,0.528,0.000,0.472
21500,0.331,0.000,0.669
22000,0.239,0.000,0.761
22500,0.304,0.000,0.696
23000,0.341,0.000,0.659
23500,0.329,0.000,0.671
24000,0.348,0.000,0.652
24500,0.396,0.000,0.604
25000,0.380,0.000,0.620
25500,0.399,0.000,0.601
26000,0.521,0.000,0.479
26500,0.348,0.000,0.652
27000,0.365,0.000,0.635
27500,0.519,0.000,0.481
28000,0.346,0.000,0.654
28500,0.435,0.000,0.565
29000,0.339,0.000,0.661
29500,0.243,0.000,0.757
30000,0.204,0.000,0.796
30500,0.351,0.000,0.649
31000,0.461,0.000,0.539
31500,0.287,0.000,0.713
32000,0.375,0.000,0.625
32500,0.392,0.000,0.608
33000,0.349,0.000,0.651
33500,0.241,0.000,0.759
34000,0.393,0.000,0.607
34500,0.306,0.000,0.694
35000,0.324,0.000,0.676
35500,0.240,0.000,0.760
36000,0.267,0.000,0.733
36500,0.271,0.000,0.729
37000,0.412,0.000,0.588
37500,0.450,0.000,0.550
38000,0.505,0.000,0.495
38500,0.478,0.000,0.522
39000,0.394,0.000,0.606
39500,0.334,0.000,0.666
40000,0.192,0.000,0.808
40500,0.384,0.000,0.616
41000,0.446,0.000,0.554
41500,0.314,0.000,0.686
42000,0.228,0.000,0.772
42500,0.279,0.000,0.721
43000,0.296,0.000,0.704
43500,0.330,0.000,0.670
44000,0.232,0.000,0.768
44500,0.374,0.000,0.626
45000,0.322,0.000,0.678
45500,0.408,0.000,0.592
46000,0.411,0.000,0.589
46500,0.381,0.000,0.619
47000,0.450,0.000,0.550
47500,0.335,0.000,0.665
48000,0.203,0.000,0.797
48500,0.397,0.000,0.603
49000,0.367,0.000,0.633
49500,0.358,0.000,0.642
50000,0.481,0.000,0.519
50500,0.287,0.000,0.713
51000,0.382,0.000,0.618
51500,0.300,0.000,0.700
52000,0.268,0.000,0.732
52500,0.316,0.000,0.684
53000,0.429,0.000,0.571
53500,0.429,0.000,0.571
54000,0.373,0.000,0.627
54500,0.394,0.000,0.606
55000,0.182,0.000,0.818
55500,0.423,0.000,0.577
56000,0.344,0.000,0.656
56500,0.312,0.000,0.688
57000,0.396,0.000,0.604
57500,0.523,0.000,0.477
58000,0.257,0.000,0.743
58500,0.227,0.000,0.773
59000,0.275,0.000,0.725
59500,0.427,0.000,0.573
60000,0.290,0.000,0.710
60500,0.211,0.000,0.789
61000,0.311,0.000,0.689
61500,0.466,0.000,0.534
62000,0.284,0.000,0.716
62500,0.466,0.000,0.534
63000,0.250,0.000,0.750
63500,0.268,0.000,0.732
64000,0.362,0.000,0.638
64500,0.347,0.000,0.653
65000,0.273,0.000,0.727
65500,0.241,0.000,0.759
66000,0.242,0.000,0.758
66500,0.315,0.000,0.685
67000,0.295,0.000,0.705
67500,0.313,0.000,0.687
68000,0.458,0.000,0.542
68500,0.404,0.000,0.596
69000,0.261,0.000,0.739
69500,0.315,0.000,0.685
70000,0.278,0.000,0.722
70500,0.269,0.000,0.731
71000,0.235,0.000,0.765
71500,0.407,0.000,0.593
72000,0.414,0.000,0.586
72500,0.255,0.000,0.745
73000,0.224,0.000,0.776
73500,0.243,0.000,0.757
74000,0.312,0.000,0.688
74500,0.245,0.000,0.755
75000,0.334,0.000,0.666
75500,0.341,0.000,0.659
76000,0.398,0.000,0.602
76500,0.335,0.000,0.665
77000,0.303,0.000,0.697
77500,0.304,0.000,0.696
78000,0.352,0.000,0.648
78500,0.316,0.000,0.684
79000,0.535,0.000,0.465
79500,0.369,0.000,0.631
80000,0.357,0.000,0.643
80500,0.314,0.000,0.686
81000,0.363,0.000,0.637
81500,0.338,0.000,0.662
82000,0.302,0.000,0.698
82500,0.193,0.000,0.807
83000,0.341,0.000,0.659
83500,0.324,0.000,0.676
84000,0.220,0.000,0.780
84500,0.387,0.000,0.613
85000,0.296,0.000,0.704
85500,0.287,0.000,0.713
86000,0.325,0.000,0.675
86500,0.402,0.000,0.598
87000,0.241,0.000,0.759
87500,0.383,0.000,0.617
88000,0.233,0.000,0.767
88500,0.224,0.000,0.776
89000,0.294,0.000,0.706
89500,0.463,0.000,0.537
90000,0.365,0.000,0.635
90500,0.344,0.000,0.656
91000,0.354,0.000,0.646
91500,0.347,0.000,0.653
92000,0.214,0.000,0.786
92500,0.307,0.000,0.693
93000,0.385,0.000,0.615
93500,0.388,0.000,0.612
94000,0.352,0.000,0.648
94500,0.383,0.000,0.617
95000,0.232,0.000,0.768
95500,0.410,0.000,0.590
96000,0.454,0.000,0.546
96500,0.399,0.000,0.601
97000,0.389,0.000,0.611
97500,0.370,0.000,0.630
98000,0.387,0.000,0.613
98500,0.349,0.000,0.651
99000,0.331,0.000,0.669
99500,0.288,0.000,0.712
100000,0.352,0.000,0.648
100500,0.310,0.000,0.690
101000,0.346,0.000,0.654
101500,0.439,0.000,0.561
102000,0.325,0.000,0.675
102500,0.320,0.000,0.680
103000,0.320,0.000,0.680
103500,0.260,0.000,0.740
104000,0.378,0.000,0.622
104500,0.390,0.000,0.610
105000,0.365,0.000,0.635
105500,0.377,0.000,0.623
106000,0.329,0.000,0.671
106500,0.401,0.000,0.599
107000,0.341,0.000,0.659
107500,0.327,0.000,0.673
108000,0.217,0.000,0.783
108500,0.336,0.000,0.664
109000,0.396,0.000,0.604
109500,0.234,0.000,0.766
110000,0.310,0.000,0.690
110500,0.314,0.000,0.686
111000,0.332,0.000,0.668
111500,0.442,0.000,0.558
112000,0.350,0.000,0.650
112500,0.559,0.000,0.441
113000,0.471,0.000,0.529
113500,0.453,0.000,0.547
114000,0.414,0.000,0.586
114500,0.376,0.000,0.624
115000,0.303,0.000,0.697
115500,0.237,0.000,0.763
116000,0.457,0.000,0.543
116500,0.439,0.000,0.561
117000,0.397,0.000,0.603
117500,0.403,0.000,0.597
118000,0.422,0.000,0.578
118500,0.420,0.000,0.580
119000,0.320,0.000,0.680
119500,0.188,0.000,0.812
120000,0.343,0.000,0.657
120500,0.296,0.000,0.704
121000,0.447,0.000,0.553
121500,0.385,0.000,0.615
122000,0.278,0.000,0.722
122500,0.302,0.000,0.698
123000,0.304,0.000,0.696
123500,0.212,0.000,0.788
124000,0.272,0.000,0.728
124500,0.298,0.000,0.702
125000,0.324,0.000,0.676
125500,0.313,0.000,0.687
126000,0.311,0.000,0.689
126500,0.308,0.000,0.692
127000,0.201,0.000,0.799
127500,0.316,0.000,0.684
128000,0.288,0.000,0.712
128500,0.474,0.000,0.526
129000,0.357,0.000,0.643
129500,0.303,0.000,0.697
130000,0.314,0.000,0.686
130500,0.379,0.000,0.621
131000,0.178,0.000,0.822
131500,0.295,0.000,0.705
132000,0.370,0.000,0.630
132500,0.555,0.000,0.445
133000,0.387,0.000,0.613
133500,0.267,0.000,0.733
134000,0.275,0.000,0.725
134500,0.394,0.000,0.606
135000,0.188,0.000,0.812
135500,0.272,0.000,0.728
136000,0.325,0.000,0.675
136500,0.249,0.000,0.751
137000,0.253,0.000,0.747
137500,0.280,0.000,0.720
138000,0.286,0.000,0.714
138500,0.298,0.000,0.702
139000,0.320,0.000,0.680
139500,0.405,0.000,0.595
140000,0.315,0.000,0.685
140500,0.159,0.000,0.841
141000,0.168,0.000,0.832
141500,0.323,0.000,0.677
142000,0.361,0.000,0.639
142500,0.307,0.000,0.693
143000,0.249,0.000,0.751
143500,0.237,0.000,0.763
144000,0.376,0.000,0.624
144500,0.378,0.000,0.622
145000,0.372,0.000,0.628
145500,0.351,0.000,0.649
146000,0.353,0.000,0.647
146500,0.414,0.000,0.586
147000,0.466,0.000,0.534
147500,0.459,0.000,0.541
148000,0.422,0.000,0.578
148500,0.246,0.000,0.754
149000,0.314,0.000,0.686
149500,0.313,0.000,0.687
150000,0.240,0.000,0.760
150500,0.335,0.000,0.665
151000,0.189,0.000,0.811
151500,0.265,0.000,0.735
152000,0.283,0.000,0.717
152500,0.338,0.000,0.662
153000,0.221,0.000,0.779
153500,0.182,0.000,0.818
154000,0.359,0.000,0.641
154500,0.218,0.000,0.782
155000,0.270,0.000,0.730
155500,0.234,0.000,0.766
156000,0.334,0.000,0.666
156500,0.186,0.000,0.814
157000,0.260,0.000,0.740
157500,0.212,0.000,0.788
158000,0.328,0.000,0.672
158500,0.368,0.000,0.632
159000,0.364,0.000,0.636
159500,0.301,0.000,0.699
160000,0.355,0.000,0.645
160500,0.407,0.000,0.593
161000,0.391,0.000,0.609
161500,0.412,0.000,0.588
162000,0.233,0.000,0.767
162500,0.409,0.000,0.591
163000,0.367,0.000,0.633
163500,0.433,0.000,0.567
164000,0.216,0.000,0.784
164500,0.497,0.000,0.503
165000,0.380,0.000,0.620
165500,0.315,0.000,0.685
166000,0.632,0.000,0.368
166500,0.237,0.000,0.763
167000,0.214,0.000,0.786
167500,0.332,0.000,0.668
168000,0.289,0.000,0.711
168500,0.197,0.000,0.803
169000,0.272,0.000,0.728
169500,0.338,0.000,0.662
170000,0.254,0.000,0.746
170500,0.366,0.000,0.634
171000,0.381,0.000,0.619
171500,0.361,0.000,0.639
172000,0.331,0.000,0.669
172500,0.252,0.000,0.748
173000,0.308,0.000,0.692
173500,0.382,0.000,0.618
174000,0.321,0.000,0.679
174500,0.348,0.000,0.652
175000,0.294,0.000,0.706
175500,0.373,0.000,0.627
176000,0.303,0.000,0.697
176500,0.237,0.000,0.763
177000,0.367,0.000,0.633
177500,0.338,0.000,0.662
178000,0.420,0.000,0.580
178500,0.481,0.000,0.519
179000,0.369,0.000,0.631
179500,0.439,0.000,0.561
180000,0.389,0.000,0.611
180500,0.401,0.000,0.599
181000,0.386,0.000,0.614
181500,0.313,0.000,0.687
182000,0.313,0.000,0.687
182500,0.309,0.000,0.691
183000,0.232,0.000,0.768
183500,0.396,0.000,0.604
184000,0.363,0.000,0.637
184500,0.314,0.000,0.686
185000,0.357,0.000,0.643
185500,0.439,0.000,0.561
186000,0.412,0.000,0.588
186500,0.228,0.000,0.772
187000,0.351,0.000,0.649
187500,0.315,0.000,0.685
188000,0.283,0.000,0.717
188500,0.347,0.000,0.653
189000,0.439,0.000,0.561
189500,0.326,0.000,0.674
190000,0.431,0.000,0.569
190500,0.346,0.000,0.654
191000,0.321,0.000,0.679
191500,0.244,0.000,0.756
192000,0.213,0.000,0.787
192500,0.248,0.000,0.752
193000,0.348,0.000,0.652
193500,0.276,0.000,0.724
194000,0.303,0.000,0.697
194500,0.366,0.000,0.634
195000,0.290,0.000,0.710
195500,0.351,0.000,0.649
196000,0.344,0.000,0.656
196500,0.352,0.000,0.648
197000,0.327,0.000,0.673
197500,0.224,0.000,0.776
198000,0.372,0.000,0.628
198500,0.366,0.000,0.634
199000,0.349,0.000,0.651
199500,0.234,0.000,0.766
200000,0.373,0.000,0.627
200500,0.314,0.000,0.686
201000,0.418,0.000,0.582
201500,0.254,0.000,0.746
202000,0.432,0.000,0.568
202500,0.286,0.000,0.714
203000,0.251,0.000,0.749
203500,0.287,0.000,0.713
204000,0.386,0.000,0.614
204500,0.481,0.000,0.519
205000,0.455,0.000,0.545
205500,0.292,0.000,0.708
206000,0.425,0.000,0.575
206500,0.290,0.000,0.710
207000,0.395,0.000,0.605
207500,0.266,0.000,0.734
208000,0.369,0.000,0.631
208500,0.398,0.000,0.602
209000,0.371,0.000,0.629
209500,0.228,0.000,0.772
210000,0.268,0.000,0.732
210500,0.344,0.000,0.656
211000,0.427,0.000,0.573
211500,0.225,0.000,0.775
212000,0.399,0.000,0.601
212500,0.331,0.000,0.669
213000,0.264,0.000,0.736
213500,0.270,0.000,0.730
214000,0.219,0.000,0.781
214500,0.316,0.000,0.684
215000,0.211,0.000,0.789
215500,0.251,0.000,0.749
216000,0.293,0.000,0.707
216500,0.251,0.000,0.749
217000,0.393,0.000,0.607
217500,0.249,0.000,0.751
218000,0.284,0.000,0.716
218500,0.241,0.000,0.759
219000,0.265,0.000,0.735
219500,0.183,0.009,0.808
220000,0.441,0.000,0.559
220500,0.317,0.000,0.683
221000,0.354,0.000,0.646
221500,0.198,0.000,0.802
222000,0.285,0.000,0.715
222500,0.344,0.000,0.656
223000,0.287,0.000,0.713
223500,0.281,0.000,0.719
224000,0.244,0.000,0.756
224500,0.281,0.000,0.719
225000,0.332,0.000,0.668
225500,0.412,0.000,0.588
226000,0.585,0.000,0.415
226500,0.346,0.000,0.654
227000,0.392,0.000,0.608
227500,0.278,0.000,0.722
228000,0.224,0.000,0.776
228500,0.280,0.000,0.720
229000,0.304,0.000,0.696
229500,0.320,0.000,0.680
230000,0.300,0.000,0.700
230500,0.411,0.000,0.589
231000,0.260,0.000,0.740
231500,0.373,0.000,0.627
232000,0.372,0.000,0.628
232500,0.426,0.000,0.574
233000,0.369,0.000,0.631
233500,0.227,0.000,0.773
234000,0.395,0.000,0.605
234500,0.173,0.000,0.827
235000,0.417,0.000,0.583
235500,0.513,0.000,0.487
236000,0.421,0.000,0.579
236500,0.312,0.000,0.688
237000,0.466,0.000,0.534
237500,0.184,0.000,0.816
238000,0.547,0.000,0.453
238500,0.334,0.000,0.666
239000,0.337,0.000,0.663
239500,0.286,0.000,0.714
240000,0.304,0.000,0.696
240500,0.352,0.000,0.648
241000,0.332,0.000,0.668
241500,0.424,0.000,0.576
242000,0.376,0.000,0.624
242500,0.339,0.000,0.661
243000,0.247,0.000,0.753
243500,0.426,0.000,0.574
244000,0.227,0.000,0.773
244500,0.295,0.000,0.705
245000,0.370,0.000,0.630
245500,0.407,0.000,0.593
246000,0.412,0.000,0.588
246500,0.351,0.000,0.649
247000,0.349,0.000,0.651
247500,0.421,0.000,0.579
248000,0.325,0.000,0.675
248500,0.448,0.000,0.552
249000,0.292,0.000,0.708
249500,0.326,0.000,0.674
250000,0.391,0.000,0.609
250500,0.387,0.000,0.613
251000,0.285,0.000,0.715
251500,0.307,0.000,0.693
252000,0.235,0.000,0.765
252500,0.263,0.000,0.737
253000,0.268,0.000,0.732
253500,0.338,0.000,0.662
254000,0.464,0.000,0.536
254500,0.333,0.000,0.667
255000,0.270,0.000,0.730
255500,0.309,0.000,0.691
256000,0.339,0.000,0.661
256500,0.351,0.000,0.649
257000,0.379,0.000,0.621
257500,0.471,0.000,0.529
258000,0.491,0.000,0.509
258500,0.276,0.000,0.724
259000,0.400,0.000,0.600
259500,0.202,0.000,0.798
260000,0.290,0.000,0.710
260500,0.388,0.000,0.612
261000,0.221,0.000,0.779
261500,0.227,0.000,0.773
262000,0.328,0.000,0.672
262500,0.373,0.000,0.627
263000,0.227,0.000,0.773
263500,0.330,0.000,0.670
264000,0.379,0.000,0.621
264500,0.411,0.000,0.589
265000,0.341,0.000,0.659
265500,0.311,0.000,0.689
266000,0.425,0.000,0.575
266500,0.300,0.000,0.700
267000,0.349,0.000,0.651
267500,0.354,0.000,0.646
268000,0.420,0.000,0.580
268500,0.390,0.000,0.610
269000,0.326,0.000,0.674
269500,0.395,0.000,0.605
270000,0.273,0.000,0.727
270500,0.429,0.000,0.571
271000,0.263,0.000,0.737
271500,0.382,0.000,0.618
272000,0.247,0.000,0.753
272500,0.287,0.000,0.713
273000,0.276,0.000,0.724
273500,0.274,0.000,0.726
274000,0.345,0.000,0.655
274500,0.419,0.000,0.581
275000,0.239,0.000,0.761
275500,0.194,0.000,0.806
276000,0.394,0.000,0.606
276500,0.271,0.000,0.729
277000,0.315,0.000,0.685
277500,0.262,0.000,0.738
278000,0.280,0.000,0.720
278500,0.321,0.000,0.679
279000,0.220,0.000,0.780
279500,0.269,0.000,0.731
280000,0.253,0.000,0.747
280500,0.418,0.000,0.582
281000,0.370,0.000,0.630
281500,0.328,0.000,0.672
282000,0.263,0.000,0.737
282500,0.319,0.000,0.681
283000,0.492,0.000,0.508
283500,0.274,0.000,0.726
284000,0.293,0.000,0.707
284500,0.425,0.000,0.575
285000,0.217,0.000,0.783
285500,0.329,0.000,0.671
286000,0.439,0.000,0.561
286500,0.261,0.000,0.739
287000,0.615,0.000,0.385
287500,0.321,0.000,0.679
288000,0.262,0.000,0.738
288500,0.399,0.000,0.601
289000,0.233,0.000,0.767
289500,0.395,0.000,0.605
290000,0.305,0.000,0.695
290500,0.376,0.000,0.624
291000,0.326,0.000,0.674
291500,0.341,0.000,0.659
292000,0.506,0.000,0.494
292500,0.387,0.000,0.613
293000,0.395,0.000,0.605
293500,0.422,0.000,0.578
294000,0.519,0.000,0.481
294500,0.418,0.000,0.582
295000,0.346,0.000,0.654
295500,0.318,0.000,0.682
296000,0.295,0.000,0.705
296500,0.311,0.000,0.689
297000,0.234,0.000,0.766
297500,0.325,0.000,0.675
298000,0.306,0.000,0.694
298500,0.467,0.000,0.533
299000,0.554,0.000,0.446
299500,0.346,0.000,0.654
300000,0.387,0.000,0.613
300500,0.403,0.000,0.597
301000,0.380,0.000,0.620
301500,0.285,0.000,0.715
302000,0.429,0.000,0.571
302500,0.401,0.000,0.599
303000,0.328,0.000,0.672
303500,0.194,0.000,0.806
304000,0.371,0.000,0.629
304500,0.472,0.000,0.528
305000,0.299,0.000,0.701
305500,0.390,0.000,0.610
306000,0.338,0.000,0.662
306500,0.276,0.000,0.724
307000,0.299,0.000,0.701
307500,0.371,0.000,0.629
308000,0.446,0.000,0.554
308500,0.353,0.000,0.647
309000,0.379,0.000,0.621
309500,0.407,0.000,0.593
310000,0.374,0.000,0.626
310500,0.367,0.000,0.633
311000,0.389,0.000,0.611
311500,0.501,0.000,0.499
312000,0.403,0.000,0.597
312500,0.168,0.000,0.832
313000,0.154,0.000,0.846
313500,0.433,0.000,0.567
314000,0.343,0.000,0.657
314500,0.304,0.000,0.696
315000,0.368,0.000,0.632
315500,0.425,0.000,0.575
316000,0.342,0.000,0.658
316500,0.295,0.000,0.705
317000,0.237,0.000,0.763
317500,0.220,0.000,0.780
318000,0.366,0.000,0.634
318500,0.318,0.000,0.682
319000,0.338,0.000,0.662
319500,0.245,0.000,0.755
320000,0.409,0.000,0.591
320500,0.265,0.000,0.735
321000,0.355,0.000,0.645
321500,0.537,0.000,0.463
322000,0.463,0.000,0.537
322500,0.293,0.000,0.707
323000,0.337,0.000,0.663
323500,0.310,0.000,0.690
324000,0.296,0.000,0.704
324500,0.309,0.000,0.691
325000,0.369,0.000,0.631
325500,0.368,0.000,0.632
326000,0.228,0.000,0.772
326500,0.246,0.000,0.754
327000,0.294,0.000,0.706
327500,0.409,0.000,0.591
328000,0.366,0.000,0.634
328500,0.162,0.000,0.838
329000,0.370,0.000,0.630
329500,0.318,0.000,0.682
330000,0.439,0.000,0.561
330500,0.418,0.000,0.582
331000,0.380,0.000,0.620
331500,0.324,0.000,0.676
332000,0.425,0.000,0.575
332500,0.273,0.000,0.727
333000,0.344,0.000,0.656
333500,0.326,0.000,0.674
334000,0.325,0.000,0.675
334500,0.274,0.000,0.726
335000,0.416,0.000,0.584
335500,0.428,0.000,0.572
336000,0.284,0.000,0.716
336500,0.367,0.000,0.633
337000,0.286,0.000,0.714
337500,0.464,0.000,0.536
338000,0.356,0.000,0.644
338500,0.248,0.000,0.752
339000,0.349,0.000,0.651
339500,0.273,0.000,0.727
340000,0.296,0.000,0.704
340500,0.216,0.000,0.784
341000,0.272,0.000,0.728
341500,0.282,0.000,0.718
342000,0.365,0.000,0.635
342500,0.360,0.000,0.640
343000,0.375,0.000,0.625
343500,0.392,0.000,0.608
344000,0.381,0.000,0.619
344500,0.241,0.000,0.759
345000,0.202,0.000,0.798
345500,0.277,0.000,0.723
346000,0.294,0.000,0.706
346500,0.280,0.000,0.720
347000,0.397,0.000,0.603
347500,0.358,0.000,0.642
348000,0.289,0.000,0.711
348500,0.346,0.000,0.654
349000,0.215,0.000,0.785
349500,0.314,0.000,0.686
350000,0.439,0.000,0.561
350500,0.214,0.000,0.786
351000,0.171,0.000,0.829
351500,0.376,0.000,0.624
352000,0.448,0.000,0.552
352500,0.350,0.000,0.650
353000,0.338,0.000,0.662
353500,0.322,0.000,0.678
354000,0.248,0.000,0.752
354500,0.347,0.000,0.653
355000,0.331,0.000,0.669
355500,0.346,0.000,0.654
356000,0.361,0.000,0.639
356500,0.266,0.000,0.734
357000,0.296,0.000,0.704
357500,0.296,0.000,0.704
358000,0.309,0.000,0.691
358500,0.373,0.000,0.627
359000,0.256,0.000,0.744
359500,0.277,0.000,0.723
360000,0.292,0.000,0.708
360500,0.389,0.000,0.611
361000,0.349,0.000,0.651
361500,0.424,0.000,0.576
362000,0.360,0.000,0.640
362500,0.434,0.000,0.566
363000,0.412,0.000,0.588
363500,0.173,0.000,0.827
364000,0.370,0.000,0.630
364500,0.409,0.000,0.591
365000,0.304,0.000,0.696
365500,0.423,0.000,0.577
366000,0.358,0.000,0.642
366500,0.301,0.000,0.699
367000,0.361,0.000,0.639
367500,0.451,0.000,0.549
368000,0.357,0.000,0.643
368500,0.259,0.000,0.741
369000,0.249,0.000,0.751
369500,0.349,0.000,0.651
370000,0.395,0.000,0.605
370500,0.363,0.000,0.637
371000,0.258,0.000,0.742
371500,0.393,0.000,0.607
372000,0.457,0.000,0.543
372500,0.234,0.000,0.766
373000,0.475,0.000,0.525
373500,0.412,0.000,0.588
374000,0.378,0.000,0.622
374500,0.271,0.000,0.729
375000,0.305,0.000,0.695
375500,0.225,0.000,0.775
376000,0.320,0.000,0.680
376500,0.376,0.000,0.624
377000,0.476,0.000,0.524
377500,0.247,0.000,0.753
378000,0.381,0.000,0.619
378500,0.341,0.000,0.659
379000,0.420,0.000,0.580
379500,0.413,0.000,0.587
380000,0.383,0.000,0.617
380500,0.323,0.000,0.677
381000,0.507,0.000,0.493
381500,0.249,0.000,0.751
382000,0.284,0.000,0.716
382500,0.282,0.000,0.718
383000,0.465,0.000,0.535
383500,0.394,0.000,0.606
384000,0.403,0.000,0.597
384500,0.344,0.000,0.656
385000,0.349,0.000,0.651
385500,0.375,0.000,0.625
386000,0.352,0.000,0.648
386500,0.286,0.000,0.714
387000,0.339,0.000,0.661
387500,0.237,0.000,0.763
388000,0.424,0.000,0.576
388500,0.332,0.000,0.668
389000,0.258,0.000,0.742
389500,0.351,0.000,0.649
390000,0.351,0.000,0.649
390500,0.282,0.000,0.718
391000,0.321,0.000,0.679
391500,0.263,0.000,0.737
392000,0.250,0.000,0.750
392500,0.343,0.000,0.657
393000,0.253,0.000,0.747
393500,0.192,0.000,0.808
394000,0.332,0.000,0.668
394500,0.326,0.000,0.674
395000,0.379,0.000,0.621
395500,0.337,0.000,0.663
396000,0.325,0.000,0.675
396500,0.391,0.000,0.609
397000,0.292,0.000,0.708
397500,0.240,0.000,0.760
398000,0.359,0.000,0.641
398500,0.313,0.000,0.687
399000,0.368,0.000,0.632
399500,0.366,0.000,0.634
400000,0.321,0.000,0.679
400500,0.467,0.000,0.533
401000,0.234,0.000,0.766
401500,0.332,0.000,0.668
402000,0.245,0.000,0.755
402500,0.226,0.000,0.774
403000,0.371,0.000,0.629
403500,0.448,0.000,0.552
404000,0.280,0.000,0.720
404500,0.345,0.000,0.655
405000,0.470,0.000,0.530
405500,0.368,0.000,0.632
406000,0.293,0.000,0.707
406500,0.165,0.000,0.835
407000,0.432,0.000,0.568
407500,0.327,0.000,0.673
408000,0.228,0.000,0.772
408500,0.327,0.000,0.673
409000,0.244,0.000,0.756
409500,0.424,0.000,0.576
410000,0.322,0.000,0.678
410500,0.189,0.000,0.811
411000,0.549,0.000,0.451
411500,0.344,0.000,0.656
412000,0.344,0.000,0.656
412500,0.223,0.000,0.777
413000,0.423,0.000,0.577
413500,0.332,0.000,0.668
414000,0.302,0.000,0.698
414500,0.331,0.000,0.669
415000,0.247,0.000,0.753
415500,0.371,0.000,0.629
416000,0.592,0.000,0.408
416500,0.460,0.000,0.540
417000,0.441,0.000,0.559
417500,0.446,0.000,0.554
418000,0.216,0.000,0.784
418500,0.247,0.000,0.753
419000,0.247,0.000,0.753
419500,0.491,0.000,0.509
420000,0.332,0.000,0.668
420500,0.293,0.000,0.707
421000,0.348,0.000,0.652
421500,0.414,0.000,0.586
422000,0.280,0.000,0.720
422500,0.280,0.000,0.720
423000,0.374,0.000,0.626
423500,0.406,0.000,0.594
424000,0.251,0.000,0.749
424500,0.316,0.000,0.684
425000,0.219,0.000,0.781
425500,0.279,0.000,0.721
426000,0.592,0.000,0.408
426500,0.158,0.000,0.842
427000,0.524,0.000,0.476
427500,0.320,0.000,0.680
428000,0.289,0.000,0.711
428500,0.341,0.000,0.659
429000,0.377,0.000,0.623
429500,0.351,0.000,0.649
430000,0.424,0.000,0.576
430500,0.350,0.000,0.650
431000,0.458,0.000,0.542
431500,0.278,0.000,0.722
432000,0.331,0.000,0.669
432500,0.320,0.000,0.680
433000,0.253,0.000,0.747
433500,0.341,0.000,0.659
434000,0.224,0.000,0.776
434500,0.238,0.000,0.762
435000,0.351,0.000,0.649
435500,0.371,0.000,0.629
436000,0.515,0.000,0.485
436500,0.269,0.000,0.731
437000,0.225,0.000,0.775
437500,0.209,0.000,0.791
438000,0.315,0.000,0.685
438500,0.367,0.000,0.633
439000,0.372,0.000,0.628
439500,0.565,0.000,0.435
440000,0.378,0.000,0.622
440500,0.226,0.000,0.774
441000,0.264,0.000,0.736
441500,0.238,0.000,0.762
442000,0.160,0.000,0.840
442500,0.237,0.000,0.763
443000,0.367,0.000,0.633
443500,0.299,0.000,0.701
444000,0.495,0.000,0.505
444500,0.234,0.000,0.766
445000,0.205,0.000,0.795
445500,0.270,0.000,0.730
446000,0.310,0.000,0.690
446500,0.542,0.000,0.458
447000,0.365,0.000,0.635
447500,0.314,0.000,0.686
448000,0.356,0.000,0.644
448500,0.258,0.000,0.742
449000,0.353,0.000,0.647
449500,0.526,0.000,0.474
450000,0.329,0.000,0.671
450500,0.464,0.000,0.536
451000,0.304,0.000,0.696
451500,0.222,0.000,0.778
452000,0.284,0.000,0.716
452500,0.327,0.000,0.673
453000,0.471,0.000,0.529
453500,0.240,0.000,0.760
454000,0.314,0.000,0.686
454500,0.328,0.000,0.672
455000,0.440,0.000,0.560
455500,0.366,0.000,0.634
456000,0.353,0.000,0.647
456500,0.370,0.000,0.630
457000,0.286,0.000,0.714
457500,0.479,0.000,0.521
458000,0.255,0.000,0.745
458500,0.347,0.000,0.653
459000,0.342,0.000,0.658
459500,0.356,0.000,0.644
460000,0.355,0.000,0.645
460500,0.245,0.000,0.755
461000,0.530,0.000,0.470
461500,0.395,0.000,0.605
462000,0.328,0.000,0.672
462500,0.165,0.000,0.835
463000,0.221,0.000,0.779
463500,0.304,0.000,0.696
464000,0.231,0.000,0.769
464500,0.370,0.000,0.630
465000,0.310,0.000,0.690
465500,0.467,0.000,0.533
466000,0.433,0.000,0.567
466500,0.315,0.000,0.685
467000,0.348,0.000,0.652
467500,0.506,0.000,0.494
468000,0.433,0.000,0.567
468500,0.311,0.000,0.689
469000,0.402,0.000,0.598
469500,0.628,0.000,0.372
470000,0.380,0.000,0.620
470500,0.292,0.000,0.708
471000,0.269,0.000,0.731
471500,0.276,0.000,0.724
472000,0.280,0.000,0.720
472500,0.383,0.000,0.617
473000,0.394,0.000,0.606
473500,0.401,0.000,0.599
474000,0.375,0.000,0.625
474500,0.226,0.000,0.774
475000,0.336,0.000,0.664
475500,0.202,0.000,0.798
476000,0.269,0.000,0.731
476500,0.288,0.000,0.712
477000,0.528,0.000,0.472
477500,0.427,0.000,0.573
478000,0.605,0.000,0.395
478500,0.390,0.000,0.610
479000,0.271,0.000,0.729
479500,0.321,0.000,0.679
480000,0.200,0.000,0.800
480500,0.273,0.000,0.727
481000,0.358,0.000,0.642
481500,0.310,0.000,0.690
482000,0.460,0.000,0.540
482500,0.492,0.000,0.508
483000,0.387,0.000,0.613
483500,0.263,0.000,0.737
484000,0.372,0.000,0.628
484500,0.436,0.000,0.564
485000,0.404,0.000,0.596
485500,0.378,0.000,0.622
486000,0.190,0.000,0.810
486500,0.269,0.000,0.731
487000,0.343,0.000,0.657
487500,0.335,0.000,0.665
488000,0.290,0.000,0.710
488500,0.333,0.000,0.667
489000,0.439,0.000,0.561
489500,0.375,0.000,0.625
490000,0.345,0.000,0.655
490500,0.298,0.000,0.702
491000,0.344,0.000,0.656
491500,0.297,0.000,0.703
492000,0.417,0.000,0.583
492500,0.332,0.000,0.668
493000,0.287,0.000,0.713
493500,0.296,0.000,0.704
494000,0.341,0.000,0.659
494500,0.398,0.000,0.602
495000,0.433,0.000,0.567
495500,0.283,0.000,0.717
496000,0.350,0.000,0.650
496500,0.263,0.000,0.737
497000,0.218,0.000,0.782
497500,0.302,0.000,0.698
498000,0.298,0.000,0.702
498500,0.300,0.000,0.700
499000,0.367,0.000,0.633
499500,0.383,0.000,0.617
500000,0.357,0.000,0.643
500500,0.465,0.000,0.535
501000,0.313,0.000,0.687
501500,0.374,0.000,0.626
502000,0.232,0.000,0.768
502500,0.443,0.000,0.557
503000,0.331,0.000,0.669
503500,0.339,0.000,0.661
504000,0.346,0.000,0.654
504500,0.247,0.000,0.753
505000,0.305,0.000,0.695
505500,0.308,0.000,0.692
506000,0.365,0.000,0.635
506500,0.416,0.000,0.584
507000,0.372,0.000,0.628
507500,0.565,0.000,0.435
508000,0.263,0.000,0.737
508500,0.436,0.000,0.564
509000,0.373,0.000,0.627
509500,0.387,0.000,0.613
510000,0.316,0.000,0.684
510500,0.350,0.000,0.650
511000,0.268,0.000,0.732
511500,0.396,0.000,0.604
512000,0.370,0.000,0.630
512500,0.286,0.000,0.714
513000,0.330,0.000,0.670
513500,0.278,0.000,0.722
514000,0.287,0.000,0.713
514500,0.393,0.000,0.607
515000,0.404,0.000,0.596
515500,0.384,0.000,0.616
516000,0.418,0.000,0.582
516500,0.285,0.000,0.715
517000,0.384,0.000,0.616
517500,0.207,0.000,0.793
518000,0.389,0.000,0.611
518500,0.268,0.000,0.732
519000,0.466,0.000,0.534
519500,0.272,0.000,0.728
520000,0.341,0.000,0.659
520500,0.360,0.000,0.640
521000,0.335,0.000,0.665
521500,0.361,0.000,0.639
522000,0.425,0.000,0.575
522500,0.458,0.000,0.542
523000,0.266,0.000,0.734
523500,0.286,0.000,0.714
524000,0.435,0.000,0.565
524500,0.356,0.000,0.644
525000,0.162,0.000,0.838
525500,0.322,0.000,0.678
526000,0.526,0.000,0.474
526500,0.141,0.030,0.829
527000,0.330,0.000,0.670
527500,0.279,0.000,0.721
528000,0.342,0.000,0.658
528500,0.370,0.000,0.630
529000,0.244,0.000,0.756
529500,0.378,0.000,0.622
530000,0.298,0.000,0.702
530500,0.357,0.000,0.643
531000,0.456,0.000,0.544
531500,0.431,0.000,0.569
532000,0.336,0.000,0.664
532500,0.229,0.000,0.771
533000,0.411,0.000,0.589
533500,0.313,0.000,0.687
534000,0.317,0.000,0.683
534500,0.497,0.000,0.503
535000,0.312,0.000,0.688
535500,0.333,0.000,0.667
536000,0.376,0.000,0.624
536500,0.304,0.000,0.696
537000,0.364,0.000,0.636
537500,0.233,0.000,0.767
538000,0.291,0.000,0.709
538500,0.287,0.000,0.713
539000,0.252,0.000,0.748
539500,0.226,0.000,0.774
540000,0.342,0.000,0.658
540500,0.294,0.000,0.706
541000,0.330,0.000,0.670
541500,0.353,0.000,0.647
542000,0.272,0.000,0.728
542500,0.238,0.000,0.762
543000,0.484,0.000,0.516
543500,0.223,0.000,0.777
544000,0.312,0.000,0.688
544500,0.313,0.000,0.687
545000,0.320,0.000,0.680
545500,0.407,0.000,0.593
546000,0.265,0.000,0.735
546500,0.300,0.000,0.700
547000,0.373,0.000,0.627
547500,0.363,0.000,0.637
548000,0.217,0.000,0.783
548500,0.216,0.000,0.784
549000,0.370,0.000,0.630
549500,0.295,0.000,0.705
550000,0.363,0.000,0.637
550500,0.407,0.000,0.593
551000,0.546,0.000,0.454
551500,0.241,0.000,0.759
552000,0.484,0.000,0.516
552500,0.365,0.000,0.635
553000,0.242,0.000,0.758
553500,0.351,0.000,0.649
554000,0.340,0.000,0.660
554500,0.210,0.000,0.790
555000,0.316,0.000,0.684
555500,0.320,0.000,0.680
556000,0.453,0.000,0.547
556500,0.305,0.000,0.695
557000,0.375,0.000,0.625
557500,0.420,0.000,0.580
558000,0.364,0.000,0.636
558500,0.359,0.000,0.641
559000,0.314,0.000,0.686
559500,0.245,0.000,0.755
560000,0.261,0.000,0.739
560500,0.283,0.000,0.717
561000,0.351,0.000,0.649
561500,0.557,0.000,0.443
562000,0.334,0.000,0.666
562500,0.273,0.000,0.727
563000,0.221,0.000,0.779
563500,0.324,0.000,0.676
564000,0.454,0.000,0.546
564500,0.465,0.000,0.535
565000,0.309,0.000,0.691
565500,0.298,0.000,0.702
566000,0.351,0.000,0.649
566500,0.527,0.000,0.473
567000,0.415,0.000,0.585
567500,0.270,0.000,0.730
568000,0.262,0.000,0.738
568500,0.331,0.000,0.669
569000,0.264,0.000,0.736
569500,0.328,0.000,0.672
570000,0.313,0.000,0.687
570500,0.253,0.000,0.747
571000,0.324,0.000,0.676
571500,0.323,0.000,0.677
572000,0.253,0.000,0.747
572500,0.361,0.000,0.639
573000,0.268,0.000,0.732
573500,0.263,0.000,0.737
574000,0.261,0.000,0.739
574500,0.387,0.000,0.613
575000,0.476,0.000,0.524
575500,0.491,0.000,0.509
576000,0.323,0.000,0.677
576500,0.485,0.000,0.515
577000,0.401,0.000,0.599
577500,0.408,0.000,0.592
578000,0.305,0.000,0.695
578500,0.221,0.000,0.779
579000,0.555,0.000,0.445
579500,0.458,0.000,0.542
580000,0.491,0.000,0.509
580500,0.213,0.000,0.787
581000,0.258,0.000,0.742
581500,0.337,0.000,0.663
582000,0.346,0.000,0.654
582500,0.363,0.000,0.637
583000,0.454,0.000,0.546
583500,0.367,0.000,0.633
584000,0.361,0.000,0.639
584500,0.290,0.000,0.710
585000,0.492,0.000,0.508
585500,0.266,0.000,0.734
586000,0.286,0.000,0.714
586500,0.377,0.000,0.623
587000,0.213,0.000,0.787
587500,0.224,0.000,0.776
588000,0.380,0.000,0.620
588500,0.388,0.000,0.612
589000,0.229,0.000,0.771
589500,0.493,0.000,0.507
590000,0.261,0.000,0.739
590500,0.360,0.000,0.640
591000,0.273,0.000,0.727
591500,0.300,0.000,0.700
592000,0.303,0.000,0.697
592500,0.331,0.000,0.669
593000,0.386,0.000,0.614
593500,0.276,0.000,0.724
594000,0.487,0.000,0.513
594500,0.309,0.000,0.691
595000,0.300,0.000,0.700
595500,0.384,0.000,0.616
596000,0.390,0.000,0.610
596500,0.387,0.000,0.613
597000,0.292,0.000,0.708
597500,0.340,0.000,0.660
598000,0.233,0.000,0.767
598500,0.390,0.000,0.610
599000,0.284,0.000,0.716
599500,0.290,0.000,0.710
600000,0.238,0.000,0.762
600500,0.327,0.000,0.673
601000,0.233,0.000,0.767
601500,0.333,0.000,0.667
602000,0.410,0.000,0.590
602500,0.576,0.000,0.424
603000,0.404,0.000,0.596
603500,0.268,0.000,0.732
604000,0.312,0.000,0.688
604500,0.264,0.000,0.736
605000,0.368,0.000,0.632
605500,0.308,0.000,0.692
606000,0.294,0.000,0.706
606500,0.350,0.000,0.650
607000,0.271,0.000,0.729
607500,0.385,0.000,0.615
608000,0.248,0.000,0.752
608500,0.323,0.000,0.677
609000,0.360,0.000,0.640
609500,0.226,0.000,0.774
610000,0.286,0.000,0.714
610500,0.346,0.000,0.654
611000,0.280,0.000,0.720
611500,0.229,0.000,0.771
612000,0.406,0.000,0.594
612500,0.397,0.000,0.603
613000,0.435,0.000,0.565
613500,0.260,0.000,0.740
614000,0.403,0.000,0.597
614500,0.499,0.000,0.501
615000,0.336,0.000,0.664
615500,0.347,0.000,0.653
616000,0.335,0.000,0.665
616500,0.475,0.000,0.525
617000,0.443,0.000,0.557
617500,0.376,0.000,0.624
618000,0.376,0.000,0.624
618500,0.452,0.000,0.548
619000,0.403,0.000,0.597
619500,0.368,0.000,0.632
620000,0.354,0.000,0.646
620500,0.372,0.000,0.628
621000,0.334,0.000,0.666
621500,0.415,0.000,0.585
622000,0.357,0.000,0.643
622500,0.277,0.000,0.723
623000,0.266,0.000,0.734
623500,0.335,0.000,0.665
624000,0.476,0.000,0.524
624500,0.337,0.000,0.663
625000,0.459,0.000,0.541
625500,0.250,0.000,0.750
626000,0.485,0.000,0.515
626500,0.284,0.000,0.716
627000,0.154,0.000,0.846
627500,0.307,0.000,0.693
628000,0.330,0.000,0.670
628500,0.343,0.000,0.657
629000,0.373,0.000,0.627
629500,0.370,0.000,0.630
630000,0.376,0.000,0.624
630500,0.269,0.000,0.731
631000,0.271,0.000,0.729
631500,0.412,0.000,0.588
632000,0.413,0.000,0.587
632500,0.328,0.000,0.672
633000,0.336,0.000,0.664
633500,0.488,0.000,0.512
634000,0.383,0.000,0.617
634500,0.334,0.000,0.666
635000,0.204,0.000,0.796
635500,0.412,0.000,0.588
636000,0.174,0.000,0.826
636500,0.325,0.000,0.675
637000,0.361,0.000,0.639
637500,0.571,0.000,0.429
638000,0.241,0.000,0.759
638500,0.234,0.000,0.766
639000,0.356,0.000,0.644
639500,0.419,0.000,0.581
640000,0.353,0.000,0.647
640500,0.448,0.000,0.552
641000,0.329,0.000,0.671
641500,0.370,0.000,0.630
642000,0.259,0.000,0.741
642500,0.359,0.000,0.641
643000,0.447,0.000,0.553
643500,0.381,0.000,0.619
644000,0.303,0.000,0.697
644500,0.375,0.000,0.625
645000,0.319,0.000,0.681
645500,0.231,0.000,0.769
646000,0.378,0.000,0.622
646500,0.285,0.000,0.715
647000,0.287,0.000,0.713
647500,0.544,0.000,0.456
648000,0.492,0.000,0.508
648500,0.147,0.000,0.853
649000,0.279,0.000,0.721
649500,0.377,0.000,0.623
650000,0.231,0.000,0.769
650500,0.371,0.000,0.629
651000,0.362,0.000,0.638
651500,0.396,0.000,0.604
652000,0.324,0.000,0.676
652500,0.364,0.000,0.636
653000,0.341,0.000,0.659
653500,0.353,0.000,0.647
654000,0.512,0.000,0.488
654500,0.393,0.000,0.607
655000,0.330,0.000,0.670
655500,0.443,0.000,0.557
656000,0.376,0.000,0.624
656500,0.383,0.000,0.617
657000,0.152,0.000,0.848
657500,0.345,0.000,0.655
658000,0.307,0.000,0.693
658500,0.400,0.000,0.600
659000,0.398,0.000,0.602
659500,0.496,0.000,0.504
660000,0.341,0.000,0.659
660500,0.377,0.000,0.623
661000,0.259,0.000,0.741
661500,0.412,0.000,0.588
662000,0.278,0.000,0.722
662500,0.274,0.000,0.726
663000,0.389,0.000,0.611
663500,0.471,0.000,0.529
664000,0.378,0.000,0.622
664500,0.361,0.000,0.639
665000,0.272,0.000,0.728
665500,0.353,0.000,0.647
666000,0.261,0.000,0.739
666500,0.350,0.000,0.650
667000,0.294,0.000,0.706
667500,0.409,0.000,0.591
668000,0.305,0.000,0.695
668500,0.338,0.000,0.662
669000,0.281,0.000,0.719
669500,0.332,0.000,0.668
670000,0.349,0.000,0.651
670500,0.279,0.000,0.721
671000,0.339,0.000,0.661
671500,0.344,0.000,0.656
672000,0.412,0.000,0.588
672500,0.347,0.000,0.653
673000,0.360,0.000,0.640
673500,0.386,0.000,0.614
674000,0.268,0.000,0.732
674500,0.357,0.000,0.643
675000,0.337,0.000,0.663
675500,0.301,0.000,0.699
676000,0.421,0.000,0.579
676500,0.285,0.000,0.715
677000,0.264,0.000,0.736
677500,0.347,0.000,0.653
678000,0.301,0.000,0.699
678500,0.254,0.000,0.746
679000,0.408,0.000,0.592
679500,0.363,0.000,0.637
680000,0.429,0.000,0.571
680500,0.239,0.000,0.761
681000,0.274,0.000,0.726
681500,0.398,0.000,0.602
682000,0.338,0.000,0.662
682500,0.363,0.000,0.637
683000,0.255,0.000,0.745
683500,0.227,0.000,0.773
684000,0.446,0.000,0.554
684500,0.622,0.000,0.378
685000,0.461,0.000,0.539
685500,0.290,0.000,0.710
686000,0.365,0.000,0.635
686500,0.336,0.000,0.664
687000,0.226,0.000,0.774
687500,0.327,0.000,0.673
688000,0.353,0.000,0.647
688500,0.335,0.000,0.665
689000,0.327,0.000,0.673
689500,0.333,0.000,0.667
690000,0.338,0.000,0.662
690500,0.288,0.000,0.712
691000,0.361,0.000,0.639
691500,0.422,0.000,0.578
692000,0.347,0.000,0.653
692500,0.394,0.000,0.606
693000,0.211,0.000,0.789
693500,0.342,0.000,0.658
694000,0.379,0.000,0.621
694500,0.296,0.000,0.704
695000,0.378,0.000,0.622
695500,0.317,0.000,0.683
696000,0.404,0.000,0.596
696500,0.304,0.000,0.696
697000,0.391,0.000,0.609
697500,0.319,0.000,0.681
698000,0.373,0.000,0.627
698500,0.277,0.000,0.723
699000,0.336,0.000,0.664
699500,0.349,0.000,0.651
700000,0.305,0.000,0.695
700500,0.405,0.000,0.595
701000,0.226,0.000,0.774
701500,0.466,0.000,0.534
702000,0.377,0.000,0.623
702500,0.347,0.000,0.653
703000,0.487,0.000,0.513
703500,0.350,0.000,0.650
704000,0.276,0.000,0.724
704500,0.238,0.000,0.762
705000,0.284,0.000,0.716
705500,0.299,0.000,0.701
706000,0.307,0.000,0.693
706500,0.220,0.000,0.780
707000,0.379,0.000,0.621
707500,0.194,0.000,0.806
708000,0.343,0.000,0.657
708500,0.501,0.000,0.499
709000,0.274,0.000,0.726
709500,0.217,0.000,0.783
710000,0.293,0.000,0.707
710500,0.454,0.000,0.546
711000,0.263,0.000,0.737
711500,0.440,0.000,0.560
712000,0.388,0.000,0.612
712500,0.374,0.000,0.626
713000,0.379,0.000,0.621
713500,0.445,0.000,0.555
714000,0.282,0.000,0.718
714500,0.413,0.000,0.587
715000,0.445,0.000,0.555
715500,0.332,0.000,0.668
716000,0.509,0.000,0.491
716500,0.201,0.000,0.799
717000,0.595,0.000,0.405
717500,0.340,0.000,0.660
718000,0.385,0.000,0.615
718500,0.258,0.000,0.742
719000,0.345,0.000,0.655
719500,0.330,0.000,0.670
720000,0.377,0.000,0.623
720500,0.522,0.000,0.478
721000,0.363,0.000,0.637
721500,0.361,0.000,0.639
722000,0.350,0.000,0.650
722500,0.363,0.000,0.637
723000,0.424,0.000,0.576
723500,0.339,0.000,0.661
724000,0.421,0.000,0.579
724500,0.382,0.000,0.618
725000,0.286,0.000,0.714
725500,0.333,0.000,0.667
726000,0.405,0.000,0.595
726500,0.260,0.000,0.740
727000,0.419,0.000,0.581
727500,0.292,0.000,0.708
728000,0.386,0.000,0.614
728500,0.255,0.000,0.745
729000,0.360,0.000,0.640
729500,0.564,0.000,0.436
730000,0.462,0.000,0.538
730500,0.407,0.000,0.593
731000,0.347,0.000,0.653
731500,0.437,0.000,0.563
732000,0.278,0.000,0.722
732500,0.307,0.000,0.693
733000,0.390,0.000,0.610
733500,0.351,0.000,0.649
734000,0.347,0.000,0.653
734500,0.406,0.000,0.594
735000,0.284,0.000,0.716
735500,0.216,0.000,0.784
736000,0.352,0.000,0.648
736500,0.291,0.000,0.709
737000,0.420,0.000,0.580
737500,0.436,0.000,0.564
738000,0.240,0.000,0.760
738500,0.420,0.000,0.580
739000,0.258,0.000,0.742
739500,0.369,0.000,0.631
740000,0.405,0.000,0.595
740500,0.395,0.000,0.605
741000,0.529,0.000,0.471
741500,0.332,0.000,0.668
742000,0.465,0.000,0.535
742500,0.188,0.000,0.812
743000,0.324,0.000,0.676
743500,0.353,0.000,0.647
744000,0.413,0.000,0.587
744500,0.335,0.000,0.665
745000,0.325,0.000,0.675
745500,0.293,0.000,0.707
746000,0.346,0.000,0.654
746500,0.348,0.000,0.652
747000,0.266,0.000,0.734
747500,0.174,0.000,0.826
748000,0.219,0.000,0.781
748500,0.335,0.000,0.665
749000,0.455,0.000,0.545
749500,0.359,0.000,0.641
750000,0.312,0.000,0.688
750500,0.370,0.000,0.630
751000,0.222,0.000,0.778
751500,0.293,0.000,0.707
752000,0.457,0.000,0.543
752500,0.385,0.000,0.615
753000,0.412,0.000,0.588
753500,0.219,0.000,0.781
754000,0.436,0.000,0.564
754500,0.267,0.000,0.733
755000,0.309,0.000,0.691
755500,0.259,0.000,0.741
756000,0.307,0.000,0.693
756500,0.518,0.000,0.482
757000,0.298,0.000,0.702
757500,0.260,0.000,0.740
758000,0.497,0.000,0.503
758500,0.287,0.000,0.713
759000,0.275,0.000,0.725
759500,0.313,0.000,0.687
760000,0.467,0.000,0.533
760500,0.352,0.000,0.648
761000,0.210,0.000,0.790
761500,0.412,0.000,0.588
762000,0.327,0.000,0.673
762500,0.278,0.000,0.722
763000,0.456,0.000,0.544
763500,0.342,0.000,0.658
764000,0.288,0.000,0.712
764500,0.256,0.000,0.744
765000,0.276,0.000,0.724
765500,0.300,0.000,0.700
766000,0.454,0.000,0.546
766500,0.301,0.000,0.699
767000,0.193,0.000,0.807
767500,0.254,0.000,0.746
768000,0.321,0.000,0.679
768500,0.254,0.000,0.746
769000,0.355,0.000,0.645
769500,0.420,0.000,0.580
770000,0.315,0.000,0.685
770500,0.364,0.000,0.636
771000,0.399,0.000,0.601
771500,0.356,0.000,0.644
772000,0.269,0.000,0.731
772500,0.420,0.000,0.580
773000,0.235,0.000,0.765
773500,0.332,0.000,0.668
774000,0.452,0.000,0.548
774500,0.354,0.000,0.646
775000,0.334,0.000,0.666
775500,0.315,0.000,0.685
776000,0.308,0.000,0.692
776500,0.319,0.000,0.681
777000,0.431,0.000,0.569
777500,0.317,0.000,0.683
778000,0.310,0.000,0.690
778500,0.287,0.000,0.713
779000,0.267,0.000,0.733
779500,0.500,0.000,0.500
780000,0.259,0.000,0.741
780500,0.309,0.000,0.691
781000,0.416,0.000,0.584
781500,0.215,0.000,0.785
782000,0.300,0.000,0.700
782500,0.331,0.000,0.669
783000,0.264,0.000,0.736
783500,0.253,0.000,0.747
784000,0.375,0.000,0.625
784500,0.259,0.000,0.741
785000,0.330,0.000,0.670
785500,0.373,0.000,0.627
786000,0.278,0.000,0.722
786500,0.322,0.000,0.678
787000,0.358,0.000,0.642
787500,0.381,0.000,0.619
788000,0.279,0.000,0.721
788500,0.407,0.000,0.593
789000,0.289,0.000,0.711
789500,0.440,0.000,0.560
790000,0.345,0.000,0.655
790500,0.364,0.000,0.636
791000,0.273,0.000,0.727
791500,0.282,0.000,0.718
792000,0.271,0.000,0.729
792500,0.362,0.000,0.638
793000,0.376,0.000,0.624
793500,0.276,0.000,0.724
794000,0.249,0.000,0.751
794500,0.490,0.000,0.510
795000,0.386,0.000,0.614
795500,0.328,0.000,0.672
796000,0.309,0.000,0.691
796500,0.342,0.000,0.658
797000,0.371,0.000,0.629
797500,0.335,0.000,0.665
798000,0.353,0.000,0.647
798500,0.335,0.000,0.665
799000,0.385,0.000,0.615
799500,0.280,0.000,0.720
800000,0.474,0.000,0.526
800500,0.428,0.000,0.572
801000,0.289,0.000,0.711
801500,0.459,0.000,0.541
802000,0.321,0.000,0.679
802500,0.309,0.000,0.691
803000,0.290,0.000,0.710
803500,0.365,0.000,0.635
804000,0.230,0.000,0.770
804500,0.361,0.000,0.639
805000,0.483,0.000,0.517
805500,0.291,0.000,0.709
806000,0.357,0.000,0.643
806500,0.381,0.000,0.619
807000,0.440,0.000,0.560
807500,0.404,0.000,0.596
808000,0.371,0.000,0.629
808500,0.371,0.000,0.629
809000,0.293,0.000,0.707
809500,0.206,0.000,0.794
810000,0.281,0.000,0.719
810500,0.396,0.000,0.604
811000,0.421,0.000,0.579
811500,0.331,0.000,0.669
812000,0.350,0.000,0.650
812500,0.249,0.000,0.751
813000,0.367,0.000,0.633
813500,0.320,0.000,0.680
814000,0.301,0.000,0.699
814500,0.278,0.000,0.722
815000,0.398,0.000,0.602
815500,0.285,0.000,0.715
816000,0.330,0.000,0.670
816500,0.367,0.000,0.633
817000,0.253,0.000,0.747
817500,0.341,0.000,0.659
818000,0.203,0.000,0.797
818500,0.375,0.000,0.625
819000,0.236,0.000,0.764
819500,0.281,0.000,0.719
820000,0.477,0.000,0.523
820500,0.297,0.000,0.703
821000,0.235,0.000,0.765
821500,0.351,0.000,0.649
822000,0.266,0.000,0.734
822500,0.309,0.000,0.691
823000,0.283,0.000,0.717
823500,0.266,0.000,0.734
824000,0.370,0.000,0.630
824500,0.361,0.000,0.639
825000,0.288,0.000,0.712
825500,0.241,0.000,0.759
826000,0.440,0.000,0.560
826500,0.257,0.000,0.743
827000,0.396,0.000,0.604
827500,0.275,0.000,0.725
828000,0.351,0.000,0.649
828500,0.463,0.000,0.537
829000,0.589,0.000,0.411
829500,0.540,0.000,0.460
830000,0.366,0.000,0.634
830500,0.313,0.000,0.687
831000,0.394,0.000,0.606
831500,0.239,0.000,0.761
832000,0.396,0.000,0.604
832500,0.308,0.000,0.692
833000,0.400,0.000,0.600
833500,0.276,0.000,0.724
834000,0.252,0.000,0.748
834500,0.387,0.000,0.613
835000,0.374,0.000,0.626
835500,0.421,0.000,0.579
836000,0.409,0.000,0.591
836500,0.402,0.000,0.598
837000,0.358,0.000,0.642
837500,0.294,0.000,0.706
838000,0.328,0.000,0.672
838500,0.349,0.000,0.651
839000,0.192,0.000,0.808
839500,0.460,0.000,0.540
840000,0.398,0.000,0.602
840500,0.294,0.000,0.706
841000,0.240,0.000,0.760
841500,0.449,0.000,0.551
842000,0.298,0.000,0.702
842500,0.262,0.000,0.738
843000,0.309,0.000,0.691
843500,0.405,0.000,0.595
844000,0.268,0.000,0.732
844500,0.357,0.000,0.643
845000,0.261,0.000,0.739
845500,0.363,0.000,0.637
846000,0.373,0.000,0.627
846500,0.349,0.000,0.651
847000,0.449,0.000,0.551
847500,0.458,0.000,0.542
848000,0.361,0.000,0.639
848500,0.473,0.000,0.527
849000,0.304,0.000,0.696
849500,0.272,0.000,0.728
850000,0.352,0.000,0.648
850500,0.472,0.000,0.528
851000,0.341,0.000,0.659
851500,0.388,0.000,0.612
852000,0.393,0.000,0.607
852500,0.299,0.000,0.701
853000,0.287,0.000,0.713
853500,0.551,0.000,0.449
854000,0.334,0.000,0.666
854500,0.408,0.000,0.592
855000,0.327,0.000,0.673
855500,0.272,0.000,0.728
856000,0.354,0.000,0.646
856500,0.252,0.000,0.748
857000,0.336,0.000,0.664
857500,0.452,0.000,0.548
858000,0.343,0.000,0.657
858500,0.276,0.000,0.724
859000,0.384,0.000,0.616
859500,0.247,0.000,0.753
860000,0.242,0.000,0.758
860500,0.376,0.000,0.624
861000,0.407,0.000,0.593
861500,0.410,0.000,0.590
862000,0.318,0.000,0.682
862500,0.475,0.000,0.525
863000,0.331,0.000,0.669
863500,0.365,0.000,0.635
864000,0.443,0.000,0.557
864500,0.359,0.000,0.641
865000,0.443,0.000,0.557
865500,0.280,0.000,0.720
866000,0.299,0.000,0.701
866500,0.358,0.000,0.642
867000,0.351,0.000,0.649
867500,0.390,0.000,0.610
868000,0.325,0.000,0.675
868500,0.434,0.000,0.566
869000,0.241,0.000,0.759
869500,0.264,0.000,0.736
870000,0.349,0.000,0.651
870500,0.422,0.000,0.578
871000,0.406,0.000,0.594
871500,0.380,0.000,0.620
872000,0.297,0.000,0.703
872500,0.177,0.000,0.823
873000,0.490,0.000,0.510
873500,0.320,0.000,0.680
874000,0.313,0.000,0.687
874500,0.219,0.000,0.781
875000,0.252,0.000,0.748
875500,0.490,0.000,0.510
876000,0.541,0.000,0.459
876500,0.239,0.000,0.761
877000,0.313,0.000,0.687
877500,0.287,0.000,0.713
878000,0.465,0.000,0.535
878500,0.340,0.000,0.660
879000,0.194,0.000,0.806
879500,0.349,0.000,0.651
880000,0.303,0.000,0.697
880500,0.356,0.000,0.644
881000,0.397,0.000,0.603
881500,0.325,0.000,0.675
882000,0.249,0.000,0.751
882500,0.385,0.000,0.615
883000,0.263,0.000,0.737
883500,0.293,0.000,0.707
884000,0.269,0.000,0.731
884500,0.354,0.000,0.646
885000,0.373,0.000,0.627
885500,0.284,0.000,0.716
886000,0.378,0.000,0.622
886500,0.379,0.000,0.621
887000,0.298,0.000,0.702
887500,0.288,0.000,0.712
888000,0.404,0.000,0.596
888500,0.277,0.000,0.723
889000,0.194,0.000,0.806
889500,0.363,0.000,0.637
890000,0.345,0.000,0.655
890500,0.304,0.000,0.696
891000,0.337,0.000,0.663
891500,0.235,0.001,0.764
892000,0.384,0.000,0.616
892500,0.360,0.000,0.640
893000,0.329,0.000,0.671
893500,0.293,0.000,0.707
894000,0.319,0.000,0.681
894500,0.385,0.000,0.615
895000,0.400,0.000,0.600
895500,0.226,0.000,0.774
896000,0.481,0.000,0.519
896500,0.247,0.000,0.753
897000,0.275,0.000,0.725
897500,0.209,0.000,0.791
898000,0.268,0.000,0.732
898500,0.329,0.000,0.671
899000,0.270,0.000,0.730
899500,0.297,0.000,0.703
900000,0.194,0.000,0.806
900500,0.393,0.000,0.607
901000,0.312,0.000,0.688
901500,0.395,0.000,0.605
902000,0.383,0.000,0.617
902500,0.437,0.000,0.563
903000,0.196,0.000,0.804
903500,0.236,0.000,0.764
904000,0.408,0.000,0.592
904500,0.334,0.000,0.666
905000,0.403,0.000,0.597
905500,0.388,0.000,0.612
906000,0.236,0.000,0.764
906500,0.378,0.000,0.622
907000,0.264,0.000,0.736
907500,0.308,0.000,0.692
908000,0.372,0.000,0.628
908500,0.360,0.000,0.640
909000,0.375,0.000,0.625
909500,0.349,0.000,0.651
910000,0.268,0.000,0.732
910500,0.474,0.000,0.526
911000,0.393,0.000,0.607
911500,0.408,0.000,0.592
912000,0.339,0.000,0.661
912500,0.485,0.000,0.515
913000,0.516,0.000,0.484
913500,0.411,0.000,0.589
914000,0.426,0.000,0.574
914500,0.500,0.000,0.500
915000,0.439,0.000,0.561
915500,0.429,0.000,0.571
916000,0.445,0.000,0.555
916500,0.358,0.000,0.642
917000,0.443,0.000,0.557
917500,0.254,0.000,0.746
918000,0.456,0.000,0.544
918500,0.283,0.000,0.717
919000,0.282,0.000,0.718
919500,0.358,0.000,0.642
920000,0.232,0.000,0.768
920500,0.336,0.000,0.664
921000,0.331,0.000,0.669
921500,0.372,0.000,0.628
922000,0.373,0.000,0.627
922500,0.271,0.000,0.729
923000,0.284,0.000,0.716
923500,0.547,0.000,0.453
924000,0.261,0.000,0.739
924500,0.212,0.000,0.788
925000,0.363,0.000,0.637
925500,0.284,0.000,0.716
926000,0.393,0.000,0.607
926500,0.309,0.000,0.691
927000,0.289,0.000,0.711
927500,0.455,0.000,0.545
928000,0.226,0.000,0.774
928500,0.349,0.000,0.651
929000,0.275,0.000,0.725
929500,0.443,0.000,0.557
930000,0.353,0.000,0.647
930500,0.332,0.000,0.668
931000,0.355,0.000,0.645
931500,0.329,0.000,0.671
932000,0.227,0.000,0.773
932500,0.332,0.000,0.668
933000,0.266,0.000,0.734
933500,0.444,0.000,0.556
934000,0.290,0.000,0.710
934500,0.337,0.000,0.663
935000,0.470,0.000,0.530
935500,0.295,0.000,0.705
936000,0.368,0.000,0.632
936500,0.400,0.000,0.600
937000,0.408,0.000,0.592
937500,0.402,0.000,0.598
938000,0.289,0.000,0.711
938500,0.260,0.000,0.740
939000,0.214,0.000,0.786
939500,0.377,0.000,0.623
940000,0.344,0.000,0.656
940500,0.234,0.000,0.766
941000,0.367,0.000,0.633
941500,0.266,0.000,0.734
942000,0.284,0.000,0.716
942500,0.312,0.000,0.688
943000,0.365,0.000,0.635
943500,0.310,0.000,0.690
944000,0.461,0.000,0.539
944500,0.205,0.000,0.795
945000,0.209,0.000,0.791
945500,0.258,0.000,0.742
946000,0.358,0.000,0.642
946500,0.301,0.000,0.699
947000,0.268,0.000,0.732
947500,0.454,0.000,0.546
948000,0.280,0.000,0.720
948500,0.397,0.000,0.603
949000,0.257,0.000,0.743
949500,0.326,0.000,0.674
950000,0.477,0.000,0.523
950500,0.196,0.000,0.804
951000,0.362,0.000,0.638
951500,0.351,0.000,0.649
952000,0.375,0.000,0.625
952500,0.236,0.000,0.764
953000,0.377,0.000,0.623
953500,0.292,0.000,0.708
954000,0.416,0.000,0.584
954500,0.342,0.000,0.658
955000,0.320,0.000,0.680
955500,0.280,0.000,0.720
956000,0.528,0.000,0.472
956500,0.235,0.000,0.765
957000,0.256,0.000,0.744
957500,0.275,0.000,0.725
958000,0.330,0.000,0.670
958500,0.462,0.000,0.538
959000,0.318,0.000,0.682
959500,0.250,0.000,0.750
960000,0.386,0.000,0.614
960500,0.407,0.000,0.593
961000,0.310,0.000,0.690
961500,0.399,0.000,0.601
962000,0.407,0.000,0.593
962500,0.347,0.000,0.653
963000,0.357,0.000,0.643
963500,0.371,0.000,0.629
964000,0.426,0.000,0.574
964500,0.344,0.000,0.656
965000,0.263,0.000,0.737
965500,0.367,0.000,0.633
966000,0.238,0.000,0.762
966500,0.293,0.000,0.707
967000,0.281,0.000,0.719
967500,0.303,0.000,0.697
968000,0.450,0.000,0.550
968500,0.247,0.000,0.753
969000,0.320,0.000,0.680
969500,0.357,0.000,0.643
970000,0.271,0.000,0.729
970500,0.356,0.000,0.644
971000,0.341,0.000,0.659
971500,0.332,0.000,0.668
972000,0.428,0.000,0.572
972500,0.329,0.000,0.671
973000,0.276,0.000,0.724
973500,0.306,0.000,0.694
974000,0.251,0.000,0.749
974500,0.329,0.000,0.671
975000,0.395,0.000,0.605
975500,0.374,0.000,0.626
976000,0.327,0.000,0.673
976500,0.296,0.000,0.704
977000,0.434,0.000,0.566
977500,0.284,0.000,0.716
978000,0.316,0.000,0.684
978500,0.212,0.000,0.788
979000,0.361,0.000,0.639
979500,0.291,0.000,0.709
980000,0.376,0.000,0.624
980500,0.203,0.000,0.797
981000,0.244,0.000,0.756
981500,0.387,0.000,0.613
982000,0.319,0.000,0.681
982500,0.338,0.000,0.662
983000,0.443,0.000,0.557
983500,0.368,0.000,0.632
984000,0.350,0.000,0.650
984500,0.440,0.000,0.560
985000,0.376,0.000,0.624
985500,0.326,0.000,0.674
986000,0.499,0.000,0.501
986500,0.242,0.000,0.758
987000,0.333,0.000,0.667
987500,0.338,0.000,0.662
988000,0.376,0.000,0.624
988500,0.381,0.000,0.619
989000,0.211,0.000,0.789
989500,0.309,0.000,0.691
990000,0.289,0.000,0.711
990500,0.365,0.000,0.635
991000,0.377,0.000,0.623
991500,0.316,0.000,0.684
992000,0.375,0.000,0.625
992500,0.239,0.000,0.761
993000,0.297,0.000,0.703
993500,0.467,0.000,0.533
994000,0.375,0.000,0.625
994500,0.416,0.000,0.584
995000,0.231,0.000,0.769
995500,0.304,0.000,0.696
996000,0.402,0.000,0.598
996500,0.413,0.000,0.587
997000,0.424,0.000,0.576
997500,0.327,0.000,0.673
998000,0.292,0.000,0.708
998500,0.362,0.000,0.638
999000,0.350,0.000,0.650
999500,0.377,0.000,0.623
1000000,0.331,0.000,0.669
