time,n_A+p,n_B,n_AB
500,0.030,0.854,0.116
1000,0.030,0.643,0.327
1500,0.030,0.527,0.443
2000,0.030,0.458,0.512
2500,0.031,0.362,0.607
3000,0.036,0.327,0.637
3500,0.038,0.285,0.677
4000,0.030,0.330,0.640
4500,0.038,0.371,0.591
5000,0.043,0.374,0.583
5500,0.030,0.394,0.576
6000,0.033,0.368,0.599
6500,0.048,0.338,0.614
7000,0.065,0.247,0.688
7500,0.076,0.228,0.696
8000,0.097,0.172,0.731
8500,0.165,0.103,0.732
9000,0.301,0.031,0.668
9500,0.440,0.014,0.546
10000,0.519,0.000,0.481
10500,0.568,0.000,0.432
11000,0.653,0.000,0.347
11500,0.657,0.000,0.343
12000,0.645,0.000,0.355
12500,0.625,0.000,0.375
13000,0.637,0.000,0.363
13500,0.635,0.000,0.365
14000,0.604,0.000,0.396
14500,0.649,0.000,0.351
15000,0.581,0.000,0.419
15500,0.649,0.000,0.351
16000,0.630,0.000,0.370
16500,0.673,0.000,0.327
17000,0.585,0.000,0.415
17500,0.583,0.003,0.414
18000,0.658,0.000,0.342
18500,0.592,0.000,0.408
19000,0.593,0.000,0.407
19500,0.632,0.000,0.368
20000,0.654,0.000,0.346
20500,0.665,0.000,0.335
21000,0.631,0.000,0.369
21500,0.668,0.000,0.332
22000,0.599,0.000,0.401
22500,0.679,0.000,0.321
23000,0.603,0.000,0.397
23500,0.559,0.000,0.441
24000,0.506,0.000,0.494
24500,0.494,0.001,0.505
25000,0.471,0.001,0.528
25500,0.593,0.001,0.406
26000,0.617,0.000,0.383
26500,0.609,0.000,0.391
27000,0.660,0.000,0.340
27500,0.638,0.000,0.362
28000,0.659,0.000,0.341
28500,0.652,0.000,0.348
29000,0.636,0.000,0.364
29500,0.626,0.000,0.374
30000,0.597,0.000,0.403
30500,0.626,0.000,0.374
31000,0.602,0.000,0.398
31500,0.666,0.000,0.334
32000,0.610,0.000,0.390
32500,0.669,0.000,0.331
33000,0.652,0.000,0.348
33500,0.594,0.000,0.406
34000,0.649,0.000,0.351
34500,0.731,0.000,0.269
35000,0.675,0.000,0.325
35500,0.696,0.000,0.304
36000,0.632,0.000,0.368
36500,0.635,0.000,0.365
37000,0.711,0.000,0.289
37500,0.605,0.000,0.395
38000,0.632,0.000,0.368
38500,0.653,0.000,0.347
39000,0.664,0.000,0.336
39500,0.724,0.000,0.276
40000,0.658,0.000,0.342
40500,0.656,0.000,0.344
41000,0.660,0.000,0.340
41500,0.675,0.000,0.325
42000,0.704,0.000,0.296
42500,0.689,0.000,0.311
43000,0.675,0.000,0.325
43500,0.652,0.000,0.348
44000,0.614,0.000,0.386
44500,0.619,0.000,0.381
45000,0.646,0.000,0.354
45500,0.645,0.000,0.355
46000,0.690,0.000,0.310
46500,0.625,0.000,0.375
47000,0.674,0.000,0.326
47500,0.637,0.000,0.363
48000,0.661,0.000,0.339
48500,0.718,0.000,0.282
49000,0.682,0.000,0.318
49500,0.685,0.000,0.315
50000,0.725,0.000,0.275
50500,0.752,0.000,0.248
51000,0.707,0.000,0.293
51500,0.635,0.000,0.365
52000,0.550,0.000,0.450
52500,0.523,0.000,0.477
53000,0.559,0.000,0.441
53500,0.634,0.000,0.366
54000,0.557,0.000,0.443
54500,0.552,0.000,0.448
55000,0.569,0.000,0.431
55500,0.537,0.000,0.463
56000,0.584,0.000,0.416
56500,0.642,0.000,0.358
57000,0.609,0.000,0.391
57500,0.609,0.004,0.387
58000,0.686,0.000,0.314
58500,0.631,0.000,0.369
59000,0.611,0.000,0.389
59500,0.646,0.000,0.354
60000,0.643,0.000,0.357
60500,0.624,0.000,0.376
61000,0.602,0.000,0.398
61500,0.601,0.000,0.399
62000,0.610,0.000,0.390
62500,0.609,0.000,0.391
63000,0.646,0.000,0.354
63500,0.655,0.000,0.345
64000,0.653,0.000,0.347
64500,0.704,0.000,0.296
65000,0.709,0.000,0.291
65500,0.714,0.000,0.286
66000,0.677,0.000,0.323
66500,0.675,0.000,0.325
67000,0.714,0.000,0.286
67500,0.693,0.000,0.307
68000,0.675,0.000,0.325
68500,0.707,0.000,0.293
69000,0.592,0.000,0.408
69500,0.512,0.000,0.488
70000,0.562,0.000,0.438
70500,0.590,0.000,0.410
71000,0.625,0.000,0.375
71500,0.677,0.000,0.323
72000,0.681,0.000,0.319
72500,0.700,0.000,0.300
73000,0.693,0.000,0.307
73500,0.670,0.000,0.330
74000,0.644,0.000,0.356
74500,0.718,0.000,0.282
75000,0.694,0.000,0.306
75500,0.647,0.000,0.353
76000,0.635,0.000,0.365
76500,0.651,0.000,0.349
77000,0.668,0.000,0.332
77500,0.671,0.000,0.329
78000,0.670,0.000,0.330
78500,0.640,0.000,0.360
79000,0.665,0.000,0.335
79500,0.630,0.000,0.370
80000,0.633,0.000,0.367
80500,0.655,0.000,0.345
81000,0.590,0.000,0.410
81500,0.647,0.000,0.353
82000,0.636,0.000,0.364
82500,0.650,0.000,0.350
83000,0.642,0.000,0.358
83500,0.567,0.007,0.426
84000,0.504,0.011,0.485
84500,0.514,0.001,0.485
85000,0.558,0.000,0.442
85500,0.660,0.000,0.340
86000,0.651,0.000,0.349
86500,0.581,0.000,0.419
87000,0.635,0.000,0.365
87500,0.577,0.005,0.418
88000,0.518,0.000,0.482
88500,0.576,0.000,0.424
89000,0.526,0.000,0.474
89500,0.476,0.001,0.523
90000,0.528,0.000,0.472
90500,0.547,0.000,0.453
91000,0.579,0.000,0.421
91500,0.608,0.000,0.392
92000,0.603,0.000,0.397
92500,0.623,0.000,0.377
93000,0.600,0.000,0.400
93500,0.618,0.000,0.382
94000,0.584,0.000,0.416
94500,0.595,0.000,0.405
95000,0.568,0.000,0.432
95500,0.635,0.000,0.365
96000,0.596,0.000,0.404
96500,0.559,0.008,0.433
97000,0.592,0.001,0.407
97500,0.532,0.000,0.468
98000,0.553,0.000,0.447
98500,0.581,0.000,0.419
99000,0.523,0.000,0.477
99500,0.593,0.000,0.407
100000,0.609,0.000,0.391
100500,0.573,0.000,0.427
101000,0.626,0.000,0.374
101500,0.678,0.000,0.322
102000,0.622,0.000,0.378
102500,0.614,0.000,0.386
103000,0.610,0.000,0.390
103500,0.628,0.000,0.372
104000,0.664,0.000,0.336
104500,0.616,0.000,0.384
105000,0.640,0.000,0.360
105500,0.602,0.000,0.398
106000,0.535,0.000,0.465
106500,0.591,0.000,0.409
107000,0.580,0.000,0.420
107500,0.612,0.000,0.388
108000,0.587,0.000,0.413
108500,0.631,0.000,0.369
109000,0.608,0.000,0.392
109500,0.639,0.000,0.361
110000,0.681,0.000,0.319
110500,0.672,0.000,0.328
111000,0.712,0.000,0.288
111500,0.676,0.000,0.324
112000,0.679,0.000,0.321
112500,0.731,0.000,0.269
113000,0.672,0.000,0.328
113500,0.674,0.000,0.326
114000,0.668,0.000,0.332
114500,0.615,0.000,0.385
115000,0.664,0.000,0.336
115500,0.694,0.000,0.306
116000,0.605,0.000,0.395
116500,0.582,0.000,0.418
117000,0.660,0.000,0.340
117500,0.628,0.000,0.372
118000,0.656,0.000,0.344
118500,0.698,0.000,0.302
119000,0.642,0.000,0.358
119500,0.689,0.000,0.311
120000,0.684,0.000,0.316
120500,0.705,0.000,0.295
121000,0.691,0.000,0.309
121500,0.684,0.000,0.316
122000,0.544,0.000,0.456
122500,0.623,0.000,0.377
123000,0.564,0.007,0.429
123500,0.609,0.000,0.391
124000,0.619,0.000,0.381
124500,0.617,0.000,0.383
125000,0.683,0.000,0.317
125500,0.663,0.000,0.337
126000,0.643,0.002,0.355
126500,0.621,0.000,0.379
127000,0.582,0.000,0.418
127500,0.612,0.000,0.388
128000,0.655,0.000,0.345
128500,0.619,0.000,0.381
129000,0.606,0.000,0.394
129500,0.644,0.000,0.356
130000,0.600,0.000,0.400
130500,0.664,0.000,0.336
131000,0.662,0.000,0.338
131500,0.703,0.000,0.297
132000,0.655,0.000,0.345
132500,0.660,0.000,0.340
133000,0.653,0.000,0.347
133500,0.748,0.000,0.252
134000,0.758,0.000,0.242
134500,0.690,0.000,0.310
135000,0.675,0.000,0.325
135500,0.691,0.000,0.309
136000,0.696,0.000,0.304
136500,0.681,0.000,0.319
137000,0.663,0.000,0.337
137500,0.691,0.000,0.309
138000,0.584,0.000,0.416
138500,0.512,0.000,0.488
139000,0.628,0.000,0.372
139500,0.657,0.000,0.343
140000,0.636,0.000,0.364
140500,0.689,0.000,0.311
141000,0.703,0.000,0.297
141500,0.642,0.000,0.358
142000,0.658,0.000,0.342
142500,0.694,0.000,0.306
143000,0.739,0.000,0.261
143500,0.815,0.000,0.185
144000,0.795,0.000,0.205
144500,0.762,0.000,0.238
145000,0.746,0.000,0.254
145500,0.742,0.000,0.258
146000,0.637,0.000,0.363
146500,0.660,0.000,0.340
147000,0.540,0.000,0.460
147500,0.579,0.000,0.421
148000,0.600,0.000,0.400
148500,0.666,0.000,0.334
149000,0.674,0.000,0.326
149500,0.642,0.000,0.358
150000,0.601,0.000,0.399
150500,0.653,0.000,0.347
151000,0.810,0.000,0.190
151500,0.659,0.000,0.341
152000,0.712,0.000,0.288
152500,0.653,0.000,0.347
153000,0.625,0.000,0.375
153500,0.675,0.000,0.325
154000,0.662,0.000,0.338
154500,0.617,0.000,0.383
155000,0.613,0.000,0.387
155500,0.632,0.000,0.368
156000,0.590,0.000,0.410
156500,0.614,0.000,0.386
157000,0.652,0.000,0.348
157500,0.659,0.000,0.341
158000,0.657,0.000,0.343
158500,0.633,0.000,0.367
159000,0.495,0.000,0.505
159500,0.615,0.000,0.385
160000,0.650,0.000,0.350
160500,0.573,0.000,0.427
161000,0.549,0.000,0.451
161500,0.585,0.000,0.415
162000,0.554,0.000,0.446
162500,0.614,0.000,0.386
163000,0.675,0.000,0.325
163500,0.679,0.000,0.321
164000,0.651,0.000,0.349
164500,0.599,0.000,0.401
165000,0.562,0.000,0.438
165500,0.572,0.000,0.428
166000,0.539,0.000,0.461
166500,0.609,0.000,0.391
167000,0.707,0.000,0.293
167500,0.601,0.000,0.399
168000,0.572,0.000,0.428
168500,0.508,0.002,0.490
169000,0.584,0.000,0.416
169500,0.599,0.000,0.401
170000,0.708,0.000,0.292
170500,0.714,0.000,0.286
171000,0.755,0.000,0.245
171500,0.660,0.000,0.340
172000,0.661,0.000,0.339
172500,0.626,0.000,0.374
173000,0.598,0.000,0.402
173500,0.567,0.000,0.433
174000,0.532,0.000,0.468
174500,0.614,0.000,0.386
175000,0.641,0.000,0.359
175500,0.568,0.000,0.432
176000,0.589,0.000,0.411
176500,0.662,0.000,0.338
177000,0.614,0.000,0.386
177500,0.680,0.000,0.320
178000,0.720,0.000,0.280
178500,0.715,0.000,0.285
179000,0.673,0.000,0.327
179500,0.669,0.000,0.331
180000,0.653,0.000,0.347
180500,0.637,0.000,0.363
181000,0.603,0.000,0.397
181500,0.590,0.000,0.410
182000,0.646,0.000,0.354
182500,0.633,0.000,0.367
183000,0.680,0.000,0.320
183500,0.648,0.000,0.352
184000,0.613,0.008,0.379
184500,0.635,0.000,0.365
185000,0.637,0.000,0.363
185500,0.607,0.000,0.393
186000,0.672,0.000,0.328
186500,0.670,0.000,0.330
187000,0.661,0.000,0.339
187500,0.604,0.000,0.396
188000,0.627,0.000,0.373
188500,0.638,0.000,0.362
189000,0.650,0.000,0.350
189500,0.622,0.000,0.378
190000,0.636,0.000,0.364
190500,0.559,0.000,0.441
191000,0.593,0.000,0.407
191500,0.551,0.000,0.449
192000,0.505,0.000,0.495
192500,0.573,0.000,0.427
193000,0.559,0.000,0.441
193500,0.594,0.001,0.405
194000,0.630,0.000,0.370
194500,0.641,0.000,0.359
195000,0.559,0.000,0.441
195500,0.604,0.000,0.396
196000,0.639,0.000,0.361
196500,0.552,0.000,0.448
197000,0.602,0.000,0.398
197500,0.593,0.000,0.407
198000,0.667,0.000,0.333
198500,0.637,0.000,0.363
199000,0.706,0.000,0.294
199500,0.644,0.000,0.356
200000,0.678,0.000,0.322
200500,0.567,0.000,0.433
201000,0.573,0.000,0.427
201500,0.576,0.000,0.424
202000,0.612,0.001,0.387
202500,0.583,0.000,0.417
203000,0.555,0.000,0.445
203500,0.592,0.000,0.408
204000,0.717,0.000,0.283
204500,0.705,0.000,0.295
205000,0.708,0.000,0.292
205500,0.647,0.000,0.353
206000,0.693,0.000,0.307
206500,0.646,0.000,0.354
207000,0.672,0.000,0.328
207500,0.628,0.000,0.372
208000,0.700,0.000,0.300
208500,0.641,0.000,0.359
209000,0.551,0.000,0.449
209500,0.542,0.000,0.458
210000,0.651,0.000,0.349
210500,0.707,0.000,0.293
211000,0.652,0.000,0.348
211500,0.673,0.000,0.327
212000,0.707,0.000,0.293
212500,0.689,0.000,0.311
213000,0.752,0.000,0.248
213500,0.680,0.000,0.320
214000,0.676,0.000,0.324
214500,0.639,0.000,0.361
215000,0.667,0.000,0.333
215500,0.695,0.000,0.305
216000,0.688,0.000,0.312
216500,0.655,0.000,0.345
217000,0.603,0.000,0.397
217500,0.623,0.000,0.377
218000,0.611,0.000,0.389
218500,0.556,0.000,0.444
219000,0.592,0.000,0.408
219500,0.711,0.000,0.289
220000,0.714,0.000,0.286
220500,0.640,0.000,0.360
221000,0.645,0.000,0.355
221500,0.705,0.000,0.295
222000,0.677,0.000,0.323
222500,0.706,0.000,0.294
223000,0.674,0.000,0.326
223500,0.659,0.000,0.341
224000,0.696,0.000,0.304
224500,0.732,0.000,0.268
225000,0.722,0.000,0.278
225500,0.702,0.000,0.298
226000,0.697,0.000,0.303
226500,0.648,0.004,0.348
227000,0.637,0.001,0.362
227500,0.569,0.000,0.431
228000,0.557,0.000,0.443
228500,0.571,0.000,0.429
229000,0.542,0.000,0.458
229500,0.494,0.003,0.503
230000,0.544,0.001,0.455
230500,0.570,0.000,0.430
231000,0.671,0.000,0.329
231500,0.567,0.000,0.433
232000,0.587,0.000,0.413
232500,0.577,0.000,0.423
233000,0.536,0.006,0.458
233500,0.560,0.000,0.440
234000,0.530,0.000,0.470
234500,0.586,0.000,0.414
235000,0.559,0.000,0.441
235500,0.627,0.000,0.373
236000,0.546,0.000,0.454
236500,0.627,0.000,0.373
237000,0.646,0.000,0.354
237500,0.563,0.000,0.437
238000,0.570,0.000,0.430
238500,0.512,0.003,0.485
239000,0.574,0.003,0.423
239500,0.617,0.000,0.383
240000,0.625,0.000,0.375
240500,0.582,0.000,0.418
241000,0.644,0.000,0.356
241500,0.621,0.000,0.379
242000,0.614,0.000,0.386
242500,0.617,0.000,0.383
243000,0.636,0.000,0.364
243500,0.583,0.000,0.417
244000,0.588,0.000,0.412
244500,0.496,0.000,0.504
245000,0.548,0.000,0.452
245500,0.617,0.000,0.383
246000,0.573,0.000,0.427
246500,0.616,0.001,0.383
247000,0.614,0.000,0.386
247500,0.637,0.000,0.363
248000,0.605,0.000,0.395
248500,0.582,0.000,0.418
249000,0.545,0.000,0.455
249500,0.652,0.000,0.348
250000,0.727,0.000,0.273
250500,0.637,0.000,0.363
251000,0.559,0.000,0.441
251500,0.517,0.000,0.483
252000,0.572,0.000,0.428
252500,0.627,0.000,0.373
253000,0.680,0.000,0.320
253500,0.691,0.000,0.309
254000,0.647,0.000,0.353
254500,0.692,0.000,0.308
255000,0.723,0.000,0.277
255500,0.705,0.000,0.295
256000,0.694,0.000,0.306
256500,0.725,0.000,0.275
257000,0.692,0.000,0.308
257500,0.706,0.000,0.294
258000,0.793,0.000,0.207
258500,0.718,0.000,0.282
259000,0.666,0.000,0.334
259500,0.662,0.002,0.336
260000,0.601,0.000,0.399
260500,0.622,0.000,0.378
261000,0.645,0.000,0.355
261500,0.642,0.000,0.358
262000,0.678,0.000,0.322
262500,0.733,0.000,0.267
263000,0.739,0.000,0.261
263500,0.691,0.000,0.309
264000,0.584,0.000,0.416
264500,0.641,0.000,0.359
265000,0.665,0.000,0.335
265500,0.706,0.000,0.294
266000,0.678,0.000,0.322
266500,0.714,0.000,0.286
267000,0.709,0.000,0.291
267500,0.639,0.000,0.361
268000,0.614,0.000,0.386
268500,0.532,0.000,0.468
269000,0.571,0.000,0.429
269500,0.586,0.000,0.414
270000,0.632,0.000,0.368
270500,0.684,0.000,0.316
271000,0.752,0.000,0.248
271500,0.667,0.000,0.333
272000,0.637,0.000,0.363
272500,0.662,0.000,0.338
273000,0.657,0.000,0.343
273500,0.621,0.000,0.379
274000,0.626,0.000,0.374
274500,0.627,0.000,0.373
275000,0.602,0.000,0.398
275500,0.526,0.000,0.474
276000,0.565,0.000,0.435
276500,0.606,0.000,0.394
277000,0.694,0.000,0.306
277500,0.688,0.000,0.312
278000,0.679,0.000,0.321
278500,0.685,0.000,0.315
279000,0.731,0.000,0.269
279500,0.659,0.000,0.341
280000,0.657,0.000,0.343
280500,0.624,0.000,0.376
281000,0.606,0.000,0.394
281500,0.626,0.000,0.374
282000,0.560,0.000,0.440
282500,0.672,0.000,0.328
283000,0.609,0.000,0.391
283500,0.577,0.000,0.423
284000,0.574,0.000,0.426
284500,0.613,0.003,0.384
285000,0.626,0.000,0.374
285500,0.604,0.000,0.396
286000,0.589,0.000,0.411
286500,0.590,0.000,0.410
287000,0.599,0.000,0.401
287500,0.627,0.000,0.373
288000,0.707,0.000,0.293
288500,0.677,0.000,0.323
289000,0.602,0.000,0.398
289500,0.525,0.000,0.475
290000,0.551,0.000,0.449
290500,0.554,0.000,0.446
291000,0.615,0.000,0.385
291500,0.722,0.000,0.278
292000,0.716,0.000,0.284
292500,0.602,0.000,0.398
293000,0.620,0.000,0.380
293500,0.541,0.000,0.459
294000,0.525,0.000,0.475
294500,0.574,0.000,0.426
295000,0.600,0.000,0.400
295500,0.634,0.000,0.366
296000,0.677,0.000,0.323
296500,0.648,0.003,0.349
297000,0.706,0.000,0.294
297500,0.719,0.000,0.281
298000,0.700,0.000,0.300
298500,0.682,0.000,0.318
299000,0.698,0.000,0.302
299500,0.737,0.000,0.263
300000,0.731,0.000,0.269
300500,0.658,0.000,0.342
301000,0.640,0.000,0.360
301500,0.667,0.000,0.333
302000,0.671,0.000,0.329
302500,0.659,0.000,0.341
303000,0.668,0.000,0.332
303500,0.693,0.000,0.307
304000,0.702,0.000,0.298
304500,0.603,0.000,0.397
305000,0.564,0.000,0.436
305500,0.589,0.000,0.411
306000,0.704,0.000,0.296
306500,0.748,0.000,0.252
307000,0.694,0.000,0.306
307500,0.710,0.000,0.290
308000,0.668,0.000,0.332
308500,0.674,0.000,0.326
309000,0.744,0.000,0.256
309500,0.728,0.000,0.272
310000,0.690,0.000,0.310
310500,0.651,0.000,0.349
311000,0.637,0.000,0.363
311500,0.653,0.000,0.347
312000,0.573,0.000,0.427
312500,0.558,0.000,0.442
313000,0.590,0.000,0.410
313500,0.601,0.000,0.399
314000,0.577,0.000,0.423
314500,0.668,0.000,0.332
315000,0.650,0.000,0.350
315500,0.693,0.000,0.307
316000,0.675,0.000,0.325
316500,0.628,0.000,0.372
317000,0.619,0.000,0.381
317500,0.626,0.000,0.374
318000,0.625,0.000,0.375
318500,0.703,0.000,0.297
319000,0.683,0.000,0.317
319500,0.681,0.000,0.319
320000,0.639,0.000,0.361
320500,0.692,0.000,0.308
321000,0.723,0.000,0.277
321500,0.646,0.000,0.354
322000,0.500,0.000,0.500
322500,0.496,0.000,0.504
323000,0.565,0.000,0.435
323500,0.640,0.000,0.360
324000,0.630,0.000,0.370
324500,0.665,0.000,0.335
325000,0.589,0.001,0.410
325500,0.626,0.000,0.374
326000,0.584,0.000,0.416
326500,0.575,0.000,0.425
327000,0.613,0.000,0.387
327500,0.639,0.000,0.361
328000,0.624,0.000,0.376
328500,0.561,0.000,0.439
329000,0.571,0.000,0.429
329500,0.586,0.000,0.414
330000,0.612,0.000,0.388
330500,0.669,0.000,0.331
331000,0.638,0.000,0.362
331500,0.617,0.000,0.383
332000,0.589,0.000,0.411
332500,0.612,0.000,0.388
333000,0.554,0.005,0.441
333500,0.557,0.000,0.443
334000,0.590,0.000,0.410
334500,0.644,0.000,0.356
335000,0.743,0.000,0.257
335500,0.688,0.000,0.312
336000,0.705,0.000,0.295
336500,0.723,0.000,0.277
337000,0.720,0.000,0.280
337500,0.744,0.000,0.256
338000,0.799,0.000,0.201
338500,0.816,0.000,0.184
339000,0.800,0.000,0.200
339500,0.730,0.000,0.270
340000,0.768,0.000,0.232
340500,0.712,0.000,0.288
341000,0.735,0.000,0.265
341500,0.759,0.000,0.241
342000,0.818,0.000,0.182
342500,0.754,0.000,0.246
343000,0.725,0.000,0.275
343500,0.686,0.000,0.314
344000,0.637,0.000,0.363
344500,0.616,0.000,0.384
345000,0.563,0.000,0.437
345500,0.596,0.000,0.404
346000,0.599,0.000,0.401
346500,0.678,0.000,0.322
347000,0.595,0.000,0.405
347500,0.613,0.000,0.387
348000,0.662,0.000,0.338
348500,0.593,0.000,0.407
349000,0.640,0.000,0.360
349500,0.693,0.000,0.307
350000,0.651,0.000,0.349
350500,0.745,0.000,0.255
351000,0.620,0.000,0.380
351500,0.701,0.000,0.299
352000,0.712,0.000,0.288
352500,0.688,0.000,0.312
353000,0.651,0.000,0.349
353500,0.625,0.000,0.375
354000,0.575,0.000,0.425
354500,0.574,0.000,0.426
355000,0.607,0.000,0.393
355500,0.615,0.000,0.385
356000,0.574,0.000,0.426
356500,0.600,0.000,0.400
357000,0.655,0.000,0.345
357500,0.734,0.000,0.266
358000,0.744,0.000,0.256
358500,0.680,0.000,0.320
359000,0.677,0.000,0.323
359500,0.601,0.000,0.399
360000,0.533,0.000,0.467
360500,0.642,0.000,0.358
361000,0.714,0.000,0.286
361500,0.645,0.000,0.355
362000,0.662,0.000,0.338
362500,0.583,0.000,0.417
363000,0.570,0.000,0.430
363500,0.530,0.000,0.470
364000,0.625,0.000,0.375
364500,0.545,0.000,0.455
365000,0.568,0.000,0.432
365500,0.594,0.000,0.406
366000,0.608,0.000,0.392
366500,0.699,0.000,0.301
367000,0.710,0.000,0.290
367500,0.704,0.000,0.296
368000,0.739,0.000,0.261
368500,0.821,0.000,0.179
369000,0.807,0.000,0.193
369500,0.711,0.000,0.289
370000,0.739,0.000,0.261
370500,0.727,0.000,0.273
371000,0.744,0.000,0.256
371500,0.671,0.000,0.329
372000,0.644,0.000,0.356
372500,0.577,0.000,0.423
373000,0.667,0.000,0.333
373500,0.720,0.000,0.280
374000,0.714,0.000,0.286
374500,0.748,0.000,0.252
375000,0.730,0.000,0.270
375500,0.728,0.000,0.272
376000,0.744,0.000,0.256
376500,0.586,0.000,0.414
377000,0.656,0.000,0.344
377500,0.650,0.000,0.350
378000,0.676,0.000,0.324
378500,0.704,0.000,0.296
379000,0.716,0.000,0.284
379500,0.674,0.000,0.326
380000,0.660,0.000,0.340
380500,0.678,0.000,0.322
381000,0.656,0.000,0.344
381500,0.607,0.000,0.393
382000,0.574,0.003,0.423
382500,0.675,0.003,0.322
383000,0.770,0.001,0.229
383500,0.768,0.000,0.232
384000,0.661,0.000,0.339
384500,0.670,0.000,0.330
385000,0.574,0.000,0.426
385500,0.657,0.000,0.343
386000,0.686,0.000,0.314
386500,0.666,0.000,0.334
387000,0.669,0.000,0.331
387500,0.721,0.000,0.279
388000,0.705,0.000,0.295
388500,0.673,0.000,0.327
389000,0.675,0.000,0.325
389500,0.597,0.000,0.403
390000,0.568,0.000,0.432
390500,0.583,0.000,0.417
391000,0.680,0.000,0.320
391500,0.680,0.000,0.320
392000,0.702,0.000,0.298
392500,0.721,0.000,0.279
393000,0.650,0.000,0.350
393500,0.647,0.000,0.353
394000,0.611,0.000,0.389
394500,0.625,0.000,0.375
395000,0.641,0.000,0.359
395500,0.619,0.000,0.381
396000,0.610,0.000,0.390
396500,0.650,0.000,0.350
397000,0.580,0.000,0.420
397500,0.608,0.000,0.392
398000,0.604,0.000,0.396
398500,0.588,0.000,0.412
399000,0.621,0.000,0.379
399500,0.766,0.000,0.234
400000,0.765,0.000,0.235
400500,0.694,0.000,0.306
401000,0.691,0.000,0.309
401500,0.649,0.000,0.351
402000,0.609,0.000,0.391
402500,0.610,0.000,0.390
403000,0.586,0.000,0.414
403500,0.613,0.000,0.387
404000,0.685,0.000,0.315
404500,0.629,0.000,0.371
405000,0.682,0.000,0.318
405500,0.622,0.000,0.378
406000,0.597,0.000,0.403
406500,0.644,0.000,0.356
407000,0.597,0.000,0.403
407500,0.677,0.000,0.323
408000,0.724,0.000,0.276
408500,0.678,0.000,0.322
409000,0.685,0.000,0.315
409500,0.668,0.000,0.332
410000,0.577,0.000,0.423
410500,0.557,0.000,0.443
411000,0.632,0.000,0.368
411500,0.617,0.000,0.383
412000,0.688,0.000,0.312
412500,0.622,0.000,0.378
413000,0.633,0.000,0.367
413500,0.693,0.000,0.307
414000,0.672,0.000,0.328
414500,0.669,0.000,0.331
415000,0.672,0.000,0.328
415500,0.617,0.000,0.383
416000,0.640,0.000,0.360
416500,0.674,0.000,0.326
417000,0.654,0.000,0.346
417500,0.588,0.000,0.412
418000,0.564,0.000,0.436
418500,0.630,0.000,0.370
419000,0.562,0.000,0.438
419500,0.529,0.000,0.471
420000,0.569,0.001,0.430
420500,0.579,0.000,0.421
421000,0.511,0.000,0.489
421500,0.598,0.000,0.402
422000,0.608,0.000,0.392
422500,0.562,0.000,0.438
423000,0.537,0.000,0.463
423500,0.599,0.000,0.401
424000,0.659,0.000,0.341
424500,0.684,0.000,0.316
425000,0.664,0.000,0.336
425500,0.641,0.000,0.359
426000,0.647,0.000,0.353
426500,0.639,0.000,0.361
427000,0.706,0.000,0.294
427500,0.707,0.000,0.293
428000,0.695,0.000,0.305
428500,0.663,0.000,0.337
429000,0.693,0.000,0.307
429500,0.644,0.000,0.356
430000,0.648,0.000,0.352
430500,0.760,0.000,0.240
431000,0.790,0.000,0.210
431500,0.756,0.000,0.244
432000,0.674,0.000,0.326
432500,0.707,0.000,0.293
433000,0.729,0.000,0.271
433500,0.702,0.000,0.298
434000,0.612,0.000,0.388
434500,0.577,0.000,0.423
435000,0.661,0.000,0.339
435500,0.673,0.000,0.327
436000,0.673,0.000,0.327
436500,0.714,0.000,0.286
437000,0.693,0.000,0.307
437500,0.738,0.000,0.262
438000,0.684,0.000,0.316
438500,0.627,0.000,0.373
439000,0.646,0.000,0.354
439500,0.693,0.000,0.307
440000,0.641,0.000,0.359
440500,0.626,0.000,0.374
441000,0.678,0.000,0.322
441500,0.660,0.000,0.340
442000,0.682,0.000,0.318
442500,0.672,0.000,0.328
443000,0.582,0.000,0.418
443500,0.633,0.000,0.367
444000,0.621,0.000,0.379
444500,0.603,0.000,0.397
445000,0.547,0.000,0.453
445500,0.612,0.001,0.387
446000,0.633,0.000,0.367
446500,0.656,0.000,0.344
447000,0.667,0.000,0.333
447500,0.570,0.000,0.430
448000,0.615,0.000,0.385
448500,0.604,0.000,0.396
449000,0.616,0.000,0.384
449500,0.702,0.000,0.298
450000,0.727,0.000,0.273
450500,0.669,0.000,0.331
451000,0.725,0.000,0.275
451500,0.767,0.000,0.233
452000,0.791,0.000,0.209
452500,0.678,0.000,0.322
453000,0.655,0.000,0.345
453500,0.690,0.000,0.310
454000,0.619,0.000,0.381
454500,0.609,0.000,0.391
455000,0.594,0.000,0.406
455500,0.660,0.000,0.340
456000,0.678,0.000,0.322
456500,0.614,0.000,0.386
457000,0.688,0.000,0.312
457500,0.595,0.000,0.405
458000,0.565,0.000,0.435
458500,0.602,0.000,0.398
459000,0.584,0.000,0.416
459500,0.571,0.001,0.428
460000,0.590,0.000,0.410
460500,0.661,0.000,0.339
461000,0.599,0.000,0.401
461500,0.577,0.000,0.423
462000,0.592,0.000,0.408
462500,0.544,0.000,0.456
463000,0.578,0.000,0.422
463500,0.652,0.000,0.348
464000,0.632,0.000,0.368
464500,0.645,0.000,0.355
465000,0.684,0.000,0.316
465500,0.687,0.000,0.313
466000,0.606,0.000,0.394
466500,0.605,0.000,0.395
467000,0.617,0.000,0.383
467500,0.573,0.000,0.427
468000,0.558,0.000,0.442
468500,0.621,0.001,0.378
469000,0.592,0.001,0.407
469500,0.547,0.000,0.453
470000,0.549,0.000,0.451
470500,0.585,0.000,0.415
471000,0.602,0.000,0.398
471500,0.626,0.000,0.374
472000,0.564,0.000,0.436
472500,0.619,0.000,0.381
473000,0.587,0.000,0.413
473500,0.625,0.000,0.375
474000,0.680,0.000,0.320
474500,0.690,0.000,0.310
475000,0.652,0.000,0.348
475500,0.624,0.000,0.376
476000,0.653,0.000,0.347
476500,0.614,0.000,0.386
477000,0.580,0.000,0.420
477500,0.587,0.000,0.413
478000,0.554,0.000,0.446
478500,0.551,0.000,0.449
479000,0.572,0.000,0.428
479500,0.650,0.000,0.350
480000,0.633,0.000,0.367
480500,0.582,0.000,0.418
481000,0.674,0.000,0.326
481500,0.727,0.000,0.273
482000,0.755,0.000,0.245
482500,0.695,0.000,0.305
483000,0.716,0.000,0.284
483500,0.667,0.000,0.333
484000,0.661,0.000,0.339
484500,0.600,0.000,0.400
485000,0.642,0.000,0.358
485500,0.637,0.000,0.363
486000,0.720,0.000,0.280
486500,0.707,0.000,0.293
487000,0.751,0.000,0.249
487500,0.635,0.000,0.365
488000,0.661,0.000,0.339
488500,0.653,0.000,0.347
489000,0.752,0.000,0.248
489500,0.763,0.000,0.237
490000,0.742,0.000,0.258
490500,0.712,0.000,0.288
491000,0.679,0.000,0.321
491500,0.626,0.004,0.370
492000,0.656,0.000,0.344
492500,0.626,0.000,0.374
493000,0.565,0.000,0.435
493500,0.529,0.000,0.471
494000,0.606,0.000,0.394
494500,0.636,0.000,0.364
495000,0.630,0.000,0.370
495500,0.676,0.000,0.324
496000,0.649,0.000,0.351
496500,0.601,0.000,0.399
497000,0.613,0.000,0.387
497500,0.584,0.000,0.416
498000,0.556,0.000,0.444
498500,0.619,0.000,0.381
499000,0.649,0.000,0.351
499500,0.634,0.000,0.366
500000,0.668,0.000,0.332
500500,0.678,0.000,0.322
501000,0.653,0.000,0.347
501500,0.713,0.000,0.287
502000,0.765,0.000,0.235
502500,0.713,0.000,0.287
503000,0.590,0.000,0.410
503500,0.579,0.000,0.421
504000,0.610,0.000,0.390
504500,0.654,0.000,0.346
505000,0.609,0.000,0.391
505500,0.571,0.000,0.429
506000,0.494,0.000,0.506
506500,0.495,0.000,0.505
507000,0.551,0.000,0.449
507500,0.539,0.005,0.456
508000,0.610,0.000,0.390
508500,0.640,0.000,0.360
509000,0.627,0.000,0.373
509500,0.646,0.000,0.354
510000,0.652,0.000,0.348
510500,0.594,0.000,0.406
511000,0.576,0.000,0.424
511500,0.612,0.000,0.388
512000,0.603,0.000,0.397
512500,0.633,0.000,0.367
513000,0.627,0.000,0.373
513500,0.617,0.000,0.383
514000,0.589,0.000,0.411
514500,0.554,0.000,0.446
515000,0.514,0.007,0.479
515500,0.558,0.000,0.442
516000,0.511,0.005,0.484
516500,0.536,0.000,0.464
517000,0.532,0.000,0.468
517500,0.626,0.000,0.374
518000,0.624,0.000,0.376
518500,0.650,0.000,0.350
519000,0.520,0.000,0.480
519500,0.619,0.000,0.381
520000,0.608,0.000,0.392
520500,0.615,0.000,0.385
521000,0.600,0.000,0.400
521500,0.656,0.000,0.344
522000,0.574,0.000,0.426
522500,0.642,0.000,0.358
523000,0.670,0.000,0.330
523500,0.631,0.000,0.369
524000,0.635,0.000,0.365
524500,0.633,0.000,0.367
525000,0.685,0.000,0.315
525500,0.725,0.000,0.275
526000,0.644,0.000,0.356
526500,0.592,0.000,0.408
527000,0.630,0.000,0.370
527500,0.619,0.000,0.381
528000,0.517,0.000,0.483
528500,0.640,0.000,0.360
529000,0.692,0.000,0.308
529500,0.630,0.000,0.370
530000,0.640,0.000,0.360
530500,0.665,0.000,0.335
531000,0.678,0.000,0.322
531500,0.701,0.000,0.299
532000,0.600,0.000,0.400
532500,0.616,0.000,0.384
533000,0.671,0.000,0.329
533500,0.683,0.000,0.317
534000,0.700,0.000,0.300
534500,0.684,0.000,0.316
535000,0.659,0.000,0.341
535500,0.636,0.000,0.364
536000,0.634,0.000,0.366
536500,0.647,0.000,0.353
537000,0.548,0.000,0.452
537500,0.633,0.000,0.367
538000,0.609,0.000,0.391
538500,0.653,0.000,0.347
539000,0.651,0.000,0.349
539500,0.600,0.000,0.400
540000,0.614,0.000,0.386
540500,0.641,0.000,0.359
541000,0.658,0.000,0.342
541500,0.616,0.000,0.384
542000,0.667,0.000,0.333
542500,0.571,0.000,0.429
543000,0.543,0.000,0.457
543500,0.588,0.000,0.412
544000,0.627,0.000,0.373
544500,0.584,0.000,0.416
545000,0.668,0.000,0.332
545500,0.627,0.000,0.373
546000,0.630,0.000,0.370
546500,0.641,0.000,0.359
547000,0.669,0.000,0.331
547500,0.625,0.000,0.375
548000,0.565,0.000,0.435
548500,0.582,0.000,0.418
549000,0.644,0.000,0.356
549500,0.670,0.000,0.330
550000,0.677,0.000,0.323
550500,0.652,0.000,0.348
551000,0.648,0.000,0.352
551500,0.662,0.000,0.338
552000,0.719,0.000,0.281
552500,0.612,0.000,0.388
553000,0.605,0.000,0.395
553500,0.625,0.000,0.375
554000,0.679,0.000,0.321
554500,0.677,0.000,0.323
555000,0.696,0.000,0.304
555500,0.631,0.000,0.369
556000,0.644,0.000,0.356
556500,0.602,0.000,0.398
557000,0.655,0.000,0.345
557500,0.677,0.000,0.323
558000,0.652,0.000,0.348
558500,0.635,0.000,0.365
559000,0.668,0.000,0.332
559500,0.661,0.000,0.339
560000,0.654,0.000,0.346
560500,0.630,0.000,0.370
561000,0.593,0.000,0.407
561500,0.631,0.000,0.369
562000,0.617,0.000,0.383
562500,0.623,0.000,0.377
563000,0.634,0.000,0.366
563500,0.611,0.000,0.389
564000,0.644,0.000,0.356
564500,0.641,0.000,0.359
565000,0.610,0.000,0.390
565500,0.636,0.000,0.364
566000,0.585,0.000,0.415
566500,0.665,0.000,0.335
567000,0.750,0.000,0.250
567500,0.761,0.000,0.239
568000,0.731,0.000,0.269
568500,0.788,0.000,0.212
569000,0.718,0.000,0.282
569500,0.629,0.000,0.371
570000,0.544,0.000,0.456
570500,0.519,0.000,0.481
571000,0.622,0.000,0.378
571500,0.613,0.000,0.387
572000,0.620,0.000,0.380
572500,0.637,0.000,0.363
573000,0.629,0.000,0.371
573500,0.611,0.000,0.389
574000,0.561,0.000,0.439
574500,0.675,0.000,0.325
575000,0.704,0.000,0.296
575500,0.654,0.000,0.346
576000,0.733,0.000,0.267
576500,0.779,0.000,0.221
577000,0.759,0.000,0.241
577500,0.682,0.000,0.318
578000,0.650,0.000,0.350
578500,0.625,0.000,0.375
579000,0.632,0.000,0.368
579500,0.544,0.000,0.456
580000,0.575,0.000,0.425
580500,0.566,0.000,0.434
581000,0.545,0.000,0.455
581500,0.606,0.000,0.394
582000,0.553,0.000,0.447
582500,0.609,0.000,0.391
583000,0.588,0.000,0.412
583500,0.613,0.000,0.387
584000,0.589,0.000,0.411
584500,0.570,0.000,0.430
585000,0.593,0.001,0.406
585500,0.605,0.000,0.395
586000,0.650,0.000,0.350
586500,0.649,0.000,0.351
587000,0.643,0.000,0.357
587500,0.613,0.000,0.387
588000,0.607,0.000,0.393
588500,0.651,0.000,0.349
589000,0.646,0.000,0.354
589500,0.614,0.000,0.386
590000,0.636,0.000,0.364
590500,0.686,0.000,0.314
591000,0.722,0.000,0.278
591500,0.691,0.000,0.309
592000,0.718,0.000,0.282
592500,0.689,0.000,0.311
593000,0.688,0.000,0.312
593500,0.655,0.000,0.345
594000,0.661,0.000,0.339
594500,0.753,0.000,0.247
595000,0.716,0.000,0.284
595500,0.757,0.000,0.243
596000,0.742,0.000,0.258
596500,0.720,0.000,0.280
597000,0.673,0.000,0.327
597500,0.715,0.000,0.285
598000,0.708,0.000,0.292
598500,0.688,0.000,0.312
599000,0.686,0.000,0.314
599500,0.687,0.000,0.313
600000,0.719,0.000,0.281
600500,0.714,0.000,0.286
601000,0.651,0.000,0.349
601500,0.600,0.000,0.400
602000,0.596,0.000,0.404
602500,0.638,0.000,0.362
603000,0.665,0.000,0.335
603500,0.581,0.000,0.419
604000,0.592,0.002,0.406
604500,0.593,0.000,0.407
605000,0.544,0.000,0.456
605500,0.622,0.000,0.378
606000,0.729,0.000,0.271
606500,0.698,0.000,0.302
607000,0.622,0.000,0.378
607500,0.613,0.000,0.387
608000,0.578,0.000,0.422
608500,0.511,0.000,0.489
609000,0.587,0.000,0.413
609500,0.646,0.000,0.354
610000,0.738,0.000,0.262
610500,0.697,0.000,0.303
611000,0.684,0.000,0.316
611500,0.643,0.000,0.357
612000,0.601,0.000,0.399
612500,0.612,0.000,0.388
613000,0.605,0.000,0.395
613500,0.646,0.000,0.354
614000,0.692,0.000,0.308
614500,0.721,0.000,0.279
615000,0.647,0.000,0.353
615500,0.671,0.000,0.329
616000,0.616,0.000,0.384
616500,0.696,0.000,0.304
617000,0.750,0.000,0.250
617500,0.690,0.000,0.310
618000,0.675,0.000,0.325
618500,0.653,0.000,0.347
619000,0.622,0.000,0.378
619500,0.632,0.000,0.368
620000,0.625,0.000,0.375
620500,0.570,0.000,0.430
621000,0.565,0.000,0.435
621500,0.588,0.000,0.412
622000,0.618,0.000,0.382
622500,0.674,0.000,0.326
623000,0.686,0.000,0.314
623500,0.659,0.000,0.341
624000,0.687,0.000,0.313
624500,0.665,0.000,0.335
625000,0.624,0.000,0.376
625500,0.648,0.000,0.352
626000,0.655,0.000,0.345
626500,0.663,0.000,0.337
627000,0.673,0.000,0.327
627500,0.681,0.000,0.319
628000,0.644,0.000,0.356
628500,0.611,0.000,0.389
629000,0.693,0.000,0.307
629500,0.733,0.000,0.267
630000,0.769,0.000,0.231
630500,0.687,0.000,0.313
631000,0.704,0.000,0.296
631500,0.677,0.000,0.323
632000,0.611,0.000,0.389
632500,0.664,0.000,0.336
633000,0.699,0.000,0.301
633500,0.616,0.000,0.384
634000,0.693,0.000,0.307
634500,0.678,0.000,0.322
635000,0.632,0.000,0.368
635500,0.566,0.003,0.431
636000,0.504,0.000,0.496
636500,0.518,0.001,0.481
637000,0.631,0.000,0.369
637500,0.724,0.000,0.276
638000,0.632,0.000,0.368
638500,0.698,0.000,0.302
639000,0.681,0.000,0.319
639500,0.592,0.000,0.408
640000,0.564,0.000,0.436
640500,0.581,0.000,0.419
641000,0.570,0.000,0.430
641500,0.637,0.000,0.363
642000,0.616,0.000,0.384
642500,0.699,0.000,0.301
643000,0.633,0.000,0.367
643500,0.593,0.000,0.407
644000,0.606,0.002,0.392
644500,0.586,0.000,0.414
645000,0.678,0.000,0.322
645500,0.637,0.000,0.363
646000,0.633,0.000,0.367
646500,0.554,0.000,0.446
647000,0.582,0.000,0.418
647500,0.735,0.000,0.265
648000,0.683,0.000,0.317
648500,0.719,0.000,0.281
649000,0.659,0.000,0.341
649500,0.633,0.000,0.367
650000,0.602,0.000,0.398
650500,0.611,0.000,0.389
651000,0.617,0.000,0.383
651500,0.696,0.000,0.304
652000,0.624,0.000,0.376
652500,0.650,0.000,0.350
653000,0.608,0.000,0.392
653500,0.610,0.000,0.390
654000,0.573,0.000,0.427
654500,0.608,0.000,0.392
655000,0.586,0.000,0.414
655500,0.602,0.000,0.398
656000,0.575,0.000,0.425
656500,0.570,0.000,0.430
657000,0.612,0.000,0.388
657500,0.457,0.005,0.538
658000,0.582,0.000,0.418
658500,0.580,0.000,0.420
659000,0.551,0.000,0.449
659500,0.604,0.000,0.396
660000,0.584,0.000,0.416
660500,0.599,0.000,0.401
661000,0.616,0.000,0.384
661500,0.622,0.000,0.378
662000,0.727,0.000,0.273
662500,0.604,0.000,0.396
663000,0.589,0.000,0.411
663500,0.664,0.000,0.336
664000,0.600,0.000,0.400
664500,0.645,0.000,0.355
665000,0.660,0.000,0.340
665500,0.696,0.000,0.304
666000,0.736,0.000,0.264
666500,0.664,0.000,0.336
667000,0.734,0.000,0.266
667500,0.798,0.000,0.202
668000,0.683,0.000,0.317
668500,0.707,0.000,0.293
669000,0.668,0.000,0.332
669500,0.708,0.000,0.292
670000,0.644,0.000,0.356
670500,0.594,0.000,0.406
671000,0.628,0.000,0.372
671500,0.618,0.000,0.382
672000,0.590,0.000,0.410
672500,0.681,0.000,0.319
673000,0.684,0.000,0.316
673500,0.619,0.000,0.381
674000,0.645,0.000,0.355
674500,0.614,0.000,0.386
675000,0.578,0.000,0.422
675500,0.634,0.000,0.366
676000,0.658,0.000,0.342
676500,0.638,0.000,0.362
677000,0.631,0.000,0.369
677500,0.617,0.000,0.383
678000,0.587,0.004,0.409
678500,0.650,0.002,0.348
679000,0.588,0.000,0.412
679500,0.617,0.000,0.383
680000,0.670,0.000,0.330
680500,0.619,0.000,0.381
681000,0.602,0.000,0.398
681500,0.650,0.000,0.350
682000,0.703,0.000,0.297
682500,0.667,0.000,0.333
683000,0.727,0.000,0.273
683500,0.705,0.000,0.295
684000,0.700,0.000,0.300
684500,0.791,0.000,0.209
685000,0.699,0.000,0.301
685500,0.636,0.005,0.359
686000,0.687,0.000,0.313
686500,0.750,0.000,0.250
687000,0.722,0.000,0.278
687500,0.729,0.000,0.271
688000,0.746,0.000,0.254
688500,0.711,0.000,0.289
689000,0.723,0.000,0.277
689500,0.647,0.000,0.353
690000,0.618,0.000,0.382
690500,0.662,0.000,0.338
691000,0.600,0.000,0.400
691500,0.676,0.000,0.324
692000,0.628,0.000,0.372
692500,0.664,0.000,0.336
693000,0.582,0.000,0.418
693500,0.640,0.000,0.360
694000,0.629,0.000,0.371
694500,0.639,0.000,0.361
695000,0.716,0.000,0.284
695500,0.662,0.000,0.338
696000,0.759,0.000,0.241
696500,0.700,0.000,0.300
697000,0.713,0.000,0.287
697500,0.639,0.000,0.361
698000,0.675,0.000,0.325
698500,0.627,0.000,0.373
699000,0.628,0.000,0.372
699500,0.567,0.000,0.433
700000,0.622,0.000,0.378
700500,0.630,0.000,0.370
701000,0.639,0.000,0.361
701500,0.605,0.000,0.395
702000,0.631,0.000,0.369
702500,0.563,0.000,0.437
703000,0.584,0.000,0.416
703500,0.635,0.000,0.365
704000,0.695,0.000,0.305
704500,0.654,0.000,0.346
705000,0.634,0.000,0.366
705500,0.539,0.005,0.456
706000,0.615,0.000,0.385
706500,0.564,0.000,0.436
707000,0.554,0.006,0.440
707500,0.555,0.001,0.444
708000,0.635,0.000,0.365
708500,0.768,0.000,0.232
709000,0.815,0.000,0.185
709500,0.809,0.000,0.191
710000,0.708,0.000,0.292
710500,0.638,0.000,0.362
711000,0.662,0.000,0.338
711500,0.674,0.000,0.326
712000,0.604,0.000,0.396
712500,0.622,0.000,0.378
713000,0.583,0.000,0.417
713500,0.603,0.000,0.397
714000,0.580,0.007,0.413
714500,0.539,0.000,0.461
715000,0.616,0.000,0.384
715500,0.557,0.000,0.443
716000,0.498,0.006,0.496
716500,0.529,0.000,0.471
717000,0.615,0.000,0.385
717500,0.651,0.000,0.349
718000,0.711,0.003,0.286
718500,0.643,0.001,0.356
719000,0.650,0.000,0.350
719500,0.547,0.000,0.453
720000,0.547,0.003,0.450
720500,0.640,0.000,0.360
721000,0.595,0.000,0.405
721500,0.620,0.000,0.380
722000,0.625,0.000,0.375
722500,0.627,0.000,0.373
723000,0.660,0.000,0.340
723500,0.654,0.000,0.346
724000,0.670,0.000,0.330
724500,0.701,0.000,0.299
725000,0.583,0.000,0.417
725500,0.680,0.000,0.320
726000,0.723,0.000,0.277
726500,0.680,0.000,0.320
727000,0.624,0.000,0.376
727500,0.572,0.000,0.428
728000,0.590,0.000,0.410
728500,0.690,0.000,0.310
729000,0.626,0.000,0.374
729500,0.673,0.000,0.327
730000,0.658,0.000,0.342
730500,0.656,0.004,0.340
731000,0.674,0.001,0.325
731500,0.694,0.000,0.306
732000,0.799,0.000,0.201
732500,0.784,0.000,0.216
733000,0.784,0.000,0.216
733500,0.716,0.000,0.284
734000,0.678,0.000,0.322
734500,0.649,0.000,0.351
735000,0.667,0.000,0.333
735500,0.669,0.000,0.331
736000,0.678,0.000,0.322
736500,0.622,0.000,0.378
737000,0.676,0.000,0.324
737500,0.742,0.000,0.258
738000,0.667,0.000,0.333
738500,0.694,0.000,0.306
739000,0.718,0.000,0.282
739500,0.721,0.000,0.279
740000,0.662,0.000,0.338
740500,0.679,0.000,0.321
741000,0.557,0.000,0.443
741500,0.601,0.000,0.399
742000,0.603,0.000,0.397
742500,0.569,0.000,0.431
743000,0.598,0.000,0.402
743500,0.559,0.000,0.441
744000,0.547,0.000,0.453
744500,0.635,0.000,0.365
745000,0.630,0.000,0.370
745500,0.608,0.000,0.392
746000,0.646,0.001,0.353
746500,0.646,0.000,0.354
747000,0.585,0.000,0.415
747500,0.573,0.000,0.427
748000,0.515,0.000,0.485
748500,0.568,0.000,0.432
749000,0.559,0.000,0.441
749500,0.634,0.000,0.366
750000,0.656,0.000,0.344
750500,0.684,0.000,0.316
751000,0.730,0.000,0.270
751500,0.688,0.000,0.312
752000,0.685,0.000,0.315
752500,0.649,0.000,0.351
753000,0.618,0.000,0.382
753500,0.585,0.000,0.415
754000,0.620,0.000,0.380
754500,0.731,0.000,0.269
755000,0.746,0.000,0.254
755500,0.797,0.000,0.203
756000,0.749,0.000,0.251
756500,0.707,0.000,0.293
757000,0.661,0.000,0.339
757500,0.712,0.000,0.288
758000,0.624,0.000,0.376
758500,0.670,0.000,0.330
759000,0.670,0.000,0.330
759500,0.683,0.000,0.317
760000,0.693,0.000,0.307
760500,0.644,0.000,0.356
761000,0.589,0.000,0.411
761500,0.636,0.000,0.364
762000,0.625,0.000,0.375
762500,0.672,0.000,0.328
763000,0.693,0.000,0.307
763500,0.632,0.000,0.368
764000,0.635,0.000,0.365
764500,0.595,0.000,0.405
765000,0.639,0.000,0.361
765500,0.721,0.000,0.279
766000,0.638,0.000,0.362
766500,0.699,0.000,0.301
767000,0.710,0.000,0.290
767500,0.696,0.000,0.304
768000,0.683,0.000,0.317
768500,0.691,0.000,0.309
769000,0.632,0.000,0.368
769500,0.652,0.000,0.348
770000,0.632,0.000,0.368
770500,0.661,0.000,0.339
771000,0.651,0.000,0.349
771500,0.637,0.000,0.363
772000,0.586,0.000,0.414
772500,0.593,0.000,0.407
773000,0.625,0.001,0.374
773500,0.637,0.000,0.363
774000,0.539,0.000,0.461
774500,0.465,0.004,0.531
775000,0.496,0.008,0.496
775500,0.578,0.003,0.419
776000,0.512,0.000,0.488
776500,0.593,0.000,0.407
777000,0.574,0.000,0.426
777500,0.551,0.000,0.449
778000,0.637,0.000,0.363
778500,0.637,0.000,0.363
779000,0.617,0.000,0.383
779500,0.538,0.000,0.462
780000,0.546,0.002,0.452
780500,0.598,0.000,0.402
781000,0.658,0.000,0.342
781500,0.687,0.000,0.313
782000,0.604,0.000,0.396
782500,0.625,0.000,0.375
783000,0.575,0.000,0.425
783500,0.585,0.000,0.415
784000,0.592,0.000,0.408
784500,0.570,0.000,0.430
785000,0.650,0.000,0.350
785500,0.631,0.000,0.369
786000,0.647,0.000,0.353
786500,0.657,0.000,0.343
787000,0.648,0.000,0.352
787500,0.669,0.000,0.331
788000,0.697,0.000,0.303
788500,0.698,0.000,0.302
789000,0.646,0.000,0.354
789500,0.607,0.000,0.393
790000,0.595,0.004,0.401
790500,0.588,0.000,0.412
791000,0.540,0.000,0.460
791500,0.486,0.000,0.514
792000,0.603,0.000,0.397
792500,0.646,0.000,0.354
793000,0.640,0.000,0.360
793500,0.546,0.000,0.454
794000,0.585,0.000,0.415
794500,0.605,0.000,0.395
795000,0.575,0.000,0.425
795500,0.639,0.000,0.361
796000,0.660,0.000,0.340
796500,0.624,0.000,0.376
797000,0.682,0.000,0.318
797500,0.788,0.000,0.212
798000,0.741,0.000,0.259
798500,0.727,0.000,0.273
799000,0.701,0.000,0.299
799500,0.747,0.000,0.253
800000,0.762,0.000,0.238
800500,0.707,0.000,0.293
801000,0.669,0.000,0.331
801500,0.722,0.000,0.278
802000,0.711,0.000,0.289
802500,0.555,0.000,0.445
803000,0.505,0.000,0.495
803500,0.540,0.000,0.460
804000,0.552,0.006,0.442
804500,0.576,0.001,0.423
805000,0.584,0.000,0.416
805500,0.659,0.006,0.335
806000,0.748,0.001,0.251
806500,0.687,0.000,0.313
807000,0.710,0.000,0.290
807500,0.664,0.000,0.336
808000,0.578,0.000,0.422
808500,0.655,0.000,0.345
809000,0.659,0.000,0.341
809500,0.663,0.000,0.337
810000,0.704,0.000,0.296
810500,0.685,0.000,0.315
811000,0.598,0.000,0.402
811500,0.639,0.000,0.361
812000,0.684,0.000,0.316
812500,0.652,0.000,0.348
813000,0.642,0.000,0.358
813500,0.674,0.000,0.326
814000,0.730,0.000,0.270
814500,0.749,0.000,0.251
815000,0.746,0.000,0.254
815500,0.792,0.000,0.208
816000,0.806,0.000,0.194
816500,0.767,0.000,0.233
817000,0.664,0.000,0.336
817500,0.672,0.000,0.328
818000,0.646,0.000,0.354
818500,0.645,0.000,0.355
819000,0.675,0.000,0.325
819500,0.746,0.000,0.254
820000,0.833,0.000,0.167
820500,0.757,0.000,0.243
821000,0.711,0.000,0.289
821500,0.670,0.000,0.330
822000,0.635,0.000,0.365
822500,0.597,0.000,0.403
823000,0.646,0.000,0.354
823500,0.670,0.000,0.330
824000,0.604,0.000,0.396
824500,0.615,0.000,0.385
825000,0.585,0.002,0.413
825500,0.613,0.000,0.387
826000,0.631,0.005,0.364
826500,0.629,0.000,0.371
827000,0.714,0.000,0.286
827500,0.744,0.000,0.256
828000,0.600,0.000,0.400
828500,0.648,0.000,0.352
829000,0.647,0.000,0.353
829500,0.608,0.000,0.392
830000,0.575,0.000,0.425
830500,0.541,0.000,0.459
831000,0.612,0.000,0.388
831500,0.599,0.003,0.398
832000,0.605,0.000,0.395
832500,0.589,0.000,0.411
833000,0.626,0.000,0.374
833500,0.553,0.000,0.447
834000,0.532,0.000,0.468
834500,0.508,0.000,0.492
835000,0.526,0.000,0.474
835500,0.618,0.000,0.382
836000,0.610,0.000,0.390
836500,0.686,0.000,0.314
837000,0.632,0.000,0.368
837500,0.640,0.000,0.360
838000,0.618,0.000,0.382
838500,0.577,0.000,0.423
839000,0.592,0.000,0.408
839500,0.645,0.000,0.355
840000,0.694,0.000,0.306
840500,0.776,0.000,0.224
841000,0.768,0.000,0.232
841500,0.731,0.000,0.269
842000,0.698,0.000,0.302
842500,0.707,0.000,0.293
843000,0.720,0.000,0.280
843500,0.735,0.000,0.265
844000,0.734,0.000,0.266
844500,0.728,0.000,0.272
845000,0.728,0.000,0.272
845500,0.698,0.000,0.302
846000,0.684,0.000,0.316
846500,0.682,0.000,0.318
847000,0.585,0.000,0.415
847500,0.638,0.000,0.362
848000,0.559,0.000,0.441
848500,0.574,0.000,0.426
849000,0.510,0.000,0.490
849500,0.580,0.000,0.420
850000,0.645,0.000,0.355
850500,0.653,0.000,0.347
851000,0.630,0.000,0.370
851500,0.607,0.000,0.393
852000,0.593,0.000,0.407
852500,0.539,0.000,0.461
853000,0.688,0.000,0.312
853500,0.602,0.000,0.398
854000,0.608,0.000,0.392
854500,0.670,0.000,0.330
855000,0.629,0.000,0.371
855500,0.693,0.000,0.307
856000,0.644,0.000,0.356
856500,0.656,0.000,0.344
857000,0.674,0.000,0.326
857500,0.653,0.000,0.347
858000,0.661,0.000,0.339
858500,0.618,0.000,0.382
859000,0.599,0.000,0.401
859500,0.485,0.000,0.515
860000,0.531,0.000,0.469
860500,0.547,0.000,0.453
861000,0.600,0.000,0.400
861500,0.550,0.000,0.450
862000,0.575,0.000,0.425
862500,0.593,0.000,0.407
863000,0.567,0.000,0.433
863500,0.648,0.000,0.352
864000,0.616,0.000,0.384
864500,0.629,0.000,0.371
865000,0.679,0.006,0.315
865500,0.572,0.000,0.428
866000,0.539,0.004,0.457
866500,0.544,0.000,0.456
867000,0.550,0.000,0.450
867500,0.696,0.000,0.304
868000,0.648,0.000,0.352
868500,0.705,0.000,0.295
869000,0.684,0.000,0.316
869500,0.752,0.000,0.248
870000,0.778,0.000,0.222
870500,0.727,0.000,0.273
871000,0.639,0.000,0.361
871500,0.672,0.000,0.328
872000,0.586,0.000,0.414
872500,0.704,0.000,0.296
873000,0.749,0.000,0.251
873500,0.653,0.000,0.347
874000,0.708,0.000,0.292
874500,0.692,0.000,0.308
875000,0.657,0.000,0.343
875500,0.667,0.000,0.333
876000,0.670,0.000,0.330
876500,0.674,0.000,0.326
877000,0.693,0.000,0.307
877500,0.721,0.000,0.279
878000,0.754,0.000,0.246
878500,0.817,0.000,0.183
879000,0.859,0.000,0.141
879500,0.818,0.000,0.182
880000,0.811,0.000,0.189
880500,0.817,0.000,0.183
881000,0.736,0.000,0.264
881500,0.722,0.000,0.278
882000,0.661,0.000,0.339
882500,0.650,0.000,0.350
883000,0.700,0.000,0.300
883500,0.572,0.000,0.428
884000,0.561,0.000,0.439
884500,0.622,0.000,0.378
885000,0.677,0.000,0.323
885500,0.717,0.000,0.283
886000,0.670,0.000,0.330
886500,0.665,0.000,0.335
887000,0.646,0.000,0.354
887500,0.615,0.000,0.385
888000,0.671,0.000,0.329
888500,0.740,0.000,0.260
889000,0.742,0.000,0.258
889500,0.674,0.000,0.326
890000,0.629,0.003,0.368
890500,0.689,0.000,0.311
891000,0.633,0.000,0.367
891500,0.672,0.000,0.328
892000,0.687,0.000,0.313
892500,0.673,0.000,0.327
893000,0.719,0.000,0.281
893500,0.720,0.000,0.280
894000,0.639,0.000,0.361
894500,0.632,0.000,0.368
895000,0.592,0.003,0.405
895500,0.525,0.000,0.475
896000,0.530,0.000,0.470
896500,0.555,0.000,0.445
897000,0.580,0.000,0.420
897500,0.525,0.000,0.475
898000,0.658,0.000,0.342
898500,0.698,0.000,0.302
899000,0.705,0.000,0.295
899500,0.652,0.000,0.348
900000,0.625,0.000,0.375
900500,0.580,0.000,0.420
901000,0.619,0.000,0.381
901500,0.623,0.000,0.377
902000,0.694,0.000,0.306
902500,0.614,0.000,0.386
903000,0.627,0.004,0.369
903500,0.704,0.000,0.296
904000,0.682,0.000,0.318
904500,0.717,0.000,0.283
905000,0.709,0.000,0.291
905500,0.709,0.000,0.291
906000,0.611,0.000,0.389
906500,0.614,0.000,0.386
907000,0.586,0.000,0.414
907500,0.560,0.000,0.440
908000,0.536,0.000,0.464
908500,0.526,0.000,0.474
909000,0.536,0.000,0.464
909500,0.615,0.000,0.385
910000,0.525,0.000,0.475
910500,0.579,0.000,0.421
911000,0.542,0.000,0.458
911500,0.598,0.000,0.402
912000,0.587,0.000,0.413
912500,0.658,0.000,0.342
913000,0.618,0.000,0.382
913500,0.567,0.000,0.433
914000,0.610,0.000,0.390
914500,0.683,0.000,0.317
915000,0.594,0.000,0.406
915500,0.639,0.000,0.361
916000,0.675,0.000,0.325
916500,0.646,0.000,0.354
917000,0.632,0.000,0.368
917500,0.634,0.000,0.366
918000,0.585,0.000,0.415
918500,0.605,0.000,0.395
919000,0.610,0.000,0.390
919500,0.620,0.000,0.380
920000,0.589,0.000,0.411
920500,0.657,0.000,0.343
921000,0.697,0.000,0.303
921500,0.643,0.000,0.357
922000,0.638,0.000,0.362
922500,0.585,0.000,0.415
923000,0.643,0.000,0.357
923500,0.661,0.000,0.339
924000,0.640,0.000,0.360
924500,0.608,0.000,0.392
925000,0.669,0.000,0.331
925500,0.652,0.000,0.348
926000,0.652,0.007,0.341
926500,0.717,0.000,0.283
927000,0.617,0.000,0.383
927500,0.655,0.000,0.345
928000,0.644,0.000,0.356
928500,0.648,0.000,0.352
929000,0.667,0.000,0.333
929500,0.623,0.000,0.377
930000,0.701,0.000,0.299
930500,0.631,0.000,0.369
931000,0.601,0.000,0.399
931500,0.596,0.000,0.404
932000,0.592,0.000,0.408
932500,0.625,0.000,0.375
933000,0.575,0.000,0.425
933500,0.593,0.000,0.407
934000,0.627,0.000,0.373
934500,0.654,0.000,0.346
935000,0.591,0.000,0.409
935500,0.584,0.000,0.416
936000,0.675,0.000,0.325
936500,0.720,0.000,0.280
937000,0.772,0.000,0.228
937500,0.749,0.000,0.251
938000,0.811,0.000,0.189
938500,0.741,0.000,0.259
939000,0.744,0.000,0.256
939500,0.759,0.000,0.241
940000,0.771,0.000,0.229
940500,0.793,0.000,0.207
941000,0.766,0.000,0.234
941500,0.750,0.000,0.250
942000,0.727,0.000,0.273
942500,0.800,0.000,0.200
943000,0.754,0.000,0.246
943500,0.779,0.000,0.221
944000,0.801,0.000,0.199
944500,0.749,0.000,0.251
945000,0.791,0.000,0.209
945500,0.778,0.000,0.222
946000,0.807,0.000,0.193
946500,0.706,0.000,0.294
947000,0.783,0.000,0.217
947500,0.774,0.000,0.226
948000,0.713,0.000,0.287
948500,0.700,0.000,0.300
949000,0.697,0.000,0.303
949500,0.621,0.000,0.379
950000,0.595,0.000,0.405
950500,0.530,0.000,0.470
951000,0.596,0.000,0.404
951500,0.625,0.000,0.375
952000,0.641,0.000,0.359
952500,0.637,0.000,0.363
953000,0.506,0.008,0.486
953500,0.572,0.002,0.426
954000,0.636,0.000,0.364
954500,0.699,0.000,0.301
955000,0.692,0.000,0.308
955500,0.689,0.000,0.311
956000,0.610,0.000,0.390
956500,0.640,0.000,0.360
957000,0.530,0.000,0.470
957500,0.523,0.000,0.477
958000,0.548,0.008,0.444
958500,0.588,0.000,0.412
959000,0.598,0.000,0.402
959500,0.645,0.000,0.355
960000,0.683,0.000,0.317
960500,0.640,0.000,0.360
961000,0.609,0.000,0.391
961500,0.673,0.000,0.327
962000,0.694,0.000,0.306
962500,0.698,0.000,0.302
963000,0.637,0.000,0.363
963500,0.625,0.000,0.375
964000,0.644,0.000,0.356
964500,0.503,0.000,0.497
965000,0.575,0.003,0.422
965500,0.652,0.000,0.348
966000,0.613,0.000,0.387
966500,0.620,0.000,0.380
967000,0.513,0.000,0.487
967500,0.621,0.000,0.379
968000,0.605,0.000,0.395
968500,0.518,0.001,0.481
969000,0.498,0.000,0.502
969500,0.617,0.000,0.383
970000,0.647,0.000,0.353
970500,0.621,0.000,0.379
971000,0.641,0.000,0.359
971500,0.637,0.000,0.363
972000,0.656,0.000,0.344
972500,0.610,0.000,0.390
973000,0.590,0.001,0.409
973500,0.611,0.000,0.389
974000,0.594,0.000,0.406
974500,0.575,0.000,0.425
975000,0.523,0.000,0.477
975500,0.562,0.000,0.438
976000,0.564,0.000,0.436
976500,0.570,0.000,0.430
977000,0.591,0.000,0.409
977500,0.642,0.000,0.358
978000,0.502,0.000,0.498
978500,0.511,0.000,0.489
979000,0.612,0.000,0.388
979500,0.534,0.000,0.466
980000,0.598,0.000,0.402
980500,0.576,0.000,0.424
981000,0.550,0.000,0.450
981500,0.574,0.000,0.426
982000,0.583,0.000,0.417
982500,0.668,0.000,0.332
983000,0.632,0.000,0.368
983500,0.648,0.000,0.352
984000,0.698,0.000,0.302
984500,0.686,0.000,0.314
985000,0.567,0.000,0.433
985500,0.611,0.000,0.389
986000,0.556,0.000,0.444
986500,0.552,0.000,0.448
987000,0.586,0.000,0.414
987500,0.642,0.000,0.358
988000,0.595,0.000,0.405
988500,0.666,0.000,0.334
989000,0.727,0.000,0.273
989500,0.657,0.000,0.343
990000,0.604,0.000,0.396
990500,0.631,0.000,0.369
991000,0.611,0.000,0.389
991500,0.579,0.000,0.421
992000,0.578,0.000,0.422
992500,0.628,0.000,0.372
993000,0.619,0.000,0.381
993500,0.697,0.000,0.303
994000,0.636,0.000,0.364
994500,0.716,0.000,0.284
995000,0.723,0.000,0.277
995500,0.691,0.000,0.309
996000,0.713,0.000,0.287
996500,0.644,0.000,0.356
997000,0.648,0.000,0.352
997500,0.554,0.000,0.446
998000,0.574,0.000,0.426
998500,0.541,0.000,0.459
999000,0.645,0.000,0.355
999500,0.658,0.000,0.342
1000000,0.603,0.000,0.397
