time,n_A+p,n_B,n_AB
500,0.030,0.492,0.478
1000,0.030,0.357,0.613
1500,0.030,0.396,0.574
2000,0.030,0.463,0.507
2500,0.030,0.332,0.638
3000,0.030,0.449,0.521
3500,0.030,0.448,0.522
4000,0.030,0.268,0.702
4500,0.030,0.332,0.638
5000,0.030,0.528,0.442
5500,0.030,0.349,0.621
6000,0.030,0.444,0.526
6500,0.030,0.469,0.501
7000,0.030,0.349,0.621
7500,0.030,0.577,0.393
8000,0.030,0.429,0.541
8500,0.030,0.472,0.498
9000,0.030,0.565,0.405
9500,0.030,0.410,0.560
10000,0.030,0.428,0.542
10500,0.030,0.381,0.589
11000,0.030,0.535,0.435
11500,0.030,0.324,0.646
12000,0.030,0.303,0.667
12500,0.030,0.519,0.451
13000,0.030,0.457,0.513
13500,0.030,0.530,0.440
14000,0.030,0.456,0.514
14500,0.030,0.348,0.622
15000,0.030,0.623,0.347
15500,0.030,0.453,0.517
16000,0.030,0.416,0.554
16500,0.030,0.404,0.566
17000,0.030,0.475,0.495
17500,0.030,0.516,0.454
18000,0.030,0.287,0.683
18500,0.030,0.279,0.691
19000,0.030,0.518,0.452
19500,0.030,0.313,0.657
20000,0.030,0.356,0.614
20500,0.030,0.427,0.543
21000,0.030,0.589,0.381
21500,0.030,0.285,0.685
22000,0.030,0.362,0.608
22500,0.030,0.353,0.617
23000,0.030,0.340,0.630
23500,0.030,0.418,0.552
24000,0.030,0.457,0.513
24500,0.030,0.411,0.559
25000,0.030,0.347,0.623
25500,0.030,0.345,0.625
26000,0.030,0.440,0.530
26500,0.030,0.418,0.552
27000,0.030,0.432,0.538
27500,0.030,0.244,0.726
28000,0.030,0.308,0.662
28500,0.030,0.392,0.578
29000,0.044,0.307,0.649
29500,0.030,0.298,0.672
30000,0.030,0.397,0.573
30500,0.030,0.315,0.655
31000,0.030,0.492,0.478
31500,0.030,0.381,0.589
32000,0.030,0.393,0.577
32500,0.030,0.383,0.587
33000,0.030,0.316,0.654
33500,0.030,0.507,0.463
34000,0.030,0.519,0.451
34500,0.030,0.293,0.677
35000,0.030,0.430,0.540
35500,0.030,0.413,0.557
36000,0.030,0.413,0.557
36500,0.030,0.377,0.593
37000,0.030,0.345,0.625
37500,0.030,0.462,0.508
38000,0.030,0.400,0.570
38500,0.030,0.469,0.501
39000,0.030,0.432,0.538
39500,0.030,0.446,0.524
40000,0.030,0.306,0.664
40500,0.030,0.285,0.685
41000,0.030,0.290,0.680
41500,0.030,0.238,0.732
42000,0.030,0.377,0.593
42500,0.030,0.514,0.456
43000,0.030,0.402,0.568
43500,0.030,0.478,0.492
44000,0.030,0.421,0.549
44500,0.030,0.444,0.526
45000,0.030,0.382,0.588
45500,0.030,0.345,0.625
46000,0.030,0.458,0.512
46500,0.030,0.534,0.436
47000,0.030,0.434,0.536
47500,0.030,0.439,0.531
48000,0.030,0.277,0.693
48500,0.030,0.355,0.615
49000,0.030,0.434,0.536
49500,0.030,0.498,0.472
50000,0.030,0.605,0.365
50500,0.030,0.533,0.437
51000,0.030,0.278,0.692
51500,0.030,0.506,0.464
52000,0.030,0.522,0.448
52500,0.030,0.414,0.556
53000,0.030,0.505,0.465
53500,0.030,0.563,0.407
54000,0.030,0.515,0.455
54500,0.030,0.417,0.553
55000,0.030,0.374,0.596
55500,0.030,0.349,0.621
56000,0.030,0.347,0.623
56500,0.030,0.382,0.588
57000,0.030,0.436,0.534
57500,0.030,0.331,0.639
58000,0.030,0.341,0.629
58500,0.030,0.416,0.554
59000,0.030,0.293,0.677
59500,0.030,0.399,0.571
60000,0.030,0.359,0.611
60500,0.030,0.319,0.651
61000,0.030,0.397,0.573
61500,0.030,0.523,0.447
62000,0.030,0.411,0.559
62500,0.030,0.489,0.481
63000,0.030,0.309,0.661
63500,0.030,0.428,0.542
64000,0.030,0.368,0.602
64500,0.030,0.349,0.621
65000,0.030,0.318,0.652
65500,0.030,0.394,0.576
66000,0.030,0.475,0.495
66500,0.030,0.338,0.632
67000,0.030,0.612,0.358
67500,0.030,0.282,0.688
68000,0.030,0.398,0.572
68500,0.030,0.390,0.580
69000,0.030,0.433,0.537
69500,0.030,0.464,0.506
70000,0.030,0.368,0.602
70500,0.030,0.382,0.588
71000,0.030,0.533,0.437
71500,0.030,0.368,0.602
72000,0.030,0.221,0.749
72500,0.030,0.525,0.445
73000,0.030,0.457,0.513
73500,0.030,0.430,0.540
74000,0.030,0.306,0.664
74500,0.030,0.440,0.530
75000,0.030,0.377,0.593
75500,0.030,0.477,0.493
76000,0.030,0.350,0.620
76500,0.030,0.398,0.572
77000,0.030,0.468,0.502
77500,0.030,0.410,0.560
78000,0.030,0.396,0.574
78500,0.030,0.451,0.519
79000,0.030,0.280,0.690
79500,0.030,0.264,0.706
80000,0.030,0.537,0.433
80500,0.030,0.499,0.471
81000,0.030,0.437,0.533
81500,0.030,0.383,0.587
82000,0.030,0.318,0.652
82500,0.030,0.335,0.635
83000,0.030,0.437,0.533
83500,0.030,0.394,0.576
84000,0.030,0.302,0.668
84500,0.030,0.380,0.590
85000,0.030,0.378,0.592
85500,0.030,0.511,0.459
86000,0.030,0.490,0.480
86500,0.030,0.362,0.608
87000,0.030,0.470,0.500
87500,0.030,0.390,0.580
88000,0.030,0.502,0.468
88500,0.030,0.526,0.444
89000,0.030,0.342,0.628
89500,0.030,0.577,0.393
90000,0.030,0.589,0.381
90500,0.030,0.299,0.671
91000,0.030,0.453,0.517
91500,0.030,0.326,0.644
92000,0.030,0.296,0.674
92500,0.030,0.442,0.528
93000,0.030,0.374,0.596
93500,0.030,0.434,0.536
94000,0.030,0.530,0.440
94500,0.030,0.371,0.599
95000,0.030,0.362,0.608
95500,0.030,0.377,0.593
96000,0.030,0.375,0.595
96500,0.030,0.404,0.566
97000,0.030,0.408,0.562
97500,0.030,0.441,0.529
98000,0.030,0.298,0.672
98500,0.030,0.480,0.490
99000,0.030,0.346,0.624
99500,0.030,0.443,0.527
100000,0.030,0.374,0.596
100500,0.030,0.420,0.550
101000,0.030,0.371,0.599
101500,0.030,0.445,0.525
102000,0.030,0.772,0.198
102500,0.030,0.341,0.629
103000,0.030,0.454,0.516
103500,0.030,0.320,0.650
104000,0.030,0.367,0.603
104500,0.030,0.327,0.643
105000,0.030,0.339,0.631
105500,0.030,0.393,0.577
106000,0.030,0.535,0.435
106500,0.030,0.265,0.705
107000,0.030,0.399,0.571
107500,0.030,0.567,0.403
108000,0.030,0.367,0.603
108500,0.030,0.560,0.410
109000,0.030,0.285,0.685
109500,0.030,0.460,0.510
110000,0.030,0.304,0.666
110500,0.030,0.455,0.515
111000,0.030,0.271,0.699
111500,0.030,0.579,0.391
112000,0.030,0.472,0.498
112500,0.030,0.396,0.574
113000,0.030,0.469,0.501
113500,0.030,0.426,0.544
114000,0.030,0.396,0.574
114500,0.030,0.308,0.662
115000,0.030,0.594,0.376
115500,0.030,0.248,0.722
116000,0.030,0.413,0.557
116500,0.030,0.392,0.578
117000,0.030,0.297,0.673
117500,0.030,0.475,0.495
118000,0.030,0.262,0.708
118500,0.030,0.243,0.727
119000,0.030,0.364,0.606
119500,0.030,0.458,0.512
120000,0.030,0.386,0.584
120500,0.030,0.395,0.575
121000,0.030,0.364,0.606
121500,0.030,0.370,0.600
122000,0.030,0.294,0.676
122500,0.030,0.328,0.642
123000,0.030,0.366,0.604
123500,0.030,0.249,0.721
124000,0.030,0.246,0.724
124500,0.030,0.363,0.607
125000,0.030,0.340,0.630
125500,0.030,0.477,0.493
126000,0.030,0.303,0.667
126500,0.030,0.546,0.424
127000,0.030,0.282,0.688
127500,0.030,0.300,0.670
128000,0.030,0.467,0.503
128500,0.030,0.354,0.616
129000,0.030,0.508,0.462
129500,0.030,0.364,0.606
130000,0.030,0.524,0.446
130500,0.030,0.368,0.602
131000,0.030,0.366,0.604
131500,0.030,0.328,0.642
132000,0.030,0.304,0.666
132500,0.030,0.320,0.650
133000,0.030,0.487,0.483
133500,0.030,0.477,0.493
134000,0.030,0.424,0.546
134500,0.030,0.389,0.581
135000,0.030,0.328,0.642
135500,0.030,0.413,0.557
136000,0.030,0.435,0.535
136500,0.030,0.445,0.525
137000,0.030,0.263,0.707
137500,0.030,0.360,0.610
138000,0.030,0.559,0.411
138500,0.030,0.526,0.444
139000,0.030,0.477,0.493
139500,0.030,0.335,0.635
140000,0.030,0.366,0.604
140500,0.030,0.260,0.710
141000,0.030,0.380,0.590
141500,0.030,0.527,0.443
142000,0.030,0.288,0.682
142500,0.030,0.394,0.576
143000,0.030,0.508,0.462
143500,0.030,0.470,0.500
144000,0.030,0.485,0.485
144500,0.030,0.587,0.383
145000,0.030,0.450,0.520
145500,0.030,0.456,0.514
146000,0.030,0.378,0.592
146500,0.030,0.276,0.694
147000,0.030,0.461,0.509
147500,0.030,0.514,0.456
148000,0.030,0.368,0.602
148500,0.030,0.314,0.656
149000,0.030,0.368,0.602
149500,0.030,0.396,0.574
150000,0.030,0.416,0.554
150500,0.030,0.359,0.611
151000,0.030,0.368,0.602
151500,0.030,0.526,0.444
152000,0.030,0.418,0.552
152500,0.030,0.369,0.601
153000,0.030,0.388,0.582
153500,0.030,0.286,0.684
154000,0.030,0.176,0.794
154500,0.030,0.500,0.470
155000,0.030,0.420,0.550
155500,0.030,0.479,0.491
156000,0.030,0.469,0.501
156500,0.030,0.400,0.570
157000,0.030,0.414,0.556
157500,0.030,0.234,0.736
158000,0.030,0.466,0.504
158500,0.030,0.276,0.694
159000,0.030,0.391,0.579
159500,0.030,0.241,0.729
160000,0.030,0.493,0.477
160500,0.030,0.497,0.473
161000,0.030,0.395,0.575
161500,0.030,0.415,0.555
162000,0.030,0.249,0.721
162500,0.030,0.251,0.719
163000,0.030,0.371,0.599
163500,0.030,0.417,0.553
164000,0.030,0.383,0.587
164500,0.030,0.422,0.548
165000,0.030,0.287,0.683
165500,0.030,0.170,0.800
166000,0.030,0.431,0.539
166500,0.030,0.360,0.610
167000,0.030,0.330,0.640
167500,0.030,0.487,0.483
168000,0.030,0.403,0.567
168500,0.030,0.305,0.665
169000,0.030,0.199,0.771
169500,0.030,0.392,0.578
170000,0.030,0.501,0.469
170500,0.030,0.349,0.621
171000,0.030,0.413,0.557
171500,0.030,0.371,0.599
172000,0.030,0.357,0.613
172500,0.030,0.410,0.560
173000,0.030,0.376,0.594
173500,0.030,0.470,0.500
174000,0.030,0.224,0.746
174500,0.030,0.465,0.505
175000,0.030,0.524,0.446
175500,0.030,0.366,0.604
176000,0.030,0.363,0.607
176500,0.030,0.371,0.599
177000,0.030,0.442,0.528
177500,0.030,0.440,0.530
178000,0.030,0.455,0.515
178500,0.030,0.277,0.693
179000,0.030,0.346,0.624
179500,0.030,0.403,0.567
180000,0.030,0.319,0.651
180500,0.030,0.305,0.665
181000,0.030,0.435,0.535
181500,0.030,0.435,0.535
182000,0.030,0.337,0.633
182500,0.030,0.504,0.466
183000,0.030,0.258,0.712
183500,0.030,0.432,0.538
184000,0.030,0.370,0.600
184500,0.030,0.290,0.680
185000,0.030,0.378,0.592
185500,0.030,0.465,0.505
186000,0.030,0.531,0.439
186500,0.030,0.300,0.670
187000,0.030,0.345,0.625
187500,0.030,0.468,0.502
188000,0.030,0.495,0.475
188500,0.030,0.504,0.466
189000,0.030,0.245,0.725
189500,0.030,0.380,0.590
190000,0.030,0.235,0.735
190500,0.030,0.407,0.563
191000,0.030,0.253,0.717
191500,0.030,0.399,0.571
192000,0.030,0.384,0.586
192500,0.030,0.366,0.604
193000,0.030,0.403,0.567
193500,0.030,0.378,0.592
194000,0.030,0.572,0.398
194500,0.030,0.403,0.567
195000,0.030,0.524,0.446
195500,0.030,0.221,0.749
196000,0.030,0.296,0.674
196500,0.030,0.286,0.684
197000,0.030,0.507,0.463
197500,0.030,0.333,0.637
198000,0.030,0.216,0.754
198500,0.030,0.382,0.588
199000,0.030,0.352,0.618
199500,0.030,0.462,0.508
200000,0.030,0.398,0.572
200500,0.030,0.408,0.562
201000,0.030,0.410,0.560
201500,0.030,0.494,0.476
202000,0.030,0.383,0.587
202500,0.030,0.222,0.748
203000,0.030,0.366,0.604
203500,0.030,0.346,0.624
204000,0.030,0.462,0.508
204500,0.030,0.419,0.551
205000,0.030,0.283,0.687
205500,0.030,0.325,0.645
206000,0.030,0.452,0.518
206500,0.030,0.382,0.588
207000,0.030,0.502,0.468
207500,0.030,0.342,0.628
208000,0.030,0.543,0.427
208500,0.030,0.526,0.444
209000,0.030,0.407,0.563
209500,0.030,0.383,0.587
210000,0.030,0.303,0.667
210500,0.030,0.395,0.575
211000,0.030,0.341,0.629
211500,0.030,0.291,0.679
212000,0.030,0.408,0.562
212500,0.030,0.340,0.630
213000,0.030,0.367,0.603
213500,0.030,0.304,0.666
214000,0.030,0.380,0.590
214500,0.030,0.521,0.449
215000,0.030,0.241,0.729
215500,0.030,0.254,0.716
216000,0.030,0.416,0.554
216500,0.030,0.408,0.562
217000,0.030,0.520,0.450
217500,0.030,0.420,0.550
218000,0.030,0.343,0.627
218500,0.030,0.190,0.780
219000,0.030,0.260,0.710
219500,0.030,0.536,0.434
220000,0.030,0.280,0.690
220500,0.030,0.543,0.427
221000,0.030,0.621,0.349
221500,0.030,0.367,0.603
222000,0.030,0.260,0.710
222500,0.030,0.227,0.743
223000,0.030,0.373,0.597
223500,0.030,0.348,0.622
224000,0.030,0.387,0.583
224500,0.030,0.499,0.471
225000,0.030,0.337,0.633
225500,0.030,0.298,0.672
226000,0.030,0.424,0.546
226500,0.030,0.368,0.602
227000,0.030,0.323,0.647
227500,0.030,0.270,0.700
228000,0.030,0.232,0.738
228500,0.030,0.384,0.586
229000,0.030,0.502,0.468
229500,0.030,0.393,0.577
230000,0.030,0.462,0.508
230500,0.030,0.259,0.711
231000,0.030,0.358,0.612
231500,0.030,0.346,0.624
232000,0.030,0.288,0.682
232500,0.030,0.458,0.512
233000,0.030,0.347,0.623
233500,0.030,0.435,0.535
234000,0.030,0.332,0.638
234500,0.030,0.443,0.527
235000,0.030,0.377,0.593
235500,0.030,0.363,0.607
236000,0.030,0.398,0.572
236500,0.030,0.330,0.640
237000,0.030,0.435,0.535
237500,0.030,0.508,0.462
238000,0.030,0.552,0.418
238500,0.030,0.364,0.606
239000,0.030,0.369,0.601
239500,0.030,0.298,0.672
240000,0.030,0.237,0.733
240500,0.030,0.473,0.497
241000,0.030,0.413,0.557
241500,0.030,0.394,0.576
242000,0.030,0.478,0.492
242500,0.030,0.299,0.671
243000,0.030,0.308,0.662
243500,0.030,0.527,0.443
244000,0.030,0.207,0.763
244500,0.030,0.300,0.670
245000,0.030,0.389,0.581
245500,0.030,0.280,0.690
246000,0.030,0.514,0.456
246500,0.030,0.461,0.509
247000,0.030,0.567,0.403
247500,0.030,0.357,0.613
248000,0.030,0.239,0.731
248500,0.030,0.488,0.482
249000,0.030,0.474,0.496
249500,0.030,0.411,0.559
250000,0.030,0.441,0.529
250500,0.030,0.456,0.514
251000,0.030,0.472,0.498
251500,0.030,0.323,0.647
252000,0.030,0.598,0.372
252500,0.030,0.389,0.581
253000,0.030,0.382,0.588
253500,0.030,0.576,0.394
254000,0.030,0.399,0.571
254500,0.030,0.544,0.426
255000,0.030,0.510,0.460
255500,0.030,0.279,0.691
256000,0.030,0.558,0.412
256500,0.030,0.432,0.538
257000,0.030,0.236,0.734
257500,0.030,0.389,0.581
258000,0.030,0.388,0.582
258500,0.030,0.463,0.507
259000,0.030,0.477,0.493
259500,0.030,0.392,0.578
260000,0.030,0.548,0.422
260500,0.030,0.353,0.617
261000,0.030,0.369,0.601
261500,0.030,0.331,0.639
262000,0.030,0.331,0.639
262500,0.030,0.473,0.497
263000,0.030,0.337,0.633
263500,0.030,0.558,0.412
264000,0.030,0.422,0.548
264500,0.030,0.571,0.399
265000,0.030,0.396,0.574
265500,0.030,0.460,0.510
266000,0.030,0.487,0.483
266500,0.030,0.403,0.567
267000,0.030,0.467,0.503
267500,0.030,0.336,0.634
268000,0.030,0.396,0.574
268500,0.030,0.329,0.641
269000,0.030,0.400,0.570
269500,0.030,0.453,0.517
270000,0.030,0.285,0.685
270500,0.030,0.494,0.476
271000,0.030,0.509,0.461
271500,0.030,0.469,0.501
272000,0.030,0.339,0.631
272500,0.030,0.321,0.649
273000,0.030,0.433,0.537
273500,0.030,0.431,0.539
274000,0.030,0.394,0.576
274500,0.030,0.573,0.397
275000,0.030,0.343,0.627
275500,0.030,0.301,0.669
276000,0.030,0.410,0.560
276500,0.030,0.530,0.440
277000,0.030,0.299,0.671
277500,0.030,0.322,0.648
278000,0.030,0.494,0.476
278500,0.030,0.284,0.686
279000,0.030,0.385,0.585
279500,0.030,0.450,0.520
280000,0.030,0.269,0.701
280500,0.030,0.287,0.683
281000,0.030,0.330,0.640
281500,0.030,0.376,0.594
282000,0.030,0.254,0.716
282500,0.030,0.466,0.504
283000,0.030,0.381,0.589
283500,0.030,0.394,0.576
284000,0.030,0.489,0.481
284500,0.030,0.315,0.655
285000,0.030,0.230,0.740
285500,0.030,0.591,0.379
286000,0.030,0.350,0.620
286500,0.030,0.468,0.502
287000,0.030,0.375,0.595
287500,0.053,0.208,0.739
288000,0.030,0.352,0.618
288500,0.030,0.391,0.579
289000,0.030,0.444,0.526
289500,0.030,0.250,0.720
290000,0.030,0.349,0.621
290500,0.030,0.471,0.499
291000,0.030,0.391,0.579
291500,0.030,0.497,0.473
292000,0.030,0.403,0.567
292500,0.030,0.247,0.723
293000,0.030,0.317,0.653
293500,0.030,0.421,0.549
294000,0.030,0.447,0.523
294500,0.030,0.323,0.647
295000,0.030,0.484,0.486
295500,0.030,0.342,0.628
296000,0.030,0.489,0.481
296500,0.030,0.382,0.588
297000,0.030,0.332,0.638
297500,0.030,0.538,0.432
298000,0.030,0.352,0.618
298500,0.030,0.388,0.582
299000,0.030,0.324,0.646
299500,0.030,0.335,0.635
300000,0.030,0.455,0.515
300500,0.030,0.391,0.579
301000,0.030,0.323,0.647
301500,0.030,0.249,0.721
302000,0.030,0.401,0.569
302500,0.030,0.351,0.619
303000,0.030,0.467,0.503
303500,0.030,0.277,0.693
304000,0.030,0.318,0.652
304500,0.030,0.347,0.623
305000,0.030,0.224,0.746
305500,0.030,0.413,0.557
306000,0.030,0.275,0.695
306500,0.030,0.398,0.572
307000,0.030,0.450,0.520
307500,0.030,0.253,0.717
308000,0.030,0.472,0.498
308500,0.030,0.356,0.614
309000,0.030,0.370,0.600
309500,0.030,0.344,0.626
310000,0.030,0.388,0.582
310500,0.030,0.371,0.599
311000,0.030,0.393,0.577
311500,0.030,0.285,0.685
312000,0.030,0.496,0.474
312500,0.030,0.299,0.671
313000,0.030,0.356,0.614
313500,0.030,0.327,0.643
314000,0.030,0.549,0.421
314500,0.030,0.309,0.661
315000,0.030,0.369,0.601
315500,0.030,0.513,0.457
316000,0.030,0.337,0.633
316500,0.030,0.527,0.443
317000,0.030,0.467,0.503
317500,0.030,0.412,0.558
318000,0.030,0.260,0.710
318500,0.030,0.435,0.535
319000,0.030,0.503,0.467
319500,0.030,0.647,0.323
320000,0.030,0.388,0.582
320500,0.030,0.529,0.441
321000,0.030,0.334,0.636
321500,0.030,0.328,0.642
322000,0.030,0.549,0.421
322500,0.030,0.541,0.429
323000,0.030,0.387,0.583
323500,0.030,0.428,0.542
324000,0.030,0.480,0.490
324500,0.030,0.445,0.525
325000,0.030,0.393,0.577
325500,0.030,0.381,0.589
326000,0.030,0.513,0.457
326500,0.030,0.462,0.508
327000,0.030,0.371,0.599
327500,0.030,0.354,0.616
328000,0.030,0.302,0.668
328500,0.030,0.540,0.430
329000,0.030,0.343,0.627
329500,0.030,0.300,0.670
330000,0.030,0.246,0.724
330500,0.030,0.535,0.435
331000,0.030,0.531,0.439
331500,0.030,0.375,0.595
332000,0.030,0.386,0.584
332500,0.030,0.390,0.580
333000,0.030,0.599,0.371
333500,0.030,0.448,0.522
334000,0.030,0.373,0.597
334500,0.030,0.463,0.507
335000,0.030,0.304,0.666
335500,0.030,0.366,0.604
336000,0.030,0.575,0.395
336500,0.030,0.249,0.721
337000,0.030,0.414,0.556
337500,0.030,0.445,0.525
338000,0.030,0.473,0.497
338500,0.030,0.350,0.620
339000,0.030,0.313,0.657
339500,0.030,0.536,0.434
340000,0.030,0.302,0.668
340500,0.030,0.364,0.606
341000,0.030,0.428,0.542
341500,0.030,0.427,0.543
342000,0.030,0.352,0.618
342500,0.030,0.373,0.597
343000,0.030,0.500,0.470
343500,0.030,0.279,0.691
344000,0.030,0.423,0.547
344500,0.030,0.541,0.429
345000,0.030,0.419,0.551
345500,0.030,0.471,0.499
346000,0.030,0.559,0.411
346500,0.030,0.358,0.612
347000,0.030,0.532,0.438
347500,0.030,0.247,0.723
348000,0.030,0.321,0.649
348500,0.030,0.302,0.668
349000,0.030,0.404,0.566
349500,0.030,0.243,0.727
350000,0.030,0.447,0.523
350500,0.030,0.502,0.468
351000,0.030,0.397,0.573
351500,0.030,0.409,0.561
352000,0.030,0.512,0.458
352500,0.030,0.510,0.460
353000,0.030,0.351,0.619
353500,0.030,0.422,0.548
354000,0.030,0.376,0.594
354500,0.030,0.320,0.650
355000,0.030,0.383,0.587
355500,0.030,0.233,0.737
356000,0.030,0.515,0.455
356500,0.030,0.536,0.434
357000,0.037,0.161,0.802
357500,0.030,0.298,0.672
358000,0.030,0.383,0.587
358500,0.030,0.263,0.707
359000,0.030,0.447,0.523
359500,0.030,0.380,0.590
360000,0.030,0.373,0.597
360500,0.030,0.395,0.575
361000,0.030,0.562,0.408
361500,0.030,0.334,0.636
362000,0.030,0.449,0.521
362500,0.030,0.275,0.695
363000,0.030,0.610,0.360
363500,0.030,0.273,0.697
364000,0.030,0.325,0.645
364500,0.030,0.421,0.549
365000,0.030,0.290,0.680
365500,0.030,0.446,0.524
366000,0.030,0.516,0.454
366500,0.030,0.372,0.598
367000,0.030,0.436,0.534
367500,0.030,0.385,0.585
368000,0.030,0.563,0.407
368500,0.030,0.370,0.600
369000,0.030,0.266,0.704
369500,0.030,0.358,0.612
370000,0.030,0.362,0.608
370500,0.030,0.385,0.585
371000,0.030,0.268,0.702
371500,0.030,0.409,0.561
372000,0.030,0.306,0.664
372500,0.030,0.509,0.461
373000,0.030,0.413,0.557
373500,0.030,0.459,0.511
374000,0.030,0.584,0.386
374500,0.030,0.502,0.468
375000,0.030,0.526,0.444
375500,0.030,0.390,0.580
376000,0.030,0.347,0.623
376500,0.030,0.288,0.682
377000,0.030,0.389,0.581
377500,0.030,0.323,0.647
378000,0.030,0.323,0.647
378500,0.030,0.496,0.474
379000,0.030,0.406,0.564
379500,0.030,0.408,0.562
380000,0.030,0.422,0.548
380500,0.030,0.373,0.597
381000,0.030,0.341,0.629
381500,0.030,0.280,0.690
382000,0.030,0.378,0.592
382500,0.030,0.441,0.529
383000,0.030,0.451,0.519
383500,0.030,0.424,0.546
384000,0.030,0.304,0.666
384500,0.030,0.360,0.610
385000,0.030,0.296,0.674
385500,0.030,0.435,0.535
386000,0.030,0.602,0.368
386500,0.030,0.499,0.471
387000,0.030,0.288,0.682
387500,0.030,0.390,0.580
388000,0.030,0.377,0.593
388500,0.030,0.385,0.585
389000,0.030,0.329,0.641
389500,0.030,0.425,0.545
390000,0.030,0.379,0.591
390500,0.030,0.473,0.497
391000,0.030,0.392,0.578
391500,0.030,0.382,0.588
392000,0.030,0.458,0.512
392500,0.030,0.377,0.593
393000,0.030,0.427,0.543
393500,0.030,0.362,0.608
394000,0.030,0.344,0.626
394500,0.030,0.362,0.608
395000,0.030,0.455,0.515
395500,0.030,0.287,0.683
396000,0.030,0.365,0.605
396500,0.030,0.408,0.562
397000,0.030,0.225,0.745
397500,0.030,0.437,0.533
398000,0.030,0.321,0.649
398500,0.030,0.264,0.706
399000,0.030,0.440,0.530
399500,0.030,0.205,0.765
400000,0.030,0.419,0.551
400500,0.030,0.431,0.539
401000,0.030,0.282,0.688
401500,0.030,0.568,0.402
402000,0.030,0.470,0.500
402500,0.030,0.246,0.724
403000,0.030,0.466,0.504
403500,0.030,0.345,0.625
404000,0.030,0.455,0.515
404500,0.030,0.301,0.669
405000,0.030,0.575,0.395
405500,0.030,0.444,0.526
406000,0.030,0.393,0.577
406500,0.030,0.467,0.503
407000,0.030,0.208,0.762
407500,0.030,0.384,0.586
408000,0.030,0.414,0.556
408500,0.030,0.413,0.557
409000,0.030,0.450,0.520
409500,0.030,0.459,0.511
410000,0.030,0.553,0.417
410500,0.030,0.450,0.520
411000,0.030,0.278,0.692
411500,0.030,0.530,0.440
412000,0.030,0.487,0.483
412500,0.030,0.397,0.573
413000,0.030,0.472,0.498
413500,0.030,0.392,0.578
414000,0.030,0.324,0.646
414500,0.030,0.380,0.590
415000,0.030,0.347,0.623
415500,0.030,0.248,0.722
416000,0.030,0.311,0.659
416500,0.030,0.569,0.401
417000,0.030,0.347,0.623
417500,0.030,0.433,0.537
418000,0.030,0.271,0.699
418500,0.030,0.322,0.648
419000,0.030,0.322,0.648
419500,0.030,0.276,0.694
420000,0.030,0.423,0.547
420500,0.030,0.346,0.624
421000,0.030,0.430,0.540
421500,0.030,0.330,0.640
422000,0.030,0.393,0.577
422500,0.030,0.307,0.663
423000,0.030,0.586,0.384
423500,0.030,0.296,0.674
424000,0.030,0.357,0.613
424500,0.030,0.433,0.537
425000,0.030,0.339,0.631
425500,0.030,0.400,0.570
426000,0.030,0.497,0.473
426500,0.030,0.294,0.676
427000,0.030,0.459,0.511
427500,0.030,0.404,0.566
428000,0.030,0.568,0.402
428500,0.030,0.497,0.473
429000,0.030,0.190,0.780
429500,0.030,0.255,0.715
430000,0.030,0.438,0.532
430500,0.030,0.401,0.569
431000,0.030,0.403,0.567
431500,0.030,0.368,0.602
432000,0.030,0.292,0.678
432500,0.030,0.364,0.606
433000,0.030,0.472,0.498
433500,0.030,0.372,0.598
434000,0.030,0.301,0.669
434500,0.030,0.249,0.721
435000,0.030,0.363,0.607
435500,0.030,0.621,0.349
436000,0.030,0.374,0.596
436500,0.030,0.427,0.543
437000,0.030,0.392,0.578
437500,0.030,0.374,0.596
438000,0.030,0.491,0.479
438500,0.030,0.502,0.468
439000,0.030,0.186,0.784
439500,0.030,0.319,0.651
440000,0.030,0.403,0.567
440500,0.030,0.455,0.515
441000,0.030,0.486,0.484
441500,0.030,0.275,0.695
442000,0.030,0.377,0.593
442500,0.030,0.297,0.673
443000,0.030,0.372,0.598
443500,0.030,0.358,0.612
444000,0.030,0.420,0.550
444500,0.030,0.340,0.630
445000,0.030,0.336,0.634
445500,0.030,0.392,0.578
446000,0.030,0.229,0.741
446500,0.030,0.334,0.636
447000,0.030,0.161,0.809
447500,0.030,0.274,0.696
448000,0.030,0.563,0.407
448500,0.030,0.480,0.490
449000,0.030,0.375,0.595
449500,0.030,0.287,0.683
450000,0.030,0.468,0.502
450500,0.030,0.306,0.664
451000,0.030,0.311,0.659
451500,0.030,0.235,0.735
452000,0.030,0.358,0.612
452500,0.030,0.257,0.713
453000,0.034,0.149,0.817
453500,0.030,0.333,0.637
454000,0.030,0.417,0.553
454500,0.030,0.358,0.612
455000,0.030,0.324,0.646
455500,0.030,0.588,0.382
456000,0.030,0.359,0.611
456500,0.030,0.438,0.532
457000,0.030,0.456,0.514
457500,0.030,0.359,0.611
458000,0.030,0.514,0.456
458500,0.030,0.306,0.664
459000,0.030,0.332,0.638
459500,0.030,0.334,0.636
460000,0.030,0.516,0.454
460500,0.030,0.398,0.572
461000,0.030,0.449,0.521
461500,0.030,0.325,0.645
462000,0.030,0.475,0.495
462500,0.030,0.242,0.728
463000,0.030,0.327,0.643
463500,0.030,0.468,0.502
464000,0.030,0.340,0.630
464500,0.030,0.278,0.692
465000,0.030,0.314,0.656
465500,0.030,0.433,0.537
466000,0.030,0.395,0.575
466500,0.030,0.336,0.634
467000,0.030,0.406,0.564
467500,0.030,0.516,0.454
468000,0.030,0.404,0.566
468500,0.030,0.409,0.561
469000,0.030,0.260,0.710
469500,0.030,0.504,0.466
470000,0.030,0.323,0.647
470500,0.030,0.385,0.585
471000,0.030,0.443,0.527
471500,0.030,0.414,0.556
472000,0.030,0.362,0.608
472500,0.030,0.217,0.753
473000,0.030,0.296,0.674
473500,0.030,0.339,0.631
474000,0.030,0.241,0.729
474500,0.030,0.336,0.634
475000,0.030,0.300,0.670
475500,0.030,0.492,0.478
476000,0.030,0.305,0.665
476500,0.030,0.514,0.456
477000,0.030,0.364,0.606
477500,0.030,0.283,0.687
478000,0.030,0.233,0.737
478500,0.030,0.363,0.607
479000,0.030,0.435,0.535
479500,0.030,0.605,0.365
480000,0.030,0.413,0.557
480500,0.030,0.399,0.571
481000,0.030,0.605,0.365
481500,0.030,0.299,0.671
482000,0.030,0.233,0.737
482500,0.030,0.274,0.696
483000,0.030,0.376,0.594
483500,0.030,0.455,0.515
484000,0.030,0.403,0.567
484500,0.030,0.359,0.611
485000,0.030,0.422,0.548
485500,0.030,0.410,0.560
486000,0.030,0.341,0.629
486500,0.030,0.318,0.652
487000,0.030,0.525,0.445
487500,0.030,0.478,0.492
488000,0.030,0.363,0.607
488500,0.030,0.285,0.685
489000,0.030,0.357,0.613
489500,0.030,0.355,0.615
490000,0.030,0.251,0.719
490500,0.030,0.581,0.389
491000,0.030,0.438,0.532
491500,0.030,0.353,0.617
492000,0.030,0.500,0.470
492500,0.030,0.332,0.638
493000,0.030,0.444,0.526
493500,0.030,0.401,0.569
494000,0.030,0.517,0.453
494500,0.030,0.382,0.588
495000,0.030,0.293,0.677
495500,0.030,0.340,0.630
496000,0.030,0.483,0.487
496500,0.030,0.410,0.560
497000,0.030,0.231,0.739
497500,0.030,0.320,0.650
498000,0.030,0.373,0.597
498500,0.030,0.378,0.592
499000,0.030,0.453,0.517
499500,0.030,0.533,0.437
500000,0.030,0.342,0.628
500500,0.030,0.341,0.629
501000,0.030,0.464,0.506
501500,0.030,0.087,0.883
502000,0.030,0.279,0.691
502500,0.030,0.259,0.711
503000,0.030,0.479,0.491
503500,0.030,0.424,0.546
504000,0.030,0.501,0.469
504500,0.030,0.366,0.604
505000,0.030,0.388,0.582
505500,0.030,0.487,0.483
506000,0.030,0.417,0.553
506500,0.030,0.262,0.708
507000,0.030,0.456,0.514
507500,0.030,0.388,0.582
508000,0.030,0.305,0.665
508500,0.030,0.433,0.537
509000,0.030,0.331,0.639
509500,0.030,0.467,0.503
510000,0.030,0.305,0.665
510500,0.030,0.497,0.473
511000,0.030,0.491,0.479
511500,0.030,0.211,0.759
512000,0.030,0.281,0.689
512500,0.030,0.443,0.527
513000,0.030,0.200,0.770
513500,0.030,0.303,0.667
514000,0.030,0.274,0.696
514500,0.030,0.185,0.785
515000,0.030,0.520,0.450
515500,0.030,0.396,0.574
516000,0.030,0.285,0.685
516500,0.030,0.456,0.514
517000,0.030,0.482,0.488
517500,0.030,0.334,0.636
518000,0.030,0.377,0.593
518500,0.030,0.449,0.521
519000,0.030,0.386,0.584
519500,0.030,0.280,0.690
520000,0.030,0.436,0.534
520500,0.030,0.283,0.687
521000,0.030,0.249,0.721
521500,0.030,0.427,0.543
522000,0.030,0.409,0.561
522500,0.030,0.421,0.549
523000,0.030,0.643,0.327
523500,0.030,0.320,0.650
524000,0.030,0.361,0.609
524500,0.030,0.324,0.646
525000,0.030,0.487,0.483
525500,0.030,0.506,0.464
526000,0.030,0.291,0.679
526500,0.030,0.366,0.604
527000,0.030,0.376,0.594
527500,0.030,0.293,0.677
528000,0.030,0.280,0.690
528500,0.030,0.403,0.567
529000,0.030,0.508,0.462
529500,0.030,0.535,0.435
530000,0.030,0.455,0.515
530500,0.030,0.303,0.667
531000,0.030,0.438,0.532
531500,0.030,0.412,0.558
532000,0.030,0.441,0.529
532500,0.030,0.404,0.566
533000,0.030,0.449,0.521
533500,0.030,0.421,0.549
534000,0.030,0.542,0.428
534500,0.030,0.324,0.646
535000,0.030,0.294,0.676
535500,0.030,0.474,0.496
536000,0.030,0.490,0.480
536500,0.030,0.412,0.558
537000,0.030,0.243,0.727
537500,0.030,0.415,0.555
538000,0.030,0.343,0.627
538500,0.030,0.674,0.296
539000,0.030,0.346,0.624
539500,0.030,0.365,0.605
540000,0.030,0.310,0.660
540500,0.030,0.421,0.549
541000,0.030,0.352,0.618
541500,0.030,0.267,0.703
542000,0.030,0.337,0.633
542500,0.030,0.350,0.620
543000,0.030,0.439,0.531
543500,0.030,0.365,0.605
544000,0.030,0.318,0.652
544500,0.030,0.217,0.753
545000,0.031,0.194,0.775
545500,0.030,0.248,0.722
546000,0.030,0.160,0.810
546500,0.030,0.309,0.661
547000,0.030,0.368,0.602
547500,0.030,0.248,0.722
548000,0.030,0.375,0.595
548500,0.030,0.415,0.555
549000,0.030,0.390,0.580
549500,0.030,0.434,0.536
550000,0.030,0.328,0.642
550500,0.030,0.302,0.668
551000,0.030,0.427,0.543
551500,0.030,0.414,0.556
552000,0.030,0.307,0.663
552500,0.030,0.361,0.609
553000,0.030,0.232,0.738
553500,0.030,0.389,0.581
554000,0.030,0.271,0.699
554500,0.030,0.521,0.449
555000,0.030,0.370,0.600
555500,0.030,0.326,0.644
556000,0.030,0.356,0.614
556500,0.030,0.391,0.579
557000,0.030,0.477,0.493
557500,0.030,0.421,0.549
558000,0.030,0.424,0.546
558500,0.030,0.461,0.509
559000,0.030,0.519,0.451
559500,0.030,0.317,0.653
560000,0.030,0.275,0.695
560500,0.030,0.475,0.495
561000,0.030,0.382,0.588
561500,0.030,0.340,0.630
562000,0.030,0.358,0.612
562500,0.030,0.347,0.623
563000,0.030,0.376,0.594
563500,0.030,0.437,0.533
564000,0.030,0.421,0.549
564500,0.030,0.309,0.661
565000,0.030,0.397,0.573
565500,0.030,0.459,0.511
566000,0.030,0.494,0.476
566500,0.030,0.424,0.546
567000,0.030,0.359,0.611
567500,0.030,0.295,0.675
568000,0.030,0.305,0.665
568500,0.030,0.376,0.594
569000,0.030,0.650,0.320
569500,0.030,0.501,0.469
570000,0.030,0.569,0.401
570500,0.030,0.308,0.662
571000,0.030,0.367,0.603
571500,0.030,0.535,0.435
572000,0.030,0.791,0.179
572500,0.030,0.421,0.549
573000,0.030,0.534,0.436
573500,0.030,0.439,0.531
574000,0.030,0.316,0.654
574500,0.030,0.345,0.625
575000,0.030,0.376,0.594
575500,0.030,0.230,0.740
576000,0.030,0.425,0.545
576500,0.030,0.623,0.347
577000,0.030,0.382,0.588
577500,0.030,0.135,0.835
578000,0.030,0.490,0.480
578500,0.030,0.653,0.317
579000,0.030,0.317,0.653
579500,0.030,0.483,0.487
580000,0.030,0.304,0.666
580500,0.030,0.447,0.523
581000,0.030,0.260,0.710
581500,0.030,0.379,0.591
582000,0.030,0.502,0.468
582500,0.030,0.422,0.548
583000,0.030,0.280,0.690
583500,0.030,0.410,0.560
584000,0.030,0.362,0.608
584500,0.030,0.380,0.590
585000,0.030,0.388,0.582
585500,0.030,0.654,0.316
586000,0.030,0.460,0.510
586500,0.030,0.568,0.402
587000,0.030,0.360,0.610
587500,0.030,0.394,0.576
588000,0.030,0.329,0.641
588500,0.030,0.557,0.413
589000,0.030,0.203,0.767
589500,0.030,0.409,0.561
590000,0.030,0.469,0.501
590500,0.030,0.434,0.536
591000,0.030,0.377,0.593
591500,0.030,0.388,0.582
592000,0.030,0.413,0.557
592500,0.030,0.455,0.515
593000,0.030,0.259,0.711
593500,0.030,0.342,0.628
594000,0.030,0.643,0.327
594500,0.030,0.329,0.641
595000,0.030,0.340,0.630
595500,0.030,0.245,0.725
596000,0.030,0.338,0.632
596500,0.030,0.433,0.537
597000,0.030,0.363,0.607
597500,0.030,0.584,0.386
598000,0.030,0.453,0.517
598500,0.030,0.530,0.440
599000,0.030,0.664,0.306
599500,0.030,0.372,0.598
600000,0.030,0.550,0.420
600500,0.030,0.457,0.513
601000,0.030,0.196,0.774
601500,0.030,0.402,0.568
602000,0.030,0.325,0.645
602500,0.030,0.511,0.459
603000,0.030,0.451,0.519
603500,0.030,0.205,0.765
604000,0.030,0.505,0.465
604500,0.030,0.518,0.452
605000,0.030,0.135,0.835
605500,0.030,0.314,0.656
606000,0.030,0.341,0.629
606500,0.030,0.418,0.552
607000,0.030,0.502,0.468
607500,0.030,0.488,0.482
608000,0.030,0.507,0.463
608500,0.030,0.450,0.520
609000,0.030,0.398,0.572
609500,0.030,0.238,0.732
610000,0.030,0.309,0.661
610500,0.030,0.327,0.643
611000,0.030,0.258,0.712
611500,0.030,0.346,0.624
612000,0.030,0.480,0.490
612500,0.030,0.487,0.483
613000,0.030,0.226,0.744
613500,0.030,0.403,0.567
614000,0.030,0.406,0.564
614500,0.030,0.568,0.402
615000,0.030,0.511,0.459
615500,0.030,0.268,0.702
616000,0.030,0.493,0.477
616500,0.030,0.539,0.431
617000,0.030,0.600,0.370
617500,0.030,0.542,0.428
618000,0.030,0.297,0.673
618500,0.030,0.469,0.501
619000,0.030,0.489,0.481
619500,0.030,0.322,0.648
620000,0.030,0.357,0.613
620500,0.030,0.259,0.711
621000,0.030,0.483,0.487
621500,0.030,0.462,0.508
622000,0.030,0.450,0.520
622500,0.030,0.381,0.589
623000,0.030,0.528,0.442
623500,0.030,0.337,0.633
624000,0.030,0.433,0.537
624500,0.030,0.455,0.515
625000,0.030,0.427,0.543
625500,0.030,0.420,0.550
626000,0.030,0.409,0.561
626500,0.030,0.433,0.537
627000,0.030,0.274,0.696
627500,0.030,0.242,0.728
628000,0.030,0.517,0.453
628500,0.030,0.398,0.572
629000,0.030,0.494,0.476
629500,0.030,0.428,0.542
630000,0.030,0.362,0.608
630500,0.030,0.449,0.521
631000,0.030,0.423,0.547
631500,0.030,0.398,0.572
632000,0.030,0.410,0.560
632500,0.030,0.332,0.638
633000,0.030,0.710,0.260
633500,0.030,0.315,0.655
634000,0.030,0.596,0.374
634500,0.030,0.405,0.565
635000,0.030,0.513,0.457
635500,0.030,0.154,0.816
636000,0.030,0.396,0.574
636500,0.030,0.592,0.378
637000,0.030,0.427,0.543
637500,0.030,0.391,0.579
638000,0.030,0.466,0.504
638500,0.030,0.494,0.476
639000,0.030,0.297,0.673
639500,0.030,0.263,0.707
640000,0.030,0.456,0.514
640500,0.030,0.488,0.482
641000,0.030,0.305,0.665
641500,0.030,0.389,0.581
642000,0.030,0.463,0.507
642500,0.030,0.452,0.518
643000,0.030,0.527,0.443
643500,0.030,0.477,0.493
644000,0.030,0.376,0.594
644500,0.030,0.357,0.613
645000,0.030,0.324,0.646
645500,0.030,0.270,0.700
646000,0.030,0.363,0.607
646500,0.030,0.308,0.662
647000,0.030,0.400,0.570
647500,0.030,0.417,0.553
648000,0.030,0.474,0.496
648500,0.030,0.358,0.612
649000,0.030,0.353,0.617
649500,0.030,0.189,0.781
650000,0.030,0.469,0.501
650500,0.030,0.341,0.629
651000,0.030,0.453,0.517
651500,0.030,0.419,0.551
652000,0.030,0.267,0.703
652500,0.030,0.332,0.638
653000,0.030,0.431,0.539
653500,0.030,0.358,0.612
654000,0.030,0.442,0.528
654500,0.030,0.700,0.270
655000,0.030,0.294,0.676
655500,0.030,0.515,0.455
656000,0.030,0.566,0.404
656500,0.030,0.357,0.613
657000,0.030,0.581,0.389
657500,0.030,0.516,0.454
658000,0.030,0.517,0.453
658500,0.030,0.376,0.594
659000,0.030,0.434,0.536
659500,0.030,0.549,0.421
660000,0.030,0.361,0.609
660500,0.030,0.368,0.602
661000,0.030,0.329,0.641
661500,0.030,0.369,0.601
662000,0.030,0.557,0.413
662500,0.030,0.393,0.577
663000,0.030,0.469,0.501
663500,0.030,0.488,0.482
664000,0.030,0.450,0.520
664500,0.030,0.532,0.438
665000,0.030,0.415,0.555
665500,0.030,0.397,0.573
666000,0.030,0.425,0.545
666500,0.030,0.303,0.667
667000,0.030,0.393,0.577
667500,0.030,0.370,0.600
668000,0.030,0.347,0.623
668500,0.030,0.382,0.588
669000,0.030,0.638,0.332
669500,0.030,0.531,0.439
670000,0.030,0.353,0.617
670500,0.030,0.422,0.548
671000,0.030,0.288,0.682
671500,0.030,0.336,0.634
672000,0.030,0.246,0.724
672500,0.030,0.417,0.553
673000,0.030,0.300,0.670
673500,0.030,0.348,0.622
674000,0.030,0.378,0.592
674500,0.030,0.480,0.490
675000,0.030,0.270,0.700
675500,0.030,0.504,0.466
676000,0.030,0.370,0.600
676500,0.030,0.398,0.572
677000,0.030,0.325,0.645
677500,0.030,0.340,0.630
678000,0.030,0.485,0.485
678500,0.030,0.256,0.714
679000,0.030,0.293,0.677
679500,0.030,0.227,0.743
680000,0.030,0.360,0.610
680500,0.030,0.322,0.648
681000,0.030,0.417,0.553
681500,0.030,0.546,0.424
682000,0.030,0.393,0.577
682500,0.030,0.315,0.655
683000,0.030,0.397,0.573
683500,0.030,0.500,0.470
684000,0.030,0.383,0.587
684500,0.030,0.221,0.749
685000,0.030,0.365,0.605
685500,0.030,0.273,0.697
686000,0.030,0.528,0.442
686500,0.030,0.465,0.505
687000,0.030,0.548,0.422
687500,0.030,0.483,0.487
688000,0.030,0.300,0.670
688500,0.030,0.430,0.540
689000,0.030,0.367,0.603
689500,0.030,0.241,0.729
690000,0.030,0.249,0.721
690500,0.030,0.480,0.490
691000,0.030,0.392,0.578
691500,0.030,0.471,0.499
692000,0.030,0.447,0.523
692500,0.030,0.334,0.636
693000,0.030,0.422,0.548
693500,0.030,0.481,0.489
694000,0.030,0.369,0.601
694500,0.030,0.310,0.660
695000,0.030,0.455,0.515
695500,0.030,0.200,0.770
696000,0.030,0.365,0.605
696500,0.030,0.445,0.525
697000,0.030,0.309,0.661
697500,0.030,0.265,0.705
698000,0.030,0.378,0.592
698500,0.030,0.542,0.428
699000,0.030,0.356,0.614
699500,0.030,0.412,0.558
700000,0.030,0.390,0.580
700500,0.030,0.576,0.394
701000,0.030,0.308,0.662
701500,0.030,0.409,0.561
702000,0.030,0.405,0.565
702500,0.030,0.257,0.713
703000,0.030,0.348,0.622
703500,0.030,0.407,0.563
704000,0.030,0.326,0.644
704500,0.030,0.288,0.682
705000,0.030,0.321,0.649
705500,0.030,0.368,0.602
706000,0.030,0.339,0.631
706500,0.030,0.512,0.458
707000,0.030,0.492,0.478
707500,0.030,0.247,0.723
708000,0.030,0.339,0.631
708500,0.030,0.469,0.501
709000,0.030,0.526,0.444
709500,0.030,0.313,0.657
710000,0.030,0.287,0.683
710500,0.030,0.360,0.610
711000,0.030,0.390,0.580
711500,0.030,0.356,0.614
712000,0.030,0.427,0.543
712500,0.030,0.322,0.648
713000,0.030,0.353,0.617
713500,0.030,0.487,0.483
714000,0.030,0.176,0.794
714500,0.030,0.488,0.482
715000,0.030,0.338,0.632
715500,0.030,0.500,0.470
716000,0.030,0.545,0.425
716500,0.030,0.471,0.499
717000,0.030,0.417,0.553
717500,0.030,0.522,0.448
718000,0.030,0.244,0.726
718500,0.030,0.283,0.687
719000,0.030,0.404,0.566
719500,0.030,0.470,0.500
720000,0.030,0.382,0.588
720500,0.030,0.476,0.494
721000,0.030,0.333,0.637
721500,0.030,0.404,0.566
722000,0.030,0.336,0.634
722500,0.030,0.289,0.681
723000,0.030,0.530,0.440
723500,0.030,0.538,0.432
724000,0.030,0.512,0.458
724500,0.030,0.371,0.599
725000,0.030,0.500,0.470
725500,0.030,0.354,0.616
726000,0.030,0.362,0.608
726500,0.030,0.360,0.610
727000,0.030,0.386,0.584
727500,0.030,0.536,0.434
728000,0.030,0.384,0.586
728500,0.030,0.321,0.649
729000,0.030,0.538,0.432
729500,0.030,0.467,0.503
730000,0.030,0.358,0.612
730500,0.030,0.519,0.451
731000,0.030,0.295,0.675
731500,0.030,0.470,0.500
732000,0.030,0.340,0.630
732500,0.030,0.412,0.558
733000,0.030,0.273,0.697
733500,0.030,0.479,0.491
734000,0.030,0.343,0.627
734500,0.030,0.343,0.627
735000,0.030,0.507,0.463
735500,0.030,0.406,0.564
736000,0.030,0.302,0.668
736500,0.030,0.343,0.627
737000,0.030,0.460,0.510
737500,0.030,0.368,0.602
738000,0.030,0.379,0.591
738500,0.030,0.324,0.646
739000,0.030,0.483,0.487
739500,0.030,0.469,0.501
740000,0.030,0.296,0.674
740500,0.030,0.317,0.653
741000,0.030,0.500,0.470
741500,0.030,0.467,0.503
742000,0.030,0.356,0.614
742500,0.030,0.379,0.591
743000,0.030,0.358,0.612
743500,0.030,0.477,0.493
744000,0.030,0.405,0.565
744500,0.030,0.233,0.737
745000,0.030,0.353,0.617
745500,0.030,0.346,0.624
746000,0.030,0.325,0.645
746500,0.030,0.346,0.624
747000,0.030,0.302,0.668
747500,0.030,0.353,0.617
748000,0.030,0.384,0.586
748500,0.030,0.234,0.736
749000,0.030,0.305,0.665
749500,0.030,0.296,0.674
750000,0.030,0.390,0.580
750500,0.030,0.359,0.611
751000,0.030,0.422,0.548
751500,0.030,0.269,0.701
752000,0.030,0.420,0.550
752500,0.030,0.372,0.598
753000,0.030,0.494,0.476
753500,0.030,0.511,0.459
754000,0.030,0.413,0.557
754500,0.030,0.616,0.354
755000,0.030,0.321,0.649
755500,0.030,0.453,0.517
756000,0.030,0.535,0.435
756500,0.030,0.392,0.578
757000,0.030,0.403,0.567
757500,0.030,0.538,0.432
758000,0.030,0.572,0.398
758500,0.030,0.402,0.568
759000,0.030,0.466,0.504
759500,0.030,0.380,0.590
760000,0.030,0.327,0.643
760500,0.030,0.446,0.524
761000,0.030,0.341,0.629
761500,0.030,0.425,0.545
762000,0.030,0.384,0.586
762500,0.030,0.417,0.553
763000,0.030,0.474,0.496
763500,0.030,0.504,0.466
764000,0.030,0.213,0.757
764500,0.030,0.300,0.670
765000,0.030,0.524,0.446
765500,0.030,0.404,0.566
766000,0.030,0.438,0.532
766500,0.030,0.350,0.620
767000,0.030,0.325,0.645
767500,0.030,0.283,0.687
768000,0.030,0.142,0.828
768500,0.030,0.453,0.517
769000,0.030,0.270,0.700
769500,0.030,0.427,0.543
770000,0.030,0.180,0.790
770500,0.030,0.487,0.483
771000,0.030,0.329,0.641
771500,0.030,0.419,0.551
772000,0.030,0.386,0.584
772500,0.030,0.519,0.451
773000,0.030,0.502,0.468
773500,0.030,0.341,0.629
774000,0.030,0.379,0.591
774500,0.030,0.476,0.494
775000,0.030,0.318,0.652
775500,0.030,0.269,0.701
776000,0.030,0.467,0.503
776500,0.030,0.445,0.525
777000,0.030,0.403,0.567
777500,0.030,0.478,0.492
778000,0.030,0.396,0.574
778500,0.030,0.342,0.628
779000,0.030,0.291,0.679
779500,0.030,0.226,0.744
780000,0.030,0.475,0.495
780500,0.030,0.373,0.597
781000,0.030,0.508,0.462
781500,0.030,0.332,0.638
782000,0.030,0.251,0.719
782500,0.030,0.355,0.615
783000,0.030,0.323,0.647
783500,0.030,0.546,0.424
784000,0.030,0.359,0.611
784500,0.030,0.336,0.634
785000,0.030,0.375,0.595
785500,0.030,0.513,0.457
786000,0.030,0.222,0.748
786500,0.030,0.323,0.647
787000,0.030,0.526,0.444
787500,0.030,0.414,0.556
788000,0.030,0.279,0.691
788500,0.030,0.306,0.664
789000,0.030,0.411,0.559
789500,0.030,0.269,0.701
790000,0.030,0.531,0.439
790500,0.030,0.368,0.602
791000,0.030,0.337,0.633
791500,0.030,0.440,0.530
792000,0.030,0.324,0.646
792500,0.030,0.437,0.533
793000,0.030,0.349,0.621
793500,0.030,0.457,0.513
794000,0.030,0.443,0.527
794500,0.030,0.538,0.432
795000,0.030,0.419,0.551
795500,0.030,0.335,0.635
796000,0.030,0.448,0.522
796500,0.030,0.371,0.599
797000,0.030,0.334,0.636
797500,0.030,0.257,0.713
798000,0.030,0.537,0.433
798500,0.030,0.470,0.500
799000,0.030,0.283,0.687
799500,0.030,0.375,0.595
800000,0.030,0.356,0.614
800500,0.030,0.391,0.579
801000,0.030,0.457,0.513
801500,0.030,0.430,0.540
802000,0.030,0.341,0.629
802500,0.030,0.389,0.581
803000,0.030,0.588,0.382
803500,0.030,0.453,0.517
804000,0.030,0.248,0.722
804500,0.030,0.371,0.599
805000,0.030,0.350,0.620
805500,0.030,0.366,0.604
806000,0.030,0.351,0.619
806500,0.030,0.319,0.651
807000,0.030,0.384,0.586
807500,0.030,0.384,0.586
808000,0.030,0.421,0.549
808500,0.030,0.440,0.530
809000,0.030,0.419,0.551
809500,0.030,0.453,0.517
810000,0.030,0.473,0.497
810500,0.030,0.265,0.705
811000,0.030,0.391,0.579
811500,0.030,0.472,0.498
812000,0.030,0.288,0.682
812500,0.030,0.238,0.732
813000,0.030,0.371,0.599
813500,0.030,0.368,0.602
814000,0.030,0.311,0.659
814500,0.030,0.431,0.539
815000,0.030,0.465,0.505
815500,0.030,0.509,0.461
816000,0.030,0.600,0.370
816500,0.030,0.526,0.444
817000,0.030,0.372,0.598
817500,0.030,0.589,0.381
818000,0.030,0.419,0.551
818500,0.030,0.357,0.613
819000,0.030,0.264,0.706
819500,0.030,0.358,0.612
820000,0.030,0.414,0.556
820500,0.030,0.433,0.537
821000,0.030,0.465,0.505
821500,0.030,0.331,0.639
822000,0.030,0.484,0.486
822500,0.030,0.264,0.706
823000,0.030,0.244,0.726
823500,0.030,0.340,0.630
824000,0.030,0.293,0.677
824500,0.030,0.401,0.569
825000,0.030,0.281,0.689
825500,0.030,0.344,0.626
826000,0.030,0.318,0.652
826500,0.030,0.355,0.615
827000,0.030,0.389,0.581
827500,0.030,0.344,0.626
828000,0.030,0.565,0.405
828500,0.030,0.428,0.542
829000,0.030,0.343,0.627
829500,0.030,0.484,0.486
830000,0.030,0.321,0.649
830500,0.030,0.216,0.754
831000,0.030,0.284,0.686
831500,0.030,0.545,0.425
832000,0.030,0.324,0.646
832500,0.030,0.295,0.675
833000,0.030,0.258,0.712
833500,0.030,0.285,0.685
834000,0.030,0.376,0.594
834500,0.030,0.216,0.754
835000,0.030,0.444,0.526
835500,0.030,0.464,0.506
836000,0.030,0.396,0.574
836500,0.030,0.445,0.525
837000,0.030,0.522,0.448
837500,0.030,0.287,0.683
838000,0.030,0.386,0.584
838500,0.030,0.553,0.417
839000,0.030,0.393,0.577
839500,0.030,0.437,0.533
840000,0.030,0.408,0.562
840500,0.030,0.491,0.479
841000,0.030,0.363,0.607
841500,0.030,0.563,0.407
842000,0.030,0.358,0.612
842500,0.030,0.470,0.500
843000,0.030,0.468,0.502
843500,0.030,0.430,0.540
844000,0.030,0.276,0.694
844500,0.030,0.468,0.502
845000,0.030,0.459,0.511
845500,0.030,0.484,0.486
846000,0.030,0.353,0.617
846500,0.030,0.470,0.500
847000,0.030,0.397,0.573
847500,0.030,0.501,0.469
848000,0.030,0.209,0.761
848500,0.030,0.479,0.491
849000,0.030,0.404,0.566
849500,0.030,0.473,0.497
850000,0.030,0.379,0.591
850500,0.030,0.353,0.617
851000,0.030,0.368,0.602
851500,0.030,0.333,0.637
852000,0.030,0.369,0.601
852500,0.030,0.547,0.423
853000,0.030,0.487,0.483
853500,0.030,0.313,0.657
854000,0.030,0.219,0.751
854500,0.030,0.499,0.471
855000,0.030,0.349,0.621
855500,0.030,0.224,0.746
856000,0.030,0.232,0.738
856500,0.030,0.352,0.618
857000,0.030,0.305,0.665
857500,0.030,0.296,0.674
858000,0.030,0.334,0.636
858500,0.030,0.299,0.671
859000,0.030,0.464,0.506
859500,0.030,0.536,0.434
860000,0.030,0.488,0.482
860500,0.030,0.594,0.376
861000,0.030,0.217,0.753
861500,0.030,0.654,0.316
862000,0.030,0.611,0.359
862500,0.030,0.569,0.401
863000,0.030,0.626,0.344
863500,0.030,0.432,0.538
864000,0.030,0.359,0.611
864500,0.030,0.368,0.602
865000,0.030,0.386,0.584
865500,0.030,0.370,0.600
866000,0.030,0.374,0.596
866500,0.030,0.459,0.511
867000,0.030,0.357,0.613
867500,0.030,0.312,0.658
868000,0.030,0.377,0.593
868500,0.030,0.340,0.630
869000,0.030,0.319,0.651
869500,0.030,0.493,0.477
870000,0.030,0.403,0.567
870500,0.030,0.432,0.538
871000,0.030,0.341,0.629
871500,0.030,0.273,0.697
872000,0.030,0.528,0.442
872500,0.030,0.262,0.708
873000,0.030,0.223,0.747
873500,0.030,0.644,0.326
874000,0.030,0.383,0.587
874500,0.030,0.294,0.676
875000,0.030,0.365,0.605
875500,0.030,0.375,0.595
876000,0.030,0.378,0.592
876500,0.030,0.585,0.385
877000,0.030,0.404,0.566
877500,0.030,0.279,0.691
878000,0.030,0.447,0.523
878500,0.030,0.499,0.471
879000,0.030,0.302,0.668
879500,0.030,0.435,0.535
880000,0.030,0.483,0.487
880500,0.030,0.388,0.582
881000,0.030,0.370,0.600
881500,0.030,0.467,0.503
882000,0.030,0.331,0.639
882500,0.030,0.287,0.683
883000,0.030,0.430,0.540
883500,0.030,0.356,0.614
884000,0.030,0.300,0.670
884500,0.030,0.509,0.461
885000,0.030,0.312,0.658
885500,0.030,0.307,0.663
886000,0.030,0.455,0.515
886500,0.030,0.425,0.545
887000,0.030,0.326,0.644
887500,0.030,0.452,0.518
888000,0.030,0.425,0.545
888500,0.030,0.388,0.582
889000,0.030,0.247,0.723
889500,0.030,0.442,0.528
890000,0.030,0.518,0.452
890500,0.030,0.357,0.613
891000,0.030,0.360,0.610
891500,0.030,0.436,0.534
892000,0.030,0.471,0.499
892500,0.030,0.438,0.532
893000,0.030,0.477,0.493
893500,0.030,0.555,0.415
894000,0.030,0.415,0.555
894500,0.030,0.249,0.721
895000,0.030,0.373,0.597
895500,0.030,0.401,0.569
896000,0.030,0.307,0.663
896500,0.030,0.516,0.454
897000,0.030,0.366,0.604
897500,0.030,0.370,0.600
898000,0.030,0.386,0.584
898500,0.030,0.398,0.572
899000,0.030,0.361,0.609
899500,0.030,0.479,0.491
900000,0.030,0.252,0.718
900500,0.030,0.520,0.450
901000,0.030,0.407,0.563
901500,0.030,0.350,0.620
902000,0.030,0.319,0.651
902500,0.030,0.309,0.661
903000,0.030,0.335,0.635
903500,0.030,0.557,0.413
904000,0.030,0.293,0.677
904500,0.030,0.482,0.488
905000,0.030,0.370,0.600
905500,0.041,0.076,0.883
906000,0.030,0.481,0.489
906500,0.030,0.375,0.595
907000,0.030,0.218,0.752
907500,0.030,0.260,0.710
908000,0.030,0.465,0.505
908500,0.030,0.346,0.624
909000,0.030,0.470,0.500
909500,0.030,0.254,0.716
910000,0.030,0.451,0.519
910500,0.030,0.413,0.557
911000,0.030,0.344,0.626
911500,0.030,0.245,0.725
912000,0.030,0.417,0.553
912500,0.030,0.370,0.600
913000,0.030,0.379,0.591
913500,0.030,0.370,0.600
914000,0.030,0.286,0.684
914500,0.030,0.443,0.527
915000,0.030,0.268,0.702
915500,0.031,0.205,0.764
916000,0.030,0.463,0.507
916500,0.030,0.429,0.541
917000,0.030,0.422,0.548
917500,0.030,0.414,0.556
918000,0.030,0.402,0.568
918500,0.030,0.327,0.643
919000,0.030,0.374,0.596
919500,0.030,0.468,0.502
920000,0.030,0.353,0.617
920500,0.030,0.262,0.708
921000,0.030,0.318,0.652
921500,0.030,0.484,0.486
922000,0.030,0.412,0.558
922500,0.030,0.384,0.586
923000,0.030,0.385,0.585
923500,0.030,0.337,0.633
924000,0.030,0.332,0.638
924500,0.030,0.389,0.581
925000,0.030,0.510,0.460
925500,0.030,0.370,0.600
926000,0.030,0.373,0.597
926500,0.030,0.208,0.762
927000,0.030,0.396,0.574
927500,0.030,0.418,0.552
928000,0.030,0.388,0.582
928500,0.030,0.487,0.483
929000,0.030,0.380,0.590
929500,0.030,0.387,0.583
930000,0.030,0.493,0.477
930500,0.030,0.388,0.582
931000,0.030,0.339,0.631
931500,0.030,0.348,0.622
932000,0.030,0.341,0.629
932500,0.030,0.457,0.513
933000,0.030,0.402,0.568
933500,0.030,0.538,0.432
934000,0.030,0.443,0.527
934500,0.030,0.366,0.604
935000,0.030,0.521,0.449
935500,0.030,0.399,0.571
936000,0.030,0.360,0.610
936500,0.030,0.537,0.433
937000,0.030,0.564,0.406
937500,0.030,0.425,0.545
938000,0.030,0.416,0.554
938500,0.030,0.414,0.556
939000,0.030,0.378,0.592
939500,0.030,0.375,0.595
940000,0.030,0.567,0.403
940500,0.030,0.269,0.701
941000,0.030,0.461,0.509
941500,0.030,0.400,0.570
942000,0.030,0.428,0.542
942500,0.030,0.346,0.624
943000,0.030,0.307,0.663
943500,0.030,0.362,0.608
944000,0.030,0.431,0.539
944500,0.030,0.408,0.562
945000,0.030,0.527,0.443
945500,0.030,0.353,0.617
946000,0.030,0.511,0.459
946500,0.030,0.369,0.601
947000,0.030,0.387,0.583
947500,0.030,0.304,0.666
948000,0.030,0.513,0.457
948500,0.030,0.394,0.576
949000,0.030,0.412,0.558
949500,0.030,0.543,0.427
950000,0.030,0.383,0.587
950500,0.030,0.489,0.481
951000,0.030,0.355,0.615
951500,0.030,0.455,0.515
952000,0.030,0.457,0.513
952500,0.030,0.354,0.616
953000,0.030,0.519,0.451
953500,0.030,0.383,0.587
954000,0.030,0.373,0.597
954500,0.030,0.480,0.490
955000,0.030,0.438,0.532
955500,0.030,0.416,0.554
956000,0.030,0.296,0.674
956500,0.030,0.507,0.463
957000,0.030,0.320,0.650
957500,0.030,0.374,0.596
958000,0.030,0.446,0.524
958500,0.030,0.285,0.685
959000,0.030,0.329,0.641
959500,0.030,0.335,0.635
960000,0.030,0.518,0.452
960500,0.030,0.389,0.581
961000,0.030,0.269,0.701
961500,0.030,0.391,0.579
962000,0.030,0.335,0.635
962500,0.030,0.298,0.672
963000,0.030,0.391,0.579
963500,0.030,0.662,0.308
964000,0.030,0.219,0.751
964500,0.030,0.257,0.713
965000,0.030,0.514,0.456
965500,0.030,0.402,0.568
966000,0.030,0.504,0.466
966500,0.030,0.413,0.557
967000,0.030,0.298,0.672
967500,0.030,0.519,0.451
968000,0.030,0.225,0.745
968500,0.030,0.266,0.704
969000,0.030,0.215,0.755
969500,0.030,0.373,0.597
970000,0.030,0.479,0.491
970500,0.030,0.134,0.836
971000,0.030,0.413,0.557
971500,0.030,0.392,0.578
972000,0.030,0.480,0.490
972500,0.030,0.562,0.408
973000,0.030,0.308,0.662
973500,0.030,0.463,0.507
974000,0.030,0.399,0.571
974500,0.030,0.289,0.681
975000,0.030,0.351,0.619
975500,0.030,0.190,0.780
976000,0.030,0.384,0.586
976500,0.030,0.482,0.488
977000,0.030,0.269,0.701
977500,0.030,0.524,0.446
978000,0.030,0.381,0.589
978500,0.030,0.500,0.470
979000,0.030,0.319,0.651
979500,0.030,0.378,0.592
980000,0.030,0.302,0.668
980500,0.030,0.330,0.640
981000,0.030,0.405,0.565
981500,0.030,0.586,0.384
982000,0.030,0.439,0.531
982500,0.030,0.488,0.482
983000,0.030,0.324,0.646
983500,0.030,0.486,0.484
984000,0.030,0.290,0.680
984500,0.030,0.426,0.544
985000,0.030,0.521,0.449
985500,0.030,0.319,0.651
986000,0.030,0.555,0.415
986500,0.030,0.247,0.723
987000,0.030,0.363,0.607
987500,0.030,0.357,0.613
988000,0.030,0.516,0.454
988500,0.030,0.453,0.517
989000,0.030,0.450,0.520
989500,0.030,0.580,0.390
990000,0.030,0.439,0.531
990500,0.030,0.353,0.617
991000,0.030,0.408,0.562
991500,0.030,0.397,0.573
992000,0.030,0.397,0.573
992500,0.030,0.319,0.651
993000,0.030,0.265,0.705
993500,0.030,0.404,0.566
994000,0.030,0.277,0.693
994500,0.030,0.267,0.703
995000,0.030,0.346,0.624
995500,0.030,0.254,0.716
996000,0.030,0.377,0.593
996500,0.030,0.529,0.441
997000,0.030,0.545,0.425
997500,0.030,0.425,0.545
998000,0.030,0.398,0.572
998500,0.030,0.468,0.502
999000,0.030,0.381,0.589
999500,0.030,0.327,0.643
1000000,0.030,0.346,0.624
