time,n_A+p,n_B,n_AB
500,0.030,0.599,0.371
1000,0.030,0.645,0.325
1500,0.030,0.684,0.286
2000,0.030,0.572,0.398
2500,0.030,0.713,0.257
3000,0.030,0.554,0.416
3500,0.030,0.527,0.443
4000,0.030,0.464,0.506
4500,0.030,0.398,0.572
5000,0.030,0.593,0.377
5500,0.030,0.576,0.394
6000,0.030,0.542,0.428
6500,0.030,0.378,0.592
7000,0.030,0.584,0.386
7500,0.030,0.610,0.360
8000,0.030,0.520,0.450
8500,0.030,0.666,0.304
9000,0.030,0.625,0.345
9500,0.030,0.627,0.343
10000,0.030,0.515,0.455
10500,0.030,0.566,0.404
11000,0.030,0.625,0.345
11500,0.030,0.588,0.382
12000,0.030,0.526,0.444
12500,0.030,0.480,0.490
13000,0.030,0.469,0.501
13500,0.030,0.715,0.255
14000,0.030,0.489,0.481
14500,0.030,0.557,0.413
15000,0.030,0.597,0.373
15500,0.030,0.509,0.461
16000,0.030,0.629,0.341
16500,0.030,0.511,0.459
17000,0.030,0.382,0.588
17500,0.030,0.631,0.339
18000,0.030,0.636,0.334
18500,0.030,0.446,0.524
19000,0.030,0.646,0.324
19500,0.030,0.398,0.572
20000,0.030,0.465,0.505
20500,0.030,0.347,0.623
21000,0.030,0.389,0.581
21500,0.030,0.636,0.334
22000,0.030,0.516,0.454
22500,0.030,0.703,0.267
23000,0.030,0.529,0.441
23500,0.030,0.511,0.459
24000,0.030,0.608,0.362
24500,0.030,0.689,0.281
25000,0.030,0.554,0.416
25500,0.030,0.494,0.476
26000,0.030,0.502,0.468
26500,0.030,0.498,0.472
27000,0.030,0.473,0.497
27500,0.030,0.484,0.486
28000,0.030,0.391,0.579
28500,0.030,0.514,0.456
29000,0.030,0.425,0.545
29500,0.030,0.403,0.567
30000,0.030,0.600,0.370
30500,0.030,0.703,0.267
31000,0.030,0.650,0.320
31500,0.030,0.583,0.387
32000,0.030,0.333,0.637
32500,0.030,0.690,0.280
33000,0.030,0.417,0.553
33500,0.030,0.543,0.427
34000,0.030,0.487,0.483
34500,0.030,0.468,0.502
35000,0.030,0.413,0.557
35500,0.030,0.572,0.398
36000,0.030,0.732,0.238
36500,0.030,0.559,0.411
37000,0.030,0.591,0.379
37500,0.030,0.556,0.414
38000,0.030,0.523,0.447
38500,0.030,0.577,0.393
39000,0.030,0.612,0.358
39500,0.030,0.687,0.283
40000,0.030,0.474,0.496
40500,0.030,0.427,0.543
41000,0.030,0.439,0.531
41500,0.030,0.553,0.417
42000,0.030,0.478,0.492
42500,0.030,0.616,0.354
43000,0.030,0.594,0.376
43500,0.030,0.563,0.407
44000,0.030,0.579,0.391
44500,0.030,0.485,0.485
45000,0.030,0.671,0.299
45500,0.030,0.683,0.287
46000,0.030,0.670,0.300
46500,0.030,0.771,0.199
47000,0.030,0.694,0.276
47500,0.030,0.459,0.511
48000,0.030,0.397,0.573
48500,0.030,0.524,0.446
49000,0.030,0.447,0.523
49500,0.030,0.597,0.373
50000,0.030,0.614,0.356
50500,0.030,0.509,0.461
51000,0.030,0.520,0.450
51500,0.030,0.496,0.474
52000,0.030,0.520,0.450
52500,0.030,0.452,0.518
53000,0.030,0.505,0.465
53500,0.030,0.558,0.412
54000,0.030,0.594,0.376
54500,0.030,0.490,0.480
55000,0.030,0.645,0.325
55500,0.030,0.671,0.299
56000,0.030,0.477,0.493
56500,0.030,0.508,0.462
57000,0.030,0.588,0.382
57500,0.030,0.482,0.488
58000,0.030,0.500,0.470
58500,0.030,0.711,0.259
59000,0.030,0.496,0.474
59500,0.030,0.702,0.268
60000,0.030,0.503,0.467
60500,0.030,0.422,0.548
61000,0.030,0.536,0.434
61500,0.030,0.417,0.553
62000,0.030,0.578,0.392
62500,0.030,0.653,0.317
63000,0.030,0.531,0.439
63500,0.030,0.488,0.482
64000,0.030,0.610,0.360
64500,0.030,0.559,0.411
65000,0.030,0.369,0.601
65500,0.030,0.499,0.471
66000,0.030,0.526,0.444
66500,0.030,0.453,0.517
67000,0.030,0.576,0.394
67500,0.030,0.433,0.537
68000,0.030,0.475,0.495
68500,0.030,0.486,0.484
69000,0.030,0.472,0.498
69500,0.030,0.395,0.575
70000,0.030,0.574,0.396
70500,0.030,0.570,0.400
71000,0.030,0.588,0.382
71500,0.030,0.502,0.468
72000,0.030,0.544,0.426
72500,0.030,0.710,0.260
73000,0.030,0.530,0.440
73500,0.030,0.550,0.420
74000,0.030,0.550,0.420
74500,0.030,0.588,0.382
75000,0.030,0.513,0.457
75500,0.030,0.575,0.395
76000,0.030,0.549,0.421
76500,0.030,0.595,0.375
77000,0.030,0.735,0.235
77500,0.030,0.425,0.545
78000,0.030,0.429,0.541
78500,0.030,0.564,0.406
79000,0.030,0.494,0.476
79500,0.030,0.598,0.372
80000,0.030,0.614,0.356
80500,0.030,0.527,0.443
81000,0.030,0.608,0.362
81500,0.030,0.558,0.412
82000,0.030,0.483,0.487
82500,0.030,0.605,0.365
83000,0.030,0.608,0.362
83500,0.030,0.558,0.412
84000,0.030,0.700,0.270
84500,0.030,0.650,0.320
85000,0.030,0.555,0.415
85500,0.030,0.612,0.358
86000,0.030,0.645,0.325
86500,0.030,0.741,0.229
87000,0.030,0.611,0.359
87500,0.030,0.416,0.554
88000,0.030,0.438,0.532
88500,0.030,0.500,0.470
89000,0.030,0.607,0.363
89500,0.030,0.650,0.320
90000,0.030,0.589,0.381
90500,0.030,0.426,0.544
91000,0.030,0.418,0.552
91500,0.030,0.533,0.437
92000,0.030,0.516,0.454
92500,0.030,0.550,0.420
93000,0.030,0.603,0.367
93500,0.030,0.504,0.466
94000,0.030,0.566,0.404
94500,0.030,0.679,0.291
95000,0.030,0.584,0.386
95500,0.030,0.412,0.558
96000,0.030,0.591,0.379
96500,0.030,0.410,0.560
97000,0.030,0.491,0.479
97500,0.030,0.457,0.513
98000,0.030,0.366,0.604
98500,0.030,0.677,0.293
99000,0.030,0.648,0.322
99500,0.030,0.554,0.416
100000,0.030,0.391,0.579
100500,0.030,0.425,0.545
101000,0.030,0.534,0.436
101500,0.030,0.502,0.468
102000,0.030,0.394,0.576
102500,0.030,0.504,0.466
103000,0.030,0.493,0.477
103500,0.030,0.597,0.373
104000,0.030,0.529,0.441
104500,0.030,0.505,0.465
105000,0.030,0.434,0.536
105500,0.030,0.695,0.275
106000,0.030,0.717,0.253
106500,0.030,0.444,0.526
107000,0.030,0.705,0.265
107500,0.030,0.545,0.425
108000,0.030,0.552,0.418
108500,0.030,0.662,0.308
109000,0.030,0.817,0.153
109500,0.030,0.744,0.226
110000,0.030,0.573,0.397
110500,0.030,0.406,0.564
111000,0.030,0.593,0.377
111500,0.030,0.626,0.344
112000,0.030,0.728,0.242
112500,0.030,0.588,0.382
113000,0.030,0.552,0.418
113500,0.030,0.612,0.358
114000,0.030,0.534,0.436
114500,0.030,0.583,0.387
115000,0.030,0.599,0.371
115500,0.030,0.621,0.349
116000,0.030,0.617,0.353
116500,0.030,0.584,0.386
117000,0.030,0.660,0.310
117500,0.030,0.461,0.509
118000,0.030,0.432,0.538
118500,0.030,0.500,0.470
119000,0.030,0.559,0.411
119500,0.030,0.413,0.557
120000,0.030,0.478,0.492
120500,0.030,0.728,0.242
121000,0.030,0.466,0.504
121500,0.030,0.539,0.431
122000,0.030,0.576,0.394
122500,0.030,0.551,0.419
123000,0.030,0.623,0.347
123500,0.030,0.338,0.632
124000,0.030,0.400,0.570
124500,0.030,0.414,0.556
125000,0.030,0.560,0.410
125500,0.030,0.574,0.396
126000,0.030,0.474,0.496
126500,0.030,0.597,0.373
127000,0.030,0.583,0.387
127500,0.030,0.389,0.581
128000,0.030,0.517,0.453
128500,0.030,0.531,0.439
129000,0.030,0.494,0.476
129500,0.030,0.582,0.388
130000,0.030,0.590,0.380
130500,0.030,0.485,0.485
131000,0.030,0.574,0.396
131500,0.030,0.440,0.530
132000,0.030,0.518,0.452
132500,0.030,0.439,0.531
133000,0.030,0.485,0.485
133500,0.030,0.443,0.527
134000,0.030,0.585,0.385
134500,0.030,0.517,0.453
135000,0.030,0.513,0.457
135500,0.030,0.500,0.470
136000,0.030,0.666,0.304
136500,0.030,0.530,0.440
137000,0.030,0.448,0.522
137500,0.030,0.413,0.557
138000,0.030,0.458,0.512
138500,0.030,0.493,0.477
139000,0.030,0.617,0.353
139500,0.030,0.682,0.288
140000,0.030,0.556,0.414
140500,0.030,0.446,0.524
141000,0.030,0.586,0.384
141500,0.030,0.476,0.494
142000,0.030,0.371,0.599
142500,0.030,0.489,0.481
143000,0.030,0.489,0.481
143500,0.030,0.528,0.442
144000,0.030,0.439,0.531
144500,0.030,0.654,0.316
145000,0.030,0.573,0.397
145500,0.030,0.605,0.365
146000,0.030,0.441,0.529
146500,0.030,0.563,0.407
147000,0.030,0.657,0.313
147500,0.030,0.577,0.393
148000,0.030,0.541,0.429
148500,0.030,0.523,0.447
149000,0.030,0.552,0.418
149500,0.030,0.580,0.390
150000,0.030,0.492,0.478
150500,0.030,0.442,0.528
151000,0.030,0.475,0.495
151500,0.030,0.574,0.396
152000,0.030,0.690,0.280
152500,0.030,0.667,0.303
153000,0.030,0.572,0.398
153500,0.030,0.464,0.506
154000,0.030,0.565,0.405
154500,0.030,0.539,0.431
155000,0.030,0.446,0.524
155500,0.030,0.474,0.496
156000,0.030,0.429,0.541
156500,0.030,0.488,0.482
157000,0.030,0.653,0.317
157500,0.030,0.487,0.483
158000,0.030,0.420,0.550
158500,0.030,0.390,0.580
159000,0.030,0.428,0.542
159500,0.030,0.729,0.241
160000,0.030,0.562,0.408
160500,0.030,0.517,0.453
161000,0.030,0.523,0.447
161500,0.030,0.513,0.457
162000,0.030,0.549,0.421
162500,0.030,0.473,0.497
163000,0.030,0.608,0.362
163500,0.030,0.688,0.282
164000,0.030,0.620,0.350
164500,0.030,0.611,0.359
165000,0.030,0.635,0.335
165500,0.030,0.598,0.372
166000,0.030,0.659,0.311
166500,0.030,0.662,0.308
167000,0.030,0.403,0.567
167500,0.030,0.546,0.424
168000,0.030,0.514,0.456
168500,0.030,0.637,0.333
169000,0.030,0.592,0.378
169500,0.030,0.454,0.516
170000,0.030,0.590,0.380
170500,0.030,0.673,0.297
171000,0.030,0.512,0.458
171500,0.030,0.589,0.381
172000,0.030,0.503,0.467
172500,0.030,0.445,0.525
173000,0.030,0.522,0.448
173500,0.030,0.564,0.406
174000,0.030,0.483,0.487
174500,0.030,0.394,0.576
175000,0.030,0.513,0.457
175500,0.030,0.729,0.241
176000,0.030,0.509,0.461
176500,0.030,0.605,0.365
177000,0.030,0.468,0.502
177500,0.030,0.599,0.371
178000,0.030,0.517,0.453
178500,0.030,0.594,0.376
179000,0.030,0.608,0.362
179500,0.030,0.498,0.472
180000,0.030,0.348,0.622
180500,0.030,0.521,0.449
181000,0.030,0.649,0.321
181500,0.030,0.529,0.441
182000,0.030,0.482,0.488
182500,0.030,0.545,0.425
183000,0.030,0.661,0.309
183500,0.030,0.661,0.309
184000,0.030,0.400,0.570
184500,0.030,0.476,0.494
185000,0.030,0.506,0.464
185500,0.030,0.589,0.381
186000,0.030,0.503,0.467
186500,0.030,0.572,0.398
187000,0.030,0.666,0.304
187500,0.030,0.487,0.483
188000,0.030,0.472,0.498
188500,0.030,0.604,0.366
189000,0.030,0.530,0.440
189500,0.030,0.567,0.403
190000,0.030,0.651,0.319
190500,0.030,0.431,0.539
191000,0.030,0.390,0.580
191500,0.030,0.441,0.529
192000,0.030,0.568,0.402
192500,0.030,0.543,0.427
193000,0.030,0.680,0.290
193500,0.030,0.527,0.443
194000,0.030,0.448,0.522
194500,0.030,0.498,0.472
195000,0.030,0.623,0.347
195500,0.030,0.570,0.400
196000,0.030,0.512,0.458
196500,0.030,0.474,0.496
197000,0.030,0.709,0.261
197500,0.030,0.617,0.353
198000,0.030,0.559,0.411
198500,0.030,0.744,0.226
199000,0.030,0.592,0.378
199500,0.030,0.466,0.504
200000,0.030,0.489,0.481
200500,0.030,0.611,0.359
201000,0.030,0.662,0.308
201500,0.030,0.343,0.627
202000,0.030,0.605,0.365
202500,0.030,0.553,0.417
203000,0.030,0.559,0.411
203500,0.030,0.661,0.309
204000,0.030,0.621,0.349
204500,0.030,0.736,0.234
205000,0.030,0.705,0.265
205500,0.030,0.710,0.260
206000,0.030,0.712,0.258
206500,0.030,0.656,0.314
207000,0.030,0.678,0.292
207500,0.030,0.730,0.240
208000,0.030,0.561,0.409
208500,0.030,0.594,0.376
209000,0.030,0.556,0.414
209500,0.030,0.456,0.514
210000,0.030,0.499,0.471
210500,0.030,0.554,0.416
211000,0.030,0.485,0.485
211500,0.030,0.394,0.576
212000,0.030,0.592,0.378
212500,0.030,0.537,0.433
213000,0.030,0.344,0.626
213500,0.030,0.420,0.550
214000,0.030,0.347,0.623
214500,0.030,0.627,0.343
215000,0.030,0.489,0.481
215500,0.030,0.633,0.337
216000,0.030,0.620,0.350
216500,0.030,0.597,0.373
217000,0.030,0.580,0.390
217500,0.030,0.637,0.333
218000,0.030,0.407,0.563
218500,0.030,0.585,0.385
219000,0.030,0.610,0.360
219500,0.030,0.387,0.583
220000,0.030,0.619,0.351
220500,0.030,0.393,0.577
221000,0.030,0.457,0.513
221500,0.030,0.495,0.475
222000,0.030,0.517,0.453
222500,0.030,0.691,0.279
223000,0.030,0.764,0.206
223500,0.030,0.550,0.420
224000,0.030,0.478,0.492
224500,0.030,0.396,0.574
225000,0.030,0.666,0.304
225500,0.030,0.613,0.357
226000,0.030,0.476,0.494
226500,0.030,0.525,0.445
227000,0.030,0.472,0.498
227500,0.030,0.518,0.452
228000,0.030,0.473,0.497
228500,0.030,0.509,0.461
229000,0.030,0.530,0.440
229500,0.030,0.577,0.393
230000,0.030,0.478,0.492
230500,0.030,0.533,0.437
231000,0.030,0.466,0.504
231500,0.030,0.323,0.647
232000,0.030,0.423,0.547
232500,0.030,0.403,0.567
233000,0.030,0.448,0.522
233500,0.030,0.388,0.582
234000,0.030,0.500,0.470
234500,0.030,0.460,0.510
235000,0.030,0.325,0.645
235500,0.030,0.447,0.523
236000,0.030,0.671,0.299
236500,0.030,0.669,0.301
237000,0.030,0.567,0.403
237500,0.030,0.671,0.299
238000,0.030,0.716,0.254
238500,0.030,0.543,0.427
239000,0.030,0.604,0.366
239500,0.030,0.562,0.408
240000,0.030,0.645,0.325
240500,0.030,0.652,0.318
241000,0.030,0.608,0.362
241500,0.030,0.684,0.286
242000,0.030,0.570,0.400
242500,0.030,0.536,0.434
243000,0.030,0.648,0.322
243500,0.030,0.769,0.201
244000,0.030,0.527,0.443
244500,0.030,0.632,0.338
245000,0.030,0.491,0.479
245500,0.030,0.708,0.262
246000,0.030,0.699,0.271
246500,0.030,0.658,0.312
247000,0.030,0.697,0.273
247500,0.030,0.442,0.528
248000,0.030,0.453,0.517
248500,0.030,0.636,0.334
249000,0.030,0.563,0.407
249500,0.030,0.426,0.544
250000,0.030,0.545,0.425
250500,0.030,0.444,0.526
251000,0.030,0.389,0.581
251500,0.030,0.511,0.459
252000,0.030,0.494,0.476
252500,0.030,0.527,0.443
253000,0.030,0.643,0.327
253500,0.030,0.491,0.479
254000,0.030,0.317,0.653
254500,0.030,0.340,0.630
255000,0.030,0.402,0.568
255500,0.030,0.664,0.306
256000,0.030,0.550,0.420
256500,0.030,0.648,0.322
257000,0.030,0.599,0.371
257500,0.030,0.783,0.187
258000,0.030,0.413,0.557
258500,0.030,0.547,0.423
259000,0.030,0.564,0.406
259500,0.030,0.562,0.408
260000,0.030,0.595,0.375
260500,0.030,0.499,0.471
261000,0.030,0.515,0.455
261500,0.030,0.490,0.480
262000,0.030,0.560,0.410
262500,0.030,0.531,0.439
263000,0.030,0.535,0.435
263500,0.030,0.545,0.425
264000,0.030,0.589,0.381
264500,0.030,0.603,0.367
265000,0.030,0.593,0.377
265500,0.030,0.567,0.403
266000,0.030,0.665,0.305
266500,0.030,0.571,0.399
267000,0.030,0.580,0.390
267500,0.030,0.617,0.353
268000,0.030,0.701,0.269
268500,0.030,0.540,0.430
269000,0.030,0.606,0.364
269500,0.030,0.604,0.366
270000,0.030,0.604,0.366
270500,0.030,0.526,0.444
271000,0.030,0.444,0.526
271500,0.030,0.504,0.466
272000,0.030,0.420,0.550
272500,0.030,0.654,0.316
273000,0.030,0.663,0.307
273500,0.030,0.539,0.431
274000,0.030,0.344,0.626
274500,0.030,0.649,0.321
275000,0.030,0.617,0.353
275500,0.030,0.489,0.481
276000,0.030,0.490,0.480
276500,0.030,0.510,0.460
277000,0.030,0.564,0.406
277500,0.030,0.552,0.418
278000,0.030,0.685,0.285
278500,0.030,0.434,0.536
279000,0.030,0.459,0.511
279500,0.030,0.531,0.439
280000,0.030,0.449,0.521
280500,0.030,0.482,0.488
281000,0.030,0.536,0.434
281500,0.030,0.382,0.588
282000,0.030,0.358,0.612
282500,0.030,0.520,0.450
283000,0.030,0.549,0.421
283500,0.030,0.534,0.436
284000,0.030,0.633,0.337
284500,0.030,0.607,0.363
285000,0.030,0.314,0.656
285500,0.030,0.428,0.542
286000,0.030,0.589,0.381
286500,0.030,0.611,0.359
287000,0.030,0.514,0.456
287500,0.030,0.506,0.464
288000,0.030,0.456,0.514
288500,0.030,0.564,0.406
289000,0.030,0.517,0.453
289500,0.030,0.551,0.419
290000,0.030,0.538,0.432
290500,0.030,0.571,0.399
291000,0.030,0.438,0.532
291500,0.030,0.571,0.399
292000,0.030,0.535,0.435
292500,0.030,0.385,0.585
293000,0.030,0.611,0.359
293500,0.030,0.488,0.482
294000,0.030,0.568,0.402
294500,0.030,0.704,0.266
295000,0.030,0.607,0.363
295500,0.030,0.445,0.525
296000,0.030,0.608,0.362
296500,0.030,0.690,0.280
297000,0.030,0.676,0.294
297500,0.030,0.559,0.411
298000,0.030,0.511,0.459
298500,0.030,0.646,0.324
299000,0.030,0.591,0.379
299500,0.030,0.370,0.600
300000,0.030,0.601,0.369
300500,0.030,0.504,0.466
301000,0.030,0.585,0.385
301500,0.030,0.489,0.481
302000,0.030,0.422,0.548
302500,0.030,0.538,0.432
303000,0.030,0.432,0.538
303500,0.030,0.604,0.366
304000,0.030,0.483,0.487
304500,0.030,0.441,0.529
305000,0.030,0.508,0.462
305500,0.030,0.561,0.409
306000,0.030,0.443,0.527
306500,0.030,0.534,0.436
307000,0.030,0.496,0.474
307500,0.030,0.615,0.355
308000,0.030,0.533,0.437
308500,0.030,0.363,0.607
309000,0.030,0.706,0.264
309500,0.030,0.527,0.443
310000,0.030,0.443,0.527
310500,0.030,0.481,0.489
311000,0.030,0.447,0.523
311500,0.030,0.493,0.477
312000,0.030,0.511,0.459
312500,0.030,0.535,0.435
313000,0.030,0.489,0.481
313500,0.030,0.632,0.338
314000,0.030,0.644,0.326
314500,0.030,0.624,0.346
315000,0.030,0.832,0.138
315500,0.030,0.599,0.371
316000,0.030,0.606,0.364
316500,0.030,0.599,0.371
317000,0.030,0.619,0.351
317500,0.030,0.588,0.382
318000,0.030,0.339,0.631
318500,0.030,0.383,0.587
319000,0.030,0.489,0.481
319500,0.030,0.509,0.461
320000,0.030,0.472,0.498
320500,0.030,0.497,0.473
321000,0.030,0.473,0.497
321500,0.030,0.555,0.415
322000,0.030,0.517,0.453
322500,0.030,0.604,0.366
323000,0.030,0.611,0.359
323500,0.030,0.688,0.282
324000,0.030,0.614,0.356
324500,0.030,0.613,0.357
325000,0.030,0.441,0.529
325500,0.030,0.654,0.316
326000,0.030,0.659,0.311
326500,0.030,0.594,0.376
327000,0.030,0.437,0.533
327500,0.030,0.559,0.411
328000,0.030,0.500,0.470
328500,0.030,0.484,0.486
329000,0.030,0.542,0.428
329500,0.030,0.576,0.394
330000,0.030,0.548,0.422
330500,0.030,0.641,0.329
331000,0.030,0.561,0.409
331500,0.030,0.533,0.437
332000,0.030,0.652,0.318
332500,0.030,0.689,0.281
333000,0.030,0.602,0.368
333500,0.030,0.565,0.405
334000,0.030,0.673,0.297
334500,0.030,0.840,0.130
335000,0.030,0.517,0.453
335500,0.030,0.593,0.377
336000,0.030,0.683,0.287
336500,0.030,0.575,0.395
337000,0.030,0.487,0.483
337500,0.030,0.491,0.479
338000,0.030,0.531,0.439
338500,0.030,0.522,0.448
339000,0.030,0.583,0.387
339500,0.030,0.469,0.501
340000,0.030,0.497,0.473
340500,0.030,0.477,0.493
341000,0.030,0.578,0.392
341500,0.030,0.457,0.513
342000,0.030,0.595,0.375
342500,0.030,0.450,0.520
343000,0.030,0.636,0.334
343500,0.030,0.512,0.458
344000,0.030,0.488,0.482
344500,0.030,0.610,0.360
345000,0.030,0.583,0.387
345500,0.030,0.629,0.341
346000,0.030,0.541,0.429
346500,0.030,0.564,0.406
347000,0.030,0.498,0.472
347500,0.030,0.607,0.363
348000,0.030,0.537,0.433
348500,0.030,0.500,0.470
349000,0.030,0.621,0.349
349500,0.030,0.527,0.443
350000,0.030,0.396,0.574
350500,0.030,0.433,0.537
351000,0.030,0.530,0.440
351500,0.030,0.486,0.484
352000,0.030,0.458,0.512
352500,0.030,0.600,0.370
353000,0.030,0.728,0.242
353500,0.030,0.712,0.258
354000,0.030,0.693,0.277
354500,0.030,0.454,0.516
355000,0.030,0.534,0.436
355500,0.030,0.611,0.359
356000,0.030,0.441,0.529
356500,0.030,0.395,0.575
357000,0.030,0.413,0.557
357500,0.030,0.521,0.449
358000,0.030,0.561,0.409
358500,0.030,0.599,0.371
359000,0.030,0.605,0.365
359500,0.030,0.553,0.417
360000,0.030,0.520,0.450
360500,0.030,0.578,0.392
361000,0.030,0.439,0.531
361500,0.030,0.550,0.420
362000,0.030,0.557,0.413
362500,0.030,0.668,0.302
363000,0.030,0.473,0.497
363500,0.030,0.493,0.477
364000,0.030,0.562,0.408
364500,0.030,0.538,0.432
365000,0.030,0.444,0.526
365500,0.030,0.668,0.302
366000,0.030,0.362,0.608
366500,0.030,0.421,0.549
367000,0.030,0.510,0.460
367500,0.030,0.685,0.285
368000,0.030,0.702,0.268
368500,0.030,0.663,0.307
369000,0.030,0.585,0.385
369500,0.030,0.608,0.362
370000,0.030,0.533,0.437
370500,0.030,0.593,0.377
371000,0.030,0.661,0.309
371500,0.030,0.419,0.551
372000,0.030,0.528,0.442
372500,0.030,0.428,0.542
373000,0.030,0.523,0.447
373500,0.030,0.730,0.240
374000,0.030,0.761,0.209
374500,0.030,0.609,0.361
375000,0.030,0.579,0.391
375500,0.030,0.436,0.534
376000,0.030,0.521,0.449
376500,0.030,0.541,0.429
377000,0.030,0.396,0.574
377500,0.030,0.368,0.602
378000,0.030,0.497,0.473
378500,0.030,0.409,0.561
379000,0.030,0.497,0.473
379500,0.030,0.350,0.620
380000,0.030,0.609,0.361
380500,0.030,0.360,0.610
381000,0.030,0.524,0.446
381500,0.030,0.645,0.325
382000,0.030,0.673,0.297
382500,0.030,0.584,0.386
383000,0.030,0.541,0.429
383500,0.030,0.499,0.471
384000,0.030,0.617,0.353
384500,0.030,0.539,0.431
385000,0.030,0.639,0.331
385500,0.030,0.793,0.177
386000,0.030,0.641,0.329
386500,0.030,0.589,0.381
387000,0.030,0.717,0.253
387500,0.030,0.598,0.372
388000,0.030,0.571,0.399
388500,0.030,0.421,0.549
389000,0.030,0.561,0.409
389500,0.030,0.610,0.360
390000,0.030,0.571,0.399
390500,0.030,0.529,0.441
391000,0.030,0.609,0.361
391500,0.030,0.354,0.616
392000,0.030,0.675,0.295
392500,0.030,0.724,0.246
393000,0.030,0.618,0.352
393500,0.030,0.563,0.407
394000,0.030,0.530,0.440
394500,0.030,0.505,0.465
395000,0.030,0.481,0.489
395500,0.030,0.346,0.624
396000,0.030,0.653,0.317
396500,0.030,0.738,0.232
397000,0.030,0.482,0.488
397500,0.030,0.651,0.319
398000,0.030,0.548,0.422
398500,0.030,0.571,0.399
399000,0.030,0.584,0.386
399500,0.030,0.497,0.473
400000,0.030,0.567,0.403
400500,0.030,0.544,0.426
401000,0.030,0.517,0.453
401500,0.030,0.495,0.475
402000,0.030,0.506,0.464
402500,0.030,0.642,0.328
403000,0.030,0.493,0.477
403500,0.030,0.540,0.430
404000,0.030,0.472,0.498
404500,0.030,0.420,0.550
405000,0.030,0.501,0.469
405500,0.030,0.500,0.470
406000,0.030,0.527,0.443
406500,0.030,0.650,0.320
407000,0.030,0.504,0.466
407500,0.030,0.683,0.287
408000,0.030,0.744,0.226
408500,0.030,0.722,0.248
409000,0.030,0.594,0.376
409500,0.030,0.659,0.311
410000,0.030,0.757,0.213
410500,0.030,0.560,0.410
411000,0.030,0.664,0.306
411500,0.030,0.714,0.256
412000,0.030,0.580,0.390
412500,0.030,0.729,0.241
413000,0.030,0.689,0.281
413500,0.030,0.548,0.422
414000,0.030,0.660,0.310
414500,0.030,0.581,0.389
415000,0.030,0.652,0.318
415500,0.030,0.524,0.446
416000,0.030,0.495,0.475
416500,0.030,0.497,0.473
417000,0.030,0.503,0.467
417500,0.030,0.535,0.435
418000,0.030,0.556,0.414
418500,0.030,0.570,0.400
419000,0.030,0.457,0.513
419500,0.030,0.478,0.492
420000,0.030,0.540,0.430
420500,0.030,0.528,0.442
421000,0.030,0.586,0.384
421500,0.030,0.408,0.562
422000,0.030,0.676,0.294
422500,0.030,0.617,0.353
423000,0.030,0.695,0.275
423500,0.030,0.505,0.465
424000,0.030,0.481,0.489
424500,0.030,0.393,0.577
425000,0.030,0.517,0.453
425500,0.030,0.575,0.395
426000,0.030,0.602,0.368
426500,0.030,0.700,0.270
427000,0.030,0.664,0.306
427500,0.030,0.678,0.292
428000,0.030,0.388,0.582
428500,0.030,0.487,0.483
429000,0.030,0.602,0.368
429500,0.030,0.547,0.423
430000,0.030,0.622,0.348
430500,0.030,0.560,0.410
431000,0.030,0.795,0.175
431500,0.030,0.629,0.341
432000,0.030,0.748,0.222
432500,0.030,0.559,0.411
433000,0.030,0.466,0.504
433500,0.030,0.663,0.307
434000,0.030,0.545,0.425
434500,0.030,0.578,0.392
435000,0.030,0.654,0.316
435500,0.030,0.619,0.351
436000,0.030,0.610,0.360
436500,0.030,0.390,0.580
437000,0.030,0.475,0.495
437500,0.030,0.493,0.477
438000,0.030,0.575,0.395
438500,0.030,0.522,0.448
439000,0.030,0.658,0.312
439500,0.030,0.488,0.482
440000,0.030,0.518,0.452
440500,0.030,0.548,0.422
441000,0.030,0.701,0.269
441500,0.030,0.567,0.403
442000,0.030,0.538,0.432
442500,0.030,0.521,0.449
443000,0.030,0.400,0.570
443500,0.030,0.619,0.351
444000,0.030,0.582,0.388
444500,0.030,0.520,0.450
445000,0.030,0.594,0.376
445500,0.030,0.701,0.269
446000,0.030,0.635,0.335
446500,0.030,0.544,0.426
447000,0.030,0.485,0.485
447500,0.030,0.510,0.460
448000,0.030,0.427,0.543
448500,0.030,0.676,0.294
449000,0.030,0.539,0.431
449500,0.030,0.545,0.425
450000,0.030,0.387,0.583
450500,0.030,0.560,0.410
451000,0.030,0.556,0.414
451500,0.030,0.490,0.480
452000,0.030,0.424,0.546
452500,0.030,0.658,0.312
453000,0.030,0.474,0.496
453500,0.030,0.449,0.521
454000,0.030,0.604,0.366
454500,0.030,0.551,0.419
455000,0.030,0.597,0.373
455500,0.030,0.536,0.434
456000,0.030,0.551,0.419
456500,0.030,0.501,0.469
457000,0.030,0.641,0.329
457500,0.030,0.612,0.358
458000,0.030,0.562,0.408
458500,0.030,0.573,0.397
459000,0.030,0.438,0.532
459500,0.030,0.710,0.260
460000,0.030,0.688,0.282
460500,0.030,0.640,0.330
461000,0.030,0.365,0.605
461500,0.030,0.459,0.511
462000,0.030,0.429,0.541
462500,0.030,0.456,0.514
463000,0.030,0.484,0.486
463500,0.030,0.579,0.391
464000,0.030,0.531,0.439
464500,0.030,0.545,0.425
465000,0.030,0.588,0.382
465500,0.030,0.657,0.313
466000,0.030,0.598,0.372
466500,0.030,0.409,0.561
467000,0.030,0.626,0.344
467500,0.030,0.370,0.600
468000,0.030,0.548,0.422
468500,0.030,0.590,0.380
469000,0.030,0.594,0.376
469500,0.030,0.481,0.489
470000,0.030,0.555,0.415
470500,0.030,0.590,0.380
471000,0.030,0.449,0.521
471500,0.030,0.701,0.269
472000,0.030,0.631,0.339
472500,0.030,0.611,0.359
473000,0.030,0.499,0.471
473500,0.030,0.545,0.425
474000,0.030,0.591,0.379
474500,0.030,0.549,0.421
475000,0.030,0.603,0.367
475500,0.030,0.678,0.292
476000,0.030,0.534,0.436
476500,0.030,0.617,0.353
477000,0.030,0.597,0.373
477500,0.030,0.621,0.349
478000,0.030,0.632,0.338
478500,0.030,0.697,0.273
479000,0.030,0.806,0.164
479500,0.030,0.560,0.410
480000,0.030,0.560,0.410
480500,0.030,0.602,0.368
481000,0.030,0.440,0.530
481500,0.030,0.494,0.476
482000,0.030,0.703,0.267
482500,0.030,0.660,0.310
483000,0.030,0.342,0.628
483500,0.030,0.513,0.457
484000,0.030,0.607,0.363
484500,0.030,0.550,0.420
485000,0.030,0.539,0.431
485500,0.030,0.573,0.397
486000,0.030,0.525,0.445
486500,0.030,0.528,0.442
487000,0.030,0.519,0.451
487500,0.030,0.603,0.367
488000,0.030,0.654,0.316
488500,0.030,0.679,0.291
489000,0.030,0.396,0.574
489500,0.030,0.649,0.321
490000,0.030,0.625,0.345
490500,0.030,0.427,0.543
491000,0.030,0.662,0.308
491500,0.030,0.659,0.311
492000,0.030,0.661,0.309
492500,0.030,0.601,0.369
493000,0.030,0.469,0.501
493500,0.030,0.479,0.491
494000,0.030,0.470,0.500
494500,0.030,0.742,0.228
495000,0.030,0.553,0.417
495500,0.030,0.550,0.420
496000,0.030,0.599,0.371
496500,0.030,0.674,0.296
497000,0.030,0.535,0.435
497500,0.030,0.400,0.570
498000,0.030,0.580,0.390
498500,0.030,0.715,0.255
499000,0.030,0.635,0.335
499500,0.030,0.434,0.536
500000,0.030,0.666,0.304
500500,0.030,0.663,0.307
501000,0.030,0.594,0.376
501500,0.030,0.517,0.453
502000,0.030,0.487,0.483
502500,0.030,0.649,0.321
503000,0.030,0.595,0.375
503500,0.030,0.655,0.315
504000,0.030,0.528,0.442
504500,0.030,0.585,0.385
505000,0.030,0.511,0.459
505500,0.030,0.477,0.493
506000,0.030,0.447,0.523
506500,0.030,0.576,0.394
507000,0.030,0.584,0.386
507500,0.030,0.528,0.442
508000,0.030,0.744,0.226
508500,0.030,0.657,0.313
509000,0.030,0.591,0.379
509500,0.030,0.541,0.429
510000,0.030,0.502,0.468
510500,0.030,0.644,0.326
511000,0.030,0.584,0.386
511500,0.030,0.602,0.368
512000,0.030,0.419,0.551
512500,0.030,0.522,0.448
513000,0.030,0.531,0.439
513500,0.030,0.567,0.403
514000,0.030,0.530,0.440
514500,0.030,0.567,0.403
515000,0.030,0.507,0.463
515500,0.030,0.529,0.441
516000,0.030,0.570,0.400
516500,0.030,0.391,0.579
517000,0.030,0.475,0.495
517500,0.030,0.526,0.444
518000,0.030,0.560,0.410
518500,0.030,0.415,0.555
519000,0.030,0.613,0.357
519500,0.030,0.545,0.425
520000,0.030,0.480,0.490
520500,0.030,0.620,0.350
521000,0.030,0.732,0.238
521500,0.030,0.532,0.438
522000,0.030,0.719,0.251
522500,0.030,0.542,0.428
523000,0.030,0.554,0.416
523500,0.030,0.581,0.389
524000,0.030,0.506,0.464
524500,0.030,0.596,0.374
525000,0.030,0.691,0.279
525500,0.030,0.591,0.379
526000,0.030,0.496,0.474
526500,0.030,0.591,0.379
527000,0.030,0.638,0.332
527500,0.030,0.704,0.266
528000,0.030,0.478,0.492
528500,0.030,0.489,0.481
529000,0.030,0.582,0.388
529500,0.030,0.674,0.296
530000,0.030,0.611,0.359
530500,0.030,0.604,0.366
531000,0.030,0.594,0.376
531500,0.030,0.605,0.365
532000,0.030,0.456,0.514
532500,0.030,0.551,0.419
533000,0.030,0.582,0.388
533500,0.030,0.550,0.420
534000,0.030,0.596,0.374
534500,0.030,0.457,0.513
535000,0.030,0.528,0.442
535500,0.030,0.471,0.499
536000,0.030,0.555,0.415
536500,0.030,0.550,0.420
537000,0.030,0.680,0.290
537500,0.030,0.532,0.438
538000,0.030,0.499,0.471
538500,0.030,0.561,0.409
539000,0.030,0.593,0.377
539500,0.030,0.678,0.292
540000,0.030,0.514,0.456
540500,0.030,0.540,0.430
541000,0.030,0.563,0.407
541500,0.030,0.570,0.400
542000,0.030,0.566,0.404
542500,0.030,0.462,0.508
543000,0.030,0.680,0.290
543500,0.030,0.597,0.373
544000,0.030,0.548,0.422
544500,0.030,0.624,0.346
545000,0.030,0.520,0.450
545500,0.030,0.438,0.532
546000,0.030,0.523,0.447
546500,0.030,0.429,0.541
547000,0.030,0.492,0.478
547500,0.030,0.657,0.313
548000,0.030,0.701,0.269
548500,0.030,0.513,0.457
549000,0.030,0.448,0.522
549500,0.030,0.518,0.452
550000,0.030,0.649,0.321
550500,0.030,0.504,0.466
551000,0.030,0.509,0.461
551500,0.030,0.501,0.469
552000,0.030,0.686,0.284
552500,0.030,0.549,0.421
553000,0.030,0.531,0.439
553500,0.030,0.601,0.369
554000,0.030,0.483,0.487
554500,0.030,0.573,0.397
555000,0.030,0.660,0.310
555500,0.030,0.739,0.231
556000,0.030,0.514,0.456
556500,0.030,0.561,0.409
557000,0.030,0.481,0.489
557500,0.030,0.551,0.419
558000,0.030,0.528,0.442
558500,0.030,0.525,0.445
559000,0.030,0.569,0.401
559500,0.030,0.416,0.554
560000,0.030,0.630,0.340
560500,0.030,0.528,0.442
561000,0.030,0.741,0.229
561500,0.030,0.554,0.416
562000,0.030,0.606,0.364
562500,0.030,0.493,0.477
563000,0.030,0.530,0.440
563500,0.030,0.554,0.416
564000,0.030,0.489,0.481
564500,0.030,0.425,0.545
565000,0.030,0.519,0.451
565500,0.030,0.593,0.377
566000,0.030,0.653,0.317
566500,0.030,0.498,0.472
567000,0.030,0.506,0.464
567500,0.030,0.444,0.526
568000,0.030,0.637,0.333
568500,0.030,0.504,0.466
569000,0.030,0.576,0.394
569500,0.030,0.486,0.484
570000,0.030,0.696,0.274
570500,0.030,0.440,0.530
571000,0.030,0.458,0.512
571500,0.030,0.549,0.421
572000,0.030,0.637,0.333
572500,0.030,0.514,0.456
573000,0.030,0.471,0.499
573500,0.030,0.639,0.331
574000,0.030,0.524,0.446
574500,0.030,0.543,0.427
575000,0.030,0.722,0.248
575500,0.030,0.777,0.193
576000,0.030,0.603,0.367
576500,0.030,0.597,0.373
577000,0.030,0.532,0.438
577500,0.030,0.813,0.157
578000,0.030,0.543,0.427
578500,0.030,0.735,0.235
579000,0.030,0.506,0.464
579500,0.030,0.511,0.459
580000,0.030,0.691,0.279
580500,0.030,0.501,0.469
581000,0.030,0.492,0.478
581500,0.030,0.683,0.287
582000,0.030,0.647,0.323
582500,0.030,0.564,0.406
583000,0.030,0.480,0.490
583500,0.030,0.410,0.560
584000,0.030,0.630,0.340
584500,0.030,0.592,0.378
585000,0.030,0.575,0.395
585500,0.030,0.596,0.374
586000,0.030,0.607,0.363
586500,0.030,0.712,0.258
587000,0.030,0.463,0.507
587500,0.030,0.431,0.539
588000,0.030,0.521,0.449
588500,0.030,0.527,0.443
589000,0.030,0.701,0.269
589500,0.030,0.709,0.261
590000,0.030,0.642,0.328
590500,0.030,0.623,0.347
591000,0.030,0.603,0.367
591500,0.030,0.729,0.241
592000,0.030,0.446,0.524
592500,0.030,0.421,0.549
593000,0.030,0.475,0.495
593500,0.030,0.480,0.490
594000,0.030,0.461,0.509
594500,0.030,0.541,0.429
595000,0.030,0.657,0.313
595500,0.030,0.651,0.319
596000,0.030,0.375,0.595
596500,0.030,0.344,0.626
597000,0.030,0.593,0.377
597500,0.030,0.562,0.408
598000,0.030,0.514,0.456
598500,0.030,0.586,0.384
599000,0.030,0.575,0.395
599500,0.030,0.672,0.298
600000,0.030,0.602,0.368
600500,0.030,0.733,0.237
601000,0.030,0.633,0.337
601500,0.030,0.542,0.428
602000,0.030,0.467,0.503
602500,0.030,0.615,0.355
603000,0.030,0.618,0.352
603500,0.030,0.667,0.303
604000,0.030,0.576,0.394
604500,0.030,0.793,0.177
605000,0.030,0.486,0.484
605500,0.030,0.539,0.431
606000,0.030,0.689,0.281
606500,0.030,0.571,0.399
607000,0.030,0.463,0.507
607500,0.030,0.402,0.568
608000,0.030,0.636,0.334
608500,0.030,0.649,0.321
609000,0.030,0.717,0.253
609500,0.030,0.520,0.450
610000,0.030,0.616,0.354
610500,0.030,0.492,0.478
611000,0.030,0.507,0.463
611500,0.030,0.507,0.463
612000,0.030,0.756,0.214
612500,0.030,0.515,0.455
613000,0.030,0.631,0.339
613500,0.030,0.715,0.255
614000,0.030,0.633,0.337
614500,0.030,0.649,0.321
615000,0.030,0.595,0.375
615500,0.030,0.712,0.258
616000,0.030,0.575,0.395
616500,0.030,0.448,0.522
617000,0.030,0.523,0.447
617500,0.030,0.503,0.467
618000,0.030,0.645,0.325
618500,0.030,0.654,0.316
619000,0.030,0.492,0.478
619500,0.030,0.724,0.246
620000,0.030,0.470,0.500
620500,0.030,0.603,0.367
621000,0.030,0.631,0.339
621500,0.030,0.620,0.350
622000,0.030,0.677,0.293
622500,0.030,0.520,0.450
623000,0.030,0.612,0.358
623500,0.030,0.579,0.391
624000,0.030,0.529,0.441
624500,0.030,0.515,0.455
625000,0.030,0.490,0.480
625500,0.030,0.753,0.217
626000,0.030,0.415,0.555
626500,0.030,0.697,0.273
627000,0.030,0.607,0.363
627500,0.030,0.469,0.501
628000,0.030,0.458,0.512
628500,0.030,0.545,0.425
629000,0.030,0.601,0.369
629500,0.030,0.520,0.450
630000,0.030,0.415,0.555
630500,0.030,0.638,0.332
631000,0.030,0.604,0.366
631500,0.030,0.458,0.512
632000,0.030,0.589,0.381
632500,0.030,0.443,0.527
633000,0.030,0.696,0.274
633500,0.030,0.653,0.317
634000,0.030,0.650,0.320
634500,0.030,0.485,0.485
635000,0.030,0.326,0.644
635500,0.030,0.550,0.420
636000,0.030,0.547,0.423
636500,0.030,0.348,0.622
637000,0.030,0.550,0.420
637500,0.030,0.572,0.398
638000,0.030,0.525,0.445
638500,0.030,0.598,0.372
639000,0.030,0.489,0.481
639500,0.030,0.567,0.403
640000,0.030,0.606,0.364
640500,0.030,0.348,0.622
641000,0.030,0.580,0.390
641500,0.030,0.497,0.473
642000,0.030,0.466,0.504
642500,0.030,0.527,0.443
643000,0.030,0.385,0.585
643500,0.030,0.585,0.385
644000,0.030,0.574,0.396
644500,0.030,0.572,0.398
645000,0.030,0.527,0.443
645500,0.030,0.566,0.404
646000,0.030,0.523,0.447
646500,0.030,0.400,0.570
647000,0.030,0.605,0.365
647500,0.030,0.745,0.225
648000,0.030,0.577,0.393
648500,0.030,0.507,0.463
649000,0.030,0.637,0.333
649500,0.030,0.440,0.530
650000,0.030,0.550,0.420
650500,0.030,0.593,0.377
651000,0.030,0.640,0.330
651500,0.030,0.708,0.262
652000,0.030,0.513,0.457
652500,0.030,0.573,0.397
653000,0.030,0.410,0.560
653500,0.030,0.460,0.510
654000,0.030,0.514,0.456
654500,0.030,0.575,0.395
655000,0.030,0.500,0.470
655500,0.030,0.528,0.442
656000,0.030,0.587,0.383
656500,0.030,0.610,0.360
657000,0.030,0.593,0.377
657500,0.030,0.511,0.459
658000,0.030,0.542,0.428
658500,0.030,0.478,0.492
659000,0.030,0.578,0.392
659500,0.030,0.592,0.378
660000,0.030,0.457,0.513
660500,0.030,0.533,0.437
661000,0.030,0.594,0.376
661500,0.030,0.526,0.444
662000,0.030,0.572,0.398
662500,0.030,0.675,0.295
663000,0.030,0.664,0.306
663500,0.030,0.611,0.359
664000,0.030,0.650,0.320
664500,0.030,0.618,0.352
665000,0.030,0.458,0.512
665500,0.030,0.399,0.571
666000,0.030,0.461,0.509
666500,0.030,0.494,0.476
667000,0.030,0.507,0.463
667500,0.030,0.494,0.476
668000,0.030,0.682,0.288
668500,0.030,0.434,0.536
669000,0.030,0.697,0.273
669500,0.030,0.552,0.418
670000,0.030,0.663,0.307
670500,0.030,0.705,0.265
671000,0.030,0.489,0.481
671500,0.030,0.630,0.340
672000,0.030,0.747,0.223
672500,0.030,0.514,0.456
673000,0.030,0.373,0.597
673500,0.030,0.520,0.450
674000,0.030,0.616,0.354
674500,0.030,0.458,0.512
675000,0.030,0.477,0.493
675500,0.030,0.399,0.571
676000,0.030,0.534,0.436
676500,0.030,0.533,0.437
677000,0.030,0.536,0.434
677500,0.030,0.546,0.424
678000,0.030,0.471,0.499
678500,0.030,0.631,0.339
679000,0.030,0.671,0.299
679500,0.030,0.503,0.467
680000,0.030,0.667,0.303
680500,0.030,0.644,0.326
681000,0.030,0.377,0.593
681500,0.030,0.522,0.448
682000,0.030,0.496,0.474
682500,0.030,0.475,0.495
683000,0.030,0.625,0.345
683500,0.030,0.722,0.248
684000,0.030,0.788,0.182
684500,0.030,0.486,0.484
685000,0.030,0.556,0.414
685500,0.030,0.527,0.443
686000,0.030,0.525,0.445
686500,0.030,0.513,0.457
687000,0.030,0.564,0.406
687500,0.030,0.546,0.424
688000,0.030,0.607,0.363
688500,0.030,0.674,0.296
689000,0.030,0.739,0.231
689500,0.030,0.500,0.470
690000,0.030,0.429,0.541
690500,0.030,0.517,0.453
691000,0.030,0.524,0.446
691500,0.030,0.555,0.415
692000,0.030,0.546,0.424
692500,0.030,0.452,0.518
693000,0.030,0.527,0.443
693500,0.030,0.491,0.479
694000,0.030,0.475,0.495
694500,0.030,0.704,0.266
695000,0.030,0.660,0.310
695500,0.030,0.550,0.420
696000,0.030,0.534,0.436
696500,0.030,0.640,0.330
697000,0.030,0.663,0.307
697500,0.030,0.550,0.420
698000,0.030,0.513,0.457
698500,0.030,0.499,0.471
699000,0.030,0.384,0.586
699500,0.030,0.492,0.478
700000,0.030,0.513,0.457
700500,0.030,0.721,0.249
701000,0.030,0.534,0.436
701500,0.030,0.475,0.495
702000,0.030,0.539,0.431
702500,0.030,0.667,0.303
703000,0.030,0.527,0.443
703500,0.030,0.538,0.432
704000,0.030,0.549,0.421
704500,0.030,0.537,0.433
705000,0.030,0.630,0.340
705500,0.030,0.658,0.312
706000,0.030,0.441,0.529
706500,0.030,0.601,0.369
707000,0.030,0.425,0.545
707500,0.030,0.465,0.505
708000,0.030,0.672,0.298
708500,0.030,0.602,0.368
709000,0.030,0.427,0.543
709500,0.030,0.498,0.472
710000,0.030,0.649,0.321
710500,0.030,0.563,0.407
711000,0.030,0.598,0.372
711500,0.030,0.565,0.405
712000,0.030,0.602,0.368
712500,0.030,0.559,0.411
713000,0.030,0.632,0.338
713500,0.030,0.729,0.241
714000,0.030,0.747,0.223
714500,0.030,0.583,0.387
715000,0.030,0.665,0.305
715500,0.030,0.655,0.315
716000,0.030,0.473,0.497
716500,0.030,0.494,0.476
717000,0.030,0.602,0.368
717500,0.030,0.469,0.501
718000,0.030,0.585,0.385
718500,0.030,0.442,0.528
719000,0.030,0.582,0.388
719500,0.030,0.436,0.534
720000,0.030,0.553,0.417
720500,0.030,0.476,0.494
721000,0.030,0.674,0.296
721500,0.030,0.418,0.552
722000,0.030,0.586,0.384
722500,0.030,0.651,0.319
723000,0.030,0.533,0.437
723500,0.030,0.619,0.351
724000,0.030,0.473,0.497
724500,0.030,0.536,0.434
725000,0.030,0.479,0.491
725500,0.030,0.654,0.316
726000,0.030,0.651,0.319
726500,0.030,0.483,0.487
727000,0.030,0.543,0.427
727500,0.030,0.615,0.355
728000,0.030,0.617,0.353
728500,0.030,0.632,0.338
729000,0.030,0.466,0.504
729500,0.030,0.465,0.505
730000,0.030,0.663,0.307
730500,0.030,0.601,0.369
731000,0.030,0.464,0.506
731500,0.030,0.496,0.474
732000,0.030,0.526,0.444
732500,0.030,0.618,0.352
733000,0.030,0.732,0.238
733500,0.030,0.574,0.396
734000,0.030,0.600,0.370
734500,0.030,0.566,0.404
735000,0.030,0.510,0.460
735500,0.030,0.584,0.386
736000,0.030,0.469,0.501
736500,0.030,0.525,0.445
737000,0.030,0.695,0.275
737500,0.030,0.402,0.568
738000,0.030,0.475,0.495
738500,0.030,0.590,0.380
739000,0.030,0.481,0.489
739500,0.030,0.600,0.370
740000,0.030,0.556,0.414
740500,0.030,0.680,0.290
741000,0.030,0.507,0.463
741500,0.030,0.448,0.522
742000,0.030,0.603,0.367
742500,0.030,0.367,0.603
743000,0.030,0.619,0.351
743500,0.030,0.680,0.290
744000,0.030,0.434,0.536
744500,0.030,0.550,0.420
745000,0.030,0.538,0.432
745500,0.030,0.592,0.378
746000,0.030,0.571,0.399
746500,0.030,0.471,0.499
747000,0.030,0.441,0.529
747500,0.030,0.592,0.378
748000,0.030,0.519,0.451
748500,0.030,0.569,0.401
749000,0.030,0.630,0.340
749500,0.030,0.572,0.398
750000,0.030,0.599,0.371
750500,0.030,0.627,0.343
751000,0.030,0.531,0.439
751500,0.030,0.527,0.443
752000,0.030,0.399,0.571
752500,0.030,0.670,0.300
753000,0.030,0.723,0.247
753500,0.030,0.645,0.325
754000,0.030,0.528,0.442
754500,0.030,0.559,0.411
755000,0.030,0.501,0.469
755500,0.030,0.531,0.439
756000,0.030,0.655,0.315
756500,0.030,0.639,0.331
757000,0.030,0.503,0.467
757500,0.030,0.560,0.410
758000,0.030,0.714,0.256
758500,0.030,0.734,0.236
759000,0.030,0.434,0.536
759500,0.030,0.495,0.475
760000,0.030,0.597,0.373
760500,0.030,0.468,0.502
761000,0.030,0.497,0.473
761500,0.030,0.574,0.396
762000,0.030,0.373,0.597
762500,0.030,0.635,0.335
763000,0.030,0.655,0.315
763500,0.030,0.536,0.434
764000,0.030,0.487,0.483
764500,0.030,0.735,0.235
765000,0.030,0.624,0.346
765500,0.030,0.450,0.520
766000,0.030,0.497,0.473
766500,0.030,0.421,0.549
767000,0.030,0.422,0.548
767500,0.030,0.497,0.473
768000,0.030,0.588,0.382
768500,0.030,0.532,0.438
769000,0.030,0.465,0.505
769500,0.030,0.505,0.465
770000,0.030,0.446,0.524
770500,0.030,0.503,0.467
771000,0.030,0.470,0.500
771500,0.030,0.614,0.356
772000,0.030,0.549,0.421
772500,0.030,0.682,0.288
773000,0.030,0.483,0.487
773500,0.030,0.657,0.313
774000,0.030,0.499,0.471
774500,0.030,0.535,0.435
775000,0.030,0.589,0.381
775500,0.030,0.611,0.359
776000,0.030,0.626,0.344
776500,0.030,0.518,0.452
777000,0.030,0.831,0.139
777500,0.030,0.588,0.382
778000,0.030,0.607,0.363
778500,0.030,0.483,0.487
779000,0.030,0.535,0.435
779500,0.030,0.620,0.350
780000,0.030,0.589,0.381
780500,0.030,0.570,0.400
781000,0.030,0.602,0.368
781500,0.030,0.604,0.366
782000,0.030,0.526,0.444
782500,0.030,0.586,0.384
783000,0.030,0.450,0.520
783500,0.030,0.415,0.555
784000,0.030,0.541,0.429
784500,0.030,0.498,0.472
785000,0.030,0.549,0.421
785500,0.030,0.383,0.587
786000,0.030,0.500,0.470
786500,0.030,0.587,0.383
787000,0.030,0.725,0.245
787500,0.030,0.579,0.391
788000,0.030,0.428,0.542
788500,0.030,0.573,0.397
789000,0.030,0.560,0.410
789500,0.030,0.602,0.368
790000,0.030,0.556,0.414
790500,0.030,0.608,0.362
791000,0.030,0.434,0.536
791500,0.030,0.607,0.363
792000,0.030,0.455,0.515
792500,0.030,0.695,0.275
793000,0.030,0.494,0.476
793500,0.030,0.465,0.505
794000,0.030,0.708,0.262
794500,0.030,0.560,0.410
795000,0.030,0.590,0.380
795500,0.030,0.525,0.445
796000,0.030,0.631,0.339
796500,0.030,0.565,0.405
797000,0.030,0.572,0.398
797500,0.030,0.758,0.212
798000,0.030,0.642,0.328
798500,0.030,0.618,0.352
799000,0.030,0.615,0.355
799500,0.030,0.516,0.454
800000,0.030,0.449,0.521
800500,0.030,0.531,0.439
801000,0.030,0.453,0.517
801500,0.030,0.579,0.391
802000,0.030,0.410,0.560
802500,0.030,0.476,0.494
803000,0.030,0.578,0.392
803500,0.030,0.582,0.388
804000,0.030,0.564,0.406
804500,0.030,0.524,0.446
805000,0.030,0.608,0.362
805500,0.030,0.668,0.302
806000,0.030,0.698,0.272
806500,0.030,0.458,0.512
807000,0.030,0.525,0.445
807500,0.030,0.597,0.373
808000,0.030,0.486,0.484
808500,0.030,0.575,0.395
809000,0.030,0.590,0.380
809500,0.030,0.698,0.272
810000,0.030,0.513,0.457
810500,0.030,0.528,0.442
811000,0.030,0.477,0.493
811500,0.030,0.634,0.336
812000,0.030,0.527,0.443
812500,0.030,0.466,0.504
813000,0.030,0.522,0.448
813500,0.030,0.422,0.548
814000,0.030,0.536,0.434
814500,0.030,0.527,0.443
815000,0.030,0.453,0.517
815500,0.030,0.690,0.280
816000,0.030,0.517,0.453
816500,0.030,0.476,0.494
817000,0.030,0.664,0.306
817500,0.030,0.442,0.528
818000,0.030,0.463,0.507
818500,0.030,0.552,0.418
819000,0.030,0.400,0.570
819500,0.030,0.605,0.365
820000,0.030,0.573,0.397
820500,0.030,0.395,0.575
821000,0.030,0.451,0.519
821500,0.030,0.446,0.524
822000,0.030,0.645,0.325
822500,0.030,0.409,0.561
823000,0.030,0.504,0.466
823500,0.030,0.472,0.498
824000,0.030,0.626,0.344
824500,0.030,0.610,0.360
825000,0.030,0.689,0.281
825500,0.030,0.582,0.388
826000,0.030,0.656,0.314
826500,0.030,0.534,0.436
827000,0.030,0.634,0.336
827500,0.030,0.480,0.490
828000,0.030,0.636,0.334
828500,0.030,0.480,0.490
829000,0.030,0.569,0.401
829500,0.030,0.636,0.334
830000,0.030,0.665,0.305
830500,0.030,0.603,0.367
831000,0.030,0.541,0.429
831500,0.030,0.503,0.467
832000,0.030,0.569,0.401
832500,0.030,0.521,0.449
833000,0.030,0.419,0.551
833500,0.030,0.602,0.368
834000,0.030,0.385,0.585
834500,0.030,0.649,0.321
835000,0.030,0.663,0.307
835500,0.030,0.583,0.387
836000,0.030,0.637,0.333
836500,0.030,0.491,0.479
837000,0.030,0.521,0.449
837500,0.030,0.682,0.288
838000,0.030,0.602,0.368
838500,0.030,0.452,0.518
839000,0.030,0.468,0.502
839500,0.030,0.463,0.507
840000,0.030,0.447,0.523
840500,0.030,0.570,0.400
841000,0.030,0.545,0.425
841500,0.030,0.632,0.338
842000,0.030,0.599,0.371
842500,0.030,0.595,0.375
843000,0.030,0.520,0.450
843500,0.030,0.509,0.461
844000,0.030,0.492,0.478
844500,0.030,0.525,0.445
845000,0.030,0.652,0.318
845500,0.030,0.724,0.246
846000,0.030,0.646,0.324
846500,0.030,0.524,0.446
847000,0.030,0.487,0.483
847500,0.030,0.745,0.225
848000,0.030,0.614,0.356
848500,0.030,0.754,0.216
849000,0.030,0.439,0.531
849500,0.030,0.636,0.334
850000,0.030,0.590,0.380
850500,0.030,0.726,0.244
851000,0.030,0.531,0.439
851500,0.030,0.485,0.485
852000,0.030,0.491,0.479
852500,0.030,0.529,0.441
853000,0.030,0.556,0.414
853500,0.030,0.448,0.522
854000,0.030,0.478,0.492
854500,0.030,0.613,0.357
855000,0.030,0.662,0.308
855500,0.030,0.737,0.233
856000,0.030,0.684,0.286
856500,0.030,0.640,0.330
857000,0.030,0.535,0.435
857500,0.030,0.485,0.485
858000,0.030,0.411,0.559
858500,0.030,0.637,0.333
859000,0.030,0.562,0.408
859500,0.030,0.677,0.293
860000,0.030,0.583,0.387
860500,0.030,0.434,0.536
861000,0.030,0.528,0.442
861500,0.030,0.541,0.429
862000,0.030,0.561,0.409
862500,0.030,0.562,0.408
863000,0.030,0.406,0.564
863500,0.030,0.625,0.345
864000,0.030,0.672,0.298
864500,0.030,0.512,0.458
865000,0.030,0.525,0.445
865500,0.030,0.515,0.455
866000,0.030,0.412,0.558
866500,0.030,0.393,0.577
867000,0.030,0.421,0.549
867500,0.030,0.597,0.373
868000,0.030,0.401,0.569
868500,0.030,0.466,0.504
869000,0.030,0.550,0.420
869500,0.030,0.614,0.356
870000,0.030,0.636,0.334
870500,0.030,0.482,0.488
871000,0.030,0.591,0.379
871500,0.030,0.581,0.389
872000,0.030,0.432,0.538
872500,0.030,0.409,0.561
873000,0.030,0.491,0.479
873500,0.030,0.516,0.454
874000,0.030,0.473,0.497
874500,0.030,0.567,0.403
875000,0.030,0.596,0.374
875500,0.030,0.640,0.330
876000,0.030,0.440,0.530
876500,0.030,0.566,0.404
877000,0.030,0.537,0.433
877500,0.030,0.649,0.321
878000,0.030,0.593,0.377
878500,0.030,0.675,0.295
879000,0.030,0.616,0.354
879500,0.030,0.606,0.364
880000,0.030,0.615,0.355
880500,0.030,0.640,0.330
881000,0.030,0.611,0.359
881500,0.030,0.529,0.441
882000,0.030,0.519,0.451
882500,0.030,0.530,0.440
883000,0.030,0.554,0.416
883500,0.030,0.658,0.312
884000,0.030,0.801,0.169
884500,0.030,0.476,0.494
885000,0.030,0.467,0.503
885500,0.030,0.528,0.442
886000,0.030,0.419,0.551
886500,0.030,0.581,0.389
887000,0.030,0.651,0.319
887500,0.030,0.494,0.476
888000,0.030,0.551,0.419
888500,0.030,0.496,0.474
889000,0.030,0.547,0.423
889500,0.030,0.539,0.431
890000,0.030,0.587,0.383
890500,0.030,0.366,0.604
891000,0.030,0.458,0.512
891500,0.030,0.457,0.513
892000,0.030,0.627,0.343
892500,0.030,0.548,0.422
893000,0.030,0.453,0.517
893500,0.030,0.522,0.448
894000,0.030,0.514,0.456
894500,0.030,0.593,0.377
895000,0.030,0.675,0.295
895500,0.030,0.465,0.505
896000,0.030,0.502,0.468
896500,0.030,0.518,0.452
897000,0.030,0.449,0.521
897500,0.030,0.412,0.558
898000,0.030,0.571,0.399
898500,0.030,0.539,0.431
899000,0.030,0.661,0.309
899500,0.030,0.535,0.435
900000,0.030,0.619,0.351
900500,0.030,0.605,0.365
901000,0.030,0.474,0.496
901500,0.030,0.496,0.474
902000,0.030,0.341,0.629
902500,0.030,0.590,0.380
903000,0.030,0.583,0.387
903500,0.030,0.523,0.447
904000,0.030,0.492,0.478
904500,0.030,0.579,0.391
905000,0.030,0.522,0.448
905500,0.030,0.611,0.359
906000,0.030,0.641,0.329
906500,0.030,0.497,0.473
907000,0.030,0.557,0.413
907500,0.030,0.505,0.465
908000,0.030,0.652,0.318
908500,0.030,0.582,0.388
909000,0.030,0.565,0.405
909500,0.030,0.694,0.276
910000,0.030,0.579,0.391
910500,0.030,0.535,0.435
911000,0.030,0.509,0.461
911500,0.030,0.609,0.361
912000,0.030,0.655,0.315
912500,0.030,0.593,0.377
913000,0.030,0.556,0.414
913500,0.030,0.436,0.534
914000,0.030,0.494,0.476
914500,0.030,0.646,0.324
915000,0.030,0.420,0.550
915500,0.030,0.453,0.517
916000,0.030,0.415,0.555
916500,0.030,0.648,0.322
917000,0.030,0.662,0.308
917500,0.030,0.637,0.333
918000,0.030,0.573,0.397
918500,0.030,0.525,0.445
919000,0.030,0.544,0.426
919500,0.030,0.608,0.362
920000,0.030,0.507,0.463
920500,0.030,0.503,0.467
921000,0.030,0.720,0.250
921500,0.030,0.417,0.553
922000,0.030,0.656,0.314
922500,0.030,0.546,0.424
923000,0.030,0.527,0.443
923500,0.030,0.552,0.418
924000,0.030,0.486,0.484
924500,0.030,0.745,0.225
925000,0.030,0.644,0.326
925500,0.030,0.574,0.396
926000,0.030,0.587,0.383
926500,0.030,0.585,0.385
927000,0.030,0.555,0.415
927500,0.030,0.471,0.499
928000,0.030,0.469,0.501
928500,0.030,0.409,0.561
929000,0.030,0.431,0.539
929500,0.030,0.570,0.400
930000,0.030,0.709,0.261
930500,0.030,0.475,0.495
931000,0.030,0.632,0.338
931500,0.030,0.637,0.333
932000,0.030,0.712,0.258
932500,0.030,0.524,0.446
933000,0.030,0.554,0.416
933500,0.030,0.620,0.350
934000,0.030,0.617,0.353
934500,0.030,0.659,0.311
935000,0.030,0.591,0.379
935500,0.030,0.657,0.313
936000,0.030,0.527,0.443
936500,0.030,0.496,0.474
937000,0.030,0.473,0.497
937500,0.030,0.479,0.491
938000,0.030,0.490,0.480
938500,0.030,0.623,0.347
939000,0.030,0.740,0.230
939500,0.030,0.505,0.465
940000,0.030,0.654,0.316
940500,0.030,0.657,0.313
941000,0.030,0.506,0.464
941500,0.030,0.449,0.521
942000,0.030,0.582,0.388
942500,0.030,0.483,0.487
943000,0.030,0.415,0.555
943500,0.030,0.448,0.522
944000,0.030,0.459,0.511
944500,0.030,0.555,0.415
945000,0.030,0.524,0.446
945500,0.030,0.681,0.289
946000,0.030,0.551,0.419
946500,0.030,0.526,0.444
947000,0.030,0.651,0.319
947500,0.030,0.532,0.438
948000,0.030,0.678,0.292
948500,0.030,0.692,0.278
949000,0.030,0.874,0.096
949500,0.030,0.678,0.292
950000,0.030,0.782,0.188
950500,0.030,0.676,0.294
951000,0.030,0.624,0.346
951500,0.030,0.424,0.546
952000,0.030,0.473,0.497
952500,0.030,0.700,0.270
953000,0.030,0.499,0.471
953500,0.030,0.570,0.400
954000,0.030,0.507,0.463
954500,0.030,0.525,0.445
955000,0.030,0.569,0.401
955500,0.030,0.538,0.432
956000,0.030,0.833,0.137
956500,0.030,0.739,0.231
957000,0.030,0.555,0.415
957500,0.030,0.549,0.421
958000,0.030,0.551,0.419
958500,0.030,0.544,0.426
959000,0.030,0.707,0.263
959500,0.030,0.468,0.502
960000,0.030,0.578,0.392
960500,0.030,0.629,0.341
961000,0.030,0.481,0.489
961500,0.030,0.527,0.443
962000,0.030,0.570,0.400
962500,0.030,0.473,0.497
963000,0.030,0.611,0.359
963500,0.030,0.518,0.452
964000,0.030,0.489,0.481
964500,0.030,0.640,0.330
965000,0.030,0.672,0.298
965500,0.030,0.619,0.351
966000,0.030,0.762,0.208
966500,0.030,0.646,0.324
967000,0.030,0.674,0.296
967500,0.030,0.534,0.436
968000,0.030,0.517,0.453
968500,0.030,0.407,0.563
969000,0.030,0.583,0.387
969500,0.030,0.503,0.467
970000,0.030,0.542,0.428
970500,0.030,0.597,0.373
971000,0.030,0.688,0.282
971500,0.030,0.609,0.361
972000,0.030,0.707,0.263
972500,0.030,0.503,0.467
973000,0.030,0.524,0.446
973500,0.030,0.570,0.400
974000,0.030,0.599,0.371
974500,0.030,0.507,0.463
975000,0.030,0.619,0.351
975500,0.030,0.642,0.328
976000,0.030,0.546,0.424
976500,0.030,0.605,0.365
977000,0.030,0.602,0.368
977500,0.030,0.480,0.490
978000,0.030,0.366,0.604
978500,0.030,0.608,0.362
979000,0.030,0.653,0.317
979500,0.030,0.509,0.461
980000,0.030,0.480,0.490
980500,0.030,0.419,0.551
981000,0.030,0.443,0.527
981500,0.030,0.606,0.364
982000,0.030,0.659,0.311
982500,0.030,0.562,0.408
983000,0.030,0.498,0.472
983500,0.030,0.635,0.335
984000,0.030,0.724,0.246
984500,0.030,0.465,0.505
985000,0.030,0.671,0.299
985500,0.030,0.657,0.313
986000,0.030,0.560,0.410
986500,0.030,0.583,0.387
987000,0.030,0.490,0.480
987500,0.030,0.389,0.581
988000,0.030,0.514,0.456
988500,0.030,0.530,0.440
989000,0.030,0.511,0.459
989500,0.030,0.444,0.526
990000,0.030,0.508,0.462
990500,0.030,0.604,0.366
991000,0.030,0.651,0.319
991500,0.030,0.589,0.381
992000,0.030,0.574,0.396
992500,0.030,0.597,0.373
993000,0.030,0.496,0.474
993500,0.030,0.499,0.471
994000,0.030,0.556,0.414
994500,0.030,0.557,0.413
995000,0.030,0.724,0.246
995500,0.030,0.577,0.393
996000,0.030,0.552,0.418
996500,0.030,0.585,0.385
997000,0.030,0.551,0.419
997500,0.030,0.635,0.335
998000,0.030,0.526,0.444
998500,0.030,0.712,0.258
999000,0.030,0.518,0.452
999500,0.030,0.474,0.496
1000000,0.030,0.669,0.301
