time,n_A+p,n_B,n_AB
0,0.010,0.990,0.000
500,0.010,0.955,0.035
1000,0.010,0.878,0.112
1500,0.010,0.712,0.278
2000,0.010,0.556,0.434
2500,0.010,0.412,0.578
3000,0.010,0.303,0.687
3500,0.010,0.216,0.774
4000,0.010,0.151,0.839
4500,0.010,0.129,0.861
5000,0.010,0.112,0.878
5500,0.010,0.097,0.893
6000,0.010,0.074,0.916
6500,0.010,0.052,0.938
7000,0.010,0.045,0.945
7500,0.010,0.035,0.955
8000,0.010,0.035,0.955
8500,0.010,0.030,0.960
9000,0.010,0.022,0.968
9500,0.010,0.017,0.973
10000,0.010,0.015,0.975
10500,0.010,0.015,0.975
11000,0.010,0.012,0.978
11500,0.010,0.012,0.978
12000,0.010,0.012,0.978
12500,0.010,0.012,0.978
13000,0.010,0.012,0.978
13500,0.010,0.012,0.978
14000,0.010,0.010,0.980
14500,0.010,0.007,0.983
15000,0.010,0.007,0.983
15500,0.010,0.007,0.983
16000,0.010,0.007,0.983
16500,0.010,0.007,0.983
17000,0.010,0.007,0.983
17500,0.010,0.007,0.983
18000,0.010,0.007,0.983
18500,0.010,0.007,0.983
19000,0.010,0.005,0.985
19500,0.010,0.005,0.985
20000,0.010,0.005,0.985
20500,0.010,0.005,0.985
21000,0.010,0.005,0.985
21500,0.010,0.005,0.985
22000,0.010,0.005,0.985
22500,0.010,0.005,0.985
23000,0.010,0.005,0.985
23500,0.010,0.005,0.985
24000,0.010,0.005,0.985
24500,0.010,0.005,0.985
25000,0.010,0.005,0.985
25500,0.010,0.005,0.985
26000,0.010,0.005,0.985
26500,0.010,0.005,0.985
27000,0.010,0.005,0.985
27500,0.010,0.005,0.985
28000,0.010,0.005,0.985
28500,0.010,0.005,0.985
29000,0.010,0.005,0.985
29500,0.010,0.005,0.985
30000,0.010,0.005,0.985
30500,0.010,0.005,0.985
31000,0.010,0.005,0.985
31500,0.010,0.005,0.985
32000,0.010,0.005,0.985
32500,0.010,0.005,0.985
33000,0.010,0.005,0.985
33500,0.010,0.005,0.985
34000,0.010,0.005,0.985
34500,0.010,0.005,0.985
35000,0.010,0.005,0.985
35500,0.010,0.005,0.985
36000,0.010,0.005,0.985
36500,0.010,0.005,0.985
37000,0.010,0.002,0.988
37500,0.010,0.002,0.988
38000,0.010,0.002,0.988
38500,0.010,0.002,0.988
39000,0.010,0.002,0.988
39500,0.010,0.002,0.988
40000,0.010,0.002,0.988
40500,0.010,0.002,0.988
41000,0.010,0.002,0.988
41500,0.010,0.002,0.988
42000,0.010,0.002,0.988
42500,0.010,0.002,0.988
43000,0.010,0.002,0.988
43500,0.010,0.002,0.988
44000,0.010,0.002,0.988
44500,0.010,0.002,0.988
45000,0.010,0.002,0.988
45500,0.010,0.002,0.988
46000,0.010,0.002,0.988
46500,0.010,0.002,0.988
47000,0.010,0.000,0.990
47500,0.010,0.000,0.990
48000,0.010,0.000,0.990
48500,0.010,0.000,0.990
49000,0.010,0.000,0.990
49500,0.010,0.000,0.990
50000,0.010,0.000,0.990
50500,0.010,0.000,0.990
51000,0.010,0.000,0.990
51500,0.010,0.000,0.990
52000,0.010,0.000,0.990
52500,0.010,0.000,0.990
53000,0.010,0.000,0.990
53500,0.010,0.000,0.990
54000,0.010,0.000,0.990
54500,0.010,0.000,0.990
55000,0.010,0.000,0.990
55500,0.010,0.000,0.990
56000,0.010,0.000,0.990
56500,0.010,0.000,0.990
57000,0.010,0.000,0.990
57500,0.010,0.000,0.990
58000,0.010,0.000,0.990
58500,0.010,0.000,0.990
59000,0.010,0.000,0.990
59500,0.010,0.000,0.990
60000,0.010,0.000,0.990
60500,0.010,0.000,0.990
61000,0.010,0.000,0.990
61500,0.010,0.000,0.990
62000,0.010,0.000,0.990
62500,0.010,0.000,0.990
63000,0.010,0.000,0.990
63500,0.010,0.000,0.990
64000,0.010,0.000,0.990
64500,0.010,0.000,0.990
65000,0.010,0.000,0.990
65500,0.010,0.000,0.990
66000,0.010,0.000,0.990
66500,0.010,0.000,0.990
67000,0.010,0.000,0.990
67500,0.010,0.000,0.990
68000,0.010,0.000,0.990
68500,0.010,0.000,0.990
69000,0.010,0.000,0.990
69500,0.010,0.000,0.990
70000,0.010,0.000,0.990
70500,0.010,0.000,0.990
71000,0.010,0.000,0.990
71500,0.010,0.000,0.990
72000,0.010,0.000,0.990
72500,0.010,0.000,0.990
73000,0.010,0.000,0.990
73500,0.010,0.000,0.990
74000,0.010,0.000,0.990
74500,0.010,0.000,0.990
75000,0.010,0.000,0.990
75500,0.010,0.000,0.990
76000,0.010,0.000,0.990
76500,0.010,0.000,0.990
77000,0.010,0.000,0.990
77500,0.010,0.000,0.990
78000,0.010,0.000,0.990
78500,0.010,0.000,0.990
79000,0.010,0.000,0.990
79500,0.010,0.000,0.990
80000,0.010,0.000,0.990
80500,0.010,0.000,0.990
81000,0.010,0.000,0.990
81500,0.010,0.000,0.990
82000,0.010,0.000,0.990
82500,0.010,0.000,0.990
83000,0.010,0.000,0.990
83500,0.010,0.000,0.990
84000,0.010,0.000,0.990
84500,0.010,0.000,0.990
85000,0.010,0.000,0.990
85500,0.010,0.000,0.990
86000,0.010,0.000,0.990
86500,0.010,0.000,0.990
87000,0.010,0.000,0.990
87500,0.010,0.000,0.990
88000,0.010,0.000,0.990
88500,0.010,0.000,0.990
89000,0.010,0.000,0.990
89500,0.010,0.000,0.990
90000,0.010,0.000,0.990
90500,0.010,0.000,0.990
91000,0.010,0.000,0.990
91500,0.010,0.000,0.990
92000,0.010,0.000,0.990
92500,0.010,0.000,0.990
93000,0.010,0.000,0.990
93500,0.010,0.000,0.990
94000,0.010,0.000,0.990
94500,0.010,0.000,0.990
95000,0.010,0.000,0.990
95500,0.010,0.000,0.990
96000,0.010,0.000,0.990
96500,0.010,0.000,0.990
97000,0.010,0.000,0.990
97500,0.010,0.000,0.990
98000,0.010,0.000,0.990
98500,0.010,0.000,0.990
99000,0.010,0.000,0.990
99500,0.010,0.000,0.990
100000,0.010,0.000,0.990
100500,0.010,0.000,0.990
101000,0.010,0.000,0.990
101500,0.010,0.000,0.990
102000,0.010,0.000,0.990
102500,0.010,0.000,0.990
103000,0.010,0.000,0.990
103500,0.010,0.000,0.990
104000,0.010,0.000,0.990
104500,0.010,0.000,0.990
105000,0.010,0.000,0.990
105500,0.010,0.000,0.990
106000,0.010,0.000,0.990
106500,0.010,0.000,0.990
107000,0.010,0.000,0.990
107500,0.010,0.000,0.990
108000,0.010,0.000,0.990
108500,0.010,0.000,0.990
109000,0.010,0.000,0.990
109500,0.010,0.000,0.990
110000,0.010,0.000,0.990
110500,0.010,0.000,0.990
111000,0.010,0.000,0.990
111500,0.010,0.000,0.990
112000,0.010,0.000,0.990
112500,0.010,0.000,0.990
113000,0.010,0.000,0.990
113500,0.010,0.000,0.990
114000,0.010,0.000,0.990
114500,0.010,0.000,0.990
115000,0.010,0.000,0.990
115500,0.010,0.000,0.990
116000,0.010,0.000,0.990
116500,0.010,0.000,0.990
117000,0.010,0.000,0.990
117500,0.010,0.000,0.990
118000,0.010,0.000,0.990
118500,0.010,0.000,0.990
119000,0.010,0.000,0.990
119500,0.010,0.000,0.990
120000,0.010,0.000,0.990
120500,0.010,0.000,0.990
121000,0.010,0.000,0.990
121500,0.010,0.000,0.990
122000,0.010,0.000,0.990
122500,0.010,0.000,0.990
123000,0.010,0.000,0.990
123500,0.010,0.000,0.990
124000,0.010,0.000,0.990
124500,0.010,0.000,0.990
125000,0.010,0.000,0.990
125500,0.010,0.000,0.990
126000,0.010,0.000,0.990
126500,0.010,0.000,0.990
127000,0.010,0.000,0.990
127500,0.010,0.000,0.990
128000,0.010,0.000,0.990
128500,0.010,0.000,0.990
129000,0.010,0.000,0.990
129500,0.010,0.000,0.990
130000,0.010,0.000,0.990
130500,0.010,0.000,0.990
131000,0.010,0.000,0.990
131500,0.010,0.000,0.990
132000,0.010,0.000,0.990
132500,0.010,0.000,0.990
133000,0.010,0.000,0.990
133500,0.010,0.000,0.990
134000,0.010,0.000,0.990
134500,0.010,0.000,0.990
135000,0.010,0.000,0.990
135500,0.010,0.000,0.990
136000,0.010,0.000,0.990
136500,0.010,0.000,0.990
137000,0.010,0.000,0.990
137500,0.010,0.000,0.990
138000,0.010,0.000,0.990
138500,0.010,0.000,0.990
139000,0.010,0.000,0.990
139500,0.010,0.000,0.990
140000,0.010,0.000,0.990
140500,0.010,0.000,0.990
141000,0.010,0.000,0.990
141500,0.010,0.000,0.990
142000,0.010,0.000,0.990
142500,0.010,0.000,0.990
143000,0.010,0.000,0.990
143500,0.010,0.000,0.990
144000,0.010,0.000,0.990
144500,0.010,0.000,0.990
145000,0.010,0.000,0.990
145500,0.010,0.000,0.990
146000,0.010,0.000,0.990
146500,0.010,0.000,0.990
147000,0.010,0.000,0.990
147500,0.010,0.000,0.990
148000,0.010,0.000,0.990
148500,0.010,0.000,0.990
149000,0.010,0.000,0.990
149500,0.010,0.000,0.990
150000,0.010,0.000,0.990
150500,0.010,0.000,0.990
151000,0.010,0.000,0.990
151500,0.010,0.000,0.990
152000,0.010,0.000,0.990
152500,0.010,0.000,0.990
153000,0.010,0.000,0.990
153500,0.010,0.000,0.990
154000,0.010,0.000,0.990
154500,0.010,0.000,0.990
155000,0.010,0.000,0.990
155500,0.010,0.000,0.990
156000,0.010,0.000,0.990
156500,0.010,0.000,0.990
157000,0.010,0.000,0.990
157500,0.010,0.000,0.990
158000,0.010,0.000,0.990
158500,0.010,0.000,0.990
159000,0.010,0.000,0.990
159500,0.010,0.000,0.990
160000,0.010,0.000,0.990
160500,0.010,0.000,0.990
161000,0.010,0.000,0.990
161500,0.010,0.000,0.990
162000,0.010,0.000,0.990
162500,0.010,0.000,0.990
163000,0.010,0.000,0.990
163500,0.010,0.000,0.990
164000,0.010,0.000,0.990
164500,0.010,0.000,0.990
165000,0.010,0.000,0.990
165500,0.010,0.000,0.990
166000,0.010,0.000,0.990
166500,0.010,0.000,0.990
167000,0.010,0.000,0.990
167500,0.010,0.000,0.990
168000,0.010,0.000,0.990
168500,0.010,0.000,0.990
169000,0.010,0.000,0.990
169500,0.010,0.000,0.990
170000,0.010,0.000,0.990
170500,0.010,0.000,0.990
171000,0.010,0.000,0.990
171500,0.010,0.000,0.990
172000,0.010,0.000,0.990
172500,0.010,0.000,0.990
173000,0.010,0.000,0.990
173500,0.010,0.000,0.990
174000,0.010,0.000,0.990
174500,0.010,0.000,0.990
175000,0.010,0.000,0.990
175500,0.010,0.000,0.990
176000,0.010,0.000,0.990
176500,0.010,0.000,0.990
177000,0.010,0.000,0.990
177500,0.010,0.000,0.990
178000,0.010,0.000,0.990
178500,0.010,0.000,0.990
179000,0.010,0.000,0.990
179500,0.010,0.000,0.990
180000,0.010,0.000,0.990
180500,0.010,0.000,0.990
181000,0.010,0.000,0.990
181500,0.010,0.000,0.990
182000,0.010,0.000,0.990
182500,0.010,0.000,0.990
183000,0.010,0.000,0.990
183500,0.010,0.000,0.990
184000,0.010,0.000,0.990
184500,0.010,0.000,0.990
185000,0.010,0.000,0.990
185500,0.010,0.000,0.990
186000,0.010,0.000,0.990
186500,0.010,0.000,0.990
187000,0.010,0.000,0.990
187500,0.010,0.000,0.990
188000,0.010,0.000,0.990
188500,0.010,0.000,0.990
189000,0.010,0.000,0.990
189500,0.010,0.000,0.990
190000,0.010,0.000,0.990
190500,0.010,0.000,0.990
191000,0.010,0.000,0.990
191500,0.010,0.000,0.990
192000,0.010,0.000,0.990
192500,0.010,0.000,0.990
193000,0.010,0.000,0.990
193500,0.010,0.000,0.990
194000,0.010,0.000,0.990
194500,0.010,0.000,0.990
195000,0.010,0.000,0.990
195500,0.010,0.000,0.990
196000,0.010,0.000,0.990
196500,0.010,0.000,0.990
197000,0.010,0.000,0.990
197500,0.010,0.000,0.990
198000,0.010,0.000,0.990
198500,0.010,0.000,0.990
199000,0.010,0.000,0.990
199500,0.010,0.000,0.990
200000,0.010,0.000,0.990
200500,0.010,0.000,0.990
201000,0.010,0.000,0.990
201500,0.010,0.000,0.990
202000,0.010,0.000,0.990
202500,0.010,0.000,0.990
203000,0.010,0.000,0.990
203500,0.010,0.000,0.990
204000,0.010,0.000,0.990
204500,0.010,0.000,0.990
205000,0.010,0.000,0.990
205500,0.010,0.000,0.990
206000,0.010,0.000,0.990
206500,0.010,0.000,0.990
207000,0.010,0.000,0.990
207500,0.010,0.000,0.990
208000,0.010,0.000,0.990
208500,0.010,0.000,0.990
209000,0.010,0.000,0.990
209500,0.010,0.000,0.990
210000,0.010,0.000,0.990
210500,0.010,0.000,0.990
211000,0.010,0.000,0.990
211500,0.010,0.000,0.990
212000,0.010,0.000,0.990
212500,0.010,0.000,0.990
213000,0.010,0.000,0.990
213500,0.010,0.000,0.990
214000,0.010,0.000,0.990
214500,0.010,0.000,0.990
215000,0.010,0.000,0.990
215500,0.010,0.000,0.990
216000,0.010,0.000,0.990
216500,0.010,0.000,0.990
217000,0.010,0.000,0.990
217500,0.010,0.000,0.990
218000,0.010,0.000,0.990
218500,0.010,0.000,0.990
219000,0.010,0.000,0.990
219500,0.010,0.000,0.990
220000,0.010,0.000,0.990
220500,0.010,0.000,0.990
221000,0.010,0.000,0.990
221500,0.010,0.000,0.990
222000,0.010,0.000,0.990
222500,0.010,0.000,0.990
223000,0.010,0.000,0.990
223500,0.010,0.000,0.990
224000,0.010,0.000,0.990
224500,0.010,0.000,0.990
225000,0.010,0.000,0.990
225500,0.010,0.000,0.990
226000,0.010,0.000,0.990
226500,0.010,0.000,0.990
227000,0.010,0.000,0.990
227500,0.010,0.000,0.990
228000,0.010,0.000,0.990
228500,0.010,0.000,0.990
229000,0.010,0.000,0.990
229500,0.010,0.000,0.990
230000,0.010,0.000,0.990
230500,0.010,0.000,0.990
231000,0.010,0.000,0.990
231500,0.010,0.000,0.990
232000,0.010,0.000,0.990
232500,0.010,0.000,0.990
233000,0.010,0.000,0.990
233500,0.010,0.000,0.990
234000,0.010,0.000,0.990
234500,0.010,0.000,0.990
235000,0.010,0.000,0.990
235500,0.010,0.000,0.990
236000,0.010,0.000,0.990
236500,0.010,0.000,0.990
237000,0.010,0.000,0.990
237500,0.010,0.000,0.990
238000,0.010,0.000,0.990
238500,0.010,0.000,0.990
239000,0.010,0.000,0.990
239500,0.010,0.000,0.990
240000,0.010,0.000,0.990
240500,0.010,0.000,0.990
241000,0.010,0.000,0.990
241500,0.010,0.000,0.990
242000,0.010,0.000,0.990
242500,0.010,0.000,0.990
243000,0.010,0.000,0.990
243500,0.010,0.000,0.990
244000,0.010,0.000,0.990
244500,0.010,0.000,0.990
245000,0.010,0.000,0.990
245500,0.010,0.000,0.990
246000,0.010,0.000,0.990
246500,0.010,0.000,0.990
247000,0.010,0.000,0.990
247500,0.010,0.000,0.990
248000,0.010,0.000,0.990
248500,0.010,0.000,0.990
249000,0.010,0.000,0.990
249500,0.010,0.000,0.990
250000,0.010,0.000,0.990
250500,0.010,0.000,0.990
251000,0.010,0.000,0.990
251500,0.010,0.000,0.990
252000,0.010,0.000,0.990
252500,0.010,0.000,0.990
253000,0.010,0.000,0.990
253500,0.010,0.000,0.990
254000,0.010,0.000,0.990
254500,0.010,0.000,0.990
255000,0.010,0.000,0.990
255500,0.010,0.000,0.990
256000,0.010,0.000,0.990
256500,0.010,0.000,0.990
257000,0.010,0.000,0.990
257500,0.010,0.000,0.990
258000,0.010,0.000,0.990
258500,0.010,0.000,0.990
259000,0.010,0.000,0.990
259500,0.010,0.000,0.990
260000,0.010,0.000,0.990
260500,0.010,0.000,0.990
261000,0.010,0.000,0.990
261500,0.010,0.000,0.990
262000,0.010,0.000,0.990
262500,0.010,0.000,0.990
263000,0.010,0.000,0.990
263500,0.010,0.000,0.990
264000,0.010,0.000,0.990
264500,0.010,0.000,0.990
265000,0.010,0.000,0.990
265500,0.010,0.000,0.990
266000,0.010,0.000,0.990
266500,0.010,0.000,0.990
267000,0.010,0.000,0.990
267500,0.010,0.000,0.990
268000,0.010,0.000,0.990
268500,0.010,0.000,0.990
269000,0.010,0.000,0.990
269500,0.010,0.000,0.990
270000,0.010,0.000,0.990
270500,0.010,0.000,0.990
271000,0.010,0.000,0.990
271500,0.010,0.000,0.990
272000,0.010,0.000,0.990
272500,0.010,0.000,0.990
273000,0.010,0.000,0.990
273500,0.010,0.000,0.990
274000,0.010,0.000,0.990
274500,0.010,0.000,0.990
275000,0.010,0.000,0.990
275500,0.010,0.000,0.990
276000,0.010,0.000,0.990
276500,0.010,0.000,0.990
277000,0.010,0.000,0.990
277500,0.010,0.000,0.990
278000,0.010,0.000,0.990
278500,0.010,0.000,0.990
279000,0.010,0.000,0.990
279500,0.010,0.000,0.990
280000,0.010,0.000,0.990
280500,0.010,0.000,0.990
281000,0.010,0.000,0.990
281500,0.010,0.000,0.990
282000,0.010,0.000,0.990
282500,0.010,0.000,0.990
283000,0.010,0.000,0.990
283500,0.010,0.000,0.990
284000,0.010,0.000,0.990
284500,0.010,0.000,0.990
285000,0.010,0.000,0.990
285500,0.010,0.000,0.990
286000,0.010,0.000,0.990
286500,0.010,0.000,0.990
287000,0.010,0.000,0.990
287500,0.010,0.000,0.990
288000,0.010,0.000,0.990
288500,0.010,0.000,0.990
289000,0.010,0.000,0.990
289500,0.010,0.000,0.990
290000,0.010,0.000,0.990
290500,0.010,0.000,0.990
291000,0.010,0.000,0.990
291500,0.010,0.000,0.990
292000,0.010,0.000,0.990
292500,0.010,0.000,0.990
293000,0.010,0.000,0.990
293500,0.010,0.000,0.990
294000,0.010,0.000,0.990
294500,0.010,0.000,0.990
295000,0.010,0.000,0.990
295500,0.010,0.000,0.990
296000,0.010,0.000,0.990
296500,0.010,0.000,0.990
297000,0.010,0.000,0.990
297500,0.010,0.000,0.990
298000,0.010,0.000,0.990
298500,0.010,0.000,0.990
299000,0.010,0.000,0.990
299500,0.010,0.000,0.990
300000,0.010,0.000,0.990
300500,0.010,0.000,0.990
301000,0.010,0.000,0.990
301500,0.010,0.000,0.990
302000,0.010,0.000,0.990
302500,0.010,0.000,0.990
303000,0.010,0.000,0.990
303500,0.010,0.000,0.990
304000,0.010,0.000,0.990
304500,0.010,0.000,0.990
305000,0.010,0.000,0.990
305500,0.010,0.000,0.990
306000,0.010,0.000,0.990
306500,0.010,0.000,0.990
307000,0.010,0.000,0.990
307500,0.010,0.000,0.990
308000,0.010,0.000,0.990
308500,0.010,0.000,0.990
309000,0.010,0.000,0.990
309500,0.010,0.000,0.990
310000,0.010,0.000,0.990
310500,0.010,0.000,0.990
311000,0.010,0.000,0.990
311500,0.010,0.000,0.990
312000,0.010,0.000,0.990
312500,0.010,0.000,0.990
313000,0.010,0.000,0.990
313500,0.010,0.000,0.990
314000,0.010,0.000,0.990
314500,0.010,0.000,0.990
315000,0.010,0.000,0.990
315500,0.010,0.000,0.990
316000,0.010,0.000,0.990
316500,0.010,0.000,0.990
317000,0.010,0.000,0.990
317500,0.010,0.000,0.990
318000,0.010,0.000,0.990
318500,0.010,0.000,0.990
319000,0.010,0.000,0.990
319500,0.010,0.000,0.990
320000,0.010,0.000,0.990
320500,0.010,0.000,0.990
321000,0.010,0.000,0.990
321500,0.010,0.000,0.990
322000,0.010,0.000,0.990
322500,0.010,0.000,0.990
323000,0.010,0.000,0.990
323500,0.010,0.000,0.990
324000,0.010,0.000,0.990
324500,0.010,0.000,0.990
325000,0.010,0.000,0.990
325500,0.010,0.000,0.990
326000,0.010,0.000,0.990
326500,0.010,0.000,0.990
327000,0.010,0.000,0.990
327500,0.010,0.000,0.990
328000,0.010,0.000,0.990
328500,0.010,0.000,0.990
329000,0.010,0.000,0.990
329500,0.010,0.000,0.990
330000,0.010,0.000,0.990
330500,0.010,0.000,0.990
331000,0.010,0.000,0.990
331500,0.010,0.000,0.990
332000,0.010,0.000,0.990
332500,0.010,0.000,0.990
333000,0.010,0.000,0.990
333500,0.010,0.000,0.990
334000,0.010,0.000,0.990
334500,0.010,0.000,0.990
335000,0.010,0.000,0.990
335500,0.010,0.000,0.990
336000,0.010,0.000,0.990
336500,0.010,0.000,0.990
337000,0.010,0.000,0.990
337500,0.010,0.000,0.990
338000,0.010,0.000,0.990
338500,0.010,0.000,0.990
339000,0.010,0.000,0.990
339500,0.010,0.000,0.990
340000,0.010,0.000,0.990
340500,0.010,0.000,0.990
341000,0.010,0.000,0.990
341500,0.010,0.000,0.990
342000,0.010,0.000,0.990
342500,0.010,0.000,0.990
343000,0.010,0.000,0.990
343500,0.010,0.000,0.990
344000,0.010,0.000,0.990
344500,0.010,0.000,0.990
345000,0.010,0.000,0.990
345500,0.010,0.000,0.990
346000,0.010,0.000,0.990
346500,0.010,0.000,0.990
347000,0.010,0.000,0.990
347500,0.010,0.000,0.990
348000,0.010,0.000,0.990
348500,0.010,0.000,0.990
349000,0.010,0.000,0.990
349500,0.010,0.000,0.990
350000,0.010,0.000,0.990
350500,0.010,0.000,0.990
351000,0.010,0.000,0.990
351500,0.010,0.000,0.990
352000,0.010,0.000,0.990
352500,0.010,0.000,0.990
353000,0.010,0.000,0.990
353500,0.010,0.000,0.990
354000,0.010,0.000,0.990
354500,0.010,0.000,0.990
355000,0.010,0.000,0.990
355500,0.010,0.000,0.990
356000,0.010,0.000,0.990
356500,0.010,0.000,0.990
357000,0.010,0.000,0.990
357500,0.010,0.000,0.990
358000,0.010,0.000,0.990
358500,0.010,0.000,0.990
359000,0.010,0.000,0.990
359500,0.010,0.000,0.990
360000,0.010,0.000,0.990
360500,0.010,0.000,0.990
361000,0.010,0.000,0.990
361500,0.010,0.000,0.990
362000,0.010,0.000,0.990
362500,0.010,0.000,0.990
363000,0.010,0.000,0.990
363500,0.010,0.000,0.990
364000,0.010,0.000,0.990
364500,0.010,0.000,0.990
365000,0.010,0.000,0.990
365500,0.010,0.000,0.990
366000,0.010,0.000,0.990
366500,0.010,0.000,0.990
367000,0.010,0.000,0.990
367500,0.010,0.000,0.990
368000,0.010,0.000,0.990
368500,0.010,0.000,0.990
369000,0.010,0.000,0.990
369500,0.010,0.000,0.990
370000,0.010,0.000,0.990
370500,0.010,0.000,0.990
371000,0.010,0.000,0.990
371500,0.010,0.000,0.990
372000,0.010,0.000,0.990
372500,0.010,0.000,0.990
373000,0.010,0.000,0.990
373500,0.010,0.000,0.990
374000,0.010,0.000,0.990
374500,0.010,0.000,0.990
375000,0.010,0.000,0.990
375500,0.010,0.000,0.990
376000,0.010,0.000,0.990
376500,0.010,0.000,0.990
377000,0.010,0.000,0.990
377500,0.010,0.000,0.990
378000,0.010,0.000,0.990
378500,0.010,0.000,0.990
379000,0.010,0.000,0.990
379500,0.010,0.000,0.990
380000,0.010,0.000,0.990
380500,0.010,0.000,0.990
381000,0.010,0.000,0.990
381500,0.010,0.000,0.990
382000,0.010,0.000,0.990
382500,0.010,0.000,0.990
383000,0.010,0.000,0.990
383500,0.010,0.000,0.990
384000,0.010,0.000,0.990
384500,0.010,0.000,0.990
385000,0.010,0.000,0.990
385500,0.010,0.000,0.990
386000,0.010,0.000,0.990
386500,0.010,0.000,0.990
387000,0.010,0.000,0.990
387500,0.010,0.000,0.990
388000,0.010,0.000,0.990
388500,0.010,0.000,0.990
389000,0.010,0.000,0.990
389500,0.010,0.000,0.990
390000,0.010,0.000,0.990
390500,0.010,0.000,0.990
391000,0.010,0.000,0.990
391500,0.010,0.000,0.990
392000,0.010,0.000,0.990
392500,0.010,0.000,0.990
393000,0.010,0.000,0.990
393500,0.010,0.000,0.990
394000,0.010,0.000,0.990
394500,0.010,0.000,0.990
395000,0.010,0.000,0.990
395500,0.010,0.000,0.990
396000,0.010,0.000,0.990
396500,0.010,0.000,0.990
397000,0.010,0.000,0.990
397500,0.010,0.000,0.990
398000,0.010,0.000,0.990
398500,0.010,0.000,0.990
399000,0.010,0.000,0.990
399500,0.010,0.000,0.990
400000,0.010,0.000,0.990
400500,0.010,0.000,0.990
401000,0.010,0.000,0.990
401500,0.010,0.000,0.990
402000,0.010,0.000,0.990
402500,0.010,0.000,0.990
403000,0.010,0.000,0.990
403500,0.010,0.000,0.990
404000,0.010,0.000,0.990
404500,0.010,0.000,0.990
405000,0.010,0.000,0.990
405500,0.010,0.000,0.990
406000,0.010,0.000,0.990
406500,0.010,0.000,0.990
407000,0.010,0.000,0.990
407500,0.010,0.000,0.990
408000,0.010,0.000,0.990
408500,0.010,0.000,0.990
409000,0.010,0.000,0.990
409500,0.010,0.000,0.990
410000,0.010,0.000,0.990
410500,0.010,0.000,0.990
411000,0.010,0.000,0.990
411500,0.010,0.000,0.990
412000,0.010,0.000,0.990
412500,0.010,0.000,0.990
413000,0.010,0.000,0.990
413500,0.010,0.000,0.990
414000,0.010,0.000,0.990
414500,0.010,0.000,0.990
415000,0.010,0.000,0.990
415500,0.010,0.000,0.990
416000,0.010,0.000,0.990
416500,0.010,0.000,0.990
417000,0.010,0.000,0.990
417500,0.010,0.000,0.990
418000,0.010,0.000,0.990
418500,0.010,0.000,0.990
419000,0.010,0.000,0.990
419500,0.010,0.000,0.990
420000,0.010,0.000,0.990
420500,0.010,0.000,0.990
421000,0.010,0.000,0.990
421500,0.010,0.000,0.990
422000,0.010,0.000,0.990
422500,0.010,0.000,0.990
423000,0.010,0.000,0.990
423500,0.010,0.000,0.990
424000,0.010,0.000,0.990
424500,0.010,0.000,0.990
425000,0.010,0.000,0.990
425500,0.010,0.000,0.990
426000,0.010,0.000,0.990
426500,0.010,0.000,0.990
427000,0.010,0.000,0.990
427500,0.010,0.000,0.990
428000,0.010,0.000,0.990
428500,0.010,0.000,0.990
429000,0.010,0.000,0.990
429500,0.010,0.000,0.990
430000,0.010,0.000,0.990
430500,0.010,0.000,0.990
431000,0.010,0.000,0.990
431500,0.010,0.000,0.990
432000,0.010,0.000,0.990
432500,0.010,0.000,0.990
433000,0.010,0.000,0.990
433500,0.010,0.000,0.990
434000,0.010,0.000,0.990
434500,0.010,0.000,0.990
435000,0.010,0.000,0.990
435500,0.010,0.000,0.990
436000,0.010,0.000,0.990
436500,0.010,0.000,0.990
437000,0.010,0.000,0.990
437500,0.010,0.000,0.990
438000,0.010,0.000,0.990
438500,0.010,0.000,0.990
439000,0.010,0.000,0.990
439500,0.010,0.000,0.990
440000,0.010,0.000,0.990
440500,0.010,0.000,0.990
441000,0.010,0.000,0.990
441500,0.010,0.000,0.990
442000,0.010,0.000,0.990
442500,0.010,0.000,0.990
443000,0.010,0.000,0.990
443500,0.010,0.000,0.990
444000,0.010,0.000,0.990
444500,0.010,0.000,0.990
445000,0.010,0.000,0.990
445500,0.010,0.000,0.990
446000,0.010,0.000,0.990
446500,0.010,0.000,0.990
447000,0.010,0.000,0.990
447500,0.010,0.000,0.990
448000,0.010,0.000,0.990
448500,0.010,0.000,0.990
449000,0.010,0.000,0.990
449500,0.010,0.000,0.990
450000,0.010,0.000,0.990
450500,0.010,0.000,0.990
451000,0.010,0.000,0.990
451500,0.010,0.000,0.990
452000,0.010,0.000,0.990
452500,0.010,0.000,0.990
453000,0.010,0.000,0.990
453500,0.010,0.000,0.990
454000,0.010,0.000,0.990
454500,0.010,0.000,0.990
455000,0.010,0.000,0.990
455500,0.010,0.000,0.990
456000,0.010,0.000,0.990
456500,0.010,0.000,0.990
457000,0.010,0.000,0.990
457500,0.010,0.000,0.990
458000,0.010,0.000,0.990
458500,0.010,0.000,0.990
459000,0.010,0.000,0.990
459500,0.010,0.000,0.990
460000,0.010,0.000,0.990
460500,0.010,0.000,0.990
461000,0.010,0.000,0.990
461500,0.010,0.000,0.990
462000,0.010,0.000,0.990
462500,0.010,0.000,0.990
463000,0.010,0.000,0.990
463500,0.010,0.000,0.990
464000,0.010,0.000,0.990
464500,0.010,0.000,0.990
465000,0.010,0.000,0.990
465500,0.010,0.000,0.990
466000,0.010,0.000,0.990
466500,0.010,0.000,0.990
467000,0.010,0.000,0.990
467500,0.010,0.000,0.990
468000,0.010,0.000,0.990
468500,0.010,0.000,0.990
469000,0.010,0.000,0.990
469500,0.010,0.000,0.990
470000,0.010,0.000,0.990
470500,0.010,0.000,0.990
471000,0.010,0.000,0.990
471500,0.010,0.000,0.990
472000,0.010,0.000,0.990
472500,0.010,0.000,0.990
473000,0.010,0.000,0.990
473500,0.010,0.000,0.990
474000,0.010,0.000,0.990
474500,0.010,0.000,0.990
475000,0.010,0.000,0.990
475500,0.010,0.000,0.990
476000,0.010,0.000,0.990
476500,0.010,0.000,0.990
477000,0.010,0.000,0.990
477500,0.010,0.000,0.990
478000,0.010,0.000,0.990
478500,0.010,0.000,0.990
479000,0.010,0.000,0.990
479500,0.010,0.000,0.990
480000,0.010,0.000,0.990
480500,0.010,0.000,0.990
481000,0.010,0.000,0.990
481500,0.010,0.000,0.990
482000,0.010,0.000,0.990
482500,0.010,0.000,0.990
483000,0.010,0.000,0.990
483500,0.010,0.000,0.990
484000,0.010,0.000,0.990
484500,0.010,0.000,0.990
485000,0.010,0.000,0.990
485500,0.010,0.000,0.990
486000,0.010,0.000,0.990
486500,0.010,0.000,0.990
487000,0.010,0.000,0.990
487500,0.010,0.000,0.990
488000,0.010,0.000,0.990
488500,0.010,0.000,0.990
489000,0.010,0.000,0.990
489500,0.010,0.000,0.990
490000,0.010,0.000,0.990
490500,0.010,0.000,0.990
491000,0.010,0.000,0.990
491500,0.010,0.000,0.990
492000,0.010,0.000,0.990
492500,0.010,0.000,0.990
493000,0.010,0.000,0.990
493500,0.010,0.000,0.990
494000,0.010,0.000,0.990
494500,0.010,0.000,0.990
495000,0.010,0.000,0.990
495500,0.010,0.000,0.990
496000,0.010,0.000,0.990
496500,0.010,0.000,0.990
497000,0.010,0.000,0.990
497500,0.010,0.000,0.990
498000,0.010,0.000,0.990
498500,0.010,0.000,0.990
499000,0.010,0.000,0.990
499500,0.010,0.000,0.990
500000,0.010,0.000,0.990
500500,0.010,0.000,0.990
501000,0.010,0.000,0.990
501500,0.010,0.000,0.990
502000,0.010,0.000,0.990
502500,0.010,0.000,0.990
503000,0.010,0.000,0.990
503500,0.010,0.000,0.990
504000,0.010,0.000,0.990
504500,0.010,0.000,0.990
505000,0.010,0.000,0.990
505500,0.010,0.000,0.990
506000,0.010,0.000,0.990
506500,0.010,0.000,0.990
507000,0.010,0.000,0.990
507500,0.010,0.000,0.990
508000,0.010,0.000,0.990
508500,0.010,0.000,0.990
509000,0.010,0.000,0.990
509500,0.010,0.000,0.990
510000,0.010,0.000,0.990
510500,0.010,0.000,0.990
511000,0.010,0.000,0.990
511500,0.010,0.000,0.990
512000,0.010,0.000,0.990
512500,0.010,0.000,0.990
513000,0.010,0.000,0.990
513500,0.010,0.000,0.990
514000,0.010,0.000,0.990
514500,0.010,0.000,0.990
515000,0.010,0.000,0.990
515500,0.010,0.000,0.990
516000,0.010,0.000,0.990
516500,0.010,0.000,0.990
517000,0.010,0.000,0.990
517500,0.010,0.000,0.990
518000,0.010,0.000,0.990
518500,0.010,0.000,0.990
519000,0.010,0.000,0.990
519500,0.010,0.000,0.990
520000,0.010,0.000,0.990
520500,0.010,0.000,0.990
521000,0.010,0.000,0.990
521500,0.010,0.000,0.990
522000,0.010,0.000,0.990
522500,0.010,0.000,0.990
523000,0.010,0.000,0.990
523500,0.010,0.000,0.990
524000,0.010,0.000,0.990
524500,0.010,0.000,0.990
525000,0.010,0.000,0.990
525500,0.010,0.000,0.990
526000,0.010,0.000,0.990
526500,0.010,0.000,0.990
527000,0.010,0.000,0.990
527500,0.010,0.000,0.990
528000,0.010,0.000,0.990
528500,0.010,0.000,0.990
529000,0.010,0.000,0.990
529500,0.010,0.000,0.990
530000,0.010,0.000,0.990
530500,0.010,0.000,0.990
531000,0.010,0.000,0.990
531500,0.010,0.000,0.990
532000,0.010,0.000,0.990
532500,0.010,0.000,0.990
533000,0.010,0.000,0.990
533500,0.010,0.000,0.990
534000,0.010,0.000,0.990
534500,0.010,0.000,0.990
535000,0.010,0.000,0.990
535500,0.010,0.000,0.990
536000,0.010,0.000,0.990
536500,0.010,0.000,0.990
537000,0.010,0.000,0.990
537500,0.010,0.000,0.990
538000,0.010,0.000,0.990
538500,0.010,0.000,0.990
539000,0.010,0.000,0.990
539500,0.010,0.000,0.990
540000,0.010,0.000,0.990
540500,0.010,0.000,0.990
541000,0.010,0.000,0.990
541500,0.010,0.000,0.990
542000,0.010,0.000,0.990
542500,0.010,0.000,0.990
543000,0.010,0.000,0.990
543500,0.010,0.000,0.990
544000,0.010,0.000,0.990
544500,0.010,0.000,0.990
545000,0.010,0.000,0.990
545500,0.010,0.000,0.990
546000,0.010,0.000,0.990
546500,0.010,0.000,0.990
547000,0.010,0.000,0.990
547500,0.010,0.000,0.990
548000,0.010,0.000,0.990
548500,0.010,0.000,0.990
549000,0.010,0.000,0.990
549500,0.010,0.000,0.990
550000,0.010,0.000,0.990
550500,0.010,0.000,0.990
551000,0.010,0.000,0.990
551500,0.010,0.000,0.990
552000,0.010,0.000,0.990
552500,0.010,0.000,0.990
553000,0.010,0.000,0.990
553500,0.010,0.000,0.990
554000,0.010,0.000,0.990
554500,0.010,0.000,0.990
555000,0.010,0.000,0.990
555500,0.010,0.000,0.990
556000,0.010,0.000,0.990
556500,0.010,0.000,0.990
557000,0.010,0.000,0.990
557500,0.010,0.000,0.990
558000,0.010,0.000,0.990
558500,0.010,0.000,0.990
559000,0.010,0.000,0.990
559500,0.010,0.000,0.990
560000,0.010,0.000,0.990
560500,0.010,0.000,0.990
561000,0.010,0.000,0.990
561500,0.010,0.000,0.990
562000,0.010,0.000,0.990
562500,0.010,0.000,0.990
563000,0.010,0.000,0.990
563500,0.010,0.000,0.990
564000,0.010,0.000,0.990
564500,0.010,0.000,0.990
565000,0.010,0.000,0.990
565500,0.010,0.000,0.990
566000,0.010,0.000,0.990
566500,0.010,0.000,0.990
567000,0.010,0.000,0.990
567500,0.010,0.000,0.990
568000,0.010,0.000,0.990
568500,0.010,0.000,0.990
569000,0.010,0.000,0.990
569500,0.010,0.000,0.990
570000,0.010,0.000,0.990
570500,0.010,0.000,0.990
571000,0.010,0.000,0.990
571500,0.010,0.000,0.990
572000,0.010,0.000,0.990
572500,0.010,0.000,0.990
573000,0.010,0.000,0.990
573500,0.010,0.000,0.990
574000,0.010,0.000,0.990
574500,0.010,0.000,0.990
575000,0.010,0.000,0.990
575500,0.010,0.000,0.990
576000,0.010,0.000,0.990
576500,0.010,0.000,0.990
577000,0.010,0.000,0.990
577500,0.010,0.000,0.990
578000,0.010,0.000,0.990
578500,0.010,0.000,0.990
579000,0.010,0.000,0.990
579500,0.010,0.000,0.990
580000,0.010,0.000,0.990
580500,0.010,0.000,0.990
581000,0.010,0.000,0.990
581500,0.010,0.000,0.990
582000,0.010,0.000,0.990
582500,0.010,0.000,0.990
583000,0.010,0.000,0.990
583500,0.010,0.000,0.990
584000,0.010,0.000,0.990
584500,0.010,0.000,0.990
585000,0.010,0.000,0.990
585500,0.010,0.000,0.990
586000,0.010,0.000,0.990
586500,0.010,0.000,0.990
587000,0.010,0.000,0.990
587500,0.010,0.000,0.990
588000,0.010,0.000,0.990
588500,0.010,0.000,0.990
589000,0.010,0.000,0.990
589500,0.010,0.000,0.990
590000,0.010,0.000,0.990
590500,0.010,0.000,0.990
591000,0.010,0.000,0.990
591500,0.010,0.000,0.990
592000,0.010,0.000,0.990
592500,0.010,0.000,0.990
593000,0.010,0.000,0.990
593500,0.010,0.000,0.990
594000,0.010,0.000,0.990
594500,0.010,0.000,0.990
595000,0.010,0.000,0.990
595500,0.010,0.000,0.990
596000,0.010,0.000,0.990
596500,0.010,0.000,0.990
597000,0.010,0.000,0.990
597500,0.010,0.000,0.990
598000,0.010,0.000,0.990
598500,0.010,0.000,0.990
599000,0.010,0.000,0.990
599500,0.010,0.000,0.990
600000,0.010,0.000,0.990
600500,0.010,0.000,0.990
601000,0.010,0.000,0.990
601500,0.010,0.000,0.990
602000,0.010,0.000,0.990
602500,0.010,0.000,0.990
603000,0.010,0.000,0.990
603500,0.010,0.000,0.990
604000,0.010,0.000,0.990
604500,0.010,0.000,0.990
605000,0.010,0.000,0.990
605500,0.010,0.000,0.990
606000,0.010,0.000,0.990
606500,0.010,0.000,0.990
607000,0.010,0.000,0.990
607500,0.010,0.000,0.990
608000,0.010,0.000,0.990
608500,0.010,0.000,0.990
609000,0.010,0.000,0.990
609500,0.010,0.000,0.990
610000,0.010,0.000,0.990
610500,0.010,0.000,0.990
611000,0.010,0.000,0.990
611500,0.010,0.000,0.990
612000,0.010,0.000,0.990
612500,0.010,0.000,0.990
613000,0.010,0.000,0.990
613500,0.010,0.000,0.990
614000,0.010,0.000,0.990
614500,0.010,0.000,0.990
615000,0.010,0.000,0.990
615500,0.010,0.000,0.990
616000,0.010,0.000,0.990
616500,0.010,0.000,0.990
617000,0.010,0.000,0.990
617500,0.010,0.000,0.990
618000,0.010,0.000,0.990
618500,0.010,0.000,0.990
619000,0.010,0.000,0.990
619500,0.010,0.000,0.990
620000,0.010,0.000,0.990
620500,0.010,0.000,0.990
621000,0.010,0.000,0.990
621500,0.010,0.000,0.990
622000,0.010,0.000,0.990
622500,0.010,0.000,0.990
623000,0.010,0.000,0.990
623500,0.010,0.000,0.990
624000,0.010,0.000,0.990
624500,0.010,0.000,0.990
625000,0.010,0.000,0.990
625500,0.010,0.000,0.990
626000,0.010,0.000,0.990
626500,0.010,0.000,0.990
627000,0.010,0.000,0.990
627500,0.010,0.000,0.990
628000,0.010,0.000,0.990
628500,0.010,0.000,0.990
629000,0.010,0.000,0.990
629500,0.010,0.000,0.990
630000,0.010,0.000,0.990
630500,0.010,0.000,0.990
631000,0.010,0.000,0.990
631500,0.010,0.000,0.990
632000,0.010,0.000,0.990
632500,0.010,0.000,0.990
633000,0.010,0.000,0.990
633500,0.010,0.000,0.990
634000,0.010,0.000,0.990
634500,0.010,0.000,0.990
635000,0.010,0.000,0.990
635500,0.010,0.000,0.990
636000,0.010,0.000,0.990
636500,0.010,0.000,0.990
637000,0.010,0.000,0.990
637500,0.010,0.000,0.990
638000,0.010,0.000,0.990
638500,0.010,0.000,0.990
639000,0.010,0.000,0.990
639500,0.010,0.000,0.990
640000,0.010,0.000,0.990
640500,0.010,0.000,0.990
641000,0.010,0.000,0.990
641500,0.010,0.000,0.990
642000,0.010,0.000,0.990
642500,0.010,0.000,0.990
643000,0.010,0.000,0.990
643500,0.010,0.000,0.990
644000,0.010,0.000,0.990
644500,0.010,0.000,0.990
645000,0.010,0.000,0.990
645500,0.010,0.000,0.990
646000,0.010,0.000,0.990
646500,0.010,0.000,0.990
647000,0.010,0.000,0.990
647500,0.010,0.000,0.990
648000,0.010,0.000,0.990
648500,0.010,0.000,0.990
649000,0.010,0.000,0.990
649500,0.010,0.000,0.990
650000,0.010,0.000,0.990
650500,0.010,0.000,0.990
651000,0.010,0.000,0.990
651500,0.010,0.000,0.990
652000,0.010,0.000,0.990
652500,0.010,0.000,0.990
653000,0.010,0.000,0.990
653500,0.010,0.000,0.990
654000,0.010,0.000,0.990
654500,0.010,0.000,0.990
655000,0.010,0.000,0.990
655500,0.010,0.000,0.990
656000,0.010,0.000,0.990
656500,0.010,0.000,0.990
657000,0.010,0.000,0.990
657500,0.010,0.000,0.990
658000,0.010,0.000,0.990
658500,0.010,0.000,0.990
659000,0.010,0.000,0.990
659500,0.010,0.000,0.990
660000,0.010,0.000,0.990
660500,0.010,0.000,0.990
661000,0.010,0.000,0.990
661500,0.010,0.000,0.990
662000,0.010,0.000,0.990
662500,0.010,0.000,0.990
663000,0.010,0.000,0.990
663500,0.010,0.000,0.990
664000,0.010,0.000,0.990
664500,0.010,0.000,0.990
665000,0.010,0.000,0.990
665500,0.010,0.000,0.990
666000,0.010,0.000,0.990
666500,0.010,0.000,0.990
667000,0.010,0.000,0.990
667500,0.010,0.000,0.990
668000,0.010,0.000,0.990
668500,0.010,0.000,0.990
669000,0.010,0.000,0.990
669500,0.010,0.000,0.990
670000,0.010,0.000,0.990
670500,0.010,0.000,0.990
671000,0.010,0.000,0.990
671500,0.010,0.000,0.990
672000,0.010,0.000,0.990
672500,0.010,0.000,0.990
673000,0.010,0.000,0.990
673500,0.010,0.000,0.990
674000,0.010,0.000,0.990
674500,0.010,0.000,0.990
675000,0.010,0.000,0.990
675500,0.010,0.000,0.990
676000,0.010,0.000,0.990
676500,0.010,0.000,0.990
677000,0.010,0.000,0.990
677500,0.010,0.000,0.990
678000,0.010,0.000,0.990
678500,0.010,0.000,0.990
679000,0.010,0.000,0.990
679500,0.010,0.000,0.990
680000,0.010,0.000,0.990
680500,0.010,0.000,0.990
681000,0.010,0.000,0.990
681500,0.010,0.000,0.990
682000,0.010,0.000,0.990
682500,0.010,0.000,0.990
683000,0.010,0.000,0.990
683500,0.010,0.000,0.990
684000,0.010,0.000,0.990
684500,0.010,0.000,0.990
685000,0.010,0.000,0.990
685500,0.010,0.000,0.990
686000,0.010,0.000,0.990
686500,0.010,0.000,0.990
687000,0.010,0.000,0.990
687500,0.010,0.000,0.990
688000,0.010,0.000,0.990
688500,0.010,0.000,0.990
689000,0.010,0.000,0.990
689500,0.010,0.000,0.990
690000,0.010,0.000,0.990
690500,0.010,0.000,0.990
691000,0.010,0.000,0.990
691500,0.010,0.000,0.990
692000,0.010,0.000,0.990
692500,0.010,0.000,0.990
693000,0.010,0.000,0.990
693500,0.010,0.000,0.990
694000,0.010,0.000,0.990
694500,0.010,0.000,0.990
695000,0.010,0.000,0.990
695500,0.010,0.000,0.990
696000,0.010,0.000,0.990
696500,0.010,0.000,0.990
697000,0.010,0.000,0.990
697500,0.010,0.000,0.990
698000,0.010,0.000,0.990
698500,0.010,0.000,0.990
699000,0.010,0.000,0.990
699500,0.010,0.000,0.990
700000,0.010,0.000,0.990
700500,0.010,0.000,0.990
701000,0.010,0.000,0.990
701500,0.010,0.000,0.990
702000,0.010,0.000,0.990
702500,0.010,0.000,0.990
703000,0.010,0.000,0.990
703500,0.010,0.000,0.990
704000,0.010,0.000,0.990
704500,0.010,0.000,0.990
705000,0.010,0.000,0.990
705500,0.010,0.000,0.990
706000,0.010,0.000,0.990
706500,0.010,0.000,0.990
707000,0.010,0.000,0.990
707500,0.010,0.000,0.990
708000,0.010,0.000,0.990
708500,0.010,0.000,0.990
709000,0.010,0.000,0.990
709500,0.010,0.000,0.990
710000,0.010,0.000,0.990
710500,0.010,0.000,0.990
711000,0.010,0.000,0.990
711500,0.010,0.000,0.990
712000,0.010,0.000,0.990
712500,0.010,0.000,0.990
713000,0.010,0.000,0.990
713500,0.010,0.000,0.990
714000,0.010,0.000,0.990
714500,0.010,0.000,0.990
715000,0.010,0.000,0.990
715500,0.010,0.000,0.990
716000,0.010,0.000,0.990
716500,0.010,0.000,0.990
717000,0.010,0.000,0.990
717500,0.010,0.000,0.990
718000,0.010,0.000,0.990
718500,0.010,0.000,0.990
719000,0.010,0.000,0.990
719500,0.010,0.000,0.990
720000,0.010,0.000,0.990
720500,0.010,0.000,0.990
721000,0.010,0.000,0.990
721500,0.010,0.000,0.990
722000,0.010,0.000,0.990
722500,0.010,0.000,0.990
723000,0.010,0.000,0.990
723500,0.010,0.000,0.990
724000,0.010,0.000,0.990
724500,0.010,0.000,0.990
725000,0.010,0.000,0.990
725500,0.010,0.000,0.990
726000,0.010,0.000,0.990
726500,0.010,0.000,0.990
727000,0.010,0.000,0.990
727500,0.010,0.000,0.990
728000,0.010,0.000,0.990
728500,0.010,0.000,0.990
729000,0.010,0.000,0.990
729500,0.010,0.000,0.990
730000,0.010,0.000,0.990
730500,0.010,0.000,0.990
731000,0.010,0.000,0.990
731500,0.010,0.000,0.990
732000,0.010,0.000,0.990
732500,0.010,0.000,0.990
733000,0.010,0.000,0.990
733500,0.010,0.000,0.990
734000,0.010,0.000,0.990
734500,0.010,0.000,0.990
735000,0.010,0.000,0.990
735500,0.010,0.000,0.990
736000,0.010,0.000,0.990
736500,0.010,0.000,0.990
737000,0.010,0.000,0.990
737500,0.010,0.000,0.990
738000,0.010,0.000,0.990
738500,0.010,0.000,0.990
739000,0.010,0.000,0.990
739500,0.010,0.000,0.990
740000,0.010,0.000,0.990
740500,0.010,0.000,0.990
741000,0.010,0.000,0.990
741500,0.010,0.000,0.990
742000,0.010,0.000,0.990
742500,0.010,0.000,0.990
743000,0.010,0.000,0.990
743500,0.010,0.000,0.990
744000,0.010,0.000,0.990
744500,0.010,0.000,0.990
745000,0.010,0.000,0.990
745500,0.010,0.000,0.990
746000,0.010,0.000,0.990
746500,0.010,0.000,0.990
747000,0.010,0.000,0.990
747500,0.010,0.000,0.990
748000,0.010,0.000,0.990
748500,0.010,0.000,0.990
749000,0.010,0.000,0.990
749500,0.010,0.000,0.990
750000,0.010,0.000,0.990
750500,0.010,0.000,0.990
751000,0.010,0.000,0.990
751500,0.010,0.000,0.990
752000,0.010,0.000,0.990
752500,0.010,0.000,0.990
753000,0.010,0.000,0.990
753500,0.010,0.000,0.990
754000,0.010,0.000,0.990
754500,0.010,0.000,0.990
755000,0.010,0.000,0.990
755500,0.010,0.000,0.990
756000,0.010,0.000,0.990
756500,0.010,0.000,0.990
757000,0.010,0.000,0.990
757500,0.010,0.000,0.990
758000,0.010,0.000,0.990
758500,0.010,0.000,0.990
759000,0.010,0.000,0.990
759500,0.010,0.000,0.990
760000,0.010,0.000,0.990
760500,0.010,0.000,0.990
761000,0.010,0.000,0.990
761500,0.010,0.000,0.990
762000,0.010,0.000,0.990
762500,0.010,0.000,0.990
763000,0.010,0.000,0.990
763500,0.010,0.000,0.990
764000,0.010,0.000,0.990
764500,0.010,0.000,0.990
765000,0.010,0.000,0.990
765500,0.010,0.000,0.990
766000,0.010,0.000,0.990
766500,0.010,0.000,0.990
767000,0.010,0.000,0.990
767500,0.010,0.000,0.990
768000,0.010,0.000,0.990
768500,0.010,0.000,0.990
769000,0.010,0.000,0.990
769500,0.010,0.000,0.990
770000,0.010,0.000,0.990
770500,0.010,0.000,0.990
771000,0.010,0.000,0.990
771500,0.010,0.000,0.990
772000,0.010,0.000,0.990
772500,0.010,0.000,0.990
773000,0.010,0.000,0.990
773500,0.010,0.000,0.990
774000,0.010,0.000,0.990
774500,0.010,0.000,0.990
775000,0.010,0.000,0.990
775500,0.010,0.000,0.990
776000,0.010,0.000,0.990
776500,0.010,0.000,0.990
777000,0.010,0.000,0.990
777500,0.010,0.000,0.990
778000,0.010,0.000,0.990
778500,0.010,0.000,0.990
779000,0.010,0.000,0.990
779500,0.010,0.000,0.990
780000,0.010,0.000,0.990
780500,0.010,0.000,0.990
781000,0.010,0.000,0.990
781500,0.010,0.000,0.990
782000,0.010,0.000,0.990
782500,0.010,0.000,0.990
783000,0.010,0.000,0.990
783500,0.010,0.000,0.990
784000,0.010,0.000,0.990
784500,0.010,0.000,0.990
785000,0.010,0.000,0.990
785500,0.010,0.000,0.990
786000,0.010,0.000,0.990
786500,0.010,0.000,0.990
787000,0.010,0.000,0.990
787500,0.010,0.000,0.990
788000,0.010,0.000,0.990
788500,0.010,0.000,0.990
789000,0.010,0.000,0.990
789500,0.010,0.000,0.990
790000,0.010,0.000,0.990
790500,0.010,0.000,0.990
791000,0.010,0.000,0.990
791500,0.010,0.000,0.990
792000,0.010,0.000,0.990
792500,0.010,0.000,0.990
793000,0.010,0.000,0.990
793500,0.010,0.000,0.990
794000,0.010,0.000,0.990
794500,0.010,0.000,0.990
795000,0.010,0.000,0.990
795500,0.010,0.000,0.990
796000,0.010,0.000,0.990
796500,0.010,0.000,0.990
797000,0.010,0.000,0.990
797500,0.010,0.000,0.990
798000,0.010,0.000,0.990
798500,0.010,0.000,0.990
799000,0.010,0.000,0.990
799500,0.010,0.000,0.990
800000,0.010,0.000,0.990
800500,0.010,0.000,0.990
801000,0.010,0.000,0.990
801500,0.010,0.000,0.990
802000,0.010,0.000,0.990
802500,0.010,0.000,0.990
803000,0.010,0.000,0.990
803500,0.010,0.000,0.990
804000,0.010,0.000,0.990
804500,0.010,0.000,0.990
805000,0.010,0.000,0.990
805500,0.010,0.000,0.990
806000,0.010,0.000,0.990
806500,0.010,0.000,0.990
807000,0.010,0.000,0.990
807500,0.010,0.000,0.990
808000,0.010,0.000,0.990
808500,0.010,0.000,0.990
809000,0.010,0.000,0.990
809500,0.010,0.000,0.990
810000,0.010,0.000,0.990
810500,0.010,0.000,0.990
811000,0.010,0.000,0.990
811500,0.010,0.000,0.990
812000,0.010,0.000,0.990
812500,0.010,0.000,0.990
813000,0.010,0.000,0.990
813500,0.010,0.000,0.990
814000,0.010,0.000,0.990
814500,0.010,0.000,0.990
815000,0.010,0.000,0.990
815500,0.010,0.000,0.990
816000,0.010,0.000,0.990
816500,0.010,0.000,0.990
817000,0.010,0.000,0.990
817500,0.010,0.000,0.990
818000,0.010,0.000,0.990
818500,0.010,0.000,0.990
819000,0.010,0.000,0.990
819500,0.010,0.000,0.990
820000,0.010,0.000,0.990
820500,0.010,0.000,0.990
821000,0.010,0.000,0.990
821500,0.010,0.000,0.990
822000,0.010,0.000,0.990
822500,0.010,0.000,0.990
823000,0.010,0.000,0.990
823500,0.010,0.000,0.990
824000,0.010,0.000,0.990
824500,0.010,0.000,0.990
825000,0.010,0.000,0.990
825500,0.010,0.000,0.990
826000,0.010,0.000,0.990
826500,0.010,0.000,0.990
827000,0.010,0.000,0.990
827500,0.010,0.000,0.990
828000,0.010,0.000,0.990
828500,0.010,0.000,0.990
829000,0.010,0.000,0.990
829500,0.010,0.000,0.990
830000,0.010,0.000,0.990
830500,0.010,0.000,0.990
831000,0.010,0.000,0.990
831500,0.010,0.000,0.990
832000,0.010,0.000,0.990
832500,0.010,0.000,0.990
833000,0.010,0.000,0.990
833500,0.010,0.000,0.990
834000,0.010,0.000,0.990
834500,0.010,0.000,0.990
835000,0.010,0.000,0.990
835500,0.010,0.000,0.990
836000,0.010,0.000,0.990
836500,0.010,0.000,0.990
837000,0.010,0.000,0.990
837500,0.010,0.000,0.990
838000,0.010,0.000,0.990
838500,0.010,0.000,0.990
839000,0.010,0.000,0.990
839500,0.010,0.000,0.990
840000,0.010,0.000,0.990
840500,0.010,0.000,0.990
841000,0.010,0.000,0.990
841500,0.010,0.000,0.990
842000,0.010,0.000,0.990
842500,0.010,0.000,0.990
843000,0.010,0.000,0.990
843500,0.010,0.000,0.990
844000,0.010,0.000,0.990
844500,0.010,0.000,0.990
845000,0.010,0.000,0.990
845500,0.010,0.000,0.990
846000,0.010,0.000,0.990
846500,0.010,0.000,0.990
847000,0.010,0.000,0.990
847500,0.010,0.000,0.990
848000,0.010,0.000,0.990
848500,0.010,0.000,0.990
849000,0.010,0.000,0.990
849500,0.010,0.000,0.990
850000,0.010,0.000,0.990
850500,0.010,0.000,0.990
851000,0.010,0.000,0.990
851500,0.010,0.000,0.990
852000,0.010,0.000,0.990
852500,0.010,0.000,0.990
853000,0.010,0.000,0.990
853500,0.010,0.000,0.990
854000,0.010,0.000,0.990
854500,0.010,0.000,0.990
855000,0.010,0.000,0.990
855500,0.010,0.000,0.990
856000,0.010,0.000,0.990
856500,0.010,0.000,0.990
857000,0.010,0.000,0.990
857500,0.010,0.000,0.990
858000,0.010,0.000,0.990
858500,0.010,0.000,0.990
859000,0.010,0.000,0.990
859500,0.010,0.000,0.990
860000,0.010,0.000,0.990
860500,0.010,0.000,0.990
861000,0.010,0.000,0.990
861500,0.010,0.000,0.990
862000,0.010,0.000,0.990
862500,0.010,0.000,0.990
863000,0.010,0.000,0.990
863500,0.010,0.000,0.990
864000,0.010,0.000,0.990
864500,0.010,0.000,0.990
865000,0.010,0.000,0.990
865500,0.010,0.000,0.990
866000,0.010,0.000,0.990
866500,0.010,0.000,0.990
867000,0.010,0.000,0.990
867500,0.010,0.000,0.990
868000,0.010,0.000,0.990
868500,0.010,0.000,0.990
869000,0.010,0.000,0.990
869500,0.010,0.000,0.990
870000,0.010,0.000,0.990
870500,0.010,0.000,0.990
871000,0.010,0.000,0.990
871500,0.010,0.000,0.990
872000,0.010,0.000,0.990
872500,0.010,0.000,0.990
873000,0.010,0.000,0.990
873500,0.010,0.000,0.990
874000,0.010,0.000,0.990
874500,0.010,0.000,0.990
875000,0.010,0.000,0.990
875500,0.010,0.000,0.990
876000,0.010,0.000,0.990
876500,0.010,0.000,0.990
877000,0.010,0.000,0.990
877500,0.010,0.000,0.990
878000,0.010,0.000,0.990
878500,0.010,0.000,0.990
879000,0.010,0.000,0.990
879500,0.010,0.000,0.990
880000,0.010,0.000,0.990
880500,0.010,0.000,0.990
881000,0.010,0.000,0.990
881500,0.010,0.000,0.990
882000,0.010,0.000,0.990
882500,0.010,0.000,0.990
883000,0.010,0.000,0.990
883500,0.010,0.000,0.990
884000,0.010,0.000,0.990
884500,0.010,0.000,0.990
885000,0.010,0.000,0.990
885500,0.010,0.000,0.990
886000,0.010,0.000,0.990
886500,0.010,0.000,0.990
887000,0.010,0.000,0.990
887500,0.010,0.000,0.990
888000,0.010,0.000,0.990
888500,0.010,0.000,0.990
889000,0.010,0.000,0.990
889500,0.010,0.000,0.990
890000,0.010,0.000,0.990
890500,0.010,0.000,0.990
891000,0.010,0.000,0.990
891500,0.010,0.000,0.990
892000,0.010,0.000,0.990
892500,0.010,0.000,0.990
893000,0.010,0.000,0.990
893500,0.010,0.000,0.990
894000,0.010,0.000,0.990
894500,0.010,0.000,0.990
895000,0.010,0.000,0.990
895500,0.010,0.000,0.990
896000,0.010,0.000,0.990
896500,0.010,0.000,0.990
897000,0.010,0.000,0.990
897500,0.010,0.000,0.990
898000,0.010,0.000,0.990
898500,0.010,0.000,0.990
899000,0.010,0.000,0.990
899500,0.010,0.000,0.990
900000,0.010,0.000,0.990
900500,0.010,0.000,0.990
901000,0.010,0.000,0.990
901500,0.010,0.000,0.990
902000,0.010,0.000,0.990
902500,0.010,0.000,0.990
903000,0.010,0.000,0.990
903500,0.010,0.000,0.990
904000,0.010,0.000,0.990
904500,0.010,0.000,0.990
905000,0.010,0.000,0.990
905500,0.010,0.000,0.990
906000,0.010,0.000,0.990
906500,0.010,0.000,0.990
907000,0.010,0.000,0.990
907500,0.010,0.000,0.990
908000,0.010,0.000,0.990
908500,0.010,0.000,0.990
909000,0.010,0.000,0.990
909500,0.010,0.000,0.990
910000,0.010,0.000,0.990
910500,0.010,0.000,0.990
911000,0.010,0.000,0.990
911500,0.010,0.000,0.990
912000,0.010,0.000,0.990
912500,0.010,0.000,0.990
913000,0.010,0.000,0.990
913500,0.010,0.000,0.990
914000,0.010,0.000,0.990
914500,0.010,0.000,0.990
915000,0.010,0.000,0.990
915500,0.010,0.000,0.990
916000,0.010,0.000,0.990
916500,0.010,0.000,0.990
917000,0.010,0.000,0.990
917500,0.010,0.000,0.990
918000,0.010,0.000,0.990
918500,0.010,0.000,0.990
919000,0.010,0.000,0.990
919500,0.010,0.000,0.990
920000,0.010,0.000,0.990
920500,0.010,0.000,0.990
921000,0.010,0.000,0.990
921500,0.010,0.000,0.990
922000,0.010,0.000,0.990
922500,0.010,0.000,0.990
923000,0.010,0.000,0.990
923500,0.010,0.000,0.990
924000,0.010,0.000,0.990
924500,0.010,0.000,0.990
925000,0.010,0.000,0.990
925500,0.010,0.000,0.990
926000,0.010,0.000,0.990
926500,0.010,0.000,0.990
927000,0.010,0.000,0.990
927500,0.010,0.000,0.990
928000,0.010,0.000,0.990
928500,0.010,0.000,0.990
929000,0.010,0.000,0.990
929500,0.010,0.000,0.990
930000,0.010,0.000,0.990
930500,0.010,0.000,0.990
931000,0.010,0.000,0.990
931500,0.010,0.000,0.990
932000,0.010,0.000,0.990
932500,0.010,0.000,0.990
933000,0.010,0.000,0.990
933500,0.010,0.000,0.990
934000,0.010,0.000,0.990
934500,0.010,0.000,0.990
935000,0.010,0.000,0.990
935500,0.010,0.000,0.990
936000,0.010,0.000,0.990
936500,0.010,0.000,0.990
937000,0.010,0.000,0.990
937500,0.010,0.000,0.990
938000,0.010,0.000,0.990
938500,0.010,0.000,0.990
939000,0.010,0.000,0.990
939500,0.010,0.000,0.990
940000,0.010,0.000,0.990
940500,0.010,0.000,0.990
941000,0.010,0.000,0.990
941500,0.010,0.000,0.990
942000,0.010,0.000,0.990
942500,0.010,0.000,0.990
943000,0.010,0.000,0.990
943500,0.010,0.000,0.990
944000,0.010,0.000,0.990
944500,0.010,0.000,0.990
945000,0.010,0.000,0.990
945500,0.010,0.000,0.990
946000,0.010,0.000,0.990
946500,0.010,0.000,0.990
947000,0.010,0.000,0.990
947500,0.010,0.000,0.990
948000,0.010,0.000,0.990
948500,0.010,0.000,0.990
949000,0.010,0.000,0.990
949500,0.010,0.000,0.990
950000,0.010,0.000,0.990
950500,0.010,0.000,0.990
951000,0.010,0.000,0.990
951500,0.010,0.000,0.990
952000,0.010,0.000,0.990
952500,0.010,0.000,0.990
953000,0.010,0.000,0.990
953500,0.010,0.000,0.990
954000,0.010,0.000,0.990
954500,0.010,0.000,0.990
955000,0.010,0.000,0.990
955500,0.010,0.000,0.990
956000,0.010,0.000,0.990
956500,0.010,0.000,0.990
957000,0.010,0.000,0.990
957500,0.010,0.000,0.990
958000,0.010,0.000,0.990
958500,0.010,0.000,0.990
959000,0.010,0.000,0.990
959500,0.010,0.000,0.990
960000,0.010,0.000,0.990
960500,0.010,0.000,0.990
961000,0.010,0.000,0.990
961500,0.010,0.000,0.990
962000,0.010,0.000,0.990
962500,0.010,0.000,0.990
963000,0.010,0.000,0.990
963500,0.010,0.000,0.990
964000,0.010,0.000,0.990
964500,0.010,0.000,0.990
965000,0.010,0.000,0.990
965500,0.010,0.000,0.990
966000,0.010,0.000,0.990
966500,0.010,0.000,0.990
967000,0.010,0.000,0.990
967500,0.010,0.000,0.990
968000,0.010,0.000,0.990
968500,0.010,0.000,0.990
969000,0.010,0.000,0.990
969500,0.010,0.000,0.990
970000,0.010,0.000,0.990
970500,0.010,0.000,0.990
971000,0.010,0.000,0.990
971500,0.010,0.000,0.990
972000,0.010,0.000,0.990
972500,0.010,0.000,0.990
973000,0.010,0.000,0.990
973500,0.010,0.000,0.990
974000,0.010,0.000,0.990
974500,0.010,0.000,0.990
975000,0.010,0.000,0.990
975500,0.010,0.000,0.990
976000,0.010,0.000,0.990
976500,0.010,0.000,0.990
977000,0.010,0.000,0.990
977500,0.010,0.000,0.990
978000,0.010,0.000,0.990
978500,0.010,0.000,0.990
979000,0.010,0.000,0.990
979500,0.010,0.000,0.990
980000,0.010,0.000,0.990
980500,0.010,0.000,0.990
981000,0.010,0.000,0.990
981500,0.010,0.000,0.990
982000,0.010,0.000,0.990
982500,0.010,0.000,0.990
983000,0.010,0.000,0.990
983500,0.010,0.000,0.990
984000,0.010,0.000,0.990
984500,0.010,0.000,0.990
985000,0.010,0.000,0.990
985500,0.010,0.000,0.990
986000,0.010,0.000,0.990
986500,0.010,0.000,0.990
987000,0.010,0.000,0.990
987500,0.010,0.000,0.990
988000,0.010,0.000,0.990
988500,0.010,0.000,0.990
989000,0.010,0.000,0.990
989500,0.010,0.000,0.990
990000,0.010,0.000,0.990
990500,0.010,0.000,0.990
991000,0.010,0.000,0.990
991500,0.010,0.000,0.990
992000,0.010,0.000,0.990
992500,0.010,0.000,0.990
993000,0.010,0.000,0.990
993500,0.010,0.000,0.990
994000,0.010,0.000,0.990
994500,0.010,0.000,0.990
995000,0.010,0.000,0.990
995500,0.010,0.000,0.990
996000,0.010,0.000,0.990
996500,0.010,0.000,0.990
997000,0.010,0.000,0.990
997500,0.010,0.000,0.990
998000,0.010,0.000,0.990
998500,0.010,0.000,0.990
999000,0.010,0.000,0.990
999500,0.010,0.000,0.990
1000000,0.010,0.000,0.990
