time,n_A+p,n_B,n_AB
100,0.030,0.964,0.006
200,0.030,0.957,0.013
300,0.032,0.950,0.018
400,0.034,0.944,0.022
500,0.034,0.935,0.032
600,0.034,0.930,0.037
700,0.034,0.923,0.043
800,0.034,0.915,0.051
900,0.040,0.898,0.062
1000,0.041,0.888,0.072
1100,0.046,0.880,0.074
1200,0.042,0.871,0.087
1300,0.048,0.859,0.093
1400,0.047,0.852,0.101
1500,0.046,0.832,0.122
1600,0.045,0.827,0.128
1700,0.047,0.823,0.130
1800,0.044,0.812,0.144
1900,0.047,0.803,0.150
2000,0.064,0.777,0.158
2100,0.062,0.774,0.163
2200,0.057,0.766,0.177
2300,0.065,0.754,0.181
2400,0.064,0.754,0.182
2500,0.074,0.747,0.180
2600,0.083,0.740,0.178
2700,0.086,0.727,0.187
2800,0.083,0.735,0.182
2900,0.081,0.726,0.193
3000,0.075,0.725,0.200
3100,0.069,0.717,0.213
3200,0.056,0.721,0.223
3300,0.064,0.695,0.241
3400,0.059,0.688,0.252
3500,0.058,0.680,0.261
3600,0.065,0.679,0.255
3700,0.066,0.677,0.256
3800,0.074,0.673,0.253
3900,0.088,0.657,0.255
4000,0.095,0.658,0.247
4100,0.090,0.657,0.253
4200,0.084,0.658,0.258
4300,0.074,0.639,0.287
4400,0.079,0.635,0.286
4500,0.075,0.627,0.298
4600,0.072,0.628,0.300
4700,0.070,0.609,0.321
4800,0.078,0.589,0.333
4900,0.090,0.591,0.319
5000,0.089,0.591,0.320
5100,0.080,0.585,0.335
5200,0.075,0.597,0.329
5300,0.077,0.598,0.326
5400,0.079,0.592,0.329
5500,0.080,0.580,0.340
5600,0.075,0.574,0.351
5700,0.086,0.565,0.349
5800,0.091,0.564,0.345
5900,0.089,0.559,0.352
6000,0.086,0.567,0.347
6100,0.091,0.555,0.354
6200,0.095,0.543,0.362
6300,0.103,0.544,0.352
6400,0.091,0.540,0.369
6500,0.087,0.530,0.383
6600,0.088,0.527,0.385
6700,0.093,0.514,0.393
6800,0.095,0.515,0.390
6900,0.102,0.517,0.381
7000,0.096,0.516,0.388
7100,0.107,0.523,0.370
7200,0.112,0.513,0.375
7300,0.111,0.503,0.386
7400,0.118,0.496,0.385
7500,0.124,0.481,0.395
7600,0.120,0.479,0.401
7700,0.121,0.483,0.396
7800,0.127,0.480,0.393
7900,0.115,0.481,0.403
8000,0.117,0.480,0.402
8100,0.115,0.476,0.409
8200,0.123,0.477,0.400
8300,0.120,0.481,0.399
8400,0.118,0.474,0.408
8500,0.117,0.487,0.395
8600,0.116,0.484,0.399
8700,0.136,0.480,0.384
8800,0.127,0.485,0.388
8900,0.123,0.486,0.391
9000,0.122,0.484,0.394
9100,0.127,0.486,0.387
9200,0.129,0.487,0.384
9300,0.130,0.482,0.388
9400,0.133,0.484,0.383
9500,0.141,0.482,0.377
9600,0.136,0.477,0.387
9700,0.142,0.466,0.392
9800,0.145,0.456,0.399
9900,0.152,0.462,0.386
10000,0.150,0.456,0.394
10100,0.156,0.468,0.376
10200,0.161,0.464,0.375
10300,0.158,0.462,0.380
10400,0.157,0.456,0.387
10500,0.156,0.460,0.384
10600,0.166,0.451,0.382
10700,0.160,0.456,0.384
10800,0.149,0.455,0.396
10900,0.153,0.454,0.393
11000,0.158,0.445,0.396
11100,0.156,0.445,0.398
11200,0.148,0.443,0.409
11300,0.148,0.441,0.411
11400,0.137,0.439,0.424
11500,0.138,0.433,0.429
11600,0.142,0.431,0.427
11700,0.148,0.437,0.415
11800,0.149,0.438,0.413
11900,0.151,0.432,0.417
12000,0.172,0.429,0.399
12100,0.172,0.423,0.406
12200,0.165,0.422,0.413
12300,0.174,0.424,0.402
12400,0.162,0.425,0.413
12500,0.162,0.426,0.412
12600,0.168,0.421,0.412
12700,0.165,0.418,0.417
12800,0.172,0.409,0.420
12900,0.168,0.408,0.425
13000,0.150,0.398,0.451
13100,0.151,0.414,0.435
13200,0.141,0.426,0.433
13300,0.133,0.421,0.446
13400,0.156,0.416,0.428
13500,0.148,0.414,0.438
13600,0.150,0.411,0.439
13700,0.143,0.416,0.441
13800,0.145,0.423,0.432
13900,0.140,0.414,0.446
14000,0.135,0.404,0.461
14100,0.150,0.403,0.446
14200,0.141,0.404,0.455
14300,0.151,0.404,0.444
14400,0.145,0.400,0.455
14500,0.144,0.397,0.459
14600,0.148,0.391,0.461
14700,0.136,0.392,0.472
14800,0.133,0.393,0.474
14900,0.125,0.390,0.485
15000,0.140,0.391,0.469
15100,0.144,0.393,0.463
15200,0.145,0.385,0.470
15300,0.158,0.394,0.447
15400,0.148,0.401,0.450
15500,0.142,0.406,0.453
15600,0.153,0.388,0.459
15700,0.156,0.380,0.464
15800,0.155,0.373,0.472
15900,0.169,0.367,0.465
16000,0.165,0.365,0.470
16100,0.164,0.365,0.471
16200,0.159,0.367,0.474
16300,0.148,0.377,0.475
16400,0.145,0.373,0.482
16500,0.146,0.376,0.478
16600,0.149,0.364,0.487
16700,0.147,0.366,0.487
16800,0.147,0.372,0.481
16900,0.143,0.364,0.493
17000,0.145,0.361,0.494
17100,0.149,0.361,0.490
17200,0.154,0.358,0.488
17300,0.166,0.354,0.479
17400,0.159,0.348,0.492
17500,0.168,0.348,0.484
17600,0.161,0.360,0.479
17700,0.157,0.364,0.479
17800,0.157,0.365,0.478
17900,0.162,0.362,0.476
18000,0.160,0.344,0.495
18100,0.160,0.352,0.487
18200,0.152,0.381,0.467
18300,0.181,0.358,0.462
18400,0.172,0.356,0.472
18500,0.162,0.354,0.483
18600,0.174,0.362,0.465
18700,0.176,0.346,0.478
18800,0.174,0.349,0.477
18900,0.172,0.353,0.475
19000,0.161,0.349,0.489
19100,0.157,0.364,0.479
19200,0.161,0.354,0.484
19300,0.163,0.353,0.483
19400,0.173,0.348,0.479
19500,0.177,0.349,0.474
19600,0.177,0.365,0.459
19700,0.179,0.354,0.467
19800,0.180,0.352,0.468
19900,0.176,0.340,0.484
20000,0.177,0.346,0.477
20100,0.186,0.339,0.475
20200,0.199,0.339,0.462
20300,0.209,0.330,0.461
20400,0.204,0.338,0.458
20500,0.205,0.331,0.464
20600,0.221,0.334,0.445
20700,0.230,0.325,0.445
20800,0.233,0.316,0.451
20900,0.226,0.315,0.460
21000,0.223,0.309,0.468
21100,0.229,0.314,0.458
21200,0.240,0.313,0.447
21300,0.236,0.309,0.455
21400,0.234,0.316,0.450
21500,0.235,0.315,0.450
21600,0.228,0.308,0.464
21700,0.222,0.307,0.471
21800,0.221,0.299,0.480
21900,0.229,0.301,0.470
22000,0.233,0.294,0.473
22100,0.219,0.294,0.487
22200,0.209,0.296,0.494
22300,0.201,0.291,0.508
22400,0.206,0.291,0.503
22500,0.215,0.293,0.492
22600,0.209,0.299,0.491
22700,0.200,0.306,0.493
22800,0.199,0.305,0.495
22900,0.197,0.308,0.494
23000,0.192,0.305,0.503
23100,0.187,0.307,0.506
23200,0.190,0.302,0.508
23300,0.189,0.303,0.508
23400,0.204,0.312,0.484
23500,0.207,0.313,0.480
23600,0.211,0.306,0.482
23700,0.199,0.311,0.490
23800,0.194,0.319,0.487
23900,0.189,0.309,0.502
24000,0.176,0.315,0.510
24100,0.166,0.322,0.512
24200,0.170,0.322,0.509
24300,0.175,0.316,0.510
24400,0.182,0.316,0.503
24500,0.187,0.316,0.497
24600,0.185,0.336,0.479
24700,0.178,0.335,0.487
24800,0.184,0.335,0.481
24900,0.183,0.330,0.487
25000,0.168,0.344,0.488
25100,0.166,0.344,0.489
25200,0.170,0.342,0.488
25300,0.166,0.341,0.492
25400,0.157,0.340,0.503
25500,0.144,0.350,0.506
25600,0.147,0.348,0.505
25700,0.143,0.345,0.512
25800,0.153,0.343,0.504
25900,0.157,0.353,0.489
26000,0.156,0.350,0.493
26100,0.146,0.351,0.503
26200,0.156,0.353,0.490
26300,0.168,0.355,0.477
26400,0.163,0.351,0.485
26500,0.154,0.356,0.489
26600,0.151,0.353,0.495
26700,0.142,0.346,0.512
26800,0.145,0.344,0.511
26900,0.144,0.343,0.513
27000,0.150,0.348,0.502
27100,0.155,0.343,0.502
27200,0.149,0.339,0.512
27300,0.155,0.344,0.501
27400,0.154,0.339,0.507
27500,0.153,0.331,0.516
27600,0.147,0.324,0.529
27700,0.152,0.322,0.526
27800,0.146,0.327,0.527
27900,0.158,0.329,0.513
28000,0.162,0.329,0.509
28100,0.157,0.333,0.510
28200,0.164,0.321,0.515
28300,0.163,0.313,0.524
28400,0.156,0.308,0.535
28500,0.170,0.296,0.534
28600,0.175,0.299,0.526
28700,0.166,0.299,0.534
28800,0.154,0.305,0.540
28900,0.162,0.302,0.535
29000,0.153,0.313,0.534
29100,0.164,0.320,0.516
29200,0.166,0.313,0.521
29300,0.160,0.312,0.528
29400,0.163,0.314,0.523
29500,0.176,0.324,0.501
29600,0.171,0.320,0.510
29700,0.168,0.321,0.512
29800,0.178,0.322,0.501
29900,0.174,0.318,0.509
30000,0.177,0.332,0.491
30100,0.180,0.327,0.493
30200,0.176,0.322,0.503
30300,0.174,0.330,0.496
30400,0.173,0.321,0.507
30500,0.163,0.319,0.518
30600,0.163,0.322,0.515
30700,0.163,0.317,0.520
30800,0.172,0.320,0.509
30900,0.191,0.319,0.490
31000,0.189,0.319,0.492
31100,0.197,0.323,0.480
31200,0.197,0.319,0.484
31300,0.195,0.315,0.490
31400,0.184,0.337,0.479
31500,0.184,0.329,0.487
31600,0.182,0.339,0.479
31700,0.172,0.337,0.491
31800,0.176,0.328,0.496
31900,0.174,0.336,0.490
32000,0.178,0.335,0.487
32100,0.176,0.324,0.501
32200,0.181,0.326,0.493
32300,0.194,0.321,0.485
32400,0.195,0.322,0.483
32500,0.181,0.323,0.496
32600,0.174,0.333,0.493
32700,0.174,0.333,0.493
32800,0.173,0.342,0.485
32900,0.180,0.335,0.485
33000,0.181,0.340,0.479
33100,0.182,0.341,0.477
33200,0.200,0.332,0.468
33300,0.199,0.323,0.478
33400,0.199,0.323,0.478
33500,0.189,0.324,0.487
33600,0.181,0.325,0.494
33700,0.179,0.319,0.503
33800,0.184,0.316,0.501
33900,0.188,0.322,0.490
34000,0.187,0.335,0.478
34100,0.181,0.329,0.490
34200,0.182,0.339,0.479
34300,0.186,0.337,0.477
34400,0.179,0.337,0.484
34500,0.174,0.335,0.491
34600,0.174,0.335,0.491
34700,0.173,0.338,0.489
34800,0.170,0.336,0.494
34900,0.172,0.330,0.498
35000,0.173,0.336,0.491
35100,0.171,0.327,0.503
35200,0.155,0.324,0.521
35300,0.164,0.326,0.510
35400,0.170,0.327,0.504
35500,0.171,0.327,0.503
35600,0.161,0.326,0.513
35700,0.164,0.328,0.508
35800,0.166,0.322,0.512
35900,0.166,0.316,0.518
36000,0.169,0.313,0.519
36100,0.164,0.304,0.531
36200,0.169,0.297,0.534
36300,0.181,0.292,0.527
36400,0.182,0.288,0.530
36500,0.188,0.289,0.523
36600,0.184,0.299,0.517
36700,0.174,0.301,0.525
36800,0.179,0.298,0.523
36900,0.183,0.296,0.521
37000,0.184,0.303,0.513
37100,0.184,0.299,0.517
37200,0.186,0.306,0.508
37300,0.179,0.311,0.511
37400,0.177,0.307,0.516
37500,0.191,0.308,0.501
37600,0.200,0.298,0.502
37700,0.202,0.296,0.502
37800,0.216,0.287,0.497
37900,0.208,0.289,0.503
38000,0.206,0.292,0.502
38100,0.204,0.296,0.499
38200,0.197,0.295,0.508
38300,0.193,0.295,0.512
38400,0.196,0.291,0.513
38500,0.204,0.289,0.507
38600,0.208,0.287,0.505
38700,0.215,0.280,0.506
38800,0.217,0.290,0.493
38900,0.216,0.287,0.497
39000,0.216,0.288,0.496
39100,0.205,0.288,0.507
39200,0.191,0.282,0.527
39300,0.194,0.307,0.498
39400,0.192,0.309,0.498
39500,0.193,0.313,0.494
39600,0.188,0.318,0.494
39700,0.179,0.313,0.509
39800,0.183,0.300,0.517
39900,0.183,0.307,0.510
40000,0.182,0.315,0.504
40100,0.193,0.320,0.487
40200,0.192,0.309,0.498
40300,0.188,0.315,0.497
40400,0.185,0.305,0.510
40500,0.189,0.306,0.505
40600,0.182,0.297,0.521
40700,0.177,0.293,0.530
40800,0.172,0.298,0.530
40900,0.173,0.300,0.527
41000,0.177,0.293,0.530
41100,0.187,0.283,0.530
41200,0.184,0.296,0.520
41300,0.194,0.278,0.528
41400,0.187,0.284,0.529
41500,0.191,0.294,0.515
41600,0.187,0.294,0.519
41700,0.189,0.289,0.522
41800,0.183,0.288,0.529
41900,0.174,0.288,0.538
42000,0.192,0.287,0.521
42100,0.190,0.273,0.537
42200,0.204,0.276,0.520
42300,0.199,0.268,0.533
42400,0.204,0.259,0.536
42500,0.195,0.256,0.549
42600,0.192,0.256,0.552
42700,0.188,0.286,0.526
42800,0.186,0.282,0.532
42900,0.189,0.285,0.526
43000,0.189,0.286,0.525
43100,0.185,0.285,0.530
43200,0.182,0.283,0.535
43300,0.188,0.284,0.528
43400,0.194,0.282,0.524
43500,0.196,0.285,0.519
43600,0.183,0.293,0.524
43700,0.191,0.282,0.527
43800,0.196,0.280,0.524
43900,0.192,0.281,0.527
44000,0.183,0.278,0.539
44100,0.174,0.286,0.540
44200,0.177,0.286,0.537
44300,0.186,0.283,0.531
44400,0.174,0.292,0.534
44500,0.179,0.293,0.528
44600,0.169,0.300,0.531
44700,0.164,0.300,0.535
44800,0.160,0.300,0.539
44900,0.161,0.300,0.538
45000,0.163,0.307,0.529
45100,0.162,0.305,0.532
45200,0.187,0.301,0.512
45300,0.168,0.297,0.535
45400,0.166,0.301,0.532
45500,0.170,0.292,0.538
45600,0.171,0.295,0.534
45700,0.168,0.294,0.538
45800,0.162,0.292,0.545
45900,0.164,0.286,0.550
46000,0.155,0.298,0.546
46100,0.144,0.302,0.554
46200,0.141,0.296,0.563
46300,0.143,0.286,0.571
46400,0.146,0.285,0.569
46500,0.164,0.285,0.551
46600,0.169,0.286,0.545
46700,0.161,0.291,0.547
46800,0.161,0.301,0.537
46900,0.173,0.295,0.532
47000,0.171,0.309,0.520
47100,0.174,0.313,0.514
47200,0.172,0.308,0.520
47300,0.169,0.297,0.534
47400,0.183,0.292,0.525
47500,0.171,0.290,0.539
47600,0.162,0.301,0.536
47700,0.173,0.296,0.531
47800,0.164,0.298,0.537
47900,0.191,0.289,0.520
48000,0.188,0.285,0.527
48100,0.189,0.278,0.533
48200,0.193,0.279,0.528
48300,0.208,0.278,0.514
48400,0.213,0.272,0.515
48500,0.213,0.274,0.513
48600,0.215,0.275,0.511
48700,0.210,0.273,0.517
48800,0.206,0.269,0.525
48900,0.205,0.276,0.519
49000,0.203,0.270,0.527
49100,0.187,0.272,0.541
49200,0.182,0.275,0.543
49300,0.182,0.277,0.541
49400,0.184,0.272,0.544
49500,0.183,0.278,0.539
49600,0.184,0.276,0.540
49700,0.184,0.279,0.537
49800,0.181,0.265,0.555
49900,0.182,0.265,0.554
50000,0.180,0.281,0.539
50100,0.174,0.273,0.554
50200,0.171,0.268,0.562
50300,0.165,0.257,0.577
50400,0.164,0.260,0.575
50500,0.177,0.266,0.558
50600,0.156,0.278,0.566
50700,0.169,0.281,0.551
50800,0.168,0.270,0.563
50900,0.165,0.272,0.563
51000,0.171,0.267,0.563
51100,0.168,0.284,0.549
51200,0.176,0.274,0.551
51300,0.179,0.278,0.543
51400,0.182,0.271,0.547
51500,0.195,0.278,0.527
51600,0.201,0.273,0.526
51700,0.201,0.260,0.538
51800,0.201,0.260,0.538
51900,0.192,0.264,0.544
52000,0.182,0.261,0.557
52100,0.178,0.265,0.558
52200,0.182,0.271,0.547
52300,0.183,0.280,0.537
52400,0.193,0.271,0.536
52500,0.199,0.266,0.535
52600,0.209,0.267,0.524
52700,0.206,0.267,0.527
52800,0.217,0.265,0.519
52900,0.245,0.267,0.488
53000,0.240,0.261,0.498
53100,0.241,0.263,0.496
53200,0.239,0.261,0.499
53300,0.237,0.271,0.492
53400,0.227,0.269,0.505
53500,0.224,0.273,0.504
53600,0.222,0.270,0.509
53700,0.219,0.278,0.504
53800,0.219,0.275,0.507
53900,0.225,0.266,0.510
54000,0.223,0.256,0.521
54100,0.219,0.246,0.535
54200,0.219,0.255,0.526
54300,0.218,0.252,0.530
54400,0.215,0.254,0.531
54500,0.208,0.248,0.543
54600,0.207,0.260,0.532
54700,0.203,0.264,0.533
54800,0.206,0.260,0.533
54900,0.203,0.254,0.542
55000,0.206,0.266,0.528
55100,0.200,0.253,0.546
55200,0.201,0.246,0.553
55300,0.194,0.242,0.564
55400,0.192,0.244,0.564
55500,0.196,0.244,0.560
55600,0.216,0.240,0.544
55700,0.205,0.241,0.554
55800,0.194,0.231,0.575
55900,0.202,0.240,0.558
56000,0.197,0.242,0.561
56100,0.188,0.243,0.569
56200,0.189,0.249,0.562
56300,0.198,0.252,0.550
56400,0.197,0.242,0.561
56500,0.206,0.243,0.551
56600,0.212,0.247,0.540
56700,0.209,0.263,0.528
56800,0.201,0.271,0.528
56900,0.199,0.270,0.531
57000,0.205,0.270,0.525
57100,0.192,0.265,0.543
57200,0.202,0.259,0.538
57300,0.213,0.251,0.535
57400,0.206,0.242,0.552
57500,0.215,0.244,0.541
57600,0.206,0.247,0.546
57700,0.210,0.266,0.524
57800,0.208,0.261,0.530
57900,0.210,0.270,0.520
58000,0.209,0.269,0.522
58100,0.216,0.265,0.520
58200,0.216,0.264,0.521
58300,0.212,0.270,0.518
58400,0.206,0.263,0.531
58500,0.233,0.260,0.507
58600,0.236,0.249,0.515
58700,0.241,0.246,0.513
58800,0.237,0.244,0.519
58900,0.234,0.241,0.525
59000,0.235,0.241,0.524
59100,0.242,0.242,0.516
59200,0.243,0.242,0.515
59300,0.251,0.240,0.509
59400,0.266,0.234,0.501
59500,0.281,0.229,0.490
59600,0.282,0.225,0.493
59700,0.287,0.230,0.483
59800,0.273,0.232,0.495
59900,0.274,0.233,0.493
60000,0.271,0.232,0.497
60100,0.272,0.225,0.504
60200,0.268,0.229,0.504
60300,0.270,0.225,0.506
60400,0.270,0.229,0.502
60500,0.268,0.229,0.504
60600,0.268,0.232,0.501
60700,0.272,0.234,0.494
60800,0.270,0.235,0.495
60900,0.270,0.234,0.496
61000,0.267,0.235,0.498
61100,0.260,0.228,0.512
61200,0.263,0.228,0.510
61300,0.272,0.224,0.505
61400,0.279,0.220,0.502
61500,0.278,0.226,0.496
61600,0.269,0.218,0.514
61700,0.255,0.212,0.532
61800,0.257,0.213,0.529
61900,0.269,0.217,0.515
62000,0.252,0.212,0.535
62100,0.246,0.213,0.540
62200,0.258,0.211,0.530
62300,0.252,0.216,0.532
62400,0.239,0.237,0.524
62500,0.236,0.232,0.532
62600,0.232,0.232,0.536
62700,0.227,0.246,0.527
62800,0.221,0.246,0.533
62900,0.221,0.254,0.525
63000,0.229,0.243,0.528
63100,0.230,0.242,0.528
63200,0.236,0.239,0.525
63300,0.237,0.239,0.524
63400,0.238,0.244,0.518
63500,0.230,0.240,0.530
63600,0.234,0.238,0.528
63700,0.227,0.233,0.540
63800,0.218,0.229,0.554
63900,0.233,0.223,0.544
64000,0.236,0.228,0.536
64100,0.240,0.232,0.528
64200,0.239,0.238,0.523
64300,0.243,0.238,0.519
64400,0.233,0.238,0.529
64500,0.246,0.231,0.523
64600,0.234,0.226,0.540
64700,0.240,0.222,0.538
64800,0.236,0.228,0.536
64900,0.229,0.225,0.546
65000,0.229,0.228,0.543
65100,0.229,0.229,0.542
65200,0.231,0.227,0.542
65300,0.241,0.224,0.535
65400,0.238,0.240,0.522
65500,0.233,0.243,0.524
65600,0.230,0.240,0.530
65700,0.232,0.234,0.534
65800,0.219,0.242,0.539
65900,0.219,0.257,0.524
66000,0.207,0.254,0.538
66100,0.210,0.247,0.542
66200,0.216,0.241,0.543
66300,0.229,0.239,0.532
66400,0.233,0.239,0.528
66500,0.239,0.240,0.521
66600,0.255,0.237,0.508
66700,0.242,0.243,0.515
66800,0.233,0.236,0.531
66900,0.225,0.235,0.540
67000,0.229,0.235,0.536
67100,0.227,0.230,0.543
67200,0.216,0.231,0.554
67300,0.215,0.236,0.550
67400,0.216,0.230,0.555
67500,0.223,0.240,0.537
67600,0.205,0.241,0.554
67700,0.205,0.247,0.547
67800,0.215,0.250,0.535
67900,0.216,0.247,0.537
68000,0.223,0.249,0.528
68100,0.218,0.247,0.535
68200,0.224,0.240,0.536
68300,0.221,0.240,0.539
68400,0.212,0.247,0.540
68500,0.201,0.245,0.554
68600,0.200,0.247,0.553
68700,0.205,0.247,0.547
68800,0.195,0.243,0.562
68900,0.190,0.244,0.566
69000,0.186,0.247,0.567
69100,0.193,0.243,0.564
69200,0.180,0.233,0.587
69300,0.177,0.231,0.592
69400,0.173,0.242,0.585
69500,0.179,0.236,0.585
69600,0.181,0.239,0.580
69700,0.179,0.240,0.581
69800,0.176,0.240,0.584
69900,0.175,0.237,0.588
70000,0.181,0.240,0.579
70100,0.191,0.240,0.569
70200,0.197,0.237,0.566
70300,0.205,0.237,0.558
70400,0.206,0.239,0.555
70500,0.217,0.230,0.554
70600,0.213,0.233,0.554
70700,0.207,0.234,0.559
70800,0.206,0.237,0.557
70900,0.204,0.246,0.550
71000,0.204,0.243,0.553
71100,0.201,0.251,0.547
71200,0.201,0.250,0.549
71300,0.197,0.250,0.553
71400,0.202,0.255,0.542
71500,0.211,0.244,0.544
71600,0.215,0.235,0.551
71700,0.208,0.231,0.561
71800,0.212,0.230,0.558
71900,0.206,0.236,0.558
72000,0.208,0.227,0.565
72100,0.209,0.232,0.559
72200,0.208,0.232,0.560
72300,0.209,0.229,0.562
72400,0.212,0.228,0.560
72500,0.207,0.228,0.565
72600,0.206,0.228,0.566
72700,0.201,0.225,0.574
72800,0.201,0.237,0.562
72900,0.193,0.233,0.574
73000,0.186,0.235,0.579
73100,0.181,0.244,0.575
73200,0.178,0.252,0.570
73300,0.170,0.248,0.582
73400,0.166,0.252,0.581
73500,0.166,0.259,0.574
73600,0.168,0.252,0.580
73700,0.181,0.254,0.565
73800,0.178,0.247,0.575
73900,0.197,0.260,0.542
74000,0.198,0.253,0.549
74100,0.199,0.248,0.553
74200,0.204,0.244,0.552
74300,0.213,0.243,0.543
74400,0.218,0.243,0.539
74500,0.213,0.243,0.543
74600,0.213,0.252,0.534
74700,0.211,0.247,0.541
74800,0.220,0.249,0.531
74900,0.218,0.238,0.544
75000,0.221,0.239,0.540
75100,0.222,0.239,0.539
75200,0.213,0.243,0.543
75300,0.216,0.251,0.533
75400,0.205,0.251,0.543
75500,0.202,0.242,0.556
75600,0.208,0.236,0.556
75700,0.205,0.232,0.563
75800,0.197,0.242,0.561
75900,0.188,0.241,0.571
76000,0.205,0.233,0.562
76100,0.203,0.244,0.553
76200,0.199,0.243,0.558
76300,0.192,0.240,0.568
76400,0.198,0.234,0.568
76500,0.189,0.231,0.580
76600,0.195,0.229,0.576
76700,0.181,0.235,0.584
76800,0.190,0.233,0.577
76900,0.183,0.231,0.586
77000,0.186,0.229,0.585
77100,0.186,0.229,0.585
77200,0.186,0.236,0.578
77300,0.184,0.241,0.575
77400,0.182,0.239,0.579
77500,0.176,0.231,0.593
77600,0.176,0.235,0.589
77700,0.185,0.237,0.578
77800,0.192,0.246,0.562
77900,0.193,0.256,0.551
78000,0.187,0.246,0.567
78100,0.191,0.237,0.572
78200,0.195,0.237,0.568
78300,0.194,0.237,0.569
78400,0.191,0.236,0.573
78500,0.190,0.234,0.576
78600,0.186,0.234,0.580
78700,0.196,0.234,0.570
78800,0.194,0.235,0.571
78900,0.197,0.234,0.569
79000,0.203,0.221,0.576
79100,0.198,0.224,0.578
79200,0.204,0.220,0.576
79300,0.202,0.225,0.573
79400,0.201,0.228,0.571
79500,0.197,0.231,0.572
79600,0.196,0.223,0.581
79700,0.194,0.220,0.586
79800,0.194,0.217,0.589
79900,0.195,0.217,0.588
80000,0.196,0.219,0.585
80100,0.198,0.221,0.581
80200,0.204,0.218,0.578
80300,0.209,0.224,0.567
80400,0.211,0.226,0.563
80500,0.211,0.226,0.563
80600,0.208,0.225,0.567
80700,0.204,0.226,0.570
80800,0.202,0.225,0.573
80900,0.195,0.235,0.570
81000,0.193,0.238,0.569
81100,0.203,0.245,0.552
81200,0.212,0.233,0.555
81300,0.215,0.232,0.554
81400,0.218,0.231,0.552
81500,0.212,0.234,0.554
81600,0.210,0.222,0.568
81700,0.212,0.235,0.553
81800,0.218,0.234,0.549
81900,0.212,0.232,0.556
82000,0.209,0.241,0.550
82100,0.209,0.251,0.539
82200,0.217,0.244,0.539
82300,0.219,0.238,0.543
82400,0.212,0.240,0.547
82500,0.222,0.233,0.545
82600,0.207,0.234,0.559
82700,0.199,0.249,0.552
82800,0.204,0.241,0.555
82900,0.208,0.239,0.553
83000,0.202,0.248,0.550
83100,0.201,0.254,0.544
83200,0.206,0.249,0.544
83300,0.204,0.247,0.549
83400,0.207,0.245,0.547
83500,0.203,0.241,0.556
83600,0.201,0.243,0.556
83700,0.205,0.243,0.552
83800,0.210,0.243,0.546
83900,0.207,0.245,0.547
84000,0.201,0.247,0.552
84100,0.193,0.243,0.564
84200,0.194,0.246,0.560
84300,0.181,0.247,0.572
84400,0.175,0.248,0.577
84500,0.183,0.253,0.564
84600,0.193,0.268,0.539
84700,0.196,0.260,0.543
84800,0.197,0.264,0.539
84900,0.192,0.256,0.552
85000,0.200,0.254,0.545
85100,0.201,0.246,0.553
85200,0.193,0.259,0.547
85300,0.188,0.252,0.560
85400,0.196,0.261,0.542
85500,0.187,0.258,0.555
85600,0.201,0.260,0.538
85700,0.198,0.259,0.542
85800,0.188,0.260,0.552
85900,0.192,0.257,0.551
86000,0.192,0.269,0.539
86100,0.187,0.270,0.543
86200,0.178,0.272,0.551
86300,0.180,0.269,0.552
86400,0.183,0.268,0.550
86500,0.208,0.265,0.527
86600,0.212,0.266,0.522
86700,0.205,0.257,0.537
86800,0.205,0.259,0.535
86900,0.206,0.256,0.537
87000,0.208,0.259,0.532
87100,0.209,0.261,0.529
87200,0.208,0.258,0.533
87300,0.210,0.251,0.538
87400,0.223,0.245,0.532
87500,0.220,0.244,0.536
87600,0.227,0.249,0.524
87700,0.229,0.241,0.530
87800,0.219,0.243,0.538
87900,0.223,0.243,0.534
88000,0.216,0.245,0.539
88100,0.206,0.248,0.545
88200,0.203,0.245,0.552
88300,0.196,0.236,0.568
88400,0.199,0.235,0.566
88500,0.197,0.234,0.569
88600,0.193,0.231,0.576
88700,0.191,0.233,0.576
88800,0.195,0.230,0.575
88900,0.195,0.231,0.574
89000,0.190,0.241,0.569
89100,0.202,0.241,0.557
89200,0.194,0.244,0.562
89300,0.190,0.263,0.547
89400,0.190,0.259,0.551
89500,0.188,0.264,0.549
89600,0.184,0.264,0.553
89700,0.188,0.273,0.539
89800,0.185,0.267,0.549
89900,0.186,0.274,0.540
90000,0.192,0.266,0.542
90100,0.191,0.268,0.541
90200,0.190,0.258,0.552
90300,0.189,0.258,0.553
90400,0.198,0.244,0.558
90500,0.192,0.249,0.559
90600,0.185,0.256,0.559
90700,0.194,0.242,0.564
90800,0.187,0.238,0.575
90900,0.177,0.246,0.577
91000,0.178,0.241,0.581
91100,0.181,0.231,0.588
91200,0.186,0.227,0.587
91300,0.183,0.242,0.575
91400,0.175,0.236,0.589
91500,0.180,0.233,0.587
91600,0.183,0.233,0.584
91700,0.176,0.242,0.582
91800,0.168,0.250,0.582
91900,0.177,0.268,0.556
92000,0.188,0.258,0.554
92100,0.181,0.252,0.567
92200,0.177,0.234,0.589
92300,0.184,0.230,0.586
92400,0.178,0.224,0.599
92500,0.182,0.243,0.575
92600,0.179,0.252,0.569
92700,0.174,0.249,0.577
92800,0.171,0.249,0.580
92900,0.178,0.247,0.575
93000,0.177,0.239,0.584
93100,0.185,0.232,0.583
93200,0.187,0.234,0.579
93300,0.180,0.249,0.571
93400,0.177,0.250,0.573
93500,0.179,0.245,0.576
93600,0.180,0.239,0.581
93700,0.184,0.239,0.577
93800,0.180,0.242,0.578
93900,0.173,0.238,0.589
94000,0.173,0.234,0.593
94100,0.169,0.251,0.580
94200,0.168,0.243,0.589
94300,0.180,0.248,0.572
94400,0.171,0.257,0.572
94500,0.177,0.259,0.564
94600,0.175,0.260,0.565
94700,0.173,0.260,0.567
94800,0.168,0.264,0.569
94900,0.175,0.255,0.570
95000,0.182,0.255,0.563
95100,0.199,0.255,0.545
95200,0.196,0.251,0.553
95300,0.207,0.252,0.540
95400,0.195,0.240,0.565
95500,0.210,0.239,0.551
95600,0.199,0.233,0.568
95700,0.201,0.228,0.571
95800,0.208,0.227,0.565
95900,0.202,0.242,0.556
96000,0.210,0.247,0.542
96100,0.206,0.249,0.544
96200,0.202,0.245,0.553
96300,0.207,0.253,0.539
96400,0.205,0.240,0.555
96500,0.204,0.242,0.554
96600,0.207,0.246,0.546
96700,0.208,0.247,0.544
96800,0.211,0.245,0.543
96900,0.203,0.246,0.551
97000,0.205,0.244,0.551
97100,0.203,0.245,0.552
97200,0.190,0.244,0.566
97300,0.190,0.245,0.565
97400,0.209,0.237,0.554
97500,0.213,0.238,0.549
97600,0.201,0.241,0.558
97700,0.195,0.247,0.558
97800,0.199,0.240,0.561
97900,0.201,0.248,0.551
98000,0.198,0.248,0.554
98100,0.196,0.256,0.547
98200,0.197,0.253,0.550
98300,0.190,0.253,0.557
98400,0.187,0.241,0.572
98500,0.184,0.241,0.575
98600,0.185,0.241,0.574
98700,0.188,0.227,0.585
98800,0.188,0.229,0.583
98900,0.195,0.228,0.577
99000,0.196,0.225,0.579
99100,0.190,0.229,0.581
99200,0.199,0.228,0.573
99300,0.196,0.229,0.575
99400,0.201,0.232,0.567
99500,0.205,0.234,0.561
99600,0.196,0.237,0.567
99700,0.193,0.240,0.567
99800,0.188,0.240,0.572
99900,0.186,0.239,0.575
100000,0.186,0.235,0.579
