time,n_A+p,n_B,n_AB
500,0.050,0.079,0.871
1000,0.091,0.000,0.909
1500,0.144,0.001,0.855
2000,0.111,0.000,0.889
2500,0.170,0.002,0.828
3000,0.179,0.000,0.821
3500,0.146,0.001,0.853
4000,0.169,0.002,0.829
4500,0.129,0.023,0.848
5000,0.113,0.000,0.887
5500,0.119,0.000,0.881
6000,0.104,0.009,0.887
6500,0.092,0.000,0.908
7000,0.090,0.030,0.880
7500,0.076,0.016,0.908
8000,0.139,0.001,0.860
8500,0.098,0.000,0.902
9000,0.116,0.010,0.874
9500,0.080,0.000,0.920
10000,0.092,0.009,0.899
10500,0.116,0.000,0.884
11000,0.180,0.000,0.820
11500,0.074,0.033,0.893
12000,0.145,0.000,0.855
12500,0.101,0.001,0.898
13000,0.161,0.000,0.839
13500,0.105,0.004,0.891
14000,0.095,0.003,0.902
14500,0.101,0.007,0.892
15000,0.123,0.000,0.877
15500,0.118,0.001,0.881
16000,0.173,0.000,0.827
16500,0.135,0.000,0.865
17000,0.128,0.000,0.872
17500,0.077,0.000,0.923
18000,0.079,0.000,0.921
18500,0.171,0.000,0.829
19000,0.162,0.000,0.838
19500,0.092,0.008,0.900
20000,0.100,0.017,0.883
20500,0.120,0.004,0.876
21000,0.163,0.000,0.837
21500,0.172,0.000,0.828
22000,0.126,0.005,0.869
22500,0.126,0.000,0.874
23000,0.094,0.026,0.880
23500,0.184,0.001,0.815
24000,0.204,0.000,0.796
24500,0.193,0.000,0.807
25000,0.115,0.000,0.885
25500,0.098,0.000,0.902
26000,0.120,0.009,0.871
26500,0.097,0.000,0.903
27000,0.130,0.000,0.870
27500,0.115,0.000,0.885
28000,0.056,0.000,0.944
28500,0.117,0.019,0.864
29000,0.146,0.000,0.854
29500,0.120,0.000,0.880
30000,0.098,0.002,0.900
30500,0.141,0.000,0.859
31000,0.104,0.000,0.896
31500,0.107,0.000,0.893
32000,0.093,0.000,0.907
32500,0.140,0.000,0.860
33000,0.172,0.000,0.828
33500,0.106,0.000,0.894
34000,0.228,0.000,0.772
34500,0.117,0.000,0.883
35000,0.157,0.000,0.843
35500,0.161,0.000,0.839
36000,0.204,0.000,0.796
36500,0.078,0.004,0.918
37000,0.093,0.003,0.904
37500,0.156,0.000,0.844
38000,0.140,0.019,0.841
38500,0.108,0.009,0.883
39000,0.134,0.008,0.858
39500,0.102,0.001,0.897
40000,0.147,0.000,0.853
40500,0.157,0.000,0.843
41000,0.117,0.000,0.883
41500,0.146,0.000,0.854
42000,0.132,0.000,0.868
42500,0.075,0.000,0.925
43000,0.091,0.000,0.909
43500,0.090,0.003,0.907
44000,0.139,0.000,0.861
44500,0.083,0.000,0.917
45000,0.113,0.000,0.887
45500,0.208,0.001,0.791
46000,0.107,0.000,0.893
46500,0.097,0.000,0.903
47000,0.138,0.000,0.862
47500,0.249,0.000,0.751
48000,0.108,0.000,0.892
48500,0.096,0.023,0.881
49000,0.082,0.000,0.918
49500,0.090,0.000,0.910
50000,0.133,0.002,0.865
50500,0.199,0.000,0.801
51000,0.094,0.010,0.896
51500,0.095,0.003,0.902
52000,0.119,0.019,0.862
52500,0.138,0.000,0.862
53000,0.117,0.019,0.864
53500,0.136,0.001,0.863
54000,0.090,0.000,0.910
54500,0.099,0.013,0.888
55000,0.091,0.009,0.900
55500,0.110,0.000,0.890
56000,0.079,0.003,0.918
56500,0.173,0.000,0.827
57000,0.108,0.000,0.892
57500,0.081,0.009,0.910
58000,0.133,0.000,0.867
58500,0.085,0.000,0.915
59000,0.082,0.000,0.918
59500,0.066,0.047,0.887
60000,0.110,0.016,0.874
60500,0.088,0.001,0.911
61000,0.108,0.000,0.892
61500,0.093,0.005,0.902
62000,0.109,0.022,0.869
62500,0.126,0.000,0.874
63000,0.142,0.000,0.858
63500,0.090,0.000,0.910
64000,0.116,0.000,0.884
64500,0.106,0.017,0.877
65000,0.089,0.000,0.911
65500,0.104,0.000,0.896
66000,0.068,0.029,0.903
66500,0.117,0.000,0.883
67000,0.126,0.000,0.874
67500,0.078,0.000,0.922
68000,0.132,0.001,0.867
68500,0.133,0.000,0.867
69000,0.107,0.008,0.885
69500,0.118,0.000,0.882
70000,0.110,0.008,0.882
70500,0.112,0.000,0.888
71000,0.100,0.003,0.897
71500,0.095,0.000,0.905
72000,0.138,0.000,0.862
72500,0.088,0.000,0.912
73000,0.167,0.014,0.819
73500,0.169,0.000,0.831
74000,0.099,0.003,0.898
74500,0.160,0.000,0.840
75000,0.090,0.000,0.910
75500,0.205,0.000,0.795
76000,0.132,0.005,0.863
76500,0.098,0.000,0.902
77000,0.156,0.000,0.844
77500,0.113,0.002,0.885
78000,0.169,0.000,0.831
78500,0.206,0.000,0.794
79000,0.070,0.010,0.920
79500,0.081,0.011,0.908
80000,0.113,0.018,0.869
80500,0.145,0.001,0.854
81000,0.170,0.001,0.829
81500,0.126,0.000,0.874
82000,0.099,0.000,0.901
82500,0.139,0.000,0.861
83000,0.166,0.000,0.834
83500,0.109,0.000,0.891
84000,0.150,0.000,0.850
84500,0.172,0.001,0.827
85000,0.101,0.000,0.899
85500,0.122,0.000,0.878
86000,0.075,0.018,0.907
86500,0.136,0.001,0.863
87000,0.074,0.004,0.922
87500,0.088,0.000,0.912
88000,0.121,0.000,0.879
88500,0.059,0.007,0.934
89000,0.135,0.000,0.865
89500,0.157,0.000,0.843
90000,0.130,0.003,0.867
90500,0.098,0.000,0.902
91000,0.106,0.017,0.877
91500,0.185,0.000,0.815
92000,0.227,0.000,0.773
92500,0.130,0.013,0.857
93000,0.085,0.000,0.915
93500,0.099,0.000,0.901
94000,0.103,0.000,0.897
94500,0.117,0.010,0.873
95000,0.098,0.001,0.901
95500,0.090,0.001,0.909
96000,0.066,0.001,0.933
96500,0.080,0.000,0.920
97000,0.153,0.000,0.847
97500,0.171,0.000,0.829
98000,0.089,0.000,0.911
98500,0.082,0.051,0.867
99000,0.101,0.015,0.884
99500,0.100,0.000,0.900
100000,0.139,0.000,0.861
100500,0.135,0.000,0.865
101000,0.113,0.000,0.887
101500,0.094,0.001,0.905
102000,0.123,0.000,0.877
102500,0.138,0.000,0.862
103000,0.133,0.013,0.854
103500,0.102,0.000,0.898
104000,0.165,0.000,0.835
104500,0.121,0.000,0.879
105000,0.109,0.001,0.890
105500,0.161,0.014,0.825
106000,0.110,0.000,0.890
106500,0.101,0.000,0.899
107000,0.141,0.001,0.858
107500,0.142,0.000,0.858
108000,0.142,0.000,0.858
108500,0.182,0.000,0.818
109000,0.151,0.000,0.849
109500,0.094,0.012,0.894
110000,0.092,0.017,0.891
110500,0.115,0.005,0.880
111000,0.144,0.010,0.846
111500,0.088,0.041,0.871
112000,0.161,0.001,0.838
112500,0.209,0.000,0.791
113000,0.097,0.000,0.903
113500,0.136,0.013,0.851
114000,0.094,0.019,0.887
114500,0.153,0.000,0.847
115000,0.139,0.000,0.861
115500,0.114,0.015,0.871
116000,0.167,0.000,0.833
116500,0.080,0.000,0.920
117000,0.097,0.010,0.893
117500,0.128,0.000,0.872
118000,0.154,0.019,0.827
118500,0.101,0.002,0.897
119000,0.067,0.001,0.932
119500,0.097,0.027,0.876
120000,0.090,0.001,0.909
120500,0.074,0.017,0.909
121000,0.118,0.000,0.882
121500,0.136,0.001,0.863
122000,0.123,0.000,0.877
122500,0.160,0.000,0.840
123000,0.181,0.000,0.819
123500,0.180,0.000,0.820
124000,0.071,0.003,0.926
124500,0.069,0.005,0.926
125000,0.128,0.003,0.869
125500,0.143,0.000,0.857
126000,0.163,0.000,0.837
126500,0.087,0.006,0.907
127000,0.164,0.019,0.817
127500,0.160,0.000,0.840
128000,0.159,0.000,0.841
128500,0.144,0.000,0.856
129000,0.210,0.000,0.790
129500,0.157,0.000,0.843
130000,0.156,0.000,0.844
130500,0.122,0.000,0.878
131000,0.178,0.000,0.822
131500,0.129,0.014,0.857
132000,0.074,0.004,0.922
132500,0.099,0.000,0.901
133000,0.176,0.000,0.824
133500,0.102,0.000,0.898
134000,0.089,0.000,0.911
134500,0.138,0.009,0.853
135000,0.164,0.003,0.833
135500,0.174,0.000,0.826
136000,0.070,0.006,0.924
136500,0.108,0.002,0.890
137000,0.152,0.012,0.836
137500,0.154,0.000,0.846
138000,0.149,0.000,0.851
138500,0.150,0.002,0.848
139000,0.112,0.000,0.888
139500,0.102,0.001,0.897
140000,0.156,0.001,0.843
140500,0.103,0.014,0.883
141000,0.059,0.024,0.917
141500,0.099,0.007,0.894
142000,0.070,0.005,0.925
142500,0.151,0.000,0.849
143000,0.091,0.000,0.909
143500,0.132,0.000,0.868
144000,0.218,0.000,0.782
144500,0.160,0.001,0.839
145000,0.153,0.000,0.847
145500,0.101,0.000,0.899
146000,0.090,0.000,0.910
146500,0.112,0.023,0.865
147000,0.160,0.000,0.840
147500,0.134,0.012,0.854
148000,0.136,0.000,0.864
148500,0.167,0.000,0.833
149000,0.104,0.000,0.896
149500,0.120,0.025,0.855
150000,0.172,0.000,0.828
150500,0.125,0.000,0.875
151000,0.099,0.000,0.901
151500,0.136,0.000,0.864
152000,0.169,0.000,0.831
152500,0.101,0.000,0.899
153000,0.121,0.001,0.878
153500,0.149,0.000,0.851
154000,0.113,0.029,0.858
154500,0.072,0.000,0.928
155000,0.086,0.023,0.891
155500,0.080,0.000,0.920
156000,0.089,0.026,0.885
156500,0.146,0.002,0.852
157000,0.115,0.000,0.885
157500,0.095,0.026,0.879
158000,0.112,0.005,0.883
158500,0.119,0.000,0.881
159000,0.134,0.000,0.866
159500,0.124,0.004,0.872
160000,0.113,0.009,0.878
160500,0.132,0.000,0.868
161000,0.111,0.007,0.882
161500,0.128,0.003,0.869
162000,0.127,0.001,0.872
162500,0.167,0.000,0.833
163000,0.149,0.002,0.849
163500,0.153,0.000,0.847
164000,0.105,0.000,0.895
164500,0.072,0.010,0.918
165000,0.157,0.000,0.843
165500,0.093,0.000,0.907
166000,0.112,0.000,0.888
166500,0.143,0.000,0.857
167000,0.145,0.000,0.855
167500,0.169,0.001,0.830
168000,0.143,0.000,0.857
168500,0.112,0.000,0.888
169000,0.104,0.000,0.896
169500,0.119,0.000,0.881
170000,0.126,0.003,0.871
170500,0.140,0.000,0.860
171000,0.110,0.010,0.880
171500,0.110,0.000,0.890
172000,0.112,0.003,0.885
172500,0.184,0.000,0.816
173000,0.165,0.015,0.820
173500,0.134,0.000,0.866
174000,0.086,0.018,0.896
174500,0.127,0.000,0.873
175000,0.090,0.003,0.907
175500,0.089,0.023,0.888
176000,0.104,0.019,0.877
176500,0.111,0.002,0.887
177000,0.157,0.000,0.843
177500,0.156,0.000,0.844
178000,0.071,0.011,0.918
178500,0.094,0.000,0.906
179000,0.138,0.000,0.862
179500,0.107,0.000,0.893
180000,0.104,0.002,0.894
180500,0.210,0.000,0.790
181000,0.108,0.000,0.892
181500,0.122,0.000,0.878
182000,0.106,0.001,0.893
182500,0.141,0.000,0.859
183000,0.134,0.000,0.866
183500,0.173,0.000,0.827
184000,0.153,0.000,0.847
184500,0.100,0.000,0.900
185000,0.090,0.011,0.899
185500,0.176,0.000,0.824
186000,0.200,0.000,0.800
186500,0.084,0.031,0.885
187000,0.166,0.000,0.834
187500,0.134,0.001,0.865
188000,0.068,0.017,0.915
188500,0.147,0.001,0.852
189000,0.066,0.009,0.925
189500,0.074,0.010,0.916
190000,0.130,0.004,0.866
190500,0.086,0.012,0.902
191000,0.078,0.000,0.922
191500,0.125,0.001,0.874
192000,0.119,0.000,0.881
192500,0.071,0.020,0.909
193000,0.129,0.000,0.871
193500,0.091,0.003,0.906
194000,0.120,0.014,0.866
194500,0.132,0.011,0.857
195000,0.183,0.008,0.809
195500,0.139,0.000,0.861
196000,0.067,0.012,0.921
196500,0.156,0.000,0.844
197000,0.123,0.000,0.877
197500,0.103,0.021,0.876
198000,0.123,0.000,0.877
198500,0.130,0.000,0.870
199000,0.108,0.000,0.892
199500,0.105,0.019,0.876
200000,0.109,0.007,0.884
200500,0.120,0.000,0.880
201000,0.104,0.000,0.896
201500,0.078,0.000,0.922
202000,0.110,0.013,0.877
202500,0.137,0.000,0.863
203000,0.113,0.004,0.883
203500,0.089,0.002,0.909
204000,0.094,0.000,0.906
204500,0.082,0.006,0.912
205000,0.087,0.013,0.900
205500,0.123,0.000,0.877
206000,0.136,0.000,0.864
206500,0.165,0.000,0.835
207000,0.158,0.000,0.842
207500,0.153,0.000,0.847
208000,0.186,0.001,0.813
208500,0.150,0.000,0.850
209000,0.158,0.000,0.842
209500,0.058,0.038,0.904
210000,0.152,0.000,0.848
210500,0.145,0.018,0.837
211000,0.102,0.006,0.892
211500,0.145,0.004,0.851
212000,0.167,0.000,0.833
212500,0.125,0.006,0.869
213000,0.142,0.000,0.858
213500,0.155,0.000,0.845
214000,0.064,0.005,0.931
214500,0.154,0.015,0.831
215000,0.142,0.000,0.858
215500,0.106,0.016,0.878
216000,0.081,0.002,0.917
216500,0.087,0.002,0.911
217000,0.085,0.002,0.913
217500,0.178,0.000,0.822
218000,0.081,0.023,0.896
218500,0.098,0.000,0.902
219000,0.173,0.007,0.820
219500,0.114,0.000,0.886
220000,0.170,0.000,0.830
220500,0.089,0.006,0.905
221000,0.114,0.000,0.886
221500,0.081,0.000,0.919
222000,0.080,0.016,0.904
222500,0.121,0.000,0.879
223000,0.133,0.000,0.867
223500,0.069,0.000,0.931
224000,0.079,0.005,0.916
224500,0.121,0.010,0.869
225000,0.175,0.000,0.825
225500,0.130,0.000,0.870
226000,0.108,0.000,0.892
226500,0.084,0.026,0.890
227000,0.078,0.023,0.899
227500,0.098,0.028,0.874
228000,0.104,0.001,0.895
228500,0.199,0.000,0.801
229000,0.131,0.002,0.867
229500,0.162,0.002,0.836
230000,0.099,0.000,0.901
230500,0.157,0.000,0.843
231000,0.152,0.012,0.836
231500,0.127,0.000,0.873
232000,0.085,0.014,0.901
232500,0.096,0.006,0.898
233000,0.095,0.007,0.898
233500,0.122,0.002,0.876
234000,0.103,0.000,0.897
234500,0.121,0.023,0.856
235000,0.188,0.000,0.812
235500,0.120,0.000,0.880
236000,0.155,0.000,0.845
236500,0.107,0.000,0.893
237000,0.083,0.000,0.917
237500,0.125,0.003,0.872
238000,0.090,0.000,0.910
238500,0.137,0.000,0.863
239000,0.105,0.000,0.895
239500,0.113,0.000,0.887
240000,0.182,0.001,0.817
240500,0.147,0.000,0.853
241000,0.087,0.000,0.913
241500,0.103,0.016,0.881
242000,0.109,0.000,0.891
242500,0.091,0.000,0.909
243000,0.268,0.004,0.728
243500,0.112,0.000,0.888
244000,0.148,0.004,0.848
244500,0.151,0.000,0.849
245000,0.096,0.000,0.904
245500,0.132,0.001,0.867
246000,0.192,0.000,0.808
246500,0.080,0.003,0.917
247000,0.117,0.000,0.883
247500,0.120,0.010,0.870
248000,0.107,0.006,0.887
248500,0.109,0.000,0.891
249000,0.095,0.001,0.904
249500,0.146,0.000,0.854
250000,0.115,0.000,0.885
250500,0.062,0.022,0.916
251000,0.118,0.000,0.882
251500,0.096,0.000,0.904
252000,0.124,0.010,0.866
252500,0.142,0.000,0.858
253000,0.117,0.000,0.883
253500,0.069,0.010,0.921
254000,0.107,0.002,0.891
254500,0.103,0.001,0.896
255000,0.082,0.024,0.894
255500,0.135,0.000,0.865
256000,0.161,0.000,0.839
256500,0.105,0.004,0.891
257000,0.066,0.030,0.904
257500,0.138,0.008,0.854
258000,0.108,0.004,0.888
258500,0.127,0.001,0.872
259000,0.105,0.011,0.884
259500,0.156,0.000,0.844
260000,0.091,0.015,0.894
260500,0.146,0.019,0.835
261000,0.094,0.001,0.905
261500,0.095,0.010,0.895
262000,0.082,0.000,0.918
262500,0.057,0.020,0.923
263000,0.134,0.000,0.866
263500,0.133,0.022,0.845
264000,0.085,0.000,0.915
264500,0.097,0.018,0.885
265000,0.131,0.001,0.868
265500,0.148,0.000,0.852
266000,0.106,0.000,0.894
266500,0.127,0.003,0.870
267000,0.066,0.013,0.921
267500,0.140,0.000,0.860
268000,0.106,0.000,0.894
268500,0.137,0.000,0.863
269000,0.135,0.007,0.858
269500,0.140,0.000,0.860
270000,0.109,0.000,0.891
270500,0.094,0.009,0.897
271000,0.128,0.000,0.872
271500,0.111,0.009,0.880
272000,0.111,0.000,0.889
272500,0.154,0.000,0.846
273000,0.144,0.000,0.856
273500,0.116,0.000,0.884
274000,0.110,0.012,0.878
274500,0.098,0.012,0.890
275000,0.136,0.018,0.846
275500,0.077,0.000,0.923
276000,0.108,0.017,0.875
276500,0.094,0.000,0.906
277000,0.159,0.000,0.841
277500,0.110,0.001,0.889
278000,0.125,0.000,0.875
278500,0.069,0.014,0.917
279000,0.141,0.000,0.859
279500,0.150,0.014,0.836
280000,0.175,0.004,0.821
280500,0.156,0.000,0.844
281000,0.195,0.000,0.805
281500,0.097,0.011,0.892
282000,0.192,0.000,0.808
282500,0.065,0.000,0.935
283000,0.147,0.000,0.853
283500,0.113,0.026,0.861
284000,0.103,0.016,0.881
284500,0.162,0.000,0.838
285000,0.134,0.010,0.856
285500,0.160,0.005,0.835
286000,0.129,0.000,0.871
286500,0.078,0.000,0.922
287000,0.120,0.015,0.865
287500,0.184,0.000,0.816
288000,0.164,0.000,0.836
288500,0.077,0.007,0.916
289000,0.138,0.000,0.862
289500,0.156,0.005,0.839
290000,0.098,0.000,0.902
290500,0.161,0.014,0.825
291000,0.116,0.010,0.874
291500,0.111,0.000,0.889
292000,0.082,0.012,0.906
292500,0.177,0.000,0.823
293000,0.124,0.000,0.876
293500,0.084,0.006,0.910
294000,0.133,0.000,0.867
294500,0.120,0.000,0.880
295000,0.123,0.000,0.877
295500,0.069,0.020,0.911
296000,0.132,0.000,0.868
296500,0.131,0.000,0.869
297000,0.133,0.021,0.846
297500,0.102,0.000,0.898
298000,0.063,0.048,0.889
298500,0.072,0.051,0.877
299000,0.108,0.014,0.878
299500,0.109,0.009,0.882
300000,0.065,0.037,0.898
300500,0.083,0.000,0.917
301000,0.146,0.000,0.854
301500,0.060,0.019,0.921
302000,0.099,0.000,0.901
302500,0.134,0.008,0.858
303000,0.128,0.000,0.872
303500,0.141,0.000,0.859
304000,0.163,0.000,0.837
304500,0.180,0.001,0.819
305000,0.129,0.000,0.871
305500,0.108,0.000,0.892
306000,0.143,0.000,0.857
306500,0.161,0.001,0.838
307000,0.156,0.000,0.844
307500,0.099,0.000,0.901
308000,0.136,0.000,0.864
308500,0.141,0.000,0.859
309000,0.143,0.000,0.857
309500,0.135,0.000,0.865
310000,0.138,0.000,0.862
310500,0.113,0.000,0.887
311000,0.141,0.000,0.859
311500,0.168,0.000,0.832
312000,0.117,0.000,0.883
312500,0.099,0.000,0.901
313000,0.100,0.001,0.899
313500,0.148,0.000,0.852
314000,0.165,0.016,0.819
314500,0.091,0.011,0.898
315000,0.140,0.000,0.860
315500,0.073,0.007,0.920
316000,0.145,0.001,0.854
316500,0.158,0.000,0.842
317000,0.105,0.002,0.893
317500,0.126,0.000,0.874
318000,0.128,0.003,0.869
318500,0.105,0.000,0.895
319000,0.133,0.000,0.867
319500,0.068,0.011,0.921
320000,0.082,0.004,0.914
320500,0.099,0.018,0.883
321000,0.102,0.000,0.898
321500,0.147,0.026,0.827
322000,0.077,0.000,0.923
322500,0.095,0.000,0.905
323000,0.091,0.000,0.909
323500,0.116,0.000,0.884
324000,0.169,0.000,0.831
324500,0.191,0.000,0.809
325000,0.120,0.000,0.880
325500,0.063,0.000,0.937
326000,0.142,0.000,0.858
326500,0.086,0.004,0.910
327000,0.143,0.002,0.855
327500,0.144,0.000,0.856
328000,0.097,0.016,0.887
328500,0.091,0.000,0.909
329000,0.092,0.001,0.907
329500,0.121,0.000,0.879
330000,0.091,0.000,0.909
330500,0.062,0.003,0.935
331000,0.153,0.008,0.839
331500,0.129,0.000,0.871
332000,0.153,0.000,0.847
332500,0.123,0.000,0.877
333000,0.089,0.013,0.898
333500,0.231,0.000,0.769
334000,0.150,0.000,0.850
334500,0.124,0.000,0.876
335000,0.102,0.000,0.898
335500,0.092,0.022,0.886
336000,0.083,0.006,0.911
336500,0.092,0.004,0.904
337000,0.111,0.000,0.889
337500,0.086,0.018,0.896
338000,0.099,0.001,0.900
338500,0.130,0.001,0.869
339000,0.122,0.009,0.869
339500,0.106,0.000,0.894
340000,0.126,0.000,0.874
340500,0.116,0.001,0.883
341000,0.134,0.000,0.866
341500,0.174,0.000,0.826
342000,0.118,0.000,0.882
342500,0.105,0.018,0.877
343000,0.111,0.010,0.879
343500,0.094,0.000,0.906
344000,0.138,0.000,0.862
344500,0.153,0.001,0.846
345000,0.122,0.000,0.878
345500,0.133,0.002,0.865
346000,0.115,0.000,0.885
346500,0.120,0.000,0.880
347000,0.127,0.000,0.873
347500,0.076,0.001,0.923
348000,0.115,0.005,0.880
348500,0.138,0.000,0.862
349000,0.129,0.006,0.865
349500,0.107,0.000,0.893
350000,0.128,0.000,0.872
350500,0.082,0.025,0.893
351000,0.057,0.004,0.939
351500,0.148,0.000,0.852
352000,0.120,0.016,0.864
352500,0.111,0.000,0.889
353000,0.092,0.021,0.887
353500,0.082,0.000,0.918
354000,0.060,0.025,0.915
354500,0.114,0.006,0.880
355000,0.126,0.000,0.874
355500,0.134,0.000,0.866
356000,0.107,0.002,0.891
356500,0.164,0.000,0.836
357000,0.141,0.000,0.859
357500,0.143,0.000,0.857
358000,0.105,0.000,0.895
358500,0.175,0.000,0.825
359000,0.117,0.000,0.883
359500,0.112,0.001,0.887
360000,0.128,0.001,0.871
360500,0.211,0.003,0.786
361000,0.156,0.000,0.844
361500,0.133,0.003,0.864
362000,0.093,0.018,0.889
362500,0.152,0.000,0.848
363000,0.107,0.012,0.881
363500,0.135,0.000,0.865
364000,0.102,0.000,0.898
364500,0.130,0.000,0.870
365000,0.102,0.001,0.897
365500,0.092,0.004,0.904
366000,0.125,0.000,0.875
366500,0.137,0.000,0.863
367000,0.189,0.000,0.811
367500,0.110,0.000,0.890
368000,0.101,0.000,0.899
368500,0.154,0.000,0.846
369000,0.110,0.000,0.890
369500,0.119,0.001,0.880
370000,0.079,0.000,0.921
370500,0.130,0.000,0.870
371000,0.089,0.010,0.901
371500,0.080,0.007,0.913
372000,0.123,0.000,0.877
372500,0.114,0.012,0.874
373000,0.103,0.019,0.878
373500,0.103,0.000,0.897
374000,0.165,0.000,0.835
374500,0.114,0.000,0.886
375000,0.174,0.000,0.826
375500,0.115,0.000,0.885
376000,0.064,0.045,0.891
376500,0.080,0.000,0.920
377000,0.089,0.002,0.909
377500,0.134,0.000,0.866
378000,0.109,0.009,0.882
378500,0.147,0.000,0.853
379000,0.163,0.003,0.834
379500,0.092,0.000,0.908
380000,0.098,0.005,0.897
380500,0.144,0.000,0.856
381000,0.126,0.007,0.867
381500,0.081,0.022,0.897
382000,0.101,0.000,0.899
382500,0.106,0.000,0.894
383000,0.125,0.005,0.870
383500,0.124,0.000,0.876
384000,0.116,0.001,0.883
384500,0.124,0.000,0.876
385000,0.155,0.000,0.845
385500,0.145,0.000,0.855
386000,0.107,0.007,0.886
386500,0.155,0.000,0.845
387000,0.117,0.002,0.881
387500,0.117,0.001,0.882
388000,0.096,0.020,0.884
388500,0.073,0.004,0.923
389000,0.127,0.011,0.862
389500,0.118,0.000,0.882
390000,0.144,0.000,0.856
390500,0.150,0.000,0.850
391000,0.079,0.000,0.921
391500,0.108,0.017,0.875
392000,0.143,0.000,0.857
392500,0.150,0.000,0.850
393000,0.132,0.004,0.864
393500,0.183,0.000,0.817
394000,0.159,0.000,0.841
394500,0.148,0.000,0.852
395000,0.182,0.013,0.805
395500,0.144,0.000,0.856
396000,0.089,0.008,0.903
396500,0.096,0.015,0.889
397000,0.086,0.024,0.890
397500,0.078,0.000,0.922
398000,0.095,0.009,0.896
398500,0.088,0.023,0.889
399000,0.114,0.000,0.886
399500,0.144,0.002,0.854
400000,0.146,0.000,0.854
400500,0.131,0.011,0.858
401000,0.197,0.000,0.803
401500,0.109,0.000,0.891
402000,0.125,0.000,0.875
402500,0.057,0.016,0.927
403000,0.153,0.000,0.847
403500,0.139,0.000,0.861
404000,0.110,0.000,0.890
404500,0.129,0.001,0.870
405000,0.091,0.000,0.909
405500,0.142,0.000,0.858
406000,0.124,0.002,0.874
406500,0.128,0.000,0.872
407000,0.155,0.000,0.845
407500,0.098,0.010,0.892
408000,0.070,0.004,0.926
408500,0.098,0.010,0.892
409000,0.118,0.000,0.882
409500,0.104,0.016,0.880
410000,0.144,0.000,0.856
410500,0.110,0.002,0.888
411000,0.060,0.012,0.928
411500,0.107,0.000,0.893
412000,0.085,0.020,0.895
412500,0.116,0.000,0.884
413000,0.096,0.008,0.896
413500,0.114,0.009,0.877
414000,0.173,0.000,0.827
414500,0.121,0.000,0.879
415000,0.126,0.001,0.873
415500,0.120,0.004,0.876
416000,0.086,0.000,0.914
416500,0.186,0.004,0.810
417000,0.157,0.008,0.835
417500,0.142,0.006,0.852
418000,0.148,0.004,0.848
418500,0.142,0.017,0.841
419000,0.078,0.000,0.922
419500,0.102,0.007,0.891
420000,0.114,0.000,0.886
420500,0.125,0.000,0.875
421000,0.080,0.018,0.902
421500,0.135,0.003,0.862
422000,0.164,0.000,0.836
422500,0.094,0.000,0.906
423000,0.130,0.000,0.870
423500,0.165,0.000,0.835
424000,0.098,0.020,0.882
424500,0.126,0.000,0.874
425000,0.107,0.002,0.891
425500,0.120,0.000,0.880
426000,0.166,0.000,0.834
426500,0.061,0.000,0.939
427000,0.128,0.000,0.872
427500,0.092,0.006,0.902
428000,0.093,0.000,0.907
428500,0.084,0.000,0.916
429000,0.142,0.000,0.858
429500,0.159,0.018,0.823
430000,0.134,0.000,0.866
430500,0.119,0.003,0.878
431000,0.140,0.000,0.860
431500,0.099,0.011,0.890
432000,0.131,0.000,0.869
432500,0.112,0.010,0.878
433000,0.123,0.010,0.867
433500,0.111,0.000,0.889
434000,0.141,0.000,0.859
434500,0.161,0.000,0.839
435000,0.121,0.000,0.879
435500,0.132,0.000,0.868
436000,0.075,0.010,0.915
436500,0.119,0.000,0.881
437000,0.179,0.000,0.821
437500,0.102,0.000,0.898
438000,0.079,0.029,0.892
438500,0.096,0.001,0.903
439000,0.161,0.000,0.839
439500,0.150,0.000,0.850
440000,0.128,0.002,0.870
440500,0.169,0.000,0.831
441000,0.105,0.023,0.872
441500,0.063,0.020,0.917
442000,0.203,0.000,0.797
442500,0.137,0.005,0.858
443000,0.155,0.000,0.845
443500,0.152,0.000,0.848
444000,0.106,0.000,0.894
444500,0.076,0.014,0.910
445000,0.108,0.000,0.892
445500,0.119,0.002,0.879
446000,0.141,0.001,0.858
446500,0.125,0.009,0.866
447000,0.113,0.003,0.884
447500,0.149,0.000,0.851
448000,0.123,0.000,0.877
448500,0.120,0.000,0.880
449000,0.094,0.000,0.906
449500,0.139,0.000,0.861
450000,0.147,0.005,0.848
450500,0.130,0.000,0.870
451000,0.180,0.000,0.820
451500,0.104,0.000,0.896
452000,0.122,0.000,0.878
452500,0.071,0.000,0.929
453000,0.129,0.002,0.869
453500,0.141,0.000,0.859
454000,0.109,0.000,0.891
454500,0.055,0.009,0.936
455000,0.191,0.000,0.809
455500,0.142,0.000,0.858
456000,0.175,0.000,0.825
456500,0.151,0.000,0.849
457000,0.175,0.001,0.824
457500,0.131,0.000,0.869
458000,0.111,0.021,0.868
458500,0.089,0.003,0.908
459000,0.133,0.000,0.867
459500,0.103,0.002,0.895
460000,0.138,0.000,0.862
460500,0.133,0.000,0.867
461000,0.091,0.000,0.909
461500,0.077,0.004,0.919
462000,0.109,0.001,0.890
462500,0.133,0.006,0.861
463000,0.116,0.000,0.884
463500,0.110,0.022,0.868
464000,0.134,0.000,0.866
464500,0.129,0.002,0.869
465000,0.125,0.002,0.873
465500,0.100,0.009,0.891
466000,0.095,0.000,0.905
466500,0.162,0.000,0.838
467000,0.118,0.003,0.879
467500,0.175,0.001,0.824
468000,0.148,0.000,0.852
468500,0.113,0.009,0.878
469000,0.098,0.006,0.896
469500,0.191,0.000,0.809
470000,0.134,0.000,0.866
470500,0.119,0.000,0.881
471000,0.085,0.000,0.915
471500,0.108,0.000,0.892
472000,0.107,0.000,0.893
472500,0.124,0.000,0.876
473000,0.157,0.000,0.843
473500,0.104,0.005,0.891
474000,0.111,0.000,0.889
474500,0.190,0.000,0.810
475000,0.131,0.000,0.869
475500,0.118,0.032,0.850
476000,0.110,0.003,0.887
476500,0.120,0.000,0.880
477000,0.114,0.000,0.886
477500,0.116,0.000,0.884
478000,0.208,0.000,0.792
478500,0.165,0.000,0.835
479000,0.083,0.023,0.894
479500,0.133,0.009,0.858
480000,0.081,0.001,0.918
480500,0.140,0.001,0.859
481000,0.183,0.000,0.817
481500,0.113,0.000,0.887
482000,0.119,0.000,0.881
482500,0.152,0.000,0.848
483000,0.166,0.000,0.834
483500,0.120,0.005,0.875
484000,0.119,0.000,0.881
484500,0.093,0.021,0.886
485000,0.094,0.000,0.906
485500,0.082,0.006,0.912
486000,0.079,0.005,0.916
486500,0.099,0.000,0.901
487000,0.150,0.000,0.850
487500,0.111,0.002,0.887
488000,0.143,0.000,0.857
488500,0.125,0.001,0.874
489000,0.128,0.001,0.871
489500,0.164,0.000,0.836
490000,0.128,0.005,0.867
490500,0.107,0.017,0.876
491000,0.158,0.000,0.842
491500,0.117,0.000,0.883
492000,0.125,0.005,0.870
492500,0.158,0.000,0.842
493000,0.114,0.028,0.858
493500,0.224,0.000,0.776
494000,0.133,0.003,0.864
494500,0.100,0.005,0.895
495000,0.117,0.000,0.883
495500,0.135,0.000,0.865
496000,0.123,0.001,0.876
496500,0.118,0.000,0.882
497000,0.097,0.012,0.891
497500,0.107,0.000,0.893
498000,0.109,0.001,0.890
498500,0.142,0.000,0.858
499000,0.116,0.000,0.884
499500,0.105,0.000,0.895
500000,0.119,0.000,0.881
500500,0.113,0.000,0.887
501000,0.097,0.000,0.903
501500,0.125,0.000,0.875
502000,0.164,0.000,0.836
502500,0.117,0.000,0.883
503000,0.114,0.003,0.883
503500,0.087,0.002,0.911
504000,0.093,0.002,0.905
504500,0.116,0.009,0.875
505000,0.068,0.001,0.931
505500,0.129,0.001,0.870
506000,0.089,0.000,0.911
506500,0.118,0.000,0.882
507000,0.063,0.003,0.934
507500,0.124,0.004,0.872
508000,0.142,0.000,0.858
508500,0.135,0.000,0.865
509000,0.117,0.000,0.883
509500,0.117,0.001,0.882
510000,0.220,0.001,0.779
510500,0.075,0.000,0.925
511000,0.151,0.000,0.849
511500,0.127,0.000,0.873
512000,0.104,0.002,0.894
512500,0.149,0.000,0.851
513000,0.129,0.000,0.871
513500,0.139,0.000,0.861
514000,0.074,0.046,0.880
514500,0.137,0.000,0.863
515000,0.151,0.001,0.848
515500,0.134,0.000,0.866
516000,0.087,0.000,0.913
516500,0.253,0.003,0.744
517000,0.136,0.000,0.864
517500,0.175,0.000,0.825
518000,0.095,0.010,0.895
518500,0.150,0.000,0.850
519000,0.179,0.000,0.821
519500,0.095,0.000,0.905
520000,0.174,0.001,0.825
520500,0.121,0.000,0.879
521000,0.121,0.002,0.877
521500,0.158,0.000,0.842
522000,0.117,0.000,0.883
522500,0.162,0.000,0.838
523000,0.131,0.000,0.869
523500,0.112,0.000,0.888
524000,0.172,0.000,0.828
524500,0.174,0.000,0.826
525000,0.124,0.020,0.856
525500,0.055,0.031,0.914
526000,0.092,0.001,0.907
526500,0.087,0.001,0.912
527000,0.144,0.022,0.834
527500,0.112,0.020,0.868
528000,0.140,0.000,0.860
528500,0.094,0.013,0.893
529000,0.123,0.000,0.877
529500,0.172,0.000,0.828
530000,0.148,0.000,0.852
530500,0.122,0.000,0.878
531000,0.096,0.012,0.892
531500,0.159,0.000,0.841
532000,0.084,0.000,0.916
532500,0.093,0.002,0.905
533000,0.122,0.001,0.877
533500,0.150,0.000,0.850
534000,0.117,0.037,0.846
534500,0.113,0.001,0.886
535000,0.175,0.000,0.825
535500,0.165,0.000,0.835
536000,0.164,0.001,0.835
536500,0.097,0.003,0.900
537000,0.129,0.000,0.871
537500,0.158,0.000,0.842
538000,0.085,0.000,0.915
538500,0.078,0.018,0.904
539000,0.139,0.001,0.860
539500,0.099,0.000,0.901
540000,0.099,0.028,0.873
540500,0.147,0.001,0.852
541000,0.103,0.016,0.881
541500,0.169,0.000,0.831
542000,0.111,0.000,0.889
542500,0.137,0.003,0.860
543000,0.151,0.000,0.849
543500,0.115,0.000,0.885
544000,0.108,0.001,0.891
544500,0.130,0.000,0.870
545000,0.176,0.000,0.824
545500,0.095,0.000,0.905
546000,0.123,0.014,0.863
546500,0.085,0.008,0.907
547000,0.120,0.000,0.880
547500,0.196,0.000,0.804
548000,0.092,0.000,0.908
548500,0.138,0.016,0.846
549000,0.108,0.004,0.888
549500,0.136,0.000,0.864
550000,0.125,0.000,0.875
550500,0.095,0.001,0.904
551000,0.126,0.000,0.874
551500,0.150,0.000,0.850
552000,0.123,0.011,0.866
552500,0.090,0.015,0.895
553000,0.158,0.000,0.842
553500,0.140,0.000,0.860
554000,0.094,0.000,0.906
554500,0.088,0.000,0.912
555000,0.116,0.002,0.882
555500,0.110,0.022,0.868
556000,0.067,0.001,0.932
556500,0.098,0.013,0.889
557000,0.067,0.016,0.917
557500,0.138,0.000,0.862
558000,0.125,0.000,0.875
558500,0.108,0.005,0.887
559000,0.166,0.000,0.834
559500,0.094,0.001,0.905
560000,0.210,0.000,0.790
560500,0.160,0.000,0.840
561000,0.080,0.006,0.914
561500,0.091,0.003,0.906
562000,0.187,0.000,0.813
562500,0.059,0.021,0.920
563000,0.136,0.021,0.843
563500,0.119,0.000,0.881
564000,0.106,0.023,0.871
564500,0.081,0.007,0.912
565000,0.132,0.000,0.868
565500,0.058,0.030,0.912
566000,0.120,0.002,0.878
566500,0.079,0.000,0.921
567000,0.112,0.006,0.882
567500,0.144,0.000,0.856
568000,0.130,0.000,0.870
568500,0.128,0.000,0.872
569000,0.081,0.019,0.900
569500,0.096,0.003,0.901
570000,0.072,0.012,0.916
570500,0.114,0.000,0.886
571000,0.135,0.001,0.864
571500,0.201,0.000,0.799
572000,0.172,0.000,0.828
572500,0.118,0.000,0.882
573000,0.079,0.020,0.901
573500,0.119,0.003,0.878
574000,0.097,0.003,0.900
574500,0.133,0.000,0.867
575000,0.191,0.001,0.808
575500,0.115,0.000,0.885
576000,0.082,0.006,0.912
576500,0.111,0.041,0.848
577000,0.168,0.005,0.827
577500,0.170,0.000,0.830
578000,0.134,0.000,0.866
578500,0.141,0.000,0.859
579000,0.131,0.000,0.869
579500,0.073,0.017,0.910
580000,0.113,0.000,0.887
580500,0.073,0.005,0.922
581000,0.156,0.001,0.843
581500,0.107,0.012,0.881
582000,0.097,0.012,0.891
582500,0.117,0.029,0.854
583000,0.131,0.020,0.849
583500,0.140,0.000,0.860
584000,0.141,0.000,0.859
584500,0.098,0.000,0.902
585000,0.148,0.000,0.852
585500,0.127,0.005,0.868
586000,0.117,0.000,0.883
586500,0.083,0.007,0.910
587000,0.145,0.004,0.851
587500,0.153,0.000,0.847
588000,0.072,0.000,0.928
588500,0.147,0.000,0.853
589000,0.094,0.000,0.906
589500,0.111,0.000,0.889
590000,0.125,0.020,0.855
590500,0.141,0.001,0.858
591000,0.073,0.008,0.919
591500,0.074,0.035,0.891
592000,0.137,0.012,0.851
592500,0.149,0.000,0.851
593000,0.191,0.000,0.809
593500,0.123,0.000,0.877
594000,0.134,0.000,0.866
594500,0.073,0.015,0.912
595000,0.203,0.000,0.797
595500,0.103,0.000,0.897
596000,0.098,0.003,0.899
596500,0.108,0.003,0.889
597000,0.099,0.000,0.901
597500,0.099,0.024,0.877
598000,0.111,0.000,0.889
598500,0.099,0.008,0.893
599000,0.070,0.023,0.907
599500,0.083,0.001,0.916
600000,0.139,0.001,0.860
600500,0.128,0.008,0.864
601000,0.144,0.006,0.850
601500,0.137,0.001,0.862
602000,0.118,0.000,0.882
602500,0.113,0.000,0.887
603000,0.145,0.000,0.855
603500,0.161,0.000,0.839
604000,0.079,0.000,0.921
604500,0.111,0.007,0.882
605000,0.154,0.019,0.827
605500,0.115,0.001,0.884
606000,0.101,0.004,0.895
606500,0.064,0.021,0.915
607000,0.116,0.000,0.884
607500,0.166,0.000,0.834
608000,0.135,0.000,0.865
608500,0.106,0.004,0.890
609000,0.114,0.000,0.886
609500,0.069,0.013,0.918
610000,0.101,0.011,0.888
610500,0.081,0.000,0.919
611000,0.108,0.000,0.892
611500,0.168,0.000,0.832
612000,0.092,0.000,0.908
612500,0.089,0.007,0.904
613000,0.107,0.000,0.893
613500,0.116,0.000,0.884
614000,0.149,0.001,0.850
614500,0.131,0.000,0.869
615000,0.128,0.000,0.872
615500,0.118,0.000,0.882
616000,0.162,0.000,0.838
616500,0.165,0.000,0.835
617000,0.116,0.000,0.884
617500,0.121,0.000,0.879
618000,0.063,0.024,0.913
618500,0.117,0.000,0.883
619000,0.147,0.000,0.853
619500,0.096,0.000,0.904
620000,0.127,0.007,0.866
620500,0.130,0.001,0.869
621000,0.150,0.004,0.846
621500,0.087,0.000,0.913
622000,0.125,0.006,0.869
622500,0.128,0.000,0.872
623000,0.106,0.000,0.894
623500,0.105,0.000,0.895
624000,0.099,0.000,0.901
624500,0.117,0.000,0.883
625000,0.135,0.000,0.865
625500,0.127,0.001,0.872
626000,0.097,0.002,0.901
626500,0.068,0.000,0.932
627000,0.161,0.000,0.839
627500,0.149,0.000,0.851
628000,0.145,0.000,0.855
628500,0.074,0.007,0.919
629000,0.101,0.000,0.899
629500,0.141,0.000,0.859
630000,0.130,0.003,0.867
630500,0.093,0.002,0.905
631000,0.145,0.000,0.855
631500,0.124,0.000,0.876
632000,0.110,0.003,0.887
632500,0.095,0.000,0.905
633000,0.147,0.000,0.853
633500,0.087,0.022,0.891
634000,0.150,0.003,0.847
634500,0.171,0.000,0.829
635000,0.102,0.017,0.881
635500,0.078,0.022,0.900
636000,0.106,0.011,0.883
636500,0.182,0.000,0.818
637000,0.077,0.019,0.904
637500,0.194,0.000,0.806
638000,0.139,0.000,0.861
638500,0.126,0.000,0.874
639000,0.108,0.003,0.889
639500,0.124,0.001,0.875
640000,0.144,0.000,0.856
640500,0.162,0.002,0.836
641000,0.122,0.001,0.877
641500,0.128,0.000,0.872
642000,0.135,0.000,0.865
642500,0.137,0.012,0.851
643000,0.127,0.000,0.873
643500,0.126,0.000,0.874
644000,0.072,0.006,0.922
644500,0.164,0.000,0.836
645000,0.169,0.000,0.831
645500,0.097,0.001,0.902
646000,0.144,0.001,0.855
646500,0.163,0.000,0.837
647000,0.063,0.052,0.885
647500,0.105,0.001,0.894
648000,0.090,0.001,0.909
648500,0.135,0.000,0.865
649000,0.205,0.000,0.795
649500,0.077,0.000,0.923
650000,0.146,0.000,0.854
650500,0.116,0.005,0.879
651000,0.079,0.007,0.914
651500,0.082,0.007,0.911
652000,0.077,0.017,0.906
652500,0.093,0.000,0.907
653000,0.077,0.000,0.923
653500,0.090,0.014,0.896
654000,0.083,0.006,0.911
654500,0.103,0.011,0.886
655000,0.066,0.003,0.931
655500,0.109,0.000,0.891
656000,0.139,0.000,0.861
656500,0.149,0.021,0.830
657000,0.139,0.003,0.858
657500,0.099,0.034,0.867
658000,0.111,0.001,0.888
658500,0.130,0.000,0.870
659000,0.124,0.000,0.876
659500,0.093,0.018,0.889
660000,0.153,0.003,0.844
660500,0.090,0.017,0.893
661000,0.130,0.012,0.858
661500,0.112,0.009,0.879
662000,0.065,0.001,0.934
662500,0.097,0.000,0.903
663000,0.150,0.000,0.850
663500,0.067,0.040,0.893
664000,0.145,0.001,0.854
664500,0.122,0.000,0.878
665000,0.181,0.000,0.819
665500,0.091,0.001,0.908
666000,0.089,0.000,0.911
666500,0.131,0.000,0.869
667000,0.165,0.001,0.834
667500,0.117,0.000,0.883
668000,0.088,0.000,0.912
668500,0.098,0.000,0.902
669000,0.102,0.000,0.898
669500,0.141,0.001,0.858
670000,0.148,0.000,0.852
670500,0.122,0.001,0.877
671000,0.110,0.000,0.890
671500,0.102,0.010,0.888
672000,0.082,0.028,0.890
672500,0.085,0.017,0.898
673000,0.179,0.000,0.821
673500,0.122,0.000,0.878
674000,0.172,0.000,0.828
674500,0.141,0.000,0.859
675000,0.078,0.008,0.914
675500,0.163,0.000,0.837
676000,0.129,0.003,0.868
676500,0.170,0.000,0.830
677000,0.067,0.016,0.917
677500,0.108,0.002,0.890
678000,0.162,0.000,0.838
678500,0.096,0.002,0.902
679000,0.108,0.015,0.877
679500,0.073,0.015,0.912
680000,0.181,0.000,0.819
680500,0.124,0.000,0.876
681000,0.180,0.000,0.820
681500,0.142,0.000,0.858
682000,0.148,0.015,0.837
682500,0.094,0.000,0.906
683000,0.156,0.000,0.844
683500,0.219,0.000,0.781
684000,0.124,0.020,0.856
684500,0.082,0.016,0.902
685000,0.128,0.000,0.872
685500,0.097,0.039,0.864
686000,0.132,0.010,0.858
686500,0.148,0.000,0.852
687000,0.108,0.000,0.892
687500,0.074,0.000,0.926
688000,0.137,0.004,0.859
688500,0.118,0.000,0.882
689000,0.085,0.002,0.913
689500,0.166,0.000,0.834
690000,0.180,0.000,0.820
690500,0.073,0.003,0.924
691000,0.129,0.001,0.870
691500,0.125,0.000,0.875
692000,0.168,0.001,0.831
692500,0.126,0.002,0.872
693000,0.206,0.000,0.794
693500,0.102,0.000,0.898
694000,0.071,0.005,0.924
694500,0.111,0.000,0.889
695000,0.126,0.001,0.873
695500,0.102,0.001,0.897
696000,0.096,0.022,0.882
696500,0.132,0.002,0.866
697000,0.150,0.000,0.850
697500,0.128,0.000,0.872
698000,0.086,0.010,0.904
698500,0.133,0.000,0.867
699000,0.097,0.019,0.884
699500,0.117,0.000,0.883
700000,0.061,0.008,0.931
700500,0.111,0.000,0.889
701000,0.142,0.000,0.858
701500,0.114,0.000,0.886
702000,0.110,0.016,0.874
702500,0.170,0.001,0.829
703000,0.085,0.000,0.915
703500,0.141,0.000,0.859
704000,0.112,0.001,0.887
704500,0.121,0.000,0.879
705000,0.067,0.010,0.923
705500,0.074,0.017,0.909
706000,0.105,0.011,0.884
706500,0.146,0.000,0.854
707000,0.105,0.000,0.895
707500,0.137,0.023,0.840
708000,0.138,0.000,0.862
708500,0.092,0.000,0.908
709000,0.113,0.000,0.887
709500,0.097,0.028,0.875
710000,0.142,0.017,0.841
710500,0.126,0.000,0.874
711000,0.133,0.000,0.867
711500,0.089,0.021,0.890
712000,0.206,0.000,0.794
712500,0.087,0.005,0.908
713000,0.133,0.000,0.867
713500,0.090,0.000,0.910
714000,0.114,0.000,0.886
714500,0.095,0.000,0.905
715000,0.093,0.018,0.889
715500,0.087,0.004,0.909
716000,0.136,0.003,0.861
716500,0.117,0.000,0.883
717000,0.061,0.016,0.923
717500,0.116,0.009,0.875
718000,0.140,0.000,0.860
718500,0.167,0.000,0.833
719000,0.116,0.001,0.883
719500,0.054,0.030,0.916
720000,0.081,0.014,0.905
720500,0.107,0.001,0.892
721000,0.078,0.025,0.897
721500,0.129,0.001,0.870
722000,0.075,0.016,0.909
722500,0.101,0.000,0.899
723000,0.136,0.000,0.864
723500,0.184,0.000,0.816
724000,0.102,0.018,0.880
724500,0.128,0.000,0.872
725000,0.125,0.000,0.875
725500,0.077,0.000,0.923
726000,0.097,0.002,0.901
726500,0.143,0.000,0.857
727000,0.127,0.000,0.873
727500,0.146,0.000,0.854
728000,0.120,0.002,0.878
728500,0.073,0.001,0.926
729000,0.130,0.000,0.870
729500,0.117,0.000,0.883
730000,0.094,0.002,0.904
730500,0.157,0.000,0.843
731000,0.146,0.000,0.854
731500,0.167,0.000,0.833
732000,0.103,0.031,0.866
732500,0.134,0.008,0.858
733000,0.109,0.000,0.891
733500,0.138,0.001,0.861
734000,0.088,0.004,0.908
734500,0.190,0.000,0.810
735000,0.142,0.000,0.858
735500,0.142,0.004,0.854
736000,0.079,0.000,0.921
736500,0.120,0.018,0.862
737000,0.103,0.005,0.892
737500,0.159,0.000,0.841
738000,0.139,0.000,0.861
738500,0.082,0.000,0.918
739000,0.095,0.008,0.897
739500,0.114,0.000,0.886
740000,0.116,0.005,0.879
740500,0.170,0.000,0.830
741000,0.133,0.000,0.867
741500,0.071,0.023,0.906
742000,0.131,0.000,0.869
742500,0.094,0.016,0.890
743000,0.112,0.002,0.886
743500,0.174,0.000,0.826
744000,0.129,0.000,0.871
744500,0.143,0.017,0.840
745000,0.103,0.001,0.896
745500,0.115,0.000,0.885
746000,0.136,0.003,0.861
746500,0.217,0.002,0.781
747000,0.094,0.000,0.906
747500,0.143,0.017,0.840
748000,0.085,0.000,0.915
748500,0.112,0.000,0.888
749000,0.123,0.000,0.877
749500,0.059,0.027,0.914
750000,0.157,0.000,0.843
750500,0.103,0.017,0.880
751000,0.122,0.000,0.878
751500,0.178,0.000,0.822
752000,0.118,0.000,0.882
752500,0.117,0.000,0.883
753000,0.062,0.023,0.915
753500,0.126,0.011,0.863
754000,0.121,0.000,0.879
754500,0.133,0.000,0.867
755000,0.071,0.004,0.925
755500,0.158,0.000,0.842
756000,0.101,0.000,0.899
756500,0.154,0.000,0.846
757000,0.140,0.000,0.860
757500,0.069,0.000,0.931
758000,0.167,0.000,0.833
758500,0.105,0.001,0.894
759000,0.098,0.001,0.901
759500,0.132,0.000,0.868
760000,0.083,0.016,0.901
760500,0.107,0.000,0.893
761000,0.111,0.000,0.889
761500,0.102,0.000,0.898
762000,0.121,0.016,0.863
762500,0.179,0.000,0.821
763000,0.117,0.000,0.883
763500,0.152,0.000,0.848
764000,0.207,0.000,0.793
764500,0.168,0.001,0.831
765000,0.123,0.000,0.877
765500,0.089,0.009,0.902
766000,0.155,0.000,0.845
766500,0.128,0.000,0.872
767000,0.154,0.000,0.846
767500,0.156,0.007,0.837
768000,0.070,0.019,0.911
768500,0.118,0.010,0.872
769000,0.128,0.001,0.871
769500,0.164,0.001,0.835
770000,0.085,0.001,0.914
770500,0.128,0.000,0.872
771000,0.146,0.000,0.854
771500,0.179,0.000,0.821
772000,0.109,0.027,0.864
772500,0.080,0.000,0.920
773000,0.147,0.000,0.853
773500,0.155,0.000,0.845
774000,0.184,0.000,0.816
774500,0.181,0.000,0.819
775000,0.115,0.000,0.885
775500,0.080,0.018,0.902
776000,0.100,0.004,0.896
776500,0.105,0.000,0.895
777000,0.140,0.000,0.860
777500,0.100,0.000,0.900
778000,0.117,0.000,0.883
778500,0.154,0.000,0.846
779000,0.096,0.010,0.894
779500,0.081,0.012,0.907
780000,0.105,0.000,0.895
780500,0.133,0.003,0.864
781000,0.088,0.000,0.912
781500,0.061,0.031,0.908
782000,0.144,0.000,0.856
782500,0.068,0.000,0.932
783000,0.125,0.000,0.875
783500,0.128,0.000,0.872
784000,0.097,0.005,0.898
784500,0.063,0.015,0.922
785000,0.093,0.021,0.886
785500,0.208,0.000,0.792
786000,0.143,0.000,0.857
786500,0.082,0.005,0.913
787000,0.158,0.000,0.842
787500,0.199,0.000,0.801
788000,0.114,0.000,0.886
788500,0.119,0.002,0.879
789000,0.097,0.009,0.894
789500,0.116,0.004,0.880
790000,0.139,0.014,0.847
790500,0.087,0.000,0.913
791000,0.105,0.006,0.889
791500,0.190,0.001,0.809
792000,0.092,0.003,0.905
792500,0.143,0.001,0.856
793000,0.089,0.002,0.909
793500,0.082,0.007,0.911
794000,0.114,0.002,0.884
794500,0.144,0.001,0.855
795000,0.121,0.000,0.879
795500,0.113,0.000,0.887
796000,0.150,0.000,0.850
796500,0.087,0.007,0.906
797000,0.111,0.000,0.889
797500,0.079,0.026,0.895
798000,0.085,0.002,0.913
798500,0.126,0.000,0.874
799000,0.131,0.000,0.869
799500,0.168,0.007,0.825
800000,0.179,0.000,0.821
800500,0.094,0.004,0.902
801000,0.121,0.000,0.879
801500,0.112,0.003,0.885
802000,0.120,0.018,0.862
802500,0.102,0.000,0.898
803000,0.159,0.000,0.841
803500,0.065,0.005,0.930
804000,0.110,0.000,0.890
804500,0.093,0.011,0.896
805000,0.070,0.001,0.929
805500,0.136,0.001,0.863
806000,0.127,0.010,0.863
806500,0.154,0.001,0.845
807000,0.086,0.004,0.910
807500,0.083,0.001,0.916
808000,0.132,0.000,0.868
808500,0.113,0.000,0.887
809000,0.090,0.009,0.901
809500,0.077,0.003,0.920
810000,0.113,0.004,0.883
810500,0.113,0.003,0.884
811000,0.097,0.000,0.903
811500,0.104,0.009,0.887
812000,0.112,0.000,0.888
812500,0.080,0.000,0.920
813000,0.071,0.051,0.878
813500,0.082,0.023,0.895
814000,0.139,0.000,0.861
814500,0.166,0.000,0.834
815000,0.148,0.000,0.852
815500,0.126,0.000,0.874
816000,0.106,0.000,0.894
816500,0.081,0.000,0.919
817000,0.091,0.011,0.898
817500,0.109,0.000,0.891
818000,0.081,0.004,0.915
818500,0.134,0.001,0.865
819000,0.107,0.013,0.880
819500,0.165,0.000,0.835
820000,0.137,0.000,0.863
820500,0.094,0.000,0.906
821000,0.180,0.002,0.818
821500,0.142,0.001,0.857
822000,0.092,0.000,0.908
822500,0.168,0.000,0.832
823000,0.175,0.000,0.825
823500,0.173,0.000,0.827
824000,0.122,0.000,0.878
824500,0.081,0.001,0.918
825000,0.131,0.001,0.868
825500,0.066,0.013,0.921
826000,0.148,0.000,0.852
826500,0.088,0.000,0.912
827000,0.133,0.000,0.867
827500,0.096,0.012,0.892
828000,0.096,0.001,0.903
828500,0.158,0.006,0.836
829000,0.084,0.015,0.901
829500,0.207,0.000,0.793
830000,0.167,0.000,0.833
830500,0.124,0.000,0.876
831000,0.114,0.010,0.876
831500,0.079,0.023,0.898
832000,0.113,0.000,0.887
832500,0.127,0.001,0.872
833000,0.162,0.000,0.838
833500,0.131,0.000,0.869
834000,0.125,0.000,0.875
834500,0.145,0.000,0.855
835000,0.128,0.000,0.872
835500,0.210,0.002,0.788
836000,0.162,0.000,0.838
836500,0.084,0.001,0.915
837000,0.117,0.000,0.883
837500,0.088,0.000,0.912
838000,0.128,0.000,0.872
838500,0.143,0.001,0.856
839000,0.139,0.000,0.861
839500,0.103,0.006,0.891
840000,0.105,0.015,0.880
840500,0.091,0.000,0.909
841000,0.235,0.000,0.765
841500,0.109,0.000,0.891
842000,0.142,0.000,0.858
842500,0.111,0.001,0.888
843000,0.156,0.000,0.844
843500,0.124,0.001,0.875
844000,0.193,0.000,0.807
844500,0.104,0.000,0.896
845000,0.136,0.010,0.854
845500,0.198,0.000,0.802
846000,0.072,0.001,0.927
846500,0.130,0.000,0.870
847000,0.119,0.002,0.879
847500,0.138,0.000,0.862
848000,0.073,0.000,0.927
848500,0.117,0.000,0.883
849000,0.114,0.000,0.886
849500,0.143,0.000,0.857
850000,0.139,0.000,0.861
850500,0.086,0.008,0.906
851000,0.129,0.000,0.871
851500,0.168,0.001,0.831
852000,0.099,0.013,0.888
852500,0.097,0.006,0.897
853000,0.129,0.000,0.871
853500,0.138,0.000,0.862
854000,0.084,0.023,0.893
854500,0.081,0.041,0.878
855000,0.127,0.001,0.872
855500,0.150,0.000,0.850
856000,0.096,0.014,0.890
856500,0.104,0.000,0.896
857000,0.099,0.002,0.899
857500,0.108,0.001,0.891
858000,0.058,0.021,0.921
858500,0.138,0.000,0.862
859000,0.134,0.000,0.866
859500,0.142,0.000,0.858
860000,0.102,0.013,0.885
860500,0.158,0.000,0.842
861000,0.213,0.000,0.787
861500,0.118,0.000,0.882
862000,0.152,0.000,0.848
862500,0.101,0.003,0.896
863000,0.130,0.000,0.870
863500,0.125,0.000,0.875
864000,0.142,0.000,0.858
864500,0.121,0.000,0.879
865000,0.135,0.000,0.865
865500,0.094,0.006,0.900
866000,0.136,0.003,0.861
866500,0.147,0.000,0.853
867000,0.139,0.006,0.855
867500,0.118,0.020,0.862
868000,0.142,0.004,0.854
868500,0.152,0.000,0.848
869000,0.130,0.000,0.870
869500,0.146,0.004,0.850
870000,0.131,0.001,0.868
870500,0.127,0.000,0.873
871000,0.162,0.000,0.838
871500,0.158,0.000,0.842
872000,0.141,0.000,0.859
872500,0.131,0.000,0.869
873000,0.165,0.000,0.835
873500,0.094,0.000,0.906
874000,0.088,0.004,0.908
874500,0.141,0.000,0.859
875000,0.102,0.006,0.892
875500,0.115,0.000,0.885
876000,0.133,0.000,0.867
876500,0.087,0.000,0.913
877000,0.125,0.008,0.867
877500,0.156,0.000,0.844
878000,0.107,0.000,0.893
878500,0.130,0.000,0.870
879000,0.094,0.000,0.906
879500,0.080,0.008,0.912
880000,0.101,0.000,0.899
880500,0.079,0.016,0.905
881000,0.115,0.013,0.872
881500,0.108,0.002,0.890
882000,0.119,0.001,0.880
882500,0.122,0.000,0.878
883000,0.155,0.000,0.845
883500,0.158,0.000,0.842
884000,0.174,0.000,0.826
884500,0.128,0.000,0.872
885000,0.088,0.000,0.912
885500,0.144,0.010,0.846
886000,0.092,0.000,0.908
886500,0.167,0.000,0.833
887000,0.129,0.000,0.871
887500,0.139,0.000,0.861
888000,0.073,0.015,0.912
888500,0.085,0.008,0.907
889000,0.113,0.000,0.887
889500,0.135,0.000,0.865
890000,0.100,0.000,0.900
890500,0.098,0.002,0.900
891000,0.162,0.000,0.838
891500,0.155,0.000,0.845
892000,0.163,0.000,0.837
892500,0.130,0.010,0.860
893000,0.093,0.018,0.889
893500,0.121,0.015,0.864
894000,0.110,0.000,0.890
894500,0.103,0.023,0.874
895000,0.105,0.000,0.895
895500,0.091,0.017,0.892
896000,0.112,0.000,0.888
896500,0.088,0.024,0.888
897000,0.137,0.000,0.863
897500,0.091,0.000,0.909
898000,0.147,0.001,0.852
898500,0.132,0.000,0.868
899000,0.139,0.000,0.861
899500,0.086,0.001,0.913
900000,0.059,0.005,0.936
900500,0.136,0.007,0.857
901000,0.123,0.005,0.872
901500,0.100,0.000,0.900
902000,0.181,0.001,0.818
902500,0.164,0.000,0.836
903000,0.133,0.020,0.847
903500,0.156,0.000,0.844
904000,0.084,0.004,0.912
904500,0.108,0.003,0.889
905000,0.099,0.000,0.901
905500,0.140,0.000,0.860
906000,0.090,0.005,0.905
906500,0.121,0.005,0.874
907000,0.075,0.019,0.906
907500,0.161,0.000,0.839
908000,0.207,0.000,0.793
908500,0.095,0.000,0.905
909000,0.116,0.000,0.884
909500,0.134,0.000,0.866
910000,0.112,0.029,0.859
910500,0.110,0.011,0.879
911000,0.110,0.002,0.888
911500,0.180,0.000,0.820
912000,0.095,0.000,0.905
912500,0.170,0.000,0.830
913000,0.124,0.000,0.876
913500,0.079,0.010,0.911
914000,0.110,0.000,0.890
914500,0.089,0.000,0.911
915000,0.168,0.000,0.832
915500,0.123,0.004,0.873
916000,0.155,0.000,0.845
916500,0.145,0.001,0.854
917000,0.150,0.000,0.850
917500,0.120,0.022,0.858
918000,0.123,0.000,0.877
918500,0.204,0.009,0.787
919000,0.135,0.000,0.865
919500,0.159,0.000,0.841
920000,0.216,0.000,0.784
920500,0.149,0.000,0.851
921000,0.140,0.000,0.860
921500,0.108,0.001,0.891
922000,0.168,0.000,0.832
922500,0.162,0.000,0.838
923000,0.132,0.002,0.866
923500,0.117,0.014,0.869
924000,0.140,0.000,0.860
924500,0.162,0.000,0.838
925000,0.136,0.000,0.864
925500,0.133,0.005,0.862
926000,0.140,0.000,0.860
926500,0.192,0.000,0.808
927000,0.082,0.009,0.909
927500,0.138,0.004,0.858
928000,0.125,0.000,0.875
928500,0.093,0.023,0.884
929000,0.135,0.000,0.865
929500,0.120,0.000,0.880
930000,0.128,0.000,0.872
930500,0.137,0.000,0.863
931000,0.072,0.000,0.928
931500,0.121,0.000,0.879
932000,0.119,0.008,0.873
932500,0.126,0.001,0.873
933000,0.067,0.000,0.933
933500,0.081,0.000,0.919
934000,0.166,0.001,0.833
934500,0.123,0.000,0.877
935000,0.124,0.005,0.871
935500,0.092,0.000,0.908
936000,0.125,0.000,0.875
936500,0.104,0.001,0.895
937000,0.208,0.000,0.792
937500,0.086,0.020,0.894
938000,0.137,0.000,0.863
938500,0.141,0.000,0.859
939000,0.161,0.000,0.839
939500,0.061,0.053,0.886
940000,0.103,0.002,0.895
940500,0.103,0.000,0.897
941000,0.164,0.000,0.836
941500,0.216,0.000,0.784
942000,0.114,0.002,0.884
942500,0.125,0.000,0.875
943000,0.150,0.002,0.848
943500,0.165,0.000,0.835
944000,0.115,0.000,0.885
944500,0.103,0.000,0.897
945000,0.132,0.000,0.868
945500,0.190,0.004,0.806
946000,0.113,0.000,0.887
946500,0.112,0.000,0.888
947000,0.142,0.001,0.857
947500,0.145,0.028,0.827
948000,0.123,0.000,0.877
948500,0.169,0.003,0.828
949000,0.109,0.000,0.891
949500,0.082,0.023,0.895
950000,0.173,0.000,0.827
950500,0.117,0.000,0.883
951000,0.235,0.001,0.764
951500,0.109,0.001,0.890
952000,0.124,0.000,0.876
952500,0.080,0.000,0.920
953000,0.120,0.001,0.879
953500,0.099,0.000,0.901
954000,0.112,0.000,0.888
954500,0.136,0.004,0.860
955000,0.127,0.002,0.871
955500,0.089,0.004,0.907
956000,0.138,0.000,0.862
956500,0.131,0.000,0.869
957000,0.186,0.000,0.814
957500,0.116,0.000,0.884
958000,0.129,0.004,0.867
958500,0.110,0.019,0.871
959000,0.132,0.000,0.868
959500,0.148,0.000,0.852
960000,0.168,0.002,0.830
960500,0.107,0.000,0.893
961000,0.115,0.000,0.885
961500,0.126,0.000,0.874
962000,0.077,0.012,0.911
962500,0.149,0.000,0.851
963000,0.120,0.002,0.878
963500,0.133,0.000,0.867
964000,0.133,0.004,0.863
964500,0.111,0.000,0.889
965000,0.108,0.000,0.892
965500,0.092,0.003,0.905
966000,0.143,0.000,0.857
966500,0.091,0.002,0.907
967000,0.146,0.004,0.850
967500,0.128,0.012,0.860
968000,0.117,0.000,0.883
968500,0.116,0.000,0.884
969000,0.137,0.000,0.863
969500,0.102,0.011,0.887
970000,0.101,0.000,0.899
970500,0.117,0.001,0.882
971000,0.096,0.000,0.904
971500,0.123,0.000,0.877
972000,0.118,0.000,0.882
972500,0.111,0.009,0.880
973000,0.118,0.022,0.860
973500,0.122,0.000,0.878
974000,0.150,0.000,0.850
974500,0.143,0.000,0.857
975000,0.142,0.016,0.842
975500,0.162,0.000,0.838
976000,0.084,0.000,0.916
976500,0.190,0.000,0.810
977000,0.093,0.000,0.907
977500,0.120,0.001,0.879
978000,0.116,0.022,0.862
978500,0.093,0.023,0.884
979000,0.075,0.019,0.906
979500,0.101,0.009,0.890
980000,0.130,0.003,0.867
980500,0.170,0.000,0.830
981000,0.178,0.000,0.822
981500,0.128,0.000,0.872
982000,0.154,0.000,0.846
982500,0.163,0.000,0.837
983000,0.168,0.009,0.823
983500,0.067,0.016,0.917
984000,0.083,0.001,0.916
984500,0.096,0.013,0.891
985000,0.146,0.000,0.854
985500,0.119,0.000,0.881
986000,0.080,0.000,0.920
986500,0.156,0.000,0.844
987000,0.194,0.000,0.806
987500,0.180,0.000,0.820
988000,0.111,0.000,0.889
988500,0.098,0.017,0.885
989000,0.143,0.000,0.857
989500,0.126,0.000,0.874
990000,0.099,0.000,0.901
990500,0.165,0.000,0.835
991000,0.158,0.000,0.842
991500,0.073,0.021,0.906
992000,0.132,0.000,0.868
992500,0.163,0.000,0.837
993000,0.079,0.013,0.908
993500,0.154,0.001,0.845
994000,0.149,0.000,0.851
994500,0.112,0.007,0.881
995000,0.161,0.000,0.839
995500,0.095,0.000,0.905
996000,0.187,0.000,0.813
996500,0.089,0.021,0.890
997000,0.098,0.000,0.902
997500,0.127,0.017,0.856
998000,0.150,0.011,0.839
998500,0.113,0.000,0.887
999000,0.126,0.000,0.874
999500,0.123,0.000,0.877
1000000,0.127,0.005,0.868
