time,n_A+p,n_B,n_AB
500,0.030,0.457,0.513
1000,0.030,0.425,0.545
1500,0.030,0.261,0.709
2000,0.030,0.505,0.465
2500,0.030,0.546,0.424
3000,0.030,0.405,0.565
3500,0.030,0.570,0.400
4000,0.030,0.385,0.585
4500,0.030,0.565,0.405
5000,0.030,0.488,0.482
5500,0.030,0.701,0.269
6000,0.030,0.561,0.409
6500,0.030,0.516,0.454
7000,0.030,0.297,0.673
7500,0.030,0.587,0.383
8000,0.030,0.383,0.587
8500,0.030,0.466,0.504
9000,0.030,0.558,0.412
9500,0.030,0.477,0.493
10000,0.030,0.539,0.431
10500,0.030,0.622,0.348
11000,0.030,0.595,0.375
11500,0.030,0.660,0.310
12000,0.030,0.404,0.566
12500,0.030,0.507,0.463
13000,0.030,0.589,0.381
13500,0.030,0.465,0.505
14000,0.030,0.614,0.356
14500,0.030,0.571,0.399
15000,0.030,0.238,0.732
15500,0.030,0.543,0.427
16000,0.030,0.431,0.539
16500,0.030,0.517,0.453
17000,0.030,0.393,0.577
17500,0.030,0.395,0.575
18000,0.030,0.424,0.546
18500,0.030,0.561,0.409
19000,0.030,0.546,0.424
19500,0.030,0.538,0.432
20000,0.030,0.476,0.494
20500,0.030,0.420,0.550
21000,0.030,0.405,0.565
21500,0.030,0.409,0.561
22000,0.030,0.403,0.567
22500,0.030,0.644,0.326
23000,0.030,0.469,0.501
23500,0.030,0.546,0.424
24000,0.030,0.528,0.442
24500,0.030,0.590,0.380
25000,0.030,0.368,0.602
25500,0.030,0.559,0.411
26000,0.030,0.342,0.628
26500,0.030,0.388,0.582
27000,0.030,0.269,0.701
27500,0.030,0.612,0.358
28000,0.030,0.497,0.473
28500,0.030,0.540,0.430
29000,0.030,0.428,0.542
29500,0.030,0.435,0.535
30000,0.030,0.626,0.344
30500,0.030,0.657,0.313
31000,0.030,0.429,0.541
31500,0.030,0.602,0.368
32000,0.030,0.376,0.594
32500,0.030,0.362,0.608
33000,0.030,0.524,0.446
33500,0.030,0.272,0.698
34000,0.030,0.600,0.370
34500,0.030,0.467,0.503
35000,0.030,0.603,0.367
35500,0.030,0.451,0.519
36000,0.030,0.549,0.421
36500,0.030,0.413,0.557
37000,0.030,0.448,0.522
37500,0.030,0.429,0.541
38000,0.030,0.389,0.581
38500,0.030,0.560,0.410
39000,0.030,0.488,0.482
39500,0.030,0.434,0.536
40000,0.030,0.529,0.441
40500,0.030,0.439,0.531
41000,0.030,0.584,0.386
41500,0.030,0.524,0.446
42000,0.030,0.550,0.420
42500,0.030,0.392,0.578
43000,0.030,0.389,0.581
43500,0.030,0.597,0.373
44000,0.030,0.508,0.462
44500,0.030,0.464,0.506
45000,0.030,0.629,0.341
45500,0.030,0.436,0.534
46000,0.030,0.701,0.269
46500,0.030,0.586,0.384
47000,0.030,0.425,0.545
47500,0.030,0.412,0.558
48000,0.030,0.494,0.476
48500,0.030,0.573,0.397
49000,0.030,0.581,0.389
49500,0.030,0.582,0.388
50000,0.030,0.387,0.583
50500,0.030,0.626,0.344
51000,0.030,0.331,0.639
51500,0.030,0.475,0.495
52000,0.030,0.523,0.447
52500,0.030,0.579,0.391
53000,0.030,0.634,0.336
53500,0.030,0.410,0.560
54000,0.030,0.523,0.447
54500,0.030,0.502,0.468
55000,0.030,0.385,0.585
55500,0.030,0.649,0.321
56000,0.030,0.576,0.394
56500,0.030,0.481,0.489
57000,0.030,0.595,0.375
57500,0.030,0.588,0.382
58000,0.030,0.510,0.460
58500,0.030,0.516,0.454
59000,0.030,0.454,0.516
59500,0.030,0.563,0.407
60000,0.030,0.615,0.355
60500,0.030,0.481,0.489
61000,0.030,0.588,0.382
61500,0.030,0.387,0.583
62000,0.030,0.725,0.245
62500,0.030,0.482,0.488
63000,0.030,0.564,0.406
63500,0.030,0.318,0.652
64000,0.030,0.431,0.539
64500,0.030,0.296,0.674
65000,0.030,0.543,0.427
65500,0.030,0.675,0.295
66000,0.030,0.613,0.357
66500,0.030,0.466,0.504
67000,0.030,0.435,0.535
67500,0.030,0.434,0.536
68000,0.030,0.519,0.451
68500,0.030,0.637,0.333
69000,0.030,0.319,0.651
69500,0.030,0.569,0.401
70000,0.030,0.241,0.729
70500,0.030,0.437,0.533
71000,0.030,0.381,0.589
71500,0.030,0.564,0.406
72000,0.030,0.552,0.418
72500,0.030,0.407,0.563
73000,0.030,0.373,0.597
73500,0.030,0.601,0.369
74000,0.030,0.527,0.443
74500,0.030,0.537,0.433
75000,0.030,0.511,0.459
75500,0.030,0.613,0.357
76000,0.030,0.580,0.390
76500,0.030,0.552,0.418
77000,0.030,0.665,0.305
77500,0.030,0.596,0.374
78000,0.030,0.459,0.511
78500,0.030,0.547,0.423
79000,0.030,0.589,0.381
79500,0.030,0.488,0.482
80000,0.030,0.593,0.377
80500,0.030,0.511,0.459
81000,0.030,0.297,0.673
81500,0.030,0.463,0.507
82000,0.030,0.522,0.448
82500,0.030,0.449,0.521
83000,0.030,0.581,0.389
83500,0.030,0.374,0.596
84000,0.030,0.448,0.522
84500,0.030,0.494,0.476
85000,0.030,0.632,0.338
85500,0.030,0.403,0.567
86000,0.030,0.485,0.485
86500,0.030,0.280,0.690
87000,0.030,0.472,0.498
87500,0.030,0.536,0.434
88000,0.030,0.514,0.456
88500,0.030,0.535,0.435
89000,0.030,0.529,0.441
89500,0.030,0.540,0.430
90000,0.030,0.470,0.500
90500,0.030,0.584,0.386
91000,0.030,0.405,0.565
91500,0.030,0.513,0.457
92000,0.030,0.557,0.413
92500,0.030,0.431,0.539
93000,0.030,0.511,0.459
93500,0.030,0.431,0.539
94000,0.030,0.456,0.514
94500,0.030,0.411,0.559
95000,0.030,0.712,0.258
95500,0.030,0.620,0.350
96000,0.030,0.524,0.446
96500,0.030,0.614,0.356
97000,0.030,0.419,0.551
97500,0.030,0.411,0.559
98000,0.030,0.425,0.545
98500,0.030,0.470,0.500
99000,0.030,0.487,0.483
99500,0.030,0.688,0.282
100000,0.030,0.612,0.358
100500,0.030,0.624,0.346
101000,0.030,0.366,0.604
101500,0.030,0.463,0.507
102000,0.030,0.342,0.628
102500,0.030,0.485,0.485
103000,0.030,0.560,0.410
103500,0.030,0.368,0.602
104000,0.030,0.747,0.223
104500,0.030,0.624,0.346
105000,0.030,0.455,0.515
105500,0.030,0.454,0.516
106000,0.030,0.647,0.323
106500,0.030,0.589,0.381
107000,0.030,0.527,0.443
107500,0.030,0.509,0.461
108000,0.030,0.482,0.488
108500,0.030,0.404,0.566
109000,0.030,0.619,0.351
109500,0.030,0.596,0.374
110000,0.030,0.436,0.534
110500,0.030,0.352,0.618
111000,0.030,0.252,0.718
111500,0.030,0.466,0.504
112000,0.030,0.388,0.582
112500,0.030,0.617,0.353
113000,0.030,0.573,0.397
113500,0.030,0.628,0.342
114000,0.030,0.519,0.451
114500,0.030,0.674,0.296
115000,0.030,0.535,0.435
115500,0.030,0.629,0.341
116000,0.030,0.484,0.486
116500,0.030,0.597,0.373
117000,0.030,0.534,0.436
117500,0.030,0.487,0.483
118000,0.030,0.447,0.523
118500,0.030,0.444,0.526
119000,0.030,0.493,0.477
119500,0.030,0.492,0.478
120000,0.030,0.476,0.494
120500,0.030,0.604,0.366
121000,0.030,0.433,0.537
121500,0.030,0.698,0.272
122000,0.030,0.579,0.391
122500,0.030,0.420,0.550
123000,0.030,0.381,0.589
123500,0.030,0.517,0.453
124000,0.030,0.515,0.455
124500,0.030,0.583,0.387
125000,0.030,0.696,0.274
125500,0.030,0.517,0.453
126000,0.030,0.499,0.471
126500,0.030,0.441,0.529
127000,0.030,0.355,0.615
127500,0.030,0.336,0.634
128000,0.030,0.559,0.411
128500,0.030,0.418,0.552
129000,0.030,0.341,0.629
129500,0.030,0.448,0.522
130000,0.030,0.651,0.319
130500,0.030,0.700,0.270
131000,0.030,0.588,0.382
131500,0.030,0.393,0.577
132000,0.030,0.626,0.344
132500,0.030,0.455,0.515
133000,0.030,0.282,0.688
133500,0.030,0.474,0.496
134000,0.030,0.555,0.415
134500,0.030,0.584,0.386
135000,0.030,0.359,0.611
135500,0.030,0.485,0.485
136000,0.030,0.566,0.404
136500,0.030,0.448,0.522
137000,0.030,0.440,0.530
137500,0.030,0.588,0.382
138000,0.030,0.597,0.373
138500,0.030,0.404,0.566
139000,0.030,0.456,0.514
139500,0.030,0.577,0.393
140000,0.030,0.583,0.387
140500,0.030,0.546,0.424
141000,0.030,0.646,0.324
141500,0.030,0.561,0.409
142000,0.030,0.546,0.424
142500,0.030,0.481,0.489
143000,0.030,0.383,0.587
143500,0.030,0.604,0.366
144000,0.030,0.490,0.480
144500,0.030,0.392,0.578
145000,0.030,0.532,0.438
145500,0.030,0.529,0.441
146000,0.030,0.514,0.456
146500,0.030,0.477,0.493
147000,0.030,0.556,0.414
147500,0.030,0.478,0.492
148000,0.030,0.595,0.375
148500,0.030,0.492,0.478
149000,0.030,0.479,0.491
149500,0.030,0.541,0.429
150000,0.030,0.310,0.660
150500,0.030,0.544,0.426
151000,0.030,0.313,0.657
151500,0.030,0.375,0.595
152000,0.030,0.407,0.563
152500,0.030,0.364,0.606
153000,0.030,0.473,0.497
153500,0.030,0.638,0.332
154000,0.030,0.468,0.502
154500,0.030,0.570,0.400
155000,0.030,0.536,0.434
155500,0.030,0.480,0.490
156000,0.030,0.611,0.359
156500,0.030,0.470,0.500
157000,0.030,0.460,0.510
157500,0.030,0.622,0.348
158000,0.030,0.555,0.415
158500,0.030,0.505,0.465
159000,0.030,0.496,0.474
159500,0.030,0.596,0.374
160000,0.030,0.669,0.301
160500,0.030,0.409,0.561
161000,0.030,0.373,0.597
161500,0.030,0.444,0.526
162000,0.030,0.654,0.316
162500,0.030,0.587,0.383
163000,0.030,0.586,0.384
163500,0.030,0.494,0.476
164000,0.030,0.612,0.358
164500,0.030,0.508,0.462
165000,0.030,0.631,0.339
165500,0.030,0.551,0.419
166000,0.030,0.613,0.357
166500,0.030,0.451,0.519
167000,0.030,0.672,0.298
167500,0.030,0.529,0.441
168000,0.030,0.638,0.332
168500,0.030,0.468,0.502
169000,0.030,0.556,0.414
169500,0.030,0.493,0.477
170000,0.030,0.281,0.689
170500,0.030,0.322,0.648
171000,0.030,0.489,0.481
171500,0.030,0.511,0.459
172000,0.030,0.359,0.611
172500,0.030,0.452,0.518
173000,0.030,0.474,0.496
173500,0.030,0.488,0.482
174000,0.030,0.416,0.554
174500,0.030,0.408,0.562
175000,0.030,0.475,0.495
175500,0.030,0.357,0.613
176000,0.030,0.304,0.666
176500,0.030,0.282,0.688
177000,0.030,0.404,0.566
177500,0.030,0.687,0.283
178000,0.030,0.477,0.493
178500,0.030,0.423,0.547
179000,0.030,0.597,0.373
179500,0.030,0.527,0.443
180000,0.030,0.630,0.340
180500,0.030,0.310,0.660
181000,0.030,0.406,0.564
181500,0.030,0.700,0.270
182000,0.030,0.657,0.313
182500,0.030,0.409,0.561
183000,0.030,0.614,0.356
183500,0.030,0.666,0.304
184000,0.030,0.438,0.532
184500,0.030,0.421,0.549
185000,0.030,0.436,0.534
185500,0.030,0.521,0.449
186000,0.030,0.356,0.614
186500,0.030,0.412,0.558
187000,0.030,0.408,0.562
187500,0.030,0.458,0.512
188000,0.030,0.394,0.576
188500,0.030,0.553,0.417
189000,0.030,0.322,0.648
189500,0.030,0.405,0.565
190000,0.030,0.531,0.439
190500,0.030,0.483,0.487
191000,0.030,0.464,0.506
191500,0.030,0.404,0.566
192000,0.030,0.501,0.469
192500,0.030,0.378,0.592
193000,0.030,0.536,0.434
193500,0.030,0.499,0.471
194000,0.030,0.499,0.471
194500,0.030,0.599,0.371
195000,0.030,0.521,0.449
195500,0.030,0.467,0.503
196000,0.030,0.527,0.443
196500,0.030,0.627,0.343
197000,0.030,0.311,0.659
197500,0.030,0.345,0.625
198000,0.030,0.369,0.601
198500,0.030,0.516,0.454
199000,0.030,0.628,0.342
199500,0.030,0.559,0.411
200000,0.030,0.448,0.522
200500,0.030,0.549,0.421
201000,0.030,0.464,0.506
201500,0.030,0.559,0.411
202000,0.030,0.495,0.475
202500,0.030,0.499,0.471
203000,0.030,0.714,0.256
203500,0.030,0.496,0.474
204000,0.030,0.578,0.392
204500,0.030,0.562,0.408
205000,0.030,0.483,0.487
205500,0.030,0.615,0.355
206000,0.030,0.554,0.416
206500,0.030,0.582,0.388
207000,0.030,0.372,0.598
207500,0.030,0.591,0.379
208000,0.030,0.366,0.604
208500,0.030,0.286,0.684
209000,0.030,0.554,0.416
209500,0.030,0.412,0.558
210000,0.030,0.430,0.540
210500,0.030,0.359,0.611
211000,0.030,0.530,0.440
211500,0.030,0.403,0.567
212000,0.030,0.448,0.522
212500,0.030,0.342,0.628
213000,0.030,0.469,0.501
213500,0.030,0.532,0.438
214000,0.030,0.587,0.383
214500,0.030,0.628,0.342
215000,0.030,0.488,0.482
215500,0.030,0.495,0.475
216000,0.030,0.413,0.557
216500,0.030,0.364,0.606
217000,0.030,0.389,0.581
217500,0.030,0.637,0.333
218000,0.030,0.337,0.633
218500,0.030,0.348,0.622
219000,0.030,0.562,0.408
219500,0.030,0.415,0.555
220000,0.030,0.537,0.433
220500,0.030,0.163,0.807
221000,0.030,0.466,0.504
221500,0.030,0.427,0.543
222000,0.030,0.453,0.517
222500,0.030,0.493,0.477
223000,0.030,0.473,0.497
223500,0.030,0.672,0.298
224000,0.030,0.486,0.484
224500,0.030,0.326,0.644
225000,0.030,0.608,0.362
225500,0.030,0.529,0.441
226000,0.030,0.573,0.397
226500,0.030,0.552,0.418
227000,0.030,0.390,0.580
227500,0.030,0.408,0.562
228000,0.030,0.458,0.512
228500,0.030,0.398,0.572
229000,0.030,0.576,0.394
229500,0.030,0.551,0.419
230000,0.030,0.498,0.472
230500,0.030,0.622,0.348
231000,0.030,0.429,0.541
231500,0.030,0.609,0.361
232000,0.030,0.365,0.605
232500,0.030,0.666,0.304
233000,0.030,0.347,0.623
233500,0.030,0.404,0.566
234000,0.030,0.468,0.502
234500,0.030,0.413,0.557
235000,0.030,0.476,0.494
235500,0.030,0.552,0.418
236000,0.030,0.602,0.368
236500,0.030,0.498,0.472
237000,0.030,0.507,0.463
237500,0.030,0.573,0.397
238000,0.030,0.557,0.413
238500,0.030,0.447,0.523
239000,0.030,0.552,0.418
239500,0.030,0.411,0.559
240000,0.030,0.638,0.332
240500,0.030,0.513,0.457
241000,0.030,0.511,0.459
241500,0.030,0.696,0.274
242000,0.030,0.526,0.444
242500,0.030,0.467,0.503
243000,0.030,0.486,0.484
243500,0.030,0.647,0.323
244000,0.030,0.523,0.447
244500,0.030,0.499,0.471
245000,0.030,0.353,0.617
245500,0.030,0.358,0.612
246000,0.030,0.424,0.546
246500,0.030,0.539,0.431
247000,0.030,0.596,0.374
247500,0.030,0.399,0.571
248000,0.030,0.554,0.416
248500,0.030,0.531,0.439
249000,0.030,0.485,0.485
249500,0.030,0.644,0.326
250000,0.030,0.803,0.167
250500,0.030,0.333,0.637
251000,0.030,0.487,0.483
251500,0.030,0.372,0.598
252000,0.030,0.573,0.397
252500,0.030,0.561,0.409
253000,0.030,0.544,0.426
253500,0.030,0.317,0.653
254000,0.030,0.649,0.321
254500,0.030,0.339,0.631
255000,0.030,0.470,0.500
255500,0.030,0.523,0.447
256000,0.030,0.467,0.503
256500,0.030,0.438,0.532
257000,0.030,0.494,0.476
257500,0.030,0.267,0.703
258000,0.030,0.505,0.465
258500,0.030,0.566,0.404
259000,0.030,0.512,0.458
259500,0.030,0.539,0.431
260000,0.030,0.496,0.474
260500,0.030,0.433,0.537
261000,0.030,0.339,0.631
261500,0.030,0.615,0.355
262000,0.030,0.490,0.480
262500,0.030,0.523,0.447
263000,0.030,0.557,0.413
263500,0.030,0.722,0.248
264000,0.030,0.522,0.448
264500,0.030,0.457,0.513
265000,0.030,0.612,0.358
265500,0.030,0.523,0.447
266000,0.030,0.556,0.414
266500,0.030,0.469,0.501
267000,0.030,0.567,0.403
267500,0.030,0.517,0.453
268000,0.030,0.607,0.363
268500,0.030,0.416,0.554
269000,0.030,0.354,0.616
269500,0.030,0.429,0.541
270000,0.030,0.388,0.582
270500,0.030,0.426,0.544
271000,0.030,0.257,0.713
271500,0.030,0.385,0.585
272000,0.030,0.652,0.318
272500,0.030,0.396,0.574
273000,0.030,0.527,0.443
273500,0.030,0.416,0.554
274000,0.030,0.518,0.452
274500,0.030,0.435,0.535
275000,0.030,0.606,0.364
275500,0.030,0.651,0.319
276000,0.030,0.310,0.660
276500,0.030,0.643,0.327
277000,0.030,0.440,0.530
277500,0.030,0.463,0.507
278000,0.030,0.453,0.517
278500,0.030,0.550,0.420
279000,0.030,0.517,0.453
279500,0.030,0.541,0.429
280000,0.030,0.438,0.532
280500,0.030,0.372,0.598
281000,0.030,0.465,0.505
281500,0.030,0.488,0.482
282000,0.030,0.389,0.581
282500,0.030,0.622,0.348
283000,0.030,0.589,0.381
283500,0.030,0.399,0.571
284000,0.030,0.415,0.555
284500,0.030,0.473,0.497
285000,0.030,0.559,0.411
285500,0.030,0.280,0.690
286000,0.030,0.315,0.655
286500,0.030,0.401,0.569
287000,0.030,0.532,0.438
287500,0.030,0.612,0.358
288000,0.030,0.525,0.445
288500,0.030,0.463,0.507
289000,0.030,0.363,0.607
289500,0.030,0.573,0.397
290000,0.030,0.360,0.610
290500,0.030,0.558,0.412
291000,0.030,0.485,0.485
291500,0.030,0.456,0.514
292000,0.030,0.492,0.478
292500,0.030,0.634,0.336
293000,0.030,0.539,0.431
293500,0.030,0.360,0.610
294000,0.030,0.444,0.526
294500,0.030,0.430,0.540
295000,0.030,0.370,0.600
295500,0.030,0.650,0.320
296000,0.030,0.605,0.365
296500,0.030,0.498,0.472
297000,0.030,0.449,0.521
297500,0.030,0.415,0.555
298000,0.030,0.696,0.274
298500,0.030,0.402,0.568
299000,0.030,0.430,0.540
299500,0.030,0.505,0.465
300000,0.030,0.577,0.393
300500,0.030,0.745,0.225
301000,0.030,0.579,0.391
301500,0.030,0.464,0.506
302000,0.030,0.702,0.268
302500,0.030,0.370,0.600
303000,0.030,0.591,0.379
303500,0.030,0.251,0.719
304000,0.030,0.356,0.614
304500,0.030,0.636,0.334
305000,0.030,0.621,0.349
305500,0.030,0.449,0.521
306000,0.030,0.523,0.447
306500,0.030,0.467,0.503
307000,0.030,0.501,0.469
307500,0.030,0.352,0.618
308000,0.030,0.602,0.368
308500,0.030,0.320,0.650
309000,0.030,0.545,0.425
309500,0.030,0.327,0.643
310000,0.030,0.667,0.303
310500,0.030,0.518,0.452
311000,0.030,0.536,0.434
311500,0.030,0.482,0.488
312000,0.030,0.412,0.558
312500,0.030,0.606,0.364
313000,0.030,0.559,0.411
313500,0.030,0.631,0.339
314000,0.030,0.456,0.514
314500,0.030,0.468,0.502
315000,0.030,0.547,0.423
315500,0.030,0.343,0.627
316000,0.030,0.420,0.550
316500,0.030,0.473,0.497
317000,0.030,0.430,0.540
317500,0.030,0.332,0.638
318000,0.030,0.489,0.481
318500,0.030,0.434,0.536
319000,0.030,0.389,0.581
319500,0.030,0.417,0.553
320000,0.030,0.635,0.335
320500,0.030,0.626,0.344
321000,0.030,0.615,0.355
321500,0.030,0.379,0.591
322000,0.030,0.491,0.479
322500,0.030,0.494,0.476
323000,0.030,0.538,0.432
323500,0.030,0.480,0.490
324000,0.030,0.400,0.570
324500,0.030,0.622,0.348
325000,0.030,0.308,0.662
325500,0.030,0.404,0.566
326000,0.030,0.500,0.470
326500,0.030,0.398,0.572
327000,0.030,0.482,0.488
327500,0.030,0.563,0.407
328000,0.030,0.421,0.549
328500,0.030,0.382,0.588
329000,0.030,0.270,0.700
329500,0.030,0.560,0.410
330000,0.030,0.376,0.594
330500,0.030,0.379,0.591
331000,0.030,0.409,0.561
331500,0.030,0.524,0.446
332000,0.030,0.492,0.478
332500,0.030,0.559,0.411
333000,0.030,0.494,0.476
333500,0.030,0.612,0.358
334000,0.030,0.432,0.538
334500,0.030,0.548,0.422
335000,0.030,0.391,0.579
335500,0.030,0.394,0.576
336000,0.030,0.416,0.554
336500,0.030,0.378,0.592
337000,0.030,0.531,0.439
337500,0.030,0.277,0.693
338000,0.030,0.635,0.335
338500,0.030,0.568,0.402
339000,0.030,0.465,0.505
339500,0.030,0.647,0.323
340000,0.030,0.456,0.514
340500,0.030,0.589,0.381
341000,0.030,0.615,0.355
341500,0.030,0.448,0.522
342000,0.030,0.419,0.551
342500,0.030,0.302,0.668
343000,0.030,0.321,0.649
343500,0.030,0.488,0.482
344000,0.030,0.516,0.454
344500,0.030,0.461,0.509
345000,0.030,0.613,0.357
345500,0.030,0.458,0.512
346000,0.030,0.654,0.316
346500,0.030,0.572,0.398
347000,0.030,0.307,0.663
347500,0.030,0.635,0.335
348000,0.030,0.474,0.496
348500,0.030,0.521,0.449
349000,0.030,0.503,0.467
349500,0.030,0.579,0.391
350000,0.030,0.502,0.468
350500,0.030,0.520,0.450
351000,0.030,0.576,0.394
351500,0.030,0.295,0.675
352000,0.030,0.631,0.339
352500,0.030,0.414,0.556
353000,0.030,0.326,0.644
353500,0.030,0.486,0.484
354000,0.030,0.365,0.605
354500,0.030,0.636,0.334
355000,0.030,0.459,0.511
355500,0.030,0.305,0.665
356000,0.030,0.347,0.623
356500,0.030,0.505,0.465
357000,0.030,0.522,0.448
357500,0.030,0.346,0.624
358000,0.030,0.476,0.494
358500,0.030,0.332,0.638
359000,0.030,0.590,0.380
359500,0.030,0.592,0.378
360000,0.030,0.315,0.655
360500,0.030,0.374,0.596
361000,0.030,0.594,0.376
361500,0.030,0.522,0.448
362000,0.030,0.425,0.545
362500,0.030,0.510,0.460
363000,0.030,0.846,0.124
363500,0.030,0.511,0.459
364000,0.030,0.497,0.473
364500,0.030,0.379,0.591
365000,0.030,0.534,0.436
365500,0.030,0.510,0.460
366000,0.030,0.513,0.457
366500,0.030,0.498,0.472
367000,0.030,0.439,0.531
367500,0.030,0.472,0.498
368000,0.030,0.438,0.532
368500,0.030,0.558,0.412
369000,0.030,0.554,0.416
369500,0.030,0.385,0.585
370000,0.030,0.569,0.401
370500,0.030,0.732,0.238
371000,0.030,0.346,0.624
371500,0.030,0.674,0.296
372000,0.030,0.419,0.551
372500,0.030,0.304,0.666
373000,0.030,0.515,0.455
373500,0.030,0.539,0.431
374000,0.030,0.478,0.492
374500,0.030,0.420,0.550
375000,0.030,0.442,0.528
375500,0.030,0.578,0.392
376000,0.030,0.565,0.405
376500,0.030,0.407,0.563
377000,0.030,0.298,0.672
377500,0.030,0.471,0.499
378000,0.030,0.473,0.497
378500,0.030,0.701,0.269
379000,0.030,0.391,0.579
379500,0.030,0.242,0.728
380000,0.030,0.442,0.528
380500,0.030,0.337,0.633
381000,0.030,0.347,0.623
381500,0.030,0.323,0.647
382000,0.030,0.640,0.330
382500,0.030,0.464,0.506
383000,0.030,0.545,0.425
383500,0.030,0.378,0.592
384000,0.030,0.360,0.610
384500,0.030,0.403,0.567
385000,0.030,0.526,0.444
385500,0.030,0.391,0.579
386000,0.030,0.664,0.306
386500,0.030,0.404,0.566
387000,0.030,0.465,0.505
387500,0.030,0.541,0.429
388000,0.030,0.381,0.589
388500,0.030,0.702,0.268
389000,0.030,0.314,0.656
389500,0.030,0.387,0.583
390000,0.030,0.459,0.511
390500,0.030,0.416,0.554
391000,0.030,0.602,0.368
391500,0.030,0.364,0.606
392000,0.030,0.446,0.524
392500,0.030,0.554,0.416
393000,0.030,0.681,0.289
393500,0.030,0.610,0.360
394000,0.030,0.423,0.547
394500,0.030,0.495,0.475
395000,0.030,0.437,0.533
395500,0.030,0.685,0.285
396000,0.030,0.519,0.451
396500,0.030,0.467,0.503
397000,0.030,0.477,0.493
397500,0.030,0.468,0.502
398000,0.030,0.510,0.460
398500,0.030,0.427,0.543
399000,0.030,0.433,0.537
399500,0.030,0.346,0.624
400000,0.030,0.635,0.335
400500,0.030,0.526,0.444
401000,0.030,0.359,0.611
401500,0.030,0.567,0.403
402000,0.030,0.531,0.439
402500,0.030,0.518,0.452
403000,0.030,0.552,0.418
403500,0.030,0.394,0.576
404000,0.030,0.438,0.532
404500,0.030,0.420,0.550
405000,0.030,0.594,0.376
405500,0.030,0.467,0.503
406000,0.030,0.601,0.369
406500,0.030,0.609,0.361
407000,0.030,0.427,0.543
407500,0.030,0.410,0.560
408000,0.030,0.421,0.549
408500,0.030,0.372,0.598
409000,0.030,0.463,0.507
409500,0.030,0.437,0.533
410000,0.030,0.575,0.395
410500,0.030,0.547,0.423
411000,0.030,0.471,0.499
411500,0.030,0.493,0.477
412000,0.030,0.340,0.630
412500,0.030,0.443,0.527
413000,0.030,0.395,0.575
413500,0.030,0.552,0.418
414000,0.030,0.464,0.506
414500,0.030,0.465,0.505
415000,0.030,0.412,0.558
415500,0.030,0.332,0.638
416000,0.030,0.299,0.671
416500,0.030,0.635,0.335
417000,0.030,0.622,0.348
417500,0.030,0.514,0.456
418000,0.030,0.553,0.417
418500,0.030,0.525,0.445
419000,0.030,0.344,0.626
419500,0.030,0.394,0.576
420000,0.030,0.313,0.657
420500,0.030,0.391,0.579
421000,0.030,0.389,0.581
421500,0.030,0.524,0.446
422000,0.030,0.537,0.433
422500,0.030,0.404,0.566
423000,0.030,0.654,0.316
423500,0.030,0.544,0.426
424000,0.030,0.606,0.364
424500,0.030,0.327,0.643
425000,0.030,0.474,0.496
425500,0.030,0.519,0.451
426000,0.030,0.595,0.375
426500,0.030,0.641,0.329
427000,0.030,0.598,0.372
427500,0.030,0.628,0.342
428000,0.030,0.476,0.494
428500,0.030,0.529,0.441
429000,0.030,0.473,0.497
429500,0.030,0.583,0.387
430000,0.030,0.598,0.372
430500,0.030,0.310,0.660
431000,0.030,0.691,0.279
431500,0.030,0.446,0.524
432000,0.030,0.496,0.474
432500,0.030,0.468,0.502
433000,0.030,0.710,0.260
433500,0.030,0.651,0.319
434000,0.030,0.391,0.579
434500,0.030,0.485,0.485
435000,0.030,0.709,0.261
435500,0.030,0.831,0.139
436000,0.030,0.316,0.654
436500,0.030,0.417,0.553
437000,0.030,0.453,0.517
437500,0.030,0.607,0.363
438000,0.030,0.591,0.379
438500,0.030,0.468,0.502
439000,0.030,0.731,0.239
439500,0.030,0.569,0.401
440000,0.030,0.367,0.603
440500,0.030,0.464,0.506
441000,0.030,0.542,0.428
441500,0.030,0.611,0.359
442000,0.030,0.612,0.358
442500,0.030,0.395,0.575
443000,0.030,0.291,0.679
443500,0.030,0.315,0.655
444000,0.030,0.463,0.507
444500,0.030,0.408,0.562
445000,0.030,0.582,0.388
445500,0.030,0.460,0.510
446000,0.030,0.692,0.278
446500,0.030,0.554,0.416
447000,0.030,0.344,0.626
447500,0.030,0.457,0.513
448000,0.030,0.598,0.372
448500,0.030,0.515,0.455
449000,0.030,0.574,0.396
449500,0.030,0.395,0.575
450000,0.030,0.646,0.324
450500,0.030,0.413,0.557
451000,0.030,0.475,0.495
451500,0.030,0.632,0.338
452000,0.030,0.468,0.502
452500,0.030,0.531,0.439
453000,0.030,0.588,0.382
453500,0.030,0.574,0.396
454000,0.030,0.569,0.401
454500,0.030,0.422,0.548
455000,0.030,0.389,0.581
455500,0.030,0.377,0.593
456000,0.030,0.650,0.320
456500,0.030,0.484,0.486
457000,0.030,0.526,0.444
457500,0.030,0.589,0.381
458000,0.030,0.505,0.465
458500,0.030,0.358,0.612
459000,0.030,0.325,0.645
459500,0.030,0.564,0.406
460000,0.030,0.697,0.273
460500,0.030,0.456,0.514
461000,0.030,0.413,0.557
461500,0.030,0.724,0.246
462000,0.030,0.440,0.530
462500,0.030,0.637,0.333
463000,0.030,0.539,0.431
463500,0.030,0.348,0.622
464000,0.030,0.359,0.611
464500,0.030,0.354,0.616
465000,0.030,0.461,0.509
465500,0.030,0.439,0.531
466000,0.030,0.370,0.600
466500,0.030,0.548,0.422
467000,0.030,0.519,0.451
467500,0.030,0.476,0.494
468000,0.030,0.626,0.344
468500,0.030,0.517,0.453
469000,0.030,0.615,0.355
469500,0.030,0.518,0.452
470000,0.030,0.599,0.371
470500,0.030,0.381,0.589
471000,0.030,0.328,0.642
471500,0.030,0.503,0.467
472000,0.030,0.511,0.459
472500,0.030,0.392,0.578
473000,0.030,0.490,0.480
473500,0.030,0.410,0.560
474000,0.030,0.519,0.451
474500,0.030,0.596,0.374
475000,0.030,0.457,0.513
475500,0.030,0.563,0.407
476000,0.030,0.679,0.291
476500,0.030,0.315,0.655
477000,0.030,0.340,0.630
477500,0.030,0.453,0.517
478000,0.030,0.457,0.513
478500,0.030,0.548,0.422
479000,0.030,0.370,0.600
479500,0.030,0.621,0.349
480000,0.030,0.435,0.535
480500,0.030,0.522,0.448
481000,0.030,0.713,0.257
481500,0.030,0.423,0.547
482000,0.030,0.513,0.457
482500,0.030,0.701,0.269
483000,0.030,0.331,0.639
483500,0.030,0.510,0.460
484000,0.030,0.417,0.553
484500,0.030,0.322,0.648
485000,0.030,0.649,0.321
485500,0.030,0.545,0.425
486000,0.030,0.474,0.496
486500,0.030,0.612,0.358
487000,0.030,0.366,0.604
487500,0.030,0.356,0.614
488000,0.030,0.461,0.509
488500,0.030,0.579,0.391
489000,0.030,0.501,0.469
489500,0.030,0.350,0.620
490000,0.030,0.369,0.601
490500,0.030,0.540,0.430
491000,0.030,0.597,0.373
491500,0.030,0.443,0.527
492000,0.030,0.306,0.664
492500,0.030,0.750,0.220
493000,0.030,0.449,0.521
493500,0.030,0.497,0.473
494000,0.030,0.329,0.641
494500,0.030,0.453,0.517
495000,0.030,0.631,0.339
495500,0.030,0.592,0.378
496000,0.030,0.292,0.678
496500,0.030,0.798,0.172
497000,0.030,0.593,0.377
497500,0.030,0.583,0.387
498000,0.030,0.562,0.408
498500,0.030,0.559,0.411
499000,0.030,0.495,0.475
499500,0.030,0.541,0.429
500000,0.030,0.683,0.287
500500,0.030,0.342,0.628
501000,0.030,0.526,0.444
501500,0.030,0.411,0.559
502000,0.030,0.528,0.442
502500,0.030,0.721,0.249
503000,0.030,0.555,0.415
503500,0.030,0.310,0.660
504000,0.030,0.559,0.411
504500,0.030,0.349,0.621
505000,0.030,0.441,0.529
505500,0.030,0.380,0.590
506000,0.030,0.504,0.466
506500,0.030,0.461,0.509
507000,0.030,0.530,0.440
507500,0.030,0.366,0.604
508000,0.030,0.509,0.461
508500,0.030,0.257,0.713
509000,0.030,0.642,0.328
509500,0.030,0.577,0.393
510000,0.030,0.397,0.573
510500,0.030,0.649,0.321
511000,0.030,0.584,0.386
511500,0.030,0.501,0.469
512000,0.030,0.602,0.368
512500,0.030,0.536,0.434
513000,0.030,0.634,0.336
513500,0.030,0.444,0.526
514000,0.030,0.546,0.424
514500,0.030,0.660,0.310
515000,0.030,0.368,0.602
515500,0.030,0.440,0.530
516000,0.030,0.492,0.478
516500,0.030,0.515,0.455
517000,0.030,0.339,0.631
517500,0.030,0.364,0.606
518000,0.030,0.547,0.423
518500,0.030,0.422,0.548
519000,0.030,0.403,0.567
519500,0.030,0.588,0.382
520000,0.030,0.512,0.458
520500,0.030,0.446,0.524
521000,0.030,0.385,0.585
521500,0.030,0.372,0.598
522000,0.030,0.509,0.461
522500,0.030,0.577,0.393
523000,0.030,0.542,0.428
523500,0.030,0.448,0.522
524000,0.030,0.511,0.459
524500,0.030,0.520,0.450
525000,0.030,0.551,0.419
525500,0.030,0.509,0.461
526000,0.030,0.524,0.446
526500,0.030,0.452,0.518
527000,0.030,0.395,0.575
527500,0.030,0.669,0.301
528000,0.030,0.521,0.449
528500,0.030,0.602,0.368
529000,0.030,0.582,0.388
529500,0.030,0.351,0.619
530000,0.030,0.706,0.264
530500,0.030,0.509,0.461
531000,0.030,0.594,0.376
531500,0.030,0.656,0.314
532000,0.030,0.607,0.363
532500,0.030,0.436,0.534
533000,0.030,0.638,0.332
533500,0.030,0.526,0.444
534000,0.030,0.383,0.587
534500,0.030,0.431,0.539
535000,0.030,0.462,0.508
535500,0.030,0.393,0.577
536000,0.030,0.490,0.480
536500,0.030,0.573,0.397
537000,0.030,0.512,0.458
537500,0.030,0.338,0.632
538000,0.030,0.452,0.518
538500,0.030,0.418,0.552
539000,0.030,0.477,0.493
539500,0.030,0.274,0.696
540000,0.030,0.481,0.489
540500,0.030,0.568,0.402
541000,0.030,0.599,0.371
541500,0.030,0.413,0.557
542000,0.030,0.550,0.420
542500,0.030,0.538,0.432
543000,0.030,0.407,0.563
543500,0.030,0.491,0.479
544000,0.030,0.429,0.541
544500,0.030,0.517,0.453
545000,0.030,0.377,0.593
545500,0.030,0.594,0.376
546000,0.030,0.486,0.484
546500,0.030,0.653,0.317
547000,0.030,0.410,0.560
547500,0.030,0.435,0.535
548000,0.030,0.454,0.516
548500,0.030,0.601,0.369
549000,0.030,0.621,0.349
549500,0.030,0.432,0.538
550000,0.030,0.473,0.497
550500,0.030,0.461,0.509
551000,0.030,0.558,0.412
551500,0.030,0.403,0.567
552000,0.030,0.538,0.432
552500,0.030,0.552,0.418
553000,0.030,0.519,0.451
553500,0.030,0.425,0.545
554000,0.030,0.481,0.489
554500,0.030,0.372,0.598
555000,0.030,0.703,0.267
555500,0.030,0.520,0.450
556000,0.030,0.455,0.515
556500,0.030,0.483,0.487
557000,0.030,0.294,0.676
557500,0.030,0.611,0.359
558000,0.030,0.432,0.538
558500,0.030,0.423,0.547
559000,0.030,0.628,0.342
559500,0.030,0.652,0.318
560000,0.030,0.567,0.403
560500,0.030,0.541,0.429
561000,0.030,0.454,0.516
561500,0.030,0.434,0.536
562000,0.030,0.361,0.609
562500,0.030,0.428,0.542
563000,0.030,0.406,0.564
563500,0.030,0.537,0.433
564000,0.030,0.457,0.513
564500,0.030,0.419,0.551
565000,0.030,0.685,0.285
565500,0.030,0.417,0.553
566000,0.030,0.540,0.430
566500,0.030,0.541,0.429
567000,0.030,0.515,0.455
567500,0.030,0.552,0.418
568000,0.030,0.434,0.536
568500,0.030,0.517,0.453
569000,0.030,0.447,0.523
569500,0.030,0.407,0.563
570000,0.030,0.676,0.294
570500,0.030,0.470,0.500
571000,0.030,0.352,0.618
571500,0.030,0.472,0.498
572000,0.030,0.569,0.401
572500,0.030,0.537,0.433
573000,0.030,0.384,0.586
573500,0.030,0.484,0.486
574000,0.030,0.334,0.636
574500,0.030,0.372,0.598
575000,0.030,0.549,0.421
575500,0.030,0.472,0.498
576000,0.030,0.464,0.506
576500,0.030,0.386,0.584
577000,0.030,0.472,0.498
577500,0.030,0.639,0.331
578000,0.030,0.541,0.429
578500,0.030,0.475,0.495
579000,0.030,0.321,0.649
579500,0.030,0.536,0.434
580000,0.030,0.550,0.420
580500,0.030,0.508,0.462
581000,0.030,0.590,0.380
581500,0.030,0.499,0.471
582000,0.030,0.581,0.389
582500,0.030,0.491,0.479
583000,0.030,0.399,0.571
583500,0.030,0.412,0.558
584000,0.030,0.344,0.626
584500,0.030,0.476,0.494
585000,0.030,0.672,0.298
585500,0.030,0.520,0.450
586000,0.030,0.489,0.481
586500,0.030,0.493,0.477
587000,0.030,0.359,0.611
587500,0.030,0.624,0.346
588000,0.030,0.324,0.646
588500,0.030,0.592,0.378
589000,0.030,0.510,0.460
589500,0.030,0.507,0.463
590000,0.030,0.479,0.491
590500,0.030,0.499,0.471
591000,0.030,0.550,0.420
591500,0.030,0.625,0.345
592000,0.030,0.505,0.465
592500,0.030,0.396,0.574
593000,0.030,0.844,0.126
593500,0.030,0.536,0.434
594000,0.030,0.518,0.452
594500,0.030,0.508,0.462
595000,0.030,0.416,0.554
595500,0.030,0.453,0.517
596000,0.030,0.456,0.514
596500,0.030,0.520,0.450
597000,0.030,0.619,0.351
597500,0.030,0.557,0.413
598000,0.030,0.461,0.509
598500,0.030,0.517,0.453
599000,0.030,0.425,0.545
599500,0.030,0.539,0.431
600000,0.030,0.616,0.354
600500,0.030,0.602,0.368
601000,0.030,0.395,0.575
601500,0.030,0.717,0.253
602000,0.030,0.491,0.479
602500,0.030,0.410,0.560
603000,0.030,0.439,0.531
603500,0.030,0.536,0.434
604000,0.030,0.544,0.426
604500,0.030,0.423,0.547
605000,0.030,0.479,0.491
605500,0.030,0.823,0.147
606000,0.030,0.576,0.394
606500,0.030,0.577,0.393
607000,0.030,0.712,0.258
607500,0.030,0.615,0.355
608000,0.030,0.548,0.422
608500,0.030,0.455,0.515
609000,0.030,0.487,0.483
609500,0.030,0.501,0.469
610000,0.030,0.576,0.394
610500,0.030,0.568,0.402
611000,0.030,0.575,0.395
611500,0.030,0.537,0.433
612000,0.030,0.398,0.572
612500,0.030,0.595,0.375
613000,0.030,0.524,0.446
613500,0.030,0.585,0.385
614000,0.030,0.530,0.440
614500,0.030,0.476,0.494
615000,0.030,0.473,0.497
615500,0.030,0.319,0.651
616000,0.030,0.505,0.465
616500,0.030,0.562,0.408
617000,0.030,0.430,0.540
617500,0.030,0.323,0.647
618000,0.030,0.654,0.316
618500,0.030,0.516,0.454
619000,0.030,0.387,0.583
619500,0.030,0.699,0.271
620000,0.030,0.661,0.309
620500,0.030,0.451,0.519
621000,0.030,0.424,0.546
621500,0.030,0.514,0.456
622000,0.030,0.523,0.447
622500,0.030,0.420,0.550
623000,0.030,0.588,0.382
623500,0.030,0.404,0.566
624000,0.030,0.409,0.561
624500,0.030,0.576,0.394
625000,0.030,0.461,0.509
625500,0.030,0.447,0.523
626000,0.030,0.595,0.375
626500,0.030,0.609,0.361
627000,0.030,0.447,0.523
627500,0.030,0.663,0.307
628000,0.030,0.262,0.708
628500,0.030,0.284,0.686
629000,0.030,0.688,0.282
629500,0.030,0.378,0.592
630000,0.030,0.372,0.598
630500,0.030,0.515,0.455
631000,0.030,0.489,0.481
631500,0.030,0.460,0.510
632000,0.030,0.437,0.533
632500,0.030,0.573,0.397
633000,0.030,0.321,0.649
633500,0.030,0.524,0.446
634000,0.030,0.319,0.651
634500,0.030,0.584,0.386
635000,0.030,0.375,0.595
635500,0.030,0.636,0.334
636000,0.030,0.586,0.384
636500,0.030,0.374,0.596
637000,0.030,0.647,0.323
637500,0.030,0.563,0.407
638000,0.030,0.377,0.593
638500,0.030,0.511,0.459
639000,0.030,0.441,0.529
639500,0.030,0.552,0.418
640000,0.030,0.445,0.525
640500,0.030,0.462,0.508
641000,0.030,0.227,0.743
641500,0.030,0.621,0.349
642000,0.030,0.270,0.700
642500,0.030,0.492,0.478
643000,0.030,0.614,0.356
643500,0.030,0.591,0.379
644000,0.030,0.569,0.401
644500,0.030,0.597,0.373
645000,0.030,0.461,0.509
645500,0.030,0.313,0.657
646000,0.030,0.458,0.512
646500,0.030,0.535,0.435
647000,0.030,0.491,0.479
647500,0.030,0.554,0.416
648000,0.030,0.583,0.387
648500,0.030,0.680,0.290
649000,0.030,0.599,0.371
649500,0.030,0.371,0.599
650000,0.030,0.437,0.533
650500,0.030,0.338,0.632
651000,0.030,0.464,0.506
651500,0.030,0.603,0.367
652000,0.030,0.618,0.352
652500,0.030,0.271,0.699
653000,0.030,0.443,0.527
653500,0.030,0.439,0.531
654000,0.030,0.548,0.422
654500,0.030,0.673,0.297
655000,0.030,0.458,0.512
655500,0.030,0.670,0.300
656000,0.030,0.428,0.542
656500,0.030,0.505,0.465
657000,0.030,0.341,0.629
657500,0.030,0.684,0.286
658000,0.030,0.328,0.642
658500,0.030,0.499,0.471
659000,0.030,0.380,0.590
659500,0.030,0.326,0.644
660000,0.030,0.592,0.378
660500,0.030,0.507,0.463
661000,0.030,0.488,0.482
661500,0.030,0.442,0.528
662000,0.030,0.506,0.464
662500,0.030,0.516,0.454
663000,0.030,0.433,0.537
663500,0.030,0.482,0.488
664000,0.030,0.571,0.399
664500,0.030,0.536,0.434
665000,0.030,0.374,0.596
665500,0.030,0.639,0.331
666000,0.030,0.583,0.387
666500,0.030,0.624,0.346
667000,0.030,0.589,0.381
667500,0.030,0.316,0.654
668000,0.030,0.543,0.427
668500,0.030,0.572,0.398
669000,0.030,0.532,0.438
669500,0.030,0.565,0.405
670000,0.030,0.353,0.617
670500,0.030,0.568,0.402
671000,0.030,0.848,0.122
671500,0.030,0.476,0.494
672000,0.030,0.576,0.394
672500,0.030,0.574,0.396
673000,0.030,0.398,0.572
673500,0.030,0.231,0.739
674000,0.030,0.448,0.522
674500,0.030,0.355,0.615
675000,0.030,0.517,0.453
675500,0.030,0.668,0.302
676000,0.030,0.453,0.517
676500,0.030,0.654,0.316
677000,0.030,0.375,0.595
677500,0.030,0.420,0.550
678000,0.030,0.723,0.247
678500,0.030,0.679,0.291
679000,0.030,0.518,0.452
679500,0.030,0.468,0.502
680000,0.030,0.603,0.367
680500,0.030,0.483,0.487
681000,0.030,0.444,0.526
681500,0.030,0.598,0.372
682000,0.030,0.661,0.309
682500,0.030,0.432,0.538
683000,0.030,0.467,0.503
683500,0.030,0.406,0.564
684000,0.030,0.394,0.576
684500,0.030,0.482,0.488
685000,0.030,0.499,0.471
685500,0.030,0.394,0.576
686000,0.030,0.384,0.586
686500,0.030,0.675,0.295
687000,0.030,0.384,0.586
687500,0.030,0.417,0.553
688000,0.030,0.415,0.555
688500,0.030,0.577,0.393
689000,0.030,0.499,0.471
689500,0.030,0.586,0.384
690000,0.030,0.493,0.477
690500,0.030,0.336,0.634
691000,0.030,0.398,0.572
691500,0.030,0.490,0.480
692000,0.030,0.543,0.427
692500,0.030,0.406,0.564
693000,0.030,0.648,0.322
693500,0.030,0.648,0.322
694000,0.030,0.458,0.512
694500,0.030,0.559,0.411
695000,0.030,0.443,0.527
695500,0.030,0.439,0.531
696000,0.030,0.543,0.427
696500,0.030,0.602,0.368
697000,0.030,0.387,0.583
697500,0.030,0.447,0.523
698000,0.030,0.571,0.399
698500,0.030,0.564,0.406
699000,0.030,0.496,0.474
699500,0.030,0.474,0.496
700000,0.030,0.603,0.367
700500,0.030,0.665,0.305
701000,0.030,0.376,0.594
701500,0.030,0.352,0.618
702000,0.030,0.532,0.438
702500,0.030,0.573,0.397
703000,0.030,0.560,0.410
703500,0.030,0.368,0.602
704000,0.030,0.498,0.472
704500,0.030,0.337,0.633
705000,0.030,0.513,0.457
705500,0.030,0.531,0.439
706000,0.030,0.354,0.616
706500,0.030,0.495,0.475
707000,0.030,0.482,0.488
707500,0.030,0.514,0.456
708000,0.030,0.505,0.465
708500,0.030,0.543,0.427
709000,0.030,0.498,0.472
709500,0.030,0.498,0.472
710000,0.030,0.392,0.578
710500,0.030,0.480,0.490
711000,0.030,0.419,0.551
711500,0.030,0.438,0.532
712000,0.030,0.549,0.421
712500,0.030,0.535,0.435
713000,0.030,0.472,0.498
713500,0.030,0.611,0.359
714000,0.030,0.664,0.306
714500,0.030,0.640,0.330
715000,0.030,0.490,0.480
715500,0.030,0.613,0.357
716000,0.030,0.648,0.322
716500,0.030,0.404,0.566
717000,0.030,0.700,0.270
717500,0.030,0.354,0.616
718000,0.030,0.555,0.415
718500,0.030,0.431,0.539
719000,0.030,0.633,0.337
719500,0.030,0.595,0.375
720000,0.030,0.462,0.508
720500,0.030,0.614,0.356
721000,0.030,0.364,0.606
721500,0.030,0.387,0.583
722000,0.030,0.502,0.468
722500,0.030,0.563,0.407
723000,0.030,0.520,0.450
723500,0.030,0.442,0.528
724000,0.030,0.578,0.392
724500,0.030,0.475,0.495
725000,0.030,0.529,0.441
725500,0.030,0.613,0.357
726000,0.030,0.337,0.633
726500,0.030,0.532,0.438
727000,0.030,0.479,0.491
727500,0.030,0.539,0.431
728000,0.030,0.559,0.411
728500,0.030,0.427,0.543
729000,0.030,0.647,0.323
729500,0.030,0.501,0.469
730000,0.030,0.606,0.364
730500,0.030,0.710,0.260
731000,0.030,0.351,0.619
731500,0.030,0.392,0.578
732000,0.030,0.407,0.563
732500,0.030,0.525,0.445
733000,0.030,0.316,0.654
733500,0.030,0.500,0.470
734000,0.030,0.489,0.481
734500,0.030,0.485,0.485
735000,0.030,0.350,0.620
735500,0.030,0.634,0.336
736000,0.030,0.432,0.538
736500,0.030,0.522,0.448
737000,0.030,0.377,0.593
737500,0.030,0.368,0.602
738000,0.030,0.416,0.554
738500,0.030,0.646,0.324
739000,0.030,0.561,0.409
739500,0.030,0.414,0.556
740000,0.030,0.281,0.689
740500,0.030,0.530,0.440
741000,0.030,0.473,0.497
741500,0.030,0.654,0.316
742000,0.030,0.565,0.405
742500,0.030,0.369,0.601
743000,0.030,0.689,0.281
743500,0.030,0.597,0.373
744000,0.030,0.491,0.479
744500,0.030,0.638,0.332
745000,0.030,0.486,0.484
745500,0.030,0.622,0.348
746000,0.030,0.620,0.350
746500,0.030,0.647,0.323
747000,0.030,0.524,0.446
747500,0.030,0.508,0.462
748000,0.030,0.567,0.403
748500,0.030,0.398,0.572
749000,0.030,0.363,0.607
749500,0.030,0.561,0.409
750000,0.030,0.485,0.485
750500,0.030,0.408,0.562
751000,0.030,0.447,0.523
751500,0.030,0.564,0.406
752000,0.030,0.454,0.516
752500,0.030,0.640,0.330
753000,0.030,0.472,0.498
753500,0.030,0.358,0.612
754000,0.030,0.582,0.388
754500,0.030,0.614,0.356
755000,0.030,0.403,0.567
755500,0.030,0.371,0.599
756000,0.030,0.475,0.495
756500,0.030,0.477,0.493
757000,0.030,0.639,0.331
757500,0.030,0.444,0.526
758000,0.030,0.301,0.669
758500,0.030,0.539,0.431
759000,0.030,0.509,0.461
759500,0.030,0.536,0.434
760000,0.030,0.494,0.476
760500,0.030,0.475,0.495
761000,0.030,0.694,0.276
761500,0.030,0.624,0.346
762000,0.030,0.785,0.185
762500,0.030,0.456,0.514
763000,0.030,0.491,0.479
763500,0.030,0.452,0.518
764000,0.030,0.434,0.536
764500,0.030,0.480,0.490
765000,0.030,0.517,0.453
765500,0.030,0.530,0.440
766000,0.030,0.493,0.477
766500,0.030,0.422,0.548
767000,0.030,0.476,0.494
767500,0.030,0.329,0.641
768000,0.030,0.601,0.369
768500,0.030,0.562,0.408
769000,0.030,0.483,0.487
769500,0.030,0.458,0.512
770000,0.030,0.395,0.575
770500,0.030,0.533,0.437
771000,0.030,0.407,0.563
771500,0.030,0.497,0.473
772000,0.030,0.374,0.596
772500,0.030,0.503,0.467
773000,0.030,0.440,0.530
773500,0.030,0.422,0.548
774000,0.030,0.457,0.513
774500,0.030,0.566,0.404
775000,0.030,0.444,0.526
775500,0.030,0.561,0.409
776000,0.030,0.612,0.358
776500,0.030,0.343,0.627
777000,0.030,0.408,0.562
777500,0.030,0.441,0.529
778000,0.030,0.330,0.640
778500,0.030,0.350,0.620
779000,0.030,0.316,0.654
779500,0.030,0.530,0.440
780000,0.030,0.543,0.427
780500,0.030,0.513,0.457
781000,0.030,0.712,0.258
781500,0.030,0.752,0.218
782000,0.030,0.551,0.419
782500,0.030,0.684,0.286
783000,0.030,0.632,0.338
783500,0.030,0.607,0.363
784000,0.030,0.415,0.555
784500,0.030,0.772,0.198
785000,0.030,0.481,0.489
785500,0.030,0.613,0.357
786000,0.030,0.729,0.241
786500,0.030,0.415,0.555
787000,0.030,0.370,0.600
787500,0.030,0.405,0.565
788000,0.030,0.475,0.495
788500,0.030,0.397,0.573
789000,0.030,0.299,0.671
789500,0.030,0.337,0.633
790000,0.030,0.486,0.484
790500,0.030,0.472,0.498
791000,0.030,0.603,0.367
791500,0.030,0.509,0.461
792000,0.030,0.632,0.338
792500,0.030,0.364,0.606
793000,0.030,0.521,0.449
793500,0.030,0.355,0.615
794000,0.030,0.695,0.275
794500,0.030,0.534,0.436
795000,0.030,0.586,0.384
795500,0.030,0.606,0.364
796000,0.030,0.338,0.632
796500,0.030,0.352,0.618
797000,0.030,0.524,0.446
797500,0.030,0.613,0.357
798000,0.030,0.643,0.327
798500,0.030,0.606,0.364
799000,0.030,0.591,0.379
799500,0.030,0.459,0.511
800000,0.030,0.610,0.360
800500,0.030,0.584,0.386
801000,0.030,0.581,0.389
801500,0.030,0.449,0.521
802000,0.030,0.570,0.400
802500,0.030,0.403,0.567
803000,0.030,0.551,0.419
803500,0.030,0.598,0.372
804000,0.030,0.598,0.372
804500,0.030,0.306,0.664
805000,0.030,0.415,0.555
805500,0.030,0.372,0.598
806000,0.030,0.514,0.456
806500,0.030,0.519,0.451
807000,0.030,0.430,0.540
807500,0.030,0.391,0.579
808000,0.030,0.447,0.523
808500,0.030,0.429,0.541
809000,0.030,0.724,0.246
809500,0.030,0.525,0.445
810000,0.030,0.672,0.298
810500,0.030,0.650,0.320
811000,0.030,0.411,0.559
811500,0.030,0.559,0.411
812000,0.030,0.578,0.392
812500,0.030,0.389,0.581
813000,0.030,0.415,0.555
813500,0.030,0.445,0.525
814000,0.030,0.457,0.513
814500,0.030,0.456,0.514
815000,0.030,0.495,0.475
815500,0.030,0.451,0.519
816000,0.030,0.452,0.518
816500,0.030,0.689,0.281
817000,0.030,0.654,0.316
817500,0.030,0.599,0.371
818000,0.030,0.466,0.504
818500,0.030,0.364,0.606
819000,0.030,0.482,0.488
819500,0.030,0.455,0.515
820000,0.030,0.447,0.523
820500,0.030,0.325,0.645
821000,0.030,0.495,0.475
821500,0.030,0.492,0.478
822000,0.030,0.523,0.447
822500,0.030,0.455,0.515
823000,0.030,0.554,0.416
823500,0.030,0.426,0.544
824000,0.030,0.703,0.267
824500,0.030,0.288,0.682
825000,0.030,0.438,0.532
825500,0.030,0.580,0.390
826000,0.030,0.505,0.465
826500,0.030,0.430,0.540
827000,0.030,0.588,0.382
827500,0.030,0.456,0.514
828000,0.030,0.573,0.397
828500,0.030,0.540,0.430
829000,0.030,0.467,0.503
829500,0.030,0.497,0.473
830000,0.030,0.407,0.563
830500,0.030,0.475,0.495
831000,0.030,0.473,0.497
831500,0.030,0.507,0.463
832000,0.030,0.562,0.408
832500,0.030,0.354,0.616
833000,0.030,0.526,0.444
833500,0.030,0.526,0.444
834000,0.030,0.401,0.569
834500,0.030,0.436,0.534
835000,0.030,0.434,0.536
835500,0.030,0.722,0.248
836000,0.030,0.638,0.332
836500,0.030,0.597,0.373
837000,0.030,0.503,0.467
837500,0.030,0.543,0.427
838000,0.030,0.428,0.542
838500,0.030,0.260,0.710
839000,0.030,0.575,0.395
839500,0.030,0.241,0.729
840000,0.030,0.493,0.477
840500,0.030,0.425,0.545
841000,0.030,0.498,0.472
841500,0.030,0.562,0.408
842000,0.030,0.537,0.433
842500,0.030,0.492,0.478
843000,0.030,0.423,0.547
843500,0.030,0.402,0.568
844000,0.030,0.391,0.579
844500,0.030,0.437,0.533
845000,0.030,0.440,0.530
845500,0.030,0.594,0.376
846000,0.030,0.552,0.418
846500,0.030,0.620,0.350
847000,0.030,0.358,0.612
847500,0.030,0.461,0.509
848000,0.030,0.295,0.675
848500,0.030,0.290,0.680
849000,0.030,0.393,0.577
849500,0.030,0.471,0.499
850000,0.030,0.523,0.447
850500,0.030,0.565,0.405
851000,0.030,0.437,0.533
851500,0.030,0.620,0.350
852000,0.030,0.330,0.640
852500,0.030,0.660,0.310
853000,0.030,0.454,0.516
853500,0.030,0.448,0.522
854000,0.030,0.444,0.526
854500,0.030,0.617,0.353
855000,0.030,0.626,0.344
855500,0.030,0.550,0.420
856000,0.030,0.435,0.535
856500,0.030,0.597,0.373
857000,0.030,0.311,0.659
857500,0.030,0.481,0.489
858000,0.030,0.495,0.475
858500,0.030,0.492,0.478
859000,0.030,0.354,0.616
859500,0.030,0.511,0.459
860000,0.030,0.369,0.601
860500,0.030,0.470,0.500
861000,0.030,0.630,0.340
861500,0.030,0.526,0.444
862000,0.030,0.442,0.528
862500,0.030,0.400,0.570
863000,0.030,0.489,0.481
863500,0.030,0.365,0.605
864000,0.030,0.511,0.459
864500,0.030,0.430,0.540
865000,0.030,0.578,0.392
865500,0.030,0.573,0.397
866000,0.030,0.600,0.370
866500,0.030,0.617,0.353
867000,0.030,0.551,0.419
867500,0.030,0.449,0.521
868000,0.030,0.640,0.330
868500,0.030,0.437,0.533
869000,0.030,0.485,0.485
869500,0.030,0.368,0.602
870000,0.030,0.597,0.373
870500,0.030,0.411,0.559
871000,0.030,0.457,0.513
871500,0.030,0.400,0.570
872000,0.030,0.417,0.553
872500,0.030,0.515,0.455
873000,0.030,0.337,0.633
873500,0.030,0.483,0.487
874000,0.030,0.645,0.325
874500,0.030,0.499,0.471
875000,0.030,0.509,0.461
875500,0.030,0.531,0.439
876000,0.030,0.489,0.481
876500,0.030,0.534,0.436
877000,0.030,0.573,0.397
877500,0.030,0.409,0.561
878000,0.030,0.263,0.707
878500,0.030,0.420,0.550
879000,0.030,0.744,0.226
879500,0.030,0.409,0.561
880000,0.030,0.653,0.317
880500,0.030,0.720,0.250
881000,0.030,0.661,0.309
881500,0.030,0.559,0.411
882000,0.030,0.298,0.672
882500,0.030,0.609,0.361
883000,0.030,0.460,0.510
883500,0.030,0.314,0.656
884000,0.030,0.497,0.473
884500,0.030,0.344,0.626
885000,0.030,0.553,0.417
885500,0.030,0.485,0.485
886000,0.030,0.471,0.499
886500,0.030,0.380,0.590
887000,0.030,0.454,0.516
887500,0.030,0.396,0.574
888000,0.030,0.474,0.496
888500,0.030,0.548,0.422
889000,0.030,0.489,0.481
889500,0.030,0.476,0.494
890000,0.030,0.220,0.750
890500,0.030,0.409,0.561
891000,0.030,0.645,0.325
891500,0.030,0.482,0.488
892000,0.030,0.536,0.434
892500,0.030,0.599,0.371
893000,0.030,0.549,0.421
893500,0.030,0.569,0.401
894000,0.030,0.383,0.587
894500,0.030,0.330,0.640
895000,0.030,0.341,0.629
895500,0.030,0.724,0.246
896000,0.030,0.567,0.403
896500,0.030,0.680,0.290
897000,0.030,0.438,0.532
897500,0.030,0.516,0.454
898000,0.030,0.357,0.613
898500,0.030,0.649,0.321
899000,0.030,0.284,0.686
899500,0.030,0.392,0.578
900000,0.030,0.564,0.406
900500,0.030,0.632,0.338
901000,0.030,0.434,0.536
901500,0.030,0.536,0.434
902000,0.030,0.514,0.456
902500,0.030,0.385,0.585
903000,0.030,0.273,0.697
903500,0.030,0.379,0.591
904000,0.030,0.368,0.602
904500,0.030,0.560,0.410
905000,0.030,0.765,0.205
905500,0.030,0.319,0.651
906000,0.030,0.503,0.467
906500,0.030,0.564,0.406
907000,0.030,0.753,0.217
907500,0.030,0.699,0.271
908000,0.030,0.619,0.351
908500,0.030,0.438,0.532
909000,0.030,0.493,0.477
909500,0.030,0.533,0.437
910000,0.030,0.387,0.583
910500,0.030,0.416,0.554
911000,0.030,0.370,0.600
911500,0.030,0.543,0.427
912000,0.030,0.602,0.368
912500,0.030,0.576,0.394
913000,0.030,0.442,0.528
913500,0.030,0.512,0.458
914000,0.030,0.558,0.412
914500,0.030,0.447,0.523
915000,0.030,0.664,0.306
915500,0.030,0.449,0.521
916000,0.030,0.543,0.427
916500,0.030,0.447,0.523
917000,0.030,0.414,0.556
917500,0.030,0.509,0.461
918000,0.030,0.614,0.356
918500,0.030,0.480,0.490
919000,0.030,0.470,0.500
919500,0.030,0.698,0.272
920000,0.030,0.453,0.517
920500,0.030,0.588,0.382
921000,0.030,0.577,0.393
921500,0.030,0.567,0.403
922000,0.030,0.575,0.395
922500,0.030,0.707,0.263
923000,0.030,0.462,0.508
923500,0.030,0.535,0.435
924000,0.030,0.570,0.400
924500,0.030,0.484,0.486
925000,0.030,0.506,0.464
925500,0.030,0.490,0.480
926000,0.030,0.451,0.519
926500,0.030,0.382,0.588
927000,0.030,0.536,0.434
927500,0.030,0.592,0.378
928000,0.030,0.375,0.595
928500,0.030,0.725,0.245
929000,0.030,0.376,0.594
929500,0.030,0.391,0.579
930000,0.030,0.575,0.395
930500,0.030,0.655,0.315
931000,0.030,0.607,0.363
931500,0.030,0.421,0.549
932000,0.030,0.628,0.342
932500,0.030,0.459,0.511
933000,0.030,0.521,0.449
933500,0.030,0.500,0.470
934000,0.030,0.352,0.618
934500,0.030,0.486,0.484
935000,0.030,0.602,0.368
935500,0.030,0.665,0.305
936000,0.030,0.516,0.454
936500,0.030,0.422,0.548
937000,0.030,0.462,0.508
937500,0.030,0.605,0.365
938000,0.030,0.454,0.516
938500,0.030,0.343,0.627
939000,0.030,0.435,0.535
939500,0.030,0.554,0.416
940000,0.030,0.495,0.475
940500,0.030,0.427,0.543
941000,0.030,0.671,0.299
941500,0.030,0.352,0.618
942000,0.030,0.536,0.434
942500,0.030,0.542,0.428
943000,0.030,0.515,0.455
943500,0.030,0.445,0.525
944000,0.030,0.479,0.491
944500,0.030,0.491,0.479
945000,0.030,0.361,0.609
945500,0.030,0.563,0.407
946000,0.030,0.481,0.489
946500,0.030,0.441,0.529
947000,0.030,0.448,0.522
947500,0.030,0.476,0.494
948000,0.030,0.764,0.206
948500,0.030,0.632,0.338
949000,0.030,0.563,0.407
949500,0.030,0.697,0.273
950000,0.030,0.400,0.570
950500,0.030,0.473,0.497
951000,0.030,0.437,0.533
951500,0.030,0.429,0.541
952000,0.030,0.521,0.449
952500,0.030,0.587,0.383
953000,0.030,0.471,0.499
953500,0.030,0.698,0.272
954000,0.030,0.509,0.461
954500,0.030,0.552,0.418
955000,0.030,0.594,0.376
955500,0.030,0.544,0.426
956000,0.030,0.292,0.678
956500,0.030,0.670,0.300
957000,0.030,0.690,0.280
957500,0.030,0.432,0.538
958000,0.030,0.329,0.641
958500,0.030,0.608,0.362
959000,0.030,0.553,0.417
959500,0.030,0.447,0.523
960000,0.030,0.626,0.344
960500,0.030,0.459,0.511
961000,0.030,0.441,0.529
961500,0.030,0.491,0.479
962000,0.030,0.351,0.619
962500,0.030,0.544,0.426
963000,0.030,0.408,0.562
963500,0.030,0.412,0.558
964000,0.030,0.578,0.392
964500,0.030,0.627,0.343
965000,0.030,0.560,0.410
965500,0.030,0.429,0.541
966000,0.030,0.364,0.606
966500,0.030,0.204,0.766
967000,0.030,0.388,0.582
967500,0.030,0.425,0.545
968000,0.030,0.504,0.466
968500,0.030,0.482,0.488
969000,0.030,0.590,0.380
969500,0.030,0.363,0.607
970000,0.030,0.523,0.447
970500,0.030,0.588,0.382
971000,0.030,0.556,0.414
971500,0.030,0.427,0.543
972000,0.030,0.607,0.363
972500,0.030,0.437,0.533
973000,0.030,0.414,0.556
973500,0.030,0.488,0.482
974000,0.030,0.509,0.461
974500,0.030,0.518,0.452
975000,0.030,0.569,0.401
975500,0.030,0.784,0.186
976000,0.030,0.493,0.477
976500,0.030,0.439,0.531
977000,0.030,0.295,0.675
977500,0.030,0.407,0.563
978000,0.030,0.423,0.547
978500,0.030,0.458,0.512
979000,0.030,0.378,0.592
979500,0.030,0.644,0.326
980000,0.030,0.504,0.466
980500,0.030,0.531,0.439
981000,0.030,0.320,0.650
981500,0.030,0.500,0.470
982000,0.030,0.415,0.555
982500,0.030,0.603,0.367
983000,0.030,0.521,0.449
983500,0.030,0.549,0.421
984000,0.030,0.498,0.472
984500,0.030,0.342,0.628
985000,0.030,0.282,0.688
985500,0.030,0.458,0.512
986000,0.030,0.596,0.374
986500,0.030,0.511,0.459
987000,0.030,0.350,0.620
987500,0.030,0.507,0.463
988000,0.030,0.459,0.511
988500,0.030,0.583,0.387
989000,0.030,0.495,0.475
989500,0.030,0.629,0.341
990000,0.030,0.564,0.406
990500,0.030,0.421,0.549
991000,0.030,0.576,0.394
991500,0.030,0.374,0.596
992000,0.030,0.547,0.423
992500,0.030,0.290,0.680
993000,0.030,0.430,0.540
993500,0.030,0.511,0.459
994000,0.030,0.706,0.264
994500,0.030,0.501,0.469
995000,0.030,0.502,0.468
995500,0.030,0.349,0.621
996000,0.030,0.662,0.308
996500,0.030,0.520,0.450
997000,0.030,0.520,0.450
997500,0.030,0.693,0.277
998000,0.030,0.446,0.524
998500,0.030,0.418,0.552
999000,0.030,0.576,0.394
999500,0.030,0.623,0.347
1000000,0.030,0.545,0.425
