time,n_A+p,n_B,n_AB
500,0.080,0.734,0.186
1000,0.080,0.479,0.441
1500,0.080,0.239,0.681
2000,0.110,0.131,0.760
2500,0.149,0.067,0.784
3000,0.189,0.033,0.778
3500,0.253,0.025,0.723
4000,0.277,0.010,0.713
4500,0.323,0.003,0.675
5000,0.347,0.006,0.646
5500,0.300,0.002,0.699
6000,0.299,0.001,0.700
6500,0.291,0.002,0.707
7000,0.314,0.001,0.685
7500,0.364,0.003,0.633
8000,0.341,0.002,0.657
8500,0.326,0.002,0.672
9000,0.309,0.005,0.685
9500,0.334,0.001,0.666
10000,0.333,0.001,0.666
10500,0.336,0.005,0.659
11000,0.314,0.009,0.677
11500,0.320,0.006,0.674
12000,0.361,0.002,0.637
12500,0.323,0.003,0.674
13000,0.328,0.001,0.672
13500,0.343,0.000,0.657
14000,0.360,0.004,0.635
14500,0.397,0.003,0.601
15000,0.391,0.001,0.608
15500,0.376,0.000,0.625
16000,0.357,0.000,0.643
16500,0.352,0.003,0.646
17000,0.349,0.004,0.647
17500,0.346,0.001,0.654
18000,0.342,0.000,0.658
18500,0.366,0.000,0.634
19000,0.336,0.000,0.664
19500,0.340,0.000,0.660
20000,0.337,0.003,0.661
20500,0.344,0.004,0.651
21000,0.344,0.001,0.655
21500,0.324,0.006,0.670
22000,0.325,0.011,0.665
22500,0.356,0.002,0.642
23000,0.352,0.005,0.642
23500,0.396,0.001,0.604
24000,0.387,0.000,0.613
24500,0.405,0.005,0.590
25000,0.400,0.001,0.600
25500,0.354,0.004,0.643
26000,0.327,0.001,0.673
26500,0.353,0.001,0.646
27000,0.388,0.002,0.611
27500,0.388,0.000,0.613
28000,0.402,0.000,0.599
28500,0.387,0.000,0.613
29000,0.339,0.000,0.661
29500,0.352,0.000,0.647
30000,0.329,0.001,0.671
30500,0.343,0.003,0.654
31000,0.367,0.001,0.632
31500,0.354,0.000,0.645
32000,0.362,0.000,0.637
32500,0.382,0.000,0.619
33000,0.348,0.000,0.652
33500,0.354,0.000,0.645
34000,0.347,0.000,0.653
34500,0.351,0.000,0.649
35000,0.346,0.000,0.654
35500,0.339,0.000,0.661
36000,0.356,0.000,0.644
36500,0.352,0.000,0.648
37000,0.348,0.004,0.648
37500,0.340,0.003,0.658
38000,0.327,0.001,0.672
38500,0.328,0.001,0.671
39000,0.324,0.000,0.676
39500,0.358,0.000,0.641
40000,0.371,0.002,0.627
40500,0.321,0.002,0.678
41000,0.376,0.001,0.624
41500,0.321,0.000,0.679
42000,0.349,0.000,0.651
42500,0.333,0.000,0.667
43000,0.354,0.004,0.641
43500,0.374,0.002,0.625
44000,0.367,0.000,0.633
44500,0.370,0.000,0.629
45000,0.353,0.003,0.645
45500,0.325,0.004,0.672
46000,0.293,0.000,0.707
46500,0.326,0.000,0.674
47000,0.307,0.002,0.692
47500,0.321,0.006,0.673
48000,0.319,0.001,0.681
48500,0.354,0.000,0.645
49000,0.366,0.009,0.626
49500,0.357,0.005,0.637
50000,0.335,0.001,0.664
50500,0.369,0.000,0.631
51000,0.338,0.000,0.662
51500,0.362,0.002,0.637
52000,0.374,0.004,0.622
52500,0.376,0.001,0.624
53000,0.379,0.001,0.621
53500,0.385,0.001,0.615
54000,0.380,0.004,0.617
54500,0.342,0.007,0.650
55000,0.320,0.001,0.679
55500,0.310,0.002,0.688
56000,0.303,0.007,0.690
56500,0.336,0.003,0.661
57000,0.369,0.003,0.629
57500,0.379,0.001,0.621
58000,0.361,0.003,0.637
58500,0.356,0.002,0.641
59000,0.385,0.000,0.615
59500,0.370,0.000,0.630
60000,0.397,0.000,0.603
60500,0.388,0.000,0.612
61000,0.348,0.000,0.651
61500,0.299,0.005,0.696
62000,0.320,0.005,0.675
62500,0.359,0.002,0.639
63000,0.329,0.004,0.667
63500,0.331,0.006,0.663
64000,0.335,0.001,0.665
64500,0.332,0.008,0.660
65000,0.363,0.003,0.634
65500,0.334,0.003,0.663
66000,0.361,0.001,0.638
66500,0.344,0.005,0.651
67000,0.343,0.002,0.655
67500,0.342,0.001,0.658
68000,0.316,0.002,0.682
68500,0.315,0.004,0.681
69000,0.361,0.005,0.633
69500,0.369,0.003,0.628
70000,0.373,0.003,0.624
70500,0.381,0.005,0.614
71000,0.370,0.002,0.628
71500,0.341,0.002,0.658
72000,0.323,0.006,0.671
72500,0.342,0.001,0.657
73000,0.316,0.001,0.683
73500,0.318,0.002,0.681
74000,0.320,0.005,0.675
74500,0.322,0.001,0.678
75000,0.353,0.004,0.643
75500,0.327,0.009,0.664
76000,0.334,0.005,0.661
76500,0.335,0.006,0.659
77000,0.321,0.005,0.674
77500,0.281,0.004,0.715
78000,0.288,0.001,0.711
78500,0.312,0.002,0.686
79000,0.345,0.001,0.654
79500,0.352,0.001,0.647
80000,0.377,0.001,0.623
80500,0.392,0.000,0.609
81000,0.361,0.002,0.637
81500,0.327,0.001,0.673
82000,0.323,0.000,0.677
82500,0.346,0.000,0.654
83000,0.314,0.000,0.686
83500,0.348,0.002,0.649
84000,0.333,0.005,0.662
84500,0.334,0.001,0.665
85000,0.334,0.000,0.666
85500,0.320,0.000,0.680
86000,0.334,0.001,0.665
86500,0.297,0.001,0.702
87000,0.323,0.007,0.670
87500,0.306,0.013,0.680
88000,0.284,0.004,0.713
88500,0.326,0.009,0.666
89000,0.299,0.006,0.694
89500,0.314,0.002,0.684
90000,0.384,0.001,0.616
90500,0.386,0.003,0.611
91000,0.406,0.001,0.594
91500,0.385,0.001,0.614
92000,0.390,0.000,0.610
92500,0.386,0.000,0.615
93000,0.352,0.002,0.646
93500,0.353,0.006,0.641
94000,0.312,0.002,0.686
94500,0.311,0.001,0.689
95000,0.334,0.001,0.665
95500,0.370,0.000,0.629
96000,0.343,0.000,0.657
96500,0.305,0.000,0.695
97000,0.354,0.000,0.645
97500,0.354,0.000,0.645
98000,0.368,0.000,0.631
98500,0.357,0.005,0.637
99000,0.321,0.002,0.678
99500,0.355,0.000,0.645
100000,0.305,0.003,0.692
100500,0.320,0.004,0.675
101000,0.366,0.001,0.633
101500,0.351,0.003,0.646
102000,0.358,0.001,0.640
102500,0.394,0.001,0.606
103000,0.394,0.000,0.606
103500,0.328,0.000,0.672
104000,0.355,0.000,0.645
104500,0.318,0.002,0.681
105000,0.388,0.001,0.612
105500,0.399,0.000,0.601
106000,0.345,0.005,0.650
106500,0.411,0.005,0.584
107000,0.424,0.001,0.576
107500,0.373,0.000,0.627
108000,0.373,0.003,0.624
108500,0.395,0.001,0.604
109000,0.330,0.002,0.668
109500,0.323,0.005,0.672
110000,0.355,0.001,0.644
110500,0.333,0.000,0.667
111000,0.394,0.000,0.607
111500,0.373,0.000,0.627
112000,0.364,0.000,0.635
112500,0.347,0.000,0.653
113000,0.345,0.000,0.655
113500,0.299,0.001,0.701
114000,0.276,0.005,0.719
114500,0.256,0.011,0.733
115000,0.248,0.026,0.726
115500,0.260,0.006,0.734
116000,0.258,0.015,0.727
116500,0.267,0.010,0.724
117000,0.272,0.002,0.726
117500,0.285,0.002,0.714
118000,0.319,0.009,0.672
118500,0.321,0.009,0.671
119000,0.304,0.011,0.685
119500,0.296,0.011,0.694
120000,0.291,0.009,0.701
120500,0.330,0.005,0.665
121000,0.340,0.001,0.659
121500,0.352,0.002,0.646
122000,0.374,0.001,0.625
122500,0.337,0.001,0.663
123000,0.336,0.000,0.664
123500,0.348,0.003,0.649
124000,0.343,0.004,0.653
124500,0.359,0.001,0.640
125000,0.316,0.000,0.684
125500,0.329,0.002,0.670
126000,0.349,0.000,0.651
126500,0.318,0.001,0.681
127000,0.361,0.003,0.636
127500,0.346,0.006,0.647
128000,0.358,0.002,0.640
128500,0.387,0.000,0.613
129000,0.341,0.000,0.659
129500,0.393,0.004,0.603
130000,0.377,0.006,0.617
130500,0.390,0.002,0.609
131000,0.368,0.001,0.631
131500,0.319,0.000,0.681
132000,0.322,0.004,0.675
132500,0.343,0.001,0.657
133000,0.372,0.001,0.628
133500,0.368,0.000,0.632
134000,0.314,0.000,0.686
134500,0.318,0.003,0.679
135000,0.349,0.002,0.649
135500,0.352,0.000,0.648
136000,0.318,0.000,0.682
136500,0.322,0.000,0.678
137000,0.333,0.005,0.662
137500,0.368,0.003,0.629
138000,0.334,0.002,0.664
138500,0.333,0.000,0.667
139000,0.355,0.004,0.640
139500,0.344,0.003,0.654
140000,0.365,0.004,0.631
140500,0.366,0.000,0.633
141000,0.368,0.000,0.632
141500,0.381,0.000,0.619
142000,0.404,0.000,0.597
142500,0.400,0.000,0.601
143000,0.392,0.000,0.608
143500,0.327,0.000,0.673
144000,0.359,0.004,0.637
144500,0.392,0.005,0.603
145000,0.403,0.000,0.597
145500,0.411,0.000,0.589
146000,0.403,0.000,0.597
146500,0.386,0.000,0.615
147000,0.357,0.000,0.643
147500,0.385,0.000,0.615
148000,0.387,0.004,0.609
148500,0.401,0.001,0.599
149000,0.361,0.002,0.637
149500,0.317,0.003,0.680
150000,0.351,0.006,0.643
150500,0.338,0.004,0.658
151000,0.320,0.005,0.675
151500,0.347,0.005,0.647
152000,0.314,0.003,0.683
152500,0.289,0.003,0.709
153000,0.326,0.002,0.673
153500,0.347,0.000,0.653
154000,0.388,0.004,0.609
154500,0.402,0.000,0.598
155000,0.398,0.000,0.602
155500,0.421,0.000,0.579
156000,0.396,0.000,0.605
156500,0.392,0.002,0.607
157000,0.395,0.000,0.605
157500,0.382,0.000,0.619
158000,0.404,0.000,0.597
158500,0.415,0.000,0.585
159000,0.386,0.000,0.615
159500,0.357,0.000,0.643
160000,0.335,0.000,0.665
160500,0.330,0.002,0.668
161000,0.328,0.008,0.664
161500,0.290,0.006,0.704
162000,0.276,0.002,0.723
162500,0.287,0.002,0.712
163000,0.317,0.002,0.681
163500,0.367,0.000,0.633
164000,0.339,0.001,0.660
164500,0.344,0.000,0.656
165000,0.347,0.003,0.650
165500,0.353,0.001,0.647
166000,0.348,0.004,0.648
166500,0.327,0.005,0.668
167000,0.357,0.005,0.638
167500,0.348,0.001,0.651
168000,0.327,0.000,0.673
168500,0.339,0.000,0.661
169000,0.317,0.003,0.680
169500,0.340,0.005,0.655
170000,0.336,0.005,0.658
170500,0.301,0.009,0.689
171000,0.299,0.003,0.698
171500,0.351,0.000,0.649
172000,0.364,0.000,0.635
172500,0.362,0.001,0.636
173000,0.364,0.000,0.635
173500,0.345,0.000,0.655
174000,0.372,0.000,0.627
174500,0.356,0.000,0.644
175000,0.377,0.000,0.623
175500,0.379,0.000,0.621
176000,0.373,0.007,0.620
176500,0.354,0.001,0.645
177000,0.323,0.001,0.677
177500,0.326,0.000,0.674
178000,0.345,0.009,0.645
178500,0.329,0.001,0.670
179000,0.390,0.005,0.605
179500,0.322,0.007,0.671
180000,0.322,0.002,0.676
180500,0.370,0.001,0.629
181000,0.395,0.003,0.602
181500,0.422,0.000,0.578
182000,0.379,0.000,0.621
182500,0.409,0.000,0.591
183000,0.392,0.000,0.609
183500,0.379,0.000,0.621
184000,0.406,0.000,0.594
184500,0.362,0.000,0.637
185000,0.334,0.000,0.666
185500,0.309,0.000,0.691
186000,0.351,0.004,0.645
186500,0.338,0.004,0.658
187000,0.356,0.001,0.643
187500,0.385,0.005,0.610
188000,0.343,0.002,0.655
188500,0.335,0.005,0.660
189000,0.345,0.001,0.654
189500,0.357,0.004,0.638
190000,0.328,0.002,0.670
190500,0.326,0.003,0.671
191000,0.344,0.000,0.655
191500,0.308,0.000,0.692
192000,0.318,0.002,0.680
192500,0.333,0.003,0.665
193000,0.355,0.008,0.637
193500,0.372,0.002,0.626
194000,0.382,0.001,0.618
194500,0.319,0.000,0.681
195000,0.348,0.000,0.651
195500,0.355,0.005,0.640
196000,0.337,0.001,0.663
196500,0.309,0.000,0.691
197000,0.375,0.005,0.620
197500,0.347,0.002,0.651
198000,0.358,0.002,0.640
198500,0.312,0.004,0.683
199000,0.320,0.001,0.679
199500,0.314,0.003,0.683
200000,0.325,0.001,0.674
200500,0.340,0.001,0.659
201000,0.324,0.001,0.675
201500,0.292,0.002,0.706
202000,0.330,0.004,0.666
202500,0.346,0.002,0.653
203000,0.342,0.000,0.658
203500,0.311,0.000,0.689
204000,0.325,0.000,0.675
204500,0.325,0.004,0.672
205000,0.366,0.004,0.631
205500,0.354,0.000,0.646
206000,0.362,0.000,0.637
206500,0.344,0.001,0.655
207000,0.356,0.000,0.644
207500,0.356,0.000,0.643
208000,0.389,0.004,0.608
208500,0.355,0.005,0.640
209000,0.346,0.004,0.650
209500,0.367,0.001,0.632
210000,0.355,0.000,0.645
210500,0.356,0.000,0.643
211000,0.315,0.000,0.685
211500,0.304,0.019,0.677
212000,0.300,0.014,0.686
212500,0.305,0.004,0.691
213000,0.286,0.003,0.711
213500,0.319,0.001,0.680
214000,0.348,0.001,0.652
214500,0.357,0.000,0.643
215000,0.318,0.004,0.679
215500,0.346,0.001,0.654
216000,0.330,0.000,0.670
216500,0.331,0.008,0.661
217000,0.357,0.001,0.642
217500,0.345,0.005,0.650
218000,0.373,0.002,0.625
218500,0.353,0.001,0.646
219000,0.352,0.001,0.647
219500,0.387,0.000,0.613
220000,0.390,0.004,0.607
220500,0.396,0.000,0.605
221000,0.368,0.000,0.632
221500,0.390,0.000,0.611
222000,0.372,0.000,0.628
222500,0.349,0.007,0.644
223000,0.314,0.006,0.680
223500,0.329,0.001,0.671
224000,0.339,0.001,0.661
224500,0.331,0.000,0.669
225000,0.304,0.003,0.694
225500,0.298,0.007,0.695
226000,0.367,0.001,0.632
226500,0.361,0.000,0.639
227000,0.371,0.003,0.626
227500,0.355,0.003,0.642
228000,0.357,0.004,0.639
228500,0.346,0.006,0.648
229000,0.358,0.003,0.640
229500,0.357,0.009,0.634
230000,0.337,0.006,0.657
230500,0.363,0.002,0.635
231000,0.324,0.001,0.675
231500,0.285,0.012,0.703
232000,0.302,0.005,0.693
232500,0.314,0.003,0.683
233000,0.321,0.007,0.672
233500,0.301,0.004,0.696
234000,0.303,0.002,0.695
234500,0.319,0.005,0.676
235000,0.326,0.005,0.669
235500,0.344,0.003,0.654
236000,0.346,0.004,0.649
236500,0.361,0.002,0.638
237000,0.309,0.002,0.689
237500,0.389,0.001,0.611
238000,0.357,0.002,0.641
238500,0.389,0.001,0.610
239000,0.371,0.000,0.629
239500,0.358,0.002,0.641
240000,0.388,0.001,0.612
240500,0.376,0.000,0.624
241000,0.352,0.000,0.648
241500,0.372,0.000,0.627
242000,0.353,0.001,0.646
242500,0.381,0.000,0.619
243000,0.328,0.000,0.672
243500,0.361,0.000,0.639
244000,0.359,0.000,0.641
244500,0.310,0.002,0.688
245000,0.310,0.003,0.687
245500,0.329,0.005,0.666
246000,0.330,0.004,0.666
246500,0.337,0.002,0.661
247000,0.340,0.002,0.659
247500,0.348,0.001,0.651
248000,0.336,0.010,0.654
248500,0.305,0.007,0.688
249000,0.348,0.003,0.649
249500,0.345,0.001,0.654
250000,0.354,0.004,0.641
250500,0.379,0.001,0.621
251000,0.369,0.000,0.631
251500,0.302,0.003,0.696
252000,0.344,0.001,0.655
252500,0.347,0.000,0.653
253000,0.360,0.003,0.637
253500,0.337,0.001,0.662
254000,0.341,0.000,0.659
254500,0.308,0.009,0.683
255000,0.278,0.007,0.715
255500,0.277,0.001,0.723
256000,0.334,0.003,0.663
256500,0.312,0.001,0.688
257000,0.334,0.004,0.662
257500,0.340,0.000,0.660
258000,0.326,0.000,0.674
258500,0.366,0.000,0.634
259000,0.348,0.004,0.648
259500,0.333,0.006,0.661
260000,0.301,0.003,0.696
260500,0.362,0.003,0.635
261000,0.328,0.005,0.667
261500,0.336,0.000,0.664
262000,0.374,0.001,0.625
262500,0.342,0.007,0.651
263000,0.342,0.002,0.656
263500,0.339,0.003,0.659
264000,0.330,0.004,0.666
264500,0.335,0.001,0.664
265000,0.342,0.005,0.653
265500,0.337,0.006,0.657
266000,0.321,0.001,0.678
266500,0.338,0.002,0.660
267000,0.333,0.001,0.667
267500,0.338,0.001,0.662
268000,0.338,0.000,0.662
268500,0.347,0.001,0.652
269000,0.335,0.004,0.662
269500,0.368,0.004,0.628
270000,0.384,0.001,0.616
270500,0.378,0.000,0.623
271000,0.346,0.004,0.651
271500,0.323,0.004,0.673
272000,0.310,0.001,0.689
272500,0.352,0.000,0.647
273000,0.345,0.006,0.649
273500,0.368,0.003,0.628
274000,0.350,0.001,0.649
274500,0.326,0.004,0.670
275000,0.347,0.002,0.651
275500,0.322,0.004,0.674
276000,0.348,0.001,0.651
276500,0.373,0.002,0.625
277000,0.365,0.001,0.634
277500,0.351,0.000,0.649
278000,0.351,0.000,0.649
278500,0.334,0.009,0.657
279000,0.343,0.002,0.655
279500,0.324,0.007,0.669
280000,0.298,0.003,0.699
280500,0.344,0.002,0.655
281000,0.344,0.001,0.655
281500,0.363,0.000,0.637
282000,0.385,0.003,0.612
282500,0.377,0.004,0.619
283000,0.396,0.004,0.600
283500,0.386,0.004,0.610
284000,0.342,0.001,0.657
284500,0.392,0.000,0.609
285000,0.398,0.000,0.602
285500,0.425,0.000,0.575
286000,0.426,0.000,0.574
286500,0.402,0.000,0.598
287000,0.379,0.000,0.621
287500,0.364,0.000,0.636
288000,0.402,0.000,0.598
288500,0.386,0.000,0.615
289000,0.361,0.000,0.639
289500,0.368,0.000,0.632
290000,0.364,0.000,0.635
290500,0.362,0.000,0.637
291000,0.337,0.004,0.659
291500,0.361,0.001,0.638
292000,0.333,0.000,0.667
292500,0.346,0.006,0.648
293000,0.360,0.001,0.639
293500,0.376,0.000,0.624
294000,0.362,0.000,0.638
294500,0.387,0.001,0.613
295000,0.344,0.000,0.656
295500,0.354,0.000,0.645
296000,0.325,0.001,0.674
296500,0.330,0.015,0.655
297000,0.344,0.005,0.651
297500,0.312,0.002,0.686
298000,0.333,0.003,0.664
298500,0.302,0.009,0.689
299000,0.269,0.009,0.723
299500,0.331,0.006,0.663
300000,0.340,0.002,0.658
300500,0.339,0.001,0.661
301000,0.364,0.000,0.636
301500,0.348,0.000,0.651
302000,0.346,0.000,0.653
302500,0.373,0.000,0.627
303000,0.426,0.004,0.571
303500,0.379,0.000,0.621
304000,0.418,0.004,0.578
304500,0.381,0.001,0.619
305000,0.369,0.001,0.630
305500,0.368,0.000,0.632
306000,0.358,0.000,0.642
306500,0.391,0.004,0.605
307000,0.387,0.002,0.612
307500,0.351,0.005,0.644
308000,0.345,0.006,0.648
308500,0.353,0.002,0.645
309000,0.338,0.002,0.661
309500,0.379,0.000,0.621
310000,0.395,0.000,0.605
310500,0.381,0.001,0.619
311000,0.344,0.009,0.647
311500,0.351,0.001,0.648
312000,0.332,0.002,0.666
312500,0.326,0.002,0.672
313000,0.361,0.004,0.635
313500,0.391,0.003,0.606
314000,0.369,0.005,0.625
314500,0.336,0.002,0.663
315000,0.301,0.006,0.693
315500,0.303,0.002,0.696
316000,0.338,0.001,0.662
316500,0.338,0.011,0.651
317000,0.311,0.007,0.682
317500,0.358,0.003,0.640
318000,0.373,0.003,0.624
318500,0.352,0.002,0.646
319000,0.309,0.001,0.690
319500,0.299,0.004,0.696
320000,0.295,0.009,0.696
320500,0.341,0.002,0.658
321000,0.309,0.000,0.691
321500,0.331,0.000,0.669
322000,0.346,0.000,0.653
322500,0.349,0.002,0.649
323000,0.357,0.004,0.640
323500,0.376,0.004,0.620
324000,0.374,0.001,0.624
324500,0.379,0.001,0.621
325000,0.356,0.007,0.637
325500,0.396,0.001,0.604
326000,0.369,0.000,0.631
326500,0.380,0.000,0.620
327000,0.343,0.000,0.657
327500,0.376,0.001,0.624
328000,0.326,0.001,0.673
328500,0.285,0.003,0.712
329000,0.333,0.000,0.667
329500,0.329,0.001,0.671
330000,0.321,0.002,0.678
330500,0.351,0.005,0.644
331000,0.386,0.001,0.613
331500,0.353,0.004,0.642
332000,0.339,0.014,0.647
332500,0.329,0.004,0.668
333000,0.369,0.007,0.624
333500,0.412,0.001,0.587
334000,0.403,0.000,0.597
334500,0.413,0.000,0.587
335000,0.373,0.002,0.625
335500,0.401,0.000,0.599
336000,0.415,0.000,0.585
336500,0.386,0.000,0.615
337000,0.338,0.002,0.660
337500,0.314,0.004,0.682
338000,0.298,0.008,0.694
338500,0.292,0.017,0.692
339000,0.286,0.003,0.711
339500,0.331,0.004,0.665
340000,0.337,0.002,0.661
340500,0.354,0.001,0.645
341000,0.356,0.002,0.641
341500,0.327,0.000,0.673
342000,0.303,0.003,0.694
342500,0.318,0.001,0.681
343000,0.353,0.000,0.647
343500,0.387,0.000,0.613
344000,0.365,0.000,0.635
344500,0.334,0.000,0.666
345000,0.327,0.003,0.670
345500,0.332,0.005,0.663
346000,0.318,0.002,0.681
346500,0.311,0.001,0.688
347000,0.355,0.001,0.645
347500,0.343,0.004,0.653
348000,0.309,0.002,0.689
348500,0.365,0.003,0.633
349000,0.343,0.001,0.657
349500,0.316,0.004,0.681
350000,0.335,0.004,0.661
350500,0.328,0.001,0.671
351000,0.348,0.003,0.649
351500,0.342,0.004,0.654
352000,0.325,0.002,0.674
352500,0.314,0.005,0.681
353000,0.338,0.004,0.657
353500,0.333,0.005,0.662
354000,0.326,0.005,0.669
354500,0.306,0.003,0.691
355000,0.322,0.004,0.674
355500,0.337,0.005,0.658
356000,0.359,0.001,0.640
356500,0.373,0.002,0.625
357000,0.337,0.000,0.663
357500,0.360,0.002,0.639
358000,0.334,0.006,0.660
358500,0.319,0.004,0.677
359000,0.342,0.001,0.658
359500,0.340,0.000,0.660
360000,0.350,0.001,0.649
360500,0.300,0.001,0.700
361000,0.338,0.004,0.658
361500,0.348,0.003,0.649
362000,0.332,0.009,0.659
362500,0.346,0.007,0.646
363000,0.344,0.015,0.641
363500,0.326,0.006,0.668
364000,0.328,0.002,0.670
364500,0.373,0.001,0.626
365000,0.378,0.000,0.623
365500,0.335,0.000,0.665
366000,0.330,0.001,0.669
366500,0.313,0.005,0.682
367000,0.305,0.005,0.690
367500,0.340,0.005,0.655
368000,0.364,0.002,0.634
368500,0.356,0.000,0.644
369000,0.341,0.008,0.651
369500,0.368,0.009,0.622
370000,0.337,0.003,0.661
370500,0.323,0.001,0.676
371000,0.358,0.005,0.636
371500,0.355,0.001,0.644
372000,0.344,0.001,0.654
372500,0.309,0.004,0.686
373000,0.354,0.005,0.640
373500,0.347,0.001,0.652
374000,0.307,0.004,0.689
374500,0.346,0.004,0.649
375000,0.323,0.001,0.677
375500,0.348,0.006,0.646
376000,0.291,0.007,0.702
376500,0.325,0.007,0.668
377000,0.315,0.011,0.674
377500,0.291,0.002,0.708
378000,0.304,0.001,0.695
378500,0.356,0.002,0.642
379000,0.389,0.001,0.610
379500,0.374,0.002,0.623
380000,0.345,0.004,0.650
380500,0.322,0.009,0.668
381000,0.335,0.002,0.664
381500,0.344,0.001,0.655
382000,0.324,0.003,0.673
382500,0.346,0.004,0.651
383000,0.333,0.003,0.664
383500,0.380,0.004,0.617
384000,0.339,0.002,0.660
384500,0.368,0.000,0.631
385000,0.328,0.000,0.672
385500,0.279,0.005,0.716
386000,0.281,0.004,0.716
386500,0.352,0.006,0.641
387000,0.347,0.001,0.652
387500,0.391,0.001,0.608
388000,0.401,0.000,0.599
388500,0.391,0.002,0.608
389000,0.378,0.000,0.623
389500,0.402,0.000,0.599
390000,0.384,0.004,0.612
390500,0.361,0.000,0.639
391000,0.362,0.000,0.638
391500,0.377,0.001,0.622
392000,0.377,0.000,0.623
392500,0.386,0.000,0.614
393000,0.396,0.000,0.604
393500,0.369,0.000,0.631
394000,0.334,0.000,0.666
394500,0.350,0.003,0.646
395000,0.358,0.001,0.642
395500,0.352,0.000,0.648
396000,0.320,0.000,0.680
396500,0.319,0.002,0.679
397000,0.330,0.004,0.666
397500,0.375,0.002,0.624
398000,0.338,0.003,0.659
398500,0.363,0.001,0.636
399000,0.350,0.000,0.650
399500,0.323,0.000,0.677
400000,0.338,0.000,0.662
400500,0.350,0.003,0.646
401000,0.320,0.003,0.677
401500,0.298,0.001,0.702
402000,0.340,0.004,0.656
402500,0.292,0.005,0.702
403000,0.269,0.002,0.729
403500,0.260,0.003,0.738
404000,0.304,0.003,0.693
404500,0.270,0.001,0.729
405000,0.310,0.004,0.685
405500,0.293,0.005,0.702
406000,0.297,0.011,0.691
406500,0.316,0.011,0.673
407000,0.308,0.002,0.690
407500,0.356,0.004,0.641
408000,0.303,0.001,0.696
408500,0.338,0.000,0.662
409000,0.306,0.008,0.685
409500,0.302,0.005,0.693
410000,0.333,0.001,0.666
410500,0.357,0.000,0.643
411000,0.363,0.004,0.633
411500,0.367,0.002,0.631
412000,0.342,0.003,0.655
412500,0.353,0.004,0.643
413000,0.349,0.001,0.650
413500,0.350,0.004,0.645
414000,0.343,0.002,0.656
414500,0.340,0.003,0.657
415000,0.338,0.004,0.659
415500,0.388,0.000,0.613
416000,0.356,0.000,0.644
416500,0.310,0.003,0.688
417000,0.349,0.000,0.651
417500,0.332,0.001,0.667
418000,0.352,0.001,0.648
418500,0.383,0.004,0.614
419000,0.368,0.011,0.622
419500,0.354,0.003,0.643
420000,0.343,0.007,0.650
420500,0.315,0.000,0.685
421000,0.345,0.000,0.655
421500,0.312,0.000,0.688
422000,0.343,0.000,0.657
422500,0.332,0.004,0.664
423000,0.365,0.001,0.634
423500,0.387,0.002,0.611
424000,0.335,0.001,0.665
424500,0.348,0.000,0.652
425000,0.379,0.000,0.621
425500,0.326,0.006,0.668
426000,0.323,0.005,0.672
426500,0.317,0.001,0.682
427000,0.350,0.001,0.650
427500,0.382,0.000,0.618
428000,0.363,0.002,0.635
428500,0.356,0.001,0.643
429000,0.337,0.000,0.663
429500,0.365,0.003,0.633
430000,0.401,0.002,0.597
430500,0.347,0.000,0.653
431000,0.343,0.007,0.650
431500,0.342,0.005,0.652
432000,0.332,0.004,0.664
432500,0.288,0.000,0.712
433000,0.281,0.004,0.715
433500,0.298,0.001,0.701
434000,0.339,0.005,0.656
434500,0.347,0.006,0.647
435000,0.359,0.004,0.637
435500,0.324,0.003,0.673
436000,0.337,0.001,0.663
436500,0.377,0.000,0.623
437000,0.358,0.000,0.642
437500,0.358,0.000,0.641
438000,0.383,0.000,0.617
438500,0.384,0.000,0.616
439000,0.340,0.003,0.658
439500,0.309,0.004,0.687
440000,0.294,0.012,0.694
440500,0.286,0.010,0.704
441000,0.292,0.004,0.704
441500,0.272,0.012,0.716
442000,0.332,0.001,0.667
442500,0.362,0.003,0.636
443000,0.373,0.005,0.622
443500,0.332,0.005,0.663
444000,0.350,0.001,0.650
444500,0.340,0.000,0.660
445000,0.307,0.004,0.688
445500,0.322,0.001,0.677
446000,0.374,0.001,0.625
446500,0.336,0.001,0.663
447000,0.307,0.004,0.690
447500,0.367,0.002,0.631
448000,0.334,0.002,0.664
448500,0.367,0.001,0.632
449000,0.369,0.003,0.628
449500,0.392,0.000,0.608
450000,0.385,0.001,0.614
450500,0.381,0.000,0.619
451000,0.371,0.000,0.629
451500,0.329,0.009,0.663
452000,0.340,0.006,0.654
452500,0.367,0.001,0.632
453000,0.318,0.009,0.673
453500,0.289,0.014,0.697
454000,0.267,0.009,0.724
454500,0.315,0.006,0.679
455000,0.319,0.003,0.679
455500,0.339,0.005,0.656
456000,0.343,0.002,0.656
456500,0.358,0.000,0.642
457000,0.343,0.000,0.657
457500,0.365,0.000,0.635
458000,0.350,0.004,0.646
458500,0.362,0.004,0.634
459000,0.326,0.003,0.671
459500,0.324,0.004,0.672
460000,0.322,0.005,0.673
460500,0.357,0.004,0.640
461000,0.361,0.001,0.638
461500,0.336,0.001,0.664
462000,0.338,0.003,0.659
462500,0.337,0.001,0.663
463000,0.328,0.001,0.671
463500,0.322,0.000,0.678
464000,0.335,0.000,0.665
464500,0.322,0.004,0.674
465000,0.318,0.004,0.678
465500,0.297,0.005,0.698
466000,0.315,0.005,0.680
466500,0.337,0.006,0.657
467000,0.359,0.007,0.633
467500,0.360,0.003,0.638
468000,0.368,0.002,0.631
468500,0.349,0.001,0.650
469000,0.343,0.000,0.657
469500,0.359,0.004,0.638
470000,0.312,0.003,0.685
470500,0.341,0.006,0.653
471000,0.333,0.002,0.665
471500,0.354,0.001,0.646
472000,0.375,0.000,0.625
472500,0.418,0.002,0.580
473000,0.408,0.000,0.592
473500,0.393,0.000,0.607
474000,0.373,0.000,0.627
474500,0.364,0.003,0.633
475000,0.339,0.000,0.661
475500,0.349,0.005,0.646
476000,0.366,0.001,0.633
476500,0.356,0.000,0.643
477000,0.328,0.000,0.672
477500,0.382,0.000,0.619
478000,0.424,0.000,0.576
478500,0.384,0.001,0.616
479000,0.393,0.000,0.607
479500,0.378,0.000,0.622
480000,0.337,0.000,0.663
480500,0.357,0.001,0.642
481000,0.360,0.003,0.637
481500,0.360,0.004,0.636
482000,0.362,0.003,0.636
482500,0.343,0.001,0.657
483000,0.358,0.000,0.642
483500,0.344,0.002,0.654
484000,0.331,0.006,0.663
484500,0.341,0.002,0.657
485000,0.351,0.004,0.646
485500,0.342,0.001,0.657
486000,0.366,0.005,0.629
486500,0.401,0.004,0.595
487000,0.406,0.002,0.593
487500,0.370,0.000,0.630
488000,0.392,0.000,0.609
488500,0.374,0.000,0.625
489000,0.378,0.004,0.619
489500,0.373,0.001,0.626
490000,0.370,0.006,0.624
490500,0.420,0.002,0.579
491000,0.366,0.000,0.634
491500,0.322,0.000,0.678
492000,0.363,0.001,0.636
492500,0.354,0.004,0.643
493000,0.339,0.003,0.659
493500,0.280,0.001,0.719
494000,0.336,0.005,0.659
494500,0.360,0.004,0.636
495000,0.405,0.003,0.593
495500,0.352,0.004,0.643
496000,0.338,0.004,0.658
496500,0.312,0.003,0.685
497000,0.316,0.001,0.684
497500,0.302,0.001,0.697
498000,0.364,0.001,0.635
498500,0.374,0.000,0.626
499000,0.349,0.000,0.651
499500,0.354,0.001,0.645
500000,0.377,0.000,0.623
500500,0.382,0.000,0.619
501000,0.308,0.002,0.691
501500,0.306,0.001,0.693
502000,0.345,0.000,0.655
502500,0.329,0.003,0.668
503000,0.337,0.000,0.663
503500,0.358,0.000,0.641
504000,0.316,0.000,0.684
504500,0.342,0.000,0.658
505000,0.323,0.000,0.677
505500,0.337,0.009,0.655
506000,0.343,0.006,0.651
506500,0.302,0.002,0.696
507000,0.341,0.000,0.659
507500,0.330,0.000,0.670
508000,0.314,0.004,0.682
508500,0.281,0.002,0.717
509000,0.342,0.001,0.657
509500,0.346,0.004,0.649
510000,0.274,0.006,0.720
510500,0.342,0.002,0.656
511000,0.347,0.007,0.645
511500,0.335,0.006,0.659
512000,0.380,0.004,0.616
512500,0.330,0.004,0.666
513000,0.295,0.005,0.699
513500,0.312,0.003,0.685
514000,0.363,0.007,0.630
514500,0.335,0.002,0.663
515000,0.304,0.001,0.695
515500,0.321,0.005,0.674
516000,0.311,0.002,0.686
516500,0.331,0.001,0.668
517000,0.344,0.004,0.652
517500,0.358,0.002,0.639
518000,0.343,0.001,0.656
518500,0.397,0.000,0.603
519000,0.358,0.003,0.640
519500,0.372,0.001,0.627
520000,0.324,0.000,0.676
520500,0.345,0.005,0.650
521000,0.329,0.005,0.666
521500,0.335,0.002,0.664
522000,0.330,0.004,0.665
522500,0.316,0.006,0.678
523000,0.319,0.002,0.679
523500,0.310,0.007,0.683
524000,0.311,0.004,0.685
524500,0.335,0.005,0.660
525000,0.383,0.001,0.616
525500,0.353,0.000,0.647
526000,0.330,0.000,0.670
526500,0.357,0.000,0.643
527000,0.331,0.003,0.666
527500,0.359,0.001,0.641
528000,0.377,0.001,0.623
528500,0.347,0.000,0.653
529000,0.371,0.004,0.625
529500,0.349,0.001,0.651
530000,0.354,0.002,0.644
530500,0.347,0.001,0.653
531000,0.366,0.000,0.633
531500,0.342,0.003,0.656
532000,0.368,0.001,0.632
532500,0.365,0.000,0.635
533000,0.348,0.003,0.649
533500,0.385,0.001,0.614
534000,0.399,0.000,0.601
534500,0.390,0.000,0.610
535000,0.349,0.000,0.651
535500,0.351,0.000,0.649
536000,0.315,0.001,0.685
536500,0.354,0.000,0.646
537000,0.345,0.000,0.655
537500,0.329,0.013,0.659
538000,0.340,0.003,0.658
538500,0.339,0.000,0.661
539000,0.311,0.003,0.686
539500,0.307,0.005,0.688
540000,0.331,0.004,0.665
540500,0.328,0.002,0.670
541000,0.379,0.006,0.615
541500,0.358,0.006,0.635
542000,0.350,0.002,0.649
542500,0.345,0.002,0.653
543000,0.376,0.000,0.624
543500,0.385,0.000,0.615
544000,0.347,0.000,0.653
544500,0.292,0.001,0.707
545000,0.305,0.012,0.683
545500,0.247,0.011,0.742
546000,0.270,0.011,0.720
546500,0.305,0.003,0.692
547000,0.323,0.001,0.676
547500,0.351,0.000,0.649
548000,0.325,0.000,0.675
548500,0.342,0.007,0.651
549000,0.366,0.002,0.632
549500,0.349,0.000,0.651
550000,0.374,0.003,0.623
550500,0.393,0.001,0.606
551000,0.361,0.000,0.639
551500,0.363,0.000,0.637
552000,0.357,0.004,0.639
552500,0.377,0.001,0.623
553000,0.343,0.000,0.657
553500,0.358,0.000,0.641
554000,0.371,0.003,0.626
554500,0.407,0.001,0.593
555000,0.413,0.001,0.586
555500,0.382,0.000,0.618
556000,0.342,0.004,0.654
556500,0.333,0.002,0.665
557000,0.341,0.002,0.658
557500,0.392,0.000,0.609
558000,0.400,0.000,0.601
558500,0.357,0.000,0.643
559000,0.351,0.004,0.644
559500,0.348,0.001,0.651
560000,0.394,0.000,0.607
560500,0.349,0.000,0.651
561000,0.351,0.004,0.644
561500,0.346,0.003,0.651
562000,0.330,0.000,0.670
562500,0.349,0.001,0.650
563000,0.330,0.000,0.670
563500,0.336,0.003,0.661
564000,0.363,0.001,0.636
564500,0.346,0.000,0.654
565000,0.353,0.000,0.647
565500,0.348,0.000,0.651
566000,0.352,0.002,0.646
566500,0.342,0.005,0.652
567000,0.372,0.002,0.625
567500,0.351,0.001,0.648
568000,0.387,0.001,0.613
568500,0.347,0.004,0.649
569000,0.317,0.005,0.678
569500,0.346,0.009,0.645
570000,0.356,0.004,0.640
570500,0.352,0.001,0.646
571000,0.341,0.001,0.659
571500,0.341,0.000,0.659
572000,0.321,0.002,0.677
572500,0.330,0.005,0.665
573000,0.337,0.007,0.656
573500,0.256,0.011,0.734
574000,0.327,0.002,0.671
574500,0.338,0.001,0.662
575000,0.342,0.000,0.658
575500,0.361,0.003,0.637
576000,0.359,0.004,0.636
576500,0.338,0.009,0.653
577000,0.327,0.003,0.670
577500,0.377,0.002,0.622
578000,0.366,0.000,0.633
578500,0.354,0.000,0.646
579000,0.350,0.000,0.650
579500,0.408,0.002,0.591
580000,0.361,0.000,0.639
580500,0.374,0.001,0.625
581000,0.366,0.003,0.632
581500,0.332,0.002,0.666
582000,0.308,0.004,0.687
582500,0.336,0.002,0.662
583000,0.316,0.003,0.681
583500,0.311,0.001,0.688
584000,0.323,0.005,0.672
584500,0.334,0.000,0.666
585000,0.361,0.000,0.639
585500,0.346,0.000,0.653
586000,0.291,0.008,0.701
586500,0.300,0.006,0.693
587000,0.341,0.003,0.657
587500,0.342,0.004,0.655
588000,0.315,0.001,0.684
588500,0.332,0.001,0.667
589000,0.395,0.000,0.605
589500,0.380,0.000,0.620
590000,0.365,0.003,0.633
590500,0.333,0.001,0.666
591000,0.311,0.004,0.684
591500,0.312,0.008,0.679
592000,0.349,0.003,0.648
592500,0.352,0.005,0.643
593000,0.349,0.005,0.646
593500,0.355,0.006,0.639
594000,0.323,0.008,0.669
594500,0.330,0.003,0.667
595000,0.393,0.000,0.607
595500,0.348,0.000,0.652
596000,0.306,0.000,0.694
596500,0.315,0.000,0.685
597000,0.374,0.000,0.625
597500,0.335,0.000,0.665
598000,0.351,0.000,0.649
598500,0.354,0.000,0.646
599000,0.332,0.000,0.668
599500,0.335,0.002,0.663
600000,0.307,0.005,0.688
600500,0.321,0.002,0.678
601000,0.330,0.000,0.670
601500,0.337,0.000,0.663
602000,0.344,0.000,0.656
602500,0.349,0.004,0.646
603000,0.335,0.001,0.665
603500,0.328,0.001,0.672
604000,0.307,0.007,0.685
604500,0.292,0.005,0.703
605000,0.350,0.004,0.645
605500,0.341,0.002,0.658
606000,0.346,0.001,0.654
606500,0.351,0.000,0.649
607000,0.319,0.005,0.676
607500,0.333,0.001,0.667
608000,0.345,0.000,0.655
608500,0.339,0.000,0.661
609000,0.363,0.002,0.636
609500,0.343,0.000,0.657
610000,0.304,0.009,0.687
610500,0.312,0.004,0.684
611000,0.306,0.005,0.689
611500,0.311,0.005,0.683
612000,0.368,0.001,0.630
612500,0.412,0.000,0.588
613000,0.366,0.000,0.633
613500,0.338,0.000,0.662
614000,0.317,0.000,0.683
614500,0.334,0.002,0.664
615000,0.399,0.002,0.600
615500,0.393,0.000,0.607
616000,0.365,0.000,0.635
616500,0.365,0.004,0.631
617000,0.358,0.002,0.639
617500,0.404,0.001,0.596
618000,0.387,0.000,0.613
618500,0.389,0.000,0.611
619000,0.341,0.004,0.655
619500,0.321,0.004,0.675
620000,0.294,0.005,0.701
620500,0.328,0.007,0.665
621000,0.356,0.006,0.637
621500,0.387,0.003,0.610
622000,0.340,0.001,0.659
622500,0.338,0.002,0.661
623000,0.325,0.000,0.675
623500,0.367,0.003,0.630
624000,0.350,0.003,0.646
624500,0.322,0.003,0.675
625000,0.364,0.007,0.628
625500,0.352,0.001,0.646
626000,0.314,0.003,0.683
626500,0.308,0.001,0.691
627000,0.310,0.001,0.689
627500,0.316,0.004,0.679
628000,0.320,0.002,0.678
628500,0.330,0.010,0.660
629000,0.368,0.004,0.628
629500,0.377,0.002,0.622
630000,0.350,0.000,0.649
630500,0.334,0.003,0.663
631000,0.325,0.004,0.671
631500,0.343,0.002,0.656
632000,0.337,0.003,0.661
632500,0.292,0.004,0.704
633000,0.297,0.003,0.700
633500,0.284,0.004,0.713
634000,0.354,0.001,0.645
634500,0.369,0.005,0.626
635000,0.349,0.002,0.649
635500,0.355,0.001,0.645
636000,0.380,0.001,0.620
636500,0.351,0.003,0.647
637000,0.336,0.003,0.661
637500,0.327,0.005,0.668
638000,0.323,0.005,0.672
638500,0.383,0.004,0.614
639000,0.392,0.001,0.608
639500,0.310,0.000,0.690
640000,0.308,0.002,0.690
640500,0.327,0.001,0.672
641000,0.344,0.005,0.650
641500,0.354,0.002,0.644
642000,0.337,0.009,0.655
642500,0.324,0.011,0.666
643000,0.336,0.004,0.660
643500,0.278,0.008,0.714
644000,0.310,0.004,0.686
644500,0.308,0.000,0.692
645000,0.321,0.005,0.674
645500,0.323,0.009,0.668
646000,0.355,0.002,0.643
646500,0.366,0.001,0.633
647000,0.370,0.005,0.624
647500,0.347,0.003,0.651
648000,0.328,0.001,0.672
648500,0.329,0.004,0.667
649000,0.354,0.002,0.644
649500,0.325,0.000,0.675
650000,0.295,0.003,0.703
650500,0.344,0.001,0.656
651000,0.334,0.011,0.655
651500,0.328,0.003,0.670
652000,0.353,0.001,0.646
652500,0.377,0.006,0.617
653000,0.353,0.003,0.645
653500,0.364,0.001,0.634
654000,0.352,0.001,0.647
654500,0.357,0.007,0.636
655000,0.341,0.002,0.657
655500,0.327,0.004,0.669
656000,0.378,0.001,0.621
656500,0.328,0.001,0.671
657000,0.371,0.001,0.628
657500,0.325,0.004,0.672
658000,0.305,0.001,0.694
658500,0.344,0.005,0.651
659000,0.344,0.001,0.655
659500,0.344,0.000,0.656
660000,0.287,0.009,0.704
660500,0.314,0.009,0.677
661000,0.334,0.005,0.661
661500,0.348,0.004,0.648
662000,0.330,0.003,0.668
662500,0.337,0.004,0.659
663000,0.332,0.004,0.664
663500,0.335,0.003,0.663
664000,0.319,0.001,0.680
664500,0.342,0.009,0.649
665000,0.389,0.002,0.610
665500,0.386,0.000,0.615
666000,0.346,0.005,0.648
666500,0.349,0.001,0.650
667000,0.411,0.000,0.589
667500,0.406,0.000,0.594
668000,0.399,0.000,0.601
668500,0.400,0.002,0.598
669000,0.357,0.001,0.643
669500,0.328,0.008,0.664
670000,0.307,0.002,0.691
670500,0.352,0.001,0.648
671000,0.369,0.004,0.626
671500,0.386,0.001,0.614
672000,0.363,0.000,0.637
672500,0.339,0.000,0.661
673000,0.338,0.000,0.662
673500,0.362,0.006,0.632
674000,0.332,0.005,0.663
674500,0.380,0.006,0.614
675000,0.310,0.001,0.690
675500,0.288,0.003,0.709
676000,0.319,0.001,0.681
676500,0.359,0.000,0.641
677000,0.320,0.000,0.680
677500,0.334,0.003,0.663
678000,0.356,0.001,0.643
678500,0.325,0.005,0.670
679000,0.327,0.005,0.668
679500,0.363,0.002,0.635
680000,0.344,0.003,0.653
680500,0.365,0.003,0.632
681000,0.364,0.001,0.635
681500,0.377,0.000,0.623
682000,0.359,0.000,0.641
682500,0.387,0.000,0.613
683000,0.327,0.005,0.668
683500,0.343,0.003,0.655
684000,0.379,0.001,0.620
684500,0.364,0.005,0.630
685000,0.300,0.001,0.699
685500,0.303,0.004,0.692
686000,0.315,0.010,0.675
686500,0.321,0.003,0.677
687000,0.346,0.004,0.649
687500,0.359,0.003,0.638
688000,0.361,0.002,0.638
688500,0.325,0.001,0.675
689000,0.282,0.015,0.703
689500,0.311,0.004,0.684
690000,0.316,0.011,0.674
690500,0.325,0.003,0.673
691000,0.292,0.004,0.704
691500,0.332,0.009,0.659
692000,0.336,0.004,0.660
692500,0.398,0.001,0.602
693000,0.434,0.001,0.566
693500,0.463,0.000,0.537
694000,0.444,0.000,0.556
694500,0.398,0.000,0.602
695000,0.419,0.000,0.581
695500,0.390,0.000,0.610
696000,0.394,0.000,0.607
696500,0.390,0.000,0.611
697000,0.375,0.000,0.625
697500,0.330,0.000,0.670
698000,0.314,0.000,0.686
698500,0.308,0.000,0.692
699000,0.314,0.004,0.682
699500,0.331,0.011,0.659
700000,0.360,0.001,0.639
700500,0.370,0.004,0.625
701000,0.376,0.002,0.623
701500,0.375,0.004,0.621
702000,0.379,0.002,0.619
702500,0.412,0.000,0.588
703000,0.405,0.000,0.595
703500,0.357,0.005,0.638
704000,0.369,0.007,0.624
704500,0.386,0.001,0.614
705000,0.360,0.000,0.640
705500,0.340,0.006,0.654
706000,0.363,0.002,0.635
706500,0.381,0.005,0.614
707000,0.326,0.004,0.670
707500,0.368,0.005,0.627
708000,0.333,0.002,0.665
708500,0.354,0.006,0.639
709000,0.336,0.001,0.663
709500,0.349,0.000,0.651
710000,0.335,0.000,0.665
710500,0.348,0.002,0.651
711000,0.390,0.001,0.610
711500,0.420,0.000,0.580
712000,0.413,0.005,0.582
712500,0.349,0.001,0.650
713000,0.347,0.000,0.653
713500,0.309,0.005,0.686
714000,0.327,0.011,0.662
714500,0.334,0.004,0.662
715000,0.305,0.001,0.694
715500,0.328,0.009,0.663
716000,0.345,0.004,0.650
716500,0.340,0.002,0.658
717000,0.340,0.009,0.651
717500,0.349,0.009,0.642
718000,0.298,0.001,0.701
718500,0.315,0.013,0.672
719000,0.289,0.007,0.703
719500,0.273,0.007,0.721
720000,0.318,0.002,0.680
720500,0.275,0.005,0.721
721000,0.275,0.021,0.705
721500,0.288,0.010,0.702
722000,0.293,0.009,0.699
722500,0.267,0.002,0.732
723000,0.276,0.004,0.720
723500,0.299,0.006,0.695
724000,0.302,0.006,0.691
724500,0.318,0.004,0.678
725000,0.298,0.001,0.701
725500,0.300,0.001,0.700
726000,0.328,0.008,0.664
726500,0.302,0.001,0.697
727000,0.321,0.000,0.679
727500,0.316,0.000,0.684
728000,0.298,0.007,0.695
728500,0.316,0.006,0.678
729000,0.387,0.006,0.607
729500,0.354,0.004,0.641
730000,0.306,0.002,0.692
730500,0.305,0.005,0.689
731000,0.294,0.003,0.703
731500,0.332,0.004,0.663
732000,0.331,0.005,0.664
732500,0.349,0.001,0.651
733000,0.379,0.000,0.621
733500,0.414,0.000,0.586
734000,0.384,0.000,0.617
734500,0.342,0.000,0.658
735000,0.276,0.000,0.724
735500,0.316,0.002,0.682
736000,0.347,0.004,0.649
736500,0.354,0.002,0.644
737000,0.324,0.001,0.676
737500,0.349,0.000,0.651
738000,0.353,0.002,0.645
738500,0.386,0.003,0.612
739000,0.373,0.000,0.627
739500,0.387,0.002,0.611
740000,0.336,0.005,0.658
740500,0.361,0.004,0.635
741000,0.349,0.001,0.650
741500,0.351,0.000,0.649
742000,0.348,0.002,0.651
742500,0.393,0.001,0.607
743000,0.377,0.000,0.623
743500,0.360,0.000,0.640
744000,0.327,0.000,0.673
744500,0.316,0.000,0.684
745000,0.337,0.000,0.663
745500,0.361,0.000,0.639
746000,0.369,0.000,0.631
746500,0.371,0.000,0.629
747000,0.382,0.002,0.617
747500,0.354,0.004,0.642
748000,0.371,0.001,0.628
748500,0.345,0.002,0.653
749000,0.324,0.001,0.676
749500,0.316,0.003,0.682
750000,0.314,0.001,0.686
750500,0.261,0.010,0.730
751000,0.251,0.017,0.733
751500,0.262,0.011,0.727
752000,0.281,0.003,0.717
752500,0.314,0.007,0.678
753000,0.343,0.003,0.655
753500,0.373,0.005,0.622
754000,0.357,0.001,0.642
754500,0.349,0.003,0.649
755000,0.346,0.004,0.649
755500,0.347,0.008,0.645
756000,0.382,0.001,0.617
756500,0.382,0.006,0.613
757000,0.330,0.006,0.664
757500,0.350,0.003,0.647
758000,0.350,0.004,0.645
758500,0.357,0.003,0.640
759000,0.342,0.001,0.657
759500,0.370,0.007,0.622
760000,0.344,0.003,0.652
760500,0.360,0.007,0.633
761000,0.307,0.004,0.690
761500,0.329,0.003,0.669
762000,0.333,0.003,0.664
762500,0.353,0.002,0.645
763000,0.328,0.012,0.660
763500,0.305,0.021,0.674
764000,0.273,0.009,0.718
764500,0.322,0.006,0.671
765000,0.289,0.011,0.700
765500,0.295,0.013,0.692
766000,0.330,0.004,0.666
766500,0.338,0.000,0.662
767000,0.340,0.000,0.660
767500,0.313,0.007,0.680
768000,0.313,0.002,0.686
768500,0.309,0.002,0.689
769000,0.322,0.008,0.670
769500,0.384,0.001,0.615
770000,0.358,0.004,0.638
770500,0.338,0.006,0.656
771000,0.352,0.001,0.646
771500,0.350,0.004,0.647
772000,0.354,0.004,0.641
772500,0.350,0.003,0.647
773000,0.355,0.000,0.645
773500,0.332,0.004,0.664
774000,0.338,0.003,0.659
774500,0.352,0.001,0.648
775000,0.348,0.000,0.652
775500,0.362,0.000,0.637
776000,0.365,0.004,0.631
776500,0.334,0.001,0.665
777000,0.362,0.001,0.638
777500,0.368,0.004,0.628
778000,0.335,0.004,0.661
778500,0.326,0.004,0.670
779000,0.307,0.000,0.693
779500,0.291,0.009,0.701
780000,0.308,0.010,0.681
780500,0.288,0.019,0.692
781000,0.245,0.017,0.739
781500,0.292,0.009,0.700
782000,0.302,0.002,0.697
782500,0.339,0.001,0.660
783000,0.366,0.001,0.633
783500,0.374,0.000,0.626
784000,0.367,0.000,0.633
784500,0.350,0.000,0.650
785000,0.403,0.000,0.597
785500,0.406,0.000,0.594
786000,0.372,0.000,0.628
786500,0.370,0.007,0.622
787000,0.357,0.002,0.642
787500,0.339,0.004,0.657
788000,0.326,0.004,0.670
788500,0.368,0.001,0.631
789000,0.382,0.004,0.614
789500,0.346,0.004,0.649
790000,0.344,0.002,0.654
790500,0.337,0.002,0.662
791000,0.350,0.004,0.646
791500,0.354,0.004,0.643
792000,0.317,0.004,0.680
792500,0.326,0.002,0.672
793000,0.312,0.006,0.682
793500,0.338,0.010,0.652
794000,0.323,0.004,0.673
794500,0.304,0.005,0.691
795000,0.338,0.001,0.662
795500,0.343,0.003,0.655
796000,0.368,0.000,0.632
796500,0.354,0.004,0.642
797000,0.330,0.005,0.665
797500,0.360,0.001,0.639
798000,0.338,0.000,0.662
798500,0.348,0.000,0.651
799000,0.317,0.000,0.683
799500,0.349,0.003,0.648
800000,0.363,0.001,0.636
800500,0.392,0.001,0.608
801000,0.334,0.004,0.662
801500,0.346,0.006,0.647
802000,0.347,0.005,0.648
802500,0.306,0.001,0.693
803000,0.350,0.000,0.649
803500,0.363,0.003,0.634
804000,0.333,0.004,0.663
804500,0.374,0.002,0.625
805000,0.354,0.003,0.643
805500,0.336,0.000,0.664
806000,0.304,0.000,0.696
806500,0.333,0.001,0.666
807000,0.345,0.014,0.641
807500,0.324,0.005,0.671
808000,0.312,0.005,0.682
808500,0.385,0.005,0.610
809000,0.349,0.003,0.649
809500,0.336,0.003,0.661
810000,0.322,0.000,0.678
810500,0.352,0.001,0.648
811000,0.361,0.000,0.639
811500,0.347,0.004,0.650
812000,0.331,0.005,0.664
812500,0.325,0.001,0.674
813000,0.344,0.001,0.654
813500,0.355,0.007,0.638
814000,0.394,0.002,0.604
814500,0.360,0.006,0.633
815000,0.381,0.002,0.617
815500,0.422,0.001,0.577
816000,0.362,0.000,0.638
816500,0.366,0.002,0.631
817000,0.330,0.010,0.660
817500,0.320,0.005,0.675
818000,0.315,0.001,0.684
818500,0.327,0.004,0.669
819000,0.389,0.001,0.611
819500,0.411,0.000,0.589
820000,0.417,0.000,0.583
820500,0.364,0.005,0.630
821000,0.363,0.001,0.636
821500,0.348,0.000,0.652
822000,0.324,0.000,0.676
822500,0.295,0.003,0.702
823000,0.350,0.001,0.648
823500,0.365,0.000,0.635
824000,0.348,0.003,0.649
824500,0.320,0.002,0.678
825000,0.315,0.003,0.682
825500,0.308,0.015,0.677
826000,0.275,0.010,0.716
826500,0.286,0.008,0.706
827000,0.336,0.005,0.659
827500,0.336,0.004,0.660
828000,0.341,0.004,0.655
828500,0.368,0.005,0.627
829000,0.293,0.005,0.701
829500,0.338,0.002,0.660
830000,0.354,0.001,0.646
830500,0.371,0.001,0.629
831000,0.352,0.000,0.647
831500,0.317,0.000,0.683
832000,0.348,0.005,0.647
832500,0.337,0.003,0.660
833000,0.315,0.003,0.683
833500,0.369,0.004,0.627
834000,0.330,0.001,0.670
834500,0.344,0.005,0.650
835000,0.326,0.006,0.668
835500,0.360,0.005,0.635
836000,0.371,0.002,0.627
836500,0.361,0.004,0.635
837000,0.353,0.002,0.645
837500,0.329,0.001,0.671
838000,0.379,0.000,0.621
838500,0.350,0.002,0.648
839000,0.377,0.007,0.616
839500,0.381,0.003,0.616
840000,0.359,0.008,0.633
840500,0.324,0.003,0.673
841000,0.353,0.004,0.642
841500,0.312,0.002,0.686
842000,0.302,0.002,0.697
842500,0.316,0.002,0.682
843000,0.316,0.001,0.684
843500,0.345,0.003,0.653
844000,0.335,0.008,0.657
844500,0.324,0.004,0.672
845000,0.315,0.006,0.679
845500,0.353,0.002,0.646
846000,0.331,0.001,0.669
846500,0.291,0.007,0.702
847000,0.308,0.009,0.682
847500,0.302,0.002,0.696
848000,0.366,0.004,0.631
848500,0.321,0.004,0.675
849000,0.302,0.004,0.694
849500,0.294,0.003,0.703
850000,0.309,0.000,0.691
850500,0.368,0.000,0.631
851000,0.370,0.000,0.629
851500,0.367,0.000,0.633
852000,0.329,0.009,0.663
852500,0.287,0.002,0.711
853000,0.300,0.007,0.693
853500,0.322,0.001,0.677
854000,0.329,0.001,0.670
854500,0.308,0.004,0.688
855000,0.273,0.013,0.715
855500,0.289,0.005,0.705
856000,0.297,0.006,0.697
856500,0.310,0.005,0.684
857000,0.372,0.004,0.624
857500,0.347,0.004,0.648
858000,0.395,0.004,0.601
858500,0.365,0.001,0.634
859000,0.356,0.002,0.641
859500,0.373,0.004,0.622
860000,0.363,0.003,0.634
860500,0.310,0.003,0.688
861000,0.363,0.000,0.637
861500,0.359,0.001,0.640
862000,0.386,0.000,0.614
862500,0.368,0.002,0.631
863000,0.329,0.001,0.670
863500,0.339,0.005,0.656
864000,0.319,0.005,0.676
864500,0.358,0.001,0.641
865000,0.408,0.002,0.591
865500,0.368,0.001,0.631
866000,0.383,0.001,0.617
866500,0.336,0.000,0.664
867000,0.378,0.000,0.623
867500,0.364,0.000,0.636
868000,0.372,0.000,0.627
868500,0.394,0.000,0.607
869000,0.412,0.000,0.588
869500,0.426,0.000,0.574
870000,0.434,0.000,0.566
870500,0.392,0.000,0.608
871000,0.354,0.000,0.646
871500,0.338,0.000,0.662
872000,0.365,0.000,0.635
872500,0.351,0.000,0.649
873000,0.360,0.003,0.637
873500,0.333,0.004,0.663
874000,0.273,0.013,0.714
874500,0.281,0.009,0.711
875000,0.326,0.003,0.672
875500,0.315,0.010,0.675
876000,0.318,0.005,0.677
876500,0.366,0.004,0.630
877000,0.318,0.005,0.677
877500,0.335,0.006,0.659
878000,0.328,0.006,0.666
878500,0.310,0.003,0.688
879000,0.324,0.003,0.674
879500,0.339,0.000,0.661
880000,0.342,0.007,0.651
880500,0.340,0.006,0.654
881000,0.358,0.001,0.641
881500,0.371,0.000,0.629
882000,0.380,0.000,0.620
882500,0.359,0.000,0.641
883000,0.325,0.012,0.663
883500,0.374,0.004,0.621
884000,0.331,0.000,0.669
884500,0.365,0.005,0.630
885000,0.371,0.003,0.627
885500,0.340,0.004,0.656
886000,0.325,0.002,0.674
886500,0.343,0.003,0.655
887000,0.312,0.001,0.687
887500,0.345,0.002,0.653
888000,0.384,0.005,0.611
888500,0.353,0.002,0.646
889000,0.326,0.004,0.670
889500,0.330,0.005,0.665
890000,0.368,0.002,0.631
890500,0.367,0.003,0.630
891000,0.400,0.001,0.600
891500,0.399,0.000,0.601
892000,0.420,0.003,0.578
892500,0.372,0.001,0.627
893000,0.397,0.000,0.603
893500,0.401,0.000,0.599
894000,0.355,0.000,0.645
894500,0.330,0.001,0.669
895000,0.360,0.001,0.639
895500,0.372,0.000,0.628
896000,0.369,0.000,0.631
896500,0.381,0.002,0.618
897000,0.372,0.000,0.628
897500,0.359,0.001,0.640
898000,0.393,0.000,0.607
898500,0.363,0.000,0.637
899000,0.341,0.000,0.659
899500,0.313,0.003,0.684
900000,0.297,0.009,0.694
900500,0.307,0.002,0.691
901000,0.350,0.002,0.648
901500,0.357,0.001,0.642
902000,0.331,0.003,0.666
902500,0.336,0.002,0.662
903000,0.309,0.008,0.682
903500,0.302,0.006,0.692
904000,0.326,0.002,0.672
904500,0.319,0.004,0.677
905000,0.336,0.001,0.663
905500,0.319,0.003,0.678
906000,0.341,0.001,0.658
906500,0.347,0.001,0.653
907000,0.345,0.003,0.652
907500,0.341,0.003,0.656
908000,0.340,0.005,0.654
908500,0.334,0.001,0.665
909000,0.322,0.005,0.673
909500,0.350,0.001,0.648
910000,0.379,0.000,0.621
910500,0.307,0.000,0.693
911000,0.360,0.008,0.631
911500,0.303,0.004,0.693
912000,0.303,0.009,0.688
912500,0.367,0.003,0.630
913000,0.352,0.002,0.646
913500,0.351,0.002,0.648
914000,0.359,0.001,0.640
914500,0.326,0.000,0.674
915000,0.336,0.000,0.664
915500,0.330,0.002,0.668
916000,0.324,0.003,0.673
916500,0.390,0.000,0.611
917000,0.343,0.003,0.655
917500,0.321,0.002,0.678
918000,0.354,0.006,0.640
918500,0.324,0.004,0.672
919000,0.338,0.001,0.661
919500,0.336,0.002,0.662
920000,0.352,0.002,0.646
920500,0.405,0.002,0.594
921000,0.360,0.001,0.639
921500,0.363,0.000,0.637
922000,0.374,0.000,0.626
922500,0.369,0.004,0.627
923000,0.346,0.001,0.654
923500,0.300,0.003,0.698
924000,0.294,0.007,0.699
924500,0.309,0.003,0.689
925000,0.333,0.006,0.661
925500,0.326,0.005,0.669
926000,0.358,0.001,0.642
926500,0.376,0.003,0.622
927000,0.398,0.004,0.599
927500,0.318,0.004,0.678
928000,0.273,0.002,0.726
928500,0.290,0.002,0.708
929000,0.281,0.004,0.714
929500,0.326,0.009,0.665
930000,0.314,0.004,0.682
930500,0.355,0.001,0.644
931000,0.334,0.000,0.666
931500,0.345,0.000,0.655
932000,0.321,0.000,0.679
932500,0.350,0.006,0.643
933000,0.362,0.004,0.634
933500,0.380,0.005,0.615
934000,0.363,0.001,0.637
934500,0.342,0.000,0.658
935000,0.371,0.000,0.629
935500,0.344,0.000,0.656
936000,0.359,0.001,0.640
936500,0.362,0.005,0.633
937000,0.340,0.001,0.660
937500,0.364,0.000,0.636
938000,0.368,0.000,0.632
938500,0.352,0.000,0.648
939000,0.336,0.004,0.660
939500,0.342,0.003,0.655
940000,0.324,0.003,0.674
940500,0.332,0.006,0.662
941000,0.322,0.005,0.672
941500,0.341,0.003,0.657
942000,0.331,0.003,0.666
942500,0.341,0.000,0.659
943000,0.330,0.004,0.666
943500,0.332,0.001,0.667
944000,0.356,0.006,0.638
944500,0.367,0.003,0.630
945000,0.397,0.002,0.601
945500,0.385,0.001,0.615
946000,0.376,0.000,0.624
946500,0.362,0.000,0.637
947000,0.399,0.000,0.601
947500,0.363,0.004,0.633
948000,0.334,0.001,0.665
948500,0.366,0.002,0.632
949000,0.387,0.001,0.613
949500,0.364,0.004,0.632
950000,0.331,0.001,0.669
950500,0.311,0.000,0.689
951000,0.321,0.001,0.679
951500,0.369,0.002,0.630
952000,0.354,0.005,0.640
952500,0.329,0.001,0.670
953000,0.353,0.001,0.647
953500,0.376,0.000,0.625
954000,0.348,0.007,0.644
954500,0.337,0.006,0.657
955000,0.320,0.004,0.676
955500,0.296,0.007,0.696
956000,0.312,0.002,0.686
956500,0.346,0.000,0.653
957000,0.355,0.002,0.643
957500,0.344,0.001,0.655
958000,0.340,0.001,0.660
958500,0.338,0.002,0.660
959000,0.360,0.001,0.639
959500,0.326,0.003,0.671
960000,0.352,0.003,0.645
960500,0.289,0.003,0.708
961000,0.326,0.001,0.673
961500,0.331,0.006,0.663
962000,0.312,0.001,0.688
962500,0.345,0.000,0.655
963000,0.360,0.003,0.637
963500,0.365,0.001,0.634
964000,0.337,0.003,0.661
964500,0.389,0.000,0.611
965000,0.366,0.000,0.634
965500,0.336,0.001,0.663
966000,0.373,0.000,0.627
966500,0.383,0.002,0.615
967000,0.379,0.001,0.621
967500,0.381,0.000,0.619
968000,0.354,0.000,0.646
968500,0.358,0.000,0.641
969000,0.350,0.004,0.645
969500,0.369,0.001,0.630
970000,0.356,0.000,0.643
970500,0.402,0.000,0.598
971000,0.382,0.000,0.619
971500,0.380,0.000,0.620
972000,0.355,0.004,0.642
972500,0.328,0.002,0.670
973000,0.307,0.003,0.690
973500,0.368,0.003,0.628
974000,0.345,0.001,0.654
974500,0.382,0.000,0.619
975000,0.392,0.000,0.608
975500,0.365,0.004,0.631
976000,0.412,0.002,0.586
976500,0.385,0.001,0.615
977000,0.357,0.001,0.643
977500,0.372,0.000,0.627
978000,0.380,0.000,0.621
978500,0.382,0.000,0.618
979000,0.384,0.008,0.608
979500,0.367,0.001,0.632
980000,0.391,0.000,0.609
980500,0.381,0.000,0.619
981000,0.345,0.004,0.651
981500,0.337,0.001,0.663
982000,0.291,0.000,0.709
982500,0.329,0.004,0.668
983000,0.326,0.004,0.670
983500,0.333,0.008,0.659
984000,0.316,0.001,0.683
984500,0.290,0.013,0.697
985000,0.283,0.006,0.710
985500,0.305,0.004,0.690
986000,0.382,0.003,0.616
986500,0.384,0.000,0.617
987000,0.344,0.000,0.656
987500,0.361,0.000,0.639
988000,0.339,0.002,0.659
988500,0.350,0.004,0.645
989000,0.347,0.003,0.650
989500,0.323,0.001,0.677
990000,0.316,0.000,0.684
990500,0.345,0.003,0.653
991000,0.384,0.001,0.616
991500,0.385,0.000,0.615
992000,0.346,0.000,0.654
992500,0.382,0.000,0.618
993000,0.347,0.007,0.646
993500,0.342,0.009,0.649
994000,0.361,0.000,0.639
994500,0.329,0.002,0.670
995000,0.319,0.000,0.681
995500,0.329,0.004,0.667
996000,0.303,0.004,0.693
996500,0.337,0.005,0.658
997000,0.355,0.002,0.643
997500,0.361,0.001,0.638
998000,0.359,0.004,0.637
998500,0.331,0.001,0.669
999000,0.322,0.001,0.677
999500,0.332,0.001,0.668
1000000,0.344,0.003,0.652
