time,n_A+p,n_B,n_AB
500,0.097,0.007,0.896
1000,0.066,0.001,0.933
1500,0.030,0.018,0.952
2000,0.084,0.002,0.914
2500,0.064,0.000,0.936
3000,0.100,0.000,0.900
3500,0.100,0.000,0.900
4000,0.035,0.000,0.965
4500,0.096,0.000,0.904
5000,0.058,0.000,0.942
5500,0.042,0.030,0.928
6000,0.050,0.000,0.950
6500,0.079,0.000,0.921
7000,0.051,0.000,0.949
7500,0.039,0.009,0.952
8000,0.052,0.000,0.948
8500,0.046,0.000,0.954
9000,0.032,0.013,0.955
9500,0.061,0.000,0.939
10000,0.105,0.000,0.895
10500,0.072,0.000,0.928
11000,0.050,0.017,0.933
11500,0.040,0.000,0.960
12000,0.084,0.000,0.916
12500,0.080,0.029,0.891
13000,0.046,0.000,0.954
13500,0.045,0.000,0.955
14000,0.063,0.000,0.937
14500,0.049,0.000,0.951
15000,0.047,0.014,0.939
15500,0.036,0.010,0.954
16000,0.036,0.002,0.962
16500,0.045,0.000,0.955
17000,0.054,0.006,0.940
17500,0.057,0.001,0.942
18000,0.051,0.012,0.937
18500,0.051,0.000,0.949
19000,0.053,0.055,0.892
19500,0.035,0.000,0.965
20000,0.034,0.000,0.966
20500,0.096,0.000,0.904
21000,0.043,0.014,0.943
21500,0.030,0.002,0.968
22000,0.067,0.021,0.912
22500,0.047,0.030,0.923
23000,0.044,0.030,0.926
23500,0.062,0.000,0.938
24000,0.031,0.018,0.951
24500,0.078,0.000,0.922
25000,0.122,0.000,0.878
25500,0.035,0.017,0.948
26000,0.076,0.000,0.924
26500,0.117,0.000,0.883
27000,0.088,0.000,0.912
27500,0.034,0.004,0.962
28000,0.030,0.000,0.970
28500,0.078,0.000,0.922
29000,0.076,0.000,0.924
29500,0.051,0.006,0.943
30000,0.076,0.000,0.924
30500,0.050,0.000,0.950
31000,0.100,0.000,0.900
31500,0.039,0.000,0.961
32000,0.053,0.011,0.936
32500,0.092,0.000,0.908
33000,0.085,0.000,0.915
33500,0.050,0.005,0.945
34000,0.066,0.002,0.932
34500,0.062,0.014,0.924
35000,0.054,0.008,0.938
35500,0.059,0.000,0.941
36000,0.080,0.000,0.920
36500,0.073,0.000,0.927
37000,0.083,0.000,0.917
37500,0.063,0.000,0.937
38000,0.067,0.001,0.932
38500,0.144,0.001,0.855
39000,0.059,0.000,0.941
39500,0.063,0.004,0.933
40000,0.035,0.011,0.954
40500,0.084,0.001,0.915
41000,0.030,0.000,0.970
41500,0.074,0.000,0.926
42000,0.036,0.000,0.964
42500,0.099,0.000,0.901
43000,0.084,0.000,0.916
43500,0.044,0.000,0.956
44000,0.081,0.008,0.911
44500,0.044,0.000,0.956
45000,0.076,0.000,0.924
45500,0.036,0.000,0.964
46000,0.069,0.000,0.931
46500,0.068,0.000,0.932
47000,0.048,0.000,0.952
47500,0.039,0.001,0.960
48000,0.078,0.000,0.922
48500,0.104,0.000,0.896
49000,0.088,0.000,0.912
49500,0.030,0.027,0.943
50000,0.037,0.022,0.941
50500,0.030,0.036,0.934
51000,0.053,0.001,0.946
51500,0.054,0.000,0.946
52000,0.046,0.002,0.952
52500,0.051,0.006,0.943
53000,0.048,0.000,0.952
53500,0.089,0.000,0.911
54000,0.083,0.000,0.917
54500,0.139,0.000,0.861
55000,0.030,0.024,0.946
55500,0.047,0.000,0.953
56000,0.033,0.005,0.962
56500,0.039,0.000,0.961
57000,0.077,0.000,0.923
57500,0.040,0.000,0.960
58000,0.079,0.006,0.915
58500,0.032,0.002,0.966
59000,0.061,0.000,0.939
59500,0.101,0.000,0.899
60000,0.097,0.002,0.901
60500,0.048,0.004,0.948
61000,0.097,0.000,0.903
61500,0.090,0.000,0.910
62000,0.052,0.000,0.948
62500,0.136,0.002,0.862
63000,0.103,0.018,0.879
63500,0.030,0.006,0.964
64000,0.097,0.000,0.903
64500,0.047,0.000,0.953
65000,0.093,0.009,0.898
65500,0.040,0.029,0.931
66000,0.124,0.000,0.876
66500,0.051,0.000,0.949
67000,0.071,0.017,0.912
67500,0.066,0.006,0.928
68000,0.064,0.005,0.931
68500,0.035,0.014,0.951
69000,0.111,0.000,0.889
69500,0.074,0.037,0.889
70000,0.054,0.000,0.946
70500,0.040,0.003,0.957
71000,0.050,0.008,0.942
71500,0.044,0.000,0.956
72000,0.033,0.000,0.967
72500,0.069,0.022,0.909
73000,0.043,0.022,0.935
73500,0.062,0.000,0.938
74000,0.032,0.000,0.968
74500,0.087,0.000,0.913
75000,0.085,0.000,0.915
75500,0.095,0.000,0.905
76000,0.128,0.001,0.871
76500,0.078,0.000,0.922
77000,0.051,0.002,0.947
77500,0.053,0.000,0.947
78000,0.072,0.000,0.928
78500,0.030,0.003,0.967
79000,0.073,0.000,0.927
79500,0.047,0.018,0.935
80000,0.071,0.012,0.917
80500,0.086,0.000,0.914
81000,0.077,0.002,0.921
81500,0.109,0.000,0.891
82000,0.083,0.000,0.917
82500,0.104,0.001,0.895
83000,0.096,0.000,0.904
83500,0.055,0.000,0.945
84000,0.067,0.000,0.933
84500,0.086,0.000,0.914
85000,0.064,0.000,0.936
85500,0.045,0.000,0.955
86000,0.031,0.006,0.963
86500,0.060,0.000,0.940
87000,0.092,0.008,0.900
87500,0.099,0.000,0.901
88000,0.051,0.009,0.940
88500,0.057,0.000,0.943
89000,0.046,0.003,0.951
89500,0.044,0.000,0.956
90000,0.136,0.000,0.864
90500,0.036,0.000,0.964
91000,0.037,0.021,0.942
91500,0.036,0.042,0.922
92000,0.088,0.000,0.912
92500,0.032,0.001,0.967
93000,0.030,0.003,0.967
93500,0.063,0.000,0.937
94000,0.087,0.001,0.912
94500,0.061,0.019,0.920
95000,0.042,0.014,0.944
95500,0.032,0.002,0.966
96000,0.098,0.000,0.902
96500,0.043,0.001,0.956
97000,0.046,0.000,0.954
97500,0.046,0.000,0.954
98000,0.069,0.011,0.920
98500,0.040,0.021,0.939
99000,0.078,0.000,0.922
99500,0.079,0.000,0.921
100000,0.059,0.000,0.941
100500,0.068,0.000,0.932
101000,0.036,0.017,0.947
101500,0.055,0.003,0.942
102000,0.035,0.014,0.951
102500,0.048,0.035,0.917
103000,0.061,0.000,0.939
103500,0.032,0.018,0.950
104000,0.031,0.035,0.934
104500,0.081,0.000,0.919
105000,0.030,0.001,0.969
105500,0.055,0.000,0.945
106000,0.055,0.003,0.942
106500,0.070,0.033,0.897
107000,0.047,0.000,0.953
107500,0.075,0.000,0.925
108000,0.048,0.000,0.952
108500,0.058,0.000,0.942
109000,0.067,0.000,0.933
109500,0.052,0.003,0.945
110000,0.129,0.000,0.871
110500,0.049,0.006,0.945
111000,0.062,0.000,0.938
111500,0.059,0.000,0.941
112000,0.031,0.037,0.932
112500,0.072,0.025,0.903
113000,0.047,0.000,0.953
113500,0.090,0.008,0.902
114000,0.071,0.007,0.922
114500,0.119,0.000,0.881
115000,0.064,0.000,0.936
115500,0.059,0.000,0.941
116000,0.119,0.000,0.881
116500,0.066,0.002,0.932
117000,0.033,0.010,0.957
117500,0.050,0.011,0.939
118000,0.034,0.000,0.966
118500,0.066,0.000,0.934
119000,0.030,0.000,0.970
119500,0.040,0.000,0.960
120000,0.032,0.000,0.968
120500,0.071,0.000,0.929
121000,0.034,0.000,0.966
121500,0.064,0.002,0.934
122000,0.033,0.003,0.964
122500,0.057,0.007,0.936
123000,0.052,0.000,0.948
123500,0.031,0.010,0.959
124000,0.053,0.001,0.946
124500,0.060,0.003,0.937
125000,0.033,0.000,0.967
125500,0.082,0.018,0.900
126000,0.037,0.023,0.940
126500,0.043,0.019,0.938
127000,0.038,0.001,0.961
127500,0.065,0.000,0.935
128000,0.065,0.000,0.935
128500,0.077,0.000,0.923
129000,0.049,0.003,0.948
129500,0.062,0.005,0.933
130000,0.039,0.034,0.927
130500,0.060,0.000,0.940
131000,0.083,0.001,0.916
131500,0.098,0.000,0.902
132000,0.120,0.000,0.880
132500,0.045,0.000,0.955
133000,0.031,0.022,0.947
133500,0.098,0.000,0.902
134000,0.078,0.001,0.921
134500,0.054,0.094,0.852
135000,0.084,0.002,0.914
135500,0.030,0.041,0.929
136000,0.030,0.027,0.943
136500,0.048,0.000,0.952
137000,0.033,0.007,0.960
137500,0.110,0.000,0.890
138000,0.047,0.000,0.953
138500,0.031,0.034,0.935
139000,0.048,0.000,0.952
139500,0.102,0.014,0.884
140000,0.062,0.000,0.938
140500,0.069,0.000,0.931
141000,0.067,0.003,0.930
141500,0.086,0.000,0.914
142000,0.036,0.000,0.964
142500,0.096,0.000,0.904
143000,0.108,0.001,0.891
143500,0.106,0.000,0.894
144000,0.040,0.003,0.957
144500,0.063,0.000,0.937
145000,0.048,0.000,0.952
145500,0.039,0.000,0.961
146000,0.034,0.023,0.943
146500,0.040,0.007,0.953
147000,0.077,0.000,0.923
147500,0.051,0.000,0.949
148000,0.100,0.002,0.898
148500,0.098,0.000,0.902
149000,0.064,0.000,0.936
149500,0.041,0.000,0.959
150000,0.092,0.000,0.908
150500,0.101,0.000,0.899
151000,0.049,0.000,0.951
151500,0.061,0.010,0.929
152000,0.053,0.000,0.947
152500,0.038,0.024,0.938
153000,0.050,0.000,0.950
153500,0.030,0.000,0.970
154000,0.067,0.035,0.898
154500,0.059,0.013,0.928
155000,0.030,0.019,0.951
155500,0.073,0.000,0.927
156000,0.032,0.006,0.962
156500,0.047,0.000,0.953
157000,0.132,0.000,0.868
157500,0.135,0.000,0.865
158000,0.060,0.010,0.930
158500,0.037,0.030,0.933
159000,0.072,0.001,0.927
159500,0.097,0.000,0.903
160000,0.039,0.000,0.961
160500,0.084,0.001,0.915
161000,0.047,0.001,0.952
161500,0.092,0.000,0.908
162000,0.040,0.000,0.960
162500,0.101,0.000,0.899
163000,0.047,0.000,0.953
163500,0.043,0.010,0.947
164000,0.057,0.019,0.924
164500,0.061,0.000,0.939
165000,0.056,0.000,0.944
165500,0.100,0.000,0.900
166000,0.085,0.000,0.915
166500,0.037,0.000,0.963
167000,0.078,0.013,0.909
167500,0.065,0.013,0.922
168000,0.088,0.038,0.874
168500,0.046,0.000,0.954
169000,0.053,0.023,0.924
169500,0.062,0.000,0.938
170000,0.063,0.000,0.937
170500,0.054,0.000,0.946
171000,0.049,0.001,0.950
171500,0.034,0.001,0.965
172000,0.061,0.000,0.939
172500,0.054,0.000,0.946
173000,0.049,0.000,0.951
173500,0.048,0.015,0.937
174000,0.041,0.000,0.959
174500,0.074,0.000,0.926
175000,0.030,0.001,0.969
175500,0.091,0.001,0.908
176000,0.055,0.000,0.945
176500,0.030,0.012,0.958
177000,0.046,0.003,0.951
177500,0.064,0.000,0.936
178000,0.073,0.000,0.927
178500,0.063,0.017,0.920
179000,0.057,0.000,0.943
179500,0.046,0.001,0.953
180000,0.062,0.001,0.937
180500,0.055,0.000,0.945
181000,0.081,0.000,0.919
181500,0.058,0.001,0.941
182000,0.056,0.000,0.944
182500,0.083,0.000,0.917
183000,0.063,0.000,0.937
183500,0.117,0.000,0.883
184000,0.097,0.000,0.903
184500,0.033,0.032,0.935
185000,0.039,0.004,0.957
185500,0.030,0.000,0.970
186000,0.064,0.000,0.936
186500,0.073,0.000,0.927
187000,0.086,0.000,0.914
187500,0.084,0.003,0.913
188000,0.034,0.016,0.950
188500,0.050,0.021,0.929
189000,0.041,0.013,0.946
189500,0.081,0.015,0.904
190000,0.064,0.000,0.936
190500,0.086,0.007,0.907
191000,0.046,0.004,0.950
191500,0.048,0.000,0.952
192000,0.099,0.000,0.901
192500,0.044,0.012,0.944
193000,0.077,0.000,0.923
193500,0.085,0.000,0.915
194000,0.088,0.000,0.912
194500,0.079,0.000,0.921
195000,0.053,0.000,0.947
195500,0.096,0.000,0.904
196000,0.031,0.014,0.955
196500,0.066,0.000,0.934
197000,0.047,0.000,0.953
197500,0.030,0.002,0.968
198000,0.038,0.000,0.962
198500,0.032,0.007,0.961
199000,0.100,0.000,0.900
199500,0.086,0.002,0.912
200000,0.048,0.000,0.952
200500,0.079,0.000,0.921
201000,0.063,0.000,0.937
201500,0.049,0.000,0.951
202000,0.065,0.000,0.935
202500,0.099,0.000,0.901
203000,0.083,0.004,0.913
203500,0.051,0.000,0.949
204000,0.085,0.000,0.915
204500,0.087,0.000,0.913
205000,0.038,0.033,0.929
205500,0.103,0.000,0.897
206000,0.038,0.035,0.927
206500,0.063,0.002,0.935
207000,0.036,0.000,0.964
207500,0.058,0.000,0.942
208000,0.064,0.000,0.936
208500,0.057,0.000,0.943
209000,0.123,0.000,0.877
209500,0.033,0.000,0.967
210000,0.076,0.000,0.924
210500,0.048,0.000,0.952
211000,0.049,0.011,0.940
211500,0.061,0.000,0.939
212000,0.065,0.011,0.924
212500,0.051,0.001,0.948
213000,0.034,0.003,0.963
213500,0.068,0.015,0.917
214000,0.066,0.002,0.932
214500,0.060,0.000,0.940
215000,0.075,0.007,0.918
215500,0.085,0.000,0.915
216000,0.046,0.002,0.952
216500,0.053,0.001,0.946
217000,0.067,0.000,0.933
217500,0.084,0.000,0.916
218000,0.065,0.018,0.917
218500,0.030,0.015,0.955
219000,0.039,0.015,0.946
219500,0.046,0.000,0.954
220000,0.055,0.000,0.945
220500,0.046,0.000,0.954
221000,0.060,0.000,0.940
221500,0.105,0.006,0.889
222000,0.035,0.029,0.936
222500,0.043,0.001,0.956
223000,0.115,0.002,0.883
223500,0.061,0.040,0.899
224000,0.080,0.001,0.919
224500,0.038,0.000,0.962
225000,0.076,0.022,0.902
225500,0.032,0.063,0.905
226000,0.043,0.003,0.954
226500,0.033,0.000,0.967
227000,0.031,0.042,0.927
227500,0.091,0.000,0.909
228000,0.077,0.000,0.923
228500,0.030,0.005,0.965
229000,0.032,0.006,0.962
229500,0.034,0.004,0.962
230000,0.085,0.000,0.915
230500,0.096,0.000,0.904
231000,0.068,0.000,0.932
231500,0.089,0.006,0.905
232000,0.030,0.008,0.962
232500,0.096,0.000,0.904
233000,0.081,0.000,0.919
233500,0.056,0.003,0.941
234000,0.073,0.000,0.927
234500,0.136,0.000,0.864
235000,0.038,0.014,0.948
235500,0.052,0.000,0.948
236000,0.070,0.023,0.907
236500,0.074,0.001,0.925
237000,0.030,0.024,0.946
237500,0.045,0.014,0.941
238000,0.042,0.000,0.958
238500,0.038,0.000,0.962
239000,0.044,0.000,0.956
239500,0.031,0.027,0.942
240000,0.041,0.024,0.935
240500,0.037,0.001,0.962
241000,0.057,0.000,0.943
241500,0.059,0.000,0.941
242000,0.031,0.000,0.969
242500,0.031,0.033,0.936
243000,0.042,0.002,0.956
243500,0.088,0.000,0.912
244000,0.059,0.000,0.941
244500,0.048,0.002,0.950
245000,0.067,0.000,0.933
245500,0.093,0.000,0.907
246000,0.098,0.000,0.902
246500,0.065,0.014,0.921
247000,0.056,0.007,0.937
247500,0.076,0.000,0.924
248000,0.073,0.000,0.927
248500,0.054,0.000,0.946
249000,0.032,0.000,0.968
249500,0.133,0.000,0.867
250000,0.084,0.000,0.916
250500,0.061,0.000,0.939
251000,0.068,0.000,0.932
251500,0.045,0.000,0.955
252000,0.057,0.003,0.940
252500,0.094,0.000,0.906
253000,0.041,0.038,0.921
253500,0.066,0.000,0.934
254000,0.039,0.000,0.961
254500,0.062,0.000,0.938
255000,0.048,0.000,0.952
255500,0.031,0.022,0.947
256000,0.031,0.005,0.964
256500,0.118,0.000,0.882
257000,0.075,0.000,0.925
257500,0.044,0.000,0.956
258000,0.061,0.002,0.937
258500,0.064,0.000,0.936
259000,0.040,0.000,0.960
259500,0.067,0.000,0.933
260000,0.076,0.000,0.924
260500,0.030,0.000,0.970
261000,0.084,0.000,0.916
261500,0.104,0.000,0.896
262000,0.064,0.000,0.936
262500,0.041,0.001,0.958
263000,0.091,0.000,0.909
263500,0.067,0.001,0.932
264000,0.047,0.000,0.953
264500,0.063,0.020,0.917
265000,0.053,0.000,0.947
265500,0.066,0.000,0.934
266000,0.057,0.000,0.943
266500,0.040,0.009,0.951
267000,0.051,0.000,0.949
267500,0.035,0.000,0.965
268000,0.050,0.000,0.950
268500,0.078,0.000,0.922
269000,0.055,0.001,0.944
269500,0.066,0.000,0.934
270000,0.067,0.000,0.933
270500,0.032,0.010,0.958
271000,0.040,0.000,0.960
271500,0.031,0.000,0.969
272000,0.056,0.000,0.944
272500,0.037,0.000,0.963
273000,0.051,0.000,0.949
273500,0.061,0.001,0.938
274000,0.074,0.001,0.925
274500,0.040,0.000,0.960
275000,0.082,0.000,0.918
275500,0.048,0.001,0.951
276000,0.099,0.000,0.901
276500,0.058,0.000,0.942
277000,0.129,0.000,0.871
277500,0.127,0.000,0.873
278000,0.104,0.004,0.892
278500,0.104,0.001,0.895
279000,0.041,0.048,0.911
279500,0.066,0.000,0.934
280000,0.064,0.000,0.936
280500,0.057,0.000,0.943
281000,0.042,0.000,0.958
281500,0.048,0.027,0.925
282000,0.074,0.000,0.926
282500,0.030,0.023,0.947
283000,0.071,0.000,0.929
283500,0.100,0.000,0.900
284000,0.081,0.000,0.919
284500,0.031,0.001,0.968
285000,0.092,0.001,0.907
285500,0.062,0.000,0.938
286000,0.033,0.000,0.967
286500,0.078,0.001,0.921
287000,0.072,0.000,0.928
287500,0.048,0.001,0.951
288000,0.058,0.000,0.942
288500,0.146,0.000,0.854
289000,0.059,0.003,0.938
289500,0.030,0.031,0.939
290000,0.038,0.038,0.924
290500,0.072,0.001,0.927
291000,0.037,0.000,0.963
291500,0.071,0.000,0.929
292000,0.046,0.000,0.954
292500,0.130,0.000,0.870
293000,0.044,0.000,0.956
293500,0.054,0.004,0.942
294000,0.034,0.023,0.943
294500,0.047,0.000,0.953
295000,0.115,0.000,0.885
295500,0.109,0.002,0.889
296000,0.081,0.000,0.919
296500,0.053,0.000,0.947
297000,0.039,0.000,0.961
297500,0.093,0.002,0.905
298000,0.089,0.000,0.911
298500,0.075,0.010,0.915
299000,0.059,0.000,0.941
299500,0.054,0.001,0.945
300000,0.050,0.002,0.948
300500,0.082,0.000,0.918
301000,0.078,0.000,0.922
301500,0.064,0.000,0.936
302000,0.074,0.000,0.926
302500,0.071,0.014,0.915
303000,0.108,0.000,0.892
303500,0.043,0.034,0.923
304000,0.056,0.000,0.944
304500,0.032,0.000,0.968
305000,0.032,0.000,0.968
305500,0.081,0.000,0.919
306000,0.074,0.000,0.926
306500,0.070,0.000,0.930
307000,0.106,0.001,0.893
307500,0.035,0.033,0.932
308000,0.038,0.001,0.961
308500,0.067,0.013,0.920
309000,0.073,0.001,0.926
309500,0.032,0.015,0.953
310000,0.052,0.063,0.885
310500,0.045,0.000,0.955
311000,0.043,0.038,0.919
311500,0.094,0.000,0.906
312000,0.110,0.000,0.890
312500,0.056,0.000,0.944
313000,0.046,0.000,0.954
313500,0.066,0.000,0.934
314000,0.086,0.000,0.914
314500,0.033,0.017,0.950
315000,0.081,0.000,0.919
315500,0.103,0.001,0.896
316000,0.090,0.000,0.910
316500,0.060,0.000,0.940
317000,0.049,0.000,0.951
317500,0.034,0.000,0.966
318000,0.030,0.016,0.954
318500,0.067,0.000,0.933
319000,0.074,0.003,0.923
319500,0.058,0.000,0.942
320000,0.087,0.000,0.913
320500,0.052,0.010,0.938
321000,0.103,0.000,0.897
321500,0.030,0.010,0.960
322000,0.057,0.000,0.943
322500,0.085,0.000,0.915
323000,0.052,0.013,0.935
323500,0.072,0.005,0.923
324000,0.055,0.002,0.943
324500,0.053,0.000,0.947
325000,0.056,0.023,0.921
325500,0.064,0.000,0.936
326000,0.083,0.000,0.917
326500,0.045,0.000,0.955
327000,0.068,0.001,0.931
327500,0.094,0.000,0.906
328000,0.054,0.000,0.946
328500,0.118,0.000,0.882
329000,0.042,0.000,0.958
329500,0.080,0.000,0.920
330000,0.032,0.041,0.927
330500,0.091,0.000,0.909
331000,0.080,0.000,0.920
331500,0.056,0.013,0.931
332000,0.035,0.000,0.965
332500,0.030,0.026,0.944
333000,0.067,0.000,0.933
333500,0.094,0.000,0.906
334000,0.108,0.000,0.892
334500,0.130,0.000,0.870
335000,0.043,0.000,0.957
335500,0.038,0.011,0.951
336000,0.072,0.000,0.928
336500,0.051,0.000,0.949
337000,0.030,0.008,0.962
337500,0.109,0.000,0.891
338000,0.048,0.000,0.952
338500,0.034,0.000,0.966
339000,0.032,0.000,0.968
339500,0.045,0.000,0.955
340000,0.050,0.000,0.950
340500,0.035,0.000,0.965
341000,0.038,0.000,0.962
341500,0.058,0.014,0.928
342000,0.061,0.000,0.939
342500,0.057,0.000,0.943
343000,0.097,0.000,0.903
343500,0.109,0.000,0.891
344000,0.054,0.000,0.946
344500,0.086,0.000,0.914
345000,0.090,0.000,0.910
345500,0.050,0.000,0.950
346000,0.057,0.001,0.942
346500,0.041,0.000,0.959
347000,0.048,0.000,0.952
347500,0.100,0.000,0.900
348000,0.101,0.000,0.899
348500,0.034,0.000,0.966
349000,0.096,0.000,0.904
349500,0.053,0.008,0.939
350000,0.046,0.021,0.933
350500,0.105,0.000,0.895
351000,0.031,0.022,0.947
351500,0.033,0.010,0.957
352000,0.036,0.009,0.955
352500,0.040,0.000,0.960
353000,0.052,0.000,0.948
353500,0.093,0.000,0.907
354000,0.137,0.000,0.863
354500,0.067,0.000,0.933
355000,0.050,0.005,0.945
355500,0.040,0.030,0.930
356000,0.039,0.022,0.939
356500,0.042,0.000,0.958
357000,0.063,0.000,0.937
357500,0.033,0.008,0.959
358000,0.032,0.005,0.963
358500,0.110,0.000,0.890
359000,0.034,0.004,0.962
359500,0.071,0.000,0.929
360000,0.085,0.000,0.915
360500,0.055,0.005,0.940
361000,0.099,0.000,0.901
361500,0.075,0.000,0.925
362000,0.050,0.001,0.949
362500,0.032,0.010,0.958
363000,0.056,0.000,0.944
363500,0.043,0.016,0.941
364000,0.077,0.000,0.923
364500,0.031,0.003,0.966
365000,0.063,0.002,0.935
365500,0.052,0.000,0.948
366000,0.058,0.000,0.942
366500,0.039,0.027,0.934
367000,0.045,0.000,0.955
367500,0.059,0.036,0.905
368000,0.088,0.000,0.912
368500,0.092,0.005,0.903
369000,0.049,0.002,0.949
369500,0.077,0.006,0.917
370000,0.078,0.000,0.922
370500,0.045,0.000,0.955
371000,0.054,0.000,0.946
371500,0.068,0.000,0.932
372000,0.046,0.000,0.954
372500,0.098,0.017,0.885
373000,0.068,0.000,0.932
373500,0.110,0.000,0.890
374000,0.066,0.000,0.934
374500,0.034,0.000,0.966
375000,0.064,0.027,0.909
375500,0.056,0.000,0.944
376000,0.070,0.002,0.928
376500,0.078,0.002,0.920
377000,0.066,0.000,0.934
377500,0.030,0.008,0.962
378000,0.087,0.000,0.913
378500,0.030,0.050,0.920
379000,0.045,0.000,0.955
379500,0.053,0.005,0.942
380000,0.068,0.002,0.930
380500,0.100,0.000,0.900
381000,0.041,0.000,0.959
381500,0.040,0.000,0.960
382000,0.036,0.000,0.964
382500,0.074,0.004,0.922
383000,0.095,0.000,0.905
383500,0.095,0.000,0.905
384000,0.063,0.000,0.937
384500,0.049,0.021,0.930
385000,0.064,0.026,0.910
385500,0.050,0.000,0.950
386000,0.064,0.000,0.936
386500,0.031,0.018,0.951
387000,0.031,0.002,0.967
387500,0.044,0.001,0.955
388000,0.069,0.000,0.931
388500,0.040,0.003,0.957
389000,0.077,0.000,0.923
389500,0.061,0.000,0.939
390000,0.040,0.000,0.960
390500,0.075,0.000,0.925
391000,0.059,0.018,0.923
391500,0.031,0.000,0.969
392000,0.077,0.006,0.917
392500,0.056,0.000,0.944
393000,0.064,0.000,0.936
393500,0.067,0.025,0.908
394000,0.054,0.000,0.946
394500,0.066,0.003,0.931
395000,0.052,0.023,0.925
395500,0.141,0.000,0.859
396000,0.037,0.000,0.963
396500,0.031,0.012,0.957
397000,0.039,0.011,0.950
397500,0.052,0.000,0.948
398000,0.032,0.000,0.968
398500,0.050,0.000,0.950
399000,0.043,0.000,0.957
399500,0.047,0.000,0.953
400000,0.061,0.000,0.939
400500,0.060,0.008,0.932
401000,0.110,0.001,0.889
401500,0.064,0.000,0.936
402000,0.044,0.024,0.932
402500,0.047,0.000,0.953
403000,0.054,0.000,0.946
403500,0.096,0.000,0.904
404000,0.050,0.001,0.949
404500,0.042,0.000,0.958
405000,0.085,0.000,0.915
405500,0.035,0.000,0.965
406000,0.031,0.006,0.963
406500,0.051,0.016,0.933
407000,0.030,0.025,0.945
407500,0.042,0.024,0.934
408000,0.064,0.006,0.930
408500,0.056,0.000,0.944
409000,0.030,0.008,0.962
409500,0.041,0.005,0.954
410000,0.046,0.006,0.948
410500,0.033,0.000,0.967
411000,0.058,0.000,0.942
411500,0.037,0.015,0.948
412000,0.041,0.030,0.929
412500,0.065,0.000,0.935
413000,0.084,0.000,0.916
413500,0.080,0.000,0.920
414000,0.084,0.000,0.916
414500,0.079,0.000,0.921
415000,0.143,0.000,0.857
415500,0.057,0.000,0.943
416000,0.086,0.000,0.914
416500,0.100,0.007,0.893
417000,0.052,0.000,0.948
417500,0.041,0.000,0.959
418000,0.056,0.000,0.944
418500,0.035,0.030,0.935
419000,0.090,0.000,0.910
419500,0.045,0.023,0.932
420000,0.049,0.013,0.938
420500,0.054,0.000,0.946
421000,0.047,0.000,0.953
421500,0.051,0.000,0.949
422000,0.040,0.016,0.944
422500,0.030,0.005,0.965
423000,0.043,0.000,0.957
423500,0.081,0.000,0.919
424000,0.058,0.016,0.926
424500,0.052,0.000,0.948
425000,0.051,0.009,0.940
425500,0.036,0.011,0.953
426000,0.030,0.000,0.970
426500,0.085,0.000,0.915
427000,0.041,0.015,0.944
427500,0.104,0.003,0.893
428000,0.041,0.000,0.959
428500,0.112,0.000,0.888
429000,0.052,0.000,0.948
429500,0.053,0.009,0.938
430000,0.067,0.007,0.926
430500,0.088,0.000,0.912
431000,0.072,0.005,0.923
431500,0.050,0.000,0.950
432000,0.085,0.000,0.915
432500,0.092,0.000,0.908
433000,0.053,0.000,0.947
433500,0.037,0.000,0.963
434000,0.061,0.000,0.939
434500,0.048,0.000,0.952
435000,0.076,0.000,0.924
435500,0.076,0.000,0.924
436000,0.084,0.000,0.916
436500,0.048,0.003,0.949
437000,0.105,0.000,0.895
437500,0.090,0.000,0.910
438000,0.030,0.004,0.966
438500,0.081,0.000,0.919
439000,0.076,0.000,0.924
439500,0.040,0.000,0.960
440000,0.062,0.000,0.938
440500,0.043,0.029,0.928
441000,0.072,0.000,0.928
441500,0.059,0.000,0.941
442000,0.071,0.000,0.929
442500,0.070,0.001,0.929
443000,0.062,0.000,0.938
443500,0.126,0.002,0.872
444000,0.059,0.000,0.941
444500,0.059,0.000,0.941
445000,0.047,0.000,0.953
445500,0.049,0.000,0.951
446000,0.084,0.005,0.911
446500,0.054,0.000,0.946
447000,0.035,0.000,0.965
447500,0.044,0.000,0.956
448000,0.043,0.000,0.957
448500,0.044,0.020,0.936
449000,0.070,0.000,0.930
449500,0.033,0.003,0.964
450000,0.031,0.002,0.967
450500,0.117,0.000,0.883
451000,0.136,0.000,0.864
451500,0.078,0.000,0.922
452000,0.042,0.000,0.958
452500,0.103,0.000,0.897
453000,0.105,0.000,0.895
453500,0.068,0.000,0.932
454000,0.057,0.018,0.925
454500,0.031,0.016,0.953
455000,0.065,0.002,0.933
455500,0.058,0.000,0.942
456000,0.085,0.033,0.882
456500,0.094,0.001,0.905
457000,0.095,0.000,0.905
457500,0.048,0.000,0.952
458000,0.074,0.000,0.926
458500,0.074,0.000,0.926
459000,0.075,0.000,0.925
459500,0.089,0.000,0.911
460000,0.082,0.000,0.918
460500,0.061,0.000,0.939
461000,0.035,0.001,0.964
461500,0.030,0.000,0.970
462000,0.042,0.000,0.958
462500,0.031,0.045,0.924
463000,0.114,0.000,0.886
463500,0.114,0.000,0.886
464000,0.051,0.000,0.949
464500,0.037,0.000,0.963
465000,0.063,0.000,0.937
465500,0.109,0.015,0.876
466000,0.033,0.011,0.956
466500,0.068,0.003,0.929
467000,0.099,0.000,0.901
467500,0.115,0.001,0.884
468000,0.081,0.000,0.919
468500,0.056,0.001,0.943
469000,0.055,0.000,0.945
469500,0.054,0.000,0.946
470000,0.038,0.012,0.950
470500,0.058,0.005,0.937
471000,0.065,0.001,0.934
471500,0.043,0.013,0.944
472000,0.061,0.000,0.939
472500,0.114,0.003,0.883
473000,0.056,0.001,0.943
473500,0.051,0.000,0.949
474000,0.135,0.000,0.865
474500,0.030,0.023,0.947
475000,0.052,0.000,0.948
475500,0.107,0.002,0.891
476000,0.095,0.000,0.905
476500,0.150,0.000,0.850
477000,0.064,0.005,0.931
477500,0.055,0.000,0.945
478000,0.072,0.000,0.928
478500,0.064,0.011,0.925
479000,0.064,0.003,0.933
479500,0.101,0.000,0.899
480000,0.058,0.000,0.942
480500,0.093,0.024,0.883
481000,0.092,0.000,0.908
481500,0.034,0.003,0.963
482000,0.034,0.005,0.961
482500,0.124,0.000,0.876
483000,0.057,0.000,0.943
483500,0.094,0.000,0.906
484000,0.060,0.000,0.940
484500,0.076,0.001,0.923
485000,0.087,0.007,0.906
485500,0.097,0.000,0.903
486000,0.049,0.000,0.951
486500,0.045,0.001,0.954
487000,0.049,0.003,0.948
487500,0.060,0.009,0.931
488000,0.083,0.000,0.917
488500,0.064,0.005,0.931
489000,0.044,0.000,0.956
489500,0.053,0.035,0.912
490000,0.056,0.000,0.944
490500,0.063,0.002,0.935
491000,0.084,0.000,0.916
491500,0.030,0.008,0.962
492000,0.046,0.006,0.948
492500,0.033,0.023,0.944
493000,0.065,0.000,0.935
493500,0.067,0.000,0.933
494000,0.071,0.011,0.918
494500,0.088,0.000,0.912
495000,0.039,0.003,0.958
495500,0.066,0.000,0.934
496000,0.038,0.000,0.962
496500,0.039,0.000,0.961
497000,0.030,0.007,0.963
497500,0.056,0.000,0.944
498000,0.038,0.001,0.961
498500,0.109,0.000,0.891
499000,0.040,0.000,0.960
499500,0.081,0.000,0.919
500000,0.042,0.000,0.958
500500,0.080,0.000,0.920
501000,0.033,0.026,0.941
501500,0.043,0.030,0.927
502000,0.061,0.000,0.939
502500,0.090,0.000,0.910
503000,0.064,0.006,0.930
503500,0.045,0.000,0.955
504000,0.057,0.000,0.943
504500,0.035,0.002,0.963
505000,0.072,0.022,0.906
505500,0.108,0.000,0.892
506000,0.038,0.000,0.962
506500,0.030,0.003,0.967
507000,0.033,0.048,0.919
507500,0.037,0.008,0.955
508000,0.036,0.022,0.942
508500,0.030,0.000,0.970
509000,0.051,0.007,0.942
509500,0.032,0.014,0.954
510000,0.034,0.000,0.966
510500,0.106,0.000,0.894
511000,0.094,0.000,0.906
511500,0.058,0.006,0.936
512000,0.032,0.000,0.968
512500,0.041,0.000,0.959
513000,0.115,0.000,0.885
513500,0.082,0.001,0.917
514000,0.036,0.012,0.952
514500,0.040,0.000,0.960
515000,0.057,0.001,0.942
515500,0.054,0.000,0.946
516000,0.062,0.000,0.938
516500,0.037,0.035,0.928
517000,0.042,0.005,0.953
517500,0.085,0.000,0.915
518000,0.033,0.006,0.961
518500,0.062,0.000,0.938
519000,0.055,0.000,0.945
519500,0.045,0.000,0.955
520000,0.048,0.029,0.923
520500,0.047,0.001,0.952
521000,0.039,0.000,0.961
521500,0.106,0.000,0.894
522000,0.030,0.038,0.932
522500,0.061,0.007,0.932
523000,0.087,0.000,0.913
523500,0.063,0.004,0.933
524000,0.037,0.001,0.962
524500,0.041,0.000,0.959
525000,0.085,0.001,0.914
525500,0.036,0.025,0.939
526000,0.077,0.000,0.923
526500,0.057,0.000,0.943
527000,0.047,0.032,0.921
527500,0.058,0.014,0.928
528000,0.098,0.000,0.902
528500,0.041,0.000,0.959
529000,0.041,0.032,0.927
529500,0.058,0.000,0.942
530000,0.033,0.000,0.967
530500,0.056,0.002,0.942
531000,0.051,0.003,0.946
531500,0.056,0.000,0.944
532000,0.032,0.005,0.963
532500,0.171,0.000,0.829
533000,0.073,0.000,0.927
533500,0.106,0.000,0.894
534000,0.031,0.002,0.967
534500,0.102,0.001,0.897
535000,0.042,0.000,0.958
535500,0.046,0.000,0.954
536000,0.030,0.032,0.938
536500,0.082,0.007,0.911
537000,0.066,0.000,0.934
537500,0.090,0.006,0.904
538000,0.075,0.000,0.925
538500,0.057,0.020,0.923
539000,0.123,0.000,0.877
539500,0.032,0.013,0.955
540000,0.079,0.007,0.914
540500,0.076,0.000,0.924
541000,0.042,0.000,0.958
541500,0.060,0.000,0.940
542000,0.088,0.000,0.912
542500,0.050,0.000,0.950
543000,0.077,0.002,0.921
543500,0.089,0.004,0.907
544000,0.112,0.000,0.888
544500,0.031,0.029,0.940
545000,0.217,0.004,0.779
545500,0.037,0.018,0.945
546000,0.046,0.000,0.954
546500,0.047,0.010,0.943
547000,0.095,0.000,0.905
547500,0.040,0.019,0.941
548000,0.039,0.002,0.959
548500,0.047,0.000,0.953
549000,0.079,0.000,0.921
549500,0.037,0.000,0.963
550000,0.046,0.033,0.921
550500,0.094,0.000,0.906
551000,0.062,0.000,0.938
551500,0.060,0.000,0.940
552000,0.115,0.005,0.880
552500,0.042,0.006,0.952
553000,0.068,0.003,0.929
553500,0.076,0.000,0.924
554000,0.031,0.020,0.949
554500,0.038,0.026,0.936
555000,0.057,0.000,0.943
555500,0.089,0.000,0.911
556000,0.079,0.000,0.921
556500,0.067,0.000,0.933
557000,0.148,0.000,0.852
557500,0.052,0.000,0.948
558000,0.074,0.006,0.920
558500,0.103,0.000,0.897
559000,0.091,0.000,0.909
559500,0.066,0.000,0.934
560000,0.069,0.000,0.931
560500,0.055,0.002,0.943
561000,0.061,0.031,0.908
561500,0.059,0.006,0.935
562000,0.037,0.000,0.963
562500,0.073,0.000,0.927
563000,0.073,0.000,0.927
563500,0.081,0.000,0.919
564000,0.103,0.000,0.897
564500,0.065,0.000,0.935
565000,0.061,0.037,0.902
565500,0.062,0.000,0.938
566000,0.084,0.013,0.903
566500,0.030,0.000,0.970
567000,0.065,0.000,0.935
567500,0.056,0.000,0.944
568000,0.039,0.005,0.956
568500,0.086,0.000,0.914
569000,0.079,0.000,0.921
569500,0.106,0.000,0.894
570000,0.077,0.000,0.923
570500,0.055,0.019,0.926
571000,0.030,0.001,0.969
571500,0.076,0.000,0.924
572000,0.052,0.000,0.948
572500,0.060,0.008,0.932
573000,0.062,0.020,0.918
573500,0.049,0.000,0.951
574000,0.030,0.021,0.949
574500,0.047,0.000,0.953
575000,0.035,0.001,0.964
575500,0.030,0.012,0.958
576000,0.047,0.000,0.953
576500,0.082,0.016,0.902
577000,0.096,0.000,0.904
577500,0.095,0.000,0.905
578000,0.099,0.000,0.901
578500,0.048,0.026,0.926
579000,0.039,0.000,0.961
579500,0.075,0.000,0.925
580000,0.084,0.000,0.916
580500,0.069,0.000,0.931
581000,0.031,0.020,0.949
581500,0.044,0.000,0.956
582000,0.110,0.000,0.890
582500,0.061,0.000,0.939
583000,0.033,0.013,0.954
583500,0.034,0.000,0.966
584000,0.121,0.000,0.879
584500,0.036,0.000,0.964
585000,0.093,0.005,0.902
585500,0.057,0.048,0.895
586000,0.067,0.000,0.933
586500,0.030,0.034,0.936
587000,0.060,0.000,0.940
587500,0.039,0.003,0.958
588000,0.117,0.000,0.883
588500,0.041,0.001,0.958
589000,0.091,0.000,0.909
589500,0.056,0.000,0.944
590000,0.041,0.005,0.954
590500,0.055,0.000,0.945
591000,0.118,0.000,0.882
591500,0.082,0.000,0.918
592000,0.069,0.000,0.931
592500,0.077,0.000,0.923
593000,0.045,0.010,0.945
593500,0.060,0.000,0.940
594000,0.059,0.028,0.913
594500,0.062,0.004,0.934
595000,0.042,0.000,0.958
595500,0.084,0.013,0.903
596000,0.073,0.000,0.927
596500,0.037,0.000,0.963
597000,0.058,0.000,0.942
597500,0.068,0.000,0.932
598000,0.037,0.000,0.963
598500,0.051,0.000,0.949
599000,0.060,0.003,0.937
599500,0.052,0.000,0.948
600000,0.066,0.013,0.921
600500,0.050,0.000,0.950
601000,0.079,0.000,0.921
601500,0.034,0.006,0.960
602000,0.038,0.000,0.962
602500,0.030,0.000,0.970
603000,0.054,0.000,0.946
603500,0.030,0.007,0.963
604000,0.031,0.007,0.962
604500,0.057,0.000,0.943
605000,0.159,0.000,0.841
605500,0.039,0.000,0.961
606000,0.059,0.001,0.940
606500,0.120,0.002,0.878
607000,0.058,0.000,0.942
607500,0.044,0.008,0.948
608000,0.063,0.000,0.937
608500,0.031,0.000,0.969
609000,0.043,0.000,0.957
609500,0.040,0.000,0.960
610000,0.046,0.001,0.953
610500,0.051,0.000,0.949
611000,0.038,0.000,0.962
611500,0.076,0.004,0.920
612000,0.032,0.002,0.966
612500,0.110,0.000,0.890
613000,0.038,0.007,0.955
613500,0.062,0.000,0.938
614000,0.062,0.000,0.938
614500,0.061,0.000,0.939
615000,0.066,0.027,0.907
615500,0.080,0.024,0.896
616000,0.032,0.015,0.953
616500,0.083,0.001,0.916
617000,0.039,0.002,0.959
617500,0.103,0.000,0.897
618000,0.077,0.002,0.921
618500,0.083,0.000,0.917
619000,0.042,0.000,0.958
619500,0.055,0.000,0.945
620000,0.042,0.000,0.958
620500,0.092,0.000,0.908
621000,0.046,0.016,0.938
621500,0.106,0.000,0.894
622000,0.035,0.028,0.937
622500,0.044,0.000,0.956
623000,0.052,0.004,0.944
623500,0.154,0.000,0.846
624000,0.054,0.000,0.946
624500,0.114,0.000,0.886
625000,0.144,0.000,0.856
625500,0.083,0.000,0.917
626000,0.078,0.000,0.922
626500,0.064,0.011,0.925
627000,0.094,0.000,0.906
627500,0.036,0.000,0.964
628000,0.037,0.010,0.953
628500,0.036,0.008,0.956
629000,0.059,0.000,0.941
629500,0.092,0.007,0.901
630000,0.033,0.024,0.943
630500,0.032,0.031,0.937
631000,0.044,0.028,0.928
631500,0.037,0.001,0.962
632000,0.068,0.000,0.932
632500,0.037,0.000,0.963
633000,0.036,0.016,0.948
633500,0.061,0.000,0.939
634000,0.047,0.007,0.946
634500,0.084,0.000,0.916
635000,0.064,0.014,0.922
635500,0.060,0.000,0.940
636000,0.066,0.000,0.934
636500,0.049,0.002,0.949
637000,0.047,0.001,0.952
637500,0.044,0.000,0.956
638000,0.064,0.000,0.936
638500,0.093,0.001,0.906
639000,0.045,0.027,0.928
639500,0.038,0.000,0.962
640000,0.060,0.002,0.938
640500,0.069,0.000,0.931
641000,0.101,0.000,0.899
641500,0.075,0.031,0.894
642000,0.056,0.000,0.944
642500,0.070,0.010,0.920
643000,0.089,0.000,0.911
643500,0.064,0.000,0.936
644000,0.063,0.000,0.937
644500,0.080,0.000,0.920
645000,0.030,0.003,0.967
645500,0.030,0.042,0.928
646000,0.083,0.000,0.917
646500,0.093,0.000,0.907
647000,0.077,0.000,0.923
647500,0.051,0.000,0.949
648000,0.034,0.033,0.933
648500,0.076,0.002,0.922
649000,0.063,0.000,0.937
649500,0.047,0.000,0.953
650000,0.040,0.000,0.960
650500,0.060,0.034,0.906
651000,0.074,0.000,0.926
651500,0.035,0.000,0.965
652000,0.062,0.027,0.911
652500,0.030,0.002,0.968
653000,0.125,0.000,0.875
653500,0.055,0.000,0.945
654000,0.053,0.004,0.943
654500,0.099,0.000,0.901
655000,0.035,0.002,0.963
655500,0.064,0.000,0.936
656000,0.052,0.013,0.935
656500,0.048,0.000,0.952
657000,0.069,0.000,0.931
657500,0.121,0.000,0.879
658000,0.111,0.000,0.889
658500,0.058,0.000,0.942
659000,0.032,0.000,0.968
659500,0.043,0.000,0.957
660000,0.033,0.000,0.967
660500,0.053,0.003,0.944
661000,0.043,0.027,0.930
661500,0.090,0.000,0.910
662000,0.061,0.002,0.937
662500,0.034,0.016,0.950
663000,0.056,0.001,0.943
663500,0.044,0.000,0.956
664000,0.090,0.000,0.910
664500,0.035,0.015,0.950
665000,0.107,0.000,0.893
665500,0.030,0.011,0.959
666000,0.084,0.001,0.915
666500,0.061,0.018,0.921
667000,0.058,0.005,0.937
667500,0.066,0.000,0.934
668000,0.064,0.000,0.936
668500,0.057,0.007,0.936
669000,0.122,0.000,0.878
669500,0.054,0.016,0.930
670000,0.039,0.000,0.961
670500,0.087,0.000,0.913
671000,0.048,0.050,0.902
671500,0.064,0.003,0.933
672000,0.080,0.000,0.920
672500,0.033,0.016,0.951
673000,0.119,0.002,0.879
673500,0.075,0.000,0.925
674000,0.079,0.000,0.921
674500,0.080,0.000,0.920
675000,0.032,0.000,0.968
675500,0.030,0.100,0.870
676000,0.067,0.000,0.933
676500,0.074,0.000,0.926
677000,0.095,0.000,0.905
677500,0.041,0.000,0.959
678000,0.031,0.023,0.946
678500,0.081,0.000,0.919
679000,0.070,0.002,0.928
679500,0.048,0.001,0.951
680000,0.070,0.000,0.930
680500,0.045,0.000,0.955
681000,0.090,0.006,0.904
681500,0.102,0.000,0.898
682000,0.079,0.000,0.921
682500,0.035,0.022,0.943
683000,0.095,0.000,0.905
683500,0.097,0.000,0.903
684000,0.062,0.000,0.938
684500,0.042,0.006,0.952
685000,0.049,0.000,0.951
685500,0.079,0.015,0.906
686000,0.062,0.013,0.925
686500,0.087,0.000,0.913
687000,0.059,0.049,0.892
687500,0.086,0.000,0.914
688000,0.087,0.000,0.913
688500,0.031,0.011,0.958
689000,0.064,0.000,0.936
689500,0.078,0.000,0.922
690000,0.117,0.000,0.883
690500,0.112,0.000,0.888
691000,0.054,0.000,0.946
691500,0.039,0.006,0.955
692000,0.087,0.001,0.912
692500,0.058,0.000,0.942
693000,0.070,0.001,0.929
693500,0.033,0.011,0.956
694000,0.066,0.000,0.934
694500,0.074,0.000,0.926
695000,0.071,0.000,0.929
695500,0.047,0.001,0.952
696000,0.051,0.002,0.947
696500,0.095,0.000,0.905
697000,0.040,0.002,0.958
697500,0.078,0.001,0.921
698000,0.100,0.000,0.900
698500,0.061,0.000,0.939
699000,0.088,0.000,0.912
699500,0.097,0.001,0.902
700000,0.053,0.000,0.947
700500,0.046,0.001,0.953
701000,0.051,0.005,0.944
701500,0.030,0.062,0.908
702000,0.103,0.000,0.897
702500,0.037,0.000,0.963
703000,0.049,0.000,0.951
703500,0.041,0.000,0.959
704000,0.080,0.005,0.915
704500,0.078,0.000,0.922
705000,0.082,0.003,0.915
705500,0.039,0.000,0.961
706000,0.060,0.000,0.940
706500,0.069,0.002,0.929
707000,0.070,0.000,0.930
707500,0.054,0.000,0.946
708000,0.044,0.034,0.922
708500,0.094,0.000,0.906
709000,0.047,0.002,0.951
709500,0.096,0.000,0.904
710000,0.071,0.003,0.926
710500,0.063,0.000,0.937
711000,0.049,0.022,0.929
711500,0.057,0.000,0.943
712000,0.055,0.000,0.945
712500,0.045,0.009,0.946
713000,0.035,0.012,0.953
713500,0.037,0.034,0.929
714000,0.101,0.000,0.899
714500,0.043,0.000,0.957
715000,0.031,0.002,0.967
715500,0.061,0.009,0.930
716000,0.070,0.001,0.929
716500,0.106,0.000,0.894
717000,0.072,0.019,0.909
717500,0.030,0.017,0.953
718000,0.058,0.001,0.941
718500,0.079,0.000,0.921
719000,0.041,0.065,0.894
719500,0.031,0.005,0.964
720000,0.063,0.000,0.937
720500,0.115,0.000,0.885
721000,0.047,0.000,0.953
721500,0.041,0.035,0.924
722000,0.047,0.000,0.953
722500,0.045,0.000,0.955
723000,0.063,0.009,0.928
723500,0.045,0.000,0.955
724000,0.030,0.038,0.932
724500,0.054,0.000,0.946
725000,0.064,0.021,0.915
725500,0.071,0.000,0.929
726000,0.098,0.000,0.902
726500,0.045,0.000,0.955
727000,0.085,0.000,0.915
727500,0.045,0.004,0.951
728000,0.031,0.023,0.946
728500,0.157,0.000,0.843
729000,0.113,0.000,0.887
729500,0.080,0.001,0.919
730000,0.045,0.000,0.955
730500,0.043,0.000,0.957
731000,0.031,0.000,0.969
731500,0.057,0.000,0.943
732000,0.049,0.015,0.936
732500,0.055,0.001,0.944
733000,0.062,0.000,0.938
733500,0.047,0.000,0.953
734000,0.091,0.000,0.909
734500,0.041,0.002,0.957
735000,0.042,0.001,0.957
735500,0.043,0.045,0.912
736000,0.062,0.027,0.911
736500,0.111,0.017,0.872
737000,0.036,0.000,0.964
737500,0.081,0.000,0.919
738000,0.061,0.000,0.939
738500,0.074,0.000,0.926
739000,0.088,0.000,0.912
739500,0.040,0.000,0.960
740000,0.058,0.000,0.942
740500,0.054,0.000,0.946
741000,0.133,0.001,0.866
741500,0.077,0.002,0.921
742000,0.037,0.000,0.963
742500,0.044,0.000,0.956
743000,0.059,0.000,0.941
743500,0.043,0.000,0.957
744000,0.038,0.001,0.961
744500,0.031,0.026,0.943
745000,0.052,0.000,0.948
745500,0.044,0.000,0.956
746000,0.042,0.002,0.956
746500,0.096,0.000,0.904
747000,0.031,0.034,0.935
747500,0.030,0.000,0.970
748000,0.039,0.000,0.961
748500,0.056,0.000,0.944
749000,0.030,0.011,0.959
749500,0.152,0.000,0.848
750000,0.063,0.000,0.937
750500,0.061,0.000,0.939
751000,0.032,0.052,0.916
751500,0.083,0.001,0.916
752000,0.099,0.000,0.901
752500,0.044,0.021,0.935
753000,0.036,0.000,0.964
753500,0.083,0.011,0.906
754000,0.065,0.019,0.916
754500,0.057,0.001,0.942
755000,0.031,0.008,0.961
755500,0.036,0.011,0.953
756000,0.091,0.000,0.909
756500,0.034,0.000,0.966
757000,0.072,0.000,0.928
757500,0.073,0.000,0.927
758000,0.062,0.000,0.938
758500,0.072,0.000,0.928
759000,0.030,0.003,0.967
759500,0.097,0.001,0.902
760000,0.073,0.000,0.927
760500,0.065,0.000,0.935
761000,0.093,0.000,0.907
761500,0.083,0.000,0.917
762000,0.030,0.000,0.970
762500,0.072,0.000,0.928
763000,0.033,0.011,0.956
763500,0.089,0.001,0.910
764000,0.079,0.000,0.921
764500,0.066,0.000,0.934
765000,0.034,0.005,0.961
765500,0.070,0.000,0.930
766000,0.067,0.000,0.933
766500,0.037,0.028,0.935
767000,0.062,0.000,0.938
767500,0.106,0.000,0.894
768000,0.097,0.000,0.903
768500,0.063,0.000,0.937
769000,0.054,0.000,0.946
769500,0.045,0.019,0.936
770000,0.117,0.000,0.883
770500,0.057,0.000,0.943
771000,0.038,0.000,0.962
771500,0.147,0.013,0.840
772000,0.081,0.000,0.919
772500,0.071,0.000,0.929
773000,0.054,0.011,0.935
773500,0.041,0.003,0.956
774000,0.065,0.000,0.935
774500,0.051,0.000,0.949
775000,0.035,0.007,0.958
775500,0.091,0.000,0.909
776000,0.038,0.006,0.956
776500,0.117,0.000,0.883
777000,0.032,0.024,0.944
777500,0.034,0.021,0.945
778000,0.034,0.008,0.958
778500,0.030,0.002,0.968
779000,0.078,0.000,0.922
779500,0.076,0.000,0.924
780000,0.122,0.000,0.878
780500,0.045,0.000,0.955
781000,0.114,0.000,0.886
781500,0.041,0.001,0.958
782000,0.047,0.011,0.942
782500,0.057,0.028,0.915
783000,0.048,0.000,0.952
783500,0.078,0.000,0.922
784000,0.053,0.000,0.947
784500,0.031,0.000,0.969
785000,0.055,0.005,0.940
785500,0.059,0.000,0.941
786000,0.100,0.000,0.900
786500,0.082,0.035,0.883
787000,0.046,0.006,0.948
787500,0.031,0.030,0.939
788000,0.070,0.000,0.930
788500,0.064,0.000,0.936
789000,0.054,0.000,0.946
789500,0.030,0.000,0.970
790000,0.070,0.012,0.918
790500,0.045,0.026,0.929
791000,0.075,0.002,0.923
791500,0.046,0.003,0.951
792000,0.113,0.000,0.887
792500,0.035,0.004,0.961
793000,0.030,0.008,0.962
793500,0.031,0.020,0.949
794000,0.088,0.000,0.912
794500,0.124,0.000,0.876
795000,0.070,0.013,0.917
795500,0.095,0.020,0.885
796000,0.051,0.006,0.943
796500,0.067,0.030,0.903
797000,0.051,0.000,0.949
797500,0.106,0.000,0.894
798000,0.030,0.002,0.968
798500,0.042,0.015,0.943
799000,0.046,0.000,0.954
799500,0.066,0.003,0.931
800000,0.086,0.000,0.914
800500,0.079,0.000,0.921
801000,0.070,0.012,0.918
801500,0.090,0.000,0.910
802000,0.130,0.000,0.870
802500,0.052,0.000,0.948
803000,0.039,0.014,0.947
803500,0.071,0.000,0.929
804000,0.041,0.000,0.959
804500,0.097,0.021,0.882
805000,0.044,0.000,0.956
805500,0.032,0.016,0.952
806000,0.043,0.000,0.957
806500,0.081,0.000,0.919
807000,0.070,0.000,0.930
807500,0.057,0.000,0.943
808000,0.083,0.000,0.917
808500,0.054,0.000,0.946
809000,0.039,0.024,0.937
809500,0.091,0.000,0.909
810000,0.085,0.000,0.915
810500,0.099,0.000,0.901
811000,0.053,0.002,0.945
811500,0.043,0.001,0.956
812000,0.067,0.000,0.933
812500,0.059,0.016,0.925
813000,0.054,0.006,0.940
813500,0.066,0.000,0.934
814000,0.116,0.000,0.884
814500,0.032,0.023,0.945
815000,0.035,0.026,0.939
815500,0.030,0.000,0.970
816000,0.066,0.018,0.916
816500,0.064,0.009,0.927
817000,0.048,0.009,0.943
817500,0.121,0.001,0.878
818000,0.053,0.005,0.942
818500,0.031,0.024,0.945
819000,0.074,0.000,0.926
819500,0.152,0.000,0.848
820000,0.041,0.000,0.959
820500,0.047,0.001,0.952
821000,0.041,0.000,0.959
821500,0.039,0.005,0.956
822000,0.076,0.000,0.924
822500,0.049,0.000,0.951
823000,0.049,0.002,0.949
823500,0.111,0.000,0.889
824000,0.042,0.001,0.957
824500,0.065,0.000,0.935
825000,0.050,0.000,0.950
825500,0.048,0.000,0.952
826000,0.032,0.048,0.920
826500,0.091,0.000,0.909
827000,0.091,0.000,0.909
827500,0.066,0.000,0.934
828000,0.059,0.000,0.941
828500,0.030,0.020,0.950
829000,0.064,0.000,0.936
829500,0.064,0.000,0.936
830000,0.112,0.000,0.888
830500,0.075,0.000,0.925
831000,0.075,0.005,0.920
831500,0.030,0.000,0.970
832000,0.061,0.000,0.939
832500,0.062,0.000,0.938
833000,0.039,0.000,0.961
833500,0.042,0.000,0.958
834000,0.066,0.021,0.913
834500,0.030,0.060,0.910
835000,0.052,0.000,0.948
835500,0.052,0.000,0.948
836000,0.073,0.000,0.927
836500,0.030,0.001,0.969
837000,0.143,0.000,0.857
837500,0.072,0.000,0.928
838000,0.081,0.000,0.919
838500,0.079,0.001,0.920
839000,0.096,0.000,0.904
839500,0.034,0.003,0.963
840000,0.041,0.031,0.928
840500,0.051,0.000,0.949
841000,0.039,0.020,0.941
841500,0.039,0.000,0.961
842000,0.079,0.000,0.921
842500,0.042,0.000,0.958
843000,0.042,0.000,0.958
843500,0.037,0.014,0.949
844000,0.052,0.000,0.948
844500,0.084,0.000,0.916
845000,0.040,0.000,0.960
845500,0.030,0.026,0.944
846000,0.097,0.000,0.903
846500,0.136,0.002,0.862
847000,0.101,0.000,0.899
847500,0.054,0.000,0.946
848000,0.062,0.001,0.937
848500,0.076,0.017,0.907
849000,0.049,0.000,0.951
849500,0.105,0.003,0.892
850000,0.090,0.000,0.910
850500,0.075,0.000,0.925
851000,0.036,0.056,0.908
851500,0.036,0.001,0.963
852000,0.109,0.000,0.891
852500,0.031,0.006,0.963
853000,0.076,0.000,0.924
853500,0.065,0.000,0.935
854000,0.054,0.000,0.946
854500,0.050,0.000,0.950
855000,0.075,0.000,0.925
855500,0.071,0.000,0.929
856000,0.031,0.068,0.901
856500,0.061,0.007,0.932
857000,0.064,0.000,0.936
857500,0.072,0.000,0.928
858000,0.064,0.000,0.936
858500,0.105,0.007,0.888
859000,0.071,0.000,0.929
859500,0.040,0.000,0.960
860000,0.040,0.005,0.955
860500,0.040,0.000,0.960
861000,0.061,0.000,0.939
861500,0.078,0.000,0.922
862000,0.031,0.006,0.963
862500,0.046,0.000,0.954
863000,0.038,0.015,0.947
863500,0.035,0.017,0.948
864000,0.030,0.004,0.966
864500,0.033,0.026,0.941
865000,0.074,0.000,0.926
865500,0.112,0.000,0.888
866000,0.053,0.012,0.935
866500,0.073,0.003,0.924
867000,0.122,0.000,0.878
867500,0.108,0.000,0.892
868000,0.057,0.000,0.943
868500,0.065,0.003,0.932
869000,0.045,0.000,0.955
869500,0.054,0.011,0.935
870000,0.062,0.000,0.938
870500,0.041,0.000,0.959
871000,0.066,0.000,0.934
871500,0.070,0.000,0.930
872000,0.099,0.007,0.894
872500,0.048,0.000,0.952
873000,0.035,0.012,0.953
873500,0.065,0.014,0.921
874000,0.045,0.031,0.924
874500,0.050,0.000,0.950
875000,0.038,0.000,0.962
875500,0.104,0.000,0.896
876000,0.044,0.007,0.949
876500,0.080,0.000,0.920
877000,0.083,0.000,0.917
877500,0.047,0.000,0.953
878000,0.064,0.001,0.935
878500,0.113,0.000,0.887
879000,0.089,0.000,0.911
879500,0.041,0.000,0.959
880000,0.054,0.000,0.946
880500,0.047,0.022,0.931
881000,0.045,0.012,0.943
881500,0.032,0.004,0.964
882000,0.115,0.000,0.885
882500,0.053,0.008,0.939
883000,0.074,0.001,0.925
883500,0.060,0.000,0.940
884000,0.034,0.062,0.904
884500,0.031,0.057,0.912
885000,0.037,0.013,0.950
885500,0.034,0.011,0.955
886000,0.068,0.000,0.932
886500,0.036,0.001,0.963
887000,0.075,0.000,0.925
887500,0.053,0.000,0.947
888000,0.031,0.004,0.965
888500,0.091,0.005,0.904
889000,0.036,0.000,0.964
889500,0.067,0.000,0.933
890000,0.036,0.000,0.964
890500,0.033,0.000,0.967
891000,0.076,0.002,0.922
891500,0.058,0.032,0.910
892000,0.035,0.008,0.957
892500,0.030,0.011,0.959
893000,0.062,0.003,0.935
893500,0.071,0.000,0.929
894000,0.037,0.000,0.963
894500,0.079,0.000,0.921
895000,0.062,0.000,0.938
895500,0.033,0.000,0.967
896000,0.109,0.000,0.891
896500,0.104,0.000,0.896
897000,0.062,0.000,0.938
897500,0.042,0.000,0.958
898000,0.064,0.008,0.928
898500,0.044,0.000,0.956
899000,0.033,0.020,0.947
899500,0.062,0.000,0.938
900000,0.032,0.000,0.968
900500,0.086,0.001,0.913
901000,0.032,0.011,0.957
901500,0.083,0.000,0.917
902000,0.063,0.000,0.937
902500,0.043,0.000,0.957
903000,0.053,0.000,0.947
903500,0.061,0.000,0.939
904000,0.035,0.009,0.956
904500,0.081,0.000,0.919
905000,0.082,0.000,0.918
905500,0.030,0.007,0.963
906000,0.061,0.016,0.923
906500,0.080,0.003,0.917
907000,0.030,0.000,0.970
907500,0.064,0.033,0.903
908000,0.085,0.000,0.915
908500,0.055,0.000,0.945
909000,0.071,0.000,0.929
909500,0.058,0.013,0.929
910000,0.040,0.005,0.955
910500,0.053,0.000,0.947
911000,0.039,0.000,0.961
911500,0.065,0.003,0.932
912000,0.071,0.010,0.919
912500,0.071,0.000,0.929
913000,0.039,0.000,0.961
913500,0.034,0.000,0.966
914000,0.108,0.004,0.888
914500,0.083,0.000,0.917
915000,0.065,0.004,0.931
915500,0.065,0.009,0.926
916000,0.047,0.000,0.953
916500,0.032,0.021,0.947
917000,0.040,0.000,0.960
917500,0.059,0.000,0.941
918000,0.055,0.002,0.943
918500,0.069,0.001,0.930
919000,0.124,0.001,0.875
919500,0.112,0.000,0.888
920000,0.074,0.000,0.926
920500,0.056,0.000,0.944
921000,0.100,0.000,0.900
921500,0.053,0.000,0.947
922000,0.061,0.006,0.933
922500,0.051,0.000,0.949
923000,0.032,0.000,0.968
923500,0.072,0.000,0.928
924000,0.096,0.000,0.904
924500,0.066,0.000,0.934
925000,0.030,0.023,0.947
925500,0.093,0.000,0.907
926000,0.090,0.000,0.910
926500,0.153,0.000,0.847
927000,0.074,0.000,0.926
927500,0.059,0.000,0.941
928000,0.064,0.000,0.936
928500,0.032,0.031,0.937
929000,0.117,0.000,0.883
929500,0.060,0.000,0.940
930000,0.031,0.008,0.961
930500,0.087,0.011,0.902
931000,0.064,0.000,0.936
931500,0.075,0.002,0.923
932000,0.041,0.017,0.942
932500,0.124,0.001,0.875
933000,0.042,0.003,0.955
933500,0.033,0.028,0.939
934000,0.081,0.002,0.917
934500,0.041,0.017,0.942
935000,0.145,0.000,0.855
935500,0.040,0.000,0.960
936000,0.064,0.000,0.936
936500,0.077,0.000,0.923
937000,0.061,0.000,0.939
937500,0.056,0.000,0.944
938000,0.044,0.000,0.956
938500,0.114,0.000,0.886
939000,0.036,0.000,0.964
939500,0.033,0.030,0.937
940000,0.067,0.018,0.915
940500,0.091,0.002,0.907
941000,0.045,0.000,0.955
941500,0.060,0.000,0.940
942000,0.040,0.017,0.943
942500,0.054,0.003,0.943
943000,0.106,0.000,0.894
943500,0.034,0.009,0.957
944000,0.042,0.000,0.958
944500,0.078,0.000,0.922
945000,0.069,0.000,0.931
945500,0.049,0.000,0.951
946000,0.060,0.000,0.940
946500,0.074,0.000,0.926
947000,0.079,0.000,0.921
947500,0.039,0.000,0.961
948000,0.034,0.015,0.951
948500,0.163,0.000,0.837
949000,0.089,0.000,0.911
949500,0.038,0.004,0.958
950000,0.035,0.000,0.965
950500,0.082,0.000,0.918
951000,0.081,0.000,0.919
951500,0.036,0.010,0.954
952000,0.110,0.000,0.890
952500,0.114,0.000,0.886
953000,0.033,0.000,0.967
953500,0.085,0.000,0.915
954000,0.101,0.000,0.899
954500,0.036,0.010,0.954
955000,0.079,0.000,0.921
955500,0.046,0.000,0.954
956000,0.035,0.001,0.964
956500,0.053,0.000,0.947
957000,0.031,0.036,0.933
957500,0.030,0.012,0.958
958000,0.049,0.000,0.951
958500,0.061,0.006,0.933
959000,0.030,0.044,0.926
959500,0.072,0.000,0.928
960000,0.045,0.004,0.951
960500,0.033,0.083,0.884
961000,0.073,0.000,0.927
961500,0.039,0.022,0.939
962000,0.030,0.015,0.955
962500,0.031,0.000,0.969
963000,0.045,0.000,0.955
963500,0.037,0.012,0.951
964000,0.052,0.017,0.931
964500,0.069,0.000,0.931
965000,0.033,0.000,0.967
965500,0.053,0.000,0.947
966000,0.053,0.008,0.939
966500,0.066,0.000,0.934
967000,0.040,0.000,0.960
967500,0.071,0.001,0.928
968000,0.034,0.001,0.965
968500,0.047,0.057,0.896
969000,0.090,0.001,0.909
969500,0.033,0.000,0.967
970000,0.031,0.023,0.946
970500,0.032,0.000,0.968
971000,0.074,0.000,0.926
971500,0.042,0.031,0.927
972000,0.037,0.029,0.934
972500,0.035,0.000,0.965
973000,0.044,0.003,0.953
973500,0.053,0.000,0.947
974000,0.132,0.000,0.868
974500,0.092,0.000,0.908
975000,0.162,0.000,0.838
975500,0.067,0.000,0.933
976000,0.136,0.000,0.864
976500,0.072,0.000,0.928
977000,0.092,0.003,0.905
977500,0.058,0.000,0.942
978000,0.037,0.000,0.963
978500,0.092,0.000,0.908
979000,0.139,0.000,0.861
979500,0.117,0.000,0.883
980000,0.066,0.000,0.934
980500,0.109,0.000,0.891
981000,0.043,0.000,0.957
981500,0.070,0.029,0.901
982000,0.054,0.003,0.943
982500,0.117,0.000,0.883
983000,0.072,0.000,0.928
983500,0.036,0.014,0.950
984000,0.090,0.000,0.910
984500,0.104,0.000,0.896
985000,0.103,0.002,0.895
985500,0.030,0.026,0.944
986000,0.086,0.000,0.914
986500,0.037,0.044,0.919
987000,0.056,0.000,0.944
987500,0.048,0.000,0.952
988000,0.066,0.002,0.932
988500,0.063,0.004,0.933
989000,0.035,0.000,0.965
989500,0.041,0.001,0.958
990000,0.084,0.000,0.916
990500,0.034,0.000,0.966
991000,0.061,0.005,0.934
991500,0.071,0.000,0.929
992000,0.044,0.003,0.953
992500,0.059,0.001,0.940
993000,0.031,0.023,0.946
993500,0.108,0.010,0.882
994000,0.102,0.000,0.898
994500,0.053,0.017,0.930
995000,0.088,0.000,0.912
995500,0.050,0.000,0.950
996000,0.054,0.016,0.930
996500,0.030,0.020,0.950
997000,0.056,0.000,0.944
997500,0.075,0.000,0.925
998000,0.044,0.018,0.938
998500,0.030,0.024,0.946
999000,0.114,0.008,0.878
999500,0.069,0.000,0.931
1000000,0.055,0.009,0.936
