time,n_A+p,n_B,n_AB
500,0.050,0.766,0.184
1000,0.050,0.531,0.419
1500,0.050,0.413,0.536
2000,0.050,0.368,0.581
2500,0.050,0.419,0.531
3000,0.050,0.424,0.526
3500,0.050,0.383,0.567
4000,0.050,0.428,0.521
4500,0.050,0.497,0.452
5000,0.050,0.461,0.489
5500,0.050,0.537,0.412
6000,0.050,0.472,0.477
6500,0.050,0.476,0.473
7000,0.050,0.514,0.436
7500,0.050,0.531,0.418
8000,0.050,0.460,0.490
8500,0.050,0.538,0.412
9000,0.050,0.370,0.579
9500,0.050,0.417,0.532
10000,0.050,0.435,0.514
10500,0.050,0.411,0.538
11000,0.050,0.384,0.567
11500,0.050,0.420,0.530
12000,0.050,0.327,0.623
12500,0.050,0.486,0.464
13000,0.050,0.451,0.499
13500,0.050,0.505,0.445
14000,0.050,0.493,0.456
14500,0.050,0.544,0.406
15000,0.050,0.504,0.446
15500,0.050,0.482,0.468
16000,0.050,0.415,0.535
16500,0.050,0.517,0.432
17000,0.050,0.446,0.504
17500,0.050,0.424,0.526
18000,0.050,0.425,0.525
18500,0.050,0.524,0.426
19000,0.050,0.465,0.485
19500,0.050,0.460,0.490
20000,0.050,0.517,0.433
20500,0.050,0.506,0.444
21000,0.050,0.471,0.478
21500,0.050,0.394,0.556
22000,0.050,0.397,0.553
22500,0.050,0.432,0.517
23000,0.050,0.370,0.579
23500,0.050,0.424,0.525
24000,0.050,0.438,0.512
24500,0.050,0.478,0.471
25000,0.050,0.480,0.469
25500,0.050,0.534,0.415
26000,0.050,0.476,0.473
26500,0.050,0.466,0.484
27000,0.050,0.427,0.522
27500,0.050,0.467,0.483
28000,0.050,0.460,0.490
28500,0.050,0.436,0.514
29000,0.050,0.320,0.630
29500,0.050,0.397,0.553
30000,0.050,0.413,0.537
30500,0.050,0.419,0.530
31000,0.050,0.477,0.473
31500,0.050,0.444,0.506
32000,0.050,0.443,0.507
32500,0.050,0.435,0.515
33000,0.050,0.391,0.559
33500,0.050,0.339,0.611
34000,0.050,0.394,0.556
34500,0.050,0.388,0.562
35000,0.050,0.487,0.463
35500,0.050,0.452,0.498
36000,0.050,0.462,0.488
36500,0.050,0.445,0.505
37000,0.050,0.374,0.576
37500,0.050,0.489,0.461
38000,0.050,0.426,0.523
38500,0.050,0.348,0.601
39000,0.050,0.450,0.500
39500,0.050,0.428,0.522
40000,0.050,0.435,0.514
40500,0.050,0.460,0.490
41000,0.050,0.446,0.504
41500,0.050,0.395,0.555
42000,0.050,0.433,0.516
42500,0.050,0.377,0.573
43000,0.050,0.356,0.594
43500,0.050,0.384,0.566
44000,0.050,0.420,0.529
44500,0.050,0.465,0.485
45000,0.050,0.504,0.446
45500,0.050,0.422,0.527
46000,0.050,0.443,0.507
46500,0.050,0.341,0.609
47000,0.050,0.484,0.466
47500,0.050,0.478,0.471
48000,0.050,0.521,0.429
48500,0.050,0.456,0.494
49000,0.050,0.378,0.572
49500,0.050,0.492,0.458
50000,0.050,0.454,0.496
50500,0.050,0.398,0.552
51000,0.050,0.398,0.552
51500,0.052,0.340,0.608
52000,0.050,0.443,0.507
52500,0.050,0.455,0.495
53000,0.050,0.398,0.552
53500,0.050,0.492,0.457
54000,0.050,0.406,0.544
54500,0.050,0.426,0.524
55000,0.050,0.416,0.534
55500,0.050,0.421,0.528
56000,0.050,0.485,0.465
56500,0.050,0.481,0.469
57000,0.050,0.469,0.481
57500,0.050,0.421,0.528
58000,0.050,0.458,0.492
58500,0.050,0.426,0.523
59000,0.050,0.474,0.475
59500,0.050,0.458,0.492
60000,0.050,0.480,0.470
60500,0.050,0.470,0.479
61000,0.050,0.460,0.490
61500,0.050,0.494,0.456
62000,0.050,0.551,0.399
62500,0.050,0.556,0.394
63000,0.050,0.475,0.474
63500,0.050,0.453,0.497
64000,0.050,0.425,0.525
64500,0.050,0.443,0.507
65000,0.050,0.492,0.458
65500,0.050,0.443,0.507
66000,0.050,0.436,0.514
66500,0.050,0.377,0.573
67000,0.050,0.365,0.585
67500,0.050,0.434,0.515
68000,0.050,0.446,0.504
68500,0.050,0.441,0.509
69000,0.050,0.377,0.573
69500,0.050,0.490,0.459
70000,0.050,0.461,0.489
70500,0.050,0.421,0.529
71000,0.050,0.446,0.504
71500,0.050,0.390,0.560
72000,0.050,0.414,0.536
72500,0.050,0.365,0.585
73000,0.050,0.499,0.451
73500,0.050,0.488,0.461
74000,0.050,0.456,0.494
74500,0.050,0.428,0.522
75000,0.050,0.450,0.500
75500,0.050,0.490,0.460
76000,0.050,0.532,0.417
76500,0.050,0.511,0.439
77000,0.050,0.480,0.469
77500,0.050,0.436,0.514
78000,0.050,0.493,0.457
78500,0.050,0.487,0.462
79000,0.050,0.463,0.487
79500,0.050,0.485,0.465
80000,0.050,0.521,0.428
80500,0.050,0.547,0.402
81000,0.050,0.509,0.441
81500,0.050,0.464,0.486
82000,0.050,0.493,0.457
82500,0.050,0.380,0.571
83000,0.050,0.480,0.470
83500,0.050,0.424,0.526
84000,0.050,0.374,0.575
84500,0.051,0.321,0.628
85000,0.050,0.391,0.559
85500,0.050,0.383,0.567
86000,0.050,0.454,0.496
86500,0.050,0.448,0.502
87000,0.050,0.420,0.529
87500,0.050,0.442,0.508
88000,0.050,0.504,0.446
88500,0.050,0.411,0.539
89000,0.050,0.404,0.546
89500,0.050,0.412,0.538
90000,0.050,0.339,0.611
90500,0.050,0.326,0.624
91000,0.050,0.378,0.573
91500,0.050,0.495,0.455
92000,0.050,0.456,0.494
92500,0.050,0.415,0.534
93000,0.050,0.406,0.543
93500,0.050,0.434,0.515
94000,0.050,0.506,0.444
94500,0.050,0.426,0.523
95000,0.050,0.488,0.462
95500,0.050,0.449,0.501
96000,0.050,0.500,0.450
96500,0.050,0.513,0.436
97000,0.050,0.473,0.476
97500,0.050,0.415,0.534
98000,0.050,0.442,0.508
98500,0.050,0.457,0.493
99000,0.050,0.428,0.521
99500,0.050,0.463,0.487
100000,0.050,0.444,0.506
100500,0.050,0.490,0.459
101000,0.050,0.488,0.461
101500,0.050,0.422,0.527
102000,0.050,0.489,0.460
102500,0.050,0.405,0.545
103000,0.050,0.436,0.514
103500,0.050,0.389,0.561
104000,0.050,0.423,0.526
104500,0.050,0.445,0.505
105000,0.050,0.490,0.460
105500,0.050,0.486,0.463
106000,0.050,0.452,0.498
106500,0.050,0.447,0.503
107000,0.050,0.444,0.506
107500,0.050,0.446,0.504
108000,0.050,0.491,0.459
108500,0.050,0.535,0.415
109000,0.050,0.434,0.515
109500,0.050,0.442,0.508
110000,0.050,0.445,0.505
110500,0.050,0.519,0.431
111000,0.050,0.459,0.491
111500,0.050,0.446,0.504
112000,0.050,0.450,0.500
112500,0.050,0.447,0.503
113000,0.050,0.494,0.455
113500,0.050,0.408,0.542
114000,0.050,0.425,0.525
114500,0.050,0.416,0.534
115000,0.050,0.353,0.597
115500,0.050,0.445,0.505
116000,0.050,0.498,0.452
116500,0.050,0.498,0.451
117000,0.050,0.407,0.543
117500,0.050,0.375,0.575
118000,0.050,0.376,0.575
118500,0.050,0.546,0.403
119000,0.050,0.366,0.584
119500,0.050,0.448,0.502
120000,0.050,0.492,0.457
120500,0.050,0.617,0.333
121000,0.050,0.483,0.466
121500,0.050,0.521,0.429
122000,0.050,0.489,0.460
122500,0.050,0.410,0.539
123000,0.050,0.416,0.533
123500,0.050,0.466,0.484
124000,0.050,0.500,0.450
124500,0.050,0.530,0.420
125000,0.050,0.508,0.442
125500,0.050,0.459,0.491
126000,0.050,0.498,0.451
126500,0.050,0.463,0.487
127000,0.050,0.368,0.582
127500,0.050,0.442,0.508
128000,0.050,0.494,0.455
128500,0.050,0.535,0.414
129000,0.050,0.532,0.417
129500,0.050,0.502,0.448
130000,0.050,0.473,0.477
130500,0.050,0.446,0.504
131000,0.050,0.446,0.504
131500,0.050,0.473,0.477
132000,0.050,0.411,0.538
132500,0.050,0.462,0.488
133000,0.050,0.324,0.626
133500,0.050,0.418,0.532
134000,0.050,0.419,0.530
134500,0.050,0.463,0.487
135000,0.050,0.497,0.452
135500,0.050,0.508,0.442
136000,0.050,0.488,0.461
136500,0.050,0.445,0.505
137000,0.050,0.440,0.510
137500,0.050,0.422,0.527
138000,0.050,0.498,0.452
138500,0.050,0.461,0.489
139000,0.050,0.368,0.581
139500,0.050,0.404,0.546
140000,0.050,0.447,0.503
140500,0.050,0.437,0.513
141000,0.050,0.520,0.429
141500,0.050,0.513,0.436
142000,0.050,0.486,0.464
142500,0.050,0.502,0.448
143000,0.050,0.459,0.491
143500,0.050,0.526,0.424
144000,0.050,0.412,0.537
144500,0.050,0.367,0.583
145000,0.050,0.455,0.495
145500,0.050,0.462,0.488
146000,0.050,0.533,0.416
146500,0.050,0.472,0.477
147000,0.050,0.495,0.455
147500,0.050,0.415,0.534
148000,0.050,0.400,0.550
148500,0.050,0.478,0.472
149000,0.050,0.417,0.533
149500,0.050,0.369,0.581
150000,0.050,0.412,0.538
150500,0.050,0.424,0.525
151000,0.050,0.354,0.596
151500,0.050,0.465,0.485
152000,0.050,0.416,0.533
152500,0.050,0.399,0.551
153000,0.050,0.431,0.518
153500,0.050,0.392,0.558
154000,0.050,0.458,0.492
154500,0.050,0.457,0.493
155000,0.050,0.469,0.481
155500,0.050,0.501,0.449
156000,0.050,0.506,0.444
156500,0.050,0.529,0.420
157000,0.050,0.380,0.570
157500,0.050,0.395,0.555
158000,0.050,0.445,0.505
158500,0.050,0.485,0.464
159000,0.050,0.482,0.467
159500,0.050,0.438,0.512
160000,0.050,0.386,0.565
160500,0.050,0.390,0.560
161000,0.050,0.447,0.503
161500,0.050,0.456,0.494
162000,0.050,0.430,0.520
162500,0.050,0.393,0.557
163000,0.050,0.538,0.411
163500,0.050,0.502,0.448
164000,0.050,0.444,0.506
164500,0.050,0.492,0.458
165000,0.050,0.464,0.486
165500,0.050,0.453,0.497
166000,0.050,0.447,0.503
166500,0.050,0.471,0.478
167000,0.050,0.459,0.491
167500,0.050,0.439,0.511
168000,0.050,0.385,0.565
168500,0.050,0.463,0.487
169000,0.050,0.407,0.543
169500,0.050,0.497,0.453
170000,0.050,0.481,0.468
170500,0.050,0.442,0.508
171000,0.050,0.461,0.489
171500,0.050,0.404,0.546
172000,0.050,0.400,0.550
172500,0.050,0.403,0.547
173000,0.050,0.454,0.496
173500,0.050,0.401,0.549
174000,0.050,0.547,0.402
174500,0.050,0.540,0.409
175000,0.050,0.479,0.471
175500,0.050,0.450,0.500
176000,0.050,0.447,0.503
176500,0.050,0.498,0.452
177000,0.050,0.468,0.482
177500,0.050,0.494,0.456
178000,0.050,0.531,0.418
178500,0.050,0.446,0.504
179000,0.050,0.508,0.442
179500,0.050,0.565,0.385
180000,0.050,0.451,0.499
180500,0.050,0.511,0.439
181000,0.050,0.401,0.549
181500,0.050,0.469,0.481
182000,0.050,0.451,0.499
182500,0.050,0.449,0.501
183000,0.050,0.495,0.455
183500,0.050,0.477,0.473
184000,0.050,0.511,0.439
184500,0.050,0.431,0.518
185000,0.050,0.460,0.490
185500,0.050,0.395,0.555
186000,0.050,0.392,0.558
186500,0.050,0.499,0.451
187000,0.050,0.481,0.469
187500,0.050,0.489,0.460
188000,0.050,0.475,0.475
188500,0.050,0.483,0.467
189000,0.051,0.439,0.510
189500,0.050,0.402,0.548
190000,0.050,0.442,0.508
190500,0.050,0.395,0.555
191000,0.050,0.465,0.485
191500,0.050,0.417,0.532
192000,0.050,0.421,0.528
192500,0.050,0.480,0.469
193000,0.050,0.431,0.519
193500,0.050,0.391,0.559
194000,0.050,0.409,0.540
194500,0.050,0.436,0.514
195000,0.050,0.289,0.661
195500,0.050,0.466,0.484
196000,0.050,0.445,0.505
196500,0.050,0.414,0.535
197000,0.050,0.461,0.489
197500,0.050,0.475,0.474
198000,0.050,0.514,0.435
198500,0.050,0.497,0.453
199000,0.050,0.458,0.492
199500,0.050,0.418,0.531
200000,0.050,0.448,0.502
200500,0.050,0.399,0.551
201000,0.050,0.394,0.556
201500,0.050,0.412,0.537
202000,0.050,0.446,0.504
202500,0.050,0.392,0.558
203000,0.050,0.425,0.524
203500,0.050,0.450,0.500
204000,0.050,0.464,0.486
204500,0.050,0.397,0.553
205000,0.050,0.406,0.543
205500,0.050,0.483,0.467
206000,0.050,0.435,0.515
206500,0.050,0.385,0.565
207000,0.050,0.430,0.520
207500,0.050,0.492,0.458
208000,0.050,0.491,0.458
208500,0.050,0.391,0.559
209000,0.050,0.447,0.503
209500,0.050,0.385,0.565
210000,0.050,0.474,0.475
210500,0.050,0.418,0.532
211000,0.050,0.460,0.490
211500,0.050,0.458,0.492
212000,0.050,0.452,0.498
212500,0.050,0.357,0.593
213000,0.050,0.386,0.564
213500,0.050,0.395,0.555
214000,0.050,0.394,0.556
214500,0.050,0.392,0.558
215000,0.050,0.455,0.495
215500,0.050,0.423,0.526
216000,0.050,0.477,0.473
216500,0.050,0.458,0.492
217000,0.050,0.436,0.514
217500,0.050,0.460,0.490
218000,0.050,0.491,0.459
218500,0.050,0.450,0.500
219000,0.050,0.474,0.475
219500,0.050,0.450,0.500
220000,0.050,0.485,0.465
220500,0.050,0.572,0.378
221000,0.050,0.439,0.511
221500,0.050,0.439,0.511
222000,0.050,0.481,0.469
222500,0.050,0.397,0.553
223000,0.050,0.492,0.458
223500,0.050,0.563,0.387
224000,0.050,0.519,0.431
224500,0.050,0.478,0.472
225000,0.050,0.454,0.496
225500,0.050,0.445,0.505
226000,0.050,0.456,0.494
226500,0.050,0.480,0.470
227000,0.050,0.479,0.470
227500,0.050,0.490,0.459
228000,0.050,0.504,0.446
228500,0.050,0.422,0.528
229000,0.050,0.513,0.436
229500,0.050,0.558,0.392
230000,0.050,0.591,0.359
230500,0.050,0.524,0.426
231000,0.050,0.572,0.378
231500,0.050,0.442,0.508
232000,0.050,0.518,0.431
232500,0.050,0.493,0.456
233000,0.050,0.525,0.425
233500,0.050,0.461,0.489
234000,0.050,0.463,0.487
234500,0.050,0.404,0.546
235000,0.050,0.403,0.547
235500,0.050,0.445,0.505
236000,0.050,0.457,0.493
236500,0.050,0.474,0.475
237000,0.050,0.396,0.554
237500,0.050,0.479,0.471
238000,0.050,0.433,0.517
238500,0.050,0.468,0.482
239000,0.050,0.430,0.519
239500,0.050,0.419,0.531
240000,0.057,0.441,0.502
240500,0.050,0.463,0.487
241000,0.050,0.381,0.569
241500,0.050,0.430,0.520
242000,0.050,0.414,0.535
242500,0.050,0.465,0.485
243000,0.050,0.495,0.454
243500,0.050,0.499,0.451
244000,0.050,0.427,0.523
244500,0.050,0.399,0.551
245000,0.050,0.484,0.465
245500,0.050,0.597,0.353
246000,0.050,0.499,0.451
246500,0.050,0.469,0.481
247000,0.050,0.455,0.495
247500,0.050,0.425,0.525
248000,0.050,0.450,0.500
248500,0.050,0.424,0.526
249000,0.050,0.492,0.457
249500,0.050,0.534,0.415
250000,0.050,0.393,0.557
250500,0.050,0.430,0.520
251000,0.050,0.396,0.554
251500,0.050,0.446,0.504
252000,0.050,0.417,0.532
252500,0.050,0.414,0.536
253000,0.050,0.438,0.512
253500,0.050,0.417,0.532
254000,0.050,0.413,0.537
254500,0.050,0.374,0.576
255000,0.050,0.459,0.491
255500,0.050,0.494,0.456
256000,0.050,0.483,0.466
256500,0.050,0.429,0.520
257000,0.050,0.390,0.560
257500,0.050,0.406,0.544
258000,0.050,0.437,0.513
258500,0.050,0.445,0.505
259000,0.050,0.485,0.464
259500,0.050,0.535,0.414
260000,0.050,0.429,0.521
260500,0.050,0.378,0.572
261000,0.050,0.374,0.576
261500,0.050,0.410,0.540
262000,0.050,0.380,0.571
262500,0.050,0.450,0.500
263000,0.050,0.467,0.483
263500,0.050,0.513,0.437
264000,0.050,0.463,0.487
264500,0.050,0.435,0.515
265000,0.050,0.560,0.389
265500,0.050,0.531,0.419
266000,0.050,0.481,0.468
266500,0.050,0.447,0.503
267000,0.050,0.378,0.572
267500,0.050,0.423,0.526
268000,0.050,0.528,0.421
268500,0.050,0.559,0.390
269000,0.050,0.468,0.482
269500,0.050,0.394,0.556
270000,0.050,0.379,0.571
270500,0.050,0.405,0.545
271000,0.050,0.452,0.498
271500,0.050,0.404,0.546
272000,0.050,0.418,0.531
272500,0.050,0.386,0.565
273000,0.050,0.369,0.581
273500,0.050,0.515,0.435
274000,0.050,0.478,0.472
274500,0.050,0.491,0.458
275000,0.050,0.517,0.433
275500,0.050,0.501,0.449
276000,0.050,0.461,0.489
276500,0.050,0.481,0.468
277000,0.050,0.468,0.482
277500,0.050,0.457,0.493
278000,0.050,0.422,0.527
278500,0.050,0.448,0.502
279000,0.050,0.367,0.583
279500,0.050,0.435,0.514
280000,0.050,0.388,0.562
280500,0.050,0.489,0.460
281000,0.050,0.447,0.503
281500,0.050,0.400,0.550
282000,0.050,0.457,0.493
282500,0.050,0.397,0.553
283000,0.050,0.438,0.512
283500,0.050,0.427,0.522
284000,0.050,0.412,0.537
284500,0.050,0.467,0.483
285000,0.050,0.449,0.501
285500,0.050,0.431,0.518
286000,0.050,0.420,0.530
286500,0.050,0.387,0.563
287000,0.050,0.403,0.547
287500,0.050,0.403,0.547
288000,0.050,0.463,0.487
288500,0.050,0.396,0.554
289000,0.050,0.522,0.428
289500,0.050,0.486,0.464
290000,0.050,0.532,0.418
290500,0.050,0.417,0.532
291000,0.050,0.501,0.449
291500,0.050,0.440,0.510
292000,0.050,0.407,0.542
292500,0.050,0.461,0.489
293000,0.050,0.502,0.448
293500,0.050,0.504,0.446
294000,0.050,0.490,0.459
294500,0.050,0.486,0.464
295000,0.050,0.446,0.504
295500,0.050,0.451,0.499
296000,0.050,0.426,0.524
296500,0.050,0.454,0.496
297000,0.050,0.491,0.459
297500,0.050,0.375,0.575
298000,0.050,0.464,0.486
298500,0.050,0.403,0.547
299000,0.050,0.467,0.483
299500,0.050,0.477,0.472
300000,0.050,0.532,0.417
300500,0.050,0.492,0.458
301000,0.050,0.421,0.528
301500,0.050,0.450,0.500
302000,0.050,0.463,0.487
302500,0.050,0.498,0.452
303000,0.050,0.505,0.445
303500,0.050,0.493,0.457
304000,0.050,0.446,0.504
304500,0.050,0.458,0.492
305000,0.050,0.422,0.527
305500,0.050,0.379,0.571
306000,0.050,0.394,0.556
306500,0.050,0.451,0.499
307000,0.050,0.448,0.502
307500,0.050,0.433,0.516
308000,0.050,0.456,0.494
308500,0.050,0.422,0.528
309000,0.050,0.438,0.512
309500,0.050,0.319,0.631
310000,0.050,0.391,0.559
310500,0.050,0.437,0.513
311000,0.050,0.498,0.452
311500,0.050,0.448,0.502
312000,0.050,0.449,0.501
312500,0.050,0.441,0.509
313000,0.050,0.333,0.617
313500,0.050,0.421,0.528
314000,0.050,0.436,0.513
314500,0.050,0.430,0.520
315000,0.050,0.477,0.473
315500,0.050,0.450,0.500
316000,0.050,0.429,0.521
316500,0.050,0.364,0.585
317000,0.050,0.422,0.527
317500,0.050,0.389,0.561
318000,0.050,0.440,0.510
318500,0.050,0.463,0.487
319000,0.050,0.447,0.503
319500,0.050,0.446,0.504
320000,0.050,0.466,0.484
320500,0.050,0.439,0.511
321000,0.050,0.455,0.495
321500,0.050,0.464,0.486
322000,0.050,0.526,0.424
322500,0.050,0.441,0.509
323000,0.050,0.400,0.550
323500,0.050,0.483,0.466
324000,0.050,0.476,0.474
324500,0.050,0.363,0.587
325000,0.050,0.384,0.567
325500,0.050,0.401,0.549
326000,0.050,0.499,0.450
326500,0.050,0.421,0.528
327000,0.050,0.468,0.482
327500,0.050,0.424,0.525
328000,0.050,0.469,0.481
328500,0.050,0.458,0.492
329000,0.050,0.415,0.535
329500,0.050,0.462,0.488
330000,0.050,0.501,0.449
330500,0.050,0.404,0.546
331000,0.050,0.517,0.433
331500,0.050,0.407,0.543
332000,0.052,0.389,0.559
332500,0.051,0.412,0.537
333000,0.050,0.469,0.480
333500,0.050,0.477,0.473
334000,0.050,0.345,0.605
334500,0.050,0.464,0.486
335000,0.050,0.434,0.516
335500,0.050,0.440,0.510
336000,0.050,0.457,0.493
336500,0.050,0.469,0.480
337000,0.052,0.404,0.544
337500,0.050,0.440,0.510
338000,0.050,0.458,0.492
338500,0.050,0.476,0.474
339000,0.050,0.452,0.498
339500,0.050,0.462,0.488
340000,0.050,0.421,0.528
340500,0.050,0.391,0.559
341000,0.050,0.444,0.506
341500,0.051,0.380,0.569
342000,0.050,0.425,0.524
342500,0.050,0.396,0.554
343000,0.050,0.427,0.522
343500,0.050,0.441,0.509
344000,0.050,0.455,0.495
344500,0.050,0.421,0.529
345000,0.050,0.464,0.486
345500,0.050,0.406,0.544
346000,0.050,0.504,0.446
346500,0.050,0.451,0.499
347000,0.050,0.456,0.494
347500,0.050,0.419,0.531
348000,0.050,0.414,0.536
348500,0.050,0.483,0.467
349000,0.050,0.492,0.458
349500,0.050,0.463,0.487
350000,0.050,0.532,0.418
350500,0.050,0.532,0.418
351000,0.050,0.481,0.469
351500,0.050,0.411,0.538
352000,0.050,0.349,0.601
352500,0.050,0.453,0.497
353000,0.050,0.446,0.504
353500,0.050,0.385,0.565
354000,0.050,0.429,0.521
354500,0.050,0.447,0.503
355000,0.050,0.415,0.534
355500,0.050,0.408,0.541
356000,0.050,0.442,0.508
356500,0.050,0.359,0.591
357000,0.050,0.455,0.495
357500,0.050,0.471,0.478
358000,0.050,0.455,0.495
358500,0.050,0.422,0.528
359000,0.050,0.402,0.548
359500,0.050,0.420,0.530
360000,0.050,0.410,0.540
360500,0.050,0.478,0.471
361000,0.050,0.459,0.491
361500,0.050,0.434,0.516
362000,0.050,0.403,0.547
362500,0.050,0.526,0.424
363000,0.050,0.477,0.472
363500,0.051,0.447,0.503
364000,0.050,0.463,0.487
364500,0.050,0.408,0.542
365000,0.050,0.403,0.547
365500,0.050,0.412,0.538
366000,0.050,0.427,0.522
366500,0.050,0.353,0.597
367000,0.050,0.445,0.505
367500,0.050,0.386,0.565
368000,0.050,0.476,0.473
368500,0.050,0.399,0.551
369000,0.050,0.406,0.544
369500,0.050,0.457,0.493
370000,0.050,0.374,0.576
370500,0.050,0.430,0.520
371000,0.050,0.400,0.550
371500,0.050,0.437,0.513
372000,0.050,0.435,0.515
372500,0.050,0.454,0.496
373000,0.050,0.505,0.445
373500,0.050,0.500,0.450
374000,0.050,0.480,0.470
374500,0.050,0.368,0.581
375000,0.050,0.438,0.512
375500,0.050,0.376,0.574
376000,0.050,0.420,0.530
376500,0.050,0.397,0.553
377000,0.050,0.361,0.589
377500,0.050,0.373,0.577
378000,0.050,0.429,0.520
378500,0.050,0.439,0.511
379000,0.050,0.364,0.585
379500,0.050,0.434,0.515
380000,0.050,0.534,0.416
380500,0.050,0.483,0.467
381000,0.050,0.435,0.515
381500,0.050,0.481,0.469
382000,0.050,0.510,0.440
382500,0.050,0.525,0.425
383000,0.050,0.497,0.453
383500,0.050,0.357,0.593
384000,0.050,0.461,0.489
384500,0.050,0.528,0.421
385000,0.050,0.476,0.473
385500,0.050,0.416,0.534
386000,0.050,0.392,0.558
386500,0.050,0.392,0.558
387000,0.050,0.396,0.554
387500,0.050,0.440,0.510
388000,0.050,0.404,0.546
388500,0.050,0.457,0.493
389000,0.050,0.458,0.492
389500,0.050,0.391,0.559
390000,0.050,0.428,0.521
390500,0.050,0.400,0.550
391000,0.050,0.399,0.551
391500,0.050,0.372,0.578
392000,0.050,0.386,0.564
392500,0.050,0.467,0.483
393000,0.050,0.395,0.555
393500,0.050,0.427,0.522
394000,0.050,0.470,0.479
394500,0.050,0.406,0.544
395000,0.050,0.468,0.482
395500,0.050,0.487,0.462
396000,0.050,0.402,0.548
396500,0.050,0.458,0.492
397000,0.050,0.393,0.557
397500,0.050,0.424,0.525
398000,0.050,0.465,0.485
398500,0.050,0.415,0.534
399000,0.050,0.352,0.598
399500,0.050,0.401,0.549
400000,0.050,0.399,0.551
400500,0.050,0.534,0.416
401000,0.050,0.502,0.448
401500,0.050,0.373,0.577
402000,0.050,0.471,0.479
402500,0.050,0.488,0.461
403000,0.050,0.379,0.571
403500,0.050,0.403,0.547
404000,0.050,0.415,0.535
404500,0.050,0.444,0.506
405000,0.050,0.421,0.529
405500,0.050,0.443,0.507
406000,0.050,0.513,0.437
406500,0.050,0.495,0.455
407000,0.050,0.437,0.513
407500,0.050,0.430,0.520
408000,0.050,0.395,0.555
408500,0.050,0.416,0.534
409000,0.050,0.419,0.531
409500,0.050,0.481,0.468
410000,0.050,0.460,0.490
410500,0.050,0.483,0.466
411000,0.050,0.497,0.452
411500,0.050,0.412,0.538
412000,0.050,0.444,0.506
412500,0.050,0.557,0.393
413000,0.050,0.453,0.497
413500,0.050,0.441,0.509
414000,0.050,0.514,0.435
414500,0.050,0.507,0.443
415000,0.050,0.485,0.465
415500,0.050,0.512,0.438
416000,0.050,0.486,0.463
416500,0.050,0.437,0.513
417000,0.050,0.457,0.493
417500,0.050,0.372,0.577
418000,0.050,0.414,0.536
418500,0.050,0.461,0.489
419000,0.050,0.469,0.481
419500,0.050,0.368,0.581
420000,0.050,0.336,0.614
420500,0.050,0.406,0.544
421000,0.050,0.574,0.376
421500,0.050,0.623,0.327
422000,0.050,0.582,0.368
422500,0.050,0.537,0.412
423000,0.050,0.440,0.510
423500,0.050,0.462,0.488
424000,0.050,0.378,0.572
424500,0.050,0.424,0.525
425000,0.050,0.489,0.460
425500,0.050,0.464,0.486
426000,0.050,0.459,0.491
426500,0.050,0.539,0.411
427000,0.050,0.488,0.462
427500,0.050,0.382,0.568
428000,0.050,0.392,0.558
428500,0.050,0.429,0.521
429000,0.050,0.422,0.528
429500,0.050,0.442,0.508
430000,0.050,0.457,0.493
430500,0.050,0.470,0.479
431000,0.050,0.486,0.463
431500,0.050,0.465,0.485
432000,0.050,0.499,0.450
432500,0.050,0.464,0.486
433000,0.050,0.436,0.513
433500,0.050,0.458,0.492
434000,0.050,0.484,0.465
434500,0.050,0.534,0.416
435000,0.050,0.554,0.395
435500,0.050,0.440,0.510
436000,0.050,0.418,0.532
436500,0.050,0.480,0.469
437000,0.050,0.469,0.481
437500,0.050,0.545,0.404
438000,0.050,0.493,0.457
438500,0.050,0.492,0.458
439000,0.050,0.481,0.469
439500,0.050,0.317,0.633
440000,0.051,0.452,0.497
440500,0.050,0.451,0.499
441000,0.050,0.416,0.534
441500,0.050,0.418,0.531
442000,0.050,0.495,0.455
442500,0.050,0.438,0.512
443000,0.050,0.404,0.546
443500,0.050,0.526,0.424
444000,0.050,0.504,0.446
444500,0.050,0.501,0.449
445000,0.050,0.465,0.485
445500,0.050,0.460,0.490
446000,0.050,0.528,0.421
446500,0.050,0.469,0.481
447000,0.050,0.466,0.484
447500,0.050,0.506,0.444
448000,0.050,0.520,0.430
448500,0.050,0.516,0.434
449000,0.050,0.545,0.405
449500,0.050,0.480,0.469
450000,0.050,0.556,0.394
450500,0.050,0.388,0.562
451000,0.050,0.486,0.464
451500,0.050,0.482,0.467
452000,0.050,0.462,0.488
452500,0.050,0.473,0.476
453000,0.050,0.497,0.452
453500,0.050,0.457,0.493
454000,0.050,0.408,0.542
454500,0.050,0.356,0.593
455000,0.050,0.437,0.513
455500,0.050,0.433,0.516
456000,0.050,0.400,0.550
456500,0.050,0.484,0.465
457000,0.050,0.509,0.441
457500,0.050,0.518,0.432
458000,0.050,0.424,0.525
458500,0.050,0.543,0.407
459000,0.050,0.569,0.381
459500,0.050,0.481,0.469
460000,0.050,0.503,0.447
460500,0.050,0.455,0.495
461000,0.050,0.436,0.513
461500,0.050,0.458,0.492
462000,0.050,0.459,0.491
462500,0.050,0.530,0.420
463000,0.050,0.501,0.449
463500,0.050,0.420,0.529
464000,0.050,0.419,0.531
464500,0.050,0.386,0.564
465000,0.050,0.437,0.513
465500,0.050,0.478,0.471
466000,0.050,0.382,0.569
466500,0.050,0.371,0.579
467000,0.050,0.403,0.547
467500,0.050,0.345,0.605
468000,0.050,0.465,0.485
468500,0.050,0.528,0.422
469000,0.050,0.423,0.526
469500,0.050,0.463,0.487
470000,0.050,0.538,0.411
470500,0.050,0.500,0.450
471000,0.050,0.512,0.438
471500,0.050,0.517,0.432
472000,0.050,0.555,0.395
472500,0.050,0.520,0.430
473000,0.050,0.455,0.495
473500,0.050,0.441,0.509
474000,0.050,0.411,0.539
474500,0.050,0.527,0.423
475000,0.050,0.419,0.531
475500,0.050,0.528,0.422
476000,0.050,0.471,0.479
476500,0.050,0.456,0.494
477000,0.050,0.506,0.444
477500,0.050,0.471,0.478
478000,0.050,0.410,0.539
478500,0.050,0.381,0.569
479000,0.050,0.440,0.510
479500,0.050,0.483,0.467
480000,0.050,0.436,0.513
480500,0.050,0.358,0.592
481000,0.050,0.469,0.481
481500,0.050,0.481,0.469
482000,0.050,0.516,0.434
482500,0.050,0.478,0.472
483000,0.050,0.545,0.404
483500,0.050,0.471,0.478
484000,0.050,0.456,0.494
484500,0.050,0.459,0.491
485000,0.050,0.507,0.443
485500,0.050,0.476,0.473
486000,0.050,0.421,0.529
486500,0.050,0.415,0.535
487000,0.051,0.388,0.561
487500,0.050,0.412,0.538
488000,0.050,0.453,0.497
488500,0.050,0.398,0.552
489000,0.050,0.412,0.537
489500,0.050,0.402,0.548
490000,0.050,0.411,0.539
490500,0.050,0.421,0.529
491000,0.050,0.407,0.543
491500,0.050,0.484,0.465
492000,0.050,0.468,0.482
492500,0.050,0.521,0.429
493000,0.050,0.430,0.519
493500,0.050,0.467,0.483
494000,0.050,0.434,0.515
494500,0.050,0.448,0.502
495000,0.050,0.425,0.525
495500,0.050,0.464,0.486
496000,0.050,0.477,0.472
496500,0.050,0.459,0.491
497000,0.050,0.522,0.428
497500,0.050,0.499,0.450
498000,0.050,0.385,0.565
498500,0.050,0.455,0.495
499000,0.050,0.385,0.565
499500,0.050,0.409,0.541
500000,0.050,0.463,0.487
500500,0.050,0.476,0.473
501000,0.050,0.453,0.497
501500,0.050,0.459,0.491
502000,0.050,0.423,0.526
502500,0.050,0.454,0.496
503000,0.050,0.476,0.474
503500,0.050,0.487,0.462
504000,0.050,0.429,0.521
504500,0.050,0.388,0.562
505000,0.050,0.472,0.478
505500,0.050,0.442,0.508
506000,0.050,0.486,0.463
506500,0.050,0.513,0.436
507000,0.050,0.423,0.526
507500,0.050,0.449,0.501
508000,0.050,0.461,0.489
508500,0.050,0.463,0.487
509000,0.050,0.442,0.508
509500,0.050,0.381,0.569
510000,0.050,0.397,0.553
510500,0.050,0.432,0.518
511000,0.050,0.439,0.511
511500,0.050,0.442,0.508
512000,0.050,0.474,0.475
512500,0.050,0.461,0.489
513000,0.050,0.357,0.593
513500,0.050,0.432,0.517
514000,0.050,0.501,0.449
514500,0.050,0.507,0.443
515000,0.050,0.461,0.489
515500,0.050,0.469,0.480
516000,0.050,0.473,0.476
516500,0.050,0.419,0.530
517000,0.050,0.400,0.550
517500,0.050,0.412,0.537
518000,0.050,0.374,0.576
518500,0.052,0.422,0.526
519000,0.050,0.378,0.572
519500,0.050,0.506,0.444
520000,0.050,0.454,0.496
520500,0.050,0.447,0.503
521000,0.050,0.424,0.525
521500,0.050,0.427,0.522
522000,0.050,0.406,0.543
522500,0.050,0.463,0.487
523000,0.050,0.446,0.504
523500,0.050,0.488,0.462
524000,0.050,0.566,0.384
524500,0.050,0.520,0.429
525000,0.050,0.482,0.468
525500,0.050,0.601,0.349
526000,0.050,0.413,0.537
526500,0.050,0.523,0.426
527000,0.050,0.371,0.579
527500,0.050,0.450,0.500
528000,0.050,0.523,0.426
528500,0.050,0.479,0.470
529000,0.050,0.431,0.519
529500,0.050,0.487,0.462
530000,0.050,0.359,0.591
530500,0.050,0.435,0.515
531000,0.050,0.511,0.439
531500,0.050,0.438,0.512
532000,0.050,0.417,0.533
532500,0.050,0.460,0.490
533000,0.050,0.449,0.501
533500,0.050,0.519,0.430
534000,0.050,0.530,0.420
534500,0.051,0.369,0.580
535000,0.050,0.489,0.460
535500,0.050,0.501,0.449
536000,0.050,0.361,0.589
536500,0.050,0.425,0.525
537000,0.050,0.459,0.491
537500,0.050,0.473,0.476
538000,0.050,0.529,0.420
538500,0.050,0.444,0.506
539000,0.050,0.520,0.429
539500,0.050,0.452,0.498
540000,0.050,0.485,0.464
540500,0.050,0.469,0.480
541000,0.050,0.502,0.448
541500,0.050,0.508,0.442
542000,0.050,0.424,0.526
542500,0.050,0.466,0.484
543000,0.050,0.449,0.501
543500,0.050,0.499,0.450
544000,0.050,0.520,0.430
544500,0.050,0.538,0.412
545000,0.050,0.534,0.415
545500,0.050,0.408,0.542
546000,0.050,0.399,0.551
546500,0.050,0.448,0.502
547000,0.050,0.482,0.467
547500,0.050,0.435,0.514
548000,0.050,0.415,0.535
548500,0.050,0.469,0.480
549000,0.050,0.491,0.459
549500,0.050,0.407,0.542
550000,0.050,0.438,0.512
550500,0.050,0.463,0.487
551000,0.050,0.422,0.528
551500,0.050,0.409,0.541
552000,0.050,0.374,0.576
552500,0.050,0.441,0.509
553000,0.050,0.478,0.471
553500,0.050,0.461,0.489
554000,0.050,0.443,0.507
554500,0.050,0.386,0.565
555000,0.051,0.369,0.580
555500,0.050,0.459,0.491
556000,0.050,0.435,0.514
556500,0.050,0.395,0.555
557000,0.050,0.388,0.562
557500,0.050,0.375,0.575
558000,0.050,0.509,0.441
558500,0.050,0.430,0.520
559000,0.050,0.391,0.559
559500,0.050,0.422,0.527
560000,0.050,0.424,0.526
560500,0.050,0.479,0.471
561000,0.050,0.575,0.375
561500,0.050,0.495,0.455
562000,0.050,0.521,0.429
562500,0.050,0.464,0.486
563000,0.050,0.428,0.521
563500,0.050,0.458,0.492
564000,0.050,0.557,0.393
564500,0.050,0.464,0.486
565000,0.050,0.379,0.571
565500,0.050,0.485,0.465
566000,0.050,0.421,0.528
566500,0.050,0.537,0.413
567000,0.050,0.505,0.445
567500,0.050,0.537,0.412
568000,0.050,0.357,0.593
568500,0.050,0.446,0.504
569000,0.050,0.522,0.428
569500,0.050,0.429,0.520
570000,0.050,0.495,0.454
570500,0.050,0.439,0.511
571000,0.050,0.439,0.511
571500,0.050,0.547,0.402
572000,0.050,0.492,0.458
572500,0.050,0.483,0.467
573000,0.050,0.462,0.488
573500,0.050,0.424,0.525
574000,0.050,0.499,0.451
574500,0.050,0.489,0.460
575000,0.050,0.481,0.469
575500,0.050,0.498,0.452
576000,0.050,0.470,0.480
576500,0.050,0.469,0.481
577000,0.050,0.533,0.417
577500,0.050,0.516,0.433
578000,0.050,0.546,0.403
578500,0.050,0.483,0.467
579000,0.050,0.372,0.578
579500,0.050,0.329,0.621
580000,0.050,0.409,0.541
580500,0.050,0.418,0.531
581000,0.050,0.498,0.451
581500,0.050,0.426,0.524
582000,0.050,0.394,0.556
582500,0.050,0.387,0.563
583000,0.050,0.422,0.528
583500,0.050,0.544,0.406
584000,0.050,0.475,0.474
584500,0.050,0.469,0.481
585000,0.050,0.462,0.488
585500,0.050,0.376,0.575
586000,0.050,0.495,0.455
586500,0.050,0.557,0.393
587000,0.050,0.438,0.512
587500,0.050,0.509,0.441
588000,0.050,0.546,0.404
588500,0.050,0.530,0.419
589000,0.050,0.457,0.493
589500,0.050,0.460,0.490
590000,0.050,0.516,0.434
590500,0.050,0.522,0.428
591000,0.050,0.487,0.463
591500,0.050,0.490,0.459
592000,0.050,0.495,0.454
592500,0.050,0.433,0.516
593000,0.050,0.500,0.450
593500,0.050,0.505,0.445
594000,0.050,0.508,0.442
594500,0.050,0.431,0.518
595000,0.050,0.460,0.490
595500,0.050,0.509,0.441
596000,0.050,0.604,0.346
596500,0.050,0.441,0.509
597000,0.050,0.401,0.549
597500,0.050,0.378,0.573
598000,0.050,0.510,0.440
598500,0.050,0.423,0.526
599000,0.050,0.473,0.477
599500,0.050,0.473,0.476
600000,0.050,0.551,0.399
600500,0.050,0.454,0.496
601000,0.050,0.450,0.500
601500,0.050,0.408,0.542
602000,0.050,0.448,0.502
602500,0.050,0.489,0.460
603000,0.050,0.496,0.454
603500,0.050,0.426,0.523
604000,0.050,0.419,0.531
604500,0.050,0.404,0.546
605000,0.050,0.445,0.505
605500,0.050,0.387,0.563
606000,0.050,0.412,0.537
606500,0.050,0.496,0.453
607000,0.050,0.499,0.451
607500,0.050,0.484,0.465
608000,0.050,0.533,0.416
608500,0.050,0.415,0.535
609000,0.050,0.494,0.455
609500,0.050,0.439,0.511
610000,0.050,0.473,0.477
610500,0.050,0.436,0.513
611000,0.050,0.337,0.613
611500,0.052,0.336,0.611
612000,0.050,0.411,0.538
612500,0.050,0.381,0.569
613000,0.050,0.490,0.460
613500,0.050,0.510,0.440
614000,0.050,0.407,0.542
614500,0.050,0.404,0.546
615000,0.050,0.442,0.508
615500,0.050,0.447,0.503
616000,0.050,0.433,0.517
616500,0.050,0.475,0.474
617000,0.050,0.407,0.542
617500,0.050,0.361,0.589
618000,0.050,0.404,0.546
618500,0.050,0.411,0.538
619000,0.050,0.406,0.544
619500,0.050,0.451,0.499
620000,0.050,0.401,0.549
620500,0.050,0.445,0.505
621000,0.050,0.449,0.501
621500,0.050,0.383,0.567
622000,0.050,0.400,0.550
622500,0.050,0.421,0.528
623000,0.058,0.399,0.543
623500,0.054,0.403,0.542
624000,0.050,0.404,0.546
624500,0.050,0.459,0.491
625000,0.050,0.422,0.528
625500,0.050,0.472,0.478
626000,0.050,0.444,0.506
626500,0.050,0.373,0.577
627000,0.050,0.429,0.520
627500,0.050,0.440,0.510
628000,0.050,0.453,0.497
628500,0.050,0.522,0.427
629000,0.050,0.468,0.482
629500,0.050,0.406,0.544
630000,0.050,0.500,0.450
630500,0.050,0.452,0.498
631000,0.050,0.417,0.532
631500,0.050,0.467,0.483
632000,0.050,0.449,0.501
632500,0.050,0.446,0.504
633000,0.050,0.460,0.490
633500,0.050,0.411,0.538
634000,0.050,0.379,0.571
634500,0.050,0.458,0.492
635000,0.050,0.524,0.425
635500,0.050,0.391,0.559
636000,0.050,0.457,0.493
636500,0.050,0.406,0.544
637000,0.050,0.432,0.517
637500,0.050,0.569,0.381
638000,0.050,0.454,0.496
638500,0.050,0.427,0.523
639000,0.050,0.433,0.517
639500,0.050,0.383,0.567
640000,0.050,0.470,0.480
640500,0.050,0.426,0.524
641000,0.050,0.515,0.435
641500,0.050,0.449,0.501
642000,0.050,0.432,0.517
642500,0.050,0.425,0.524
643000,0.050,0.457,0.493
643500,0.050,0.459,0.491
644000,0.050,0.411,0.538
644500,0.050,0.447,0.503
645000,0.050,0.434,0.516
645500,0.050,0.444,0.506
646000,0.050,0.432,0.518
646500,0.050,0.461,0.489
647000,0.050,0.449,0.501
647500,0.050,0.442,0.508
648000,0.050,0.467,0.483
648500,0.050,0.454,0.496
649000,0.050,0.500,0.450
649500,0.050,0.445,0.505
650000,0.050,0.497,0.453
650500,0.050,0.439,0.511
651000,0.053,0.347,0.599
651500,0.050,0.374,0.576
652000,0.050,0.467,0.483
652500,0.050,0.510,0.440
653000,0.050,0.472,0.477
653500,0.050,0.589,0.361
654000,0.050,0.542,0.408
654500,0.050,0.527,0.423
655000,0.050,0.534,0.416
655500,0.050,0.549,0.401
656000,0.050,0.538,0.411
656500,0.050,0.450,0.500
657000,0.050,0.454,0.496
657500,0.050,0.452,0.498
658000,0.050,0.515,0.434
658500,0.050,0.478,0.471
659000,0.050,0.396,0.554
659500,0.050,0.422,0.528
660000,0.050,0.374,0.575
660500,0.050,0.440,0.510
661000,0.050,0.499,0.450
661500,0.050,0.418,0.531
662000,0.050,0.448,0.502
662500,0.050,0.445,0.505
663000,0.050,0.412,0.538
663500,0.050,0.524,0.425
664000,0.050,0.514,0.436
664500,0.050,0.490,0.460
665000,0.050,0.484,0.465
665500,0.050,0.476,0.473
666000,0.050,0.447,0.503
666500,0.050,0.410,0.540
667000,0.050,0.354,0.595
667500,0.050,0.494,0.456
668000,0.050,0.486,0.464
668500,0.050,0.424,0.526
669000,0.050,0.480,0.469
669500,0.050,0.502,0.448
670000,0.050,0.531,0.419
670500,0.050,0.514,0.436
671000,0.050,0.455,0.495
671500,0.050,0.502,0.448
672000,0.050,0.479,0.470
672500,0.050,0.427,0.522
673000,0.050,0.416,0.534
673500,0.050,0.397,0.553
674000,0.050,0.438,0.512
674500,0.050,0.511,0.439
675000,0.050,0.473,0.476
675500,0.050,0.477,0.473
676000,0.050,0.548,0.402
676500,0.050,0.493,0.456
677000,0.050,0.443,0.507
677500,0.050,0.455,0.495
678000,0.050,0.487,0.462
678500,0.050,0.464,0.486
679000,0.050,0.466,0.484
679500,0.050,0.345,0.605
680000,0.050,0.434,0.515
680500,0.050,0.485,0.464
681000,0.050,0.510,0.440
681500,0.050,0.439,0.511
682000,0.050,0.526,0.423
682500,0.050,0.495,0.455
683000,0.050,0.517,0.432
683500,0.050,0.465,0.485
684000,0.050,0.450,0.500
684500,0.050,0.469,0.481
685000,0.050,0.461,0.489
685500,0.050,0.435,0.514
686000,0.050,0.382,0.568
686500,0.050,0.426,0.523
687000,0.050,0.484,0.465
687500,0.050,0.478,0.471
688000,0.050,0.439,0.511
688500,0.050,0.409,0.540
689000,0.050,0.495,0.455
689500,0.050,0.404,0.546
690000,0.050,0.423,0.526
690500,0.050,0.427,0.523
691000,0.050,0.352,0.597
691500,0.051,0.321,0.627
692000,0.051,0.385,0.564
692500,0.050,0.392,0.558
693000,0.050,0.390,0.560
693500,0.050,0.425,0.525
694000,0.050,0.522,0.428
694500,0.050,0.471,0.479
695000,0.050,0.441,0.509
695500,0.050,0.415,0.534
696000,0.050,0.530,0.419
696500,0.050,0.459,0.491
697000,0.050,0.376,0.574
697500,0.050,0.476,0.473
698000,0.050,0.422,0.528
698500,0.050,0.402,0.548
699000,0.050,0.430,0.520
699500,0.050,0.511,0.439
700000,0.050,0.425,0.524
700500,0.050,0.473,0.477
701000,0.050,0.467,0.483
701500,0.050,0.494,0.456
702000,0.050,0.450,0.500
702500,0.050,0.487,0.463
703000,0.050,0.542,0.408
703500,0.050,0.538,0.411
704000,0.050,0.497,0.453
704500,0.050,0.450,0.500
705000,0.050,0.452,0.498
705500,0.050,0.478,0.472
706000,0.050,0.542,0.407
706500,0.050,0.455,0.495
707000,0.050,0.444,0.506
707500,0.050,0.451,0.499
708000,0.050,0.539,0.410
708500,0.050,0.550,0.400
709000,0.050,0.447,0.503
709500,0.050,0.509,0.441
710000,0.050,0.504,0.446
710500,0.050,0.484,0.465
711000,0.050,0.439,0.511
711500,0.050,0.445,0.505
712000,0.050,0.438,0.512
712500,0.050,0.470,0.480
713000,0.050,0.400,0.550
713500,0.050,0.428,0.521
714000,0.050,0.463,0.487
714500,0.050,0.455,0.495
715000,0.050,0.442,0.508
715500,0.050,0.471,0.479
716000,0.050,0.513,0.437
716500,0.050,0.480,0.469
717000,0.050,0.465,0.485
717500,0.050,0.428,0.522
718000,0.050,0.488,0.462
718500,0.050,0.543,0.406
719000,0.050,0.451,0.499
719500,0.050,0.507,0.443
720000,0.050,0.453,0.497
720500,0.050,0.456,0.494
721000,0.051,0.433,0.516
721500,0.050,0.434,0.516
722000,0.050,0.387,0.563
722500,0.050,0.404,0.546
723000,0.050,0.408,0.542
723500,0.050,0.492,0.458
724000,0.050,0.501,0.449
724500,0.050,0.421,0.529
725000,0.050,0.499,0.451
725500,0.050,0.407,0.542
726000,0.050,0.372,0.577
726500,0.050,0.412,0.537
727000,0.050,0.406,0.543
727500,0.050,0.397,0.553
728000,0.050,0.531,0.419
728500,0.050,0.501,0.449
729000,0.050,0.475,0.475
729500,0.050,0.515,0.434
730000,0.050,0.474,0.475
730500,0.050,0.457,0.493
731000,0.050,0.584,0.366
731500,0.050,0.507,0.443
732000,0.050,0.454,0.496
732500,0.050,0.410,0.540
733000,0.050,0.379,0.571
733500,0.050,0.483,0.466
734000,0.050,0.459,0.491
734500,0.050,0.501,0.449
735000,0.050,0.503,0.447
735500,0.050,0.424,0.525
736000,0.050,0.406,0.544
736500,0.050,0.386,0.565
737000,0.050,0.406,0.544
737500,0.053,0.399,0.548
738000,0.050,0.462,0.488
738500,0.050,0.510,0.440
739000,0.050,0.459,0.491
739500,0.050,0.424,0.526
740000,0.050,0.364,0.585
740500,0.050,0.471,0.478
741000,0.050,0.433,0.517
741500,0.050,0.461,0.489
742000,0.050,0.520,0.429
742500,0.050,0.479,0.470
743000,0.050,0.418,0.532
743500,0.050,0.546,0.403
744000,0.050,0.445,0.505
744500,0.050,0.479,0.471
745000,0.050,0.445,0.505
745500,0.050,0.310,0.639
746000,0.050,0.483,0.466
746500,0.050,0.441,0.509
747000,0.050,0.470,0.479
747500,0.050,0.457,0.493
748000,0.050,0.502,0.448
748500,0.050,0.465,0.485
749000,0.050,0.424,0.526
749500,0.050,0.427,0.523
750000,0.050,0.429,0.521
750500,0.050,0.518,0.432
751000,0.050,0.451,0.499
751500,0.050,0.496,0.454
752000,0.050,0.415,0.535
752500,0.050,0.453,0.497
753000,0.050,0.441,0.509
753500,0.050,0.423,0.527
754000,0.050,0.592,0.358
754500,0.050,0.560,0.390
755000,0.050,0.485,0.465
755500,0.050,0.420,0.529
756000,0.050,0.416,0.533
756500,0.050,0.450,0.500
757000,0.050,0.493,0.457
757500,0.050,0.436,0.514
758000,0.050,0.449,0.501
758500,0.050,0.348,0.602
759000,0.050,0.430,0.520
759500,0.050,0.436,0.513
760000,0.050,0.488,0.461
760500,0.050,0.490,0.459
761000,0.050,0.422,0.528
761500,0.050,0.444,0.506
762000,0.050,0.461,0.489
762500,0.050,0.460,0.490
763000,0.050,0.480,0.470
763500,0.050,0.408,0.542
764000,0.050,0.429,0.521
764500,0.050,0.456,0.494
765000,0.050,0.439,0.511
765500,0.050,0.452,0.498
766000,0.050,0.445,0.505
766500,0.050,0.433,0.516
767000,0.050,0.454,0.496
767500,0.050,0.463,0.487
768000,0.050,0.493,0.457
768500,0.050,0.499,0.451
769000,0.050,0.432,0.518
769500,0.050,0.343,0.607
770000,0.050,0.365,0.585
770500,0.050,0.457,0.493
771000,0.050,0.505,0.445
771500,0.050,0.561,0.389
772000,0.050,0.523,0.427
772500,0.050,0.492,0.458
773000,0.050,0.491,0.459
773500,0.050,0.474,0.475
774000,0.050,0.389,0.561
774500,0.050,0.430,0.520
775000,0.050,0.482,0.468
775500,0.050,0.400,0.550
776000,0.050,0.376,0.575
776500,0.050,0.406,0.544
777000,0.050,0.457,0.493
777500,0.050,0.478,0.471
778000,0.050,0.489,0.460
778500,0.050,0.379,0.571
779000,0.050,0.471,0.479
779500,0.050,0.444,0.506
780000,0.050,0.489,0.460
780500,0.050,0.417,0.532
781000,0.050,0.478,0.471
781500,0.050,0.449,0.501
782000,0.050,0.476,0.474
782500,0.050,0.463,0.487
783000,0.050,0.357,0.593
783500,0.050,0.478,0.471
784000,0.050,0.518,0.432
784500,0.050,0.508,0.442
785000,0.050,0.430,0.519
785500,0.050,0.387,0.563
786000,0.050,0.427,0.522
786500,0.050,0.513,0.436
787000,0.050,0.441,0.509
787500,0.050,0.497,0.452
788000,0.050,0.458,0.492
788500,0.050,0.422,0.528
789000,0.050,0.459,0.491
789500,0.050,0.526,0.423
790000,0.050,0.561,0.388
790500,0.050,0.499,0.450
791000,0.050,0.515,0.435
791500,0.050,0.531,0.418
792000,0.050,0.459,0.491
792500,0.050,0.503,0.447
793000,0.050,0.534,0.415
793500,0.050,0.426,0.523
794000,0.050,0.385,0.565
794500,0.050,0.427,0.522
795000,0.050,0.599,0.351
795500,0.050,0.498,0.451
796000,0.050,0.527,0.422
796500,0.050,0.462,0.488
797000,0.050,0.494,0.455
797500,0.050,0.562,0.387
798000,0.050,0.455,0.495
798500,0.050,0.424,0.526
799000,0.050,0.462,0.488
799500,0.050,0.401,0.549
800000,0.050,0.501,0.449
800500,0.050,0.516,0.433
801000,0.050,0.460,0.490
801500,0.050,0.456,0.494
802000,0.050,0.425,0.524
802500,0.050,0.575,0.375
803000,0.050,0.529,0.420
803500,0.050,0.491,0.459
804000,0.050,0.451,0.499
804500,0.050,0.440,0.510
805000,0.050,0.479,0.470
805500,0.050,0.468,0.482
806000,0.050,0.504,0.446
806500,0.050,0.503,0.447
807000,0.050,0.483,0.466
807500,0.050,0.370,0.579
808000,0.050,0.390,0.560
808500,0.050,0.370,0.580
809000,0.051,0.392,0.557
809500,0.051,0.474,0.475
810000,0.050,0.426,0.523
810500,0.050,0.441,0.509
811000,0.050,0.426,0.524
811500,0.050,0.398,0.552
812000,0.050,0.501,0.449
812500,0.050,0.452,0.498
813000,0.050,0.520,0.429
813500,0.050,0.400,0.550
814000,0.050,0.442,0.508
814500,0.050,0.481,0.468
815000,0.050,0.412,0.538
815500,0.050,0.478,0.471
816000,0.050,0.478,0.471
816500,0.050,0.500,0.450
817000,0.050,0.457,0.493
817500,0.050,0.499,0.451
818000,0.050,0.457,0.493
818500,0.050,0.458,0.492
819000,0.050,0.526,0.423
819500,0.050,0.414,0.536
820000,0.050,0.465,0.485
820500,0.050,0.509,0.441
821000,0.050,0.535,0.414
821500,0.050,0.504,0.446
822000,0.050,0.484,0.466
822500,0.050,0.548,0.402
823000,0.050,0.355,0.595
823500,0.050,0.450,0.500
824000,0.050,0.397,0.553
824500,0.050,0.428,0.522
825000,0.050,0.479,0.470
825500,0.050,0.493,0.456
826000,0.050,0.420,0.529
826500,0.050,0.491,0.458
827000,0.050,0.557,0.393
827500,0.050,0.465,0.485
828000,0.050,0.467,0.483
828500,0.050,0.474,0.475
829000,0.050,0.438,0.512
829500,0.050,0.406,0.544
830000,0.050,0.485,0.465
830500,0.050,0.401,0.549
831000,0.050,0.372,0.577
831500,0.050,0.378,0.572
832000,0.050,0.451,0.499
832500,0.050,0.532,0.418
833000,0.050,0.511,0.439
833500,0.050,0.475,0.475
834000,0.050,0.492,0.458
834500,0.050,0.474,0.476
835000,0.050,0.484,0.466
835500,0.050,0.427,0.523
836000,0.050,0.429,0.520
836500,0.050,0.429,0.520
837000,0.050,0.500,0.450
837500,0.050,0.375,0.575
838000,0.050,0.401,0.549
838500,0.050,0.396,0.554
839000,0.050,0.432,0.518
839500,0.050,0.500,0.450
840000,0.050,0.414,0.535
840500,0.050,0.405,0.545
841000,0.050,0.396,0.554
841500,0.050,0.378,0.573
842000,0.050,0.420,0.529
842500,0.050,0.356,0.593
843000,0.051,0.422,0.526
843500,0.051,0.350,0.599
844000,0.050,0.395,0.555
844500,0.050,0.369,0.581
845000,0.050,0.381,0.569
845500,0.050,0.320,0.630
846000,0.050,0.482,0.468
846500,0.050,0.446,0.504
847000,0.050,0.429,0.520
847500,0.050,0.449,0.501
848000,0.050,0.475,0.475
848500,0.050,0.438,0.512
849000,0.050,0.515,0.434
849500,0.050,0.542,0.407
850000,0.050,0.427,0.523
850500,0.050,0.359,0.591
851000,0.050,0.418,0.531
851500,0.050,0.431,0.518
852000,0.050,0.456,0.494
852500,0.050,0.395,0.555
853000,0.050,0.462,0.488
853500,0.050,0.488,0.461
854000,0.050,0.415,0.535
854500,0.050,0.397,0.553
855000,0.050,0.389,0.561
855500,0.050,0.480,0.469
856000,0.050,0.453,0.497
856500,0.050,0.422,0.528
857000,0.050,0.498,0.452
857500,0.050,0.529,0.420
858000,0.050,0.467,0.483
858500,0.050,0.485,0.465
859000,0.050,0.442,0.508
859500,0.050,0.488,0.461
860000,0.050,0.458,0.492
860500,0.050,0.397,0.553
861000,0.050,0.376,0.575
861500,0.050,0.408,0.541
862000,0.050,0.479,0.471
862500,0.050,0.496,0.453
863000,0.050,0.546,0.404
863500,0.050,0.530,0.419
864000,0.050,0.481,0.469
864500,0.050,0.537,0.413
865000,0.050,0.518,0.432
865500,0.050,0.457,0.493
866000,0.050,0.383,0.567
866500,0.050,0.404,0.546
867000,0.050,0.431,0.518
867500,0.050,0.459,0.491
868000,0.050,0.425,0.525
868500,0.050,0.391,0.559
869000,0.050,0.474,0.476
869500,0.050,0.451,0.499
870000,0.050,0.469,0.481
870500,0.050,0.464,0.486
871000,0.050,0.424,0.526
871500,0.050,0.489,0.460
872000,0.050,0.512,0.438
872500,0.050,0.439,0.511
873000,0.050,0.455,0.495
873500,0.050,0.458,0.492
874000,0.050,0.465,0.485
874500,0.050,0.419,0.531
875000,0.050,0.408,0.542
875500,0.050,0.447,0.503
876000,0.050,0.473,0.476
876500,0.050,0.461,0.489
877000,0.050,0.512,0.438
877500,0.050,0.500,0.450
878000,0.050,0.484,0.465
878500,0.050,0.434,0.516
879000,0.050,0.498,0.451
879500,0.050,0.514,0.435
880000,0.050,0.530,0.420
880500,0.050,0.524,0.426
881000,0.050,0.492,0.457
881500,0.050,0.429,0.520
882000,0.050,0.472,0.478
882500,0.050,0.400,0.550
883000,0.050,0.497,0.452
883500,0.050,0.425,0.525
884000,0.050,0.469,0.480
884500,0.050,0.471,0.479
885000,0.050,0.454,0.496
885500,0.050,0.524,0.425
886000,0.050,0.476,0.473
886500,0.050,0.409,0.541
887000,0.050,0.438,0.512
887500,0.050,0.428,0.521
888000,0.050,0.399,0.551
888500,0.050,0.360,0.590
889000,0.050,0.456,0.494
889500,0.050,0.452,0.498
890000,0.050,0.470,0.480
890500,0.050,0.550,0.400
891000,0.050,0.470,0.480
891500,0.050,0.442,0.508
892000,0.050,0.389,0.561
892500,0.050,0.428,0.522
893000,0.050,0.473,0.476
893500,0.050,0.483,0.467
894000,0.050,0.554,0.395
894500,0.050,0.533,0.417
895000,0.050,0.421,0.528
895500,0.050,0.444,0.506
896000,0.050,0.467,0.483
896500,0.050,0.464,0.486
897000,0.050,0.457,0.493
897500,0.050,0.438,0.512
898000,0.050,0.438,0.512
898500,0.050,0.410,0.540
899000,0.050,0.466,0.484
899500,0.050,0.401,0.549
900000,0.050,0.445,0.505
900500,0.050,0.486,0.463
901000,0.050,0.463,0.487
901500,0.050,0.463,0.487
902000,0.050,0.477,0.472
902500,0.050,0.432,0.517
903000,0.050,0.491,0.459
903500,0.050,0.542,0.408
904000,0.050,0.456,0.494
904500,0.050,0.382,0.568
905000,0.050,0.328,0.622
905500,0.050,0.452,0.498
906000,0.050,0.399,0.551
906500,0.050,0.445,0.505
907000,0.050,0.392,0.558
907500,0.051,0.384,0.566
908000,0.050,0.529,0.420
908500,0.050,0.494,0.455
909000,0.050,0.484,0.466
909500,0.050,0.469,0.481
910000,0.050,0.481,0.469
910500,0.050,0.445,0.505
911000,0.050,0.432,0.517
911500,0.050,0.357,0.593
912000,0.050,0.434,0.515
912500,0.050,0.494,0.455
913000,0.050,0.521,0.429
913500,0.050,0.483,0.466
914000,0.050,0.514,0.435
914500,0.050,0.462,0.488
915000,0.050,0.517,0.433
915500,0.050,0.517,0.433
916000,0.050,0.388,0.562
916500,0.050,0.387,0.563
917000,0.050,0.476,0.474
917500,0.050,0.407,0.543
918000,0.050,0.444,0.506
918500,0.050,0.368,0.582
919000,0.050,0.382,0.569
919500,0.050,0.432,0.517
920000,0.050,0.393,0.557
920500,0.050,0.476,0.474
921000,0.050,0.496,0.454
921500,0.050,0.494,0.456
922000,0.050,0.458,0.492
922500,0.050,0.531,0.418
923000,0.050,0.514,0.435
923500,0.050,0.421,0.529
924000,0.050,0.424,0.525
924500,0.050,0.404,0.546
925000,0.050,0.439,0.511
925500,0.050,0.437,0.513
926000,0.050,0.457,0.493
926500,0.050,0.507,0.443
927000,0.050,0.456,0.494
927500,0.050,0.487,0.463
928000,0.050,0.455,0.495
928500,0.050,0.476,0.474
929000,0.050,0.533,0.416
929500,0.050,0.470,0.479
930000,0.050,0.466,0.484
930500,0.050,0.436,0.513
931000,0.050,0.497,0.452
931500,0.050,0.364,0.586
932000,0.050,0.337,0.613
932500,0.050,0.383,0.567
933000,0.050,0.408,0.541
933500,0.050,0.435,0.515
934000,0.050,0.499,0.450
934500,0.050,0.439,0.511
935000,0.050,0.469,0.480
935500,0.050,0.526,0.423
936000,0.050,0.469,0.480
936500,0.050,0.412,0.538
937000,0.050,0.386,0.565
937500,0.050,0.422,0.527
938000,0.050,0.464,0.486
938500,0.050,0.438,0.512
939000,0.050,0.386,0.564
939500,0.050,0.430,0.519
940000,0.050,0.421,0.528
940500,0.050,0.442,0.508
941000,0.050,0.554,0.395
941500,0.050,0.501,0.449
942000,0.050,0.455,0.495
942500,0.050,0.422,0.527
943000,0.050,0.537,0.412
943500,0.050,0.539,0.410
944000,0.050,0.488,0.462
944500,0.050,0.513,0.437
945000,0.050,0.450,0.500
945500,0.050,0.437,0.513
946000,0.050,0.400,0.550
946500,0.050,0.440,0.510
947000,0.050,0.517,0.433
947500,0.050,0.590,0.360
948000,0.050,0.536,0.413
948500,0.050,0.433,0.516
949000,0.050,0.449,0.501
949500,0.050,0.485,0.464
950000,0.050,0.477,0.473
950500,0.050,0.548,0.402
951000,0.050,0.515,0.435
951500,0.050,0.509,0.441
952000,0.050,0.420,0.529
952500,0.050,0.515,0.435
953000,0.050,0.466,0.484
953500,0.050,0.462,0.488
954000,0.050,0.444,0.506
954500,0.050,0.455,0.495
955000,0.050,0.461,0.489
955500,0.050,0.464,0.486
956000,0.050,0.471,0.479
956500,0.050,0.499,0.451
957000,0.050,0.480,0.470
957500,0.050,0.399,0.551
958000,0.050,0.426,0.523
958500,0.050,0.417,0.532
959000,0.050,0.441,0.509
959500,0.050,0.421,0.528
960000,0.050,0.468,0.482
960500,0.050,0.461,0.489
961000,0.050,0.451,0.499
961500,0.050,0.550,0.400
962000,0.050,0.427,0.522
962500,0.050,0.473,0.476
963000,0.050,0.515,0.434
963500,0.050,0.474,0.476
964000,0.050,0.440,0.510
964500,0.050,0.416,0.533
965000,0.050,0.456,0.494
965500,0.050,0.406,0.544
966000,0.050,0.430,0.520
966500,0.050,0.405,0.545
967000,0.050,0.409,0.540
967500,0.050,0.429,0.521
968000,0.050,0.460,0.490
968500,0.050,0.456,0.494
969000,0.050,0.443,0.507
969500,0.050,0.487,0.463
970000,0.050,0.488,0.462
970500,0.050,0.401,0.549
971000,0.050,0.476,0.474
971500,0.050,0.487,0.462
972000,0.050,0.456,0.494
972500,0.050,0.422,0.527
973000,0.050,0.456,0.494
973500,0.050,0.440,0.510
974000,0.050,0.501,0.449
974500,0.050,0.561,0.389
975000,0.050,0.459,0.491
975500,0.050,0.477,0.473
976000,0.050,0.564,0.386
976500,0.050,0.434,0.515
977000,0.050,0.441,0.509
977500,0.050,0.334,0.616
978000,0.050,0.423,0.526
978500,0.050,0.422,0.527
979000,0.050,0.499,0.451
979500,0.050,0.417,0.532
980000,0.050,0.400,0.550
980500,0.050,0.411,0.538
981000,0.050,0.464,0.486
981500,0.050,0.392,0.558
982000,0.050,0.420,0.529
982500,0.050,0.372,0.577
983000,0.050,0.458,0.492
983500,0.050,0.474,0.475
984000,0.050,0.485,0.464
984500,0.050,0.440,0.510
985000,0.050,0.397,0.553
985500,0.050,0.364,0.585
986000,0.054,0.333,0.613
986500,0.051,0.415,0.533
987000,0.050,0.466,0.484
987500,0.050,0.495,0.455
988000,0.050,0.472,0.477
988500,0.050,0.400,0.550
989000,0.050,0.421,0.529
989500,0.050,0.427,0.523
990000,0.050,0.460,0.490
990500,0.050,0.450,0.500
991000,0.050,0.403,0.547
991500,0.050,0.448,0.502
992000,0.050,0.420,0.529
992500,0.050,0.580,0.370
993000,0.050,0.470,0.480
993500,0.050,0.416,0.534
994000,0.050,0.428,0.521
994500,0.050,0.472,0.477
995000,0.050,0.448,0.502
995500,0.050,0.422,0.528
996000,0.050,0.445,0.505
996500,0.050,0.354,0.595
997000,0.050,0.461,0.489
997500,0.050,0.450,0.500
998000,0.050,0.439,0.511
998500,0.050,0.416,0.533
999000,0.050,0.462,0.488
999500,0.050,0.458,0.492
1000000,0.050,0.442,0.508
